V1,V6,V7,V9,V10,V11,V12,V13,V14,V15,V17,V18,V19,V20,V21,V22,V23,V24,V25,V26,V27,V30,V33,V34,V35,V36,V37,V38,V39,V40,V41,V42,V43,V45,V46,V47,V48,V53,V54,V55,V56,V57,V58,V59,V60,V63,V67,V70,V72,V74,V75,V76,V77,V78,V79,V80,V82,V83,V84,V86,V88,V91,V92,V93,V95,V97,V99,V100,V102,V103,V105,V106,V107,V108,V109,V110,V111,V112,V113,V114,V117,V118,V119,V120,V122,V123,V125,V126,V129,V130,V131,V132,V133,V134,V135,V137,V138,V139,V140,V141,V142,class,single_out
0,0,0,1,0,0,0,-0.542053,0,0,0,0,0,0,0,1,-0.354853,0,0,0,0,0,0,0,0,0,0,0,0,0,0,0,1.57655,4,0,1,0,0,1,1,0.890294,0,0,-0.780075,0,0,0,0,0,0,0,0,0,0,0,1,0,0,0,0,0,0,0,0,0,0,0,0,0,0,0,0,0,0,0,0,0,0,0,0,0,0,0,0,0,0,0,-0.734304,0,0,-0.634301,0,0,0,0,1,0,0,0,0,0,1,1
0,0,0,0,0,0,0,-0.621541,0,0,0,1,0,0,1,1,-0.831213,0,0,0,0,0,0,0,0,0,0,0,0,0,0,0,1.00446,3,0,0,0,0,0,0,1.178637,0,0,-0.677045,0,0,0,0,0,0,1,0,0,0,0,0,0,0,0,0,0,0,1,0,0,0,0,0,0,0,1,0,0,0,0,0,0,0,0,0,0,0,0,0,0,0,0,-0.538552,0,0,-0.620011,0,0,0,0,0,0,0,1,0,0,1,1
0,0,0,0,0,0,0,-0.633736,0,0,0,0,0,0,0,0,-0.5715,0,0,0,0,0,0,0,0,0,0,0,0,0,0,0,1.11037,1,0,0,0,0,0,0,0.212121,0,0,-0.633644,0,0,0,0,0,0,0,0,0,0,0,0,0,0,0,0,0,0,0,0,1,0,0,0,0,0,0,0,0,0,0,0,0,0,0,0,0,0,0,0,0,0,0,-0.559658,0,0,-0.687457,0,0,0,0,1,0,0,0,0,0,0,1
0,0,0,0,0,0,0,-0.613167,0,0,0,0,0,0,0,0,-0.728311,0,0,0,0,0,0,0,0,0,0,0,0,0,1,0,0.77127,0,0,0,0,0,0,0,0.169547,0,0,-0.56769,0,0,0,0,0,0,0,0,0,0,0,0,0,0,0,0,0,0,0,0,0,0,0,0,0,0,1,0,0,0,0,0,0,0,0,0,0,0,0,0,0,0,0,-0.875777,0,0,-0.195877,0,0,0,0,0,0,0,0,0,0,0,1
0,0,0,0,0,0,0,-0.730896,0,0,0,0,0,0,0,1,-0.552331,0,0,0,0,0,0,0,0,0,0,0,0,0,1,0,1.6409,1,0,0,0,0,0,0,0.831998,0,0,-0.792991,0,1,0,0,0,0,0,0,0,0,0,0,0,0,0,0,0,0,0,0,0,0,0,0,0,0,0,0,0,0,0,0,0,0,0,0,0,0,0,0,0,0,0,-0.630422,0,0,-0.534312,0,0,0,0,0,0,0,0,0,0,1,1
0,0,0,1,0,0,0,-0.659415,0,0,0,0,0,0,0,0,-0.773486,0,0,0,0,0,0,0,0,0,0,0,0,0,0,0,0.95887,0,0,0,1,0,1,0,0.500806,0,0,-0.621833,0,0,0,0,0,0,0,0,0,0,0,0,0,0,0,0,0,0,0,0,0,0,0,0,0,0,1,0,0,0,0,0,0,0,0,0,0,0,0,0,0,0,0,-0.056628,0,0,-0.693816,0,0,0,0,0,0,0,0,0,0,1,1
0,0,0,0,0,0,0,-0.686608,0,1,0,0,0,0,0,0,-0.554007,0,0,0,0,0,0,0,0,0,0,0,0,0,0,0,1.05619,0,0,0,0,0,0,0,1.261837,0,0,-0.691485,0,0,0,0,0,0,0,0,0,0,0,0,0,0,0,0,0,0,0,1,0,0,0,0,0,0,0,0,0,0,0,0,0,0,0,0,0,0,1,0,0,0,0,-0.7643,0,0,-0.681906,0,0,0,0,0,0,0,0,0,0,1,1
0,0,0,0,0,0,0,-0.532426,0,0,0,0,0,0,0,0,-0.796146,0,0,0,0,0,0,0,0,0,0,0,0,0,0,0,1.17328,4,0,0,0,0,0,0,1.458074,0,0,-0.714109,0,0,0,0,0,0,0,0,0,1,0,0,0,0,0,0,0,0,0,0,0,0,0,0,0,0,0,0,0,0,0,0,0,0,0,0,0,0,0,0,0,0,0,-0.695753,0,0,-0.786611,0,0,0,0,0,0,0,1,0,0,1,1
0,0,0,0,0,0,0,-0.708174,0,0,0,0,0,0,0,0,-0.576374,0,0,0,0,0,0,0,0,0,0,0,0,0,0,0,1.12505,0,0,0,0,1,0,0,0.647318,0,0,-0.659405,0,0,0,0,0,0,0,0,0,0,0,0,0,0,0,0,0,0,0,0,0,0,0,0,0,0,0,0,0,0,0,0,0,0,0,0,0,0,0,0,0,0,0,-0.800713,0,0,-0.520118,0,0,0,0,0,0,0,0,0,0,0,1
0,0,0,1,0,0,0,-0.655706,0,0,0,0,0,0,0,0,-0.649077,0,0,0,1,0,0,0,0,0,0,0,0,0,0,0,1.16518,0,0,0,0,0,0,0,0.631073,0,0,-0.594455,0,0,0,0,0,0,1,0,0,0,0,0,0,0,0,0,0,0,0,0,0,1,1,0,0,0,1,0,0,0,0,0,0,0,0,0,0,0,0,0,0,0,0,-0.550868,0,0,-0.525766,0,0,0,0,0,0,0,0,0,0,1,1
0,0,0,0,0,0,0,-0.639611,0,0,1,0,0,0,0,0,-0.714894,0,0,0,0,0,0,0,0,0,0,0,0,0,0,0,2.0087,4,0,0,0,0,0,0,1.448699,0,0,-0.794398,0,0,0,0,0,0,0,0,0,0,0,0,0,0,0,0,0,0,0,0,0,0,0,0,0,0,0,0,0,0,0,0,0,0,0,0,0,0,0,0,0,0,0,-0.613607,0,0,-0.659604,0,0,0,0,1,0,0,0,0,0,1,1
0,0,0,0,0,0,0,-0.271042,0,0,0,0,0,0,1,0,-0.519812,0,0,0,1,0,0,0,0,0,0,0,0,1,0,0,1.65145,2,0,0,0,0,0,0,0.447745,0,0,-0.827299,0,1,0,0,1,0,0,0,0,0,0,0,0,0,0,0,0,0,0,0,0,0,0,0,0,0,1,0,0,0,0,0,1,0,0,0,0,0,0,0,0,0,0,-0.762289,0,0,-0.756549,0,0,0,0,0,0,0,0,0,0,1,1
0,0,0,0,0,0,0,-0.605215,0,1,0,0,0,0,0,0,-0.699064,0,0,0,0,0,0,0,0,0,0,0,0,0,0,0,1.13052,1,0,0,0,0,0,0,0.536818,0,0,-0.703833,0,0,0,0,0,0,0,0,0,0,0,0,0,1,0,0,0,0,0,0,1,0,0,0,0,0,0,0,1,0,0,0,0,0,0,0,0,0,0,0,0,0,0,-0.6838,0,0,-0.78122,0,0,0,0,0,0,0,0,0,0,1,1
0,0,0,0,0,0,0,-0.557925,0,0,0,0,0,0,1,0,-0.69723,0,0,0,0,0,0,0,0,0,0,0,0,0,0,0,1.80742,4,0,0,0,0,0,0,1.182734,0,0,-0.825619,0,0,0,0,0,0,0,0,0,0,0,0,0,0,0,0,0,0,1,0,0,0,0,0,0,0,1,0,0,0,0,0,0,0,0,0,0,0,0,0,0,0,0,-0.634141,0,0,-0.692319,0,0,0,1,0,0,0,0,0,0,1,1
0,0,0,0,0,0,0,-0.785708,0,0,0,0,0,0,0,1,-0.583622,0,0,0,0,0,0,1,0,0,0,0,0,0,0,0,1.8231,2,0,0,0,0,0,0,0.864365,0,0,-0.807523,0,1,0,0,0,0,0,0,0,0,0,1,1,0,0,0,0,0,0,0,0,1,0,0,0,0,0,0,0,0,0,0,0,0,0,0,0,0,0,0,0,0,0,-0.479316,0,0,-0.645801,0,0,0,0,0,0,0,0,0,0,0,1
0,0,0,0,0,0,0,-0.604661,0,0,0,0,0,0,0,0,-0.796612,0,0,0,0,0,0,0,0,0,1,0,0,0,1,0,0.58941,0,0,0,0,1,0,0,0.637082,0,0,-0.521206,0,0,0,0,0,0,0,0,0,0,0,0,0,0,0,0,1,0,0,0,0,0,0,0,0,0,0,0,0,0,0,0,0,0,0,0,0,0,0,0,0,0,0,-0.618713,0,0,-0.617393,0,0,0,0,0,0,0,1,0,0,0,1
0,0,0,0,0,0,0,-0.726209,0,0,0,0,0,0,0,1,-0.477938,0,0,0,0,0,0,0,0,0,0,0,0,0,0,0,1.77973,1,0,0,0,0,0,0,0.573226,0,0,-0.598595,0,0,0,0,0,0,0,0,0,0,1,0,0,0,0,0,0,0,0,0,0,1,0,0,0,0,1,0,0,0,0,0,0,0,0,0,0,0,0,0,0,0,0,-0.740515,0,0,-0.780598,0,0,0,0,0,0,0,0,0,0,1,1
0,0,0,0,0,0,0,-0.557612,0,0,0,0,0,0,0,0,-0.694994,0,0,0,0,0,0,0,0,0,0,0,0,0,0,0,0.78398,0,0,0,0,0,0,0,1.052558,0,0,-0.555792,0,0,0,0,0,0,0,0,0,0,0,0,0,0,0,0,0,0,0,0,0,0,0,0,0,0,0,0,1,0,0,0,0,0,0,0,0,0,0,0,0,0,0,-0.64111,0,0,-0.654793,0,0,0,0,0,0,0,0,0,0,0,1
0,0,0,0,0,0,0,-0.703939,0,0,0,0,0,0,0,1,-0.684124,0,0,0,0,0,0,0,0,0,0,0,0,0,1,0,1.11917,5,0,0,0,0,0,0,0.626353,0,0,-0.71745,0,0,0,0,0,0,0,0,0,0,0,0,0,0,0,0,0,0,0,0,0,0,0,0,0,0,1,0,0,0,0,0,0,0,0,0,0,0,0,0,0,0,0,-0.710344,0,0,-0.69345,0,1,0,0,0,1,0,0,0,0,1,1
0,0,0,0,0,0,0,-0.618843,0,0,0,0,0,0,0,0,-0.324694,0,0,0,0,0,0,0,0,0,0,0,0,0,0,0,1.07759,0,0,0,0,0,1,0,0.34794,0,0,-0.673945,0,0,0,0,0,0,0,0,0,0,0,1,0,1,0,0,0,0,0,0,1,0,0,0,0,0,0,0,0,0,0,0,0,0,0,0,0,0,0,0,0,0,0,-0.543819,0,0,-0.665333,0,0,0,0,0,0,0,0,0,0,0,1
0,0,0,0,0,0,0,-0.699687,0,0,0,1,0,0,0,0,-0.704078,0,0,0,0,0,0,0,0,0,0,0,0,0,0,0,1.31317,1,0,0,0,0,0,0,1.050723,0,0,-0.728207,0,0,0,0,0,0,0,0,0,0,0,0,0,0,0,0,0,0,0,0,0,0,0,0,0,0,0,0,1,0,0,0,0,0,0,0,0,0,0,0,0,0,0,-0.475686,0,0,-0.723192,0,0,0,0,0,1,0,0,0,0,1,1
0,0,0,1,0,0,0,-0.654341,0,0,0,0,0,0,0,0,-0.245005,0,0,0,0,0,0,0,0,0,0,0,0,0,0,0,1.32058,2,0,0,0,0,0,0,0.699817,0,0,-0.745475,0,0,0,0,0,0,0,0,0,0,0,0,0,0,0,0,0,0,0,0,0,0,0,0,0,0,0,0,0,0,0,0,0,0,0,0,0,0,0,0,0,0,0,-0.55333,0,0,-0.657671,1,0,0,0,0,0,0,0,0,0,0,1
0,0,0,0,0,0,0,-0.513596,0,0,0,0,0,0,0,0,-0.659959,0,0,0,0,0,0,0,0,0,0,0,0,0,1,0,0.95685,3,0,0,0,0,0,0,1.300213,0,0,-0.646449,0,0,0,0,0,0,0,0,0,0,0,0,0,0,0,0,0,0,0,0,0,1,0,0,0,0,0,0,1,0,0,0,0,0,0,0,0,0,0,0,0,0,0,-0.487076,0,0,-0.791342,0,0,0,0,0,0,0,0,0,0,1,1
0,0,0,0,0,0,0,-0.598842,0,0,0,0,0,0,0,0,-0.63263,0,0,0,0,0,0,0,0,0,0,0,0,0,0,0,1.46855,4,0,0,0,0,0,0,1.282539,0,0,-0.761016,0,0,0,0,0,0,0,0,0,0,0,0,0,0,0,0,0,0,0,0,0,0,0,0,0,0,0,0,0,0,0,0,0,0,0,0,0,0,0,0,0,0,0,-0.540066,0,0,-0.665447,0,0,0,0,0,0,0,0,1,0,1,1
0,0,0,0,0,0,0,-0.771232,0,0,0,0,0,0,0,0,-0.69837,0,0,0,0,0,0,0,0,0,0,0,0,0,0,0,1.17918,4,0,0,0,0,0,0,1.565241,0,0,-0.718121,0,0,0,0,0,0,0,0,0,0,0,0,0,0,0,0,0,0,0,1,0,0,0,0,0,0,0,0,0,0,0,0,0,0,0,0,0,0,0,0,0,0,0,-0.622796,0,0,-0.778805,0,0,0,0,0,0,0,0,0,0,1,1
0,0,0,0,0,0,0,-0.797445,0,0,0,0,0,0,0,0,-0.718518,0,0,1,0,0,0,0,0,0,0,0,0,0,0,0,0.9635,0,0,0,0,0,0,0,0.489735,0,0,-0.632896,0,0,0,0,0,0,0,0,0,0,0,0,0,0,0,0,0,0,0,0,0,0,1,0,0,0,0,0,0,0,0,0,0,0,0,0,0,0,0,0,0,0,0,-0.510089,0,0,-0.561097,0,0,0,0,0,0,0,0,0,0,0,1
0,0,0,1,0,0,0,-0.811641,0,0,0,0,0,0,0,0,-0.517701,0,0,0,0,0,0,0,0,0,0,0,0,0,1,0,1.10618,0,0,0,0,0,0,0,0.577358,0,0,-0.6647,0,0,0,0,0,0,0,0,0,0,0,0,0,0,0,0,0,0,0,0,0,0,0,0,0,0,0,0,0,0,0,0,0,0,0,0,0,0,0,0,0,0,0,-0.464531,0,0,-0.685582,0,0,0,0,0,0,0,0,0,0,0,1
0,0,0,0,0,0,0,-0.709868,0,0,0,0,0,0,0,0,-0.689371,0,0,0,0,0,0,0,0,0,0,0,0,0,0,0,0.86878,0,0,0,0,0,0,0,0.259173,0,0,-0.639799,0,0,0,0,0,0,0,0,0,0,0,0,0,0,0,0,0,0,0,1,1,0,0,0,0,0,0,0,0,0,0,0,0,0,0,1,0,0,0,0,0,0,0,-0.698651,0,0,-0.578263,0,0,0,0,0,0,0,0,1,0,0,1
0,0,0,0,0,0,0,-0.592225,0,0,0,0,0,0,0,0,-0.575322,0,0,0,0,0,0,0,0,0,0,0,0,0,0,0,1.84031,2,0,0,0,0,0,0,0.452313,0,0,4.421921,0,0,0,0,0,1,0,0,0,0,0,0,0,0,0,0,0,0,0,0,0,0,0,0,0,0,0,0,0,1,0,0,0,0,0,0,0,0,0,0,0,0,0,-0.657795,0,0,-0.829505,0,0,0,0,1,0,0,1,0,0,0,1
0,0,0,0,0,0,1,-0.543045,0,0,0,0,0,0,0,0,-0.603628,0,0,0,0,0,0,0,0,0,0,0,0,0,0,0,0.885,0,0,0,0,0,0,0,1.075817,0,0,-0.612847,0,0,0,0,0,0,0,0,0,0,0,0,0,0,0,0,0,0,0,0,0,1,0,0,0,0,0,0,0,0,0,0,0,0,0,0,0,0,0,0,0,0,0,-0.655279,0,0,-0.716934,0,0,0,0,0,0,0,0,0,0,0,1
0,0,0,0,0,0,0,-0.573614,0,0,0,0,0,0,0,0,-0.610691,0,0,0,0,0,0,0,0,0,0,0,0,0,0,0,1.31343,2,0,0,0,0,0,0,2.329099,0,0,-0.742266,1,0,0,0,0,0,0,0,0,0,0,0,0,0,0,0,0,0,0,1,0,0,0,0,0,0,0,0,0,0,0,0,0,0,0,0,0,0,0,0,0,0,0,-0.818073,0,0,-0.716679,0,0,0,0,0,0,0,0,0,0,1,1
0,0,0,1,0,0,0,-0.646882,0,0,1,0,1,0,0,0,-0.587312,0,0,0,0,0,0,0,0,0,0,0,0,0,0,1,1.8794,7,0,1,0,1,0,0,1.040348,0,0,-0.81903,0,0,0,0,0,0,0,0,0,0,0,0,0,0,1,0,0,0,0,0,0,0,0,0,0,0,0,0,0,0,0,0,0,0,0,0,0,0,0,0,0,0,0,-0.70146,0,0,-0.535449,0,0,0,0,0,0,0,0,0,0,0,1
0,0,0,0,0,0,0,-0.564817,1,0,0,0,0,0,0,0,-0.689231,0,0,0,0,0,0,0,0,0,0,0,0,0,0,0,1.29715,9,0,0,0,0,0,0,1.910705,0,0,-0.73611,0,0,0,0,0,0,0,0,0,0,0,0,0,0,0,0,0,0,0,1,0,0,1,0,0,0,0,0,0,0,0,0,0,0,0,0,0,0,0,0,0,0,0,-0.635288,0,0,-0.537377,0,0,0,0,0,0,0,0,0,0,1,1
0,0,0,0,0,0,0,-0.709799,0,0,0,0,0,0,0,1,-0.690753,0,0,0,0,0,0,0,0,0,0,0,0,0,0,0,1.14726,2,0,0,0,0,1,0,1.183494,0,0,-0.71247,1,0,0,0,0,0,0,0,0,0,0,0,0,0,0,0,0,0,0,0,0,1,0,0,0,0,0,0,0,0,0,0,0,0,0,0,0,0,0,0,0,0,0,-0.67591,0,0,-0.738689,0,0,0,0,0,0,0,0,0,0,1,1
0,0,0,0,0,0,0,-0.782075,0,0,0,0,0,0,0,0,-0.675839,0,0,0,0,0,0,0,0,0,0,0,0,0,1,0,1.3055,1,0,0,0,0,0,0,0.739304,0,0,-0.705194,0,0,0,0,0,0,0,0,0,0,0,0,0,0,0,0,0,0,0,0,0,0,0,0,0,0,0,0,0,0,0,0,0,0,0,0,0,0,0,0,0,0,0,-0.586106,0,0,-0.653647,0,0,0,0,0,0,0,0,0,0,0,1
0,0,0,0,0,0,0,-0.753074,0,0,0,0,0,0,0,0,-0.692937,0,0,0,0,0,0,0,1,0,0,0,0,0,0,0,1.83512,4,0,0,0,0,0,0,1.025126,0,0,-0.817857,0,0,0,0,1,0,0,0,0,0,0,0,0,0,0,0,0,1,0,0,0,1,0,0,0,0,0,0,0,0,0,0,0,0,0,0,0,0,0,0,0,0,0,-0.801666,0,0,-0.65141,0,0,0,0,0,1,0,1,0,0,1,1
0,0,0,0,0,0,0,-0.626547,0,0,0,0,0,0,0,1,-0.800804,0,0,0,0,0,0,0,0,0,0,0,0,0,0,0,0.75061,0,0,0,0,0,0,0,0.398089,0,0,-0.547306,0,0,0,0,0,0,0,0,0,0,0,0,0,0,0,0,0,0,0,0,1,0,0,0,0,0,0,0,1,0,0,0,0,0,0,0,0,0,0,0,0,0,0,-0.685495,0,0,-0.605301,0,0,0,0,0,0,0,0,0,0,0,1
0,0,0,0,0,0,1,-0.651717,0,0,0,0,1,0,0,0,-0.582482,0,0,0,0,0,0,0,0,0,0,0,0,0,0,0,0.99499,0,0,0,0,0,0,0,0.824947,0,0,-0.630314,0,0,0,0,0,0,0,0,0,0,0,0,0,0,0,0,0,0,0,0,0,0,0,0,0,0,0,0,0,0,0,0,0,0,0,0,0,0,0,0,0,0,0,-0.630833,0,0,-0.630092,0,0,0,0,0,0,0,0,0,1,0,1
0,0,0,0,0,0,0,-0.633738,0,0,0,0,0,0,0,0,-0.646602,0,0,0,0,0,0,0,0,0,1,0,0,0,0,0,1.32942,2,0,0,0,0,0,0,0.892449,0,0,-0.718054,0,0,0,0,0,0,0,0,0,0,0,0,0,0,0,0,0,0,0,0,0,0,0,0,0,1,0,0,0,0,0,0,0,0,0,0,0,0,0,0,0,0,0,-0.660924,0,0,-0.569448,0,0,0,0,0,0,0,0,0,0,1,1
0,0,0,0,0,0,0,-0.770589,0,0,0,0,0,0,0,0,-0.696087,0,0,0,0,1,0,0,0,0,0,0,0,0,0,0,1.68049,1,0,0,0,0,0,0,1.299977,0,0,-0.902449,0,0,0,0,0,0,0,0,0,0,0,0,0,0,0,0,0,0,0,0,0,0,0,0,0,0,0,0,0,0,0,0,0,0,0,0,0,0,0,0,0,0,0,-0.598167,0,0,-0.679895,0,0,0,0,1,0,0,0,0,0,1,1
0,0,0,0,0,0,0,-0.63546,0,0,0,0,0,0,0,1,-0.457232,0,0,0,0,0,0,0,0,0,0,0,0,0,0,0,1.58345,5,0,0,0,0,0,0,1.558843,0,1,-0.6606,0,0,0,0,0,0,0,0,0,0,1,0,0,0,0,1,0,0,0,0,0,0,0,0,0,0,0,0,1,0,0,0,0,0,0,0,0,0,0,0,0,0,0,-0.601012,0,0,-0.683201,0,0,0,0,0,0,0,0,0,0,1,1
0,0,0,0,0,0,0,-0.407366,0,0,0,0,0,0,0,0,-0.896555,0,0,0,0,0,0,0,0,1,0,0,0,0,0,0,0.79578,0,0,0,1,0,0,0,0.210905,0,0,-0.571403,0,1,0,0,0,0,0,0,0,0,0,0,0,1,0,0,0,0,0,0,0,1,1,0,0,0,0,0,0,0,0,0,0,0,0,0,0,0,0,0,0,0,0,-0.707186,0,0,-0.808526,0,0,0,0,0,0,0,1,0,0,0,1
0,0,0,0,0,0,0,-0.658905,0,0,0,0,0,0,0,0,-0.71538,0,0,0,0,0,0,0,0,0,0,0,0,0,0,0,1.30247,2,0,0,0,0,0,0,1.17291,0,0,-0.72543,0,0,0,0,0,0,0,0,0,0,0,0,0,0,0,0,0,0,0,0,0,0,0,0,0,0,0,0,0,0,0,0,0,0,0,0,0,0,0,0,0,0,0,-0.580392,0,0,-0.597151,0,0,0,0,0,0,0,0,0,0,1,1
0,0,0,0,0,0,0,-0.799087,0,0,0,0,0,0,0,0,-0.646699,0,0,0,0,0,0,0,0,0,0,0,0,0,1,0,0.66457,2,0,0,1,0,0,0,3.605537,0,0,-0.569117,0,0,0,0,0,0,0,0,0,0,0,0,0,0,0,0,0,0,0,0,1,0,0,0,0,0,0,0,0,0,0,0,0,0,0,0,0,0,0,0,0,0,0,-0.833013,0,0,-0.58931,0,0,0,0,0,0,0,0,0,0,1,1
0,0,0,0,0,0,0,-0.546275,0,0,0,0,0,0,0,0,-0.755843,0,0,0,0,0,0,0,0,0,0,0,0,0,0,0,1.0804,1,0,0,0,0,0,0,0.596655,0,0,-0.674786,0,0,0,0,0,0,0,0,0,0,0,0,0,0,0,0,0,0,0,0,0,0,0,0,0,0,0,0,0,0,0,0,0,0,0,0,0,0,0,0,0,0,0,-0.811544,0,0,-0.513075,0,0,0,0,0,0,0,0,0,0,1,1
0,0,0,1,0,0,0,-0.556165,0,0,0,0,0,0,0,0,-0.370123,0,0,1,0,0,0,0,1,0,0,0,0,0,0,0,1.44445,2,0,0,1,1,0,0,1.263461,0,0,-0.731181,0,0,0,0,0,0,0,0,0,0,0,0,0,0,0,0,0,0,0,0,0,0,0,0,0,0,0,0,0,0,0,0,0,0,0,0,0,0,0,1,0,0,0,-0.726721,0,0,-0.600646,0,0,0,0,0,0,0,0,0,0,1,1
0,0,0,0,0,0,0,2.600051,0,0,0,0,0,0,0,0,-0.647938,0,0,0,0,0,0,0,0,0,0,0,0,0,0,0,0.68473,0,0,0,0,0,0,0,0.25,0,0,-0.497612,0,0,0,0,0,0,0,0,0,0,0,0,0,0,0,0,0,0,0,0,0,0,0,0,0,0,0,0,1,0,0,0,0,0,0,0,0,1,0,0,1,0,0,-0.602789,0,0,-0.690589,0,0,0,0,0,0,0,0,1,0,0,1
0,0,0,0,0,0,0,-0.869143,0,0,0,0,0,0,0,0,-0.673703,0,0,0,1,0,0,0,0,0,0,0,0,0,0,0,1.05555,0,0,0,0,0,0,0,0.482585,0,0,-0.639329,0,0,0,0,0,0,0,0,0,0,0,0,0,0,0,0,0,0,0,0,0,0,1,0,0,0,0,0,0,0,0,0,0,0,0,0,0,0,0,0,0,0,0,-0.756904,0,0,-0.405474,0,0,0,0,0,0,0,0,0,0,1,1
0,0,0,0,0,0,0,-0.652314,0,0,0,0,0,0,0,0,-0.611893,0,0,1,0,0,0,0,0,0,0,0,0,0,1,0,1.239,0,0,0,0,0,0,0,0.204545,0,0,-0.722641,0,0,0,0,0,0,0,0,0,0,0,0,0,0,0,0,0,0,0,0,0,0,0,0,0,0,0,0,0,0,0,0,0,0,0,0,0,0,0,0,0,0,0,-0.696651,0,0,-0.628414,0,0,0,0,0,0,0,0,0,0,0,1
0,0,0,0,0,0,0,-0.585462,0,0,0,0,0,0,0,0,-0.702626,0,0,0,0,0,0,1,0,0,0,0,0,0,1,0,1.11603,7,0,0,0,0,0,0,1.788474,0,0,-0.685971,0,0,0,1,0,0,0,0,0,0,0,1,1,0,0,0,0,0,0,0,0,0,1,0,1,0,1,0,0,1,0,0,0,0,0,0,0,0,0,0,0,0,0,-0.648324,0,0,-0.686004,0,0,0,0,0,0,1,0,0,0,1,1
0,0,0,0,0,0,0,-0.621755,0,0,0,0,0,0,0,0,-0.752971,0,0,0,0,0,0,1,0,0,0,0,0,0,0,0,1.10463,3,0,0,0,0,0,0,1.448089,0,0,-0.675984,0,0,0,0,0,0,0,0,0,0,0,0,0,0,0,0,0,0,0,0,0,0,0,0,0,0,1,0,0,0,0,0,1,0,0,0,0,0,0,0,0,0,0,-0.622107,0,0,-0.793262,0,0,0,0,0,0,0,0,1,0,1,1
0,0,0,0,0,0,0,-0.761707,0,0,0,0,0,0,0,0,-0.579938,0,0,0,0,0,0,0,0,0,0,0,0,0,0,0,1.02897,0,0,0,0,0,0,0,0.663113,0,0,-0.668715,0,0,0,0,0,0,0,0,0,0,0,0,0,0,0,0,0,0,0,0,0,0,0,0,0,0,0,0,0,0,0,0,0,0,0,0,0,0,0,1,0,0,0,-0.585459,0,0,-0.634712,0,0,0,0,1,0,0,0,0,0,0,1
0,0,0,0,0,0,0,-0.685248,0,0,0,0,0,0,0,0,-0.813975,0,0,0,0,0,0,0,0,0,0,0,0,0,0,0,0.79921,0,0,0,1,0,0,0,0.199492,0,0,-0.599598,0,0,0,0,0,0,0,0,0,0,1,0,0,0,0,0,0,0,0,0,0,0,0,0,0,0,1,0,0,0,0,0,0,0,0,0,0,0,0,0,0,0,0,-0.592154,0,0,-0.739208,0,0,0,0,0,1,0,0,0,0,0,1
0,0,0,0,0,0,0,-0.739881,0,0,0,0,0,0,0,0,-0.582605,0,0,0,0,0,0,0,0,0,1,0,0,0,0,0,1.01527,1,0,0,0,1,0,0,1.427675,0,0,-0.647976,0,0,0,0,0,0,0,0,0,0,0,0,0,0,0,0,0,0,0,0,0,0,0,0,0,0,0,0,0,0,0,0,0,0,0,0,0,0,0,0,0,0,0,-0.667767,0,0,-0.451374,0,0,0,0,0,0,0,0,0,1,0,1
0,0,0,0,0,0,0,-0.571163,0,0,0,0,0,0,0,0,-0.709865,0,0,0,0,0,0,0,0,0,0,0,0,0,0,0,0.87223,1,0,0,0,0,0,0,0.207792,0,0,-0.626474,0,0,0,0,0,0,0,0,0,0,0,0,0,0,0,0,0,0,0,0,0,0,0,0,0,0,0,0,0,0,0,0,0,0,0,0,0,0,1,0,0,0,0,-0.642299,0,0,8.874896,0,0,0,0,0,0,0,1,0,0,0,1
0,0,0,0,0,0,0,-0.45802,0,0,0,0,0,0,0,1,-0.642889,0,0,0,0,0,0,0,0,0,0,0,0,0,0,0,1.39466,2,0,0,0,0,0,0,0.739504,0,0,-0.757504,0,0,0,0,0,0,0,0,0,0,0,0,0,0,0,0,0,0,1,0,0,0,1,0,0,0,0,0,0,0,0,0,0,0,0,0,0,0,0,1,0,0,0,-0.56398,0,0,-0.688051,0,0,0,0,0,0,0,0,1,0,1,1
0,0,0,0,0,0,0,-0.63586,0,0,0,0,0,0,0,0,-0.760094,0,0,0,0,0,0,0,0,0,0,1,0,0,0,0,1.16221,3,0,0,0,0,0,0,0.948889,0,0,-0.654504,0,0,0,0,0,0,0,0,0,0,0,0,0,0,0,0,0,0,0,0,0,0,0,0,0,0,0,0,0,0,0,0,0,0,0,0,0,0,0,0,0,0,0,-0.694807,0,0,-0.601086,0,0,0,0,0,0,0,0,0,0,0,1
0,0,0,0,0,0,0,-0.737426,0,0,0,0,0,0,0,0,-0.531879,0,0,0,1,0,0,0,0,0,0,0,0,0,0,0,0.97964,0,0,0,0,0,0,0,0.745368,0,0,-0.64868,0,0,0,0,0,0,0,0,0,0,0,0,0,0,0,0,0,0,0,1,0,1,0,0,0,0,0,0,0,0,0,0,0,0,0,0,0,0,0,0,0,0,0,-0.74217,0,0,-0.627745,0,0,0,0,1,0,0,1,0,0,0,1
0,0,0,0,0,0,0,-0.587713,0,1,0,0,0,0,0,0,-0.700407,0,0,0,0,1,0,0,1,0,0,0,0,0,0,0,1.27418,0,0,0,0,0,0,0,0.265976,0,0,8.060575,0,0,0,0,0,0,0,0,1,0,0,0,0,0,0,0,0,0,0,0,0,0,0,0,0,0,0,0,0,0,0,0,0,0,0,0,0,0,0,0,0,0,0,-0.731788,0,0,-0.888002,0,1,0,0,0,0,0,0,0,0,0,1
0,0,0,0,0,0,0,-0.437705,0,0,0,0,0,0,0,0,-0.458168,0,0,0,0,0,0,0,0,0,0,0,0,0,0,0,1.16069,1,0,0,0,0,0,0,1.68864,0,0,-0.710366,0,0,0,0,0,0,0,0,0,0,0,0,0,0,0,0,0,0,0,0,0,0,0,0,0,0,0,0,0,0,0,0,0,0,0,0,0,0,0,1,0,0,0,-0.781258,0,0,-0.736279,0,0,0,0,0,0,0,1,0,0,0,1
0,0,0,0,0,0,0,-0.471819,0,1,0,0,0,0,0,0,-0.586249,0,0,0,0,0,0,0,0,0,0,0,0,0,0,0,1.82309,3,0,0,1,0,0,0,0.851165,0,0,-0.823753,0,0,0,0,0,0,0,0,0,0,0,0,0,0,0,0,0,0,0,0,0,0,0,0,0,0,0,0,0,0,0,0,0,0,0,0,0,0,0,0,0,0,0,-0.667625,0,0,-0.510243,0,0,0,0,0,0,0,0,0,1,1,1
0,0,0,0,0,0,0,-0.418718,0,0,0,0,0,0,0,0,-0.546815,0,0,0,0,1,0,0,0,0,0,0,0,0,0,0,0.93155,0,0,0,0,0,0,0,1.254607,0,0,-0.696335,0,0,0,0,0,0,0,0,0,0,0,0,0,0,0,0,1,0,0,0,0,0,0,0,0,0,0,0,0,0,0,0,0,0,0,0,0,0,0,0,0,0,0,-0.670916,0,0,-0.591664,0,0,0,0,0,0,0,0,0,0,1,1
0,0,0,0,0,0,0,-0.596479,0,0,0,0,0,0,0,0,-0.79438,0,0,0,1,0,0,0,0,0,0,0,0,0,0,0,1.46189,2,0,0,0,0,0,0,0.92521,0,0,-0.797058,0,0,0,0,0,0,0,0,0,0,0,0,0,0,0,0,0,0,0,1,0,0,0,0,0,0,0,0,0,0,0,0,0,0,0,0,0,0,0,0,0,0,0,-0.63341,0,0,-0.70587,0,0,0,0,0,0,0,0,0,0,1,1
0,0,0,0,0,0,0,-0.701355,0,0,1,0,0,0,0,0,-0.625915,0,0,0,0,0,0,0,0,0,0,0,0,0,0,0,1.36068,7,0,0,0,0,0,0,1.391728,0,0,-0.74467,1,0,0,0,0,0,0,0,0,0,0,0,0,0,0,0,0,0,1,0,0,1,0,0,0,0,0,0,0,0,0,0,0,0,0,0,0,0,0,0,0,0,0,-0.571669,0,0,-0.815825,0,0,0,0,0,0,0,0,0,0,1,1
0,0,0,0,0,0,0,-0.59473,0,0,0,0,0,0,0,0,-0.649866,0,0,0,0,0,0,0,0,0,0,0,0,0,0,0,1.48796,4,0,0,0,0,0,0,1.087028,0,0,-0.782075,0,0,0,0,0,0,0,0,0,0,0,0,0,0,0,0,0,0,0,0,0,0,0,0,0,0,0,0,0,0,0,0,0,0,0,0,0,1,0,0,0,0,0,-0.541808,0,0,-0.651874,0,0,0,0,0,1,0,1,0,0,1,1
0,0,0,0,0,0,0,-0.611602,0,0,0,0,0,0,0,0,-0.763365,0,0,0,0,0,0,0,0,0,0,0,0,0,0,0,0.90983,1,0,0,0,0,0,0,0.637856,0,0,-0.636921,0,0,0,0,0,0,0,0,0,0,0,0,0,0,0,0,0,0,0,0,0,0,0,0,0,1,0,0,0,0,0,0,0,0,0,0,0,0,0,0,0,0,0,-0.571292,0,0,-0.678394,0,0,0,0,0,0,0,0,0,0,0,1
0,0,0,0,0,0,0,-0.561727,0,0,0,0,0,0,0,0,-0.69152,0,0,0,0,0,0,0,0,0,0,0,0,0,0,0,0.80953,0,0,0,0,0,0,0,0.750767,0,0,-0.56237,0,0,0,0,0,0,0,0,0,0,0,0,0,0,0,0,0,0,0,0,0,0,0,0,0,0,0,0,0,0,0,0,0,0,0,0,0,0,0,0,0,0,0,-0.608663,0,0,-0.727582,0,0,0,0,0,0,0,0,0,0,0,1
0,0,0,0,0,0,0,7.739588,0,0,0,0,0,0,0,0,-0.688818,0,0,0,0,0,0,0,0,0,0,0,0,0,0,0,1.23145,1,0,0,0,1,0,0,1.130409,0,0,-0.725308,0,0,0,0,0,0,0,0,0,0,1,0,0,0,0,0,0,0,0,0,0,0,1,0,0,0,0,0,0,0,0,0,0,0,0,0,0,0,0,0,0,0,0,-0.30448,0,0,-0.620352,0,0,0,0,1,0,0,0,1,0,0,1
0,0,0,0,0,0,0,-0.551488,0,0,0,0,0,0,0,0,-0.708792,0,0,0,0,0,0,0,0,0,0,0,0,0,0,0,1.3039,1,0,0,1,0,0,0,0.601986,0,0,-0.741843,0,0,0,0,0,0,0,0,0,0,0,0,0,0,0,0,0,0,0,0,0,0,0,0,0,0,0,0,0,0,0,0,0,0,0,0,0,0,0,0,0,0,0,-0.669056,0,0,0.498891,0,0,0,0,0,0,0,0,0,0,1,1
0,0,0,0,0,0,0,-0.89143,0,0,0,0,0,0,0,0,-0.629974,0,0,0,0,0,0,0,0,0,0,0,0,0,0,0,1.09207,0,0,0,0,0,0,0,1.35858,0,0,-0.49493,0,0,0,0,0,0,0,0,0,0,0,0,0,0,0,0,0,0,0,0,0,0,0,0,0,0,1,0,0,0,0,0,0,0,0,0,0,0,0,0,0,0,0,-0.769965,0,0,-0.749424,0,0,0,0,0,0,0,0,0,1,0,1
0,0,0,0,0,0,0,-0.732773,0,0,0,0,0,0,0,0,-0.713027,0,0,0,0,0,0,0,0,0,0,0,0,0,0,0,1.31772,3,0,0,0,1,0,0,1.705703,0,0,-0.712675,0,0,1,0,0,0,0,0,0,0,0,0,0,0,0,0,0,0,1,1,0,0,0,0,0,1,0,0,0,0,0,0,0,0,0,0,0,0,0,0,0,0,0,-0.671083,0,0,-0.539835,0,0,0,0,0,0,0,0,0,0,1,1
0,0,0,0,0,0,0,-0.714364,0,0,0,0,0,0,0,0,-0.663812,0,0,0,0,0,0,0,0,0,0,0,0,0,0,0,0.98151,0,0,0,0,0,0,0,0.230578,0,0,-0.683328,0,0,0,0,0,0,0,0,0,0,0,0,0,0,0,0,0,0,0,1,0,0,0,0,0,0,0,0,0,0,0,0,0,0,0,0,0,0,0,0,0,0,0,-0.779395,0,0,-0.779192,0,0,0,0,0,0,0,0,0,0,0,1
0,0,0,0,0,0,0,-0.669324,0,0,0,0,0,0,0,0,-0.664051,0,0,0,0,0,0,0,0,0,0,0,0,0,0,0,0.84232,4,0,0,0,0,0,0,2.275061,0,0,-0.492263,0,0,0,0,0,0,0,0,0,0,0,0,0,0,0,0,0,0,0,1,0,0,0,0,0,0,0,0,0,0,0,0,0,0,0,0,0,0,0,0,0,0,0,-0.6229,0,0,-0.625938,0,0,0,0,0,0,0,0,0,1,1,1
0,0,0,0,0,0,0,-0.626461,0,0,0,0,0,0,0,0,-0.593013,0,0,0,0,0,0,0,0,0,0,0,0,0,0,0,1.314,3,0,0,0,0,0,0,1.454145,0,0,-0.738905,0,0,0,0,0,0,0,0,0,0,1,0,0,0,0,0,0,0,0,0,0,0,0,0,0,0,0,0,0,0,0,0,0,0,0,0,0,0,0,0,0,0,0,-0.825364,0,0,-0.614623,0,0,0,0,0,0,0,0,0,0,1,1
0,0,0,0,0,0,0,-0.780082,0,1,0,0,0,0,0,0,-0.772137,0,0,0,0,0,0,0,0,1,0,0,0,0,0,0,0.81786,1,0,0,0,0,0,0,1.744192,0,0,-0.580932,0,0,0,0,0,0,0,0,0,0,1,0,0,0,0,0,0,0,0,0,0,0,0,0,0,0,0,0,0,0,0,0,0,0,0,0,0,0,0,0,0,0,0,-0.481325,0,0,-0.651264,0,0,0,0,0,0,0,0,0,0,0,1
0,0,0,0,0,0,0,-0.806659,0,0,0,0,0,0,0,0,-0.728738,0,0,0,0,0,0,0,0,0,0,0,0,0,0,0,1.16449,2,0,1,1,0,0,0,2.239342,0,0,-0.710361,0,0,0,0,0,0,0,0,1,0,0,0,0,0,0,0,0,0,0,0,0,0,0,0,0,0,0,0,0,0,0,0,0,0,0,0,0,0,0,0,0,0,0,-0.557132,0,0,-0.698441,0,0,0,0,0,1,0,0,0,0,1,1
0,0,0,0,0,0,0,-0.76782,0,0,0,0,0,0,0,0,-0.496536,0,0,0,0,0,0,0,0,0,0,0,0,0,0,0,1.36912,1,0,0,0,0,1,0,1.150631,0,0,-0.743538,0,0,0,0,0,0,0,0,0,0,1,0,0,0,0,0,0,0,0,0,0,0,0,0,0,0,1,0,0,0,0,0,0,0,1,0,0,0,0,0,0,0,0,-0.615203,0,0,-0.756316,0,0,0,0,1,0,0,0,0,0,1,1
0,0,0,0,0,0,0,-0.704075,0,0,0,0,0,0,0,0,-0.805681,0,0,0,0,0,0,0,0,0,0,0,0,0,0,0,1.01859,1,0,0,0,0,0,0,1.575987,0,0,-0.592567,0,0,0,0,0,0,0,0,0,0,0,0,0,1,0,0,0,0,0,0,0,0,1,0,1,0,0,0,0,0,0,0,0,0,0,0,0,0,0,0,0,0,0,-0.777208,0,0,-0.693901,0,0,0,0,0,1,0,1,0,0,1,1
0,0,0,0,0,0,0,-0.766214,0,0,0,0,0,0,0,0,-0.659609,0,0,0,0,0,0,0,0,0,0,0,0,0,1,0,0.97439,0,0,0,0,0,0,0,0.649381,0,0,-0.631041,0,0,0,0,0,0,0,0,0,0,0,0,0,0,0,0,0,0,0,0,0,0,0,0,0,0,0,0,0,0,0,0,0,0,0,0,0,0,0,0,0,0,0,-0.608177,0,0,-0.57622,0,0,0,0,0,1,0,0,0,0,0,1
0,0,0,0,0,0,0,-0.720311,0,0,0,0,0,0,0,0,-0.723734,0,0,0,0,0,0,0,0,0,0,0,0,0,0,0,1.36503,0,0,0,0,0,0,0,0.79634,0,0,-0.721234,0,0,0,0,0,0,0,0,0,0,1,0,0,0,0,0,0,0,0,0,0,0,0,0,0,0,0,0,0,0,0,0,0,0,0,0,0,0,0,1,0,0,0,-0.56138,0,0,-0.746676,0,0,0,0,1,1,0,0,0,0,0,1
0,0,0,0,0,0,0,-0.763143,0,0,0,0,0,0,0,0,-0.586918,0,0,0,0,0,0,0,0,0,0,0,0,0,1,0,1.03561,2,0,0,1,0,0,0,0.215801,0,0,-0.663707,0,0,0,0,0,0,0,0,0,0,0,0,0,0,0,0,0,0,0,0,0,0,0,0,0,0,0,0,0,0,0,0,0,0,0,0,0,0,0,0,0,0,0,-0.617237,0,0,-0.730037,0,0,0,0,0,0,0,0,0,0,0,1
0,0,0,0,0,0,0,-0.607614,0,0,0,0,0,0,0,0,-0.767506,0,0,0,0,0,0,0,0,0,0,0,0,0,0,0,0.89664,1,0,0,0,0,0,0,1.476031,0,0,-0.601577,0,0,0,0,0,0,0,0,0,0,0,1,0,0,0,0,0,0,0,0,0,0,0,0,0,0,0,0,0,0,0,0,0,0,0,0,0,0,0,0,0,0,0,-0.371729,0,0,-0.740065,0,0,0,0,0,0,0,0,0,0,0,1
0,0,0,0,0,0,0,-0.721689,0,0,0,0,0,0,0,0,-0.409621,0,0,0,0,1,0,0,0,0,0,0,0,0,1,0,1.05687,0,0,0,0,0,0,0,0.243389,0,0,-0.669116,0,0,0,0,0,0,0,0,0,0,0,0,0,0,0,0,0,0,0,0,0,1,0,0,0,0,0,0,0,0,0,0,0,0,0,0,0,0,0,0,0,0,0,-0.67544,0,0,-0.692415,0,0,0,0,1,0,0,0,0,0,0,1
0,0,0,0,0,0,0,-0.697239,0,0,0,0,0,0,0,0,-0.51309,0,0,0,0,0,0,0,0,0,0,0,0,0,0,0,1.14255,0,0,0,0,0,0,0,0.218757,0,0,-0.699866,0,0,0,0,0,0,0,0,0,0,0,0,0,0,0,0,0,0,0,0,0,0,0,0,0,0,0,0,0,0,0,0,0,0,0,0,0,0,0,0,0,0,0,-0.591852,0,0,-0.707166,0,0,0,0,0,0,0,0,0,0,0,1
0,0,0,0,0,0,0,3.072281,0,0,0,0,0,0,0,0,-0.776862,0,0,0,0,0,0,0,0,0,0,0,0,0,0,0,0.73104,6,0,0,0,0,0,0,2.103869,0,0,-0.664167,0,0,0,0,0,1,0,0,0,0,0,0,0,0,0,0,0,0,0,0,0,1,0,0,0,0,0,0,0,0,0,0,0,0,0,0,0,0,0,0,0,0,0,-0.556208,0,0,-0.691874,0,0,0,0,0,0,0,0,0,1,1,1
0,0,0,0,0,0,0,-0.723165,0,0,0,0,0,0,0,0,-0.488934,0,0,0,0,0,0,0,0,0,0,0,0,0,0,0,1.26216,0,0,0,0,0,0,0,0.548336,0,0,-0.722055,0,0,0,0,0,0,0,0,0,0,0,0,0,0,0,0,0,0,0,0,0,0,0,0,0,0,0,0,0,0,0,0,0,0,0,0,0,1,0,0,0,0,0,-0.602341,0,0,-0.659542,0,0,0,0,0,0,0,0,0,0,1,1
0,0,0,0,0,0,0,-0.720884,0,0,0,0,0,0,0,0,-0.40369,0,0,0,0,0,0,0,0,0,0,0,0,0,0,0,1.09033,1,0,0,0,0,0,0,1.354722,0,0,-0.707775,0,0,0,0,0,0,0,0,0,0,0,0,0,0,0,0,0,0,0,0,0,1,0,0,0,0,0,0,0,0,0,0,0,0,0,0,0,1,0,0,0,0,0,-0.706613,0,0,-0.699803,0,0,0,0,0,0,0,0,1,0,1,1
0,0,0,1,1,0,0,-0.717817,0,0,0,0,0,0,0,1,-0.747025,0,0,0,1,0,0,0,0,0,0,0,0,0,0,0,1.11966,0,0,0,0,0,0,0,1.100382,0,0,-0.689929,0,0,0,0,0,0,0,0,0,0,0,0,0,0,0,0,0,0,0,1,0,0,0,0,0,0,0,0,0,0,0,0,0,0,0,0,0,0,0,1,0,0,0,-0.634493,0,0,-0.47741,0,0,0,0,0,0,0,0,1,0,0,1
0,0,0,0,0,0,0,-0.617745,0,0,0,0,0,0,0,0,-0.643873,1,0,0,0,0,0,0,0,0,0,0,0,0,0,0,0.78179,0,0,0,0,0,0,0,0.621255,0,0,-0.431514,0,0,0,0,0,0,0,0,0,0,0,0,0,0,0,0,0,0,0,0,0,0,0,0,0,0,0,0,0,0,0,0,0,0,0,0,0,0,0,0,0,0,0,-0.527465,0,0,-0.641627,0,0,0,0,0,0,0,0,0,0,0,1
0,0,0,0,0,0,0,-0.556663,0,0,0,0,0,0,1,0,-0.767462,0,1,0,0,0,0,0,0,0,0,0,0,1,0,0,1.51423,2,0,0,0,0,0,0,0.548626,0,0,-0.780731,0,0,0,0,0,0,0,0,0,0,0,0,0,0,0,0,0,0,0,0,0,0,0,0,0,0,0,0,0,0,0,0,0,0,0,0,0,0,0,0,0,0,0,-0.485521,0,0,-0.685636,0,0,0,0,0,0,0,0,0,0,1,1
0,0,0,0,0,0,0,-0.765352,0,0,0,0,0,0,0,0,-0.766504,0,0,1,0,0,0,0,0,0,0,0,0,0,0,0,0.48294,0,0,0,0,0,0,0,1.945601,0,0,-0.165574,0,0,0,0,0,0,0,0,0,0,0,0,0,0,0,0,0,0,0,1,0,0,0,0,0,0,0,0,0,0,0,0,0,0,0,0,0,1,0,0,0,0,0,-0.605859,0,0,-0.637697,0,0,0,0,0,0,0,0,0,0,0,1
0,0,0,0,0,0,0,-0.746544,0,0,0,0,0,0,0,0,-0.647443,0,0,0,0,0,0,0,0,0,0,0,0,0,1,0,1.79523,3,0,0,0,1,0,0,0.616773,0,0,-0.813818,0,0,0,0,0,0,0,0,0,0,0,0,0,0,0,0,0,0,0,0,0,0,0,0,0,0,1,0,0,0,0,0,0,0,0,0,0,0,0,0,0,0,0,-0.621,0,0,-0.622319,0,0,0,0,0,0,0,0,0,0,1,1
0,0,0,0,0,0,0,-0.74349,0,0,1,0,0,0,0,0,-0.631214,0,0,0,0,0,0,0,0,0,0,0,0,0,0,0,1.59011,2,0,0,0,1,0,0,0.810579,0,0,-0.787626,0,0,0,0,0,0,0,0,0,0,0,0,0,1,0,0,0,0,0,0,0,0,0,0,0,0,0,0,0,0,0,0,0,0,0,0,0,0,0,0,0,0,0,-0.667958,0,0,-0.829728,0,0,0,0,0,0,0,0,0,0,1,1
0,0,0,0,0,0,0,-0.75782,0,0,0,0,0,0,0,1,-0.702429,0,0,0,0,0,0,0,0,0,0,0,0,0,0,0,1.16334,1,0,0,0,0,0,0,1.046163,0,0,-0.678552,0,0,0,0,0,0,0,0,0,0,0,0,0,0,0,0,0,0,0,0,0,0,0,0,0,0,1,0,0,0,0,0,0,0,0,0,0,0,0,0,0,0,0,-0.638132,0,0,-0.716777,0,0,0,0,0,0,0,0,0,0,1,1
0,0,0,0,0,0,0,-0.669731,0,0,0,0,0,0,0,0,-0.306002,0,0,0,0,0,0,0,0,0,0,0,0,0,0,0,0.73955,0,0,0,0,0,0,0,0.231181,0,0,-0.537917,0,0,0,0,0,0,0,0,0,0,0,0,0,0,0,0,0,0,0,0,0,0,0,0,0,0,0,0,0,0,0,0,0,0,0,0,0,0,0,0,0,0,0,-0.741137,0,0,-0.520241,0,0,0,0,0,0,0,0,0,0,0,1
0,0,0,0,0,0,0,-0.633904,0,0,0,0,0,0,0,0,-0.71498,0,0,0,0,0,0,0,0,0,0,0,0,0,0,0,1.31439,1,0,0,0,0,0,0,0.98345,0,0,-0.750858,0,0,0,0,0,0,0,0,0,0,0,1,0,0,0,0,0,0,0,0,0,0,0,0,0,0,0,0,0,0,0,0,0,0,0,0,0,0,0,0,0,0,0,-0.686532,0,0,-0.682469,0,0,0,0,0,0,0,0,1,0,0,1
0,0,0,0,0,0,0,-0.5977,0,0,0,0,0,0,0,0,-0.876333,0,0,0,0,0,0,0,0,1,0,0,0,0,0,0,2.2824,1,0,0,0,0,0,0,0.271338,0,0,-0.871966,0,0,0,0,0,0,0,0,0,0,0,1,0,0,0,0,1,0,0,0,1,0,0,0,0,0,0,1,0,0,0,0,0,0,0,0,0,0,0,0,0,0,0,-0.77753,0,0,-0.811656,0,0,0,0,0,0,0,0,0,0,1,1
0,0,0,0,0,0,0,-0.741742,0,0,0,0,0,0,0,0,-0.784064,0,0,0,0,0,0,0,0,0,0,0,0,0,0,0,1.20058,0,0,0,0,0,0,0,0.190282,0,0,-0.752812,0,0,0,0,0,0,0,0,0,0,0,0,0,0,0,0,0,0,0,0,0,0,0,0,0,0,1,0,0,0,0,0,0,0,0,0,0,0,0,0,0,0,0,-0.530305,0,0,8.633065,0,0,0,0,0,0,0,0,1,0,0,1
0,0,0,0,0,0,0,-0.50826,0,0,0,0,0,0,0,1,-0.752992,0,0,0,0,0,0,0,0,0,0,0,0,0,0,0,1.13607,1,0,0,0,0,0,0,0.672933,0,0,-0.705867,0,0,0,0,0,0,0,0,0,0,0,0,0,0,0,0,0,0,0,0,1,0,0,0,0,0,0,0,0,0,0,0,0,0,0,0,0,0,0,0,0,0,0,-0.694479,0,0,-0.622273,0,0,0,0,0,0,0,0,0,0,1,1
0,0,0,0,0,0,0,-0.612012,0,0,0,0,0,0,0,0,-0.417492,0,0,0,0,0,0,0,0,0,0,0,0,0,0,0,0.89648,1,0,0,1,0,0,0,1.149046,0,0,-0.67095,0,0,0,0,0,0,0,0,0,0,0,0,0,0,0,0,0,0,0,0,0,0,0,0,0,0,0,0,0,0,0,0,0,0,0,0,0,0,0,0,0,0,0,-0.65239,0,0,-0.722979,0,0,0,0,0,0,0,0,0,0,0,1
0,0,0,0,0,0,0,-0.663619,1,0,0,0,0,0,0,0,-0.669859,0,0,0,0,0,0,0,0,0,0,0,0,0,0,0,1.99164,0,0,0,0,1,0,0,0.490803,0,0,-0.808034,0,0,0,0,0,0,0,0,0,0,0,0,0,0,0,0,0,0,1,0,0,0,0,0,0,0,0,0,0,0,0,0,0,0,0,0,0,0,0,0,0,0,0,-0.79696,0,0,-0.736802,0,0,0,0,0,0,0,0,0,0,0,1
0,0,0,0,0,0,0,-0.503057,0,0,0,0,0,0,0,0,-0.783054,0,0,0,1,0,0,0,0,0,0,0,0,0,0,0,1.18886,3,0,0,0,0,0,0,1.238657,0,0,-0.715065,0,0,0,0,0,0,0,0,0,0,0,1,0,0,0,0,0,0,0,0,0,0,0,0,0,0,0,0,0,0,0,0,0,0,0,0,0,0,0,1,0,0,0,-0.701739,0,0,-0.785769,0,0,0,0,0,0,0,0,0,0,0,1
0,0,0,0,0,0,0,-0.87126,0,0,0,0,0,0,0,1,-0.720429,0,0,0,0,0,0,0,0,0,0,0,0,0,1,0,1.05733,1,0,0,0,0,0,0,1.505051,0,0,-0.669626,0,0,0,0,0,0,0,0,0,0,0,1,0,0,0,0,0,0,0,1,0,0,0,0,0,0,0,0,0,0,0,0,0,0,0,0,0,0,0,0,0,0,0,-0.67909,0,0,-0.738555,0,0,0,0,0,0,0,0,0,0,1,1
0,0,0,0,0,0,0,-0.608731,0,0,0,0,0,0,0,0,-0.779244,0,0,1,0,0,0,0,0,0,0,0,0,0,0,0,1.5838,2,0,0,0,0,0,0,0.930018,1,0,-0.780452,0,0,0,0,0,0,0,0,1,0,1,0,0,0,0,0,0,0,0,1,0,0,0,0,0,0,0,0,0,0,0,0,0,0,0,1,0,0,0,0,0,0,0,-0.618806,0,0,-0.756669,0,0,0,0,0,0,0,0,0,1,1,1
0,0,0,0,0,0,0,-0.447474,0,0,0,0,0,0,0,0,-0.629612,0,0,0,0,0,0,0,0,0,0,0,0,0,0,0,0.91884,2,0,0,0,0,1,0,1.72083,0,0,-0.614891,0,0,0,0,0,0,0,0,0,0,0,0,0,0,0,0,0,0,0,0,1,1,0,0,0,0,0,0,1,0,0,0,0,0,0,0,0,0,0,0,0,0,0,1.509783,0,0,-0.614704,0,0,0,0,0,0,0,0,0,0,1,1
0,0,0,0,0,0,0,-0.556442,0,0,0,0,0,0,0,0,-0.814306,0,0,0,0,0,0,0,0,0,0,0,0,0,0,0,1.3502,2,0,0,0,0,0,0,0.866952,0,0,-0.759343,0,0,0,0,0,0,0,0,0,0,0,0,0,1,0,0,0,0,0,0,0,0,0,0,0,1,0,0,0,0,0,0,0,0,0,0,0,0,0,0,0,0,0,-0.673043,0,0,-0.692718,0,0,0,0,0,0,1,0,0,0,1,1
0,0,0,0,0,0,0,-0.709794,0,0,0,0,0,0,0,0,-0.635252,0,0,0,0,0,0,0,0,0,0,0,0,0,0,0,0.53173,0,0,0,0,0,0,0,0.870515,0,0,-0.452822,0,1,0,0,0,0,0,0,0,0,0,0,0,1,0,0,0,0,0,0,0,0,0,0,0,0,0,0,1,0,0,0,0,0,0,0,0,0,0,0,0,0,0,-0.762988,0,0,-0.657291,0,0,0,0,0,0,0,0,0,0,0,1
0,0,0,0,0,0,0,-0.774512,0,0,0,0,0,0,0,0,-0.547463,0,0,0,0,0,0,0,0,0,0,0,0,0,0,0,0.97266,1,0,0,0,0,0,0,0.475744,0,0,-0.661608,0,0,0,0,0,0,0,0,0,0,0,0,0,0,0,0,0,0,0,0,0,0,0,0,0,0,0,0,0,0,0,0,0,0,0,0,0,0,0,0,0,0,0,-0.69424,0,0,-0.586521,0,0,0,0,0,0,0,0,0,0,1,1
0,0,0,1,0,0,0,-0.612184,0,0,0,0,0,0,0,0,-0.735151,0,0,0,0,0,0,0,0,0,0,0,0,0,0,0,0.96424,1,0,0,0,0,0,0,2.199059,0,0,-0.64142,0,0,0,0,0,0,0,0,0,0,0,0,0,0,0,0,0,0,0,1,0,0,0,0,0,0,0,0,0,0,0,0,0,0,0,0,0,0,0,0,0,0,0,-0.658694,0,0,-0.889971,0,0,0,0,0,1,0,0,0,1,0,1
0,0,0,0,0,0,0,-0.677474,0,0,0,0,0,0,0,0,-0.753739,0,0,0,0,0,0,0,0,0,0,0,0,0,0,0,1.23821,1,0,0,0,0,0,0,0.539188,0,0,-0.762665,0,0,0,0,0,0,0,0,0,0,0,1,0,0,0,0,0,1,0,0,0,1,0,0,0,0,0,0,0,0,0,0,0,0,0,0,0,0,0,0,0,0,0,-0.662301,0,0,-0.721219,0,0,0,0,0,0,0,0,0,0,1,1
0,0,0,0,0,0,0,-0.681541,0,0,0,0,0,0,0,0,-0.757071,0,0,0,0,0,0,0,0,0,0,0,0,0,0,0,0.85914,3,0,0,0,0,0,0,1.574275,0,0,-0.636837,0,0,0,0,0,0,0,0,0,0,0,0,0,0,0,0,0,0,0,0,1,1,0,0,0,0,0,0,0,0,0,0,0,0,0,0,0,0,0,0,0,0,0,-0.543118,0,0,-0.680648,0,0,0,0,0,0,0,0,1,0,0,1
0,0,0,0,1,0,0,-0.45744,0,0,0,0,0,0,0,0,-0.611607,0,0,0,0,0,0,0,0,0,0,0,0,0,0,0,1.73298,7,0,0,0,1,0,0,1.383309,0,0,-0.807124,0,0,0,0,0,0,0,0,0,0,0,0,0,1,0,0,0,0,0,0,0,0,0,0,0,0,0,1,0,0,0,1,0,0,0,0,0,0,0,0,0,0,0,-0.694439,0,0,-0.707195,0,0,0,0,0,0,0,0,0,0,1,1
0,0,0,0,0,0,0,-0.605766,0,0,0,0,0,0,0,0,-0.356899,0,0,1,0,1,0,0,0,0,0,0,0,0,0,0,0.96914,1,0,0,0,0,0,0,1.495272,0,0,-0.645311,0,0,0,0,0,0,0,0,0,0,1,0,0,0,0,0,0,0,0,0,0,0,0,0,0,0,0,0,0,0,0,0,0,0,0,0,0,0,0,0,0,0,0,-0.637256,0,0,-0.7584,0,0,0,0,0,0,0,0,0,0,0,1
0,0,0,0,0,0,0,-0.763028,0,1,0,0,0,0,0,0,-0.621446,0,0,0,0,1,0,0,1,0,0,0,0,0,0,0,1.30454,1,0,0,1,0,0,0,0.776047,0,0,-0.874149,0,0,0,0,0,0,0,0,0,0,0,0,0,0,0,0,0,0,0,0,0,0,0,0,0,0,0,0,0,0,0,0,0,0,0,0,0,0,0,0,0,0,0,-0.719634,0,0,-0.556536,0,0,0,0,0,0,0,0,0,1,1,1
0,0,0,1,0,0,0,-0.661655,0,0,0,0,0,0,0,0,-0.754058,0,1,1,0,0,0,0,0,0,0,0,0,0,1,0,1.35294,1,0,0,0,0,0,0,2.057563,0,0,-0.731175,0,0,0,0,0,0,0,0,0,0,0,0,0,0,0,0,0,0,0,0,0,0,0,0,0,0,0,0,0,0,1,0,0,1,0,0,0,0,0,0,0,0,0,-0.61109,0,0,-0.614642,0,0,0,0,0,0,0,0,1,0,1,1
0,0,0,0,0,0,0,-0.671828,0,0,0,0,0,0,0,0,-0.733114,0,0,1,0,0,0,0,0,0,0,0,0,0,0,0,1.99488,5,0,0,0,0,0,0,0.831534,0,0,-0.825129,0,1,0,0,0,0,0,0,0,0,0,0,0,1,0,0,0,0,0,0,0,0,0,0,0,0,0,0,0,0,0,0,0,0,0,0,0,0,0,0,0,0,0,-0.551527,0,0,-0.665168,0,0,0,0,0,0,0,0,0,0,1,1
0,0,0,0,0,0,0,-0.358445,0,0,0,0,0,0,0,0,-0.682764,0,0,1,0,0,0,0,0,0,0,0,0,0,0,0,1.01364,0,0,0,0,0,0,0,1.073437,0,0,-0.674162,0,0,0,0,0,0,0,0,0,0,0,0,0,0,0,0,0,0,0,0,0,0,0,0,0,0,0,0,0,0,0,0,0,0,0,0,0,0,0,0,0,0,0,-0.628842,0,0,-0.705401,0,0,0,0,0,0,0,0,0,0,0,1
0,0,0,0,0,0,0,-0.433583,0,0,0,0,0,0,0,0,-0.649403,0,0,0,0,0,0,0,0,0,0,0,0,0,0,0,1.14863,1,0,0,1,0,0,0,0.82589,0,0,-0.700255,0,0,0,0,0,0,0,0,0,0,0,0,0,0,0,0,0,0,0,0,0,0,0,0,0,0,0,0,0,0,0,0,0,0,0,0,0,0,0,0,0,0,0,-0.594285,0,0,-0.929669,0,0,0,0,0,0,0,1,0,0,1,1
0,0,0,0,0,0,0,2.075085,0,0,0,0,0,0,0,0,-0.797972,0,0,0,0,0,0,0,0,0,0,0,0,0,0,0,0.89691,0,0,0,0,0,0,0,0.23481,0,0,-0.63371,0,0,0,0,0,0,0,0,0,0,0,0,0,0,0,0,0,0,0,0,0,0,0,0,0,0,0,0,0,0,0,0,0,0,0,0,0,0,0,0,0,0,0,-0.79465,0,0,-0.660334,0,0,0,0,0,0,0,0,0,0,0,1
0,0,0,0,0,0,0,-0.523936,0,0,0,0,0,0,0,1,-0.731329,0,0,0,0,0,0,0,0,0,0,0,0,0,0,0,1.01506,0,0,0,0,0,0,0,0.620364,0,0,-0.660946,0,0,0,0,0,0,0,0,0,0,0,0,0,0,0,0,0,0,0,0,0,0,0,0,0,0,0,0,0,0,0,0,0,0,0,0,0,0,0,0,0,0,0,-0.610893,0,1,-0.654969,0,0,0,0,0,0,0,0,0,0,0,1
0,0,0,0,0,0,0,-0.593229,0,0,1,0,0,0,1,1,-0.600233,1,0,0,0,0,0,0,0,0,0,0,0,0,0,0,1.21913,1,0,0,0,0,0,0,0.843506,0,0,8.627625,0,0,0,0,1,0,1,0,0,0,0,1,0,0,0,0,0,0,0,0,0,0,0,0,0,0,0,0,0,0,0,1,0,0,0,0,0,0,0,0,0,0,0,-0.716126,0,0,-0.436567,0,0,0,0,0,0,0,0,0,0,0,1
0,0,0,1,0,0,1,-0.645183,0,1,0,0,1,0,0,0,-0.607761,0,0,1,1,0,0,0,0,0,0,0,0,0,1,0,0.65986,0,0,0,0,0,0,0,0.824033,0,0,-0.483083,0,0,0,0,0,0,0,0,0,0,0,0,0,0,0,0,0,0,0,0,0,0,0,0,0,0,0,0,0,0,0,1,0,0,0,0,0,0,0,0,0,0,0,-0.81349,0,0,-0.745864,0,0,0,0,0,0,0,0,0,0,0,1
0,0,0,0,1,0,0,-0.749756,0,0,0,0,0,0,0,0,-0.799613,0,0,0,0,0,0,0,0,0,0,0,0,0,0,0,1.02832,0,1,0,0,0,0,0,0.584273,0,0,-0.667039,0,0,0,0,0,0,0,0,0,0,0,0,0,0,1,0,0,0,0,0,0,1,0,0,0,1,0,0,0,0,0,0,0,0,0,0,0,0,0,0,0,0,0,-0.667312,0,0,-0.639994,0,0,0,0,0,0,0,0,0,0,0,1
0,0,0,0,0,0,0,-0.695172,0,0,0,0,0,0,0,0,-0.798533,0,0,1,1,0,0,1,0,0,0,0,0,0,1,0,1.22682,2,0,0,0,0,0,0,1.476368,0,0,8.342008,0,0,0,0,0,0,0,0,0,0,0,0,0,0,0,0,0,0,0,0,0,0,0,0,0,0,0,0,0,0,0,0,0,0,0,0,0,0,0,0,0,0,0,-0.501584,0,0,-0.716149,0,0,0,0,0,0,0,0,1,0,1,1
0,0,0,0,0,0,0,-0.834856,0,0,0,0,0,0,1,0,-0.842463,0,0,0,0,0,0,1,0,0,0,0,0,0,0,0,2.47527,7,0,0,0,0,0,0,0.368763,0,0,-0.839554,0,0,0,0,0,0,0,0,0,0,0,0,0,0,0,0,0,0,0,0,0,0,0,0,0,0,0,0,0,0,0,0,0,0,0,0,0,0,0,0,0,0,0,-0.699671,0,0,-0.869789,0,0,0,0,0,0,0,0,0,0,0,1
0,0,0,0,0,0,0,-0.582344,0,0,0,0,0,0,0,0,-0.613046,0,0,0,0,0,0,0,0,0,0,0,0,0,1,0,1.30732,5,0,0,0,0,0,0,1.657966,0,0,-0.742077,0,0,0,0,0,0,0,0,0,0,0,0,0,0,0,0,0,0,0,0,0,0,0,0,0,0,0,0,0,0,0,0,0,0,0,0,0,0,0,0,1,0,0,-0.508268,0,0,-0.675794,0,0,0,0,0,0,0,0,0,0,0,1
0,0,0,0,0,0,0,-0.751128,0,0,0,0,0,0,0,0,-0.636441,0,0,1,0,0,0,0,0,0,0,0,0,0,0,0,1.19479,3,0,0,0,0,0,0,1.872612,0,0,-0.724914,0,0,0,0,0,0,0,0,0,0,0,0,0,0,0,0,0,0,0,1,0,0,0,0,0,0,0,0,0,0,0,0,0,0,0,0,0,0,0,0,0,0,0,-0.650293,0,0,-0.767109,0,0,0,0,0,0,0,0,0,0,1,1
0,0,0,0,0,0,0,-0.363565,0,0,0,0,0,0,0,0,-0.609096,0,0,0,1,0,0,0,0,0,0,0,0,0,1,0,0.88491,2,0,0,0,0,0,0,1.712459,0,0,-0.612889,0,0,0,0,0,0,1,0,0,0,0,0,0,0,0,0,0,0,0,0,0,0,1,0,0,0,0,0,0,0,0,0,0,0,0,0,0,0,0,0,0,0,0,-0.529041,0,0,-0.571707,0,0,0,0,0,0,0,0,0,1,0,1
0,0,0,0,0,0,0,-0.379219,0,0,0,0,0,0,0,0,-0.786138,0,0,0,0,0,0,0,0,0,0,0,0,0,0,0,0.57875,1,0,0,0,0,0,0,1.722509,0,0,-0.595858,0,0,0,0,0,0,0,0,0,0,0,0,0,0,0,0,0,0,0,0,0,0,0,0,0,0,0,0,0,0,0,0,0,0,0,0,0,0,0,0,0,1,0,-0.821394,0,0,-0.747179,0,0,0,0,0,0,0,0,0,0,0,1
0,0,0,0,0,0,0,-0.670468,0,0,0,0,0,0,0,0,-0.799431,0,0,0,0,0,0,0,0,0,0,0,0,0,0,0,1.06351,0,0,0,0,0,0,0,0.343682,0,0,-0.684578,0,0,0,0,0,0,0,0,0,0,0,0,0,0,0,0,0,0,0,0,0,0,0,0,0,0,0,0,0,0,0,0,0,0,0,0,0,0,0,0,0,0,0,-0.681342,0,0,-0.743454,0,0,0,0,0,0,0,0,0,0,0,1
0,0,0,0,0,0,0,-0.647265,0,0,0,0,0,0,0,0,-0.854898,0,0,0,0,0,0,0,1,0,0,0,0,0,0,0,0.80341,5,0,0,0,0,0,0,0.623559,0,0,-0.519779,0,0,0,1,0,0,0,0,0,0,0,0,0,0,0,1,1,0,0,0,0,0,0,0,0,0,1,0,0,0,0,0,0,0,0,0,0,0,0,0,0,0,0,-0.669717,0,0,-0.645233,0,0,0,0,0,0,1,1,0,0,0,1
0,0,0,0,0,0,0,-0.586384,0,0,0,0,0,0,0,0,-0.789474,0,0,0,0,0,0,0,0,0,0,0,0,0,0,0,1.69793,2,0,0,0,0,0,0,0.545433,0,0,-0.800581,0,0,0,0,0,0,0,0,0,0,0,0,0,0,0,0,0,0,0,0,0,0,0,0,0,0,0,0,0,0,0,0,0,0,0,0,0,0,0,0,0,0,0,-0.609876,0,0,-0.710511,0,0,0,0,0,0,0,0,0,0,1,1
0,0,0,1,1,0,0,-0.654092,0,0,1,0,0,0,0,1,-0.726285,0,0,0,1,0,0,0,0,0,0,0,0,0,0,0,1.44476,3,0,0,0,0,0,0,1.352963,0,1,-0.784487,0,0,0,0,0,0,0,1,0,0,0,0,0,0,1,0,0,0,0,0,0,0,0,0,0,0,0,0,0,0,0,0,0,0,1,0,0,0,0,0,0,0,0,-0.73785,0,0,-0.588407,0,0,0,0,1,0,0,0,0,0,1,1
0,0,0,0,0,0,0,-0.619426,0,0,0,0,0,0,0,0,-0.624341,0,0,0,0,0,0,0,0,0,0,0,0,0,0,0,0.74356,0,0,0,0,1,0,0,0.884356,0,0,-0.476007,0,0,0,0,0,0,0,0,0,0,1,0,0,0,0,0,0,0,0,1,1,1,1,0,0,1,0,0,0,0,0,0,0,0,0,0,0,0,0,0,0,0,0,-0.635859,0,0,-0.722229,0,0,0,0,0,1,0,0,0,0,0,1
0,0,0,0,0,0,0,-0.750432,0,0,0,0,0,0,0,0,-0.614408,0,0,0,0,0,0,0,0,0,0,0,0,0,0,0,1.57871,5,0,0,0,0,0,0,0.983233,0,0,-0.780758,0,0,0,0,0,0,0,0,0,0,0,0,0,0,0,0,0,1,0,0,0,0,0,0,0,0,1,0,0,0,0,0,0,0,0,0,0,0,0,0,0,0,0,-0.629392,0,0,-0.732569,0,0,0,0,0,0,0,0,0,0,1,1
0,0,0,0,0,0,0,-0.417352,0,0,0,0,0,0,0,0,-0.741101,0,0,0,0,0,0,0,0,0,0,0,0,0,0,0,1.30589,4,0,0,0,1,1,0,1.010047,0,0,-0.709785,0,0,0,0,0,0,0,0,0,0,0,0,0,0,0,0,0,0,0,0,0,0,0,0,0,0,0,0,0,0,0,0,0,0,0,0,0,0,0,0,0,0,0,-0.430127,0,0,-0.723216,0,0,0,0,0,0,0,0,0,0,1,1
0,0,1,0,0,0,0,-0.720989,0,0,0,0,0,0,0,0,-0.598201,0,0,0,0,0,0,0,0,0,0,0,0,0,0,0,1.6402,3,0,0,0,0,0,0,1.30175,0,0,-0.794821,0,0,0,0,0,0,0,0,0,0,0,0,1,0,1,0,0,0,0,0,0,0,0,0,0,0,0,0,0,0,0,0,0,0,0,0,0,0,0,0,0,0,0,-0.740028,0,0,-0.739007,0,0,0,0,0,0,0,0,0,0,1,1
0,0,0,0,0,0,0,-0.624197,0,0,0,0,0,0,0,0,-0.739548,0,0,1,0,0,0,0,0,0,0,0,0,0,0,0,1.49056,2,0,0,0,0,0,0,1.509353,0,0,-0.776366,0,0,0,0,0,0,0,0,1,0,0,0,0,0,0,0,0,1,0,0,0,0,0,0,0,0,0,0,0,0,0,0,0,0,0,0,0,0,0,0,0,0,0,-0.7223,0,0,-0.463528,0,0,0,0,0,0,0,0,0,1,1,1
0,0,0,0,0,0,0,-0.583681,0,0,0,0,0,0,0,0,-0.700893,0,0,0,0,1,0,0,0,0,0,0,0,0,0,0,1.49014,6,0,0,0,0,0,0,1.190252,0,0,-0.760736,0,0,0,0,0,0,0,0,0,0,0,1,0,0,0,0,0,0,0,0,0,0,0,0,0,0,0,0,0,0,0,0,0,0,1,0,0,0,0,0,0,0,0,-0.677378,0,0,-0.731526,0,0,0,0,0,0,0,0,0,0,1,1
0,0,0,0,0,0,0,-0.675253,0,0,0,0,0,0,0,0,-0.728643,0,0,0,0,0,0,0,0,0,0,0,0,0,0,0,1.06363,2,0,0,0,0,0,0,1.286076,0,0,-0.742535,0,0,0,0,0,0,0,0,0,0,0,0,0,0,0,0,0,0,0,0,0,0,0,0,0,1,0,0,0,0,0,0,0,0,0,0,0,0,0,0,0,0,0,-0.611566,0,0,-0.585128,0,0,0,0,0,0,0,0,0,0,0,1
0,0,0,0,0,0,0,-0.426016,0,0,0,0,0,0,0,0,-0.578725,0,0,0,1,0,0,0,0,0,0,0,0,0,0,0,1.44185,4,0,0,0,0,0,0,1.343219,0,0,-0.760259,0,0,0,0,0,0,0,0,0,0,0,0,0,1,0,0,0,0,0,0,0,0,0,0,0,1,0,0,0,0,0,0,0,0,0,0,0,0,0,1,0,0,0,-0.735173,0,0,-0.424582,0,0,0,0,0,0,0,0,1,0,1,1
0,0,0,0,0,0,0,-0.489797,0,0,0,0,0,0,0,0,-0.768092,0,0,1,1,0,0,0,0,0,0,0,0,1,0,0,1.31098,1,0,0,0,1,0,0,0.753093,0,0,-0.745871,0,0,0,0,0,0,0,0,0,0,0,0,0,0,0,0,0,0,0,0,0,0,0,0,0,0,0,0,0,0,0,0,0,0,0,0,0,0,0,0,0,0,0,-0.660299,0,0,-0.681669,0,0,0,0,0,0,0,0,0,0,0,1
0,0,0,0,0,0,0,-0.684973,0,0,0,0,0,0,0,0,-0.520703,0,0,0,0,0,0,0,0,0,0,1,0,0,0,0,0.97902,2,0,0,0,0,0,0,1.232364,0,0,-0.670476,0,0,0,0,0,0,0,0,0,0,0,0,0,0,0,0,0,0,0,0,0,0,0,0,0,0,0,0,0,0,0,0,0,0,0,0,0,0,0,0,0,0,0,-0.772866,0,0,-0.687408,0,0,0,0,0,1,0,0,0,0,0,1
0,0,0,0,0,0,0,-0.843335,0,0,0,0,0,0,0,0,-0.675859,0,0,0,0,0,0,0,0,0,0,0,0,0,0,0,1.19371,1,0,0,0,0,0,0,1.021732,0,0,-0.722237,0,0,0,0,0,0,1,0,0,0,0,0,0,0,0,0,0,0,0,0,0,0,0,0,0,0,0,0,0,0,0,0,0,0,0,0,0,0,0,1,0,0,0,-0.798651,0,0,-0.68488,0,0,0,0,1,0,0,0,1,0,1,1
0,0,0,0,0,0,0,-0.648483,0,0,0,0,0,0,0,0,-0.58453,0,0,0,0,0,0,0,0,0,0,0,0,0,0,0,1.09214,3,0,0,0,0,1,0,0.722638,0,0,-0.690517,0,0,0,0,0,0,0,0,0,0,0,0,0,0,0,0,0,0,0,0,0,0,0,0,0,0,0,0,0,0,0,0,0,0,0,0,0,0,0,0,0,0,0,-0.615982,0,0,-0.681593,0,0,0,0,0,0,0,0,0,0,0,1
0,0,1,0,0,0,1,-0.439717,0,0,0,0,0,0,0,0,-0.710899,0,0,0,0,0,0,0,0,0,0,0,0,0,0,0,1.41814,0,0,0,0,0,0,0,0.940588,0,0,-0.772441,0,0,0,0,0,0,0,0,0,0,0,0,0,0,1,0,0,0,0,0,0,0,0,0,0,0,0,0,0,0,0,0,0,0,0,0,0,0,0,0,0,0,0,-0.796356,0,0,-0.67189,0,0,0,0,0,1,0,0,0,0,0,1
0,0,0,0,0,0,0,-0.596965,0,0,0,0,1,0,0,0,-0.720441,0,0,0,0,0,0,0,0,0,0,0,0,0,0,0,0.8045,3,0,0,0,0,1,0,2.596575,0,0,-0.550973,0,0,0,0,0,0,0,0,0,0,0,0,0,0,0,0,0,0,0,0,0,1,0,0,0,0,1,0,0,0,0,1,0,0,0,0,0,1,0,0,0,0,0,-0.632914,0,0,-0.711304,0,0,0,0,0,0,0,0,0,0,1,1
0,0,0,1,0,0,0,-0.714944,0,0,0,0,0,0,0,0,-0.588387,0,0,0,0,0,0,0,0,0,0,0,0,0,0,0,1.17489,3,0,0,0,0,0,0,1.274032,0,0,-0.716192,0,0,0,0,0,0,0,0,1,0,0,0,0,1,0,0,0,0,0,0,0,0,0,0,0,0,1,0,0,0,0,0,0,0,0,0,0,0,0,0,0,0,0,-0.651028,0,0,-0.822636,0,1,0,0,0,0,0,0,0,0,1,1
0,0,0,0,0,0,0,-0.833333,0,0,0,0,0,0,0,0,-0.56247,0,0,0,0,0,0,0,0,0,0,0,0,0,0,0,1.46441,1,0,0,0,0,0,0,1.823649,0,0,-0.720604,0,0,0,0,0,0,0,0,0,0,0,0,0,0,0,0,0,0,0,0,0,0,0,0,0,0,0,0,0,0,0,0,0,0,0,0,0,0,0,0,0,0,0,-0.527408,0,0,-0.689732,0,0,0,0,0,0,0,0,0,0,0,1
0,0,0,0,0,0,0,-0.651266,0,0,0,0,0,0,0,0,-0.551469,0,0,0,0,0,0,0,0,0,0,0,0,0,0,0,1.53574,4,0,0,0,0,0,0,0.925819,0,0,-0.787106,0,0,0,0,0,0,0,0,0,0,0,0,0,0,0,0,0,0,0,0,0,0,0,0,0,0,0,0,0,0,0,0,0,0,0,0,0,0,0,0,0,0,0,-0.500587,0,0,-0.63548,0,0,0,0,0,0,0,0,0,0,1,1
0,0,0,0,0,0,0,-0.705239,0,0,0,0,0,0,0,0,-0.65422,0,0,0,0,0,0,0,0,0,0,0,0,0,0,0,1.05601,4,0,0,0,0,0,0,0.932254,0,1,-0.676615,0,0,0,0,0,0,0,0,0,0,0,0,0,0,0,0,0,0,0,0,0,0,0,0,0,0,1,0,0,0,0,0,0,0,0,0,0,0,0,0,0,1,0,-0.776341,0,0,-0.642921,0,0,0,0,0,0,0,1,0,0,1,1
0,0,0,0,0,0,0,-0.801096,0,0,0,0,0,0,0,0,-0.645315,0,0,0,0,0,0,0,0,1,0,0,0,0,0,0,1.80593,3,0,0,0,0,0,0,0.747046,0,0,-0.812233,0,0,0,0,0,0,0,0,0,0,0,0,0,0,0,0,0,0,0,0,0,0,1,0,0,0,0,0,0,0,0,0,0,0,0,0,0,0,0,0,0,0,0,-0.652636,0,0,-0.439098,0,0,0,0,0,0,0,0,0,0,1,1
0,0,0,0,0,0,0,-0.76929,0,0,0,0,0,0,0,1,-0.626574,0,0,0,0,0,0,0,0,0,0,0,0,0,0,0,0.86075,1,0,0,0,0,0,0,0.752073,0,0,-0.623008,0,0,0,0,0,0,0,0,0,0,0,0,0,0,0,0,0,0,0,0,0,0,0,0,0,0,0,0,0,0,0,0,0,0,0,0,0,0,0,0,0,0,0,-0.590148,0,1,-0.661786,0,0,0,0,0,0,0,0,0,0,0,1
0,0,0,1,0,0,0,-0.697472,0,0,0,0,0,0,0,0,-0.639402,0,0,0,0,0,0,0,0,0,0,0,0,0,0,0,0.55859,1,0,0,0,0,0,0,0.90393,0,0,-0.560059,0,0,0,0,0,0,0,0,0,0,0,0,0,0,0,0,0,0,0,0,1,0,0,0,0,0,0,0,0,0,0,0,0,0,0,0,0,0,0,0,0,0,0,-0.759821,0,0,-0.589817,0,1,0,0,0,0,0,0,0,0,1,1
0,0,0,0,0,0,0,-0.739646,0,0,0,0,0,0,1,0,-0.705036,0,0,0,0,0,0,0,0,0,0,0,0,0,0,0,0.8609,1,0,0,1,0,0,0,0.967711,0,0,-0.610653,0,0,0,0,0,0,0,0,0,0,1,0,0,0,0,0,0,0,0,0,0,0,0,0,0,0,0,0,1,0,0,0,0,0,0,0,0,0,0,0,0,0,0,-0.604414,0,0,-0.781067,0,0,0,0,0,0,0,0,0,0,0,1
0,0,0,0,0,0,0,-0.822469,0,0,0,0,0,0,0,0,-0.269064,0,0,0,0,0,0,0,0,0,0,0,0,0,0,0,0.74507,0,0,0,0,0,0,0,0.259074,0,0,-0.528454,0,0,0,0,0,0,0,0,0,0,0,0,0,0,0,0,0,0,0,0,0,0,0,0,0,1,0,0,0,0,0,0,0,0,0,0,0,0,0,0,1,0,0,-0.466346,0,0,-0.679109,0,0,0,0,0,0,0,0,0,0,0,1
0,0,0,0,0,0,0,-0.826574,0,0,0,0,0,0,0,1,-0.621056,0,0,0,0,0,0,0,0,0,0,0,0,0,0,0,1.02458,3,0,0,0,0,1,0,1.647483,0,1,-0.700123,0,0,0,0,0,0,0,0,0,0,0,0,0,0,0,0,0,0,0,0,1,0,0,0,0,0,1,0,0,0,0,0,0,0,0,0,0,0,0,0,0,0,0,-0.692857,0,0,-0.686754,0,0,0,0,0,0,0,0,0,0,0,1
0,0,0,0,0,0,0,-0.673566,0,0,0,0,0,0,0,0,-0.691319,0,0,0,0,0,0,0,0,0,0,0,0,0,0,0,1.24037,4,0,0,0,0,0,0,1.565568,0,0,-0.710134,0,0,0,0,0,0,0,0,0,0,0,0,0,0,0,0,0,0,1,0,0,1,0,0,0,0,0,0,0,0,0,0,0,0,0,0,0,0,0,0,0,0,0,-0.477284,0,0,-0.672718,0,0,0,0,0,0,0,0,0,0,1,1
0,0,0,0,0,0,0,-0.702396,0,0,0,0,0,0,1,0,-0.559929,0,0,0,0,0,1,0,0,0,0,0,0,0,0,0,0.84653,5,0,0,0,1,0,0,2.325147,0,0,-0.591221,0,0,0,0,0,0,0,0,0,0,0,0,0,0,0,1,0,0,0,0,0,0,0,0,0,0,0,0,0,0,0,0,0,0,0,0,1,0,0,0,0,1,0,8.488377,0,1,-0.662621,0,0,0,0,0,0,0,0,0,0,1,1
0,1,0,0,0,0,0,-0.701946,0,0,0,1,0,0,0,0,-0.702504,0,0,0,0,0,0,0,0,0,0,0,0,0,0,0,1.34227,3,0,0,0,0,0,0,0.595605,0,0,-0.787503,0,0,0,0,0,0,0,0,0,0,1,0,0,0,0,0,0,0,0,0,0,0,0,0,0,0,0,0,0,0,0,0,0,0,0,0,0,0,0,0,0,0,0,-0.636535,0,0,-0.741257,0,0,0,0,0,0,0,0,0,0,1,1
0,0,0,0,0,0,0,-0.62457,0,0,0,0,0,0,0,0,-0.745675,0,0,0,0,0,0,0,0,0,0,0,0,0,0,0,0.77159,0,0,0,0,0,0,0,1.128837,0,0,-0.532037,0,0,0,0,0,0,0,0,0,0,0,0,0,0,0,0,0,0,0,0,0,0,0,0,0,0,0,0,0,0,0,0,0,0,0,0,0,0,0,0,0,0,0,-0.586971,0,0,-0.539908,0,0,0,0,0,0,0,0,1,0,0,1
0,0,0,0,0,0,0,-0.763594,0,0,0,0,0,0,0,0,-0.713665,0,0,0,0,0,0,0,0,0,0,0,0,0,0,0,1.35141,1,0,0,0,1,0,0,1.098405,0,0,-0.744891,0,0,0,0,0,0,0,0,0,0,0,0,0,0,0,0,0,0,0,1,0,0,0,0,0,0,0,0,0,0,0,0,0,0,0,1,0,0,0,0,0,0,0,-0.594233,0,0,-0.712083,0,0,0,0,0,0,0,0,0,0,1,1
0,0,0,0,0,0,0,-0.572936,0,0,0,0,0,0,0,0,-0.611052,0,0,0,0,0,0,0,0,0,0,0,0,0,0,0,0.99287,0,0,0,0,1,0,0,0.466021,0,0,-0.694529,0,0,0,0,0,0,0,0,0,0,1,1,0,0,0,0,0,0,0,0,0,0,0,0,0,0,0,0,0,0,0,0,0,0,0,0,0,0,0,0,0,0,0,-0.681561,0,0,-0.747158,0,0,0,0,0,0,0,0,0,0,0,1
0,0,0,0,0,0,0,-0.654305,0,0,0,0,0,0,0,0,-0.662766,0,0,0,0,0,0,0,0,0,0,0,0,0,1,0,1.50992,1,0,0,0,0,0,0,1.572186,0,0,-0.755782,0,0,0,0,0,0,0,0,0,0,0,1,0,0,0,0,0,0,0,0,0,0,0,0,0,0,0,0,0,0,0,0,0,0,0,0,0,0,0,0,0,0,0,-0.64145,0,0,-0.700159,0,0,0,0,0,0,0,0,1,0,1,1
0,0,0,1,0,0,0,-0.579967,0,0,0,0,0,0,0,0,-0.625382,0,0,0,0,0,0,0,0,0,0,1,0,0,0,0,1.31361,3,0,0,0,0,0,0,0.910214,0,0,-0.738848,0,0,0,0,0,0,0,0,0,0,0,0,0,0,0,0,0,0,0,0,0,0,0,0,0,0,0,0,0,0,0,0,0,0,0,0,0,0,0,1,0,0,0,-0.815647,0,0,-0.749717,0,0,0,0,0,0,0,0,0,0,0,1
0,0,0,0,0,0,0,-0.671346,0,0,0,0,0,0,0,0,-0.625714,0,0,0,0,0,0,0,0,0,0,0,0,0,0,0,1.89915,1,0,0,0,0,0,0,0.967582,0,0,-0.81685,0,0,1,0,0,1,0,0,0,0,0,0,0,0,0,0,0,0,0,0,0,0,0,0,0,0,0,0,0,0,0,0,0,0,0,0,0,0,0,0,0,0,0,-0.742438,0,0,-0.57538,0,0,0,0,0,0,0,0,0,0,0,1
0,0,0,0,0,0,0,-0.654205,0,0,0,0,0,0,0,0,-0.738249,0,0,0,0,0,0,0,0,0,0,0,0,0,0,0,1.29607,0,0,0,0,0,0,0,0.187485,0,0,-0.719383,0,1,0,0,0,0,0,0,0,0,0,0,0,0,0,0,0,0,0,0,0,1,0,0,0,0,0,0,0,0,0,0,0,0,0,0,0,0,0,0,0,0,0,-0.809479,0,0,-0.587423,0,0,0,0,0,0,0,0,0,0,0,1
0,0,0,0,0,0,0,-0.602205,0,0,0,0,0,0,0,0,-0.666196,0,0,0,0,0,0,0,0,0,1,0,0,0,0,0,0.81066,0,0,0,0,0,1,0,0.517359,0,0,-0.556091,0,0,0,0,0,0,1,0,0,0,0,0,0,0,0,0,0,0,0,0,0,0,0,0,0,0,0,0,0,0,0,0,0,0,0,0,0,0,0,0,0,0,0,-0.674473,0,0,-0.652697,0,0,0,0,0,0,0,1,0,0,0,1
0,0,0,1,0,0,0,-0.702855,0,0,0,0,0,0,0,0,-0.760441,0,0,0,0,0,0,0,0,0,0,0,0,0,0,0,0.59858,0,0,0,0,0,0,0,1.809824,0,0,-0.342521,0,0,0,0,0,0,0,0,0,0,0,0,0,0,0,0,0,0,0,0,0,0,0,0,0,0,0,0,1,0,0,0,0,0,0,0,0,0,0,0,0,0,0,-0.574355,0,0,-0.724191,0,0,0,0,0,0,0,0,0,0,0,1
0,0,1,0,0,0,0,-0.788536,0,0,0,0,0,0,0,0,-0.629369,0,0,0,0,0,0,0,0,0,0,0,0,0,1,0,1.2438,0,0,0,0,0,0,0,0.800601,0,0,-0.750656,0,0,0,0,0,0,0,0,0,0,0,0,0,0,1,0,0,0,0,1,0,0,0,0,0,0,0,0,0,0,0,0,0,0,0,0,0,0,0,1,0,0,0,-0.561663,0,0,-0.716273,0,0,0,0,0,0,0,0,0,0,0,1
0,0,0,0,0,0,0,-0.76543,0,0,0,0,0,0,0,0,-0.56272,0,0,0,0,0,0,0,0,0,0,0,0,0,0,0,0.89338,0,0,0,0,0,0,0,0.673275,0,0,-0.632129,0,0,0,0,0,0,0,0,0,0,0,0,0,0,0,0,0,0,0,0,0,0,0,0,0,0,1,0,0,0,0,0,0,0,0,0,0,0,0,0,0,0,0,-0.649197,0,0,-0.568901,0,0,0,0,0,0,0,0,0,1,0,1
0,0,0,0,0,0,0,-0.571731,0,0,0,0,0,0,0,0,-0.781631,0,0,1,0,0,0,0,0,0,0,0,0,0,0,0,0.77292,2,0,0,0,0,1,0,0.835842,0,0,-0.557225,0,0,0,0,0,0,0,0,0,0,0,0,0,0,0,0,0,0,0,0,0,0,0,0,0,0,0,0,0,0,0,0,0,0,0,0,0,0,0,0,0,0,0,-0.563653,0,0,-0.836086,0,0,0,0,0,0,0,1,0,0,0,1
0,0,0,0,0,0,0,-0.683644,0,0,0,0,0,0,0,0,-0.672815,0,0,0,0,0,0,0,0,0,0,0,0,0,0,0,1.31343,4,0,0,0,0,0,0,0.986283,0,0,-0.745036,0,0,0,0,0,0,0,0,0,0,0,0,0,0,0,0,0,0,0,0,0,0,0,0,0,0,0,0,0,0,0,0,0,0,0,0,0,0,0,0,0,0,0,-0.756166,0,0,-0.687843,0,0,0,0,0,0,0,0,0,1,1,1
0,0,0,0,0,0,0,-0.705055,0,0,0,0,0,0,0,0,-0.55428,0,0,0,0,0,0,0,1,0,0,0,0,0,0,0,1.02412,1,0,0,0,0,0,0,0.950478,0,0,-0.71637,0,0,0,0,0,0,0,0,0,0,0,0,0,0,0,0,0,0,0,0,0,0,0,0,0,0,1,0,0,0,0,0,0,0,1,0,0,0,0,0,0,1,0,-0.752538,0,0,-0.561663,0,0,0,0,0,0,0,0,0,0,1,1
0,0,0,0,0,0,0,-0.785051,0,0,0,0,0,0,0,0,-0.325874,0,0,0,0,0,0,0,0,0,0,0,0,0,0,0,1.5033,0,0,0,1,0,0,0,0.204082,0,0,-0.742217,0,0,0,0,0,0,0,0,0,0,1,1,0,0,0,0,0,0,0,0,0,0,1,0,0,0,0,0,1,0,0,0,0,0,0,0,0,0,1,0,0,0,0,-0.674557,0,0,-0.740854,0,0,0,0,0,0,0,0,0,0,0,1
0,0,0,0,0,0,0,-0.776879,0,0,0,0,0,0,0,1,-0.652656,0,0,0,1,0,0,0,0,1,0,0,0,0,0,0,0.61304,0,0,0,0,0,0,0,0.82823,0,0,-0.494562,0,0,0,0,0,0,0,0,0,0,0,0,0,0,0,0,0,0,0,0,0,0,0,0,0,0,0,0,0,0,0,0,0,0,0,0,0,1,0,0,0,0,0,-0.731707,0,0,-0.731582,0,0,0,0,0,0,0,1,0,0,0,1
0,0,0,0,0,0,0,-0.807593,0,0,0,0,0,0,0,0,-0.743839,0,0,0,0,0,0,0,0,0,0,0,0,0,0,0,0.89123,1,0,0,0,0,0,0,0.71627,0,0,-0.599705,0,0,0,0,0,0,0,0,0,0,0,0,0,0,0,0,0,0,0,0,0,1,0,0,0,0,0,0,0,0,0,0,0,0,1,0,0,0,0,0,0,0,0,-0.452142,0,0,-0.617554,0,0,0,0,0,0,0,0,0,0,1,1
0,0,0,0,0,0,0,-0.675179,0,1,0,0,0,0,0,0,-0.605259,0,0,1,0,0,0,0,0,0,0,0,0,0,0,0,1.15876,0,0,0,0,0,0,0,1.108644,0,0,-0.674193,0,0,0,0,0,0,0,0,0,0,0,0,0,0,0,0,0,0,0,0,0,0,0,0,0,0,0,0,0,0,0,0,0,0,0,0,0,0,0,0,0,0,0,-0.644739,0,0,-0.655918,0,0,0,0,0,0,0,0,0,0,0,1
0,0,0,0,0,0,0,-0.704441,0,0,0,0,0,0,0,0,-0.72552,0,0,0,0,0,0,0,0,0,0,0,0,0,0,0,0.59858,0,0,0,0,0,0,0,1.78127,0,0,-0.430895,0,0,0,0,0,0,0,0,0,0,0,0,0,0,0,0,0,0,0,0,0,0,0,0,0,0,0,0,0,0,0,0,0,0,0,0,0,0,0,0,0,0,0,-0.525013,0,0,-0.62457,0,0,0,0,0,0,0,0,0,0,0,1
0,0,1,0,0,0,0,-0.607185,0,0,0,0,0,0,0,0,-0.694627,0,0,0,0,0,0,0,0,0,0,0,0,0,0,0,1.42714,9,0,0,0,0,1,0,2.3276,0,0,-0.759248,0,0,0,0,0,1,0,0,0,0,0,1,0,0,0,0,0,0,0,0,0,0,0,0,0,0,0,0,0,0,0,0,0,0,0,0,0,0,0,0,0,0,0,-0.61256,0,0,-0.763981,0,0,0,0,0,0,0,0,0,0,0,1
0,0,0,0,0,0,0,-0.513023,0,0,0,1,0,0,0,0,-0.787087,0,0,0,0,0,0,0,0,0,1,0,0,0,0,0,0.77521,0,0,0,0,0,0,0,0.706256,0,0,-0.581082,0,0,0,0,0,0,0,0,0,0,0,0,0,0,0,0,0,0,0,0,0,0,0,0,0,0,0,0,0,0,0,0,0,0,0,0,0,0,0,0,0,0,0,-0.701712,0,0,-0.770285,0,0,0,0,0,0,0,0,0,1,0,1
0,0,0,0,0,0,0,-0.672612,0,0,0,0,1,0,0,0,-0.589476,0,0,1,0,0,0,0,0,0,0,0,0,0,0,0,1.58109,4,0,0,0,0,0,0,1.505549,0,0,-0.79267,0,0,0,0,0,0,0,0,1,0,0,0,0,0,0,0,0,0,0,0,0,0,0,0,0,0,0,1,1,0,0,0,0,0,0,0,0,0,0,0,0,0,0,-0.674715,0,0,-0.688388,0,0,0,0,0,0,0,0,1,0,1,1
0,0,0,0,0,0,0,-0.671899,0,0,0,0,0,0,0,0,-0.643629,0,0,0,0,0,0,0,1,0,0,0,0,0,0,0,0.97522,0,0,0,0,0,0,0,0.207658,0,0,-0.614484,0,0,0,0,0,0,0,0,0,0,0,0,0,0,0,0,0,0,0,0,0,0,0,0,0,0,0,0,0,0,0,0,0,0,0,0,0,0,0,0,0,0,0,-0.811016,0,0,-0.752227,0,0,0,0,0,0,0,0,0,0,0,1
0,0,0,0,0,0,1,-0.65753,0,0,0,0,0,0,0,0,-0.581668,0,0,0,0,1,0,0,0,0,0,0,0,0,0,0,1.3721,1,0,0,0,0,0,0,1.740825,0,0,-0.684464,0,0,0,0,0,0,0,0,0,0,0,0,0,0,0,0,0,0,0,1,0,0,0,0,0,0,0,0,0,0,0,0,0,0,0,0,0,0,0,0,0,0,0,-0.706428,0,0,-0.750526,0,0,0,0,0,0,0,0,0,0,1,1
0,0,0,0,0,0,0,-0.675893,0,0,0,0,0,0,0,0,-0.71621,0,0,0,0,0,0,0,0,0,0,0,0,0,0,0,1.16568,2,0,0,0,0,0,0,1.103512,0,0,-0.772363,0,0,0,0,0,0,0,0,0,0,1,0,0,0,0,0,0,0,0,0,0,1,0,0,0,0,0,0,0,0,0,0,0,0,0,0,0,0,0,0,0,0,0,-0.610558,0,0,-0.7886,0,0,0,0,0,0,0,0,0,0,1,1
0,0,0,0,0,0,0,-0.664983,0,0,0,0,0,0,0,0,-0.620016,0,0,0,0,0,0,0,0,1,0,0,0,0,0,0,1.60488,1,0,0,0,0,0,0,1.006951,0,0,-0.798207,0,0,0,0,0,0,0,0,0,0,0,0,0,0,0,0,0,0,0,0,1,0,0,0,0,0,0,0,0,0,0,0,0,0,0,0,0,0,0,0,0,0,0,-0.677924,0,0,-0.546169,0,0,0,0,0,0,0,0,0,0,0,1
0,0,0,0,0,0,0,-0.670425,0,0,0,0,0,0,0,0,-0.708064,0,0,0,0,0,0,0,0,0,0,0,0,0,0,0,1.4936,1,0,0,0,0,0,0,0.791702,0,0,-0.777217,0,0,0,0,0,0,0,0,0,0,0,0,0,0,0,0,0,0,0,0,0,0,0,0,0,0,0,0,0,0,0,0,0,0,0,0,0,0,0,0,0,0,0,-0.690806,0,0,-0.619493,0,0,0,0,0,0,0,0,0,0,0,1
0,0,0,0,0,0,0,-0.714273,0,0,0,0,0,0,0,0,-0.566573,0,0,0,0,0,0,0,1,0,0,0,0,0,0,0,1.24312,2,0,0,0,0,0,0,0.918515,0,0,-0.728061,0,0,0,0,0,0,0,0,0,0,0,0,0,0,0,0,0,0,0,1,0,0,0,0,0,0,0,0,0,0,0,0,0,0,0,0,0,0,0,0,0,0,0,-0.733524,0,0,-0.406116,0,0,0,0,0,0,0,0,0,1,1,1
0,0,1,0,0,0,0,-0.80765,0,0,0,0,0,0,0,0,-0.745861,0,0,0,0,0,0,0,0,0,0,0,0,0,0,0,1.66074,2,0,0,0,0,0,1,0.76219,0,0,-0.788741,0,0,0,0,0,0,0,0,0,0,0,0,0,1,0,0,0,0,0,0,0,0,0,0,0,0,0,0,0,0,0,0,1,0,0,0,0,0,0,0,0,0,0,-0.631701,0,0,-0.659896,0,0,0,0,0,0,0,0,0,0,1,1
0,0,0,0,0,0,0,-0.515795,0,0,0,0,0,0,0,0,-0.754065,0,0,0,0,0,0,0,0,0,0,0,0,0,0,0,1.37447,0,0,0,0,0,1,0,0.550912,0,0,-0.745004,0,0,0,0,0,0,0,0,0,0,0,0,0,0,0,0,0,0,0,0,1,0,0,0,0,0,0,0,0,0,0,0,0,0,0,0,0,0,0,0,0,0,0,-0.619608,0,0,-0.537681,0,0,0,0,0,0,0,0,0,0,0,1
0,0,0,0,0,0,0,-0.891096,0,0,0,0,0,0,0,0,-0.637504,0,0,0,0,0,0,0,0,0,0,0,0,0,0,0,0.53588,1,0,0,1,0,0,0,0.662092,0,0,-0.361843,0,0,0,0,0,0,0,0,0,0,0,0,0,0,0,0,0,0,0,0,0,0,0,0,0,0,0,0,1,0,0,0,0,0,0,0,0,0,1,0,0,0,0,-0.773098,0,0,-0.742014,0,0,0,0,0,0,0,0,0,1,0,1
0,0,0,0,1,0,0,-0.727964,0,1,0,0,0,0,1,1,-0.540389,0,0,0,0,0,0,0,0,0,0,0,0,1,0,0,1.60229,1,0,0,0,0,0,0,0.76171,0,0,-0.683628,0,0,0,0,0,0,0,0,0,0,0,0,0,1,0,0,0,0,0,0,0,0,0,1,0,0,0,0,0,0,0,0,0,0,0,0,0,0,0,0,0,0,0,-0.720235,0,1,-0.73913,0,0,0,0,0,0,0,0,0,0,1,1
0,0,0,0,0,0,0,-0.703294,0,0,0,0,0,0,0,0,-0.653881,0,0,0,0,0,0,0,0,0,0,0,0,0,1,0,1.2573,4,0,0,0,0,0,0,2.239764,1,0,-0.793035,0,0,0,0,0,0,0,0,0,0,0,0,1,0,0,1,0,0,0,0,0,0,0,0,0,0,0,0,0,1,0,0,0,0,0,0,0,0,0,0,0,0,0,-0.610439,0,0,-0.620928,0,0,0,0,0,0,0,0,0,0,0,1
0,0,0,0,0,0,0,-0.626754,0,0,0,0,0,0,0,0,-0.706073,0,0,0,0,0,0,0,1,0,0,0,0,0,0,0,1.66998,3,0,0,0,0,0,0,2.112937,0,0,-0.811462,0,0,0,0,0,0,0,0,0,0,0,0,0,0,0,0,0,0,0,0,0,0,0,0,0,0,0,0,0,0,0,0,1,0,0,0,0,0,0,0,0,0,0,-0.575752,0,0,-0.703071,0,0,0,0,0,0,0,0,1,0,0,1
0,0,0,0,0,0,0,-0.736816,0,0,0,0,0,0,0,0,-0.788417,0,0,0,0,0,0,0,0,0,0,0,0,0,0,0,1.23207,0,0,0,0,0,0,0,1.185973,0,0,-0.721484,0,0,0,0,0,0,0,0,0,0,0,1,0,0,0,0,0,0,0,0,0,1,0,0,0,0,0,0,0,0,0,0,0,0,0,0,0,0,0,0,0,0,0,-0.518779,0,0,-0.842105,0,0,0,0,0,0,0,0,0,0,0,1
0,0,0,1,0,0,0,-0.568679,0,0,0,0,0,0,0,0,-0.815381,0,0,0,0,0,0,0,0,0,0,0,0,0,0,0,1.39869,1,0,0,0,0,0,0,1.061799,0,0,-0.741613,0,0,0,0,0,0,0,0,0,0,0,0,0,0,0,0,0,0,0,0,0,0,1,0,0,0,0,0,0,0,0,0,0,0,0,0,0,0,0,0,0,0,0,-0.752514,0,0,-0.547283,0,0,0,0,0,0,0,0,0,0,1,1
0,0,0,0,0,0,0,-0.728588,0,0,0,0,0,0,0,0,-0.630048,0,0,1,0,0,0,0,0,0,0,0,0,0,0,0,1.43569,4,0,0,0,0,0,0,1.603667,0,0,-0.76011,0,0,0,0,0,0,0,0,0,0,0,0,0,0,0,0,0,0,0,0,1,0,0,0,0,0,0,0,0,0,0,0,0,0,0,0,0,0,0,0,0,1,0,-0.751423,0,0,-0.577649,0,1,0,0,0,0,0,0,0,0,0,1
0,0,0,0,0,0,0,-0.60015,0,0,0,0,0,0,0,0,-0.695001,0,0,0,0,0,0,0,0,0,0,0,0,0,0,0,1.04134,1,0,0,0,0,0,0,0.306327,0,0,-0.760311,0,0,0,0,0,0,0,0,0,0,0,0,0,0,0,0,0,0,0,0,1,0,0,0,0,0,0,0,0,0,0,0,0,0,0,0,0,0,0,0,0,0,0,-0.51408,0,0,-0.671703,0,0,0,0,0,0,0,0,0,0,0,1
0,0,0,0,0,0,0,-0.760792,0,0,0,0,0,0,0,0,-0.820186,0,0,0,0,0,0,0,0,0,0,0,0,0,0,0,0.85284,1,0,0,0,0,0,0,1.562553,0,0,-0.646403,0,0,0,0,0,0,0,0,0,0,0,0,0,0,0,0,0,0,0,1,0,1,0,0,0,0,0,0,0,0,0,0,0,0,0,0,0,0,0,0,0,0,0,-0.700872,0,0,-0.524156,0,0,0,0,0,1,0,0,0,0,1,1
0,0,0,1,0,0,0,-0.547449,0,0,0,0,0,0,0,0,-0.615456,0,0,0,0,0,0,0,0,0,0,0,0,0,0,0,0.91849,1,0,0,0,0,0,0,1.116683,0,0,-0.644776,0,0,0,0,0,0,0,0,0,0,0,0,0,0,0,0,0,0,0,0,0,0,0,0,0,0,0,0,0,0,0,0,0,0,0,0,0,0,0,0,0,0,0,-0.651604,0,0,-0.607839,0,0,0,0,0,1,0,0,0,0,0,1
0,0,1,0,0,0,1,-0.674956,0,0,0,0,0,0,0,0,-0.711311,0,0,0,1,0,0,0,0,0,0,0,0,0,0,0,0.73658,1,0,0,0,0,0,0,1.466984,0,0,-0.70828,0,0,0,0,0,0,0,0,0,0,0,0,0,0,0,0,0,0,0,0,0,0,0,0,0,0,0,0,0,0,0,0,0,0,0,0,0,0,0,0,0,0,0,-0.193171,0,0,-0.64776,1,0,0,0,0,0,0,0,0,0,0,1
0,0,0,0,0,0,0,-0.77927,0,0,0,0,0,0,0,0,-0.723163,0,0,0,0,0,0,0,0,0,0,0,0,0,0,0,1.50091,4,0,0,0,0,0,0,0.858732,0,0,1.555613,0,0,0,0,0,0,0,0,0,0,0,0,0,0,0,0,0,0,0,0,0,0,0,0,0,0,0,0,1,0,0,0,0,0,0,0,0,0,0,0,0,0,0,-0.692281,0,0,-0.573593,0,0,0,0,0,1,0,0,0,0,1,1
0,0,0,1,0,0,0,-0.778766,0,0,0,0,0,0,0,0,-0.686116,0,1,0,0,0,0,0,0,0,0,0,0,0,0,0,0.68824,2,0,0,1,0,0,0,1.741184,0,0,-0.509346,0,0,0,0,0,0,0,0,0,0,0,0,0,0,0,0,0,0,0,0,0,0,0,0,0,0,0,0,0,0,0,0,0,0,1,0,0,0,0,0,0,0,0,-0.566427,0,0,-0.675622,0,0,0,0,0,0,0,0,0,0,0,1
0,0,0,0,0,0,0,-0.759046,0,0,0,0,0,0,0,0,-0.526414,0,0,0,0,0,0,0,0,0,0,0,0,0,0,0,0.91599,1,0,0,0,0,0,0,0.291076,0,0,-0.624811,0,0,0,0,0,0,0,0,0,0,0,0,0,0,0,0,0,0,0,0,0,0,0,0,0,0,0,0,0,0,0,0,0,0,0,0,0,1,0,0,0,0,0,-0.667103,0,0,-0.760512,0,0,0,0,0,0,0,0,0,0,0,1
0,0,0,0,0,0,0,-0.610636,0,0,0,0,0,0,0,0,-0.815222,0,0,0,0,0,0,0,0,0,0,0,0,0,0,0,1.16337,1,0,0,0,0,0,0,0.982602,0,0,-0.705558,0,0,0,0,0,0,0,0,0,0,0,1,0,0,0,0,0,0,0,0,0,0,0,0,0,0,0,0,0,0,0,0,0,0,0,0,0,0,0,0,0,0,0,-0.563951,0,0,-0.739533,0,0,0,0,0,0,0,0,0,1,1,1
0,0,0,0,0,1,0,-0.586207,0,0,0,1,0,0,0,0,-0.683933,0,0,0,0,0,0,0,0,0,0,0,0,0,0,0,1.67695,0,0,0,0,0,0,0,0.729051,0,0,-0.794321,0,0,0,0,0,0,0,0,0,0,0,1,0,0,0,0,0,0,0,0,0,0,0,0,0,0,0,0,0,0,0,0,0,0,0,0,0,0,0,0,0,0,0,-0.697432,0,0,-0.667462,0,0,0,0,0,0,0,0,0,0,0,1
0,0,0,1,0,0,0,-0.627738,0,0,0,0,0,0,0,0,-0.290955,0,0,0,0,0,0,0,0,0,0,0,0,0,0,0,0.89375,2,0,0,0,0,0,0,1.434284,0,0,-0.655299,0,0,0,0,0,0,0,0,0,0,0,0,0,0,0,0,0,0,0,0,0,0,0,0,0,1,1,0,0,0,0,0,0,0,0,0,0,0,0,0,0,1,0,-0.61568,0,0,-0.784573,0,0,0,0,0,0,0,0,0,0,1,1
0,0,0,0,1,0,0,-0.301988,0,0,0,0,0,0,0,0,-0.555221,0,0,0,0,0,0,0,0,0,0,0,0,0,0,0,1.035,3,0,0,0,0,0,0,2.324836,0,0,-0.65816,0,0,0,0,0,0,0,0,0,0,0,0,0,0,0,0,0,0,0,0,0,0,0,0,0,0,0,0,0,0,0,0,0,0,0,0,0,0,0,0,0,0,0,-0.544913,0,0,-0.618837,0,0,0,0,0,0,0,1,0,0,1,1
0,0,0,0,0,1,0,-0.627645,0,0,0,0,0,0,0,0,-0.575619,0,0,0,0,0,0,0,0,0,0,0,0,0,0,0,1.27954,0,0,0,0,1,0,0,0.517234,0,0,-0.749479,0,0,0,0,0,0,0,0,0,0,0,0,0,0,0,0,0,0,0,1,0,0,0,0,0,0,0,0,0,0,0,0,0,1,0,0,0,0,0,1,1,0,0,-0.307603,0,0,-0.67654,0,0,1,0,0,0,0,0,0,0,1,1
0,0,0,0,0,0,0,-0.814981,0,0,0,0,0,0,0,0,-0.655135,0,0,0,0,0,0,0,0,0,0,0,0,0,1,0,1.82229,2,0,0,1,0,0,0,0.918779,0,0,-0.872777,0,0,0,0,0,0,0,0,0,0,0,0,0,0,0,0,0,1,0,0,1,0,0,0,0,0,0,0,0,0,0,0,0,0,0,0,0,0,0,0,0,0,0,-0.606553,0,0,-0.554678,0,0,0,0,0,0,0,1,0,0,0,1
0,0,0,1,0,0,0,2.347738,0,0,0,0,0,0,0,0,-0.681598,0,0,0,0,0,0,0,0,1,0,0,0,0,0,0,0.91129,3,0,0,0,0,0,0,2.158196,0,0,-0.620245,0,0,0,0,0,0,0,0,0,0,1,0,0,0,0,0,0,0,0,0,1,0,0,0,0,0,0,0,1,0,0,0,0,0,0,0,0,0,0,0,0,0,0,-0.647685,0,0,-0.610612,0,0,0,0,0,0,0,0,0,0,1,1
0,0,0,0,0,0,0,-0.845611,0,0,0,0,0,0,0,0,-0.732142,0,0,0,0,0,0,0,0,0,0,1,0,1,1,0,1.826,3,0,0,0,0,0,0,1.375398,0,0,7.522827,1,0,0,0,0,0,0,0,0,0,1,0,0,0,0,0,0,0,0,1,0,0,0,0,0,0,0,0,0,0,0,0,0,0,0,0,0,0,0,0,0,0,0,-0.675173,0,0,-0.55455,0,0,0,0,0,0,0,0,0,0,1,1
0,0,0,0,0,0,0,-0.721784,0,0,0,0,0,0,0,0,-0.647287,0,0,0,0,0,0,0,0,0,0,0,0,0,0,0,0.53788,0,0,0,0,0,0,0,1.160702,0,0,-0.359514,0,0,0,0,0,0,0,0,0,0,0,0,0,0,0,0,0,0,0,0,1,0,0,0,0,0,0,0,0,0,0,0,0,0,0,0,0,0,0,0,0,0,0,2.946657,0,0,-0.686183,0,0,0,0,0,0,0,0,0,0,0,1
0,0,0,1,0,0,0,-0.752421,0,0,0,0,0,0,0,0,-0.683158,1,0,0,0,0,0,0,0,0,0,0,0,0,0,0,1.79124,0,0,0,0,0,0,0,0.534373,0,0,-0.804253,0,0,0,0,0,0,0,0,0,0,0,0,0,0,0,0,0,1,0,0,0,0,0,0,0,0,0,0,1,0,0,0,0,0,0,0,0,0,0,1,0,0,0,-0.83647,0,0,-0.670568,0,0,0,0,0,0,0,0,0,0,0,1
0,0,0,0,0,0,0,-0.62885,0,0,0,0,0,0,0,0,-0.601831,0,0,0,0,0,0,0,0,0,0,0,0,0,0,0,0.63773,0,0,0,0,0,0,0,0.789055,0,0,-0.559997,0,0,0,0,0,0,0,0,0,0,0,0,0,1,0,0,0,0,0,0,0,0,0,0,0,0,0,0,0,0,0,0,0,0,0,0,0,0,0,0,0,0,0,-0.733001,0,0,-0.596363,0,0,0,0,0,0,0,0,0,0,0,1
0,0,0,0,0,0,0,-0.677307,0,1,0,0,0,0,0,0,-0.719017,0,0,0,0,0,0,0,0,0,0,0,0,0,0,0,1.47069,6,0,1,0,0,0,0,1.359268,0,0,-0.785535,0,0,0,0,0,0,0,0,0,0,0,1,0,0,0,0,0,0,0,0,0,0,0,0,0,0,0,0,0,0,0,0,0,0,0,0,0,0,0,0,0,1,0,-0.674501,0,1,-0.747996,0,0,0,0,0,0,1,0,1,0,1,1
0,0,0,0,0,0,0,-0.629571,0,0,0,0,0,0,0,0,-0.728675,0,0,0,0,0,0,0,0,0,0,0,0,0,0,0,1.24549,0,0,0,0,0,1,0,0.539399,0,0,-0.726202,0,0,0,0,0,0,0,0,0,0,0,0,0,0,0,0,0,0,0,1,0,0,0,0,0,0,0,0,1,0,0,1,0,0,0,0,0,0,0,0,0,0,0,-0.804832,0,1,-0.637434,0,0,0,0,0,0,0,0,0,0,0,1
0,0,0,0,0,0,0,-0.767551,0,0,0,0,0,0,0,0,-0.691273,0,0,0,0,0,0,0,1,0,0,0,0,0,0,0,1.64309,1,0,0,0,0,0,0,0.937411,0,0,-0.813297,0,0,0,0,0,0,0,0,0,0,0,0,0,0,0,0,1,0,0,0,0,0,0,0,0,1,0,0,1,0,0,0,0,0,0,0,0,0,0,0,0,0,0,-0.445521,0,0,-0.761695,0,0,0,0,0,0,0,0,0,0,1,1
0,0,0,0,0,0,0,-0.652294,0,0,0,0,0,1,0,0,-0.705481,0,0,0,0,0,0,0,0,0,0,0,0,0,0,0,1.48197,0,0,0,0,0,0,0,0.887069,0,0,-0.819789,0,0,0,0,0,0,0,0,0,0,0,0,0,0,0,0,0,0,0,1,0,1,0,0,0,0,0,0,0,0,0,1,0,0,0,0,0,1,0,0,0,0,0,-0.676989,0,0,8.356862,0,0,0,0,0,0,0,0,0,0,0,1
0,0,0,0,0,0,1,-0.639414,0,0,0,0,0,0,0,0,-0.748352,0,0,0,0,0,0,0,0,0,0,0,0,0,0,0,0.99293,4,0,0,0,0,0,0,1.752233,0,0,-0.661082,0,0,0,0,0,0,0,0,0,0,0,0,0,0,0,0,0,0,0,0,0,0,0,0,0,0,0,0,0,0,0,0,0,0,0,0,0,1,0,0,0,0,0,-0.700325,0,0,-0.711323,0,0,0,0,1,0,0,0,0,0,0,1
0,0,1,0,0,0,1,-0.754325,0,1,0,0,0,0,0,0,-0.346746,0,0,0,0,0,0,0,0,0,0,0,0,0,1,0,1.19892,4,1,0,1,0,0,0,1.090284,0,0,-0.715562,0,0,0,0,0,0,0,0,0,0,0,0,0,0,0,0,0,0,0,0,0,0,0,0,0,0,0,0,0,0,0,0,0,0,0,0,0,0,0,0,0,0,0,-0.637676,0,0,-0.68787,0,0,0,0,0,0,0,0,0,0,1,1
0,0,1,0,0,0,0,-0.627219,0,0,0,0,0,0,0,0,6.776322,0,0,0,0,0,0,0,0,0,0,0,0,0,0,0,1.64248,4,0,0,0,1,0,0,1.028311,0,0,-0.78664,0,0,0,0,0,0,0,0,0,0,0,0,0,0,1,0,1,0,0,0,0,0,0,0,0,0,0,0,0,0,0,0,0,0,0,0,0,0,0,0,0,0,0,-0.864622,0,0,-0.584293,0,0,0,0,0,0,0,0,0,0,0,1
0,0,0,0,0,0,0,-0.62584,0,0,0,0,0,0,0,0,-0.631996,0,0,0,0,0,0,0,0,0,0,0,0,0,0,0,0.97144,0,0,0,0,0,0,0,0.286106,0,0,-0.656444,0,0,0,0,0,0,0,0,0,0,0,0,0,0,0,0,0,0,0,0,0,0,0,0,0,0,0,0,0,0,0,0,0,0,0,0,0,0,0,0,0,0,0,-0.654147,0,0,-0.687794,0,0,0,0,1,0,0,0,0,1,0,1
0,0,0,0,0,0,0,-0.75797,0,0,0,1,0,0,0,0,-0.604384,0,0,0,0,0,0,0,0,0,0,0,0,0,0,0,1.00689,3,0,0,0,0,0,0,2.503456,0,0,-0.660696,0,0,0,0,0,0,0,0,0,0,0,0,0,0,0,0,0,0,0,0,0,0,0,0,0,0,0,0,0,0,0,0,0,0,0,1,0,0,0,0,0,0,0,3.877954,0,0,-0.720281,0,0,0,0,0,0,0,1,0,0,1,1
0,0,0,0,0,0,0,-0.81256,0,0,0,0,0,0,0,0,-0.552823,0,0,0,0,0,0,0,0,0,0,0,0,0,0,0,1.42226,4,0,0,0,0,0,0,1.758923,0,0,-0.757926,0,0,0,0,0,0,0,0,0,0,1,0,0,0,0,0,0,0,0,0,0,0,0,0,0,0,0,0,0,0,0,0,0,0,0,0,0,0,1,0,1,0,0,-0.826307,0,0,-0.622882,0,0,0,0,0,0,0,0,0,0,1,1
0,0,0,0,0,0,0,-0.81903,0,0,0,0,0,0,0,0,-0.580764,0,0,0,0,0,0,0,0,0,0,0,0,0,0,0,1.13904,2,0,0,0,0,0,0,1.582912,0,0,-0.696932,0,0,0,0,0,0,0,0,0,0,0,0,0,0,0,0,0,0,0,0,1,0,0,0,0,0,0,0,0,0,0,0,0,0,0,0,0,0,0,0,0,0,0,-0.588673,0,0,-0.505921,0,0,0,0,0,0,0,0,0,0,0,1
0,0,0,0,0,0,0,-0.815471,0,0,0,0,0,0,0,0,-0.319235,0,0,0,0,0,0,0,1,0,0,0,0,0,0,0,1.10238,2,0,0,0,0,0,0,0.882845,0,0,-0.596915,0,0,0,0,0,0,0,0,0,0,1,0,0,0,0,0,0,0,0,0,0,0,0,0,0,0,0,0,0,0,0,0,0,0,0,0,0,0,0,0,0,0,0,-0.478415,0,0,-0.552421,0,0,0,0,0,0,0,0,0,0,0,1
0,0,0,0,0,0,0,-0.665243,0,0,0,0,0,0,0,0,-0.513415,0,0,0,0,0,0,0,0,0,0,0,0,0,0,0,0.8907,2,0,0,0,0,0,0,1.26805,0,0,-0.619014,0,0,0,0,0,0,1,0,0,0,0,1,0,0,0,0,0,0,0,0,0,0,1,0,0,1,0,0,0,0,0,0,0,0,0,0,0,0,0,0,0,0,0,-0.624315,0,0,-0.74215,0,0,0,0,0,0,0,0,0,0,1,1
0,0,0,0,0,0,0,-0.537616,0,0,0,0,0,0,0,0,-0.725756,0,0,0,0,0,0,0,0,0,0,0,0,0,0,0,1.15063,0,0,0,0,0,0,0,1.245071,0,0,-0.714586,0,0,0,0,0,0,0,0,0,0,0,0,0,0,0,0,0,0,0,0,0,0,0,0,0,0,0,0,0,0,0,0,0,0,0,0,0,0,0,0,0,0,0,-0.578917,0,0,-0.748182,0,0,0,0,0,0,0,0,0,0,1,1
0,0,0,0,0,0,0,-0.828012,0,0,0,0,0,0,0,0,-0.800952,0,0,0,0,0,0,0,0,0,0,0,0,0,0,0,1.38996,1,0,0,1,0,0,0,2.583858,0,0,-0.737097,0,0,0,0,0,0,0,0,0,0,0,0,0,0,0,0,0,0,0,1,1,1,0,0,0,0,0,0,0,0,0,0,0,0,0,0,0,0,0,0,0,0,0,-0.719661,0,0,-0.722398,0,0,0,0,0,0,0,0,0,0,1,1
0,0,0,0,0,0,0,-0.728279,0,0,0,0,0,0,0,0,-0.61873,0,0,1,0,0,0,0,0,1,0,0,0,0,0,0,1.08509,0,0,0,0,0,0,0,0.513788,0,0,-0.680122,0,0,0,0,0,0,0,0,0,0,0,0,0,0,0,0,0,0,0,0,0,0,0,0,0,0,0,0,0,0,0,0,0,0,0,0,0,0,0,0,0,0,0,-0.502268,0,0,-0.722621,0,0,0,0,0,0,0,0,0,0,1,1
0,0,0,0,0,0,0,-0.601213,0,0,0,0,0,0,0,0,-0.68101,0,0,0,0,0,0,0,0,0,0,0,0,0,0,0,1.1118,3,0,0,0,0,0,0,2.447473,0,0,-0.689927,0,0,0,0,0,0,1,0,0,0,0,1,0,0,0,0,0,0,0,0,0,0,0,0,0,0,0,0,0,0,0,0,0,0,0,0,0,0,0,0,0,0,0,-0.505934,0,0,-0.726893,0,0,0,0,0,0,0,0,0,0,1,1
0,0,0,0,0,0,0,-0.868378,0,0,0,0,0,0,0,0,-0.683577,0,0,0,0,0,0,0,0,0,1,0,0,0,0,0,0.72768,0,0,0,0,0,0,0,0.667538,0,0,-0.538005,0,1,0,0,0,0,0,0,0,0,0,0,0,0,0,0,0,0,0,0,0,0,0,0,0,0,0,0,0,0,0,0,0,0,0,0,0,0,0,0,0,0,0,-0.41745,0,0,-0.658453,0,0,0,0,0,0,0,0,0,0,0,1
0,0,0,0,0,0,0,-0.762682,0,0,0,0,0,0,0,0,-0.624976,0,0,0,0,0,0,0,0,1,0,0,0,0,0,0,1.14314,1,0,0,0,0,0,0,1.109647,0,0,-0.690365,0,0,0,0,0,0,0,0,0,0,0,0,0,1,0,0,0,0,0,0,0,0,0,0,0,0,0,0,0,0,0,0,0,1,0,0,0,0,0,1,0,0,0,-0.758305,0,0,-0.852134,0,0,0,0,0,0,0,0,0,0,1,1
0,0,0,0,0,0,0,-0.710173,0,0,0,0,0,0,0,0,-0.661703,0,0,0,1,0,0,0,0,0,0,0,0,0,0,0,1.39536,3,0,0,0,0,0,0,1.112425,0,0,-0.733735,0,0,0,0,0,0,0,0,0,0,1,0,0,0,0,0,0,0,0,0,0,0,0,0,0,0,0,0,0,0,0,0,0,0,0,0,0,0,0,1,0,0,0,-0.741093,0,0,-0.382418,0,0,0,0,0,0,0,1,0,0,1,1
0,0,0,0,0,0,0,-0.689149,0,0,0,0,0,0,0,0,-0.527331,0,0,0,0,0,0,0,0,0,0,0,0,0,1,0,1.30049,4,0,0,0,0,0,0,1.49949,0,0,-0.738336,0,0,0,0,0,0,0,0,0,0,0,0,0,0,0,0,0,0,0,0,0,0,0,0,0,0,0,0,0,0,0,0,0,0,0,0,0,0,0,0,0,0,0,-0.730675,0,0,-0.786545,0,0,0,0,0,0,0,0,0,0,1,1
0,0,0,0,0,0,0,-0.504675,0,0,0,0,0,0,0,0,-0.698229,0,0,1,0,0,0,0,0,0,0,0,0,0,0,0,1.3898,2,0,0,0,0,0,0,0.625933,0,0,-0.763268,0,0,0,0,0,0,0,0,0,0,0,0,0,0,0,0,0,0,0,0,0,0,0,0,0,0,0,0,0,0,0,0,0,0,0,0,0,0,0,0,0,0,0,-0.521045,0,0,-0.476021,0,0,0,0,0,0,0,0,0,0,1,1
0,0,0,0,0,0,0,-0.662616,0,0,0,1,0,0,0,0,-0.648104,0,0,0,0,1,0,0,0,0,0,0,0,0,0,0,0.48723,3,0,0,0,0,0,0,2.610999,0,0,-0.449753,0,0,0,0,0,0,0,0,0,0,0,0,0,0,0,0,1,0,0,0,0,0,0,0,0,0,0,0,0,0,0,0,0,0,0,0,0,0,0,0,1,0,0,-0.621392,0,0,-0.619374,0,0,0,0,0,0,0,0,0,0,0,1
0,0,0,0,0,0,0,-0.686209,0,0,0,0,0,0,0,0,-0.746329,0,0,0,0,0,0,0,0,0,0,0,0,0,0,0,0.61514,1,0,0,0,0,0,0,0.261105,0,0,-0.552936,0,0,0,0,0,0,0,0,0,0,0,0,0,0,0,0,0,0,0,0,1,0,0,0,0,0,0,0,0,0,0,0,0,0,0,0,0,0,0,0,0,0,0,-0.459473,0,0,-0.84699,0,0,0,0,0,0,0,0,0,0,0,1
0,0,0,0,0,0,0,-0.721859,0,0,0,0,0,0,1,0,-0.5817,0,0,0,1,0,0,0,0,0,1,0,0,1,0,0,1.28386,2,0,0,0,0,0,0,1.239297,0,0,-0.703037,0,0,0,0,0,0,0,0,0,0,0,0,0,0,0,0,0,0,0,0,0,0,0,0,0,0,1,0,0,0,0,0,0,0,0,0,0,0,0,0,0,0,0,-0.535475,0,0,-0.719195,0,0,0,0,0,0,0,0,1,0,1,1
0,0,0,0,0,0,0,-0.772285,0,0,0,0,0,0,0,0,-0.598994,0,0,0,0,0,0,0,0,0,0,0,0,0,0,0,1.11572,0,0,0,1,0,1,0,0.937725,0,0,-0.686583,0,0,0,0,0,0,0,0,0,0,0,0,0,0,0,0,0,0,0,0,0,0,0,0,0,0,0,0,0,0,0,0,0,0,0,0,0,0,0,0,0,0,0,-0.693502,0,0,-0.61863,0,0,0,0,0,0,0,0,0,0,0,1
0,0,0,0,0,0,0,1.803569,0,0,0,0,0,0,0,0,-0.631039,0,0,1,0,0,0,0,0,0,0,0,0,0,0,0,1.11366,3,0,0,0,1,0,0,1.090682,1,0,-0.708373,0,0,0,0,0,0,0,0,0,0,0,0,0,0,0,1,0,0,0,0,0,0,0,0,0,0,0,0,0,0,0,0,0,0,0,0,0,0,0,0,0,0,0,-0.679155,0,0,-0.773579,0,0,0,0,0,0,0,0,0,0,0,1
0,0,0,0,0,0,0,-0.744012,0,0,0,0,0,0,0,0,-0.585446,0,0,0,1,0,0,0,0,0,0,0,0,0,0,0,1.75313,1,0,0,0,0,0,0,0.471328,0,0,-0.793134,0,0,0,0,0,0,0,0,0,0,0,0,0,0,0,0,0,0,0,0,0,0,0,0,0,0,0,0,0,0,0,0,0,0,0,1,0,0,0,0,0,0,0,-0.577719,0,0,-0.649126,0,0,0,0,0,0,0,0,1,0,1,1
0,0,0,0,0,0,0,-0.509769,0,0,0,0,0,0,0,0,-0.506346,0,0,0,0,0,0,0,0,0,0,0,0,0,0,0,0.63279,0,0,0,0,0,0,0,0.768406,0,0,-0.414859,0,0,0,0,0,0,0,0,0,0,0,0,0,0,0,0,0,0,0,0,0,1,0,0,0,0,1,0,0,0,0,0,0,0,0,0,0,0,0,0,0,0,0,-0.762098,0,0,-0.436159,0,1,0,0,0,0,0,1,0,0,0,1
0,0,0,0,0,0,0,-0.612568,0,0,0,0,0,0,0,0,-0.572892,0,0,0,0,0,0,0,0,0,0,0,0,0,0,0,0.88224,0,0,0,0,0,0,0,0.884973,0,0,-0.596664,0,0,0,0,0,0,0,0,0,0,0,0,0,0,0,0,0,0,0,0,1,0,0,0,0,0,0,0,0,0,0,0,0,0,0,0,0,0,0,0,0,0,0,-0.749767,0,0,-0.738354,0,0,0,0,0,0,0,0,0,0,0,1
0,0,0,0,0,0,0,-0.700086,0,0,0,0,0,0,0,0,-0.685654,0,0,0,0,0,0,0,0,0,0,0,0,0,0,0,0.80088,0,0,0,0,0,0,0,0.230586,0,0,-0.515066,0,0,0,0,0,0,0,0,0,0,0,1,0,0,0,0,0,0,0,0,1,1,0,0,0,0,0,0,0,0,0,0,0,0,0,0,0,0,0,0,0,0,0,-0.82263,0,0,-0.792285,0,0,0,0,0,0,0,0,0,0,0,1
0,0,0,1,0,0,0,-0.68976,0,0,0,0,0,0,0,0,-0.457259,0,0,0,1,0,0,0,0,0,0,0,0,0,0,0,1.11458,1,0,0,0,0,0,0,0.806918,0,0,-0.709408,0,0,0,0,0,0,0,0,0,0,0,0,0,0,0,0,0,0,0,0,0,0,1,0,0,0,0,0,1,0,0,0,0,0,0,0,0,0,0,0,0,0,0,-0.79395,0,0,-0.927807,0,0,0,0,0,0,0,0,1,0,1,1
0,0,0,0,0,0,0,-0.447792,0,0,0,0,0,0,0,0,-0.429163,0,0,0,0,0,0,0,0,0,0,0,0,0,0,0,1.17611,2,0,0,0,0,0,0,1.359415,0,0,-0.706641,1,0,0,0,0,0,0,0,0,0,0,0,0,0,0,0,0,0,0,0,0,0,0,0,0,0,0,0,1,0,0,0,0,0,0,0,0,0,0,1,0,0,0,-0.63527,0,0,-0.67625,0,0,0,0,0,0,0,0,0,0,1,1
0,0,0,0,0,0,0,-0.725668,0,0,0,0,0,0,0,0,-0.684122,0,0,0,0,0,0,0,0,0,0,0,0,0,0,0,0.74776,0,0,0,0,0,0,0,1.095976,0,0,-0.521385,0,0,0,0,0,0,0,0,0,0,0,0,0,0,0,0,0,0,0,0,0,0,0,0,0,0,0,0,0,0,0,0,0,0,0,0,0,0,0,0,0,0,0,-0.619578,0,0,-0.799369,0,0,0,0,0,1,0,1,0,0,0,1
0,0,0,0,0,0,0,-0.721264,0,0,0,0,0,0,0,0,-0.68532,0,0,0,0,0,0,0,0,0,0,0,0,0,0,0,1.5053,4,0,0,0,0,0,0,1.365996,0,0,-0.770167,0,0,0,0,0,0,0,0,0,0,0,1,0,0,0,0,0,0,0,0,0,0,0,0,0,0,0,0,0,0,0,0,0,0,0,0,0,0,0,0,0,0,0,-0.569481,0,0,-0.866161,0,0,0,0,0,0,0,0,0,0,1,1
0,0,0,0,0,0,0,-0.675889,0,0,0,0,0,0,0,0,-0.656474,0,0,0,0,0,0,0,0,0,0,0,0,0,0,0,1.00867,0,0,0,0,0,0,0,0.326325,0,0,-0.643468,0,1,0,0,0,0,0,0,0,0,0,0,0,0,0,0,0,0,0,0,0,0,0,0,0,0,0,0,0,0,0,0,0,0,0,0,0,0,0,0,0,0,0,-0.721939,0,0,-0.719572,0,0,0,0,0,0,0,0,0,0,0,1
0,0,0,0,0,0,0,-0.502612,0,0,0,0,0,0,0,0,-0.625136,0,0,0,0,0,0,0,0,0,0,0,0,0,0,0,1.34541,0,0,0,0,0,0,0,0.507812,0,0,-0.716185,0,0,0,0,0,0,0,0,0,0,0,0,0,0,0,0,0,0,0,0,1,0,0,0,0,0,1,0,0,0,0,0,0,0,0,0,0,0,0,0,0,0,0,0.717983,0,0,-0.834045,0,0,0,0,0,0,0,0,0,0,0,1
0,0,0,1,0,0,0,-0.702767,0,0,0,0,0,0,0,0,-0.743287,0,0,0,0,0,0,0,0,0,0,0,0,0,1,0,0.76337,0,0,0,0,0,0,0,2.245159,0,0,-0.604876,0,0,0,0,0,0,0,0,0,0,0,0,0,0,0,0,0,0,0,0,0,0,0,0,0,0,0,0,0,0,0,0,0,0,0,0,0,0,0,0,0,0,0,-0.660327,0,0,-0.62649,0,0,0,0,0,1,0,0,0,0,0,1
0,0,0,0,0,0,0,-0.618901,0,0,0,0,0,0,0,0,-0.626858,0,0,0,0,0,0,0,0,0,0,0,0,0,0,0,0.88091,0,0,0,0,0,0,0,0.206507,0,0,-0.614971,0,0,0,0,0,0,0,0,0,0,0,0,0,0,0,0,0,0,0,0,0,0,0,0,0,0,0,0,1,0,0,0,0,0,0,0,0,0,0,0,0,0,0,-0.768401,0,0,-0.841202,0,0,0,0,1,0,0,0,0,0,0,1
0,0,0,0,0,0,0,-0.76516,0,0,0,0,0,0,0,0,-0.459974,0,0,0,0,0,0,1,0,0,0,0,0,0,1,0,1.0182,3,0,0,0,0,0,0,1.393829,0,0,-0.671598,0,0,0,0,0,0,0,0,0,0,0,0,0,0,0,0,0,0,0,0,0,0,0,0,0,0,0,0,0,0,0,0,0,0,0,0,0,0,0,0,0,0,0,-0.577224,0,0,-0.774287,0,0,0,0,0,0,0,0,0,1,1,1
0,0,0,0,0,0,0,-0.775108,0,0,0,0,0,0,0,0,-0.721924,0,0,0,0,0,0,0,0,0,0,0,0,0,0,0,0.66722,1,0,0,1,0,0,0,0.778117,0,0,-0.476107,0,0,0,0,0,0,0,0,0,0,0,0,0,0,0,0,0,0,0,0,0,0,0,0,0,0,0,0,0,0,0,0,0,0,0,0,0,0,0,0,0,0,0,-0.578646,0,0,-0.730456,0,0,0,0,0,0,0,0,0,0,0,1
0,0,0,0,0,0,0,8.04185,0,0,0,0,0,0,0,0,-0.537412,0,0,1,0,0,1,0,0,0,0,0,0,0,0,0,1.69069,5,0,0,0,0,0,0,1.406663,0,0,-0.759893,0,0,0,0,0,0,0,0,0,0,0,0,0,1,0,0,0,0,0,0,0,0,0,0,0,0,0,1,0,0,0,0,0,0,0,0,0,0,0,1,0,1,0,-0.775716,0,0,-0.632665,0,0,0,0,0,0,0,0,1,1,0,1
0,0,0,0,0,0,0,-0.610485,0,0,0,0,0,0,0,0,-0.821445,0,0,0,0,0,0,0,0,0,0,0,0,0,0,0,0.67733,0,0,0,0,0,0,0,0.701398,0,0,-0.497721,0,0,0,0,0,0,0,0,0,0,0,0,0,0,0,0,0,0,0,0,0,0,0,0,0,0,0,0,0,0,0,0,0,0,0,0,0,0,0,0,0,0,0,-0.735331,0,0,-0.727354,0,0,0,0,0,0,0,0,0,0,0,1
0,0,0,0,0,0,0,-0.820957,0,0,0,0,0,0,0,0,-0.574862,0,0,0,0,0,0,0,0,0,0,0,0,0,0,0,1.44887,0,0,0,0,0,0,0,0.531119,0,0,-0.76859,0,0,0,0,0,0,0,0,0,0,0,0,0,0,0,0,0,0,0,0,0,0,0,0,0,1,0,0,0,0,0,0,0,0,0,0,0,0,0,1,0,0,0,-0.765475,0,0,-0.688078,0,0,0,0,0,0,0,0,0,0,1,1
0,0,0,0,0,0,0,-0.648185,0,0,0,0,0,0,0,1,7.298714,0,0,0,0,0,0,0,0,0,0,0,0,0,0,0,1.71234,4,0,0,0,0,0,0,0.979609,0,1,-0.790067,0,0,0,0,0,0,0,0,0,0,1,0,0,0,0,0,0,0,0,0,1,0,0,0,0,0,0,0,0,0,0,0,0,0,0,0,0,0,0,1,0,0,0,-0.799803,0,0,-0.70506,0,0,0,0,0,0,0,0,0,0,1,1
0,0,0,1,0,0,0,-0.752023,0,0,0,0,0,0,0,0,-0.679586,0,0,0,0,0,0,0,0,0,0,0,0,0,0,0,0.90797,0,0,0,0,1,0,0,0.719788,0,0,-0.615879,0,0,0,0,0,0,0,0,0,0,0,0,0,0,0,0,0,0,0,0,0,0,0,0,0,0,0,0,0,0,0,0,0,0,0,0,0,0,0,0,0,0,0,-0.710839,0,0,-0.670249,0,0,0,0,0,0,0,0,0,0,0,1
0,0,0,0,0,0,0,-0.89912,0,0,0,0,0,0,0,0,-0.5656,0,0,0,0,0,0,0,0,0,0,0,0,0,0,0,1.26925,1,0,0,0,0,0,0,0.243449,0,0,-0.677846,0,0,0,0,0,0,0,0,0,0,0,0,0,0,0,0,0,0,0,0,0,0,1,0,0,0,0,0,1,0,0,0,0,0,0,0,0,0,0,0,0,0,0,-0.674377,0,0,-0.68983,0,0,0,0,0,0,0,0,0,1,0,1
0,0,1,0,0,0,1,-0.755112,0,0,0,0,0,0,0,0,-0.756709,0,0,0,0,0,0,0,0,0,0,0,0,0,0,0,1.65557,1,0,0,0,0,0,0,0.392854,0,0,-0.798777,0,0,1,0,0,0,0,0,0,0,1,0,0,0,0,0,0,0,0,0,0,0,0,0,0,0,0,0,0,0,0,0,0,0,0,0,0,0,0,0,0,0,0,-0.669276,0,0,-0.574282,0,0,0,0,0,0,0,0,0,0,0,1
0,0,0,0,0,0,0,-0.645192,0,0,0,0,0,0,0,0,-0.823529,0,0,0,0,0,0,0,0,0,0,0,0,0,0,0,1.31972,1,0,0,0,0,0,0,1.048168,0,0,-0.739981,0,0,0,0,0,0,0,0,0,0,0,0,0,0,0,0,0,0,0,0,0,0,0,0,0,0,0,0,0,0,0,0,0,0,0,0,0,0,0,0,0,0,0,-0.671443,0,0,-0.596303,0,0,0,0,0,0,0,1,0,0,1,1
0,0,0,0,0,0,0,-0.796836,0,0,0,0,0,0,0,1,-0.653931,0,1,0,0,0,0,0,0,0,0,0,0,0,0,0,0.80432,0,0,0,0,0,0,0,0.21435,0,0,-0.571076,0,0,0,0,0,0,0,0,0,0,0,1,0,0,0,0,0,0,0,0,0,0,0,0,0,0,0,0,1,0,0,0,0,0,0,0,0,0,0,0,0,0,0,-0.632217,0,0,-0.606562,0,0,0,0,0,0,0,0,1,0,0,1
0,0,1,0,0,0,0,-0.435694,0,0,0,0,0,0,0,0,-0.59385,0,0,0,0,0,0,0,0,0,0,0,0,0,0,0,1.87428,3,0,0,0,0,1,0,0.797485,0,0,-0.790605,0,0,0,0,0,0,0,0,0,0,0,0,0,0,0,0,0,0,0,1,1,0,0,0,0,0,0,0,0,0,0,0,0,0,0,0,0,0,0,0,0,0,0,-0.659484,0,0,-0.667328,1,0,0,0,1,0,0,0,0,0,1,1
0,0,0,0,0,0,0,-0.763373,0,0,0,0,0,0,0,1,-0.613325,0,0,0,0,0,0,0,0,0,0,0,0,0,0,0,1.64049,4,0,0,0,0,0,0,1.051816,0,0,-0.781258,0,0,0,0,0,0,0,0,1,0,0,0,0,0,0,0,0,0,0,0,0,0,0,0,0,0,1,0,0,0,0,0,0,0,1,0,0,0,0,0,0,0,0,-0.75787,0,0,-0.729892,0,0,0,0,0,1,0,0,0,0,1,1
0,0,0,0,0,0,0,-0.635393,0,0,0,0,0,0,0,0,-0.596143,0,0,0,0,0,0,0,0,0,0,0,0,0,0,0,1.17205,0,0,0,0,0,0,0,0.924913,0,0,-0.714839,0,0,0,0,0,0,0,0,0,0,0,1,0,0,0,0,0,0,0,0,0,0,0,0,0,0,0,0,0,0,0,0,0,0,0,0,0,0,0,0,0,0,0,-0.789635,0,0,-0.704402,0,0,0,0,0,0,0,0,0,0,0,1
0,0,0,0,0,0,0,-0.472301,0,0,0,0,0,0,0,0,-0.729745,0,0,0,0,0,0,0,0,0,0,0,0,0,0,0,0.4508,0,0,0,0,0,0,0,1.454931,0,0,-0.37386,0,0,0,0,0,0,0,0,0,0,0,1,0,0,0,0,0,0,0,0,0,1,0,0,0,0,0,0,0,0,0,0,0,0,0,0,0,0,0,0,0,0,0,-0.743855,0,0,-0.710831,0,0,0,0,0,0,0,0,0,0,0,1
0,0,0,0,0,0,0,-0.561655,0,0,0,0,0,0,0,0,-0.645172,0,1,0,1,0,0,0,0,0,0,0,0,0,0,0,0.91248,5,0,0,1,0,0,0,1.308691,0,0,-0.619027,0,0,0,0,0,0,0,0,0,0,0,0,0,0,0,0,0,0,0,0,0,0,0,0,0,0,1,0,0,0,0,0,0,0,0,0,0,0,0,0,0,0,0,-0.660277,0,0,-0.575617,0,0,0,0,0,0,0,0,0,0,0,1
0,0,0,1,0,0,0,-0.484637,0,0,0,0,0,0,0,0,-0.62863,0,0,1,0,0,0,0,0,0,0,0,0,0,0,0,1.21557,2,0,1,0,1,0,0,1.653654,1,0,-0.721182,0,0,0,0,0,0,0,0,0,0,0,0,1,0,0,0,0,0,0,0,0,0,0,0,0,1,0,0,0,1,0,1,0,0,0,0,0,0,0,0,0,0,0,-0.746444,0,0,-0.690288,0,0,0,0,0,0,0,0,0,0,1,1
0,0,0,0,0,0,0,-0.720497,0,0,0,0,0,0,0,0,-0.57419,0,0,1,0,0,0,0,0,0,0,0,0,0,0,0,1.01712,0,0,0,0,0,0,0,0.602168,0,0,-0.681485,0,0,0,0,0,0,0,0,0,0,0,0,0,0,0,0,0,0,0,1,0,0,1,0,0,0,0,0,0,0,0,0,0,0,0,0,0,0,0,0,0,0,0,-0.596318,0,0,-0.589326,0,0,0,0,0,0,0,0,0,0,1,1
0,0,0,0,0,0,0,-0.563515,0,1,0,0,0,0,0,0,-0.819883,0,0,0,0,0,0,0,0,0,0,0,0,0,0,0,0.90093,0,0,0,0,0,0,0,1.312315,0,0,-0.496581,0,1,0,0,0,0,0,0,0,0,0,0,0,0,0,0,0,0,0,1,0,0,1,0,0,0,0,0,0,0,0,0,0,0,0,0,0,0,0,0,0,0,0,-0.533438,0,0,-0.630891,0,0,0,0,0,0,0,0,0,0,0,1
0,0,0,0,0,0,0,-0.479738,0,0,0,0,0,0,0,0,-0.598499,0,0,0,0,0,0,0,0,0,0,0,0,0,0,0,1.17779,1,0,0,0,0,0,0,0.770474,0,0,-0.657822,0,0,0,0,0,0,0,0,0,0,0,0,0,0,0,0,0,0,0,0,0,0,0,0,0,0,0,0,0,0,0,0,0,0,0,0,0,0,0,0,0,0,0,-0.688137,0,0,-0.699693,0,0,0,0,0,0,0,0,0,0,0,1
0,0,1,0,0,0,0,-0.395821,0,0,0,0,0,0,0,1,-0.730729,0,0,0,0,0,0,0,0,0,0,0,0,0,1,0,1.43748,0,0,0,0,0,0,0,1.184516,0,0,-0.750449,0,0,1,0,0,0,0,0,0,0,0,0,0,0,0,0,0,0,0,1,0,0,0,0,0,0,0,0,0,0,0,0,0,0,0,0,0,0,0,0,0,0,0,-0.609382,0,0,-0.69097,0,0,0,0,0,0,0,0,0,0,1,1
0,0,0,0,0,0,0,-0.667716,0,0,0,0,0,0,0,0,-0.585669,0,0,0,1,0,0,0,0,0,0,0,0,0,1,0,1.65353,2,0,0,0,0,0,0,0.548765,0,0,-0.743637,0,0,0,0,0,0,0,0,0,0,1,0,0,0,0,0,0,0,0,0,0,0,0,0,0,0,0,0,0,0,0,0,0,0,0,0,0,0,0,1,0,0,0,-0.724304,0,0,-0.620602,0,0,0,0,0,0,0,0,0,0,1,1
0,0,0,1,0,0,0,-0.455093,0,0,0,0,0,0,0,0,-0.5914,0,0,0,0,0,0,0,0,0,0,0,0,0,0,0,0.82866,0,1,0,0,0,0,0,0.713608,0,0,-0.572456,0,1,0,0,0,0,0,0,0,0,0,0,0,0,0,0,0,0,0,0,1,0,0,0,0,0,0,0,0,0,0,0,0,0,0,0,0,0,0,0,0,0,0,-0.652516,0,0,-0.556313,0,0,0,0,0,0,0,0,0,1,0,1
0,0,0,0,0,0,0,-0.625397,0,0,0,0,0,0,0,0,-0.696185,0,0,0,0,0,0,0,0,0,0,0,0,0,1,0,1.81793,2,0,0,0,0,0,0,1.260407,0,0,-0.878188,0,0,0,0,0,0,0,0,0,0,0,0,0,0,0,0,0,0,0,0,0,0,0,0,0,0,0,0,0,0,0,0,0,0,0,0,0,0,0,0,0,0,0,-0.704609,0,0,-0.8236,0,0,0,0,0,0,0,0,0,0,0,1
0,0,0,0,0,0,0,-0.685167,0,0,0,0,0,0,0,0,-0.647822,0,0,0,0,0,0,1,0,0,0,0,0,0,0,0,0.40529,1,0,0,0,0,0,0,0.72726,0,0,-0.384077,0,0,0,0,0,0,0,0,0,0,0,0,0,0,0,0,0,0,0,0,0,0,0,0,0,0,0,0,0,0,0,0,0,0,0,0,0,0,0,0,0,0,0,-0.470387,0,0,-0.70374,0,0,0,0,0,0,0,0,0,0,0,1
0,0,0,0,0,0,0,-0.565752,0,0,0,0,0,0,0,0,-0.161331,0,0,0,0,0,0,0,0,0,0,0,0,0,0,0,0.76794,0,0,0,0,0,0,0,0.966467,0,0,-0.587204,0,0,0,0,0,0,1,0,0,0,1,1,0,0,0,0,0,0,0,0,0,0,0,0,0,0,0,0,0,0,0,0,0,0,0,0,0,0,0,0,0,0,0,-0.592196,0,1,-0.618071,0,0,0,0,0,0,0,0,0,0,0,1
0,0,0,0,0,0,0,-0.802049,0,0,0,0,1,0,0,0,-0.721176,0,0,0,0,0,0,0,0,0,1,0,0,0,0,0,1.23948,4,0,0,0,0,0,0,1.775755,0,0,-0.681612,0,0,0,1,0,0,0,0,0,0,0,0,0,0,0,0,0,1,1,0,0,0,0,0,0,0,0,0,0,0,0,0,0,0,0,0,0,0,0,0,0,0,0,-0.70004,0,0,-0.726239,0,0,0,0,0,0,0,0,0,0,1,1
0,0,0,0,0,0,0,-0.538687,0,0,0,0,0,0,0,0,-0.730081,0,0,0,0,0,0,0,0,0,0,0,0,0,0,0,2.24053,3,0,0,0,0,0,0,0.680526,0,0,-0.83894,0,0,0,0,0,0,0,0,0,0,0,0,0,0,0,0,0,0,0,0,0,0,0,0,0,0,0,0,0,0,0,0,0,0,0,0,0,0,0,1,0,0,0,-0.469656,0,0,-0.496737,0,0,0,0,0,0,0,0,0,0,1,1
0,0,0,0,0,0,0,-0.669597,0,0,0,0,0,0,0,0,-0.607284,0,0,0,0,0,0,0,0,0,0,0,0,0,0,0,1.32514,2,0,0,0,0,0,0,1.269961,0,0,-0.743198,1,0,0,0,0,0,0,0,0,0,0,0,0,0,0,0,0,0,0,0,0,1,0,0,0,0,0,0,0,1,0,0,0,0,0,0,0,0,0,0,0,0,0,-0.580997,0,0,-0.640779,0,0,0,0,0,0,0,0,0,0,1,1
0,0,0,0,0,0,0,-0.56657,0,0,0,0,0,0,0,0,-0.612837,0,0,0,0,0,0,0,0,0,0,0,0,0,0,0,1.14636,5,0,0,0,0,0,0,1.201119,0,0,-0.645167,0,0,0,0,0,1,0,0,0,0,0,0,0,0,0,0,0,0,0,0,0,0,0,0,1,0,0,0,0,0,0,0,0,0,0,0,0,0,0,0,0,0,0,-0.875992,0,0,-0.692255,0,0,0,0,0,0,0,0,0,0,1,1
0,0,0,0,0,0,0,-0.819058,0,0,0,0,0,0,0,0,8.67135,0,0,0,1,0,0,0,0,0,0,0,0,0,0,0,1.21569,4,0,0,0,0,0,0,0.865128,0,0,-0.736401,0,0,0,0,0,0,1,0,0,0,0,0,0,0,0,0,0,1,0,0,0,0,1,0,0,0,0,0,0,0,0,0,0,0,0,0,0,0,0,0,0,0,0,-0.71825,0,0,-0.755454,0,0,0,0,0,0,0,0,0,0,1,1
0,0,0,0,0,0,0,-0.681218,0,0,0,0,0,0,0,1,-0.676075,0,0,0,0,0,0,0,0,0,0,0,0,0,0,0,1.94793,2,0,0,1,0,0,0,1.057801,0,0,-0.822471,0,1,0,0,0,1,0,0,0,0,0,1,0,0,0,0,0,0,0,0,0,0,0,0,0,0,0,0,0,0,0,0,0,0,0,0,0,0,0,0,0,0,0,-0.676558,0,0,-0.862807,0,0,0,0,0,0,0,0,1,0,1,1
0,0,0,0,0,0,0,-0.817758,0,0,0,0,0,0,0,0,-0.699207,1,0,0,0,0,0,0,0,0,0,0,0,0,0,0,1.30985,4,0,0,0,0,0,0,1.892427,0,0,-0.738753,0,0,0,0,0,0,0,0,0,0,1,0,0,0,0,0,0,0,0,0,0,0,0,0,0,0,1,0,0,0,0,0,0,0,0,0,0,0,0,0,0,0,0,-0.788438,0,0,-0.581879,0,0,0,0,1,0,0,0,0,0,1,1
0,0,0,1,0,0,0,-0.67504,0,0,0,0,0,0,0,0,-0.686062,0,0,0,0,0,0,0,0,0,0,0,0,0,0,0,1.24182,1,0,0,0,0,0,0,0.857362,0,0,-0.708144,0,1,0,0,0,0,0,0,0,0,0,0,0,0,0,0,0,0,0,0,0,0,0,0,0,0,0,0,0,0,0,0,0,0,0,0,0,0,0,1,0,0,0,-0.621819,0,0,-0.638357,0,0,0,0,0,0,0,0,1,0,1,1
0,0,0,0,0,0,0,-0.617515,0,0,0,0,0,0,0,0,-0.792278,0,0,0,0,0,0,0,0,0,0,0,0,0,0,0,1.18625,1,0,0,0,0,0,0,0.515967,0,0,-0.648615,0,0,0,0,0,0,0,0,0,0,0,0,0,0,0,0,0,0,0,0,0,0,0,0,0,0,0,0,0,0,0,0,0,0,0,0,0,0,0,0,0,0,0,-0.604973,0,0,-0.586723,0,0,0,0,0,0,0,0,0,0,1,1
0,0,0,0,0,0,0,-0.774526,0,0,0,0,0,0,0,0,-0.701226,0,0,0,0,0,0,0,0,0,0,0,0,0,0,0,1.85729,0,0,0,0,0,1,0,0.442024,0,0,8.127046,0,0,0,0,0,0,0,0,0,0,0,0,0,0,0,0,0,0,0,0,0,1,0,0,0,0,1,0,0,0,0,0,0,0,0,0,0,0,0,0,0,0,0,-0.799957,0,0,-0.770589,0,0,0,0,0,0,0,0,0,0,1,1
0,0,0,0,0,0,0,-0.31465,0,0,0,0,0,1,0,0,-0.765111,0,0,0,0,0,0,0,0,0,0,0,0,0,0,0,1.31637,1,0,0,0,0,0,0,1.282493,0,0,-0.738718,0,0,0,0,0,0,0,0,0,0,0,0,0,0,0,0,0,0,0,0,0,0,0,0,0,0,0,0,0,0,0,0,0,0,0,0,0,1,0,0,0,0,0,-0.66101,0,0,-0.651383,0,0,0,0,0,0,0,0,0,0,0,1
0,0,0,0,0,0,0,-0.709681,0,0,0,0,0,0,0,0,-0.242687,0,0,0,0,0,0,0,0,0,0,0,0,0,0,0,0.90739,0,0,0,0,0,0,0,0.207747,0,0,-0.548015,0,0,0,0,0,0,0,0,0,0,0,0,0,0,0,0,0,0,0,0,0,0,0,0,0,0,0,0,1,0,0,0,0,0,0,0,0,0,0,0,0,0,0,-0.734767,0,0,-0.598929,0,0,0,0,1,0,0,0,0,0,0,1
0,0,0,0,0,0,0,-0.758219,0,0,0,0,0,0,0,0,-0.469751,0,0,0,0,0,0,0,0,0,0,0,0,0,0,0,1.07326,1,0,0,1,1,0,0,0.386565,0,0,-0.860072,0,0,0,0,0,0,0,0,0,0,0,0,0,0,0,0,0,0,0,0,0,0,0,0,0,0,0,0,0,0,0,0,0,0,0,0,0,0,0,0,0,0,0,-0.676473,0,0,-0.745039,0,0,0,0,0,0,0,0,1,0,0,1
0,0,0,0,0,0,0,-0.681932,0,0,0,0,0,0,0,0,-0.680884,0,0,1,0,0,0,0,0,0,0,0,0,0,0,0,1.4251,2,0,0,0,0,0,0,0.497084,1,0,-0.741347,0,1,0,0,0,0,0,0,0,0,0,0,1,0,0,0,0,0,0,0,0,0,0,0,0,0,0,0,0,1,0,0,0,0,0,0,0,0,0,0,0,1,0,-0.623342,0,0,-0.655575,0,0,1,0,0,0,0,0,0,1,0,1
0,0,0,0,0,0,0,-0.55532,0,0,1,0,0,0,0,0,-0.735233,0,0,0,1,0,0,0,0,0,0,0,0,0,0,0,1.57208,5,0,0,0,0,0,0,0.720626,0,0,-0.781835,0,0,1,0,1,1,0,0,0,0,0,0,1,0,0,0,0,0,0,0,0,0,0,0,0,0,0,1,0,0,0,0,0,0,0,0,0,0,0,0,0,0,0,-0.635795,0,0,-0.724203,0,0,0,0,0,0,0,0,1,0,1,1
0,0,0,0,0,0,0,-0.779492,0,0,0,0,0,0,0,0,-0.791285,1,0,0,0,0,0,0,0,0,0,0,0,0,0,0,1.1709,2,0,0,0,0,0,0,1.489618,0,0,-0.708012,0,0,0,0,0,0,0,0,0,0,1,0,0,0,0,0,0,0,0,0,0,0,0,0,0,0,0,0,0,0,0,0,0,0,0,0,0,0,0,0,0,1,0,-0.709184,0,0,-0.686237,0,0,0,0,0,0,0,1,0,0,1,1
0,0,0,0,0,0,0,-0.819722,0,0,0,0,0,0,0,0,-0.656011,0,0,0,0,0,0,1,0,0,0,0,0,0,0,0,1.37817,4,0,0,0,1,0,0,1.050518,0,0,-0.783701,0,0,0,0,0,0,0,0,0,0,1,0,0,0,0,0,0,0,0,0,0,0,0,0,0,0,0,0,0,0,0,0,0,0,0,0,0,0,0,0,0,0,0,-0.925,0,0,-0.84,0,0,0,0,0,0,0,0,0,0,1,1
0,0,0,0,0,0,0,-0.762567,0,0,0,0,0,0,0,0,-0.750315,0,0,0,0,0,0,0,0,0,0,0,0,0,0,0,0.85854,0,0,0,0,0,0,0,1.536213,0,0,-0.619291,0,0,0,0,0,0,0,0,0,0,0,0,0,0,0,0,0,0,0,0,0,0,0,0,0,0,0,0,0,0,0,0,0,0,0,0,0,0,0,0,0,0,0,-0.657072,0,0,-0.813065,0,0,0,0,0,0,0,0,0,0,0,1
0,0,0,0,0,0,0,-0.676122,0,0,0,0,0,0,0,0,-0.733965,0,0,0,0,0,0,0,0,0,0,0,0,0,0,0,1.4239,0,0,0,0,0,0,0,0.798253,0,0,-0.76127,0,0,0,0,0,0,0,0,0,0,0,0,0,0,0,0,0,0,0,1,0,0,0,0,0,0,0,0,0,0,0,0,0,0,0,0,0,0,0,0,0,0,0,-0.795584,0,0,-0.752073,0,0,0,0,0,0,0,0,0,0,1,1
0,0,0,0,0,0,0,-0.636683,0,0,0,0,0,0,0,0,-0.679821,0,0,0,0,0,0,0,0,0,0,0,0,0,1,0,0.66177,0,0,0,0,0,0,0,0.682148,0,0,-0.477144,0,0,0,0,0,0,0,0,0,0,0,0,0,0,0,0,0,0,0,0,0,0,0,0,0,0,1,0,0,0,0,0,0,0,0,0,0,0,0,0,0,0,0,-0.574965,0,0,-0.698507,0,0,0,0,0,0,0,0,0,0,0,1
0,0,1,0,0,0,0,-0.865099,0,0,0,0,0,0,0,0,-0.446403,0,0,0,0,0,0,0,0,0,0,0,0,0,0,0,1.19185,4,0,0,0,0,0,0,1.504182,0,0,-0.719547,0,0,0,0,0,0,0,0,0,0,0,0,0,0,1,0,0,0,0,0,0,0,0,0,0,0,0,0,0,0,0,0,0,0,0,0,0,0,0,0,0,0,0,-0.657131,0,0,-0.723667,0,0,0,0,0,0,1,0,0,0,1,1
0,0,0,0,0,0,0,-0.643913,0,0,1,0,0,0,0,0,-0.709176,0,0,0,0,0,0,0,0,1,0,0,0,0,0,0,3.26851,11,0,0,1,0,0,0,0.694603,0,0,-0.878635,0,0,0,0,0,0,0,0,0,0,0,0,0,0,0,0,0,0,0,0,0,0,0,0,0,0,0,0,0,0,0,0,0,1,0,0,1,0,0,0,0,1,0,-0.698764,0,0,-0.637092,0,0,0,0,0,1,0,0,0,1,1,1
0,0,0,0,0,0,0,-0.690317,0,0,0,0,0,0,0,0,-0.601075,0,0,0,0,0,0,0,1,0,0,0,0,0,0,0,0.63747,2,0,0,0,0,0,0,1.715032,0,0,-0.468167,0,0,0,0,0,0,0,0,0,0,0,1,0,0,0,0,0,0,0,0,1,0,0,0,0,0,0,0,0,0,0,0,0,0,0,0,0,0,0,0,0,0,0,-0.718058,0,0,2.320991,0,0,0,0,0,0,0,0,0,0,0,1
0,0,0,0,0,0,0,-0.793463,0,0,0,0,0,0,0,0,-0.61424,0,0,0,0,0,0,0,0,0,0,0,0,0,0,0,1.48782,4,0,0,0,0,1,0,1.243182,1,1,-0.762977,0,0,0,0,0,0,0,0,0,0,1,0,0,0,0,0,0,0,0,0,0,0,0,0,0,0,0,0,0,0,0,0,0,0,0,0,0,0,0,1,0,0,0,-0.653373,0,0,-0.707562,0,0,0,0,0,0,0,0,0,0,0,1
0,0,0,0,1,0,0,-0.609544,0,0,0,0,0,0,0,0,-0.464166,0,0,0,0,0,0,0,0,0,0,0,0,0,0,0,0.70106,2,0,0,0,0,0,0,3.636397,0,0,-0.297689,0,0,0,0,0,0,0,0,0,0,1,0,0,0,0,0,0,0,0,1,0,0,0,0,0,0,0,0,0,0,0,0,0,0,0,0,0,1,0,0,0,0,0,-0.490148,0,0,-0.599664,0,0,0,0,0,0,0,0,0,0,1,1
0,0,0,0,0,0,0,-0.647058,0,0,0,0,0,0,0,0,-0.697428,0,0,1,0,0,0,0,0,0,0,0,0,0,0,0,0.74635,0,0,0,0,0,0,0,0.846565,0,0,-0.538626,0,0,0,0,0,0,0,0,0,0,0,0,0,0,0,0,0,0,0,0,0,0,0,0,0,0,0,0,0,0,0,0,0,0,0,0,0,0,0,0,0,0,0,-0.650055,0,0,-0.773446,0,0,0,0,0,0,0,0,0,0,0,1
0,0,0,0,0,0,0,-0.675799,0,0,0,0,0,0,0,0,-0.688044,0,0,0,0,0,0,0,0,0,0,0,0,0,0,0,1.1886,0,0,0,1,0,0,0,0.219512,0,0,-0.706899,0,0,0,0,0,0,0,0,0,0,0,0,0,0,0,0,0,0,0,1,1,0,0,0,0,0,1,0,0,0,0,0,0,0,0,0,0,1,0,0,0,0,0,-0.641564,0,0,-0.548091,0,0,0,0,0,0,0,1,0,0,0,1
0,0,0,0,0,0,0,-0.703072,0,0,0,0,0,0,0,0,-0.594243,0,0,0,0,0,0,0,0,0,0,0,0,0,0,0,1.19423,3,0,0,0,0,1,0,1.89137,0,0,-0.46605,0,0,0,0,0,0,0,0,1,0,0,0,0,0,0,0,0,0,0,0,0,0,0,0,0,0,0,0,0,0,0,0,0,0,0,0,0,0,0,0,0,0,0,-0.716295,0,1,-0.645664,0,0,0,0,0,1,0,1,0,0,1,1
0,0,0,0,0,0,0,-0.658961,0,0,0,0,0,0,0,0,-0.697029,0,0,0,0,0,0,0,0,0,0,0,0,0,0,0,0.7789,0,0,0,0,0,0,0,1.392337,0,0,-0.536722,0,0,0,0,0,0,0,0,0,0,0,0,0,0,0,0,0,0,0,0,0,1,0,0,0,0,1,0,0,0,0,0,0,0,0,0,0,0,0,1,0,0,0,-0.686821,0,0,-0.705463,0,0,0,0,0,0,0,0,0,0,0,1
0,0,0,0,0,0,0,-0.733159,0,0,0,0,0,0,0,0,-0.667971,0,0,0,0,0,0,0,0,0,0,0,0,0,0,0,0.87512,0,0,0,0,0,0,0,0.252229,0,0,-0.565825,0,0,0,0,0,0,0,0,0,0,0,0,0,0,0,0,0,0,0,0,0,1,0,0,0,0,0,0,1,0,0,0,0,0,0,0,0,0,0,0,0,0,0,-0.421549,0,0,-0.646703,0,0,0,0,0,0,0,0,0,0,0,1
0,0,0,0,0,0,0,-0.535451,0,1,0,0,0,0,0,0,-0.846555,0,0,0,0,1,0,0,0,0,0,0,0,0,0,0,1.42675,9,0,0,0,0,0,0,2.045553,0,0,-0.761305,0,0,0,0,0,0,0,1,0,0,0,0,0,0,0,0,1,0,0,0,0,0,0,0,0,0,0,0,0,0,0,0,0,0,0,0,0,0,0,1,0,0,0,-0.684975,0,0,-0.680862,0,0,0,0,0,0,0,0,0,0,1,1
0,0,0,0,0,0,0,-0.700477,0,0,0,0,0,0,0,0,-0.673842,0,0,0,0,0,0,0,0,1,0,0,0,0,0,0,1.09306,0,0,0,0,0,0,0,0.560473,0,0,-0.688227,0,0,0,0,0,0,0,0,0,0,0,0,0,0,0,0,0,1,0,0,0,0,0,0,0,0,1,0,0,0,0,0,0,0,0,0,0,0,0,0,0,0,0,-0.653148,0,0,-0.774096,0,0,0,0,0,0,0,0,0,0,0,1
0,0,0,0,0,0,0,-0.414999,0,0,0,0,0,0,0,0,-0.53788,0,0,0,0,0,0,0,0,0,0,0,0,0,0,0,0.80324,0,0,0,1,0,0,0,0.729568,0,0,-0.633279,0,1,0,0,0,0,0,0,0,0,0,0,0,0,0,0,0,0,0,0,0,0,0,0,0,0,0,0,0,0,0,0,0,0,0,0,0,0,0,0,0,0,0,-0.698071,0,0,-0.722332,0,0,0,0,0,0,0,0,0,0,0,1
0,0,0,0,0,0,0,-0.74369,0,0,0,0,0,0,0,0,-0.580187,0,0,1,0,0,0,0,0,0,0,0,0,0,0,0,0.89759,1,0,0,0,0,0,0,1.138146,0,0,-0.636447,0,0,0,0,0,0,0,0,0,0,0,0,0,0,0,0,0,0,0,0,0,0,0,0,0,0,1,0,0,0,0,0,0,0,0,0,0,0,0,0,0,0,0,-0.51523,0,0,-0.592114,0,0,0,0,0,0,0,0,0,0,0,1
0,0,0,0,0,0,0,-0.742698,0,0,0,0,0,0,0,0,-0.48791,0,0,0,0,0,0,0,0,0,0,0,0,0,0,0,1.63893,2,0,0,1,0,0,0,0.664093,0,0,-0.794796,0,0,0,0,0,0,0,0,0,0,0,0,0,0,0,0,0,0,0,0,0,0,0,0,0,0,1,0,0,0,0,0,0,0,1,0,0,0,0,0,0,0,0,-0.764753,0,0,-0.612137,0,0,0,0,0,0,0,0,0,0,1,1
0,0,0,0,0,0,0,-0.621338,0,0,0,0,0,0,0,0,-0.766702,0,0,0,0,0,0,0,0,0,0,0,0,0,0,0,1.13678,2,0,0,0,0,0,0,1.087613,0,0,-0.684759,0,0,0,0,0,0,0,0,0,0,1,0,0,0,0,0,0,0,0,0,0,0,0,0,0,0,0,0,0,0,0,0,0,0,0,0,0,0,0,0,1,0,0,-0.574446,0,0,-0.699642,0,0,0,0,0,1,0,0,0,0,1,1
0,0,0,0,0,0,0,-0.748278,0,0,0,0,0,0,0,0,-0.724517,0,0,0,0,0,0,0,0,0,1,0,0,0,0,0,1.07766,0,0,0,0,1,0,0,0.824787,0,0,-0.653464,0,0,0,0,0,0,0,0,0,0,0,0,0,0,0,0,0,0,0,0,0,1,0,0,0,0,0,0,0,0,0,0,0,0,0,0,0,0,0,0,0,0,0,-0.562781,0,0,-0.673288,0,0,0,0,0,0,0,0,0,0,0,1
0,0,0,0,0,0,0,-0.680906,0,0,0,0,0,0,0,0,-0.69134,0,0,0,1,0,0,0,0,0,0,0,0,0,0,0,0.99245,2,0,0,0,0,0,0,2.924051,0,0,-0.659364,0,1,0,0,0,0,0,0,0,0,0,0,0,0,0,0,0,0,0,0,0,0,0,0,0,0,1,0,0,0,0,0,0,0,0,0,0,0,0,0,0,0,0,-0.360363,0,0,-0.694522,0,0,0,0,0,0,0,0,0,0,1,1
0,0,0,0,0,0,1,-0.543947,0,0,0,0,0,0,0,0,-0.550255,0,0,0,0,0,0,0,0,0,1,0,0,0,0,0,1.41822,3,0,0,0,0,0,0,2.513303,0,0,2.601586,0,0,0,0,0,0,0,0,0,0,1,1,0,0,0,0,0,0,0,1,0,0,0,0,0,0,0,0,0,0,0,0,0,0,0,0,0,0,0,0,0,0,0,-0.500173,0,0,-0.700353,0,0,0,0,0,0,0,0,0,0,1,1
0,0,0,0,0,0,0,-0.705519,0,0,0,0,0,0,1,0,-0.594034,0,0,0,0,0,0,0,0,0,0,0,0,0,0,0,2.37022,3,0,0,0,0,0,0,0.836572,1,0,-0.848317,0,0,0,0,0,1,0,0,0,0,0,0,0,0,0,0,0,0,0,0,0,0,0,0,0,0,0,0,1,0,0,0,1,0,0,0,0,0,0,0,0,0,0,-0.577492,0,0,-0.649667,0,0,0,0,0,0,0,1,0,0,1,1
0,0,0,0,0,0,0,-0.817648,0,0,0,0,0,0,0,0,-0.792765,0,0,1,0,0,0,0,0,0,0,0,0,0,0,0,1.67005,1,0,0,1,0,0,0,1.036652,0,0,-0.805873,0,0,0,0,1,0,0,0,0,0,0,0,0,0,0,0,0,0,0,0,0,0,0,0,0,0,1,1,0,0,0,0,0,0,0,0,0,0,0,0,0,0,1,-0.249475,0,0,-0.741271,0,0,0,0,0,0,0,0,0,0,1,1
0,0,0,0,0,0,0,-0.706422,0,0,0,0,0,0,0,0,-0.567009,0,0,0,1,0,0,0,0,0,0,0,0,0,0,0,1.34121,3,0,0,1,0,0,0,1.698226,0,0,-0.745425,0,0,0,0,0,0,0,0,0,0,0,0,0,0,0,0,0,0,0,0,1,0,0,0,0,0,0,0,0,0,0,0,0,0,0,0,0,0,0,0,0,0,0,-0.686639,0,0,-0.647936,0,0,0,0,0,0,0,0,0,1,1,1
0,0,0,0,0,0,0,-0.834652,0,0,0,0,0,0,0,0,-0.790345,0,1,0,0,0,0,0,0,0,0,0,0,0,0,0,1.15865,2,0,0,0,0,0,0,0.72119,0,0,-0.673486,0,0,0,0,0,0,0,0,0,0,0,0,0,0,0,0,0,0,0,0,0,0,0,0,0,0,0,0,0,0,0,0,0,0,0,0,0,0,0,1,0,0,0,-0.411559,0,0,-0.704194,0,0,0,0,0,0,0,0,0,0,0,1
0,0,0,0,0,0,0,-0.691344,0,0,0,0,0,0,0,0,-0.593393,0,0,0,0,0,0,0,0,0,0,0,0,0,1,0,1.29338,1,0,0,0,0,1,0,0.908885,0,0,-0.741637,0,1,0,0,0,0,0,0,0,0,0,0,0,0,0,0,0,0,0,1,0,0,1,0,0,0,0,0,0,0,0,0,0,0,0,0,0,0,0,0,0,0,0,-0.627514,0,0,-0.609429,0,0,0,0,0,0,0,0,0,0,1,1
0,0,0,0,0,0,0,-0.635827,0,0,0,0,0,0,0,0,-0.596336,0,0,0,1,0,0,0,0,0,0,0,0,0,0,0,1.53622,4,0,0,0,0,0,0,1.302831,0,0,-0.783223,0,0,1,0,0,1,0,0,0,0,0,0,0,1,0,0,0,0,0,0,0,1,0,0,0,0,1,1,0,0,0,0,0,0,0,0,0,0,0,0,0,0,0,-0.699272,0,0,-0.655011,0,1,0,0,0,0,0,0,0,0,1,1
0,0,0,0,0,0,0,-0.722588,0,0,0,1,0,0,0,0,-0.542493,0,0,0,0,0,0,0,0,0,0,0,0,0,0,0,0.91048,0,0,0,0,0,0,0,0.579108,0,0,-0.614147,0,0,0,0,0,0,0,0,0,0,0,0,0,0,0,0,0,0,0,0,0,0,0,0,0,0,0,0,0,0,0,0,0,0,0,0,0,0,0,0,0,0,0,-0.877759,0,0,-0.696612,0,0,0,0,0,0,0,0,0,0,0,1
0,0,0,0,0,0,0,0.155863,0,0,0,0,0,0,0,1,-0.63507,0,0,0,0,0,0,0,0,0,0,0,0,0,0,0,0.90567,3,0,0,1,0,0,0,1.618205,0,0,-0.570124,0,0,0,0,0,0,0,0,0,0,0,0,0,0,0,0,0,0,0,0,0,0,0,0,0,0,0,0,0,0,0,0,0,0,0,0,0,0,0,0,0,0,0,-0.745665,0,0,-0.676722,0,0,0,0,0,0,0,0,0,0,1,1
0,0,0,0,0,0,0,-0.577384,0,0,0,0,0,0,0,0,-0.796805,0,0,0,0,0,0,0,0,0,0,0,0,0,0,0,1.42915,1,1,1,0,0,0,0,0.669026,0,0,-0.750648,0,0,0,0,0,0,0,0,0,1,0,0,0,0,0,0,0,0,0,0,0,0,0,0,0,0,0,0,0,0,0,0,0,0,0,0,0,0,0,0,0,0,0,-0.546486,0,0,-0.662191,0,0,0,0,0,0,0,0,0,1,0,1
0,0,0,0,0,0,0,-0.687693,0,0,0,0,1,0,0,1,-0.719256,0,0,0,0,1,0,0,0,0,0,0,0,0,0,0,1.29202,2,0,0,0,0,0,0,1.559761,0,0,-0.688962,0,0,0,0,0,0,0,0,0,0,0,1,0,0,0,0,0,0,0,1,0,0,0,0,0,0,0,0,0,0,0,0,0,0,0,0,0,0,0,0,0,0,0,-0.766362,0,0,-0.39302,0,0,0,0,0,0,0,0,0,0,0,1
0,0,0,0,0,0,0,-0.803375,0,0,0,0,0,0,0,0,8.311723,0,0,0,0,0,0,0,0,1,0,0,0,0,1,0,0.78778,0,0,0,0,0,0,0,1.193371,0,0,-0.572296,0,0,0,0,0,0,0,0,0,0,0,0,0,0,0,0,0,0,0,0,0,0,0,0,0,0,0,0,1,0,0,0,0,0,0,0,0,0,0,0,0,0,0,-0.578412,0,0,-0.64569,0,0,0,0,0,1,0,0,1,0,1,1
0,0,0,1,0,0,0,-0.461666,0,0,0,0,0,0,0,0,-0.754842,0,0,0,0,0,0,0,0,0,0,0,0,0,0,0,0.65658,0,0,0,0,0,0,0,0.813573,0,0,-0.640979,0,0,0,0,0,0,0,0,0,0,0,0,0,0,0,0,0,0,0,0,0,0,0,0,0,0,0,0,0,0,0,0,0,0,0,0,0,1,0,0,0,0,0,-0.563323,0,0,-0.672034,0,0,0,0,0,0,0,0,0,0,0,1
0,0,0,0,0,0,0,-0.711239,0,0,0,0,0,0,0,0,-0.698855,0,0,0,0,0,0,0,0,0,0,0,0,0,0,0,1.32371,3,0,0,0,0,0,0,1.183393,0,0,-0.746727,0,1,0,0,0,0,0,0,0,0,0,0,0,0,0,0,0,0,0,0,1,0,0,1,0,0,0,0,0,0,0,0,0,0,0,0,0,0,0,0,0,0,0,-0.823651,0,0,-0.672543,0,0,0,0,0,1,0,1,0,0,1,1
0,0,0,0,0,0,0,-0.624466,1,0,0,0,0,0,0,0,-0.832947,0,0,0,0,0,0,0,0,0,0,0,0,0,0,0,1.1938,2,0,0,0,0,0,0,0.694889,0,0,-0.764497,0,0,0,0,0,0,0,0,0,0,0,1,0,0,0,0,0,0,0,0,0,0,0,0,0,0,0,0,0,0,0,0,0,0,0,0,0,0,0,0,0,0,0,-0.688526,0,0,-0.659565,0,0,0,0,0,1,0,0,0,1,1,1
0,0,0,0,0,0,0,-0.644667,0,0,0,0,0,0,0,0,-0.860584,0,0,0,0,0,0,0,0,0,0,0,0,0,0,0,0.98882,2,0,0,0,0,0,0,1.553859,0,0,-0.621042,0,0,0,0,0,0,0,0,0,0,0,0,0,0,0,0,0,0,1,0,0,0,0,0,0,0,0,0,0,0,0,0,0,1,0,0,0,0,0,0,0,0,0,-0.309421,0,0,-0.686837,0,0,0,0,0,0,0,0,0,0,0,1
0,0,0,1,0,0,0,-0.688856,0,0,0,0,0,0,0,1,-0.801271,0,0,0,0,0,1,0,0,0,0,0,0,0,0,0,1.78813,6,0,0,0,0,0,0,0.988725,0,0,-0.804366,0,0,0,0,0,0,0,0,0,0,0,0,0,0,0,0,0,0,0,0,0,0,0,0,0,0,0,0,0,0,0,0,0,0,0,0,0,0,0,0,0,0,0,-0.602667,0,0,-0.632448,0,0,0,0,0,0,1,0,0,0,1,1
0,0,0,0,0,0,0,-0.643991,0,0,0,0,0,0,0,0,-0.467647,0,0,0,0,0,0,0,0,0,0,0,0,0,0,0,1.32677,11,0,0,0,0,0,0,1.303153,0,0,-0.693992,0,0,0,0,0,0,0,0,0,0,0,0,0,0,0,0,0,0,0,0,0,0,0,0,0,0,0,0,1,0,0,0,0,0,0,0,0,0,0,0,0,0,0,-0.705195,0,0,-0.748633,0,0,0,0,0,0,0,0,0,0,1,1
0,0,0,0,0,0,0,-0.739413,0,0,0,0,0,0,0,0,-0.76,0,0,0,0,0,0,0,1,0,0,0,0,0,0,0,0.93736,0,0,0,0,0,0,0,0.54013,0,0,-0.69954,0,0,0,0,0,0,1,0,0,0,0,0,0,0,0,0,0,0,0,0,0,0,0,0,0,0,0,0,0,0,0,0,0,0,0,0,0,0,0,0,0,0,0,-0.784524,0,0,-0.744832,0,0,0,0,0,0,0,0,0,0,0,1
0,0,0,1,0,0,0,-0.659031,0,0,0,0,0,0,0,0,-0.778998,0,0,0,0,0,0,0,0,0,0,0,0,0,0,0,1.26713,0,0,0,0,0,0,0,0.623909,0,0,-0.709297,0,0,0,0,0,0,0,0,1,0,0,0,0,0,0,0,0,0,0,0,0,1,0,0,0,0,0,0,0,0,0,0,0,0,0,0,0,0,0,0,0,0,0,-0.332873,0,0,-0.62499,0,0,0,0,0,0,0,0,0,0,0,1
0,0,0,0,0,0,0,-0.587882,0,0,1,0,0,0,0,1,-0.776445,0,1,0,0,0,0,0,0,0,0,0,0,0,0,0,1.59689,4,0,1,0,0,0,0,0.769736,0,1,-0.797159,0,0,0,0,0,1,0,1,0,0,1,0,0,0,1,0,0,0,0,0,0,0,0,0,0,0,0,0,0,0,0,0,0,0,0,0,0,0,0,0,0,0,0,-0.521716,0,0,-0.658173,0,0,0,0,0,0,0,0,0,0,0,1
0,0,0,0,0,0,0,-0.489745,0,0,0,0,0,0,0,0,-0.84416,0,0,0,0,0,0,0,0,0,0,0,0,0,0,0,1.53462,3,0,0,0,0,0,0,1.519947,0,1,-0.771534,0,0,0,0,0,0,0,0,1,0,1,0,0,0,0,0,0,0,0,0,0,0,0,0,0,0,0,0,0,0,0,0,0,0,0,0,0,0,0,0,0,0,0,-0.739019,0,1,-0.701181,0,0,0,0,0,1,0,1,1,0,0,1
0,0,0,0,0,0,0,-0.676509,0,0,0,0,0,0,0,0,-0.700951,0,0,0,0,0,0,0,0,0,0,0,0,0,1,1,1.01934,5,0,0,0,0,0,0,1.808126,0,0,-0.663999,0,0,0,0,0,0,0,0,0,0,1,0,0,0,0,0,0,0,0,0,0,0,0,0,0,0,0,0,1,0,0,0,0,0,0,0,0,0,0,0,0,0,0,-0.524557,1,0,-0.712391,0,0,0,0,0,0,0,1,0,0,0,1
1,0,0,0,0,0,0,-0.391705,0,0,0,0,0,0,0,0,-0.694844,0,0,0,0,0,0,0,0,0,0,0,0,0,0,0,1.36117,6,0,0,1,0,0,0,1.729865,0,0,-0.750714,0,0,0,0,0,0,0,0,0,0,0,0,0,0,0,0,0,0,0,0,0,0,0,0,0,0,0,0,0,0,0,0,0,0,0,0,0,0,0,1,0,0,0,-0.578151,0,0,-0.617606,0,0,0,0,0,0,0,0,0,0,1,1
0,0,0,1,0,0,0,-0.702103,0,0,0,0,0,0,0,0,-0.750955,0,0,0,0,0,0,0,0,0,0,0,0,0,0,0,1.47306,3,0,0,0,0,0,0,0.960465,1,0,-0.766448,1,0,0,0,0,0,0,0,0,0,0,0,0,0,0,0,0,0,0,0,0,0,0,0,0,0,0,0,0,0,0,0,0,0,0,0,0,0,0,0,0,0,0,-0.625,0,0,0.170775,0,0,0,0,0,0,0,0,0,0,1,1
0,0,0,0,0,0,0,-0.87234,0,0,0,1,0,0,0,0,-0.760764,0,0,0,0,0,0,0,0,0,0,0,0,0,0,0,1.2092,5,0,0,0,0,0,0,3.219843,0,0,-0.725619,0,0,0,0,0,0,0,0,1,0,0,1,0,0,0,0,0,0,0,0,0,0,0,0,0,0,0,0,0,0,0,0,0,0,0,0,0,0,0,0,0,0,0,-0.589885,0,0,-0.588999,0,0,0,0,0,0,0,0,0,0,0,1
0,0,0,0,0,0,0,-0.542052,0,0,0,0,0,0,0,0,-0.608647,0,0,0,0,0,0,0,0,0,0,0,0,0,0,0,1.40477,1,0,0,0,0,0,0,0.553595,0,0,-0.775317,0,0,0,0,0,0,0,0,0,0,0,0,0,0,0,0,0,0,0,0,0,0,0,0,0,0,0,0,0,0,0,0,0,0,0,0,0,0,0,0,0,0,0,-0.465119,0,0,-0.571171,0,0,0,0,0,1,0,0,0,0,1,1
0,0,0,0,0,0,0,-0.64571,0,0,0,0,0,0,0,0,-0.75328,0,0,0,0,0,0,0,0,0,0,0,0,0,1,0,0.48571,0,0,0,0,0,0,0,0.598782,0,0,-0.260697,0,0,0,0,0,0,0,0,0,0,1,0,0,0,0,0,0,0,0,0,0,0,0,0,0,0,0,0,0,0,0,0,0,0,0,0,0,0,0,0,0,0,0,-0.667783,0,0,-0.652259,0,0,0,0,0,0,0,0,0,1,0,1
0,0,0,0,0,0,0,-0.244076,0,0,0,0,0,0,0,0,-0.729463,0,0,0,0,0,0,0,0,0,0,0,0,0,0,0,1.291,4,0,0,0,0,0,0,1.059105,0,1,-0.769962,0,0,0,0,0,0,0,0,0,0,1,0,0,0,0,1,0,0,0,1,0,0,1,0,0,0,0,0,0,0,0,0,0,0,0,0,0,0,0,0,0,0,0,-0.810482,0,0,-0.640085,0,0,0,0,0,0,0,0,0,0,1,1
0,0,0,0,0,0,0,-0.698913,0,0,0,0,0,0,0,0,-0.712591,0,0,0,0,0,0,0,0,0,0,0,0,0,0,0,0.89305,0,0,0,0,0,0,0,0.225105,0,0,-0.622681,0,0,0,0,0,0,0,0,0,0,0,0,0,0,0,0,0,0,0,0,1,0,0,0,0,1,0,0,1,0,0,0,0,0,0,0,0,0,0,0,0,0,0,-0.727115,0,0,-0.744432,0,0,0,0,0,0,0,0,0,0,0,1
0,0,0,1,0,0,0,-0.673305,0,0,0,0,0,0,0,0,-0.75438,0,0,0,0,0,0,0,0,0,0,0,0,0,0,0,1.50022,0,0,0,0,0,0,0,1.280338,0,0,-0.778453,0,0,0,0,0,0,0,0,0,0,0,0,0,0,0,0,0,0,0,1,0,0,0,0,0,0,1,0,0,0,0,0,0,0,0,0,0,1,0,0,0,0,0,-0.611312,0,0,-0.753592,0,0,0,0,0,0,0,0,0,0,1,1
1,0,0,0,0,0,0,-0.657715,0,0,0,0,0,1,0,0,-0.575564,0,0,0,1,0,0,0,0,0,0,0,0,0,0,0,2.33966,7,0,1,0,0,0,1,1.485791,0,1,-0.84895,0,0,0,0,0,0,0,0,0,0,0,1,0,0,0,0,0,0,0,0,0,0,0,0,0,0,0,0,0,0,0,0,0,0,0,0,0,1,0,0,0,0,0,-0.698494,0,0,-0.708394,0,0,0,0,0,0,0,0,0,0,0,1
0,0,0,0,0,0,0,-0.702884,0,0,0,0,0,0,0,0,-0.554982,0,0,0,0,0,0,0,0,0,0,0,0,0,0,0,1.39457,2,0,0,0,0,0,0,1.803729,0,0,-0.719893,0,0,0,0,0,0,0,0,0,0,0,0,0,0,0,0,0,0,0,0,0,0,0,0,0,0,0,0,0,0,0,0,0,0,0,0,0,1,0,0,0,0,0,-0.62238,0,0,-0.606168,0,0,0,0,0,0,0,0,0,0,1,1
0,0,0,0,0,0,0,-0.655031,0,0,0,0,0,0,0,0,-0.586093,0,0,0,0,0,0,0,0,0,0,0,0,0,0,0,1.2018,0,0,0,0,0,0,0,1.080096,0,0,-0.725307,0,0,0,0,0,0,0,0,0,0,0,0,0,0,0,0,0,0,0,0,0,0,0,0,0,0,0,0,0,0,0,0,0,0,0,0,0,0,0,0,0,0,0,-0.748933,0,0,-0.565306,0,0,0,0,0,0,0,0,0,0,0,1
0,0,1,0,0,0,0,-0.813034,0,0,0,0,0,1,0,0,-0.455435,0,0,0,0,0,0,0,0,0,0,0,0,0,0,0,1.34286,2,0,0,0,0,1,0,0.691132,0,0,-0.74601,0,0,1,0,0,0,0,0,0,0,1,0,0,0,0,0,1,0,0,0,1,1,0,0,0,0,0,0,0,0,0,1,0,0,0,0,0,0,0,0,1,0,0,-0.744416,0,0,-0.673273,0,0,0,1,0,0,0,0,0,0,0,1
0,0,0,0,0,0,0,-0.519995,0,1,0,0,0,0,0,0,-0.79428,1,0,0,0,0,0,0,0,0,0,0,0,0,0,0,0.83582,2,0,0,0,0,0,0,1.471587,0,0,-0.620117,0,0,0,0,0,0,0,0,0,0,1,0,0,0,0,0,0,0,0,0,0,0,0,0,0,0,0,0,0,0,0,0,0,0,0,0,0,0,0,0,0,0,0,-0.623137,0,0,-0.755535,0,0,0,0,0,1,0,0,0,0,0,1
0,0,0,0,0,0,0,-0.640157,0,1,0,0,0,0,0,0,-0.399399,0,1,0,0,0,0,0,0,0,0,0,0,0,0,0,1.69858,5,0,0,0,0,0,0,1.613564,0,0,-0.769604,0,0,0,0,0,0,0,0,0,0,0,0,0,0,0,0,0,0,0,0,0,0,0,0,0,0,0,0,0,0,0,0,0,0,0,0,0,0,0,0,0,0,0,-0.534375,0,0,-0.725496,0,0,0,0,0,0,0,0,1,0,1,1
0,0,0,0,0,0,0,-0.640162,0,0,0,0,0,0,0,0,-0.796228,0,0,0,0,0,0,0,0,0,0,0,0,0,0,0,0.71612,2,0,0,0,0,0,0,2.451667,0,0,-0.531748,0,0,0,0,0,0,0,0,0,0,0,0,0,0,0,0,0,0,0,0,0,0,0,0,0,0,0,0,0,0,0,0,0,0,0,0,0,0,0,0,0,0,0,-0.580066,0,0,-0.414491,0,0,0,0,0,0,0,0,0,0,1,1
0,0,0,0,1,0,0,-0.702093,0,0,0,0,0,0,0,1,-0.496768,0,0,0,0,0,0,0,0,0,0,0,0,0,0,0,1.65414,3,0,0,0,0,0,0,0.729671,0,0,-0.796391,0,0,0,0,0,0,0,0,0,0,0,0,0,1,0,0,0,0,0,0,0,0,0,0,0,0,0,0,0,0,0,0,0,0,0,0,0,0,0,0,0,0,0,-0.691102,0,0,-0.62143,0,0,0,0,0,0,0,0,0,0,0,1
0,0,0,0,0,0,0,-0.707463,0,0,0,0,0,0,0,0,-0.626087,0,0,0,0,0,0,1,0,0,0,0,0,0,0,0,1.02094,0,0,0,0,0,1,0,0.472222,0,0,-0.658146,0,0,0,0,0,0,0,0,0,0,0,0,0,0,0,0,0,0,0,0,0,0,0,0,0,0,1,0,0,1,0,0,0,0,0,0,0,0,0,0,0,0,0,-0.592356,0,0,-0.730336,0,0,0,0,0,0,0,0,0,1,0,1
0,0,0,0,0,0,0,-0.773944,0,0,0,0,0,0,0,0,-0.625316,0,0,0,0,0,0,0,0,0,0,0,0,0,0,0,0.99211,0,0,0,0,0,0,0,0.718413,0,0,-0.667989,0,0,0,0,0,0,0,0,0,0,0,0,0,0,0,0,0,0,0,0,0,0,0,0,0,0,0,0,0,0,0,0,0,0,0,0,0,0,0,0,0,0,0,-0.713749,0,0,-0.385618,0,0,0,0,0,0,0,0,0,0,0,1
0,0,0,0,0,0,0,-0.735878,0,0,0,0,0,0,0,0,-0.657844,0,0,0,1,0,0,0,0,0,0,0,0,0,0,0,1.04484,1,0,0,0,1,0,0,0.964205,0,0,-0.874479,0,0,0,0,0,0,0,0,0,0,0,1,0,0,0,0,0,0,0,0,0,0,0,0,0,0,0,0,0,0,0,0,0,0,0,0,0,0,0,0,0,0,0,-0.595972,0,0,-0.618041,0,0,0,0,0,0,0,0,0,0,1,1
0,0,0,0,0,0,0,-0.719309,0,0,0,0,0,0,0,0,-0.691992,0,0,0,0,0,0,0,1,0,0,0,0,0,0,0,0.95292,1,0,0,0,0,0,0,1.767977,0,0,-0.642207,0,0,0,0,0,0,0,0,0,0,0,0,0,1,0,0,0,0,1,0,0,0,0,0,0,0,0,0,0,0,0,0,0,0,0,0,0,0,0,0,0,0,0,-0.61273,0,0,-0.562035,0,0,0,0,0,0,0,0,0,0,0,1
0,0,0,0,0,0,0,-0.527992,0,0,0,0,0,0,0,0,-0.758336,0,0,0,0,0,0,0,0,0,0,0,0,0,0,0,1.21458,3,0,0,0,0,0,0,2.003474,0,0,-0.727306,0,0,0,0,0,0,0,0,0,0,0,0,0,0,0,0,0,0,0,0,0,0,0,0,0,0,1,0,0,0,0,0,0,0,0,0,0,0,0,0,0,0,0,-0.588723,0,0,-0.584209,0,0,0,0,0,1,0,0,0,0,0,1
0,0,0,0,0,0,0,-0.693133,0,0,0,0,0,0,0,1,-0.601386,0,0,0,0,0,0,0,0,0,0,0,0,0,0,0,0.90018,3,0,0,0,1,0,0,3.010742,0,0,-0.646531,0,0,0,0,0,0,0,0,0,0,1,0,0,0,0,0,0,0,1,0,0,1,0,0,0,0,0,0,0,0,0,0,0,0,0,0,0,0,0,0,0,0,0,-0.610209,0,0,-0.720716,0,0,0,0,0,0,0,0,0,0,1,1
0,0,0,0,0,0,0,-0.694952,0,0,0,0,0,0,0,1,-0.698216,0,0,0,0,0,0,0,0,0,0,0,0,0,1,0,1.75879,4,0,0,0,0,0,0,1.158017,0,0,-0.799811,0,0,0,0,0,0,0,0,0,0,0,0,0,0,0,0,0,0,0,0,1,0,0,0,0,0,0,1,0,0,0,0,0,0,0,0,0,0,0,0,0,0,0,-0.604086,0,0,-0.650269,0,0,0,0,0,0,0,0,0,0,1,1
0,0,0,0,0,0,0,-0.645833,0,0,0,0,0,0,0,0,-0.812549,0,0,0,0,0,0,0,0,0,0,0,0,0,0,0,0.80761,0,0,0,0,0,0,0,0.404901,0,0,-0.008145,0,0,0,0,0,0,0,0,0,0,0,0,0,0,0,0,0,0,0,0,0,0,0,0,0,0,0,0,0,0,0,0,0,0,0,0,0,0,0,0,0,0,0,-0.746877,0,0,-0.764652,0,0,0,0,0,0,0,0,0,1,0,1
0,0,0,0,0,0,0,-0.655761,0,0,0,0,0,0,0,1,-0.520006,0,0,0,0,0,0,0,0,0,0,0,0,0,0,0,0.50156,0,0,0,0,0,0,0,0.741671,0,0,-0.361573,0,0,0,0,0,0,0,0,0,0,0,0,0,0,0,0,0,0,0,0,1,1,0,0,0,0,0,0,0,0,0,0,0,0,0,0,0,0,0,0,0,0,0,-0.780161,0,0,-0.652045,0,0,0,0,0,0,0,0,0,0,0,1
0,0,0,0,0,0,0,-0.5391,0,0,0,0,0,0,0,0,-0.535069,0,0,0,0,0,0,0,0,0,0,0,0,0,0,0,1.17076,3,0,0,0,0,0,0,1.941368,0,1,-0.721477,1,0,0,0,0,0,0,0,0,0,0,0,0,0,0,0,0,0,0,0,0,0,0,0,0,0,0,0,0,0,0,0,0,0,0,0,0,0,0,0,0,0,0,-0.660054,0,0,-0.637245,0,0,0,0,0,0,1,0,0,0,1,1
0,0,0,0,0,0,0,-0.765824,0,0,0,0,0,0,0,0,-0.606756,0,0,0,0,0,0,0,0,0,0,0,0,0,0,0,0.95184,1,0,0,0,0,0,0,0.232782,0,0,-0.51074,0,0,0,0,0,0,0,0,0,0,1,0,0,0,0,0,0,0,0,0,0,0,0,0,0,0,0,0,1,0,0,0,0,0,0,0,0,0,0,0,0,0,0,-0.669334,0,0,-0.792674,0,0,0,0,0,0,0,0,0,0,0,1
0,0,0,1,0,0,0,-0.57456,0,0,0,0,0,0,0,0,-0.673126,0,0,0,0,0,0,0,0,0,0,0,0,0,0,0,1.01088,4,0,0,0,0,0,0,1.298195,0,0,-0.658732,0,0,0,0,0,0,0,0,0,0,0,0,0,0,1,0,0,0,0,0,0,0,0,0,0,0,1,0,1,0,0,0,0,0,0,0,0,0,0,0,0,0,0,-0.710277,0,0,-0.559977,0,0,0,0,1,0,0,0,0,1,1,1
0,0,0,0,0,0,0,-0.837299,0,0,0,0,0,0,0,0,-0.625629,0,0,0,0,0,0,0,0,0,0,0,0,0,0,0,1.00384,0,0,0,0,0,0,0,0.905329,0,0,-0.677641,0,0,0,0,0,0,0,0,0,0,0,0,0,0,0,0,0,0,0,0,0,0,0,0,0,0,0,0,1,0,0,0,0,0,0,0,0,0,0,1,0,0,0,-0.619411,0,0,-0.7765,0,0,0,0,0,1,0,0,0,0,0,1
0,0,0,0,0,0,0,-0.697818,0,0,0,0,0,0,0,0,-0.76863,0,0,0,0,0,0,0,0,0,0,0,0,0,0,0,0.80088,0,0,0,0,0,0,0,0.206897,0,0,-0.590763,0,0,0,0,0,0,0,0,0,0,0,0,0,0,0,0,0,0,0,0,0,0,1,0,0,0,0,0,0,0,0,0,0,0,0,0,0,0,0,0,0,0,0,-0.812781,0,0,-0.547261,0,0,0,0,0,0,0,0,0,0,0,1
0,0,0,0,0,0,0,-0.618824,0,0,0,0,0,0,0,0,-0.606717,0,0,0,0,0,0,0,0,0,0,0,0,0,0,0,1.56198,1,0,0,0,0,0,0,1.341746,0,0,-0.762714,0,0,0,0,0,0,0,0,0,0,0,0,0,0,0,0,0,0,0,0,0,0,0,0,0,0,1,0,0,0,0,0,0,0,0,0,0,0,0,0,0,0,0,-0.739924,0,0,-0.605602,0,1,0,0,0,0,0,0,0,0,1,1
0,0,0,0,0,0,0,-0.478957,0,0,0,0,0,0,0,0,-0.72646,0,0,0,1,0,0,0,0,0,0,0,0,0,0,0,1.36997,2,0,0,0,1,0,0,1.221253,0,0,-0.747525,0,0,0,0,0,0,0,0,0,0,0,0,0,0,0,0,0,0,0,0,0,1,0,0,0,0,0,0,0,0,0,0,0,0,0,0,0,0,0,0,0,0,0,-0.697121,0,0,-0.702996,0,0,0,0,0,0,0,1,0,0,1,1
0,0,0,0,0,0,0,-0.758373,0,0,0,0,0,0,0,0,-0.776096,0,0,0,0,0,0,0,0,0,0,0,0,0,1,0,0.74789,1,0,0,0,1,0,0,2.183646,0,0,-0.583278,0,0,0,0,0,0,0,0,0,0,0,0,0,0,0,0,0,0,0,0,1,0,0,0,0,0,0,0,0,0,0,0,0,0,0,0,0,0,0,0,0,0,0,-0.609346,0,0,-0.562833,0,0,0,0,0,0,0,0,0,0,1,1
0,0,0,0,0,0,0,-0.641767,0,0,0,0,0,0,0,0,-0.70422,0,1,0,0,0,0,0,1,0,1,0,0,0,1,0,0.83179,4,0,0,0,0,0,0,0.956495,0,0,-0.60622,0,1,0,0,0,0,0,0,0,0,0,0,0,0,0,0,0,0,0,0,0,0,0,0,0,0,0,0,0,0,0,0,0,0,0,0,0,0,0,0,0,0,0,-0.718104,0,0,-0.730429,0,0,0,0,0,0,0,0,0,0,0,1
0,0,0,0,0,0,0,-0.606416,0,0,0,0,0,0,0,0,-0.295851,0,0,0,0,0,0,0,0,0,1,0,0,0,0,0,0.85284,0,0,0,0,0,0,0,0.650288,0,0,-0.350578,0,0,0,0,0,0,0,0,0,0,0,0,0,0,0,0,0,0,0,1,0,0,0,0,0,0,0,0,0,0,0,0,0,0,0,0,0,0,0,0,0,0,0,-0.715816,0,0,-0.382199,0,0,0,0,1,0,0,0,0,0,1,1
0,0,0,0,0,0,0,-0.474365,0,0,0,0,0,0,0,0,-0.755849,0,0,0,0,0,0,0,0,0,0,0,0,0,0,0,0.82833,3,0,0,0,0,0,0,1.113979,0,0,-0.643924,0,1,0,0,0,0,0,0,0,0,0,0,0,0,0,0,0,0,0,0,0,0,0,0,0,0,0,0,0,0,0,0,0,0,0,0,0,0,0,0,0,0,0,-0.706761,0,0,-0.590962,0,0,0,0,0,0,0,0,1,0,1,1
0,0,0,0,0,0,0,-0.605238,0,0,0,0,0,0,0,0,-0.688858,0,0,0,0,0,0,0,0,0,0,0,0,0,0,0,0.55264,0,0,0,0,0,0,0,3.577571,0,0,-0.395465,0,0,0,0,0,0,0,0,0,0,0,0,0,0,0,0,0,0,0,0,0,0,1,0,0,0,0,0,0,0,0,0,0,0,0,0,0,0,0,0,0,0,0,-0.55893,0,0,-0.728825,0,0,0,0,0,0,0,0,0,0,0,1
0,0,0,0,0,0,0,-0.568421,0,0,0,0,0,0,0,0,-0.626046,0,0,1,1,0,0,0,0,0,0,0,0,0,1,0,0.90342,0,0,0,0,0,0,0,0.383005,0,0,-0.610465,0,0,0,0,0,0,0,0,0,0,0,1,0,0,0,0,0,0,0,0,0,0,0,0,0,0,0,0,1,0,0,0,0,0,0,0,0,0,0,0,0,0,0,-0.829617,0,0,-0.785518,0,0,0,0,0,0,0,0,0,0,0,1
0,0,0,0,0,0,0,-0.724768,0,0,0,0,0,0,0,0,-0.756029,0,0,0,0,0,0,0,0,0,0,0,0,0,0,0,0.94542,4,0,0,0,0,0,0,1.534064,0,0,-0.643335,0,0,0,0,0,0,0,0,0,0,0,0,0,0,0,0,0,0,0,0,0,0,0,0,0,0,0,0,1,0,0,0,0,0,0,0,0,0,0,0,0,0,0,-0.664917,0,0,-0.836453,0,0,0,0,0,1,0,0,0,0,0,1
0,0,0,0,0,0,0,-0.758885,0,0,0,1,0,0,0,0,-0.608451,0,0,1,0,0,0,0,0,0,0,0,0,0,0,0,0.92649,0,0,0,0,0,0,0,0.331013,0,0,-0.628404,0,0,0,0,0,0,0,0,0,0,0,0,0,0,0,0,0,0,0,0,0,0,0,0,0,0,0,0,0,0,0,0,0,0,0,0,0,0,0,0,0,0,0,-0.625147,0,0,-0.654698,0,1,0,0,0,1,0,0,0,0,0,1
0,0,0,0,0,0,0,-0.691882,0,0,0,0,0,0,0,0,9.077363,0,0,0,0,1,0,0,0,0,0,0,0,0,0,0,1.08935,2,0,0,0,0,0,0,1.784796,0,0,-0.681582,0,0,0,0,0,0,0,0,0,1,0,0,0,0,0,0,0,0,0,1,0,1,0,0,0,0,0,1,0,0,0,0,1,0,0,0,0,0,1,1,0,0,1,-0.566684,0,1,-0.596206,0,0,0,0,0,0,0,0,0,0,1,1
0,0,1,0,0,0,0,-0.550752,0,0,0,0,0,0,0,0,-0.606768,1,0,0,0,0,0,0,0,0,0,0,0,0,1,0,1.09092,1,0,0,0,0,0,0,0.85325,0,0,2.678167,0,0,0,0,0,0,0,0,0,0,0,0,0,0,0,0,0,0,0,0,0,0,0,0,0,0,0,0,1,0,0,0,0,0,0,0,0,0,0,0,0,0,0,-0.690839,0,0,8.008991,0,0,0,0,0,0,0,1,0,0,0,1
0,1,0,0,0,0,0,-0.645555,0,0,0,0,0,0,0,0,-0.777773,0,0,0,0,0,0,0,0,0,0,0,0,0,0,0,1.25447,5,0,0,0,0,0,0,1.508564,0,0,-0.72524,0,0,0,0,0,0,0,0,0,0,1,0,0,0,1,0,0,0,0,0,0,0,0,0,0,0,1,1,0,0,0,0,0,0,0,0,1,1,0,0,0,0,0,-0.821071,0,0,-0.664401,0,0,0,0,0,0,0,0,0,0,0,1
0,0,0,0,0,0,0,-0.880887,0,0,0,0,0,0,0,0,-0.595278,0,0,0,0,0,0,0,0,0,0,0,0,0,0,0,0.84835,0,0,0,0,0,0,0,0.986898,0,0,-0.613591,0,0,0,0,0,0,0,0,0,0,0,0,0,0,0,0,0,0,0,0,0,0,0,0,0,0,0,0,0,0,0,0,0,0,0,1,0,0,1,0,0,0,0,-0.835114,0,0,-0.714291,0,0,0,0,0,0,0,1,0,0,0,1
0,0,0,0,0,0,0,-0.699058,0,0,0,0,0,0,0,0,-0.539864,0,0,0,0,1,0,0,0,0,0,0,0,0,0,0,0.83465,0,0,0,0,0,0,0,0.240135,0,0,-0.587095,0,0,0,0,0,0,0,0,0,0,0,0,0,0,0,0,0,0,0,0,0,0,0,0,0,0,0,0,0,0,0,0,0,0,0,0,0,1,0,0,0,0,0,-0.627866,0,0,-0.642361,0,0,0,0,0,0,0,0,0,0,0,1
0,0,0,0,0,0,0,-0.792331,0,0,1,0,0,0,0,0,-0.744036,0,0,0,0,0,0,0,1,0,0,0,0,0,0,0,1.50555,5,0,0,0,0,0,0,1.754646,0,0,-0.778585,1,1,0,0,0,0,0,0,0,0,0,0,0,0,0,0,0,0,0,0,0,0,0,0,0,0,0,0,0,0,0,0,0,0,0,0,0,0,0,1,0,0,0,-0.600084,0,0,-0.673971,0,0,0,0,0,0,1,0,0,0,1,1
0,0,0,0,0,0,0,-0.667582,0,0,0,0,0,0,0,1,-0.728005,0,0,0,1,0,0,0,0,0,0,0,0,0,0,0,1.04147,1,0,0,0,0,0,0,1.098803,0,0,-0.692743,0,0,0,0,0,0,0,0,0,0,0,0,0,0,0,0,0,0,0,0,1,0,1,0,0,0,0,0,0,0,0,0,0,0,0,0,0,0,0,0,0,0,0,-0.720014,0,0,-0.623606,0,0,0,0,1,0,0,0,1,0,1,1
0,0,0,0,0,0,0,-0.204728,0,0,0,0,0,0,0,0,-0.62502,0,0,0,1,0,0,0,0,0,0,0,0,0,0,0,1.25213,0,0,0,0,0,0,0,0.302167,0,0,-0.706859,0,0,0,0,0,0,0,0,0,0,0,0,0,1,0,0,0,0,0,0,0,0,0,0,0,0,0,0,0,0,0,0,0,0,0,0,0,0,0,0,0,0,0,-0.79069,0,0,-0.592027,0,0,0,0,0,0,0,0,0,0,0,1
0,0,0,0,0,0,0,-0.685207,0,0,0,0,0,0,0,0,-0.810932,0,0,0,0,0,0,0,0,0,1,0,0,0,1,0,1.61109,1,0,0,0,0,0,0,1.4025,0,0,-0.775398,0,0,0,0,0,0,0,0,0,0,0,0,0,0,0,0,0,0,0,0,0,0,0,0,0,0,0,0,0,0,0,0,0,0,0,0,0,0,0,0,0,1,0,-0.730552,0,0,-0.676267,0,0,0,0,0,0,0,0,0,0,0,1
0,0,0,0,0,0,0,-0.570671,0,0,0,0,0,0,0,0,-0.629183,0,0,0,0,0,0,0,0,0,0,0,0,0,0,0,0.89805,0,0,0,0,0,0,0,0.558962,0,0,-0.623374,0,0,0,0,0,0,0,0,0,0,0,0,0,0,0,0,0,0,0,0,1,0,0,0,0,0,0,0,0,0,0,0,0,0,0,0,0,0,0,1,0,0,0,-0.623418,0,0,-0.773048,0,0,0,0,0,0,0,0,1,0,0,1
0,0,0,1,0,0,0,-0.627538,0,0,0,0,0,0,0,0,-0.693098,0,0,0,0,0,0,0,0,0,0,0,0,0,0,0,1.17245,1,0,0,1,0,0,0,1.808953,0,0,-0.650314,0,0,0,0,0,0,0,0,0,0,0,0,0,0,0,0,0,0,0,0,0,0,0,0,0,0,0,0,0,0,0,0,0,0,0,0,0,0,0,0,0,0,0,-0.728697,0,0,-0.50851,0,0,0,0,0,0,0,0,0,0,1,1
0,0,0,0,0,0,0,-0.642125,0,0,0,0,0,0,0,1,-0.587671,0,0,0,0,0,0,0,0,0,0,0,0,0,0,0,1.30723,2,0,0,0,0,0,0,1.494588,0,0,-0.729927,0,0,0,0,0,0,0,0,1,0,0,0,0,0,0,0,0,0,0,0,0,0,0,0,0,0,0,0,0,0,0,0,0,0,0,0,0,0,0,0,0,0,1,-0.629575,0,0,-0.662039,0,0,0,1,0,0,0,0,1,0,1,1
0,0,0,0,0,0,0,-0.67683,0,0,0,0,0,0,0,1,-0.644697,0,0,0,1,0,0,0,0,0,0,0,0,0,0,0,0.83895,0,0,0,0,1,0,0,0.307657,0,0,-0.553676,0,0,0,0,0,0,0,0,0,0,0,0,0,0,0,0,0,0,0,0,0,0,0,0,0,0,0,0,0,0,0,0,0,0,0,0,0,0,0,0,0,0,0,-0.723236,0,0,-0.503973,0,0,0,0,0,1,0,1,0,0,0,1
0,0,0,1,1,0,0,-0.479249,0,0,0,0,0,0,0,0,-0.588548,0,0,0,0,0,0,0,0,0,0,0,0,0,0,0,1.43801,1,0,0,0,0,0,0,0.40669,0,0,-0.760792,0,0,0,0,0,0,0,0,0,0,0,0,0,0,0,0,0,0,0,0,1,0,0,0,0,0,0,0,1,0,0,0,0,0,0,0,0,0,0,0,0,0,0,-0.650718,0,0,-0.54351,0,0,0,0,0,0,0,0,0,1,0,1
0,0,0,0,0,0,0,-0.357803,0,0,0,0,0,0,0,0,-0.600341,0,0,0,0,0,0,0,0,0,0,0,0,0,0,0,0.93252,1,0,0,0,0,1,0,0.64694,0,0,-0.620469,0,1,0,0,0,0,0,0,0,0,0,0,0,0,0,0,0,0,0,0,0,0,0,0,0,0,0,0,0,0,0,0,0,0,0,0,0,0,0,0,0,0,0,-0.755619,0,0,-0.537452,0,0,0,0,0,0,0,0,0,0,1,1
0,0,0,1,0,0,0,-0.51535,0,0,0,0,0,0,0,0,-0.773646,0,0,0,0,0,0,0,0,0,1,0,0,0,0,0,1.23344,1,0,0,0,1,0,0,1.920658,0,0,-0.707536,0,0,0,0,0,0,0,0,0,0,0,0,0,0,0,0,0,0,0,0,0,0,0,0,0,0,0,0,0,0,0,0,0,0,0,0,0,0,0,0,0,0,0,-0.701372,0,0,-0.709893,0,0,0,0,0,0,0,0,0,0,0,1
0,0,0,0,0,0,0,-0.771821,0,0,0,0,0,0,0,0,-0.734699,0,0,0,0,0,0,0,0,0,0,0,0,0,0,0,2.01828,2,0,0,0,0,0,0,0.541558,0,0,-0.833214,0,0,0,0,0,0,0,0,0,0,0,0,0,0,0,0,0,0,0,0,0,0,0,0,0,0,0,0,0,0,0,0,0,0,0,0,0,1,0,0,0,0,1,-0.506245,0,0,-0.653472,0,0,0,0,0,1,0,0,0,0,1,1
0,0,0,0,0,0,0,-0.659598,0,0,0,0,0,0,0,0,-0.459201,0,0,0,1,0,0,0,0,0,0,0,0,0,0,0,1.23154,3,0,0,0,0,0,0,2.394582,0,0,-0.70239,0,0,0,0,0,0,0,0,0,0,0,0,0,1,0,0,0,0,0,0,0,0,0,0,0,0,0,0,0,0,0,0,0,0,0,0,0,0,0,0,0,0,0,-0.570887,0,0,-0.715146,0,0,0,0,0,0,0,0,0,1,0,1
0,0,0,0,0,0,0,-0.479265,0,0,0,0,0,0,0,0,-0.573266,0,0,0,0,0,0,0,0,0,0,0,0,0,0,0,1.06895,2,0,0,1,1,0,0,1.343292,0,0,-0.725244,0,0,0,0,0,0,0,0,0,0,0,0,0,0,0,0,0,0,0,0,0,0,0,0,0,0,0,0,1,0,0,0,0,0,1,0,0,0,0,0,0,0,0,-0.572073,0,0,-0.640945,0,0,0,0,0,0,0,0,0,0,1,1
0,0,0,0,0,0,0,-0.683575,0,0,0,0,0,1,0,0,-0.67897,0,0,0,0,0,0,0,0,0,0,0,0,0,0,0,0.9886,3,0,0,0,0,0,0,2.474743,0,0,-0.667406,0,0,0,0,0,0,0,0,0,0,0,0,0,0,0,0,0,0,0,0,0,0,0,0,0,0,0,0,0,0,0,1,0,0,0,0,0,1,0,0,0,0,0,-0.594836,0,0,-0.929128,0,0,0,0,0,0,0,0,0,0,1,1
0,0,0,0,0,0,0,-0.567181,0,0,0,0,0,0,0,0,-0.659267,0,0,0,0,0,0,0,0,0,0,0,0,0,0,0,1.14778,0,0,0,1,1,0,0,0.238317,0,0,-0.70766,0,0,0,0,0,0,0,0,0,0,0,0,0,0,0,0,0,0,0,0,0,0,0,0,0,0,0,0,0,0,0,0,0,0,0,0,0,0,0,0,0,0,0,-0.70806,0,0,-0.726008,0,0,0,0,1,0,0,0,0,1,0,1
0,0,0,0,0,0,0,-0.560305,0,0,0,0,0,0,1,0,-0.582158,0,0,0,0,0,0,0,0,0,0,0,0,0,0,0,1.36438,3,0,0,0,0,0,0,1.210483,0,0,-0.759446,0,0,0,0,0,0,0,0,0,0,1,0,0,1,0,0,0,0,0,0,0,0,0,0,0,0,0,0,0,0,0,0,0,0,0,0,0,0,0,0,0,0,0,-0.457201,0,0,-0.749304,0,0,0,0,0,0,0,0,0,0,1,1
0,0,0,1,0,0,0,-0.875119,0,0,0,0,0,0,0,0,-0.76362,0,0,0,0,0,0,0,0,0,0,0,0,0,0,0,0.85235,0,0,0,1,0,0,0,2.007764,0,0,-0.593966,0,0,0,0,0,0,0,0,0,0,0,0,0,0,0,0,0,0,0,0,0,0,0,0,0,0,0,0,0,0,0,0,0,0,0,0,0,0,0,0,0,0,0,-0.726279,0,0,-0.509779,0,0,0,0,0,0,0,1,0,0,0,1
0,0,0,0,0,0,0,-0.767539,0,0,0,0,0,0,0,0,-0.633138,0,0,0,0,0,0,0,0,0,0,0,0,0,0,0,1.26347,1,0,0,0,0,0,0,0.555236,0,0,-0.728722,0,0,0,0,0,0,0,0,0,0,0,0,0,0,0,0,0,0,0,0,0,1,0,0,0,0,0,0,0,0,0,0,0,0,1,0,0,0,0,0,0,0,0,-0.632231,0,0,-0.607814,0,0,0,0,0,0,0,1,0,0,1,1
0,0,0,0,0,0,0,-0.723647,0,0,0,0,0,0,0,0,-0.657998,0,0,0,0,0,0,0,0,0,0,0,0,0,0,0,1.10312,1,0,0,0,0,0,0,0.35,0,0,7.095296,0,0,0,0,0,0,0,0,0,0,0,0,0,0,0,0,0,1,0,0,1,0,0,0,0,0,0,0,0,0,0,0,0,0,0,0,0,0,0,0,0,0,0,-0.478882,0,0,-0.466484,0,0,0,0,0,0,0,0,1,0,0,1
0,0,0,0,0,0,0,-0.786756,0,0,0,0,0,0,0,0,-0.35038,0,1,0,0,0,0,0,0,0,0,0,0,0,1,0,0.71416,0,0,0,0,0,0,0,0.270349,0,0,-0.546128,0,0,0,0,0,0,0,0,0,0,0,0,0,0,0,0,0,0,0,0,0,0,0,0,0,0,0,0,0,0,0,0,0,0,0,0,0,0,0,0,0,0,0,-0.676729,0,0,-0.746256,0,0,0,0,0,1,0,0,0,0,0,1
0,0,0,0,0,0,0,-0.656918,0,0,0,0,0,0,0,0,-0.771149,0,0,0,0,0,0,0,0,0,0,0,0,0,0,0,1.19814,0,0,0,0,0,0,0,0.209491,0,0,-0.732332,0,0,0,0,0,0,0,0,0,0,0,0,0,0,0,0,0,0,0,0,0,0,0,0,0,0,0,0,0,0,0,0,0,0,0,0,0,0,0,0,0,0,0,-0.712562,0,0,-0.647429,0,0,0,0,0,0,0,0,0,0,0,1
0,0,0,0,0,0,1,-0.691691,0,0,0,0,0,0,0,0,-0.772613,0,0,0,0,0,0,0,0,0,0,0,0,0,0,0,1.06793,0,0,0,0,0,0,0,1.209824,0,0,-0.673025,0,0,1,0,0,1,0,0,0,0,0,0,0,0,1,0,0,0,0,0,0,0,0,0,0,0,0,0,1,0,0,0,0,0,0,0,0,0,0,0,0,0,0,-0.617139,0,0,-0.566892,0,0,0,0,0,0,0,0,0,0,1,1
0,0,0,0,0,0,0,-0.466131,0,1,0,0,0,0,0,0,-0.826491,0,0,0,0,0,0,0,0,0,0,0,0,0,1,0,1.61989,1,0,0,0,0,0,0,1.357642,0,0,-0.78846,0,0,0,0,0,0,0,0,0,0,0,1,0,0,0,0,0,0,0,0,0,0,0,0,0,0,0,0,0,0,0,0,0,0,0,0,0,0,0,1,0,0,0,-0.604816,0,0,-0.581233,0,0,0,0,0,0,0,0,0,0,1,1
0,0,0,0,0,0,0,-0.680878,0,0,0,0,0,0,0,0,-0.617124,0,0,0,0,0,0,0,0,0,0,0,0,0,0,0,1.21949,1,0,0,0,0,0,0,0.533773,0,0,2.413455,0,0,0,0,0,0,0,0,0,0,0,0,0,0,0,0,0,0,0,0,0,0,0,0,0,0,0,0,0,0,0,0,0,0,0,0,0,0,0,0,0,0,0,-0.737971,0,0,-0.859587,0,0,0,0,1,0,0,1,0,0,0,1
0,0,0,0,0,0,0,-0.645309,0,0,0,0,0,0,0,0,-0.523537,0,0,0,0,0,0,0,0,0,0,0,0,0,0,0,0.81934,0,0,0,0,0,0,0,0.31331,0,0,-0.592133,0,0,0,0,0,0,0,0,0,0,0,0,0,0,0,0,0,0,0,0,1,0,0,0,0,0,0,0,0,0,0,0,0,0,0,0,0,0,0,0,0,0,0,-0.660676,0,0,-0.666742,0,0,0,0,0,0,0,0,0,0,0,1
0,0,0,1,0,0,0,-0.767193,0,0,0,0,0,0,0,0,-0.745545,0,0,0,0,0,0,0,0,0,0,0,0,0,0,0,0.7597,3,0,0,0,0,0,0,3.169345,0,0,-0.553199,0,0,0,0,0,0,0,0,0,0,1,0,0,0,0,0,0,0,0,0,0,0,0,0,0,0,0,0,0,0,0,0,0,0,0,0,0,0,0,0,0,0,0,-0.572959,0,0,-0.615996,0,0,0,0,0,0,0,0,0,0,0,1
0,0,0,0,0,0,0,-0.427643,0,0,0,0,0,0,0,0,-0.735871,0,0,0,1,0,0,0,0,1,0,0,0,0,0,0,1.14466,4,0,0,0,0,0,0,2.026351,0,0,-0.695361,0,0,0,0,0,0,0,0,0,0,0,0,0,0,0,0,0,0,0,0,1,0,0,0,0,0,1,0,0,0,0,0,0,0,0,0,0,0,0,0,0,0,0,-0.666418,0,0,-0.814755,0,0,0,0,0,0,0,0,0,0,1,1
0,0,0,0,0,0,0,-0.532233,0,0,0,0,0,0,0,0,-0.667907,0,0,0,0,0,0,0,0,0,0,0,0,0,0,0,1.89461,7,0,0,0,0,0,0,1.072111,0,0,-0.824178,1,0,0,0,0,0,0,0,0,1,0,0,0,0,0,0,0,0,0,0,0,0,0,0,0,0,0,0,1,0,0,0,0,0,0,1,0,0,0,0,0,0,0,-0.711125,0,0,-0.601651,0,0,0,0,1,0,0,0,0,0,1,1
0,0,0,0,0,0,0,-0.702791,0,0,0,0,0,0,0,0,-0.51812,0,0,0,0,0,0,0,0,0,0,0,0,0,0,0,1.38657,0,0,0,0,0,0,0,0.772157,0,0,-0.738935,0,0,0,0,0,0,0,0,0,0,0,0,0,0,0,0,0,0,0,0,0,0,0,0,0,0,0,0,0,0,0,0,0,0,0,0,0,0,0,0,0,0,0,-0.632479,0,0,-0.747255,0,0,0,0,0,0,0,0,0,0,1,1
0,0,0,0,0,0,0,-0.56304,0,0,1,0,0,0,0,0,-0.468035,0,0,0,0,0,0,0,0,0,0,0,0,0,1,0,1.95819,0,0,0,0,0,0,0,0.298457,0,0,-0.812622,0,0,0,0,0,0,0,0,0,0,0,0,0,0,0,0,0,0,1,0,0,0,0,0,0,0,0,0,0,0,0,0,0,0,0,0,0,0,0,0,0,0,0,-0.705552,0,0,-0.701104,0,0,0,0,0,0,0,0,0,0,0,1
0,0,0,0,0,0,0,-0.48855,0,0,0,0,0,0,0,0,-0.667209,0,0,0,0,0,0,0,0,0,0,0,0,0,0,0,1.38747,4,0,0,0,0,0,0,2.242643,0,0,-0.723726,0,0,0,0,0,0,0,0,0,0,0,0,0,0,0,0,0,0,0,0,0,0,0,0,0,0,1,1,0,0,0,0,0,0,0,0,0,0,0,0,0,0,0,-0.540416,0,0,-0.516854,0,0,0,0,0,0,0,0,0,0,0,1
0,0,0,1,0,0,0,-0.547831,0,0,0,0,0,0,0,0,-0.441648,0,0,0,0,0,0,0,0,0,0,0,0,0,0,0,1.38703,0,0,0,0,0,0,0,0.319461,0,0,-0.764274,0,0,0,0,0,0,0,0,0,0,0,0,0,0,0,0,0,0,0,0,0,0,0,0,0,0,0,0,0,0,0,0,0,0,0,0,0,0,0,0,0,0,0,-0.684869,0,0,-0.372458,0,0,0,0,0,0,0,0,0,0,0,1
0,0,0,1,0,0,0,-0.745166,0,0,0,0,1,0,0,0,-0.641441,0,0,0,0,0,0,0,0,0,0,0,0,0,0,0,1.7582,4,0,0,1,0,0,0,1.353851,0,0,-0.775101,0,0,0,0,0,0,0,0,0,0,0,0,0,0,0,0,0,0,0,0,0,0,0,0,0,0,0,0,0,0,0,0,0,0,0,0,0,0,0,0,0,0,0,-0.466576,0,0,-0.5787,0,0,0,0,0,0,0,1,0,0,0,1
0,0,0,0,0,0,0,-0.64161,0,0,0,0,0,0,0,0,-0.544781,0,0,0,0,0,0,0,0,0,0,0,1,0,0,0,1.16308,1,0,0,0,1,0,0,0.589152,0,0,-0.676091,0,0,0,0,0,0,0,0,0,0,0,0,1,0,0,0,0,0,0,0,0,0,0,0,0,0,0,0,0,0,0,0,0,0,0,0,0,0,0,0,0,1,0,-0.639505,0,0,-0.674464,1,0,0,0,0,0,0,0,0,0,0,1
0,0,0,1,0,0,0,-0.612798,0,0,0,0,0,0,0,0,-0.732926,0,0,0,0,0,0,0,0,0,0,0,0,0,0,0,0.91602,0,0,0,0,0,0,0,0.215,0,0,-0.62984,0,0,0,0,0,0,0,0,0,0,0,0,0,0,0,0,0,0,0,0,1,0,0,0,0,0,0,0,0,0,0,0,0,0,0,0,0,0,0,0,0,0,0,-0.62659,0,0,-0.539251,0,0,0,0,0,0,0,0,0,0,0,1
0,0,0,0,0,0,0,-0.753576,0,0,0,0,0,0,0,0,-0.178164,0,0,0,1,0,0,0,0,0,0,0,0,0,0,0,1.21699,3,0,0,0,0,0,0,2.16825,0,0,-0.719699,0,0,0,0,0,0,0,0,0,0,0,0,0,0,0,0,0,1,0,0,0,0,0,0,0,0,0,0,0,0,0,1,0,0,0,0,0,0,1,0,0,0,0,-0.609882,0,0,-0.55671,0,0,0,0,0,0,0,0,0,0,1,1
0,0,0,1,0,0,0,-0.613585,0,0,0,0,0,0,0,0,-0.648254,0,0,0,0,0,0,0,0,0,0,0,0,0,0,0,1.50068,4,0,0,0,0,0,0,1.039631,0,0,-0.755114,0,1,0,0,0,0,0,0,0,0,0,0,0,0,0,0,0,0,0,0,0,0,0,0,0,0,0,0,0,0,0,0,0,0,0,0,0,1,0,0,0,0,0,-0.596937,0,0,-0.604113,0,0,0,0,0,1,0,0,0,0,0,1
0,1,0,0,0,0,0,-0.374011,0,0,0,0,0,0,0,0,-0.675647,0,0,0,1,0,0,0,0,0,0,0,0,0,0,0,1.28736,1,0,0,0,0,1,0,0.692755,0,0,-0.715538,0,0,0,0,0,0,0,0,0,0,0,0,0,0,0,0,0,0,0,0,0,0,0,0,0,0,0,0,0,0,0,0,0,0,0,0,0,0,0,0,0,1,0,-0.641639,0,0,-0.609084,0,0,0,0,0,0,0,0,0,0,1,1
0,0,0,0,0,0,0,-0.521412,0,0,0,0,0,0,0,1,-0.781229,0,0,0,1,0,0,0,0,0,0,0,0,0,0,0,1.70086,10,0,1,0,0,0,0,0.913724,0,0,-0.770785,0,0,0,0,0,0,0,0,0,0,0,0,0,0,1,0,0,0,0,0,0,0,0,0,0,0,0,0,0,0,0,0,0,0,0,0,0,0,0,0,0,0,0,-0.417782,0,0,-0.718013,0,0,0,0,0,0,0,0,0,0,1,1
0,0,1,0,0,0,0,-0.63336,0,0,0,0,0,0,0,0,-0.705943,1,0,0,0,0,0,0,0,0,0,0,0,0,0,0,1.5925,6,0,0,0,0,0,0,0.947162,0,0,-0.799041,0,0,1,0,0,1,0,0,0,0,0,1,0,0,1,0,0,0,0,0,0,1,0,0,0,0,0,0,0,0,0,0,0,0,0,0,0,0,0,0,0,0,0,-0.657562,0,0,-0.840674,0,0,0,0,0,0,0,0,0,0,1,1
0,0,0,0,0,1,0,-0.687582,0,0,0,0,0,1,0,0,-0.726719,0,0,0,0,0,0,0,0,0,0,0,0,0,0,0,1.11902,1,0,0,0,0,0,0,1.417359,0,0,-0.678104,0,0,0,0,0,0,0,0,0,0,0,1,0,0,0,0,0,0,0,0,0,0,0,0,0,0,0,0,0,0,0,0,0,0,0,0,0,0,0,0,0,0,0,1.494945,0,0,-0.524779,0,0,0,0,0,0,0,0,1,0,1,1
0,0,0,0,0,0,0,-0.661577,0,0,0,0,0,0,0,1,-0.324387,0,0,0,0,0,0,0,0,0,0,0,0,0,0,0,1.32685,1,0,0,0,0,0,0,1.737864,0,0,-0.748552,0,0,0,0,0,0,0,0,0,0,0,1,0,0,0,0,0,0,0,0,0,0,0,0,0,0,1,0,0,0,0,0,0,0,0,0,0,0,0,0,0,1,0,-0.814923,0,0,-0.553697,0,0,0,0,0,0,0,0,0,0,1,1
0,0,0,0,0,0,0,-0.549597,0,0,0,0,0,0,0,0,-0.654344,0,0,0,0,0,0,0,0,1,0,0,0,0,0,0,2.24528,1,0,0,1,1,0,0,0.628641,0,0,0.484259,0,0,0,0,0,0,0,0,0,0,0,0,0,0,0,0,0,0,0,0,0,0,0,0,0,0,0,0,0,0,0,0,0,0,0,1,0,0,0,0,0,0,0,-0.77873,0,0,-0.479877,0,0,0,0,0,0,0,0,0,0,0,1
0,0,0,0,0,0,0,-0.557126,0,0,0,0,0,0,0,0,-0.640439,0,0,0,0,0,0,0,0,0,0,0,0,0,0,0,0.48839,0,0,0,1,0,0,0,0.749175,0,0,-0.279062,0,0,0,0,0,0,0,0,0,0,0,0,0,0,0,0,0,0,0,0,0,0,0,0,0,0,0,0,0,0,0,0,0,0,0,0,0,0,0,0,0,0,0,-0.74664,0,0,-0.629146,0,0,0,0,0,0,0,0,0,0,0,1
0,0,0,0,0,0,0,-0.570615,0,0,0,0,0,0,0,0,-0.633426,0,0,0,0,0,0,0,0,0,0,0,0,0,0,0,1.05791,1,0,0,0,0,1,0,1.293029,0,0,-0.71007,0,0,0,0,0,0,0,0,0,0,0,0,0,0,0,0,0,0,0,0,0,0,0,0,0,0,0,0,1,0,0,0,0,0,0,0,0,0,0,0,0,0,0,-0.822927,0,0,-0.851238,0,0,0,0,0,0,0,0,1,0,1,1
0,0,0,0,0,0,0,-0.689724,0,0,0,0,0,0,0,0,-0.815431,0,0,0,0,0,0,0,0,0,0,1,0,0,0,0,2.27254,10,0,0,0,0,0,0,0.952748,0,0,-0.823675,0,0,0,0,0,0,0,0,0,0,0,1,0,0,0,0,0,0,0,0,0,0,0,0,0,0,1,1,0,0,0,0,0,0,0,0,0,0,0,0,0,0,0,-0.41016,0,0,-0.660133,0,0,0,0,1,1,0,0,0,0,1,1
0,0,0,0,0,0,0,-0.572474,0,0,0,0,0,0,0,0,-0.592552,0,0,0,1,0,0,0,0,0,0,0,0,0,0,0,1.28321,6,0,0,0,0,0,0,2.01483,0,0,-0.733354,0,0,0,0,0,0,0,0,0,0,1,0,0,0,0,0,0,0,0,0,0,0,0,0,0,0,0,0,0,0,0,0,0,1,0,0,0,0,0,0,0,0,0,-0.507342,0,0,-0.575576,0,0,0,0,0,0,0,0,0,0,1,1
0,0,0,0,0,0,0,-0.656921,0,0,0,0,0,0,0,0,-0.70713,0,0,0,0,0,0,0,0,0,0,0,0,0,0,0,1.01873,1,0,0,0,0,0,0,0.572984,0,0,-0.66803,0,1,0,0,0,0,0,0,0,0,0,0,0,1,0,0,0,0,0,0,0,0,0,0,0,0,0,0,0,0,0,0,0,0,0,0,0,0,0,0,0,0,0,-0.540474,0,0,-0.7637,0,0,0,0,0,0,0,0,0,0,0,1
0,0,0,0,0,0,0,-0.749329,0,0,0,0,1,0,0,0,-0.680028,0,0,0,0,0,0,0,0,0,0,0,0,0,0,0,1.12188,0,0,0,0,0,0,0,1.608424,0,0,-0.650903,0,0,0,0,0,0,0,0,0,0,1,0,0,0,0,0,0,0,0,0,0,0,0,0,0,0,0,0,1,0,0,0,0,0,1,0,0,0,0,0,0,0,0,-0.693172,0,0,-0.749523,0,0,0,0,0,0,0,0,0,0,1,1
0,0,0,0,0,0,0,-0.783421,0,0,0,0,0,0,0,0,-0.607446,0,0,1,0,0,0,0,0,0,0,0,0,0,0,0,1.1392,3,0,0,0,0,0,0,1.157616,0,0,-0.703554,0,0,0,0,0,0,0,0,0,0,0,0,0,0,0,0,0,0,0,0,1,0,0,0,0,0,0,0,0,0,0,0,0,0,0,0,0,0,0,0,0,0,0,-0.595656,0,0,-0.473741,0,0,0,0,0,1,0,0,0,1,1,1
0,0,0,0,0,0,0,-0.812672,0,0,0,0,0,0,0,0,-0.699784,0,0,0,0,0,0,0,0,0,0,0,0,0,0,0,1.63,2,0,0,0,0,0,0,0.49152,0,0,-0.776722,0,0,0,0,0,0,0,0,0,0,0,0,0,0,0,0,0,0,0,0,0,0,0,0,0,0,0,1,0,0,0,0,0,0,0,0,0,0,0,0,0,0,0,-0.530927,0,0,-0.630821,0,0,0,0,0,0,0,0,0,0,1,1
0,0,0,0,0,0,0,-0.579903,0,0,0,0,0,0,0,0,-0.426736,0,0,0,0,0,0,0,0,1,1,0,0,0,0,0,0.93334,7,0,0,0,0,0,0,2.653898,0,0,-0.628234,0,0,0,1,0,0,0,0,0,0,0,0,0,0,0,0,0,0,0,0,0,0,0,0,0,0,0,0,0,0,0,0,0,0,0,0,0,0,0,0,0,0,0,-0.583666,0,0,-0.78913,0,0,0,0,0,0,0,0,0,0,1,1
0,0,0,1,0,0,0,-0.716805,0,0,0,0,0,0,0,0,-0.480603,0,0,0,1,0,0,1,0,0,0,0,0,0,0,0,1.69486,2,0,0,1,0,0,0,1.068793,0,0,-0.783212,0,0,0,0,0,0,0,0,0,0,0,1,0,1,0,0,0,0,0,0,0,0,0,0,0,0,1,0,0,0,0,0,0,1,0,0,0,1,0,1,0,0,0,-0.561419,0,0,-0.602994,0,0,0,0,0,0,0,0,1,0,1,1
0,0,0,0,0,0,0,-0.729181,0,0,0,0,0,0,0,0,-0.529253,0,0,0,0,0,0,0,0,0,0,0,0,0,0,0,1.78616,6,0,0,1,0,0,0,0.662612,0,0,-0.777751,1,0,0,0,0,0,0,0,0,0,0,1,0,1,0,0,0,0,0,1,0,0,0,0,0,0,0,0,0,0,0,0,0,0,0,0,0,1,0,0,0,0,0,-0.618729,0,0,-0.588803,0,0,0,0,0,0,0,0,0,0,1,1
0,0,0,0,0,0,0,-0.723714,0,0,0,0,0,0,0,0,-0.567868,0,0,0,0,0,0,0,0,0,0,0,0,0,0,0,1.12575,2,0,0,0,0,0,0,1.273781,0,0,-0.754947,0,0,0,0,0,0,0,0,0,0,0,0,0,0,0,0,0,0,0,0,0,0,0,0,0,0,0,0,0,0,0,0,0,0,0,0,0,0,0,0,0,0,0,-0.634986,0,0,-0.726147,0,0,0,0,0,0,0,0,1,0,1,1
0,0,0,0,0,0,0,-0.638804,0,0,0,0,0,0,0,0,-0.812849,0,0,0,0,0,0,0,0,0,0,0,0,0,0,0,1.04974,0,0,0,0,0,0,0,0.949281,0,0,-0.673691,0,0,0,0,0,0,0,0,0,0,0,0,0,0,0,0,0,0,0,0,1,1,0,0,0,0,1,0,0,0,0,0,0,0,0,0,0,0,0,0,0,0,0,7.98439,0,0,-0.735239,0,0,0,0,0,0,0,0,0,0,0,1
0,0,0,0,0,1,0,-0.611561,0,0,0,0,0,0,0,0,-0.667023,0,0,0,0,0,0,0,0,0,0,0,0,0,0,0,0.83847,3,0,0,0,1,0,0,1.300228,0,0,-0.689742,0,0,0,0,0,0,0,0,0,0,0,0,0,0,0,0,0,0,0,0,0,0,0,0,0,0,0,0,0,0,0,0,0,0,0,0,0,0,0,0,0,0,0,-0.596506,0,0,-0.730865,0,0,0,0,0,0,0,0,0,0,1,1
0,0,0,0,0,0,0,-0.599372,0,0,0,0,0,0,0,0,-0.64778,0,0,0,0,0,0,0,0,1,0,0,0,0,0,0,1.49353,3,0,0,0,0,0,0,0.810499,0,0,-0.241986,0,0,0,0,0,0,0,0,0,0,0,0,0,0,0,0,0,0,0,0,0,0,0,0,0,0,0,0,1,0,0,0,0,0,0,0,0,0,0,0,0,0,0,-0.658003,0,0,-0.786339,0,0,0,0,1,0,0,0,0,0,1,1
0,0,0,0,0,0,0,-0.586647,0,0,0,0,0,0,0,0,-0.384282,0,0,0,0,0,0,0,0,0,0,0,0,0,0,0,1.23686,0,0,0,0,0,0,0,0.347758,0,0,-0.756703,0,0,0,0,0,0,0,0,0,0,0,0,0,0,0,0,0,0,0,0,0,0,0,0,0,0,0,0,0,0,0,0,0,0,0,0,0,0,0,0,0,0,0,-0.609561,0,0,-0.786575,0,0,0,0,0,0,0,0,0,0,0,1
0,0,0,0,0,0,0,-0.829626,0,0,0,0,0,0,0,0,-0.432969,0,0,0,0,0,0,0,0,0,0,0,0,0,0,0,1.7268,7,0,0,0,0,0,0,1.101413,0,0,-0.812511,0,0,0,0,0,0,0,0,0,0,0,0,0,0,0,0,0,0,0,0,0,0,0,0,0,0,0,0,0,0,0,0,1,1,0,0,0,0,0,0,0,0,0,-0.742783,0,0,-0.776483,0,0,0,0,0,0,0,0,0,0,0,1
0,0,0,0,0,0,0,-0.67925,0,0,0,0,0,0,0,0,-0.698284,0,0,0,0,0,0,0,0,0,0,0,0,0,0,0,0.92497,0,0,0,0,0,0,0,0.884792,0,0,-0.335494,0,0,0,0,0,0,0,0,0,0,0,0,0,0,0,0,0,0,0,1,0,0,0,0,0,1,0,0,1,0,0,0,0,0,0,0,0,0,0,0,0,0,0,-0.606158,0,0,-0.663769,0,0,0,0,0,0,0,1,0,0,0,1
0,0,0,0,0,0,0,-0.681821,0,0,0,0,0,0,0,0,-0.683933,0,0,0,0,0,0,0,0,0,0,0,0,0,0,0,0.53766,0,0,0,0,0,0,0,0.896547,0,0,-0.369269,0,0,0,0,0,0,0,0,0,0,0,1,0,0,0,0,0,0,0,0,0,0,0,0,0,0,0,0,0,0,0,0,0,0,0,0,0,0,0,0,0,0,0,-0.637006,0,0,-0.724348,0,0,0,0,0,0,0,0,0,0,0,1
0,0,0,0,0,0,0,2.875064,0,0,0,0,0,0,0,0,-0.609114,0,1,0,0,0,0,0,0,0,0,0,0,0,1,0,1.37095,1,0,0,0,0,0,0,0.72602,0,0,-0.741461,0,0,0,0,0,0,0,0,0,0,0,0,0,0,0,0,0,0,0,0,0,0,0,0,0,0,0,0,0,0,0,0,0,0,0,0,0,0,0,0,0,0,0,-0.750751,0,0,-0.763351,0,0,0,0,0,0,0,0,0,0,1,1
0,0,0,0,0,0,0,-0.557191,0,0,0,0,0,0,0,0,-0.615122,0,0,0,0,0,0,0,0,0,0,0,0,0,0,0,0.92787,0,0,0,0,0,0,0,0.239914,0,0,-0.627481,0,1,0,0,0,0,0,0,0,0,0,0,0,0,0,0,0,0,0,0,0,0,0,0,0,1,0,0,0,0,0,0,0,0,0,0,0,0,0,1,0,0,0,-0.709933,0,0,-0.591618,0,0,0,0,0,0,0,0,1,1,0,1
0,0,0,0,0,0,0,-0.426778,0,0,0,0,0,0,0,0,-0.770693,0,0,0,0,0,0,0,0,0,0,0,0,0,0,0,0.99452,0,0,0,0,1,0,0,0.780863,0,0,-0.655715,0,0,0,0,0,0,0,0,0,0,0,0,0,0,0,0,0,0,0,0,0,0,0,0,0,0,0,0,0,0,0,0,0,0,0,0,0,0,0,0,0,0,0,-0.701047,0,0,-0.848519,0,0,0,0,0,0,0,0,0,0,0,1
0,0,0,0,0,0,0,-0.634176,0,0,0,0,0,0,0,0,-0.697363,0,0,1,0,0,0,0,0,0,0,0,0,0,0,0,0.77209,1,0,0,0,0,0,0,1.834198,0,0,-0.639428,0,0,0,0,0,0,0,0,0,0,0,0,0,0,0,0,0,0,0,0,0,0,0,0,0,0,0,0,0,0,0,0,0,0,0,0,0,0,0,0,0,0,0,-0.684624,0,0,-0.636152,0,0,0,0,0,1,0,0,0,0,1,1
0,0,0,0,0,0,0,-0.699692,0,0,0,0,0,0,0,0,-0.791219,0,0,0,0,0,0,0,0,0,0,0,0,0,0,0,1.45158,1,0,0,0,0,0,0,0.368991,0,0,-0.758157,0,0,0,0,0,0,0,0,0,0,0,0,0,0,0,0,0,0,0,0,0,0,0,0,0,0,0,0,0,0,0,0,0,0,0,0,0,0,0,0,0,0,0,-0.632793,0,0,-0.505362,0,0,0,0,1,0,0,0,0,0,1,1
0,0,0,0,0,0,0,-0.592418,0,0,0,0,0,0,0,0,-0.75961,0,0,0,0,0,0,0,0,0,0,0,0,0,1,0,1.02657,0,0,0,0,0,0,0,0.947662,0,0,-0.661585,0,0,0,0,0,0,0,0,0,0,0,0,0,0,0,0,0,0,0,0,0,0,0,0,0,0,0,0,0,0,0,0,0,0,0,0,0,0,0,0,0,0,0,-0.606285,0,0,-0.708062,0,0,0,0,0,0,0,0,0,0,0,1
0,0,0,0,0,0,0,-0.69179,0,0,0,0,0,0,0,0,-0.836989,0,1,0,0,0,0,0,0,0,0,0,0,0,0,0,1.34895,0,0,0,0,0,0,0,1.082023,0,0,-0.744641,0,1,0,0,0,0,0,0,0,0,0,1,0,0,0,0,0,0,0,0,0,0,0,0,0,1,1,0,0,0,0,0,0,0,0,0,0,0,0,0,0,0,0,-0.831581,0,0,-0.652262,0,0,0,0,0,0,0,0,0,0,1,1
0,0,0,0,0,0,0,-0.755276,0,0,0,0,0,0,0,0,-0.639854,0,0,1,0,0,0,0,0,0,0,0,0,0,0,0,1.41205,0,0,0,0,0,0,0,0.943723,0,0,-0.758512,0,0,0,0,0,0,0,0,0,0,0,0,0,0,0,0,0,0,0,0,0,0,0,0,0,0,0,0,0,0,0,0,0,0,0,0,0,0,0,0,0,0,0,-0.738389,0,0,-0.71638,0,0,0,0,0,0,0,0,0,0,0,1
0,0,0,0,0,0,0,-0.473374,0,0,0,0,0,0,0,0,-0.570939,0,0,0,0,0,0,0,0,0,0,0,0,0,0,0,1.57722,1,0,0,0,0,0,0,0.8659,0,0,-0.764864,0,0,0,0,1,0,0,0,0,0,0,0,0,0,0,0,0,0,0,0,0,0,0,0,0,0,0,0,1,0,0,0,0,0,0,0,0,0,0,0,0,0,0,-0.794225,0,0,-0.522939,0,0,0,0,0,0,0,0,0,0,1,1
0,0,0,0,0,0,0,-0.694257,0,0,0,0,0,0,0,0,-0.879954,0,0,0,0,0,0,0,0,0,0,0,0,0,0,0,1.24373,0,0,0,0,0,0,0,0.364039,0,0,-0.740034,0,1,0,0,0,0,0,0,0,0,0,0,0,0,0,0,0,0,0,0,0,0,0,0,0,0,0,0,1,0,0,0,0,0,0,0,0,0,0,0,0,0,0,-0.71782,0,0,-0.795677,0,0,0,0,0,0,0,0,0,0,0,1
0,0,0,0,1,0,0,-0.458973,0,0,0,0,0,0,0,0,-0.550601,0,0,0,0,0,0,0,0,0,0,0,0,0,0,0,0.71804,0,0,0,0,0,0,0,0.703974,0,0,-0.449604,0,0,0,0,0,0,0,0,0,0,0,0,0,0,0,0,0,0,0,0,0,0,0,0,0,0,1,0,0,0,0,0,0,0,0,0,0,0,0,0,0,0,0,-0.702327,0,0,-0.710618,0,0,0,0,0,0,0,0,0,1,0,1
0,0,0,1,0,0,0,-0.810901,0,0,0,0,0,0,0,1,-0.70315,0,0,0,1,0,0,0,0,0,0,0,0,0,0,0,1.28573,0,0,0,0,0,0,0,0.64138,0,0,-0.73595,0,0,0,0,0,0,0,0,0,0,0,0,0,0,0,0,0,0,0,0,0,0,0,0,0,0,0,0,0,0,0,0,0,0,0,0,0,0,0,0,0,0,0,-0.558433,0,0,-0.547136,0,0,0,0,0,0,0,0,0,0,0,1
0,0,0,1,0,0,0,-0.684715,0,0,0,0,0,0,0,0,-0.560572,0,0,0,1,0,0,0,0,0,0,0,0,0,0,0,1.71057,6,0,0,0,1,0,0,1.775836,0,0,-0.792764,0,0,0,0,0,1,0,0,0,0,0,0,0,0,0,0,0,0,0,0,0,0,0,0,0,0,0,0,1,0,0,0,0,0,0,0,0,0,0,0,1,0,0,-0.727069,0,0,-0.631655,0,0,0,0,0,0,0,1,0,0,1,1
0,0,0,0,0,0,0,-0.622437,0,0,0,0,0,0,0,0,-0.620393,0,0,0,0,0,0,0,0,0,0,0,0,0,0,0,1.22795,4,0,0,0,0,0,0,1.784566,0,0,-0.71771,0,1,0,0,0,0,0,0,0,1,0,1,0,0,0,0,0,0,0,0,0,0,0,0,0,0,0,0,0,0,0,1,0,0,0,0,0,0,0,0,0,0,0,-0.759838,0,0,-0.642763,0,0,0,0,0,0,0,0,0,1,1,1
0,0,0,0,0,0,0,-0.47008,0,0,0,0,0,0,0,0,-0.603018,0,0,0,0,0,0,0,0,0,0,0,0,0,0,0,0.89506,2,0,0,0,0,0,0,2.007758,0,0,-0.639838,0,0,0,0,0,0,0,0,0,0,0,0,0,0,0,0,0,0,0,0,0,0,1,0,0,0,0,0,0,0,0,0,0,0,0,0,0,0,0,0,0,0,0,-0.686592,0,0,-0.546077,0,0,0,0,0,0,0,0,0,0,1,1
0,0,0,0,0,0,0,-0.564364,1,0,0,0,0,0,0,0,-0.59175,0,0,0,0,0,0,1,0,0,0,0,0,0,0,0,1.85001,6,0,0,1,0,0,0,1.057068,0,0,9.22951,0,0,0,0,0,1,0,0,0,0,0,0,0,1,0,0,0,0,0,0,0,0,0,0,0,0,1,0,1,0,0,0,1,0,0,0,0,0,0,0,0,1,0,-0.706035,0,0,-0.689571,0,0,0,0,1,0,0,1,0,0,1,1
0,0,0,0,0,0,0,-0.798542,0,0,0,0,0,0,0,0,-0.500114,0,0,0,0,0,0,0,0,1,0,0,0,0,0,0,1.32859,2,0,0,0,0,0,0,1.355009,0,0,-0.79687,0,0,0,0,0,0,0,0,0,0,0,1,0,0,0,0,0,0,0,0,0,0,0,0,0,0,0,0,0,0,0,0,0,0,0,0,0,0,0,0,0,0,0,-0.613622,0,0,-0.607414,0,0,0,0,0,0,0,0,0,0,0,1
0,0,0,0,0,0,0,-0.269529,0,0,0,0,0,0,0,0,-0.812057,0,0,1,0,0,0,0,0,0,0,0,0,0,0,0,0.78871,0,0,0,0,0,0,0,1.576789,0,0,-0.510612,0,0,0,0,0,0,0,0,1,0,0,0,0,0,0,0,0,0,0,0,0,0,0,0,0,0,1,0,0,0,0,0,0,0,0,0,0,0,0,1,0,0,0,-0.458592,0,0,-0.598084,0,0,0,0,0,0,0,1,0,0,1,1
0,0,0,0,0,0,0,-0.568739,0,0,0,0,0,0,0,0,-0.692352,0,0,0,0,0,0,0,0,0,0,0,0,0,0,0,0.87257,0,0,0,0,0,0,0,0.676674,0,0,-0.637317,0,0,0,0,0,0,0,0,0,0,0,0,0,0,0,0,0,0,0,0,0,0,0,0,0,0,0,0,0,0,0,0,0,0,0,0,0,0,0,0,0,0,0,-0.579589,0,0,-0.573271,0,0,0,0,0,0,0,0,1,0,0,1
0,0,0,0,0,0,0,-0.595776,0,0,1,0,1,0,0,0,-0.712285,0,0,0,0,0,0,0,0,0,0,0,0,0,0,0,1.40123,7,0,0,0,0,0,0,2.441393,0,0,-0.77171,0,0,0,0,0,0,0,0,0,0,0,0,0,0,0,0,0,0,0,0,0,0,0,0,0,0,0,0,0,0,0,0,0,0,0,0,0,0,0,0,0,0,0,-0.876247,0,0,-0.75679,0,0,0,0,0,0,0,0,0,1,0,1
0,0,0,0,0,0,0,-0.766707,0,0,0,0,0,0,0,0,-0.573245,0,0,0,0,0,0,0,0,0,0,0,0,0,0,0,0.8607,2,0,1,0,0,0,0,1.663499,0,0,-0.669098,0,0,0,0,1,0,0,0,0,0,0,0,0,1,0,0,0,0,0,0,0,0,0,0,0,0,0,0,0,0,0,0,0,0,0,0,0,0,0,0,1,1,0,-0.806233,0,0,-0.530061,0,0,0,0,0,0,0,0,1,0,0,1
0,0,0,0,0,0,0,-0.572364,0,0,0,0,0,0,0,0,-0.731497,0,0,0,0,0,0,0,0,0,0,0,0,0,0,0,0.91017,1,0,0,0,0,0,0,1.628403,0,0,-0.593279,0,0,0,0,0,0,0,0,0,0,0,0,0,0,0,0,0,0,0,0,1,1,0,0,0,0,0,0,0,0,0,0,0,0,0,0,0,0,0,0,0,0,0,-0.73259,0,0,-0.794609,0,0,0,0,0,0,0,0,0,0,0,1
0,0,0,0,0,0,0,-0.763095,0,0,0,0,0,0,0,0,-0.628108,0,0,0,0,0,0,0,0,0,0,0,0,0,0,0,0.8645,0,0,0,0,0,0,0,0.502591,0,0,-0.636963,0,1,0,0,0,0,0,0,0,0,1,0,0,0,0,0,0,0,0,0,0,0,0,0,0,0,0,0,0,0,0,0,0,0,0,0,0,0,0,0,0,0,0,-0.261051,0,0,-0.625098,0,0,0,0,0,0,0,0,0,0,0,1
0,0,0,0,0,0,0,-0.574975,0,0,0,0,0,0,0,0,-0.384348,0,0,0,0,0,0,0,0,0,0,0,0,0,0,0,1.26297,5,0,0,0,0,0,0,1.097785,0,0,-0.71454,0,0,0,0,0,0,1,0,0,0,0,0,0,0,0,0,0,0,0,0,0,0,0,0,0,0,0,0,0,0,0,0,0,0,0,0,0,0,0,0,0,0,0,-0.700758,0,0,-0.602026,0,0,0,0,0,0,0,0,0,0,1,1
0,0,0,1,0,0,0,-0.668065,0,0,0,0,0,0,0,0,-0.662797,0,0,0,0,0,0,0,0,1,0,0,0,0,0,0,1.45482,2,0,0,0,0,0,0,0.939851,0,0,-0.759067,0,0,0,0,0,0,0,0,0,0,1,0,0,0,0,0,0,0,0,0,0,1,0,0,0,0,0,0,0,0,0,0,0,0,0,0,0,0,0,0,0,0,0,-0.723287,0,0,-0.586844,0,0,0,0,0,1,0,0,0,0,0,1
0,0,0,0,0,0,0,-0.674981,0,0,0,0,0,0,0,0,-0.609659,0,0,1,0,1,0,0,0,0,0,0,0,0,0,0,1.05248,4,0,0,0,0,0,0,2.345714,0,0,-0.701334,1,0,0,0,0,0,0,0,0,0,0,0,1,0,0,0,0,0,0,0,0,0,0,0,0,0,1,0,0,0,0,0,0,0,0,0,0,0,0,0,0,0,0,-0.437292,0,0,-0.792819,0,0,0,0,0,0,0,0,0,0,1,1
0,0,0,0,0,0,0,-0.80373,0,0,0,0,0,0,0,0,-0.755187,0,1,0,0,0,0,0,0,0,0,0,0,0,0,0,0.75207,0,0,0,0,0,0,0,0.325108,0,0,-0.561582,0,0,0,0,0,0,0,0,0,0,0,1,0,0,0,0,0,0,0,1,0,1,0,0,0,0,0,0,0,0,0,0,0,0,0,0,0,0,0,0,0,0,0,-0.624627,0,0,3.373142,0,0,0,0,0,0,0,0,0,0,0,1
0,0,0,0,0,0,0,-0.725508,0,0,0,0,0,0,0,0,-0.558012,0,0,0,1,0,0,0,0,0,0,0,0,0,0,0,0.52485,1,0,0,0,0,0,0,0.844707,0,0,-0.455074,0,0,0,0,0,0,0,0,0,0,1,0,0,0,0,0,0,0,0,0,0,0,0,0,0,1,0,0,1,0,0,0,0,0,0,0,0,0,0,0,0,0,0,-0.536082,0,0,-0.739723,0,0,0,0,0,0,0,0,0,0,0,1
0,0,0,0,0,0,0,-0.710559,0,0,0,0,0,0,0,0,-0.586063,0,0,0,0,0,0,0,0,0,0,0,0,0,0,0,0.82462,1,0,0,0,0,0,0,0.805,0,0,-0.56625,0,0,0,0,0,0,0,0,0,0,0,0,0,0,0,0,0,0,0,0,0,0,0,0,0,0,0,0,1,0,0,0,0,0,0,0,0,0,0,0,0,0,0,-0.588234,0,0,-0.568563,0,0,0,0,0,0,0,0,0,0,0,1
0,0,0,1,0,0,0,-0.721446,0,0,0,0,0,0,0,0,-0.624252,0,0,0,0,0,0,0,0,0,0,0,0,0,0,0,1.0287,2,0,0,0,0,0,0,1.016394,0,0,-0.665573,0,0,0,0,0,0,0,0,0,0,0,0,0,0,0,0,1,0,0,0,0,0,0,0,0,0,0,0,0,0,0,0,0,0,0,0,0,0,0,0,0,0,0,-0.679023,0,1,-0.60355,0,0,0,0,0,0,0,0,0,0,1,1
0,0,0,0,0,0,0,-0.653931,0,0,0,0,0,0,0,0,-0.795527,0,0,1,0,0,0,1,0,0,0,0,0,0,1,0,0.77111,5,0,0,0,0,0,0,1.224806,0,0,-0.682181,0,0,0,0,0,0,0,0,0,0,0,0,0,0,0,0,0,0,0,1,0,0,0,0,0,0,0,0,0,0,0,0,0,0,0,0,0,1,0,0,0,0,0,-0.535085,0,0,-0.590367,0,1,0,0,0,0,0,0,0,1,1,1
0,0,0,0,0,0,0,-0.675869,0,0,0,0,0,0,0,0,-0.700099,1,0,0,0,0,0,0,0,0,0,0,0,0,0,0,1.30564,1,0,0,0,0,0,0,0.977284,0,0,-0.721876,0,0,0,0,0,0,0,0,0,0,0,0,0,0,0,0,0,0,0,0,0,0,1,0,0,0,0,0,0,0,0,0,0,0,0,0,0,0,0,0,0,0,0,-0.664331,0,0,-0.684729,0,0,0,0,0,0,0,0,0,0,0,1
0,0,0,0,0,0,0,-0.654604,0,0,0,0,0,0,0,0,-0.631144,0,0,0,0,0,0,0,0,1,0,0,0,0,0,0,1.61326,2,0,0,0,0,0,0,0.659689,0,0,-0.78063,0,0,0,0,0,1,0,1,0,0,0,0,0,0,0,0,0,0,0,0,0,0,0,1,0,1,0,0,0,0,0,0,0,0,0,0,0,0,0,0,0,0,0,-0.635269,0,0,-0.705128,0,0,0,0,0,0,0,0,0,1,1,1
0,0,0,0,0,0,0,-0.516957,0,0,0,0,1,0,0,0,-0.682402,0,0,0,0,0,0,0,0,0,0,0,0,0,0,0,1.06382,1,0,0,0,0,0,0,1.487068,0,0,-0.647656,0,1,0,0,0,0,0,0,0,0,1,0,0,0,0,0,0,0,0,0,0,0,0,0,0,0,0,0,1,0,0,0,0,0,0,0,0,0,0,0,0,0,0,-0.746798,0,0,-0.606629,0,0,0,0,0,0,0,0,0,0,0,1
0,0,0,0,0,0,0,-0.635105,0,0,0,0,0,0,0,0,-0.218363,0,1,0,0,0,0,0,0,0,0,0,0,0,0,0,0.99501,0,0,0,0,0,0,0,0.603772,0,0,-0.64263,0,0,0,0,0,0,0,0,1,0,0,0,0,0,0,0,0,0,0,0,0,0,0,0,0,0,1,0,0,0,0,0,0,0,0,0,0,0,0,0,0,0,0,-0.634107,0,0,-0.781695,0,0,0,0,0,1,0,0,0,0,0,1
0,0,0,0,0,0,0,-0.706436,0,0,1,0,0,0,0,0,-0.684541,0,0,0,0,0,0,0,0,0,0,0,0,0,0,0,1.03378,1,0,0,0,0,0,0,1.669542,0,0,-0.641542,0,0,0,0,0,0,1,0,0,0,0,0,0,0,0,0,0,0,0,0,0,0,0,0,0,0,0,0,0,0,0,0,0,0,0,0,0,0,0,0,0,0,0,-0.75131,0,0,-0.795204,0,0,0,0,0,1,0,0,0,0,1,1
0,0,0,0,0,0,0,-0.482364,0,0,0,0,0,0,0,0,-0.852505,0,0,0,0,0,0,0,0,0,0,0,0,0,0,0,0.96957,4,0,0,0,0,0,0,1.432782,0,0,-0.646553,0,0,0,0,0,0,0,0,0,0,1,0,0,0,0,0,0,0,0,0,0,0,0,0,0,0,0,0,0,0,0,0,0,0,0,0,0,0,0,0,0,0,0,-0.581767,0,0,-0.744862,0,0,0,0,0,0,0,0,0,0,1,1
0,0,0,0,0,0,0,-0.784854,0,0,0,0,0,0,0,0,-0.645254,0,0,0,0,0,0,1,0,0,0,0,0,0,0,0,0.9958,2,0,0,0,0,0,0,1.420816,0,0,-0.660129,0,0,0,0,0,0,0,0,0,0,0,0,0,0,0,0,0,0,0,0,0,0,0,0,0,0,0,0,0,0,0,0,0,0,0,0,0,0,0,1,0,0,0,-0.552038,0,1,-0.795961,0,0,0,0,0,1,0,1,0,0,1,1
1,0,0,0,0,0,0,-0.344515,1,0,0,0,0,0,0,0,-0.713598,0,0,0,1,0,0,0,0,0,0,0,0,0,0,0,1.82328,4,0,0,0,0,0,0,0.908958,0,0,-0.838098,0,0,0,0,0,0,0,0,0,0,0,1,0,0,0,0,0,0,0,0,1,0,0,0,0,0,0,0,0,0,0,0,1,0,0,0,0,0,0,0,0,0,1,-0.739965,0,0,7.623375,0,0,0,0,0,0,0,0,0,0,0,1
0,0,0,0,0,0,0,-0.572313,0,0,0,0,0,0,0,0,-0.500197,0,0,0,0,0,0,0,0,0,0,0,0,0,0,0,1.30564,2,0,0,0,0,0,0,0.96746,0,0,-0.767937,0,0,0,0,0,0,0,0,0,0,0,0,0,0,0,0,0,0,0,0,0,0,0,0,0,0,0,0,0,0,0,0,0,0,0,0,0,0,0,0,0,0,0,-0.565192,0,0,-0.582597,0,0,0,0,0,0,0,0,0,0,1,1
0,0,0,0,0,0,0,-0.847345,0,0,0,0,0,0,0,0,-0.71212,0,0,1,0,0,0,0,0,0,0,0,0,0,0,0,0.93623,5,0,0,0,0,0,0,2.668347,0,0,-0.596709,0,0,0,0,0,0,0,0,0,0,0,0,0,0,0,0,0,0,0,0,0,0,0,0,0,0,0,0,0,0,0,0,0,0,0,0,0,0,1,0,0,0,0,-0.59829,0,0,-0.623464,0,0,0,0,0,0,0,1,0,0,1,1
0,0,0,0,0,0,0,-0.537493,0,0,0,0,0,0,0,0,-0.73991,0,0,0,0,0,0,0,0,0,0,0,0,0,0,0,1.56053,0,0,0,0,0,0,0,0.510406,0,0,-0.74351,0,0,0,0,0,0,0,0,0,0,0,0,0,0,0,0,0,0,0,0,0,0,0,0,0,0,0,0,0,0,0,0,0,0,0,0,0,0,0,0,0,0,0,-0.444465,0,0,-0.560839,0,0,0,0,0,0,0,0,0,0,0,1
0,0,0,0,0,0,0,-0.870985,0,0,0,0,0,0,0,1,-0.447374,0,0,0,0,0,0,0,0,0,0,0,0,0,0,0,0.78902,0,0,0,0,0,0,0,0.232485,0,0,-0.562728,0,0,0,0,0,0,0,0,0,0,0,0,0,0,0,0,0,0,0,0,0,0,0,0,0,0,0,0,0,0,0,0,0,0,0,0,0,0,0,0,0,0,0,-0.693111,0,0,-0.53747,0,0,0,0,0,0,0,0,0,0,0,1
0,0,0,0,0,0,0,-0.719501,0,0,0,0,0,0,0,1,-0.652823,0,0,0,1,0,0,0,0,0,0,0,0,0,0,0,1.33669,2,0,0,0,0,0,0,1.526276,0,0,-0.806618,0,0,0,0,0,0,0,0,0,0,0,0,0,0,0,0,0,0,0,0,0,0,0,0,0,0,0,0,0,0,0,0,0,0,0,0,0,0,0,0,0,0,0,-0.790532,0,0,-0.676555,0,0,0,0,0,0,0,0,0,1,0,1
0,0,0,0,0,0,0,-0.615878,0,0,0,0,0,0,0,0,-0.662206,0,0,0,0,1,0,0,0,0,0,0,0,0,0,0,1.51062,0,0,0,0,0,0,0,1.428483,0,0,-0.790502,0,0,0,0,0,0,0,0,0,0,0,0,0,0,0,0,0,0,0,0,0,0,1,0,0,0,1,0,0,0,0,0,0,0,1,0,0,0,0,1,0,0,0,-0.759531,0,0,-0.706598,0,0,0,0,1,0,0,0,1,0,1,1
0,0,0,0,0,0,0,-0.649833,0,0,0,0,0,0,0,0,-0.622957,0,0,0,0,0,0,0,0,0,0,0,0,0,0,0,0.69497,0,0,0,0,0,0,0,1.075238,0,0,-0.48761,0,0,0,0,0,0,0,0,0,0,0,0,0,0,0,0,0,0,0,0,0,0,1,0,0,0,0,0,0,0,0,0,0,0,0,0,0,0,0,1,0,0,0,-0.597302,0,0,-0.695735,0,0,0,0,0,0,0,0,0,0,0,1
0,0,0,0,0,0,0,-0.661036,0,0,0,0,0,0,0,0,-0.728526,0,0,1,0,0,0,0,0,0,0,0,0,0,1,0,0.91186,6,0,0,0,0,0,0,1.881901,0,1,-0.657113,0,0,0,0,0,0,0,0,0,0,0,0,0,0,0,0,0,0,0,0,0,0,0,0,0,0,0,0,0,0,0,0,0,0,0,0,0,0,0,0,0,0,0,-0.55752,0,1,-0.338443,0,0,0,0,0,0,0,0,0,0,1,1
0,0,0,0,0,0,0,-0.653156,0,0,0,0,0,0,1,0,-0.603896,0,0,0,0,0,0,1,0,0,0,0,0,0,0,0,1.86964,3,0,0,0,0,0,0,0.968694,1,1,-0.805248,0,0,0,0,0,0,0,0,0,0,0,0,1,0,0,0,0,0,0,0,0,0,0,0,0,0,0,0,0,1,0,0,0,0,0,0,0,0,0,0,0,0,0,-0.861107,0,0,-0.826322,0,0,0,0,0,0,0,0,0,0,1,1
0,0,0,0,0,0,0,-0.46094,0,0,0,0,0,0,0,0,-0.671756,0,0,0,0,0,0,0,0,0,0,0,0,0,0,0,0.91081,0,0,0,0,0,0,0,1.522466,0,0,-0.616461,0,0,0,0,0,0,0,0,0,0,0,0,0,0,0,0,0,0,0,1,0,0,1,0,0,0,0,0,0,0,0,0,0,0,1,1,0,0,0,0,0,0,0,-0.770687,0,0,-0.931034,0,0,0,0,0,0,0,0,0,0,0,1
0,0,0,0,0,0,0,-0.774823,0,0,0,0,0,0,0,0,-0.575882,0,0,0,1,0,0,0,0,0,0,0,0,0,0,0,1.57354,7,0,0,0,0,0,0,1.714471,0,0,-0.7721,0,0,0,0,0,0,0,0,1,0,0,0,0,0,0,0,0,0,0,0,0,0,0,0,0,0,0,0,0,0,0,0,0,0,0,0,0,1,0,1,0,0,0,-0.551964,0,0,-0.674766,0,0,0,0,0,0,0,0,0,1,0,1
0,0,0,0,0,0,0,-0.553952,0,0,0,0,0,0,0,0,-0.749839,0,0,0,0,0,0,0,0,0,0,0,0,0,0,0,1.23438,0,0,0,0,0,0,0,0.528374,0,0,-0.721205,0,0,0,0,0,0,0,0,0,0,0,0,0,0,0,0,0,0,0,1,0,0,0,0,0,0,0,0,0,0,0,0,0,0,0,0,0,0,0,0,0,0,0,-0.527959,0,0,-0.607824,0,0,0,0,0,0,0,0,1,0,0,1
0,0,0,0,0,0,0,-0.688787,0,0,0,0,0,0,0,0,-0.606206,0,0,0,0,0,0,0,0,0,0,0,0,0,0,0,1.29265,2,0,0,0,0,0,0,1.683565,0,0,-0.639225,0,0,0,0,0,0,0,0,0,0,0,0,0,0,0,0,0,0,0,1,0,0,0,0,0,0,0,0,0,0,0,0,1,0,0,0,0,0,0,0,0,0,0,-0.520847,0,0,-0.678331,0,0,0,0,0,0,0,0,0,0,1,1
0,0,0,0,0,0,0,-0.673277,0,0,0,0,0,0,0,0,-0.571438,0,0,0,0,0,0,0,0,0,0,0,0,0,0,0,0.94069,2,0,0,0,1,0,0,1.686257,0,0,-0.638353,0,0,0,0,0,0,0,0,0,0,0,0,0,0,0,0,0,0,0,0,0,0,0,0,0,0,0,0,0,0,0,0,0,0,0,0,0,0,0,0,0,0,0,-0.67497,0,0,-0.524494,0,0,0,0,0,0,0,0,0,1,1,1
0,0,0,0,0,0,0,-0.746537,0,0,0,0,0,0,0,0,-0.686927,0,0,0,0,0,0,0,0,0,0,0,0,0,0,0,1.57271,1,0,0,0,1,0,0,0.981314,0,0,-0.783902,0,0,0,0,0,0,0,0,0,0,0,0,0,0,0,0,0,0,0,0,0,0,0,0,0,0,0,0,0,0,0,0,0,0,0,0,0,0,0,0,0,0,0,-0.513436,0,0,-0.763794,0,0,0,0,0,0,0,0,0,0,0,1
0,0,0,0,0,0,0,-0.580095,0,0,0,0,0,0,0,0,-0.39982,0,0,0,0,0,0,0,0,0,1,0,0,0,0,0,1.24793,4,0,0,0,0,0,0,1.313245,0,0,-0.72767,0,0,0,0,0,0,0,0,0,0,0,0,0,0,0,0,0,0,0,0,0,0,0,0,0,0,1,0,0,0,0,0,0,0,0,0,0,0,0,0,0,0,0,-0.696828,0,0,-0.695368,0,0,0,0,0,0,0,1,1,0,1,1
0,0,0,0,0,0,0,-0.743044,0,0,0,0,0,0,0,0,-0.414371,0,0,0,0,0,0,0,0,0,0,0,0,0,0,0,1.38429,0,0,0,0,0,0,0,1.200767,0,0,-0.715621,0,0,0,0,0,0,0,0,0,0,0,0,0,0,0,0,0,0,0,1,0,0,0,0,0,0,0,0,0,0,0,0,0,0,0,0,0,0,0,1,0,0,0,-0.774029,0,1,-0.842619,0,0,0,0,0,0,0,0,0,0,1,1
0,0,0,0,0,0,1,-0.580236,0,0,0,0,1,0,0,0,-0.443741,0,0,0,0,0,1,0,0,0,0,0,0,0,0,0,1.41228,3,0,0,0,0,0,0,0.644156,0,0,-0.779235,1,0,0,1,0,0,0,0,0,0,0,0,0,0,1,1,0,0,0,0,0,0,0,0,0,0,0,0,0,0,0,0,0,0,0,0,0,0,0,0,0,0,0,-0.688281,0,0,2.591628,0,0,0,0,0,0,0,0,0,0,1,1
0,0,0,0,0,0,0,-0.686697,0,0,0,0,1,0,0,0,-0.692745,0,0,0,0,0,0,0,0,0,0,0,0,0,0,0,0.80447,5,0,1,0,0,0,0,1.402195,0,0,-0.609059,0,0,0,0,0,0,0,0,0,1,0,0,0,0,0,0,0,0,0,0,0,0,0,0,0,0,0,0,0,0,0,0,0,0,0,0,0,0,0,0,0,0,0,-0.714733,0,0,-0.586779,0,0,0,0,0,0,0,0,0,0,1,1
0,0,0,1,0,0,0,-0.673673,0,0,0,0,0,0,0,0,-0.737254,0,0,0,0,0,0,0,0,0,0,0,0,0,0,0,1.30734,1,0,0,0,0,0,0,0.736943,0,0,-0.728754,0,0,0,0,0,0,0,0,0,0,0,0,0,0,0,0,0,0,0,0,0,0,0,0,0,0,0,0,1,0,0,0,0,0,0,0,0,0,0,0,0,0,0,-0.844678,0,0,-0.704778,0,0,0,0,0,0,0,0,0,0,1,1
0,0,0,0,0,0,0,-0.726712,0,0,0,0,0,0,0,0,-0.660822,0,0,0,0,0,0,0,0,0,0,0,0,0,0,0,0.95458,0,0,0,0,0,0,0,0.696904,0,0,-0.626027,0,0,0,0,0,0,0,0,0,0,0,0,0,0,0,0,0,0,0,0,0,0,0,0,0,0,0,0,0,0,0,0,0,0,0,0,0,0,0,0,0,0,0,-0.546876,0,0,-0.756704,0,0,0,0,0,1,0,0,0,0,0,1
0,0,0,0,0,0,0,-0.787497,0,0,0,0,0,0,0,0,-0.658987,0,0,0,0,0,0,0,0,0,0,0,0,0,0,0,0.72702,0,0,0,0,0,0,0,1.121506,0,0,-0.536129,0,0,0,0,0,0,0,0,0,0,1,0,0,0,0,0,0,0,0,0,0,0,0,0,0,0,0,0,0,0,0,0,0,0,0,0,0,0,0,0,0,0,0,-0.778219,0,0,-0.68174,0,0,0,0,0,0,0,1,0,0,0,1
0,0,0,0,0,0,0,-0.559654,0,0,0,0,0,0,0,0,-0.549476,0,0,0,0,0,0,0,0,0,0,0,0,0,1,0,1.41124,3,0,0,0,0,0,0,1.045643,0,0,-0.748416,0,0,0,0,0,0,0,0,0,0,0,0,0,0,0,0,0,0,0,0,0,1,0,0,0,0,0,0,0,0,0,0,0,0,0,0,0,0,0,0,0,0,0,-0.709484,0,0,-0.432118,0,0,0,0,0,0,0,0,0,0,1,1
0,0,0,0,0,0,0,-0.573009,0,0,0,0,0,0,0,0,-0.652805,0,0,0,0,0,0,0,0,0,0,0,0,0,0,0,1.53055,2,0,0,0,0,0,0,0.925883,0,0,-0.77437,0,0,0,0,0,0,0,0,0,0,0,0,0,0,0,0,0,0,0,0,0,0,0,0,0,0,0,0,0,0,0,0,0,0,0,0,0,0,0,1,0,0,0,-0.47454,0,0,-0.645012,0,0,0,0,0,0,0,0,0,0,1,1
0,0,0,1,0,0,0,-0.710268,0,0,0,0,0,0,0,0,-0.559333,1,0,0,0,0,0,0,0,0,0,0,0,0,0,0,0.70478,0,0,0,0,0,0,0,0.295055,0,0,-0.48251,0,0,0,0,0,0,1,0,0,0,0,0,0,0,0,0,0,0,0,0,0,0,0,0,0,0,0,0,0,0,0,0,0,0,0,0,0,0,0,0,0,0,0,-0.481451,0,0,-0.462429,0,0,0,0,0,0,0,0,0,0,0,1
0,0,0,0,0,0,0,-0.644457,0,0,0,0,0,0,0,0,-0.639217,0,0,0,0,0,0,0,0,0,0,0,0,0,0,0,1.13272,3,0,0,0,0,0,0,3.124822,0,0,-0.672789,0,0,0,0,0,0,0,0,0,0,0,0,0,0,0,0,0,0,0,0,0,0,1,0,0,0,0,0,1,0,0,0,0,0,0,0,0,0,0,0,0,0,0,-0.670737,0,0,-0.621617,0,0,0,1,0,0,0,0,1,0,1,1
0,0,0,0,0,0,0,-0.799738,0,0,0,0,0,0,1,0,-0.595771,0,0,0,0,1,0,0,0,1,1,0,0,1,1,0,1.21252,0,0,0,0,0,0,0,0.915387,0,0,-0.719677,0,1,0,0,0,0,0,0,1,0,0,1,0,0,0,0,0,0,0,0,1,0,0,0,0,0,0,0,0,0,0,0,0,0,0,0,0,0,0,0,0,0,0,-0.740665,0,0,-0.494291,0,0,0,0,0,0,0,0,0,0,1,1
0,0,0,0,0,0,0,-0.590195,0,0,0,0,0,0,0,0,-0.778181,0,0,0,0,0,0,0,0,0,0,0,0,0,0,0,0.94904,1,0,0,0,0,0,0,2.290396,0,0,-0.62744,0,0,0,0,0,0,0,0,0,0,0,0,0,0,0,0,0,0,0,0,0,0,0,0,0,0,0,0,0,0,0,0,0,0,0,0,0,0,0,0,0,0,0,-0.673343,0,0,-0.714023,0,0,0,0,0,0,0,0,0,0,1,1
0,0,0,0,0,0,0,-0.661518,0,0,0,0,0,0,0,0,-0.640951,0,1,0,0,0,0,0,0,0,0,0,0,0,0,0,1.42749,1,0,0,0,0,0,0,0.428341,0,0,-0.651358,0,1,0,0,0,0,0,0,0,0,0,0,0,0,0,0,0,0,0,0,0,0,0,0,0,0,0,0,1,0,0,0,0,0,0,1,0,0,0,0,0,0,0,-0.591814,0,0,-0.622355,0,0,0,0,0,0,0,0,0,1,0,1
0,0,0,0,0,0,0,-0.609837,0,0,0,0,0,0,0,0,-0.706133,0,0,0,0,1,0,0,0,0,0,0,0,0,0,0,0.9927,0,0,0,0,0,0,0,0.199279,0,0,-0.62582,0,0,0,0,0,0,0,0,0,0,0,0,0,0,0,0,0,0,0,0,0,0,0,0,0,0,0,0,0,0,0,0,0,0,0,0,0,0,0,0,0,0,0,-0.694864,0,0,-0.696236,0,0,0,0,0,0,0,0,0,1,0,1
0,0,0,0,0,0,0,-0.748882,0,0,0,0,0,0,0,0,-0.714476,0,0,0,0,0,0,0,0,0,0,0,0,0,0,0,1.17999,3,0,0,0,0,0,0,1.970868,0,0,-0.664724,0,0,0,0,0,0,0,0,0,0,0,0,0,0,0,0,0,0,0,0,0,0,0,0,0,0,0,0,0,0,0,0,0,0,0,0,0,0,0,0,0,0,0,-0.745604,0,0,-0.611505,0,0,0,0,0,0,0,0,0,0,1,1
0,0,1,0,0,0,0,-0.60705,0,0,0,0,0,0,0,0,-0.632853,0,0,0,0,0,0,0,0,0,0,0,0,0,0,0,1.18615,3,0,0,0,0,0,0,1.541955,0,0,-0.709548,0,0,0,0,0,1,0,0,0,0,0,0,0,0,1,0,1,0,0,1,0,0,0,0,0,0,0,0,0,0,0,0,0,0,0,0,0,0,0,0,0,0,0,-0.735194,0,0,-0.673622,0,0,0,0,0,0,0,0,1,0,1,1
0,0,0,1,0,0,0,-0.612353,0,0,0,0,0,0,0,0,-0.819333,0,0,0,0,0,0,0,0,0,0,0,0,0,0,0,1.50486,1,0,0,0,0,0,0,0.732641,0,0,-0.781763,0,0,0,0,0,0,0,0,0,0,0,0,0,0,0,0,0,0,0,0,0,0,0,0,0,0,1,0,1,0,0,0,0,0,0,0,0,0,0,0,0,0,0,-0.369623,0,0,-0.728408,0,0,0,0,0,0,0,0,0,0,1,1
0,0,0,0,0,1,0,-0.850134,0,0,0,0,0,0,0,0,-0.795596,0,0,0,0,0,0,0,0,0,0,0,0,0,0,0,1.47753,4,0,0,0,0,0,0,1.101968,0,0,-0.776501,0,0,0,0,0,0,0,1,0,0,0,0,0,0,0,0,0,0,0,1,1,0,0,0,0,0,0,0,0,0,0,0,0,0,0,0,0,0,1,0,0,0,0,-0.487744,0,0,-0.431119,0,0,0,0,0,0,0,0,0,0,1,1
0,0,0,0,0,0,0,-0.631318,0,0,0,0,0,0,0,0,-0.436393,0,0,0,0,0,0,0,0,0,0,0,0,0,0,0,0.76418,1,0,0,0,0,0,0,0.934837,0,0,-0.554095,0,0,0,0,0,0,0,0,0,0,0,0,0,0,0,0,0,0,0,0,0,0,0,0,0,0,0,0,0,0,0,0,0,0,0,0,0,0,0,0,0,0,0,-0.704024,0,0,-0.62195,0,0,0,0,0,0,0,0,0,0,1,1
0,0,0,0,0,0,0,-0.550603,0,0,0,0,0,0,1,0,-0.650776,0,0,0,0,0,0,0,0,0,0,0,0,0,1,0,1.23185,4,0,0,0,0,0,0,1.098391,0,0,-0.76289,0,0,0,0,0,0,0,0,0,0,0,0,0,0,0,0,0,0,0,0,0,0,0,0,0,0,0,0,0,0,0,0,0,0,0,0,0,0,0,0,0,0,0,-0.647924,0,0,-0.474103,0,0,0,0,0,0,0,0,0,0,1,1
0,0,0,0,0,0,0,-0.516435,0,0,0,0,0,0,0,0,-0.801146,0,0,0,0,0,0,0,0,1,0,0,0,0,0,0,0.82738,0,0,0,0,1,0,0,0.63039,0,0,-0.60164,0,0,0,0,0,0,0,0,0,0,0,0,0,0,0,0,0,0,0,0,0,0,0,0,0,0,0,0,0,0,0,0,0,0,0,0,0,0,0,1,0,0,0,-0.800293,0,0,-0.535209,0,0,0,0,0,0,0,0,0,0,0,1
0,0,0,1,0,0,0,-0.679794,1,0,0,0,0,0,0,0,-0.79396,0,0,1,1,0,0,0,0,0,0,0,0,0,0,0,1.7043,4,0,0,0,0,0,0,1.10599,0,1,-0.80836,1,0,0,0,0,0,0,0,0,0,0,0,0,0,0,0,0,0,0,0,0,0,0,0,0,0,0,0,0,0,0,0,0,0,0,0,0,0,0,0,0,0,0,-0.42813,0,0,-0.652333,0,0,0,0,0,0,0,0,0,0,1,1
0,0,0,1,0,0,0,-0.664972,0,0,0,0,1,0,0,0,-0.698752,0,0,0,0,0,0,0,0,1,0,0,0,0,0,0,1.30633,5,0,0,0,0,0,0,1.406161,0,0,-0.737156,0,0,0,0,0,0,0,0,0,0,0,0,0,0,0,0,0,0,0,0,0,0,0,0,0,0,0,0,0,0,0,0,0,0,0,0,0,0,0,0,0,0,0,-0.63008,0,0,-0.75873,0,0,0,0,0,0,0,0,0,0,1,1
0,0,0,0,0,0,0,-0.700132,0,0,0,0,0,0,0,0,-0.720257,0,0,0,1,0,0,0,0,0,0,0,0,0,0,0,1.43798,2,0,0,0,0,0,0,1.089902,0,0,-0.769535,0,0,0,0,0,0,0,0,0,0,0,0,0,0,0,0,0,0,0,0,1,0,0,0,0,0,0,0,0,0,0,0,0,0,0,0,0,0,0,0,0,0,0,-0.600821,0,0,-0.699646,0,0,0,0,0,0,0,0,0,0,1,1
0,0,1,0,0,0,0,-0.550898,0,0,0,0,1,0,0,0,-0.58726,0,0,0,0,0,0,0,0,0,0,0,0,0,0,0,1.52608,10,0,0,0,0,0,1,1.67963,0,0,-0.774099,0,0,0,0,0,0,1,0,0,0,0,0,0,0,0,0,0,0,0,0,0,0,1,0,0,0,0,0,0,0,0,0,0,0,0,0,0,0,0,0,0,1,0,-0.637679,0,0,-0.472719,0,0,0,0,0,0,0,1,0,1,0,1
0,0,0,0,0,1,0,-0.537347,1,0,0,0,0,0,0,0,-0.650026,0,0,0,0,0,0,0,0,0,0,0,0,0,0,0,0.96238,4,0,0,0,0,0,0,1.051942,0,0,-0.64487,0,0,0,0,0,0,0,0,0,1,0,0,0,0,0,0,0,0,0,0,0,0,0,0,0,0,0,0,0,0,0,0,0,0,0,0,0,0,0,0,0,0,0,-0.734135,0,0,-0.797641,0,0,0,0,0,0,0,0,0,0,1,1
0,0,0,0,0,0,0,-0.591879,0,0,0,0,0,0,0,0,-0.655442,0,0,0,0,0,0,0,0,0,0,0,0,0,0,0,2.33056,1,0,0,0,0,0,0,0.477766,0,0,-0.865157,0,0,0,0,0,0,0,0,0,0,0,0,0,0,0,0,0,0,0,0,1,0,0,0,0,0,0,0,0,0,0,0,0,0,0,0,0,0,0,0,0,0,0,-0.740993,0,0,-0.702953,0,0,0,0,0,0,0,0,0,0,1,1
0,0,0,0,0,0,0,-0.608063,0,0,0,0,0,0,0,0,-0.705699,0,0,0,0,0,0,0,0,0,0,0,0,0,0,0,1.05566,1,0,0,0,0,0,0,0.682313,0,0,-0.668784,0,1,0,0,0,0,1,0,0,0,0,0,0,0,0,0,0,0,0,0,0,0,0,0,0,0,0,0,0,0,0,0,0,0,0,0,0,0,0,0,0,0,0,-0.721008,0,0,-0.732176,0,0,0,0,1,0,0,0,1,0,0,1
0,0,0,0,0,0,0,-0.673761,0,0,1,0,0,1,0,0,-0.671016,0,0,0,0,0,0,0,0,1,0,0,0,0,0,0,1.68056,4,0,0,0,0,0,0,1.565647,0,0,-0.796811,0,0,0,0,0,0,0,0,0,0,1,0,0,0,0,0,0,0,0,0,0,0,0,0,1,0,0,0,0,0,0,0,1,1,0,0,0,0,0,0,0,0,0,-0.61188,0,0,-0.65848,1,0,0,0,1,0,0,0,0,0,1,1
0,0,0,0,0,0,0,-0.653035,0,0,0,0,0,0,0,0,-0.786126,0,0,0,0,0,0,0,0,0,0,0,0,0,0,0,1.44704,0,0,0,0,0,0,0,0.45804,0,0,-0.758872,0,0,0,0,0,0,0,0,0,0,0,0,0,0,0,0,0,0,0,0,0,0,0,0,0,0,0,0,0,0,0,0,0,0,0,0,0,0,0,0,0,0,0,-0.694742,0,0,-0.569579,0,0,0,0,0,1,0,0,0,0,0,1
0,0,0,0,0,0,0,-0.433975,0,0,0,0,0,0,0,0,-0.687277,0,0,0,0,0,0,0,0,0,0,0,0,0,0,0,1.1222,0,0,0,0,0,0,0,1.204042,0,0,-0.491336,0,0,0,0,0,0,0,0,0,0,0,0,0,0,0,0,0,0,0,0,0,0,0,0,0,0,0,0,0,0,0,0,0,0,0,0,0,1,0,0,0,0,0,-0.555309,0,0,-0.560984,0,0,0,0,0,0,0,0,0,1,1,1
0,0,0,0,0,0,0,-0.647514,0,0,0,0,0,0,0,0,-0.592393,0,0,0,1,0,0,0,0,0,0,0,0,0,0,0,1.84299,6,0,0,0,0,0,0,1.029663,0,0,-0.815203,1,0,0,0,0,0,0,0,0,0,0,0,0,0,0,0,0,0,1,0,1,0,0,0,0,0,0,0,0,0,1,0,0,1,0,0,0,0,0,0,0,0,0,-0.800951,0,0,-0.596541,0,0,0,0,0,0,0,0,0,1,1,1
0,0,0,0,0,0,0,-0.76236,0,0,0,0,0,0,0,0,-0.771953,0,0,0,0,0,0,0,0,0,1,0,0,0,0,0,1.04862,4,0,0,0,0,0,0,3.029076,0,0,-0.6125,0,0,0,0,0,0,0,0,0,0,0,0,0,0,0,0,0,0,0,0,1,0,0,0,0,0,0,0,0,0,0,0,0,0,0,0,0,0,0,0,0,0,0,-0.710268,0,0,-0.689742,0,0,0,0,0,0,0,0,0,0,1,1
0,0,0,0,0,0,0,-0.624624,0,0,0,0,0,0,0,0,-0.613215,0,0,0,0,0,0,0,0,0,0,0,0,0,1,0,1.78221,3,0,0,0,0,1,0,0.625697,0,0,-0.810809,0,0,0,0,0,0,0,0,0,0,1,0,0,0,0,0,0,0,0,1,0,0,0,0,0,0,0,0,0,0,0,0,0,0,0,0,0,1,0,0,1,0,0,-0.86261,0,0,-0.848093,0,0,0,0,0,0,0,0,1,0,1,1
0,0,0,0,0,0,0,-0.579826,0,0,0,0,0,0,0,0,-0.54474,0,0,0,0,0,0,0,0,0,0,0,0,0,0,0,0.84302,2,0,0,0,0,0,0,0.826684,0,0,-0.614435,0,0,0,0,0,0,0,0,0,0,0,0,0,0,0,0,0,0,0,1,0,0,0,0,0,0,0,0,0,0,0,0,0,0,0,0,0,0,0,0,0,0,0,-0.594612,0,1,-0.727273,0,0,0,0,0,0,0,1,0,0,0,1
0,0,0,0,0,0,0,-0.55234,0,0,0,0,0,0,0,0,-0.505278,0,0,0,0,0,0,0,0,0,0,0,0,0,0,0,0.87874,0,0,0,1,0,0,0,0.203184,0,0,-0.589043,0,0,0,0,0,0,1,0,0,0,0,0,0,0,0,0,0,0,0,0,0,0,0,0,0,0,1,0,0,0,0,0,0,0,0,0,0,0,0,0,0,0,0,-0.536862,0,0,-0.623813,0,0,0,0,0,0,0,0,0,0,0,1
0,0,0,0,0,0,0,1.368385,0,0,0,0,0,0,0,0,-0.723814,0,0,0,0,0,0,0,0,0,0,0,0,0,0,0,0.90772,2,0,0,0,0,0,0,2.061212,0,0,-0.626464,0,0,0,0,0,0,0,0,0,0,0,1,0,1,0,0,0,0,0,0,0,1,0,0,0,0,0,0,0,0,0,0,0,0,0,0,0,0,0,0,0,0,0,-0.770886,0,0,-0.736732,0,0,0,0,0,0,0,0,0,0,1,1
0,0,0,0,0,0,0,-0.702393,0,0,0,0,0,0,0,0,-0.684173,0,0,0,0,0,0,0,0,0,0,0,0,0,0,0,1.71979,6,0,0,0,1,1,0,1.502385,0,1,-0.806437,0,0,0,0,0,0,0,0,1,0,0,0,0,0,0,0,0,0,0,0,0,0,0,0,0,0,0,0,0,0,0,0,1,0,0,0,0,0,0,0,0,0,0,-0.663294,0,0,-0.589723,0,0,0,0,0,0,0,0,0,0,0,1
0,0,0,0,0,0,0,-0.658402,0,0,0,0,0,0,0,0,-0.656824,1,0,0,0,0,0,0,0,0,0,0,0,0,0,0,0.91874,1,0,0,0,0,0,0,0.723514,0,0,-0.698384,0,0,0,0,0,0,0,0,0,0,0,1,0,0,0,0,0,0,0,0,0,1,0,0,0,0,0,0,0,0,0,0,0,0,0,0,0,0,0,0,0,0,0,-0.565798,0,0,1.654693,0,0,0,0,0,0,0,0,0,0,0,1
0,0,0,0,0,0,0,-0.655612,0,0,0,0,0,0,0,0,-0.570437,0,0,0,0,0,0,0,0,0,0,0,0,0,0,0,1.0408,2,0,0,0,0,0,0,0.885117,0,0,-0.665019,0,0,0,0,1,0,0,0,0,0,0,0,0,0,0,0,0,0,0,0,0,0,0,0,0,0,0,0,0,0,0,0,0,0,1,0,0,0,0,0,0,0,0,-0.487924,0,0,-0.655806,0,0,0,0,0,0,0,0,0,0,1,1
0,0,0,0,0,0,0,-0.631453,0,0,0,0,0,0,0,0,-0.454443,0,0,0,0,0,0,0,0,0,0,0,0,0,1,0,1.35763,1,0,0,0,0,0,0,0.94413,0,0,-0.742553,0,0,0,0,0,0,0,0,0,0,0,0,0,0,0,0,0,0,0,0,0,0,0,0,0,0,0,0,0,0,0,0,0,0,0,0,0,0,0,0,0,0,0,-0.55049,0,0,-0.709349,0,0,0,0,0,0,0,0,0,0,1,1
0,0,1,0,0,0,1,7.008164,0,0,0,0,1,0,0,0,-0.681627,0,0,0,0,0,0,0,0,0,0,0,0,0,0,0,0.99507,0,0,0,0,0,0,0,1.181112,0,0,-0.5965,0,0,0,0,0,0,0,0,0,0,0,0,0,0,0,0,0,0,0,0,0,0,1,0,0,0,0,0,0,0,0,0,0,0,0,0,0,1,0,1,0,0,0,-0.816222,0,0,-0.777365,0,0,0,0,0,0,0,0,0,1,1,1
0,0,0,0,0,0,0,3.496119,0,0,0,0,0,0,0,1,-0.803181,0,0,0,0,0,0,0,0,0,0,0,0,0,0,0,0.75528,1,0,0,0,0,0,0,0.89012,0,0,-0.599527,0,0,0,0,0,0,0,0,0,0,0,0,0,0,0,0,0,0,0,0,0,0,0,0,0,0,0,0,0,0,0,0,0,0,0,0,0,0,0,0,0,0,0,-0.633429,0,0,-0.699698,0,0,0,0,0,0,0,0,0,0,1,1
0,0,0,0,0,0,0,-0.736245,0,0,0,0,0,0,0,0,-0.592384,0,0,0,0,0,0,0,0,0,0,0,0,0,0,0,1.09675,3,0,0,0,0,0,0,1.07583,0,0,-0.726726,0,0,0,0,0,0,0,0,0,0,1,0,0,0,0,0,0,0,0,0,0,0,0,0,0,0,0,0,0,0,0,0,0,0,0,0,0,0,0,0,0,0,0,-0.705631,0,0,-0.684474,0,0,0,0,0,0,0,0,0,0,1,1
0,0,0,0,0,0,0,-0.663921,0,0,0,0,0,0,0,0,-0.77645,0,0,0,0,1,0,0,0,0,0,0,0,0,0,0,1.1395,3,0,0,0,0,0,0,1.191732,0,0,-0.70117,0,0,0,0,0,0,0,0,0,0,0,0,0,0,0,0,0,0,0,0,0,0,0,0,0,0,0,0,0,0,0,0,0,0,0,0,0,0,0,0,0,0,0,-0.748953,0,0,-0.526584,0,0,0,0,0,0,0,0,0,1,0,1
0,0,0,0,0,0,0,-0.706148,0,1,0,0,0,0,0,0,-0.725094,0,0,0,0,0,0,0,0,1,0,0,0,0,0,0,1.76808,2,0,0,0,0,0,0,0.513778,0,0,-0.50792,0,0,0,0,0,0,0,0,0,0,0,0,0,0,0,0,0,0,0,0,0,1,1,0,0,0,1,0,0,0,0,0,0,0,0,0,0,0,0,0,0,0,0,-0.707814,0,0,-0.620244,0,0,0,0,0,0,0,0,1,0,1,1
0,0,0,0,0,0,0,-0.71155,0,0,0,0,0,0,0,0,-0.434313,0,0,0,0,0,0,0,0,0,0,0,0,0,0,0,1.92698,4,0,0,0,0,0,0,1.068089,0,1,-0.822303,0,0,0,0,0,0,0,0,0,0,1,0,0,0,0,0,0,0,0,0,0,0,0,0,0,0,1,0,0,0,0,0,0,0,0,0,0,1,0,1,0,0,0,-0.710646,0,0,-0.544867,0,0,0,0,0,0,0,0,0,0,1,1
0,0,0,0,0,0,0,-0.594326,0,0,0,0,0,0,1,0,-0.727126,0,0,0,0,0,0,0,0,0,0,0,0,0,0,0,1.43171,7,0,0,0,0,0,0,1.62819,0,0,-0.766099,0,1,0,0,0,0,0,0,0,0,1,1,0,0,0,0,0,0,0,0,0,0,0,0,0,0,0,0,0,0,0,0,0,0,0,0,0,0,0,0,0,0,0,-0.62506,0,1,-0.75262,0,0,0,0,0,0,0,0,0,1,1,1
0,0,0,0,0,0,0,-0.68166,0,0,0,0,0,0,0,0,-0.75674,0,0,0,0,0,0,0,0,0,0,0,0,0,0,0,1.11978,4,0,0,0,0,0,0,0.779044,0,0,-0.685415,0,0,0,0,1,0,0,0,0,0,0,0,0,0,0,0,0,0,0,0,0,0,0,0,0,0,0,0,0,0,0,0,0,0,0,0,0,0,0,1,0,1,0,-0.753007,0,0,-0.730826,0,0,0,0,0,1,0,1,0,0,1,1
0,0,0,0,0,0,0,-0.743947,0,0,1,0,0,0,0,0,-0.687305,0,0,0,0,0,0,0,0,0,0,0,0,0,0,0,1.38817,1,0,0,0,0,0,0,0.712874,0,0,-0.750144,0,0,0,0,0,0,0,0,0,0,0,0,0,0,0,0,0,0,0,0,0,0,0,0,0,0,0,0,0,0,0,0,0,0,0,0,0,0,0,0,0,0,0,-0.746157,0,0,-0.519325,0,0,0,0,0,0,0,0,0,1,0,1
0,0,0,0,0,0,0,-0.590467,0,0,0,0,0,0,0,0,-0.787672,0,0,0,0,0,0,0,0,0,0,0,0,0,1,0,1.09562,1,0,0,0,0,0,0,1.119194,0,0,-0.609925,0,0,0,0,0,0,0,0,0,0,0,0,0,0,0,0,0,0,0,0,0,0,0,0,0,0,0,0,0,0,0,0,0,0,0,0,0,0,0,0,0,0,0,-0.429822,0,0,-0.71407,0,0,0,0,0,0,0,0,0,0,0,1
0,0,0,0,0,0,0,-0.583619,0,0,0,0,0,0,0,0,-0.772136,1,0,0,0,0,0,0,0,0,0,0,0,0,0,0,1.07565,2,0,0,0,0,0,0,1.500437,0,0,-0.689044,0,0,0,0,0,0,0,0,0,0,0,0,0,0,0,0,0,1,0,0,0,0,0,0,0,0,0,0,0,0,0,0,0,0,0,0,0,0,1,0,0,0,0,-0.698841,0,0,-0.571316,0,0,0,0,0,0,0,0,0,0,1,1
0,0,0,1,0,0,0,-0.5293,0,0,0,0,0,0,0,0,-0.572224,0,0,0,0,0,0,0,0,0,0,0,0,0,0,0,0.74757,0,0,0,1,1,0,0,1.879837,0,0,-0.534181,0,0,0,0,0,0,0,0,0,0,0,0,0,0,0,0,0,0,0,0,0,0,0,0,0,0,0,0,0,0,0,0,0,0,0,0,0,0,0,0,0,0,0,-0.601123,0,0,-0.639624,0,0,0,0,0,0,0,0,1,0,0,1
0,0,0,0,0,0,0,-0.744283,0,0,0,0,0,0,0,0,-0.665177,0,0,0,0,0,0,0,0,0,0,0,0,0,0,0,0.70953,0,0,0,0,0,0,0,0.287364,0,0,-0.541171,0,0,0,0,0,0,0,0,0,0,0,0,0,0,0,0,0,0,0,0,0,0,0,0,0,0,1,0,0,0,0,0,0,0,0,0,0,0,0,0,0,0,0,-0.247852,0,0,-0.613247,0,0,0,0,0,0,0,0,0,0,0,1
0,0,0,0,0,0,0,-0.561988,0,0,0,0,0,0,0,0,-0.598582,0,0,0,0,0,0,0,0,0,0,0,0,0,0,0,1.05214,0,0,0,1,0,0,0,0.233639,0,0,-0.689776,0,0,0,0,0,0,0,0,0,0,0,0,0,0,0,0,0,0,0,1,0,0,0,0,0,0,0,0,1,0,0,0,0,0,0,0,0,0,0,0,0,0,0,-0.529452,0,0,-0.49634,0,0,0,0,0,0,0,0,0,0,0,1
0,0,0,0,0,0,0,-0.645575,0,0,0,0,0,0,0,0,-0.58493,0,0,0,0,0,0,0,0,0,0,0,0,0,0,0,0.76915,0,0,0,0,0,0,0,1.202866,0,0,-0.547613,0,0,0,0,0,0,0,0,0,0,0,0,0,0,0,0,0,0,0,0,0,0,0,0,0,0,0,0,0,0,0,0,0,0,0,0,0,0,0,0,0,0,0,-0.773116,0,0,-0.61034,0,0,0,0,0,0,0,0,0,0,0,1
0,0,0,0,0,0,0,-0.551566,0,0,0,0,0,0,0,0,-0.534764,1,0,0,0,0,0,0,0,0,0,0,0,0,0,0,0.83858,0,0,0,0,0,0,0,1.151609,0,0,-0.583396,0,1,0,0,0,0,0,0,0,0,0,0,0,0,0,0,0,0,0,0,0,0,0,0,0,0,0,0,0,0,0,0,0,0,0,0,0,0,0,0,0,0,0,-0.751112,0,0,-0.547296,0,0,0,0,0,0,0,0,0,0,0,1
0,0,0,0,0,0,0,-0.531853,0,0,0,0,0,0,0,0,-0.5192,0,0,0,0,0,0,0,0,0,0,0,0,0,0,0,0.934,0,0,0,0,0,0,0,0.454838,0,0,-0.620034,0,0,0,0,0,0,0,0,0,0,0,0,0,0,0,0,0,0,0,0,0,0,0,0,0,0,0,0,0,0,0,0,0,0,0,0,0,0,0,0,0,0,0,-0.639896,0,0,-0.698142,0,0,0,0,0,0,0,0,0,0,1,1
0,0,0,0,0,0,0,-0.701728,0,0,0,0,0,0,0,0,-0.769414,0,0,0,0,0,0,0,0,0,0,0,0,0,0,0,1.17681,1,0,0,0,0,0,0,1.344783,0,0,-0.714151,0,0,0,0,0,0,0,0,0,0,0,0,0,0,0,0,0,0,0,0,1,0,0,0,0,0,0,0,0,0,0,0,0,0,0,0,0,0,0,0,0,0,0,-0.758074,0,0,-0.613988,0,0,0,0,0,0,0,0,0,1,1,1
0,0,0,1,0,0,0,-0.627657,0,0,0,0,0,0,0,0,-0.501785,0,0,0,0,0,0,0,0,0,0,0,0,0,1,0,1.4766,6,0,0,0,0,0,0,1.167153,0,0,-0.808279,0,0,0,0,0,0,0,0,0,0,0,0,0,0,0,0,0,0,0,1,0,0,0,0,0,0,0,0,0,0,0,0,0,0,0,0,0,0,0,0,0,0,0,-0.598059,0,0,-0.70358,0,0,0,0,1,1,0,0,0,0,1,1
0,0,0,0,0,0,0,-0.573459,0,0,0,0,0,0,0,0,-0.625834,0,0,0,0,0,0,0,0,0,0,0,0,0,0,0,1.0115,0,0,0,0,0,0,0,1.024972,0,0,-0.661223,0,0,0,0,0,0,0,0,0,0,0,0,0,0,0,0,0,0,0,0,0,0,0,0,0,0,0,0,0,0,0,0,0,0,0,0,0,0,0,0,0,0,0,-0.74718,0,0,-0.684197,0,0,0,0,0,0,0,0,0,0,0,1
0,0,0,0,0,0,0,-0.60333,0,0,0,0,0,0,0,0,-0.631463,0,0,0,1,0,0,0,0,0,0,0,0,0,0,0,1.10268,0,0,0,0,1,0,0,0.260363,0,0,-0.706565,0,1,0,0,0,0,0,0,0,0,0,0,0,0,0,0,0,1,0,0,0,0,0,0,0,0,0,0,0,0,0,0,0,0,0,0,0,0,0,0,0,0,0,-0.631051,0,0,-0.643199,0,0,0,0,0,0,0,0,0,0,0,1
0,0,0,0,0,0,0,-0.797614,0,0,0,0,0,0,0,1,-0.703714,0,0,0,0,0,0,0,0,0,0,0,0,0,1,0,1.94645,4,0,0,0,0,0,0,0.535854,0,0,-0.822292,0,1,0,0,0,0,0,0,0,0,0,0,0,0,0,0,0,0,0,0,0,0,0,0,0,0,1,0,0,0,0,0,0,0,0,0,0,0,0,0,0,0,0,-0.72536,0,0,-0.672997,0,0,0,0,0,0,0,0,0,0,1,1
0,0,0,0,0,0,0,-0.755378,0,0,0,0,0,0,0,0,-0.771845,0,0,0,0,0,0,0,0,0,0,0,0,0,0,0,0.77464,1,0,0,0,0,1,0,1.573542,0,0,-0.611892,0,0,0,0,0,0,0,0,0,0,0,0,0,0,0,0,0,0,0,0,0,0,0,0,0,0,0,0,0,0,0,0,0,0,0,0,0,0,1,0,0,0,0,-0.654898,0,0,-0.709616,0,0,0,0,0,0,0,0,0,0,0,1
0,0,0,0,0,0,0,-0.71745,0,0,0,0,0,0,0,0,-0.639397,0,0,1,1,0,0,0,0,0,0,0,0,0,0,0,1.0778,1,0,1,0,0,0,0,1.182363,0,0,1.680239,0,1,0,0,0,0,1,0,0,0,0,0,0,0,1,0,0,0,0,0,0,0,0,0,0,0,1,0,0,0,0,0,0,0,0,0,0,0,0,0,0,0,0,-0.632197,0,0,-0.571145,0,0,0,1,0,1,0,0,0,0,0,1
0,0,0,0,0,0,0,-0.691189,0,0,0,0,0,0,0,0,-0.716161,0,0,1,0,0,0,0,0,0,0,0,0,0,0,0,1.06492,0,0,0,0,0,0,0,0.734238,0,0,-0.656566,0,0,0,0,0,0,0,0,0,0,0,0,0,0,0,0,0,0,0,0,0,0,0,0,0,0,0,0,0,0,0,0,0,0,0,0,0,0,0,0,0,0,0,-0.663792,0,0,-0.618381,0,0,0,0,0,0,0,0,0,0,0,1
0,0,0,0,0,0,0,-0.733019,0,0,0,0,0,0,0,0,-0.646094,0,0,1,0,0,0,0,0,1,0,0,0,0,0,0,1.75441,2,0,0,0,0,0,0,0.685332,0,0,-0.796288,0,0,0,0,0,0,0,0,0,0,0,0,0,0,0,0,0,0,0,0,0,0,0,0,0,0,0,0,0,0,0,0,0,0,0,0,0,0,0,1,0,0,0,-0.673124,0,0,-0.396667,0,0,0,0,0,0,0,0,0,0,1,1
0,0,0,0,0,0,0,-0.569341,0,0,0,0,0,0,0,0,-0.86426,0,0,0,0,0,0,0,0,0,0,0,0,0,0,0,0.80982,0,0,0,0,0,0,0,0.397787,0,0,-0.557586,0,0,0,0,0,0,0,0,0,0,0,0,0,0,0,0,0,0,0,0,0,0,0,0,0,0,0,0,1,0,0,0,0,0,0,0,0,0,0,0,0,0,0,-0.722335,0,0,-0.499242,0,0,0,0,0,1,0,0,0,0,0,1
0,0,0,1,0,0,0,-0.757832,0,0,0,0,0,0,0,0,-0.669686,0,0,0,0,0,0,0,0,0,0,0,0,0,0,0,1.14498,5,0,0,0,0,0,0,1.735298,0,0,-0.701685,0,0,0,0,0,0,0,0,0,0,0,0,0,0,0,0,0,0,0,0,0,0,0,0,0,0,0,0,0,0,0,0,0,0,0,0,0,0,0,0,0,0,0,-0.404552,0,0,-0.658211,0,0,0,0,0,0,0,0,0,0,0,1
0,0,0,0,0,0,0,-0.407181,0,0,0,0,0,0,0,0,-0.667489,0,0,0,0,0,0,0,0,0,0,0,0,0,0,0,0.84158,0,0,0,0,0,0,0,0.264129,0,0,-0.619227,0,1,0,0,0,0,0,0,0,0,0,0,0,0,0,0,0,0,0,0,0,1,0,0,0,0,0,0,1,0,0,0,0,0,0,0,0,0,0,0,0,0,0,-0.420957,0,0,-0.707539,0,0,0,0,0,0,0,0,0,0,0,1
0,0,0,0,0,0,0,-0.739691,0,0,0,0,0,0,0,0,-0.546139,0,0,0,0,0,0,0,0,0,0,0,0,0,0,0,1.36427,4,0,0,0,0,0,0,1.685979,0,0,-0.749928,0,0,0,0,0,0,0,0,0,0,0,0,0,0,0,0,0,0,0,0,0,0,0,0,0,1,0,0,0,0,0,0,0,0,0,0,0,0,0,0,0,0,0,-0.657131,0,0,-0.676797,0,0,0,0,0,0,0,0,0,0,1,1
0,0,0,0,0,0,0,-0.722177,0,0,0,0,0,0,0,0,-0.804413,0,0,0,0,0,0,0,1,1,0,0,0,0,0,0,1.90734,0,0,0,0,0,0,0,0.999891,0,0,-0.811386,0,0,0,0,0,0,0,0,0,0,1,0,0,0,0,0,0,0,0,0,0,0,0,0,0,0,0,1,1,0,0,1,0,0,0,0,0,0,0,1,0,0,0,-0.748958,0,0,-0.694942,0,0,0,0,0,0,0,0,0,0,1,1
0,0,0,0,0,0,0,-0.873302,0,0,0,0,0,0,0,0,-0.674303,0,0,1,0,0,0,0,0,0,0,0,0,0,0,0,1.03166,3,0,0,0,0,1,0,0.73605,0,0,-0.681715,0,0,0,0,0,0,0,0,1,0,0,0,0,0,0,0,0,0,0,0,0,0,0,0,0,0,0,0,0,0,0,0,0,0,0,0,0,0,0,0,0,0,0,-0.686016,0,0,-0.704642,0,0,0,0,0,0,0,0,0,1,0,1
0,0,0,0,0,0,0,-0.61287,0,0,0,0,0,0,0,0,-0.675178,0,0,0,1,0,0,0,0,0,0,0,0,0,1,0,1.13867,5,0,0,0,1,0,0,1.428033,0,0,-0.687064,0,0,0,0,0,0,0,0,0,0,0,0,0,0,0,0,0,0,0,1,0,0,0,0,0,0,0,0,0,0,0,0,0,0,0,0,0,0,0,0,0,0,0,-0.357968,0,1,8.059293,0,0,0,0,0,0,0,0,0,0,1,1
0,0,0,1,0,0,0,-0.523156,0,0,0,0,0,0,0,1,-0.509582,0,1,1,0,0,0,0,0,0,0,0,0,0,0,0,1.63337,3,0,0,0,0,0,0,0.540461,0,0,-0.782266,0,0,0,0,0,0,0,0,0,0,0,0,0,0,0,0,0,0,0,0,0,0,1,0,0,0,1,0,0,0,0,0,0,0,0,0,0,0,0,0,0,1,0,-0.626596,0,0,-0.552589,0,0,0,0,0,0,0,0,0,0,1,1
0,0,0,0,0,0,0,-0.778612,0,1,0,0,0,0,0,1,-0.623433,0,0,0,0,0,0,0,0,0,0,0,0,0,0,0,1.4302,0,0,0,0,0,0,0,0.588994,0,0,-0.73913,0,0,0,0,0,0,0,0,0,0,1,0,0,0,0,0,0,0,0,0,0,0,0,0,0,0,0,0,0,0,0,0,0,0,0,0,0,0,0,0,0,0,0,-0.421065,0,0,-0.687526,0,0,0,0,0,0,0,0,0,0,0,1
0,0,0,0,0,0,0,-0.598846,0,0,0,0,0,0,0,0,-0.762882,0,0,0,0,0,0,0,0,0,0,0,0,0,0,0,1.379,3,0,0,0,0,0,0,1.110896,0,0,-0.762157,0,0,0,0,0,0,0,0,0,0,1,0,0,0,0,0,0,0,0,0,1,0,0,0,0,0,0,0,0,0,0,0,0,0,0,0,0,0,1,0,0,0,0,-0.609492,0,0,-0.602316,0,0,0,0,0,0,0,0,0,0,0,1
0,1,0,0,0,0,0,-0.583538,0,0,1,0,0,0,0,0,-0.647164,0,0,0,0,0,0,0,0,0,0,0,0,0,0,0,1.38803,3,0,0,0,0,0,0,1.264954,0,0,-0.751699,0,0,0,0,0,0,0,0,0,0,0,0,0,0,1,0,0,0,0,0,0,0,0,0,0,0,1,0,0,0,0,0,0,0,0,0,0,0,0,0,0,1,0,-0.742017,0,0,-0.623431,0,0,0,0,0,0,0,0,0,0,1,1
0,0,0,0,0,0,0,-0.73157,0,0,0,0,0,0,0,0,-0.613379,0,0,0,0,0,0,0,0,0,0,0,0,0,0,0,1.04848,1,0,0,0,0,0,0,1.350379,0,0,-0.705527,0,0,0,0,0,0,0,0,0,0,0,0,0,0,0,0,0,0,0,0,0,0,0,0,0,0,0,0,1,0,0,0,0,0,0,0,0,0,0,0,0,1,0,-0.74672,0,0,-0.847064,0,0,0,0,0,0,0,0,0,0,1,1
0,0,0,0,0,0,0,-0.617411,0,0,0,0,0,0,0,0,-0.754805,0,0,0,0,0,0,0,0,0,0,0,0,0,0,0,0.98688,0,0,0,0,0,0,0,0.249069,0,0,-0.646536,0,0,0,0,0,0,0,0,0,0,0,0,0,0,0,0,0,0,0,1,0,0,0,0,0,0,1,0,0,0,0,0,0,0,0,0,0,0,0,0,0,0,0,-0.782809,0,0,-0.56667,0,0,0,0,0,0,0,0,0,0,0,1
0,0,0,0,0,0,0,-0.656713,0,0,0,0,0,0,0,0,-0.726018,0,0,0,0,0,0,0,0,0,0,0,0,0,0,0,1.68309,2,0,0,0,0,0,0,0.375,0,0,-0.759506,0,0,0,0,0,0,0,0,0,0,0,0,0,0,0,0,0,0,0,0,0,0,0,0,0,0,0,0,0,0,0,0,0,0,0,0,0,0,0,0,0,0,0,-0.671631,0,0,-0.698572,0,0,0,0,0,0,0,0,0,0,1,1
0,0,0,0,0,0,0,-0.687719,0,0,0,0,0,0,0,1,-0.652896,0,0,0,0,0,0,0,0,0,0,0,0,0,0,0,1.48625,5,0,0,0,1,0,0,0.513609,0,1,-0.769341,0,0,0,0,0,0,0,0,0,0,0,0,0,0,0,0,0,0,0,0,0,0,0,0,0,0,0,0,0,0,0,0,0,0,0,0,0,1,0,0,0,0,0,-0.689874,0,0,-0.608382,0,0,0,0,0,0,0,0,0,1,1,1
0,0,0,0,0,0,0,-0.61431,0,0,0,0,0,0,0,0,-0.759871,0,0,0,0,0,0,0,0,0,0,0,0,0,0,0,1.16167,0,0,0,0,0,0,0,0.558095,0,0,-0.70821,0,0,0,0,0,0,0,0,0,0,0,0,0,0,0,0,0,0,0,0,0,0,0,0,0,0,0,0,1,0,0,0,0,0,0,0,0,0,0,0,0,0,0,-0.647136,0,0,-0.815546,0,0,0,0,0,0,0,0,0,0,1,1
0,0,0,0,0,0,0,-0.620729,0,0,0,0,0,0,0,0,-0.626379,0,0,0,0,0,0,0,0,0,0,0,0,0,0,0,1.30588,1,0,0,0,0,0,0,0.630069,0,0,-0.741616,0,0,0,0,0,0,0,0,1,0,1,0,0,0,0,0,0,0,0,0,0,0,0,0,0,0,1,0,0,0,0,0,0,0,0,0,0,0,0,0,0,0,0,-0.610813,0,0,-0.767203,0,0,0,0,0,0,0,0,0,0,1,1
0,0,0,0,0,0,0,-0.764806,0,0,0,0,0,0,0,0,-0.695739,0,0,0,0,0,0,0,1,0,0,0,0,0,0,0,0.97382,1,0,0,0,0,0,0,0.649697,0,0,-0.647811,0,0,0,0,0,0,0,0,0,0,0,0,0,0,0,0,0,0,0,0,0,0,0,0,0,0,0,0,0,0,0,0,0,0,0,0,0,0,0,0,0,0,0,-0.726297,0,0,-0.693305,0,0,0,0,0,0,0,0,0,0,0,1
0,0,0,0,0,0,0,-0.661765,1,0,0,0,0,0,0,0,-0.556123,0,0,0,0,0,0,0,0,0,0,0,0,0,0,0,1.3033,2,0,0,0,0,0,0,1.24732,1,0,-0.806375,1,0,0,0,0,0,0,0,0,0,0,0,0,1,0,0,0,0,0,0,0,1,0,0,0,0,0,0,0,0,0,0,0,0,0,0,0,0,0,0,0,0,0,-0.653916,0,0,-0.817166,0,0,0,0,0,0,0,0,1,0,1,1
0,0,0,0,1,0,0,-0.630087,0,0,0,0,0,0,0,0,-0.824538,0,0,0,0,0,0,0,0,0,1,0,0,0,0,0,1.9134,4,0,0,0,0,0,0,0.5996,0,0,-0.821556,0,0,0,0,0,0,0,0,0,0,0,0,0,0,0,0,0,0,0,0,0,1,0,0,0,0,0,0,0,0,0,0,0,0,0,0,0,1,1,0,0,0,0,-0.743147,0,0,-0.549117,0,0,0,0,0,0,0,0,0,0,1,1
0,0,0,0,0,0,0,-0.7327,0,0,0,0,0,0,0,0,-0.780499,0,0,0,0,0,0,0,0,0,0,0,0,0,0,0,1.35076,1,0,0,0,0,0,0,0.973926,0,0,-0.752783,0,0,0,0,0,0,0,0,0,0,0,0,0,0,0,0,0,1,0,0,0,0,1,0,0,0,1,0,0,0,0,0,0,0,0,0,0,0,0,0,0,0,0,-0.646917,0,0,-0.677016,0,0,0,0,0,0,0,0,0,0,1,1
0,0,0,0,0,0,0,-0.657924,0,0,0,0,0,0,0,0,-0.81312,0,0,0,0,0,0,0,0,0,0,0,0,0,0,0,1.99378,5,0,0,0,1,0,0,1.02672,0,0,-0.826574,0,0,0,0,0,0,0,0,0,0,0,0,0,0,0,0,0,0,0,0,0,0,0,0,0,0,0,0,0,0,0,0,0,0,0,0,0,1,0,1,0,0,0,-0.691831,0,0,-0.637338,0,0,0,0,0,0,0,0,1,0,1,1
0,0,0,0,0,0,1,-0.814507,0,0,0,0,0,0,0,0,-0.536402,0,0,0,0,0,0,0,0,0,0,0,0,0,0,0,1.85864,4,0,0,0,0,0,0,1.19158,0,0,-0.887702,0,0,1,0,0,1,0,0,0,0,0,0,0,0,0,0,0,0,0,0,0,0,0,0,0,0,0,0,0,0,0,0,0,0,0,0,0,0,0,0,0,0,0,-0.684495,0,0,-0.828387,0,0,0,0,0,0,0,0,0,0,1,1
0,0,0,0,0,0,0,-0.713467,0,0,0,0,0,0,0,0,-0.588572,0,0,0,0,0,0,0,0,0,0,0,0,0,0,0,1.84191,0,0,0,0,0,0,0,0.580422,0,0,-0.773782,0,0,0,0,0,0,0,0,0,0,0,0,0,0,0,0,0,0,0,0,0,0,0,0,0,0,0,0,1,0,0,0,0,0,0,0,0,0,0,0,0,0,0,-0.613488,0,0,-0.720401,0,0,0,0,0,0,0,0,0,0,1,1
0,0,0,0,0,0,0,-0.697293,0,0,0,0,0,0,0,1,-0.725349,0,0,0,0,0,0,0,1,0,0,0,0,0,0,0,1.08697,1,0,0,1,0,0,0,0.978723,0,0,-0.774016,0,0,0,0,0,0,0,0,0,0,0,0,0,0,0,0,0,0,0,0,0,0,0,0,0,0,0,0,0,0,0,0,0,0,0,0,0,0,0,0,0,0,0,-0.644291,0,0,-0.579058,0,0,0,0,0,0,0,0,0,0,1,1
0,0,0,1,0,0,0,-0.807936,0,0,0,0,0,0,0,0,-0.666036,0,0,0,0,0,0,0,0,0,0,0,1,0,0,0,0.62423,2,0,0,0,0,0,0,1.560499,1,0,-0.397612,0,0,0,0,0,0,0,0,0,0,1,0,1,0,0,0,0,0,0,0,0,0,0,0,0,0,0,0,0,1,0,0,0,0,0,0,0,0,0,0,0,0,0,9.24719,0,0,-0.725374,0,0,0,0,0,0,0,1,0,0,0,1
0,0,0,0,0,0,0,-0.711783,0,0,0,0,0,0,0,0,-0.75975,0,0,0,0,0,0,0,0,0,0,0,0,0,0,0,1.03864,0,0,0,0,0,0,0,0.340511,0,0,-0.668591,0,0,0,0,0,0,0,0,0,0,0,0,0,0,0,0,0,0,0,0,0,0,0,0,0,0,0,0,0,0,0,0,0,0,0,0,0,0,0,0,0,0,0,-0.573802,0,0,-0.494943,0,0,0,0,0,0,0,0,0,0,0,1
0,0,0,0,0,0,0,-0.381679,0,0,0,0,0,0,0,0,-0.782153,0,0,0,0,0,0,0,0,0,0,0,0,0,0,0,1.2868,0,0,0,0,0,0,0,0.677992,0,0,-0.738617,0,1,0,0,0,0,0,0,0,0,0,1,0,0,0,0,0,0,0,0,0,0,0,0,0,0,0,0,1,0,0,0,0,0,0,0,0,0,0,0,0,1,0,-0.735773,0,0,-0.581839,0,0,0,0,0,0,0,0,0,0,0,1
0,0,0,0,0,0,0,-0.67611,0,0,0,0,0,0,0,0,7.316354,0,0,1,0,0,0,1,0,0,0,0,0,0,0,0,1.6695,5,0,0,0,0,1,0,0.951502,0,0,8.740824,0,0,0,0,0,0,0,0,0,0,0,0,0,0,0,0,0,0,0,0,0,0,0,0,0,0,1,0,1,0,0,0,0,0,0,0,0,0,0,0,0,0,0,-0.671747,0,0,-0.674902,0,0,0,0,0,0,0,1,0,0,1,1
0,0,0,0,0,0,0,-0.564595,0,0,0,0,0,0,0,0,-0.533138,0,0,0,0,0,0,0,0,0,0,0,0,0,1,0,1.70979,1,0,0,0,1,0,0,1.278522,0,0,-0.780391,0,1,0,0,0,0,0,0,0,0,0,0,0,0,0,0,0,0,0,0,1,0,0,0,0,0,0,0,0,0,0,0,0,0,0,0,0,0,0,0,0,0,0,-0.349798,0,0,-0.621224,0,0,0,1,0,0,0,0,0,0,1,1
0,0,0,1,0,0,0,-0.678325,0,1,0,0,0,0,0,0,-0.501866,0,0,0,0,0,0,0,0,0,0,0,0,0,0,0,0.84268,2,0,0,0,0,0,0,1.849149,0,0,-0.585579,0,0,0,0,0,0,0,0,0,0,0,0,0,0,0,0,0,1,0,0,0,0,0,0,0,0,0,0,0,0,0,0,0,0,0,1,0,0,0,0,1,0,0,-0.692576,0,0,-0.644515,0,0,0,0,0,0,0,0,0,0,1,1
0,0,0,0,0,0,0,-0.81376,0,0,0,0,0,0,0,0,-0.67203,0,0,0,0,0,0,0,0,0,0,0,0,0,0,0,0.99646,1,0,0,0,1,0,0,2.737631,0,0,-0.664638,0,0,0,0,0,0,0,0,0,0,0,0,0,0,0,0,0,0,0,0,0,0,1,0,0,0,0,0,0,0,0,0,0,0,0,0,0,1,0,0,0,0,0,-0.592456,0,0,-0.580292,0,0,0,0,0,0,0,1,1,0,1,1
0,0,0,0,0,0,0,-0.783781,0,0,0,0,0,0,0,0,-0.591879,0,0,0,1,0,0,0,0,0,0,0,0,0,0,0,1.20456,2,0,0,0,0,0,0,1.231337,0,0,-0.714826,0,0,0,0,0,0,0,0,0,0,0,0,0,0,0,0,0,0,0,0,0,0,0,0,0,1,0,0,0,0,0,0,0,0,0,0,0,0,0,0,0,0,0,-0.575323,0,0,-0.670785,0,0,0,0,0,1,0,0,0,0,1,1
0,0,0,0,0,0,0,-0.71233,0,0,0,0,0,0,0,0,-0.726272,0,0,0,0,0,0,0,0,0,0,0,0,0,0,0,0.85712,0,0,0,0,0,0,0,0.258396,0,0,-0.598632,0,0,0,0,0,0,0,0,0,0,0,0,0,0,0,0,0,0,0,0,0,0,0,0,0,0,0,0,0,0,0,0,0,0,0,0,0,0,0,0,0,0,0,-0.591856,0,0,-0.643716,0,0,0,0,0,0,0,0,0,0,0,1
0,0,0,0,0,0,0,-0.710956,0,0,0,0,0,0,0,0,-0.832766,0,0,0,0,0,0,0,0,0,0,0,0,0,1,0,1.30046,1,0,0,0,0,1,0,0.936308,0,0,-0.735832,0,0,0,0,0,0,0,0,0,0,0,0,0,0,0,0,0,0,0,0,0,0,0,0,0,0,0,0,0,0,0,0,0,0,0,0,0,0,0,0,0,0,0,-0.669587,0,0,-0.66571,0,0,0,0,0,0,0,0,0,0,1,1
0,0,0,0,0,0,0,-0.625255,0,0,0,0,0,0,0,0,-0.697807,0,0,0,0,0,0,0,0,0,0,0,0,0,0,0,0.96407,2,0,0,0,0,0,0,1.760691,0,0,-0.637313,0,0,0,0,0,0,0,0,0,0,0,0,0,0,0,0,0,0,0,0,0,0,1,0,0,0,0,0,0,0,0,0,0,0,1,0,0,0,0,0,0,0,0,-0.74894,0,0,-0.672162,0,0,0,0,0,0,0,0,0,0,0,1
0,0,0,0,0,0,0,-0.761355,0,0,0,0,0,0,0,0,-0.669708,0,0,1,0,0,0,0,0,0,0,0,0,0,0,0,0.86736,2,0,0,0,0,0,0,2.101945,0,0,-0.603038,0,0,0,0,0,0,0,0,0,0,0,0,0,0,0,0,0,0,0,1,0,0,0,0,0,0,0,0,0,0,0,0,0,0,0,0,0,0,0,0,0,0,0,-0.692023,0,1,-0.737174,0,0,0,0,0,1,0,0,1,0,0,1
0,0,0,0,0,0,0,-0.748887,0,0,0,0,0,0,0,0,-0.651066,0,0,0,0,0,0,0,0,0,0,0,0,0,0,0,0.85353,0,0,0,0,0,0,0,0.207971,0,0,-0.628183,0,0,0,0,0,0,0,0,0,0,0,0,0,0,0,0,0,0,0,0,1,0,0,0,0,0,0,0,0,0,0,0,0,0,0,0,0,0,0,0,0,0,0,-0.670383,0,0,-0.491306,0,0,0,0,0,0,0,1,0,0,0,1
0,0,0,1,0,0,0,-0.6582,0,0,0,0,0,0,0,0,-0.781262,0,0,0,0,0,0,0,0,0,0,0,0,0,0,0,1.05827,1,0,0,0,0,1,0,0.851641,0,0,-0.668917,0,0,0,0,0,0,0,0,0,0,0,0,0,0,0,0,0,0,0,0,0,0,0,0,0,0,0,0,0,0,0,0,0,0,0,0,0,0,0,0,0,0,0,-0.674592,0,0,-0.51033,0,0,0,0,0,0,0,0,0,1,1,1
0,0,0,0,0,0,0,-0.661469,0,0,0,0,0,0,0,0,-0.66476,0,0,1,0,0,0,0,1,0,0,0,0,0,0,0,1.24351,3,0,0,0,0,0,0,0.925211,0,0,-0.723357,0,0,0,0,1,0,0,0,0,0,1,0,1,1,0,0,0,0,0,0,0,0,0,0,0,0,0,0,0,0,0,0,0,0,0,0,0,0,0,0,0,0,0,-0.723316,0,1,-0.763642,0,0,0,0,0,0,0,0,0,0,0,1
0,0,0,0,0,0,0,-0.479432,0,0,0,0,0,0,0,1,-0.481473,0,0,0,0,0,0,0,0,0,0,0,0,0,0,0,1.78164,2,0,0,0,0,0,0,0.84428,0,0,8.042104,0,0,0,0,0,0,0,0,0,0,1,0,0,0,0,0,0,0,0,1,0,0,0,0,0,0,0,0,0,0,0,0,0,0,1,0,0,0,0,0,0,0,0,-0.738967,0,0,-0.639764,0,0,0,0,0,0,0,0,0,0,1,1
0,0,0,0,0,0,0,-0.776072,0,0,0,0,0,0,0,0,-0.591531,0,0,0,0,0,0,0,0,0,0,0,0,0,0,0,1.62127,6,0,0,1,0,0,0,1.479427,0,0,-0.640135,0,0,0,0,0,0,0,0,0,0,0,0,0,0,0,0,0,0,0,0,0,0,0,0,0,0,0,0,0,0,0,0,0,1,0,0,0,0,0,0,0,0,0,-0.648847,0,0,-0.584166,0,0,0,0,0,0,0,0,0,0,0,1
0,0,0,0,0,0,0,-0.57333,0,1,0,0,0,0,0,0,-0.610763,0,0,0,1,0,0,1,0,0,0,0,0,0,1,0,1.88073,5,0,0,0,0,0,0,1.260852,0,0,-0.80997,0,0,0,0,0,0,0,0,0,0,0,0,0,0,0,0,0,0,0,0,0,0,0,0,0,0,0,0,0,0,0,0,0,0,0,0,0,0,0,0,0,0,0,-0.660075,0,0,-0.490234,0,0,0,0,0,0,0,0,1,0,1,1
0,0,0,0,0,1,0,-0.577231,0,0,0,0,0,0,0,0,-0.711687,0,0,0,0,0,0,0,0,0,0,0,0,0,0,0,0.89713,3,0,0,0,0,0,0,1.551673,0,1,-0.627301,0,0,0,0,0,0,0,0,0,1,0,0,0,0,0,0,0,0,0,0,0,0,0,0,0,0,0,0,0,0,0,0,0,0,0,0,0,0,0,0,0,0,0,-0.652093,0,0,-0.545761,0,0,0,0,0,0,0,0,0,1,1,1
0,0,0,0,0,0,0,-0.756748,0,0,0,0,0,0,0,0,-0.797671,0,0,0,0,0,0,0,0,0,0,0,0,0,0,0,1.68933,3,0,0,0,0,0,0,1.164819,0,0,-0.780107,0,1,0,0,0,0,0,0,0,0,0,0,0,0,0,0,0,0,0,0,0,1,0,0,0,0,0,0,0,0,0,0,0,0,0,0,0,0,0,0,0,0,0,-0.790625,0,0,-0.599982,0,0,0,0,0,0,0,1,1,0,1,1
0,0,0,0,0,0,0,-0.534483,0,0,0,0,0,0,0,0,-0.636902,0,0,0,0,0,0,0,0,0,0,0,0,0,0,0,1.0269,3,0,0,0,0,0,0,0.587536,0,0,-0.666369,0,0,0,0,0,0,0,0,0,0,0,0,0,0,0,0,1,0,0,0,0,0,0,0,0,0,0,0,0,0,0,0,0,0,0,0,0,0,0,0,0,0,0,-0.733616,0,0,-0.592943,0,1,0,0,0,0,0,0,0,0,0,1
0,0,0,1,0,0,0,-0.648332,0,0,0,0,0,0,0,0,-0.795974,0,0,0,0,0,0,0,0,0,0,0,0,0,0,0,1.57127,1,0,0,0,0,0,0,0.58594,0,0,-0.780159,0,0,0,0,0,0,0,0,0,0,0,0,0,0,0,0,0,0,0,0,0,0,0,0,0,0,0,0,0,0,0,0,0,0,0,0,0,0,0,0,0,1,0,-0.552262,0,0,-0.287661,0,0,0,0,0,0,0,0,0,0,0,1
0,0,0,0,0,0,0,-0.699534,0,1,0,0,0,1,0,0,-0.546416,0,0,0,0,0,0,0,0,0,0,1,0,0,0,0,1.33996,5,0,0,0,1,0,0,2.106615,0,0,-0.747606,0,0,0,0,0,0,0,0,0,0,0,0,0,0,0,0,0,0,0,0,0,0,1,0,0,0,0,0,0,0,0,0,0,0,0,0,1,0,0,0,0,0,0,-0.679701,0,0,-0.652471,0,0,0,1,0,0,0,0,0,0,1,1
0,0,0,0,0,0,0,-0.731854,0,0,0,0,0,0,0,1,-0.589056,0,0,0,0,0,0,0,0,0,0,0,0,0,0,0,0.66441,0,0,0,0,0,0,0,0.645501,0,0,-0.410146,0,0,0,0,0,0,0,0,0,0,0,0,0,0,0,0,1,0,0,0,0,0,0,0,0,0,0,0,0,0,0,0,0,0,0,0,0,0,0,0,0,0,0,-0.527085,0,0,-0.550292,0,0,0,0,0,0,0,1,0,0,0,1
0,0,0,0,0,0,0,-0.599014,0,0,0,0,0,0,0,0,-0.402265,0,0,0,0,0,0,0,0,0,0,0,0,0,0,0,0.96905,0,0,0,0,0,0,0,1.597448,0,0,-0.649553,0,0,0,0,0,0,0,0,0,0,0,0,0,0,0,0,0,0,0,0,1,0,0,0,0,0,0,0,0,0,0,0,0,0,0,0,0,0,0,0,0,0,0,-0.770662,0,0,-0.560276,0,0,0,0,0,0,0,0,0,0,0,1
0,0,0,0,0,0,0,-0.790432,0,0,0,0,0,0,0,1,-0.707133,0,0,0,0,0,0,0,0,1,0,0,0,0,0,0,0.73537,0,0,0,0,0,0,0,1.047956,0,0,-0.472969,0,0,0,0,0,0,0,0,0,0,0,0,0,0,0,0,0,0,0,0,0,0,0,0,0,0,0,0,0,0,0,0,0,0,0,0,0,0,0,0,0,0,0,-0.599903,0,0,-0.618922,0,0,0,0,0,0,0,0,0,0,0,1
0,0,0,1,0,0,0,-0.721249,0,0,0,0,0,0,0,0,-0.62268,1,0,0,1,0,0,0,0,0,0,0,0,0,0,0,1.54429,0,0,0,0,1,0,0,0.515061,0,0,-0.777066,0,0,0,0,0,0,0,0,0,0,0,0,0,0,0,0,0,0,0,0,0,0,0,0,0,0,0,0,1,0,0,0,0,0,0,0,0,0,0,0,0,1,0,-0.841763,0,0,-0.681206,0,0,0,0,0,0,0,1,0,0,0,1
0,0,0,0,0,0,0,-0.706851,0,0,0,0,0,0,0,1,3.634484,0,0,0,1,0,0,0,0,0,0,0,0,0,0,0,1.33533,1,0,0,0,0,0,0,1.303888,0,0,-0.725475,0,0,0,0,0,0,0,0,0,0,0,0,0,0,0,0,0,0,0,0,1,1,1,0,0,0,0,0,0,0,0,0,0,0,0,0,0,0,0,0,0,0,0,-0.819684,0,0,-0.667673,0,0,0,0,0,0,0,0,0,0,0,1
0,0,0,0,0,0,0,-0.768846,0,0,0,0,0,0,0,1,-0.633298,0,0,0,1,0,0,0,0,0,0,0,0,0,0,0,0.85484,5,0,0,0,0,0,0,2.822602,0,0,-0.691622,0,0,0,0,0,0,0,0,0,0,0,0,0,0,0,0,0,0,0,0,0,0,0,0,0,0,0,0,0,0,0,0,0,0,0,0,0,0,0,0,0,0,0,-0.757541,0,0,-0.425818,0,0,0,0,0,0,0,1,0,0,1,1
0,0,0,0,0,0,0,-0.647413,0,0,0,0,0,0,0,0,-0.655047,0,0,0,0,0,0,0,0,0,0,0,0,0,0,0,1.01609,3,0,0,0,0,0,0,1.074924,0,0,-0.661723,0,0,0,0,0,0,0,0,0,0,0,0,0,0,0,0,0,0,0,0,1,1,0,0,0,0,0,0,1,0,0,0,0,0,0,0,0,0,0,1,0,0,0,-0.591914,0,0,-0.646317,0,0,0,0,0,0,0,0,0,0,1,1
0,0,0,0,0,0,0,-0.656146,0,0,0,0,0,0,0,0,-0.575893,0,0,0,0,0,0,0,0,0,0,0,0,0,0,0,1.37129,4,0,0,0,0,0,0,0.825812,0,0,-0.754807,0,0,0,0,0,0,0,0,0,0,0,0,0,0,0,0,0,0,1,1,0,0,0,0,0,0,0,0,0,0,0,0,0,1,0,0,0,0,0,0,0,0,0,-0.709975,0,0,-0.627785,0,0,0,0,0,0,0,0,0,0,1,1
0,0,0,0,0,1,0,-0.42351,0,0,0,0,0,0,0,1,-0.65692,0,0,0,0,0,0,0,0,0,0,0,0,0,0,0,1.02772,5,0,0,0,0,0,0,1.650362,0,1,-0.667051,0,0,0,0,0,0,0,0,0,1,1,0,0,0,0,0,0,0,0,0,0,0,0,0,0,0,0,0,0,0,0,0,0,0,0,0,0,0,0,0,0,0,0,-0.725124,0,0,-0.63206,0,0,0,0,0,1,0,0,0,0,1,1
1,0,0,0,0,1,0,-0.684965,0,0,0,0,0,0,0,1,-0.736439,0,0,0,0,0,0,1,1,0,0,0,0,0,0,0,1.82962,7,0,0,0,0,1,1,1.125938,0,1,8.604212,0,0,0,0,0,0,0,0,0,1,0,0,0,0,0,0,0,0,0,0,0,0,0,0,0,0,0,0,0,0,0,0,0,0,0,0,1,0,0,0,0,0,0,-0.612861,0,0,-0.803739,0,0,0,0,0,1,0,0,0,0,1,1
0,0,0,0,0,0,0,-0.723674,0,0,0,0,0,0,0,0,-0.677742,0,0,0,0,0,0,0,0,0,0,0,0,0,1,0,1.96236,0,0,0,0,0,0,0,0.843726,0,0,-0.822599,0,0,0,0,0,0,0,0,0,0,0,0,0,0,0,0,0,0,0,0,0,0,0,0,0,0,0,0,0,0,0,0,0,0,0,0,0,0,0,0,0,0,0,-0.611383,0,0,-0.705709,0,0,0,0,0,0,0,0,0,1,0,1
0,0,0,0,0,0,0,-0.743558,0,0,0,0,0,0,0,1,-0.646419,0,0,0,0,1,0,0,0,0,0,0,0,0,0,0,1.5184,3,0,0,0,0,0,0,0.632303,0,0,-0.77415,0,0,0,0,0,0,0,0,0,0,0,0,0,0,0,0,0,0,0,0,0,0,0,0,0,0,0,0,0,0,0,0,0,0,0,0,0,1,0,0,0,0,0,-0.709275,0,0,-0.726978,0,0,0,0,0,0,0,1,0,0,0,1
0,0,0,0,0,0,1,-0.726393,0,0,0,0,0,0,0,1,-0.697664,0,0,0,0,0,0,0,0,0,0,0,0,0,0,0,1.65989,1,0,0,0,0,0,0,1.079277,0,0,-0.788606,0,0,0,0,0,0,0,0,0,0,0,0,0,0,0,0,0,0,0,0,0,0,0,0,0,0,0,0,0,0,0,0,1,0,0,0,0,0,0,0,0,0,0,-0.852505,0,0,-0.629723,0,0,0,0,0,0,0,1,0,0,0,1
0,0,0,0,0,0,0,-0.741458,0,0,0,0,0,0,0,0,-0.746812,0,0,0,0,0,0,0,0,0,0,0,0,0,0,0,1.24985,1,0,0,0,0,0,0,0.916364,0,0,-0.780543,0,0,0,0,0,0,0,0,0,0,0,0,0,0,0,0,0,0,0,0,0,1,0,0,0,0,1,0,0,0,0,0,0,0,0,0,0,0,0,0,0,0,0,-0.809524,0,0,-0.651125,0,0,0,0,0,0,0,0,0,1,0,1
0,0,0,0,0,0,0,-0.773734,0,0,0,0,0,0,0,1,-0.683438,0,0,0,0,1,0,0,0,0,0,0,0,0,0,0,1.33635,5,0,0,0,0,0,1,1.059,0,0,-0.81071,0,0,0,0,0,0,0,0,0,0,0,0,0,0,0,0,0,0,0,0,1,0,0,0,0,0,0,0,0,0,0,0,0,0,0,0,1,0,0,0,0,0,0,-0.61141,0,0,-0.605382,0,0,0,0,0,0,0,0,0,0,0,1
0,0,0,0,0,0,0,-0.797388,0,0,1,0,0,0,0,0,-0.408616,0,0,0,0,0,0,0,0,0,0,0,0,0,0,0,1.24085,0,0,0,0,0,0,0,0.512712,0,0,-0.71422,0,0,1,0,0,0,0,0,0,0,0,0,0,0,1,0,0,0,0,0,0,0,0,0,0,0,0,0,0,0,0,0,0,0,0,0,0,0,0,0,0,0,0,-0.753394,0,0,-0.59686,0,0,0,0,0,0,0,1,0,0,1,1
0,0,0,0,0,0,0,-0.735648,0,0,0,0,0,0,0,1,-0.705795,0,0,0,0,0,0,0,0,0,0,0,0,0,0,0,1.0751,2,0,0,0,0,1,0,0.858776,0,0,-0.732097,0,0,0,0,0,0,0,0,0,0,0,0,0,0,0,0,0,0,0,0,0,0,0,0,0,0,0,0,0,0,0,0,0,0,0,0,0,0,0,0,0,0,0,-0.365536,0,0,-0.792067,0,0,0,0,0,0,0,0,0,0,1,1
0,0,0,0,0,0,0,-0.701222,0,0,0,0,0,0,0,0,-0.777264,0,0,0,1,0,0,0,0,0,0,0,0,0,0,0,0.86069,1,0,0,0,0,0,0,1.422848,0,0,-0.659068,0,0,0,0,0,0,0,0,0,0,0,0,0,0,0,0,1,0,0,0,0,0,0,0,0,0,0,0,0,0,0,0,0,0,0,0,0,0,0,0,0,0,0,-0.415242,0,0,-0.664454,0,0,0,0,0,0,0,0,0,0,1,1
0,0,0,1,0,0,0,-0.615537,0,0,0,0,0,1,0,0,-0.526804,0,0,0,0,0,0,0,0,0,0,0,0,0,0,0,1.72325,7,0,0,1,0,0,0,0.868896,0,0,-0.798893,0,0,0,0,0,0,0,0,0,0,0,0,0,0,0,0,0,0,0,0,0,0,1,0,0,0,0,0,0,0,0,0,0,1,0,0,0,0,0,0,0,0,0,-0.746633,0,0,-0.673173,0,0,0,0,0,0,0,0,0,1,1,1
0,0,0,0,0,0,0,-0.284369,0,0,0,0,0,0,0,0,-0.665259,0,0,0,0,0,0,0,0,0,0,0,0,0,0,0,1.93549,2,0,0,0,0,0,0,1.490322,0,0,-0.831775,1,0,0,0,0,0,0,0,0,0,0,0,0,0,0,0,0,0,0,0,0,1,0,0,0,0,1,0,0,0,0,0,0,0,0,0,0,0,1,0,0,0,0,-0.852541,0,0,-0.559801,0,0,0,0,0,0,0,0,0,0,0,1
0,0,0,0,0,0,0,-0.657043,0,0,0,0,0,0,0,0,-0.610656,0,0,0,0,0,0,0,0,0,0,0,0,0,0,0,1.03559,0,0,0,0,0,0,0,0.944068,0,0,-0.669161,0,0,0,0,0,0,0,0,0,0,0,0,0,0,0,0,0,0,0,0,0,0,0,0,0,0,0,0,0,0,0,0,0,0,0,0,0,0,0,0,0,0,0,-0.667723,0,0,-0.526957,0,0,0,0,0,0,0,0,0,0,0,1
0,0,0,0,0,0,0,-0.693447,0,0,0,0,0,0,0,0,-0.719656,1,0,0,0,0,0,0,0,0,0,0,0,0,0,0,0.82701,2,0,0,0,0,0,0,1.000624,0,0,-0.580473,0,0,0,0,0,0,0,0,0,0,0,0,0,0,0,0,0,0,0,0,0,0,0,0,0,0,0,0,0,0,0,0,0,0,0,1,0,0,0,0,1,0,0,-0.729472,0,0,-0.627739,0,0,0,0,0,0,0,0,0,0,0,1
0,0,0,0,0,0,0,-0.828208,0,0,0,0,0,0,0,0,-0.665725,0,0,0,0,0,0,0,0,0,0,0,0,0,0,0,0.99841,3,0,0,0,0,0,0,1.586119,0,0,-0.675676,0,0,0,0,0,0,0,0,0,0,0,0,0,0,0,0,0,0,0,0,0,0,0,0,0,0,0,0,0,0,0,0,0,0,0,0,0,0,1,0,0,0,0,-0.578926,0,0,-0.666185,0,0,0,0,0,0,0,0,1,0,1,1
0,0,0,0,0,0,0,-0.674196,0,0,0,0,0,0,0,0,-0.713746,1,0,0,0,0,0,0,0,0,0,0,0,0,0,0,1.38245,2,0,0,0,1,0,0,0.919785,0,0,-0.811149,0,0,0,0,0,0,0,0,0,0,0,0,0,0,0,0,0,0,0,1,0,0,0,0,0,1,0,0,0,0,0,0,0,0,0,0,0,0,0,0,0,0,0,-0.402468,0,0,-0.673798,0,0,0,0,0,0,0,0,0,0,0,1
0,0,0,0,0,0,0,-0.203395,0,0,0,0,0,0,0,0,-0.586589,0,0,0,0,0,0,0,0,0,0,0,0,0,0,0,1.00713,1,0,0,1,1,0,0,1.075301,0,0,-0.656998,0,0,0,0,0,0,0,0,0,0,0,0,0,0,0,0,0,0,0,0,0,0,0,0,0,0,0,0,0,0,0,0,0,0,0,0,0,0,0,0,0,0,0,-0.707834,0,0,-0.65944,0,0,0,0,0,1,0,0,0,0,1,1
0,0,0,0,0,0,0,-0.658017,0,0,0,0,0,0,0,0,-0.680961,0,0,0,0,0,0,0,0,0,0,0,0,0,0,0,1.34202,1,0,0,0,0,0,0,0.46527,0,0,-0.736472,0,0,0,0,0,0,1,0,0,0,0,0,0,0,0,0,0,0,0,0,0,0,0,0,0,1,0,0,0,0,0,0,0,0,0,0,0,1,0,0,0,0,0,-0.685159,0,0,-0.655075,0,0,0,0,0,0,0,0,0,0,1,1
0,0,0,0,0,0,0,-0.695738,0,0,0,0,0,0,0,0,-0.79853,0,0,1,0,0,0,0,0,0,0,0,0,0,0,0,1.82727,3,0,0,0,0,0,0,0.867732,0,0,-0.811504,0,0,0,0,0,0,0,0,1,0,1,0,0,0,0,0,0,0,0,0,0,0,0,0,0,0,0,0,0,0,0,0,0,0,0,0,0,0,0,0,0,0,0,-0.747209,0,0,-0.634644,0,0,0,0,0,0,0,0,0,0,1,1
0,0,0,0,0,0,0,-0.323061,0,1,0,0,0,0,0,0,-0.525204,0,0,0,0,0,0,0,0,0,0,0,0,0,0,0,1.21531,1,0,0,0,0,0,0,0.498552,0,0,-0.768598,0,0,0,0,0,0,0,0,0,0,0,0,0,0,0,0,0,0,0,0,1,0,0,0,0,0,0,0,0,0,0,0,0,0,0,0,0,0,0,0,0,0,0,-0.665957,0,0,-0.68238,0,0,0,0,0,0,0,0,0,0,1,1
0,0,0,0,0,0,0,-0.24233,0,0,0,0,0,0,0,0,-0.784691,0,0,0,1,0,0,0,0,0,0,0,0,0,0,0,0.80664,0,0,0,0,0,0,0,0.292822,0,0,-0.344931,0,1,0,0,0,0,0,0,0,0,0,0,0,0,0,0,0,0,0,0,0,0,0,0,0,0,0,0,0,0,0,0,0,0,0,0,0,0,1,1,0,0,0,-0.739346,0,0,-0.66079,0,0,0,0,0,0,0,0,0,0,0,1
0,0,0,0,0,0,0,-0.745555,0,0,0,0,0,0,0,0,-0.649465,0,0,0,0,0,0,0,0,0,0,0,0,0,0,0,1.37346,2,0,0,0,0,0,0,0.617988,0,0,-0.749915,0,0,0,0,0,0,0,0,0,0,0,0,0,0,0,0,0,0,0,0,0,0,0,0,0,0,0,0,0,0,0,0,0,0,0,0,0,0,0,1,0,0,0,-0.714286,0,0,-0.612627,0,0,0,0,0,0,0,0,0,0,0,1
0,0,0,0,0,0,0,-0.696796,0,0,0,0,0,0,1,0,-0.633602,0,0,0,0,0,0,0,0,0,0,0,0,0,0,0,1.6504,2,0,0,1,0,0,0,0.72428,0,0,-0.793003,0,0,0,0,0,0,0,0,0,0,0,0,0,0,0,0,0,0,0,0,0,0,0,0,0,0,0,1,0,0,0,0,0,0,0,0,0,0,0,1,0,0,0,-0.636573,0,0,-0.626659,0,0,0,0,0,0,0,0,0,0,1,1
0,0,0,0,0,0,0,-0.773643,0,0,0,0,0,0,0,0,-0.555575,0,0,0,0,0,0,0,0,0,0,0,0,0,0,0,1.68957,1,0,0,0,0,0,0,0.999145,0,0,-0.743477,0,0,0,0,0,0,0,0,0,0,1,0,0,0,0,0,0,0,0,0,0,0,0,0,0,0,0,0,0,0,0,0,0,0,0,0,0,0,0,0,0,0,0,-0.726548,0,0,-0.67823,0,0,0,0,0,0,0,0,0,0,1,1
0,0,0,0,0,0,0,2.10258,0,0,0,0,0,0,0,0,-0.493623,1,0,0,1,0,0,0,0,0,0,0,0,0,0,0,0.74911,0,0,0,0,0,0,0,0.259259,0,0,-0.579365,0,0,0,0,0,0,0,0,0,0,0,0,0,0,0,0,0,0,0,0,0,0,0,0,0,0,0,0,0,0,0,0,0,0,0,0,0,0,0,0,0,0,0,-0.67778,0,0,-0.637438,0,0,0,0,0,0,0,0,0,0,0,1
0,0,0,0,0,0,0,-0.787988,0,1,0,0,0,0,0,0,-0.648781,0,0,0,0,0,0,0,0,0,0,0,0,0,0,0,1.98796,2,0,0,0,0,0,0,0.420008,0,0,-0.832181,0,0,0,0,0,0,0,0,0,0,0,0,0,0,0,0,0,0,0,1,0,0,1,0,0,0,0,0,0,0,0,0,0,0,0,0,0,1,0,0,0,1,0,-0.656926,0,0,-0.659271,0,0,0,0,0,0,0,0,0,0,1,1
0,0,1,0,0,0,0,-0.587453,0,0,0,0,0,0,0,1,-0.670268,0,0,0,0,0,0,0,0,0,0,0,0,0,0,0,1.63461,9,0,0,0,0,0,0,1.046073,0,0,-0.799986,0,0,0,0,0,0,0,0,0,0,0,1,0,0,1,0,0,0,0,0,0,0,0,0,0,0,0,0,0,0,0,0,0,0,0,0,0,0,0,0,0,0,0,-0.712286,0,0,-0.578628,0,0,0,0,0,0,0,0,0,0,1,1
0,0,0,0,0,0,0,-0.640152,0,0,0,1,0,0,0,0,-0.51075,0,0,0,1,0,0,0,0,0,0,0,0,0,0,0,1.91655,1,0,0,0,0,0,0,0.814571,0,0,-0.807307,0,0,0,0,0,0,0,0,0,0,0,0,0,0,0,0,0,0,0,0,0,1,0,0,0,0,1,0,0,0,0,0,0,0,0,0,0,0,0,0,0,0,0,-0.89161,0,0,-0.779217,0,0,0,0,0,0,0,0,0,0,1,1
0,0,1,0,0,0,0,-0.704097,0,0,0,0,0,0,0,0,-0.823145,0,0,0,1,0,0,0,0,0,0,0,0,0,0,0,0.91973,4,0,0,0,0,0,0,2.200141,0,0,-0.682645,0,0,1,0,0,0,0,1,0,0,0,0,0,0,1,0,0,0,0,0,0,0,0,0,0,0,0,0,0,0,0,0,0,0,0,0,0,0,0,1,0,1,0,-0.704343,0,0,-0.661361,0,0,0,0,0,0,0,0,0,0,0,1
0,0,0,0,0,0,0,-0.686503,0,0,0,0,0,0,0,0,-0.571042,0,0,0,0,0,0,0,0,0,0,0,0,0,0,0,1.15451,0,0,0,0,0,0,0,0.261714,0,0,-0.726724,0,0,0,0,0,0,0,0,0,0,0,0,0,0,0,0,0,0,0,0,0,0,0,0,0,0,0,0,0,0,0,0,0,0,0,0,0,0,0,0,0,0,0,-0.641411,0,0,-0.66779,0,0,0,0,1,0,0,0,0,1,0,1
0,0,0,0,0,0,0,-0.633233,0,0,0,0,0,0,0,0,-0.687242,0,0,1,0,0,0,0,0,0,0,0,0,0,0,0,1.15177,2,0,0,0,0,0,0,1.540763,0,0,-0.688514,0,0,0,0,0,0,1,0,0,0,0,0,0,0,0,0,0,0,1,1,0,1,0,0,0,0,0,0,0,0,0,0,0,0,0,0,0,0,0,1,0,0,0,-0.748189,0,0,-0.680282,0,0,0,0,0,0,0,0,1,1,1,1
0,0,0,0,0,0,0,-0.748387,0,0,0,0,0,0,0,0,-0.616491,0,0,0,0,0,0,0,0,0,0,0,0,0,1,0,1.22998,3,0,0,0,1,0,0,1.874983,0,0,-0.715394,0,0,0,0,0,0,0,0,0,0,0,0,0,1,0,0,0,0,0,0,0,0,0,0,0,0,0,0,0,0,0,0,0,0,0,0,0,0,0,0,0,0,0,-0.691751,0,0,-0.612736,0,0,0,1,0,0,0,0,0,0,1,1
0,1,0,0,0,0,0,-0.743152,0,0,0,0,0,0,0,0,-0.666271,0,0,0,0,1,1,0,0,0,0,0,0,0,1,1,1.67758,6,1,0,0,1,1,0,1.058095,0,0,8.268354,1,0,0,0,0,0,0,0,0,0,0,0,0,0,0,0,0,0,0,0,0,0,0,0,0,0,0,0,0,0,0,0,0,0,0,0,0,0,0,0,0,0,0,-0.434152,0,0,-0.813915,0,0,0,0,0,0,0,0,0,0,1,1
0,0,0,0,0,0,0,-0.653208,0,0,0,0,0,0,0,0,-0.862005,0,0,1,0,0,0,0,1,0,0,0,0,0,0,0,1.20331,3,0,0,0,0,0,0,2.240681,0,0,-0.710081,0,0,0,0,0,0,0,0,0,0,0,0,0,0,0,0,0,0,0,0,0,0,0,0,0,0,0,0,0,0,0,0,0,0,0,0,0,0,0,0,0,0,0,-0.299216,0,0,-0.606044,0,0,0,0,0,0,0,0,1,1,0,1
0,0,0,0,0,0,0,-0.759576,0,0,0,0,0,0,0,0,-0.799464,0,0,0,0,0,0,0,0,0,0,0,0,0,0,0,1.16123,1,0,0,0,0,1,0,0.769894,0,0,-0.748746,0,0,0,0,0,0,0,0,0,0,0,0,0,0,0,0,0,0,0,0,0,0,0,0,0,0,0,0,0,0,0,0,0,0,0,0,0,0,0,0,0,0,0,-0.559706,0,0,-0.693367,0,0,0,0,0,0,0,0,1,0,1,1
0,0,0,0,0,0,0,-0.584822,0,0,0,0,0,0,0,0,-0.638211,0,0,0,0,0,0,0,0,0,0,0,0,0,0,0,1.7113,1,0,0,0,0,0,0,0.747062,0,0,-0.798179,0,0,0,0,0,0,0,0,0,0,0,0,0,0,0,0,0,0,0,0,0,1,0,0,0,0,0,0,0,0,0,0,0,1,0,0,0,1,1,0,0,0,0,-0.490014,0,0,1.862472,0,1,0,0,0,0,0,0,0,0,0,1
0,0,0,0,0,0,0,-0.569208,0,0,0,0,0,0,0,0,-0.561588,0,0,0,0,0,0,0,0,0,0,0,0,0,0,0,0.51429,1,0,0,0,0,0,0,1.79332,0,0,-0.444572,0,0,0,0,0,0,0,0,0,0,0,0,0,0,0,0,0,0,0,0,0,0,0,0,0,0,0,0,0,0,0,0,0,0,0,0,0,0,0,0,0,0,0,-0.824316,0,0,-0.614476,0,0,0,0,0,0,0,0,0,0,1,1
0,0,0,0,0,0,0,-0.431608,0,0,0,0,0,0,0,0,-0.639113,0,0,0,0,0,0,0,0,0,0,0,0,0,0,0,1.29073,0,0,0,0,0,0,0,0.249075,0,0,-0.707496,0,1,0,0,0,0,0,0,0,0,0,0,0,0,0,0,0,0,0,0,0,1,0,0,0,0,0,0,0,0,0,0,0,0,0,0,0,0,0,0,0,0,0,-0.660039,0,0,-0.640298,0,0,0,0,0,0,0,0,0,0,0,1
0,0,0,0,0,0,0,-0.738459,0,0,0,0,0,0,0,0,-0.757505,0,0,0,0,0,0,0,0,0,0,0,0,0,0,0,0.73146,0,0,0,0,0,0,0,0.259345,0,0,-0.524013,0,0,0,0,0,0,0,0,0,0,0,0,0,0,0,0,0,0,0,1,0,0,0,0,0,0,0,0,0,0,0,0,0,0,0,0,0,0,0,0,0,0,0,-0.670524,0,0,-0.820067,0,0,0,0,0,0,0,0,0,0,0,1
0,0,0,0,0,0,0,-0.361499,0,0,0,0,0,0,0,0,-0.76193,0,0,0,0,0,0,0,0,0,0,0,0,0,0,0,1.15662,0,0,0,0,0,0,0,0.25,0,0,-0.686556,0,0,0,0,0,0,0,0,0,0,0,0,0,0,0,0,0,0,0,1,0,1,0,0,0,0,0,0,0,0,0,0,0,0,0,0,0,0,0,0,0,0,0,-0.7056,0,0,-0.581785,0,0,0,0,0,1,0,0,0,0,0,1
0,0,0,0,0,0,0,-0.665491,0,0,0,0,0,0,0,1,-0.704046,0,0,0,0,0,0,0,0,0,0,0,0,0,0,0,0.62774,1,0,0,0,1,0,0,0.539376,0,0,-0.569815,0,0,0,0,0,0,0,0,0,0,0,1,0,0,0,0,0,0,0,0,0,0,0,0,0,0,0,0,0,0,0,0,0,0,0,0,0,0,0,0,0,0,0,-0.618243,0,0,-0.593604,0,0,0,0,0,1,0,0,0,0,0,1
0,0,0,0,0,0,0,-0.665224,0,0,0,0,0,0,0,0,-0.609974,0,0,0,0,0,0,0,0,0,0,0,0,0,0,0,1.27935,1,0,0,1,0,0,0,0.984006,0,0,-0.733132,0,0,0,0,0,0,0,0,0,0,1,0,0,0,0,0,0,0,0,0,0,1,0,0,0,0,0,0,0,0,0,0,0,0,0,1,0,1,0,0,0,0,0,-0.635909,0,0,-0.61804,0,0,0,0,0,0,0,0,0,0,1,1
0,0,0,0,0,0,0,-0.663848,0,0,0,0,0,0,0,0,-0.768265,0,0,1,0,0,0,0,0,0,0,0,0,0,0,0,1.60905,1,0,0,0,0,0,0,0.963155,0,0,1.379561,0,0,0,0,0,0,0,0,0,0,0,0,0,0,0,0,0,0,0,0,0,0,0,0,0,0,0,0,0,0,0,0,0,0,0,0,0,0,0,0,0,0,0,-0.497919,0,0,-0.690015,0,0,0,0,0,0,0,0,0,0,1,1
0,0,0,0,0,0,0,-0.623327,0,0,0,0,0,0,0,0,-0.77157,0,0,0,0,0,0,0,0,0,0,0,0,0,0,0,1.18859,3,0,0,0,1,0,0,1.13582,0,0,-0.69906,0,0,0,0,0,0,0,0,0,0,0,0,0,0,0,0,0,0,0,0,0,0,1,0,0,0,0,0,0,0,0,0,0,0,0,1,0,0,0,1,0,0,0,-0.614603,0,0,-0.607936,0,0,0,0,0,0,0,0,0,1,1,1
0,0,0,0,0,0,0,-0.748526,0,0,0,0,0,0,0,0,-0.708491,0,0,0,0,0,0,0,0,0,0,0,0,0,0,0,1.12784,1,0,0,0,0,0,0,0.958431,0,0,-0.755458,0,0,0,0,0,0,1,0,0,0,0,0,0,0,0,0,0,0,0,0,0,0,0,0,0,0,0,0,0,0,0,0,0,0,0,0,0,0,0,0,0,0,0,-0.778361,0,0,-0.639795,0,0,0,0,0,0,0,0,0,0,1,1
0,0,0,0,0,0,0,-0.532179,0,0,0,0,0,0,0,0,-0.824601,0,0,0,0,0,0,0,0,0,0,0,0,0,0,0,1.39603,1,0,0,0,0,0,0,0.32868,0,0,-0.730109,0,0,0,0,0,0,0,0,0,0,0,0,0,0,0,0,0,0,0,0,0,0,0,0,0,0,0,0,0,0,0,0,0,0,0,0,0,1,0,0,1,0,0,-0.58177,0,0,-0.751236,0,0,0,0,0,0,0,0,0,1,0,1
0,0,0,0,0,0,0,-0.614828,0,0,0,0,0,0,0,0,-0.659602,0,0,0,0,0,0,0,1,0,0,0,0,0,0,0,0.66033,0,0,0,0,0,0,0,0.617091,0,0,-0.421579,0,0,0,0,0,0,0,0,0,0,0,0,0,0,0,0,0,0,0,0,0,0,0,0,0,0,0,0,0,0,0,0,0,0,0,0,0,0,0,0,0,0,0,-0.693108,0,0,-0.59267,0,0,0,0,0,0,0,0,0,0,0,1
0,0,0,0,0,0,0,-0.69812,0,0,0,0,0,0,0,0,-0.718605,0,0,1,0,0,0,0,0,0,0,0,0,0,0,0,0.85831,0,0,0,1,0,0,0,0.218545,0,0,-0.599583,0,0,0,0,0,0,1,0,0,0,0,0,0,0,0,0,0,0,0,0,0,0,0,0,0,0,0,0,0,0,0,0,0,0,0,0,0,0,0,0,0,0,0,-0.736339,0,0,-0.679246,0,0,0,0,0,0,0,0,0,0,0,1
0,0,0,0,0,0,0,-0.686362,0,0,0,0,0,0,0,0,-0.756338,0,0,0,0,1,0,0,0,0,0,0,0,0,0,0,1.30877,2,0,0,0,1,0,0,1.233109,0,0,-0.749002,0,0,0,0,0,0,0,0,0,0,1,0,0,0,0,0,0,0,0,0,0,0,0,0,0,1,0,0,0,0,0,0,0,0,0,0,0,1,0,0,0,0,0,-0.588431,0,0,-0.769255,0,0,0,0,0,0,0,0,0,0,0,1
0,0,0,0,0,0,0,-0.648098,1,0,0,0,0,0,0,0,-0.48921,0,0,0,0,0,0,0,0,0,0,0,0,0,0,0,1.26651,0,0,0,0,0,0,0,1.106411,0,0,-0.736105,0,0,0,0,0,0,0,0,0,0,0,1,0,1,0,0,0,1,0,0,1,1,0,0,0,0,0,0,0,0,0,0,0,0,0,0,0,0,0,0,0,0,0,-0.616641,0,0,-0.790187,0,0,0,0,0,0,0,0,0,0,1,1
0,0,0,0,0,0,0,-0.629098,0,0,0,0,0,0,0,0,-0.684714,0,0,0,1,0,0,0,0,0,0,0,0,0,0,0,1.28714,0,0,0,0,1,0,0,0.889151,0,0,-0.733198,0,0,0,0,0,0,0,0,0,0,1,0,0,0,0,0,0,0,0,0,0,0,0,1,0,0,0,0,0,0,0,0,0,0,0,0,0,0,0,0,0,0,0,-0.772706,0,0,-0.718558,0,0,0,0,0,0,0,1,0,0,1,1
0,0,0,0,0,0,0,-0.658472,0,0,0,0,0,0,0,0,-0.60449,0,0,0,0,0,0,0,0,0,0,0,0,0,0,0,0.95294,0,0,0,0,1,0,0,0.240552,0,0,-0.633571,0,0,0,0,0,0,0,0,0,0,0,0,0,0,0,0,0,0,0,0,0,0,0,0,0,0,0,0,0,0,0,0,0,0,0,0,0,0,0,0,0,0,0,-0.501079,0,0,-0.687882,0,0,0,0,0,0,0,0,0,0,0,1
0,0,0,0,0,0,0,-0.645483,0,0,0,0,0,0,0,0,-0.759104,0,0,0,0,0,0,0,0,0,0,0,0,0,0,0,1.66337,7,0,0,0,0,0,0,1.273671,0,0,-0.795074,0,0,0,0,0,0,1,0,0,1,0,0,0,0,0,0,0,0,0,0,0,0,0,0,0,0,0,0,0,0,0,0,0,1,0,0,0,0,0,1,0,0,0,-0.352644,0,0,-0.654531,0,0,0,0,0,1,0,0,0,0,1,1
0,0,0,1,0,0,0,-0.739478,0,0,0,0,0,0,0,0,-0.763433,0,0,0,0,0,0,0,0,0,0,0,0,0,0,0,1.16898,2,0,0,0,0,0,0,0.573356,0,0,-0.755093,0,0,0,0,0,0,0,0,0,0,0,1,0,0,0,0,0,0,0,0,0,0,0,0,0,0,0,0,0,0,0,0,0,0,0,0,0,0,0,0,0,0,0,-0.587787,0,0,-0.768718,0,0,0,0,0,0,0,0,0,0,1,1
0,0,0,0,0,0,0,-0.601233,0,0,0,0,0,0,0,0,-0.474299,0,0,0,0,0,0,0,0,0,0,0,0,0,1,0,1.81716,4,0,0,0,0,0,0,0.465142,0,0,-0.80463,0,0,0,0,0,0,0,0,0,0,0,0,0,0,0,0,0,0,0,0,0,0,0,0,0,0,0,0,0,0,0,0,0,0,0,0,0,0,0,0,0,0,0,-0.396346,0,0,-0.59357,0,0,0,0,0,0,0,0,0,0,1,1
0,0,0,0,0,0,0,-0.763151,0,0,0,0,0,0,0,0,-0.809911,0,0,0,0,0,0,0,0,0,0,0,0,0,0,0,0.80019,0,0,0,0,0,0,0,1.349823,0,0,-0.601207,0,0,0,0,0,0,0,0,0,0,0,0,0,0,0,0,0,0,0,0,1,0,0,0,0,0,0,0,0,0,0,0,0,0,0,0,0,0,0,0,0,0,0,-0.496653,0,0,-0.78314,0,0,0,0,0,0,0,0,0,0,0,1
0,0,0,0,0,0,0,-0.722029,0,0,0,0,0,0,0,0,-0.682153,0,0,0,0,0,0,0,0,1,0,0,0,0,0,0,1.13986,1,0,0,1,0,0,0,0.734926,0,0,-0.678804,0,0,0,0,0,0,0,0,0,0,0,0,0,0,0,0,0,0,0,0,0,0,0,0,0,0,0,0,0,0,0,0,0,0,0,0,0,0,0,0,0,0,0,-0.850169,0,0,-0.781168,0,0,0,0,0,0,0,0,0,0,0,1
0,0,0,0,0,0,0,-0.732685,0,0,0,0,0,0,0,0,-0.620386,0,0,0,1,0,0,0,0,0,0,0,0,0,0,0,0.83758,0,0,0,0,0,0,0,1.549802,0,0,-0.617953,0,0,0,0,0,0,0,1,0,0,0,0,0,0,0,0,0,0,0,0,0,0,0,0,0,0,1,0,1,0,0,0,0,0,0,0,0,1,0,1,0,0,0,-0.722291,0,0,-0.699362,0,0,0,0,0,0,0,0,0,0,0,1
0,0,0,0,0,0,0,-0.816741,0,0,0,0,0,0,0,0,-0.644251,0,0,0,0,0,0,0,0,0,0,0,0,0,0,0,0.81755,0,0,0,0,0,0,0,0.968415,0,0,4.352072,0,0,0,0,0,0,0,0,0,0,0,0,0,0,0,0,0,0,0,0,0,0,0,0,0,0,0,0,0,0,0,0,0,0,0,0,0,0,0,0,0,0,0,-0.618737,0,0,-0.511574,0,0,0,0,0,0,0,0,0,0,0,1
0,0,0,0,0,0,0,-0.533292,0,0,1,0,1,0,0,1,-0.483951,0,0,0,0,0,0,0,1,0,0,0,0,0,0,0,1.30419,4,0,0,0,0,0,0,1.423612,0,0,-0.749373,0,0,0,0,0,0,0,0,0,0,0,0,0,0,1,0,0,0,0,0,0,0,0,0,0,0,0,0,0,0,0,0,0,0,0,1,0,0,0,0,0,0,0,-0.749967,0,0,-0.772816,0,0,0,0,0,0,0,0,0,0,0,1
0,0,0,0,0,0,0,-0.707249,0,0,0,0,0,0,0,0,-0.486268,0,1,1,1,0,0,0,0,0,0,0,0,0,0,0,1.26938,0,0,0,1,0,0,0,0.924018,0,0,-0.718871,0,0,0,0,0,0,0,0,0,0,0,1,0,0,0,0,0,0,0,0,0,0,0,0,0,0,0,0,0,0,0,0,0,0,0,0,0,0,0,0,0,0,0,-0.673386,0,0,-0.590905,0,0,0,0,0,0,0,0,0,0,0,1
0,0,0,0,0,0,0,-0.760617,0,0,0,0,0,0,0,0,-0.748288,0,0,0,0,0,0,0,0,0,0,0,0,0,0,0,1.26005,1,0,0,0,0,0,0,1.067138,0,0,-0.759461,0,0,0,0,0,0,1,0,0,0,0,0,0,0,0,0,0,0,0,0,0,0,0,0,0,0,0,0,0,0,0,0,0,0,0,0,0,0,0,0,0,0,0,-0.592847,0,0,-0.5893,0,0,0,0,1,0,0,0,0,0,1,1
0,0,0,0,0,0,0,-0.627166,0,0,0,0,0,0,0,1,-0.408796,0,0,0,0,0,0,0,0,0,0,0,0,0,0,0,0.78888,0,0,0,0,1,0,0,1.170212,0,0,-0.568958,0,0,0,0,0,0,0,0,0,0,0,0,0,0,0,0,0,0,0,0,0,0,0,0,0,0,0,0,0,0,0,0,0,0,0,0,0,0,0,0,0,0,0,-0.686654,0,0,-0.733026,0,0,0,0,0,0,0,0,0,0,0,1
0,0,0,0,0,0,0,-0.581079,0,0,0,0,0,0,0,0,-0.641066,0,0,0,0,0,0,0,0,0,0,0,0,0,0,0,1.14992,3,0,0,0,0,0,0,1.43375,0,0,-0.565637,0,0,0,0,0,0,0,0,1,0,0,0,0,0,0,0,0,0,0,0,0,0,0,0,0,0,0,0,0,0,0,0,0,0,0,0,0,1,0,0,0,0,0,-0.808943,0,0,-0.720219,0,0,0,0,0,0,0,0,0,0,0,1
0,0,1,0,0,0,0,-0.312563,0,0,0,0,0,0,0,0,-0.749675,0,0,0,0,0,0,0,0,0,0,0,0,0,0,0,0.62872,0,0,0,0,0,0,0,1.395559,0,0,-0.459938,0,0,0,0,0,0,0,0,0,0,0,0,0,1,1,0,0,0,0,0,0,0,0,0,0,0,0,0,0,0,0,0,0,0,0,0,0,0,0,0,0,0,0,-0.656594,0,0,-0.607201,0,0,0,0,0,0,0,0,1,0,0,1
0,0,0,0,0,0,0,-0.792695,0,0,0,0,0,0,0,0,-0.109677,0,0,1,0,0,0,0,0,0,0,0,0,0,0,0,0.68949,1,0,0,0,0,0,0,0.25,0,0,-0.510788,0,0,0,0,0,0,0,0,0,0,0,0,0,0,0,0,0,0,0,0,0,0,0,0,0,0,0,0,1,0,0,0,0,0,0,0,0,0,0,1,0,0,0,-0.710061,0,0,-0.753438,0,0,0,0,0,0,0,0,1,0,0,1
0,0,0,0,0,0,0,-0.464526,0,0,0,0,0,0,0,0,-0.63206,0,0,1,0,0,0,1,0,0,0,0,0,0,0,0,0.91539,2,0,0,0,0,0,0,0.902605,0,0,-0.587496,0,0,0,0,0,0,0,0,0,0,0,1,0,0,0,0,0,0,0,0,0,0,0,0,0,0,0,0,0,0,0,0,0,0,0,0,0,0,0,0,0,0,0,-0.649034,0,0,-0.753592,0,0,0,0,0,0,0,0,0,0,1,1
0,0,0,0,0,0,0,-0.715257,0,0,0,0,0,0,0,1,-0.728962,0,0,0,0,0,0,0,0,0,0,0,0,0,0,0,1.19226,1,0,0,0,0,0,0,1.261111,0,0,-0.634587,0,0,0,0,0,0,0,0,0,0,0,0,0,0,0,0,0,0,0,0,1,0,0,0,0,0,0,0,1,0,0,0,0,0,0,0,0,0,0,1,0,0,0,-0.682167,0,1,-0.625009,0,0,0,0,0,1,0,0,0,0,0,1
0,0,0,0,0,0,0,-0.809644,0,0,0,0,0,0,0,0,-0.602514,0,0,0,0,0,0,0,0,0,0,0,0,0,0,0,1.19378,2,0,0,0,0,0,0,0.703361,0,0,-0.711661,0,0,0,0,0,0,0,0,0,0,1,0,0,0,0,0,0,0,0,0,0,0,0,0,0,0,0,0,0,0,0,0,0,0,0,0,0,0,0,1,0,0,0,-0.730857,0,0,-0.731669,0,0,0,0,0,0,0,0,0,1,0,1
0,0,0,0,0,0,0,-0.663246,0,0,0,0,0,0,0,0,-0.74425,0,0,0,0,0,0,0,0,0,0,0,0,0,1,0,1.46365,1,0,0,0,0,0,0,0.675592,0,0,-0.772093,0,0,0,0,0,0,0,0,0,0,0,0,0,0,0,0,0,0,0,0,1,0,0,0,0,1,1,0,0,0,0,0,0,0,0,0,0,0,0,0,0,0,0,-0.689959,0,0,-0.750166,0,0,0,0,0,0,0,0,0,0,1,1
0,0,0,0,0,0,0,-0.548598,0,0,0,0,0,0,0,0,-0.643986,0,0,0,0,0,1,0,0,0,0,0,0,0,0,0,1.60022,5,1,0,0,0,0,0,1.529895,0,0,-0.793777,0,1,0,0,0,0,0,0,0,0,0,0,0,0,0,0,0,0,0,0,0,1,0,0,0,0,0,0,0,0,0,0,0,0,0,0,0,0,0,0,0,0,0,-0.689375,0,0,-0.349262,0,0,0,0,0,0,0,0,0,0,1,1
0,0,0,0,0,0,0,-0.664844,0,0,0,0,0,0,0,0,-0.504436,0,0,0,0,0,0,0,0,0,0,0,0,0,0,0,1.05985,0,0,0,0,0,0,0,0.342408,0,0,-0.67995,0,0,0,0,0,0,0,0,0,0,0,0,0,0,0,0,0,0,0,0,0,0,1,0,0,0,1,0,0,0,0,0,0,0,0,0,0,0,0,0,0,0,0,-0.571934,0,0,-0.819701,0,0,0,0,0,0,0,0,0,0,0,1
0,0,0,0,0,0,0,-0.59082,0,0,0,0,0,0,0,0,-0.778089,0,0,0,0,0,0,0,1,0,0,0,0,0,0,0,1.30563,4,0,0,0,0,0,0,0.999857,0,0,-0.732339,0,0,0,1,0,0,0,0,0,0,0,0,0,1,0,0,0,0,0,0,0,0,0,0,0,0,0,0,0,0,0,0,0,0,0,0,0,1,0,0,0,0,0,-0.623381,0,0,-0.561882,0,0,0,0,0,1,0,0,0,0,0,1
0,0,0,0,0,0,0,-0.535989,0,0,0,0,0,0,0,0,-0.687933,0,0,0,1,0,0,0,0,0,0,0,0,0,0,0,1.25036,0,0,0,0,0,0,0,0.740668,0,0,-0.737608,0,0,0,0,0,0,0,0,0,0,0,0,0,0,0,0,0,0,0,0,0,0,0,0,0,0,0,0,0,0,0,0,0,0,0,0,0,0,0,0,0,0,0,-0.750532,0,0,-0.770719,0,0,0,0,0,0,0,1,0,0,0,1
0,0,0,0,0,0,0,-0.728516,0,0,0,0,0,0,0,0,-0.571917,0,0,0,0,0,0,0,0,0,0,0,0,0,0,0,1.15558,2,0,0,0,1,0,0,0.981462,0,0,-0.708069,0,0,0,0,0,0,0,0,0,0,0,0,0,0,0,0,0,0,0,0,0,0,0,0,0,0,0,0,0,0,0,0,0,0,0,0,0,1,0,0,0,0,0,1.819568,0,0,-0.504358,0,0,0,0,0,1,0,0,0,0,0,1
0,1,0,0,0,0,0,-0.587095,0,0,0,0,0,0,0,0,-0.522899,0,0,0,0,0,0,0,0,0,0,0,0,0,0,0,1.21137,1,0,0,0,0,0,0,1.44727,1,0,-0.708326,0,0,0,0,0,0,0,0,0,0,0,0,0,0,0,0,0,0,0,1,0,1,0,0,0,0,0,0,0,0,0,0,1,0,0,0,0,0,0,0,0,0,0,-0.623167,0,1,-0.611248,0,0,0,0,0,0,0,0,0,0,1,1
0,0,0,0,0,0,0,-0.55897,0,0,0,0,0,0,0,0,-0.608325,0,0,0,1,0,0,0,0,0,0,0,0,0,1,0,0.83553,0,0,0,1,0,0,0,1.117756,0,0,-0.57146,0,0,0,0,0,0,0,0,0,0,0,0,0,0,0,0,0,0,0,1,0,0,0,1,0,0,0,0,0,0,0,0,0,0,0,0,0,0,0,0,0,0,0,-0.587476,0,0,-0.609958,0,0,0,0,0,0,0,0,0,0,0,1
0,0,0,0,0,0,0,-0.775357,0,0,0,0,0,0,0,0,-0.573843,0,0,0,0,0,0,0,0,0,0,0,0,0,0,0,1.18328,0,0,0,0,0,0,0,0.291546,0,0,-0.723306,0,0,0,0,0,0,0,0,1,0,0,0,0,0,0,0,0,0,0,0,0,0,0,0,0,0,0,0,0,0,0,0,0,0,0,0,0,0,0,0,0,0,0,-0.702917,0,0,-0.614482,0,0,0,0,0,0,0,0,1,0,0,1
0,0,0,0,0,0,0,-0.504789,0,0,0,0,0,0,0,1,-0.669232,0,1,0,0,0,0,0,0,0,0,0,0,0,0,0,0.90849,0,0,0,0,0,0,0,0.1875,0,0,-0.626563,0,0,0,0,0,0,0,0,0,0,0,0,0,0,0,0,0,0,0,0,0,0,1,0,0,0,0,0,0,0,0,0,0,0,0,0,0,0,0,0,0,0,0,-0.612293,0,0,-0.748289,0,0,0,0,0,0,0,0,0,0,0,1
0,0,0,0,0,0,0,-0.712933,0,0,0,0,0,0,0,1,-0.727273,0,0,0,1,0,0,0,0,0,0,0,0,0,0,0,1.04799,2,0,0,0,0,0,0,0.395041,0,0,-0.708265,0,0,0,0,0,0,0,0,0,0,0,0,0,0,0,0,0,0,0,0,0,0,0,0,0,0,1,0,0,0,0,0,0,0,0,0,0,0,0,0,0,0,0,-0.57436,0,0,-0.816714,0,1,0,0,0,0,0,0,0,0,0,1
0,0,0,0,0,0,0,-0.687703,0,0,0,0,0,0,0,0,-0.605901,0,0,0,0,0,0,0,0,0,0,0,0,0,0,0,1.5104,3,0,0,0,0,0,1,0.584989,0,0,-0.764415,0,0,0,0,0,0,0,0,0,0,0,0,0,0,0,0,0,0,0,0,0,1,0,0,0,0,0,0,0,0,0,0,0,0,0,0,0,0,0,0,0,0,1,-0.688116,0,0,-0.600023,0,0,0,0,0,0,0,0,0,0,1,1
0,0,0,0,0,0,0,8.001682,1,0,0,0,0,0,0,0,8.240617,0,0,0,0,0,0,0,0,0,0,0,0,0,0,0,1.91202,6,0,0,0,0,0,0,0.661947,0,0,-0.834068,0,0,0,0,1,0,0,0,0,0,0,0,0,0,0,0,0,0,0,0,0,0,0,0,0,0,0,0,1,0,0,0,0,0,0,0,0,0,0,0,0,0,0,-0.568288,0,0,9.32911,0,1,0,0,0,0,0,0,0,0,1,1
0,0,0,0,0,0,0,-0.768853,0,0,0,0,0,0,0,0,-0.718698,0,0,0,0,0,0,0,0,0,0,0,0,0,0,0,1.46054,1,1,0,0,0,0,0,1.23757,0,0,-0.773354,0,0,0,0,0,0,0,0,0,0,0,1,0,0,0,0,0,0,0,0,0,1,0,0,0,0,0,0,0,0,0,0,0,0,0,0,0,0,1,0,0,0,0,-0.626217,0,0,-0.70899,0,0,0,0,0,1,0,0,0,0,0,1
0,0,0,1,0,0,0,-0.703121,0,0,0,0,0,0,0,0,-0.479752,0,0,0,0,0,0,0,0,0,0,0,0,0,0,0,0.93985,0,0,0,0,0,0,0,0.306217,0,0,-0.586589,0,0,0,0,0,0,0,0,0,0,1,0,0,0,0,0,0,0,0,0,0,0,0,0,0,0,0,0,0,0,0,0,0,0,0,0,0,0,0,0,0,0,0,-0.555841,0,0,-0.723322,0,0,0,0,0,0,0,0,0,0,0,1
0,0,0,0,0,0,0,-0.726012,1,0,0,0,0,0,0,0,-0.538474,0,0,1,0,0,0,0,0,0,0,0,0,0,0,0,1.29416,0,0,0,0,0,0,0,0.956448,0,0,-0.673512,0,0,0,0,0,0,0,0,0,0,0,0,0,0,0,0,0,0,1,1,0,0,0,0,0,0,0,0,0,0,0,0,0,0,0,0,0,0,0,0,0,0,0,-0.612354,0,0,-0.566211,0,0,0,0,0,0,0,0,0,0,0,1
0,0,0,0,0,0,0,-0.621495,0,0,0,0,0,0,0,0,-0.500623,0,0,0,0,0,0,0,0,0,0,0,0,0,0,0,1.00199,0,0,0,0,0,0,0,0.398464,0,0,-0.673656,0,0,0,0,0,0,0,0,1,0,0,1,0,0,0,0,0,0,0,0,0,0,0,0,0,0,0,0,0,0,0,0,0,0,0,0,0,0,0,0,0,0,0,-0.676714,0,0,-0.808283,0,1,0,0,0,0,0,0,0,0,0,1
0,0,0,0,0,0,0,-0.500619,0,0,0,0,0,0,0,0,-0.682529,0,0,0,0,0,0,0,0,0,0,0,0,0,0,0,1.2375,3,0,0,0,0,0,0,1.29515,0,0,-0.739024,0,0,0,0,0,0,0,0,0,0,0,0,0,0,0,0,0,0,0,0,0,0,0,0,0,0,0,0,0,0,0,0,0,0,0,0,0,0,0,0,0,1,0,-0.823504,0,0,-0.616081,0,0,0,0,0,0,1,0,0,0,1,1
0,0,1,0,0,0,1,2.189152,0,0,0,0,0,0,0,0,-0.728633,0,0,0,0,0,0,0,0,0,0,0,0,0,0,0,2.31294,0,0,0,0,0,0,0,0.595404,0,0,-0.839478,0,0,0,0,0,0,0,0,0,0,0,0,0,0,0,0,0,0,0,0,0,0,0,0,0,0,1,0,0,0,0,0,0,0,0,0,0,0,0,0,0,0,0,-0.802938,0,0,-0.695671,0,0,0,0,1,0,0,0,0,0,1,1
0,0,0,0,0,0,0,-0.711625,0,0,0,0,0,0,0,0,-0.721674,0,0,0,1,0,0,0,0,0,0,0,0,0,0,0,1.33869,0,0,0,0,0,0,0,0.92381,0,0,-0.741215,0,0,0,0,0,0,0,0,0,0,0,0,0,0,0,0,0,0,0,0,0,0,0,0,0,0,0,0,0,0,0,0,0,0,0,0,0,0,0,0,0,0,0,0.382993,0,0,-0.785128,0,0,0,0,0,0,0,1,0,0,0,1
0,0,0,0,0,0,0,-0.747867,0,0,0,0,0,0,0,0,-0.445443,0,0,0,0,0,0,0,0,0,0,0,0,0,0,0,1.1949,0,0,0,0,0,0,0,2.020454,0,0,-0.744785,0,0,0,0,0,0,0,0,0,0,0,0,0,0,0,0,0,0,0,0,0,0,0,0,0,0,0,0,0,0,0,0,0,0,0,0,0,0,0,0,0,0,0,-0.68935,0,0,-0.677356,0,0,0,0,0,1,0,0,0,0,0,1
0,0,0,0,0,0,0,-0.537026,0,0,0,0,0,0,0,0,-0.572405,0,0,1,0,0,0,0,0,0,0,0,0,0,0,0,0.82122,0,0,0,0,0,0,0,0.271481,0,0,-0.58055,0,0,0,0,0,0,0,0,0,0,0,0,0,0,0,0,0,0,0,0,0,0,0,0,0,0,0,0,0,0,0,0,0,0,0,0,0,0,0,0,0,0,0,-0.668088,0,0,-0.614014,0,0,0,0,0,0,0,0,0,0,0,1
0,1,0,0,1,0,0,-0.748836,0,0,0,0,0,0,0,1,-0.576827,0,0,1,0,0,0,0,0,0,0,0,0,0,1,0,2.0843,7,0,0,0,1,0,1,1.072201,0,0,-0.807412,0,0,0,0,0,0,0,0,0,0,1,0,0,1,0,0,0,0,0,0,0,0,0,0,0,0,0,0,0,0,0,0,0,0,0,0,0,0,0,0,0,0,0,-0.843118,0,0,-0.725582,0,0,0,0,0,0,0,0,0,0,1,1
0,0,0,0,0,0,0,-0.815136,0,0,0,0,0,0,0,0,-0.798529,0,0,0,0,0,0,0,0,0,0,0,0,0,0,0,0.65614,1,0,0,0,0,0,0,1.308532,0,0,-0.484813,0,0,0,0,0,0,0,0,0,0,1,0,0,0,0,0,0,0,0,0,0,0,0,0,0,0,0,0,0,0,0,0,0,0,0,0,0,0,0,0,0,0,0,1.260468,0,0,-0.749604,0,0,0,0,0,0,0,0,1,0,1,1
0,0,0,0,0,0,0,-0.509744,0,0,0,0,0,0,0,0,-0.674937,0,0,0,0,0,0,0,0,0,0,0,0,0,0,0,0.91265,2,0,0,0,0,1,0,2.989936,0,0,-0.626443,0,0,0,0,0,0,0,0,0,0,1,0,0,1,0,0,0,0,0,0,0,1,0,0,0,0,0,0,0,0,0,0,0,0,0,0,0,0,0,0,0,0,0,-0.701088,0,0,-0.762301,0,0,0,0,0,0,0,0,0,0,1,1
0,0,0,0,0,0,0,-0.756015,0,0,0,0,0,0,0,0,-0.508635,0,0,0,0,0,0,0,0,0,0,0,0,0,0,0,1.36695,4,0,0,0,1,0,0,0.813122,0,0,-0.736139,0,0,0,0,0,0,0,0,0,0,1,0,0,0,0,0,0,0,0,0,0,0,0,0,0,0,0,0,0,0,0,0,0,0,0,0,0,0,0,0,0,0,0,3.68441,0,0,-0.510469,0,0,0,0,0,0,0,0,0,0,1,1
0,0,0,0,0,0,0,-0.65662,0,0,0,0,0,0,0,0,-0.68619,0,0,0,0,0,0,0,0,0,0,0,0,0,0,0,1.01059,0,0,0,0,0,0,0,0.374751,0,0,-0.58764,0,0,0,0,0,0,0,0,0,0,0,0,0,0,0,0,0,0,0,0,0,0,0,0,0,0,0,0,0,0,0,0,0,0,0,0,0,0,0,0,0,0,0,-0.682959,0,0,-0.515185,0,0,0,0,0,0,0,0,0,0,0,1
0,0,0,0,0,0,0,-0.588314,0,0,0,0,0,0,0,0,-0.452555,0,0,0,0,0,0,0,0,0,0,0,0,0,0,0,0.7512,0,0,0,0,0,0,0,0.404144,0,0,-0.549711,0,0,0,0,0,0,0,0,0,0,0,0,0,0,0,0,0,0,0,0,0,0,0,0,0,0,0,0,0,0,0,0,0,0,0,0,0,0,0,1,0,0,0,-0.647373,0,0,-0.573434,0,0,0,0,0,0,0,0,0,0,0,1
0,0,0,0,0,0,0,-0.662945,0,0,0,0,0,0,0,0,-0.462973,0,0,0,0,0,0,0,0,0,0,0,0,0,0,0,1.17591,0,0,0,0,0,0,0,0.577533,0,0,-0.728045,0,0,0,0,0,0,0,0,0,0,0,0,0,0,0,0,0,0,0,1,0,0,0,0,0,0,1,0,0,0,0,0,0,0,0,0,0,0,0,0,0,0,0,-0.679039,0,0,-0.761023,0,0,0,0,0,0,0,0,0,0,1,1
0,0,0,0,0,0,0,-0.622753,0,0,0,0,0,0,0,0,-0.51698,0,0,0,1,0,0,0,0,0,0,0,0,0,0,0,0.75952,0,0,0,0,0,0,0,0.375662,0,0,-0.639436,0,0,0,0,0,0,0,0,0,0,0,0,0,0,0,0,0,0,0,0,0,0,0,0,0,0,0,0,0,0,0,0,0,0,0,0,0,0,0,0,0,0,0,-0.593453,0,0,-0.744267,0,0,0,0,0,0,0,0,0,0,0,1
0,0,0,0,0,0,0,-0.628548,0,0,0,0,0,0,0,0,-0.723949,0,0,0,0,0,0,0,0,0,0,0,0,0,0,0,1.25714,0,0,0,0,1,0,0,0.177778,0,0,-0.685522,0,0,0,0,0,0,0,0,0,0,0,0,0,0,0,0,0,0,0,0,0,0,0,0,0,0,0,0,0,0,0,0,0,0,1,0,0,0,0,0,0,0,0,-0.65207,0,0,-0.709921,0,0,0,0,0,0,0,0,0,0,0,1
0,0,0,0,0,1,0,-0.507502,0,0,0,0,0,0,0,0,-0.49763,0,0,0,0,1,0,0,0,0,0,0,0,0,0,0,1.33348,4,0,0,0,0,0,0,1.181062,0,0,-0.748163,0,0,0,0,0,0,0,0,0,1,0,0,0,0,0,0,0,0,0,0,0,0,0,0,0,0,0,0,0,0,0,0,0,0,0,0,0,0,0,0,0,0,0,-0.655758,0,0,-0.552157,0,0,0,0,0,0,1,0,0,0,1,1
0,0,0,0,0,0,0,-0.636968,0,0,0,0,0,0,0,0,-0.611517,0,0,0,0,0,0,0,0,0,0,0,0,1,0,0,1.55091,2,0,0,0,1,0,0,0.857809,0,0,-0.780009,0,0,0,0,0,0,0,0,0,0,0,0,0,0,0,0,0,1,0,0,0,0,0,0,0,0,0,0,0,0,0,0,0,0,0,0,0,0,0,1,0,0,0,-0.662121,0,0,-0.623208,0,0,0,0,0,0,0,0,0,0,1,1
0,0,0,0,0,0,0,-0.590127,0,0,0,0,0,0,0,0,-0.623713,0,0,0,0,0,0,0,0,0,0,0,0,0,0,0,0.77986,1,0,0,0,0,0,0,2.230262,0,0,-0.55564,0,1,0,0,0,0,0,0,0,0,1,0,0,0,0,0,0,0,0,1,0,0,1,0,0,0,0,0,0,0,0,0,0,0,0,0,0,0,0,0,0,0,0,-0.615041,0,0,-0.566741,0,0,0,0,0,1,0,0,0,0,0,1
0,0,0,0,0,0,0,-0.692302,0,0,0,0,0,0,0,0,-0.773483,0,0,0,0,0,0,0,0,0,0,0,0,0,0,0,0.53511,0,0,0,0,0,1,0,0.787287,0,0,-0.348448,0,0,0,0,0,0,0,0,0,0,0,0,0,0,0,0,0,0,0,0,0,0,0,0,0,0,0,0,0,0,0,0,0,0,0,0,0,0,0,0,0,0,0,-0.729433,0,0,-0.627514,0,0,0,0,0,0,0,0,0,0,0,1
0,0,0,0,0,0,0,-0.547729,0,0,0,0,0,0,0,0,-0.647059,0,0,0,0,0,0,0,0,0,0,0,0,0,1,0,1.22213,0,0,0,0,0,0,0,1.071958,0,0,-0.755192,0,0,0,0,1,0,0,0,0,0,0,0,0,0,0,0,0,0,0,0,0,0,0,0,0,0,0,0,0,0,0,0,0,0,0,0,0,0,0,0,0,0,0,-0.690531,0,0,-0.398356,0,0,0,0,0,0,0,1,0,0,1,1
0,0,0,1,0,0,0,-0.546404,0,0,0,0,0,0,0,0,-0.69074,0,0,0,0,0,0,0,0,0,0,0,0,0,0,0,1.09558,4,0,0,0,0,0,0,1.856274,0,0,-0.465174,0,0,0,0,0,0,0,0,0,0,1,0,0,0,0,0,0,0,0,0,0,0,0,0,0,0,0,0,0,0,0,0,0,0,1,0,0,0,0,1,0,0,0,-0.550607,0,0,-0.641646,0,0,0,0,0,1,1,0,0,0,1,1
0,0,0,0,0,0,0,-0.552804,0,0,0,0,0,0,0,0,-0.498803,0,0,1,0,0,0,0,0,0,0,0,0,0,0,0,1.47117,5,0,0,0,0,0,0,1.073388,0,0,-0.766541,0,0,0,0,0,0,0,0,0,0,0,0,0,0,0,0,0,0,0,0,0,0,0,0,1,0,0,0,0,0,0,0,0,0,0,0,0,0,0,0,0,0,0,-0.55794,0,0,-0.666287,0,0,0,0,0,0,0,0,0,0,1,1
0,0,0,0,0,0,0,-0.716627,0,0,0,0,0,0,0,0,-0.869783,0,0,0,0,0,0,0,0,0,0,0,0,0,0,0,0.92486,0,0,0,0,0,0,0,0.660982,0,0,-0.612717,0,0,0,0,0,0,0,0,0,0,0,0,0,0,0,0,0,0,0,0,0,0,0,0,0,1,0,0,0,0,0,0,0,0,0,0,0,1,0,1,0,0,0,-0.579794,0,0,-0.443204,0,0,0,0,0,0,0,0,0,0,0,1
0,0,0,0,0,0,0,-0.660059,0,0,0,0,0,0,0,0,-0.750545,0,0,0,0,0,0,0,0,0,0,0,0,0,0,0,1.79837,1,0,0,0,0,1,1,0.528538,0,0,-0.814746,0,0,0,0,0,0,1,0,0,0,1,0,0,0,0,0,0,0,0,0,1,1,0,1,0,0,0,0,0,0,0,0,0,0,0,0,0,0,0,0,0,0,0,-0.485322,0,0,-0.537935,0,0,0,0,0,0,0,0,0,0,1,1
0,0,0,1,0,0,0,-0.446842,0,0,0,0,0,0,0,0,-0.827316,0,0,0,0,0,0,0,0,0,0,0,0,0,0,0,0.56623,0,0,0,0,1,0,0,0.973059,0,0,-0.348549,0,1,0,0,0,0,0,0,0,0,0,0,0,0,0,0,0,0,0,0,0,0,0,0,0,0,0,0,0,0,0,0,0,0,0,0,0,0,0,0,0,0,0,-0.602449,0,0,-0.691951,0,0,0,0,0,0,0,0,0,0,0,1
0,0,0,0,0,0,0,-0.617208,0,0,0,0,0,0,0,0,-0.645276,0,0,1,0,0,0,0,0,0,0,0,0,0,0,0,1.27002,5,0,0,0,0,0,0,1.13671,0,0,-0.737336,0,0,0,0,0,0,0,0,0,0,0,0,0,0,0,0,0,0,0,1,0,0,0,0,0,0,0,0,0,0,0,0,0,0,0,0,0,0,0,0,0,0,0,-0.620881,0,0,-0.722106,0,0,0,0,0,0,0,0,0,0,1,1
0,0,0,0,0,0,0,-0.595605,0,0,0,0,0,0,0,0,-0.697898,0,0,0,0,0,0,0,0,0,0,0,0,0,0,0,1.00102,1,0,0,0,0,0,0,1.251662,0,0,-0.683972,0,0,0,0,0,0,0,0,0,0,0,0,0,0,0,0,0,0,0,0,0,0,1,0,0,0,0,0,0,0,0,0,0,0,0,0,0,0,0,0,0,0,0,-0.72625,0,0,-0.701646,0,0,0,0,0,0,0,0,0,1,1,1
0,0,0,0,0,0,0,-0.603068,0,0,0,0,0,0,0,0,-0.694118,0,0,0,0,0,0,0,0,0,0,0,0,0,0,0,0.83882,0,0,0,0,0,0,0,0.734264,0,0,-0.639887,0,0,0,0,0,0,0,0,0,0,1,0,0,0,0,0,0,0,0,0,0,0,0,0,0,0,0,0,1,0,0,0,0,0,0,0,0,1,0,0,0,0,0,-0.733801,0,0,-0.643175,0,0,0,0,0,0,0,0,0,0,0,1
0,0,0,0,0,0,0,-0.559574,0,0,0,0,0,0,0,0,-0.718763,0,0,0,0,0,0,0,0,0,0,0,0,0,0,0,0.70928,0,0,0,0,0,0,0,0.781956,0,0,-0.438595,0,0,0,0,1,0,0,0,0,0,0,0,0,0,0,0,0,0,0,1,1,0,0,0,0,0,1,0,0,0,0,0,0,0,0,0,0,0,0,0,0,0,0,-0.684469,0,0,-0.443247,0,0,0,0,0,0,0,0,0,0,0,1
0,0,0,0,0,0,0,-0.622377,0,0,0,0,0,0,0,0,-0.73421,0,1,1,0,0,0,0,0,0,0,0,0,0,1,0,2.20622,0,0,0,0,0,0,0,0.793193,0,0,-0.854505,0,0,0,0,0,0,0,0,0,0,0,1,0,1,0,0,0,0,0,0,0,0,0,0,0,0,0,0,0,0,0,0,0,0,0,0,0,0,1,0,0,0,0,-0.521058,0,0,-0.820408,0,0,0,0,0,0,0,0,0,0,0,1
0,0,0,0,0,0,0,-0.745643,0,0,0,0,0,0,0,0,-0.597132,0,0,0,0,0,0,0,0,0,1,0,0,0,0,0,1.32643,3,0,0,0,0,0,0,0.694943,0,0,-0.746664,1,0,0,0,0,0,0,0,0,0,0,0,0,0,0,0,0,0,0,0,0,0,0,0,0,0,0,0,0,0,0,0,0,0,0,0,0,0,0,0,0,0,0,-0.519056,0,0,-0.827093,0,0,0,0,0,0,0,0,0,0,0,1
0,0,0,0,0,0,0,-0.647059,1,0,0,0,0,0,0,1,-0.66363,0,0,0,0,0,0,0,0,0,0,0,0,1,0,0,2.08219,5,0,0,0,0,0,0,0.284394,0,0,-0.813723,0,0,0,0,0,0,0,0,0,0,0,0,0,0,0,0,0,0,0,0,0,0,0,0,0,1,0,0,0,0,0,0,0,0,0,0,0,0,0,0,0,0,0,-0.694107,0,0,-0.731819,0,0,0,0,0,0,0,0,0,0,1,1
0,0,0,0,0,0,0,-0.668967,0,0,0,0,0,0,0,0,-0.802789,0,0,0,0,0,0,0,0,0,0,0,0,0,0,0,1.27213,0,0,0,0,0,0,0,1.637625,0,0,-0.708542,0,0,0,0,0,0,0,0,0,0,0,0,0,0,0,0,0,0,0,0,0,0,0,0,0,0,0,0,1,0,0,0,0,0,0,0,0,0,0,0,0,0,0,-0.564907,0,0,-0.652347,0,0,0,0,0,0,0,0,0,0,1,1
0,0,0,0,0,0,0,-0.64221,0,0,0,0,0,0,0,0,-0.593765,0,0,0,1,0,0,0,0,0,0,0,0,0,0,0,0.79153,1,0,0,0,0,0,0,1.005911,0,0,-0.585588,0,0,0,0,0,0,0,0,0,0,0,0,0,0,0,0,1,0,0,0,0,0,0,0,0,0,0,0,0,0,0,0,0,0,0,0,0,0,0,0,0,0,0,-0.67255,0,0,-0.711802,0,0,0,0,0,0,0,0,0,0,0,1
0,0,0,0,0,0,0,-0.677039,0,0,0,0,0,0,0,0,-0.601888,0,0,0,0,0,0,0,0,0,0,0,0,0,0,0,1.96656,1,0,0,0,0,0,0,0.988982,0,0,-0.801802,0,0,0,0,0,0,0,0,0,0,0,0,0,0,0,0,0,0,0,0,0,0,0,0,0,0,0,0,0,0,0,0,0,0,0,0,0,0,0,0,0,0,0,-0.67439,0,0,-0.711883,0,0,0,0,0,0,0,0,0,0,1,1
0,0,0,0,0,0,0,-0.738941,1,0,0,0,0,0,0,0,-0.725748,0,0,0,0,0,0,0,0,0,0,0,0,0,0,0,0.80151,4,0,0,0,0,0,0,2.651153,0,0,-0.559488,0,0,0,0,0,0,0,0,0,0,1,0,0,0,0,0,0,0,0,0,0,0,1,0,0,0,0,0,0,0,0,0,0,0,0,0,0,0,0,0,0,0,0,-0.585532,0,0,-0.761672,0,0,0,0,1,0,0,0,0,1,1,1
0,0,0,0,0,0,1,-0.79183,0,0,0,0,0,0,0,0,-0.616037,0,0,0,0,0,0,0,0,0,0,0,0,0,0,0,0.92409,2,0,0,0,0,0,0,1.677439,0,0,-0.640669,0,0,0,0,0,0,0,0,0,0,0,0,0,1,0,0,0,0,0,0,0,0,0,0,0,0,0,0,1,0,0,0,0,0,0,0,0,0,0,0,0,0,0,-0.611342,0,0,-0.783058,0,0,0,0,0,0,0,0,0,0,1,1
0,0,0,0,0,0,0,-0.378587,0,0,0,0,0,0,0,0,2.05165,0,0,0,0,0,0,0,0,0,0,0,0,0,0,0,0.58884,1,0,0,0,0,0,0,0.932381,0,0,-0.475399,0,0,0,0,0,0,0,0,0,0,0,0,0,0,0,0,0,0,0,0,0,0,0,0,0,0,0,0,0,0,0,0,0,0,0,0,0,0,0,1,0,0,0,-0.625043,0,0,-0.673755,0,0,0,0,0,0,0,0,0,0,1,1
0,0,0,0,0,0,0,-0.700334,0,0,0,0,0,0,0,0,-0.385736,0,0,0,0,0,0,0,0,0,0,0,0,0,0,0,0.79274,0,0,0,0,0,0,0,0.222222,0,0,-0.559359,0,0,0,0,0,0,0,0,0,0,0,0,0,0,0,0,0,0,0,0,0,0,0,0,0,0,0,0,0,0,0,0,0,0,0,0,0,0,0,0,0,0,0,-0.693821,0,0,-0.638701,0,0,0,0,0,0,0,0,0,0,0,1
0,0,0,0,0,0,0,-0.700761,0,0,0,0,0,0,0,0,-0.734656,0,0,0,0,0,0,0,0,0,0,0,0,0,0,0,0.94774,0,1,0,0,0,0,0,0.52441,0,0,-0.719459,0,0,0,0,0,0,0,0,0,0,0,0,0,0,1,0,0,0,0,0,1,0,0,0,0,0,0,0,0,0,0,0,0,0,0,0,0,0,0,0,0,0,0,-0.635752,0,0,-0.574102,0,0,0,0,0,0,0,0,0,0,0,1
0,0,0,0,0,0,0,-0.716329,0,1,0,0,0,0,0,0,-0.607368,0,0,0,0,0,0,0,0,0,0,0,0,0,0,0,0.51647,0,0,0,0,0,0,0,1.870181,0,0,-0.575827,0,0,0,0,0,0,1,0,0,0,0,0,0,0,0,0,0,0,0,0,0,0,0,0,0,0,0,0,0,0,0,0,0,0,0,0,0,0,0,0,0,0,0,-0.68957,0,0,-0.731387,0,0,0,0,0,1,0,0,0,0,0,1
0,0,0,0,0,0,0,-0.70976,0,0,0,0,0,0,0,0,-0.719634,0,0,0,0,0,0,0,0,0,0,0,0,0,0,0,1.28836,1,0,0,0,1,0,0,0.934949,0,0,-0.760198,0,0,0,0,0,0,0,0,0,0,0,0,0,0,0,0,0,0,0,1,0,0,0,0,0,0,0,0,0,0,0,0,0,0,0,0,0,0,0,0,0,0,0,-0.487873,0,0,-0.633135,0,0,0,0,0,0,0,0,0,0,1,1
0,0,0,0,0,0,0,-0.879898,0,0,0,0,0,0,0,0,-0.798033,0,0,0,0,0,0,0,0,0,0,0,0,0,0,0,0.80212,0,0,0,0,0,0,0,0.289726,0,0,-0.602297,0,0,0,0,0,0,0,0,0,0,0,0,0,0,0,0,0,0,0,0,0,0,0,0,0,0,1,0,0,0,0,0,0,0,0,0,0,0,0,0,0,0,0,-0.42117,0,0,-0.774969,0,0,0,0,0,0,0,1,0,0,0,1
0,0,0,0,0,0,0,-0.60061,0,0,0,0,0,0,0,0,-0.69749,0,0,0,1,0,0,0,0,0,0,0,0,0,0,0,1.69167,6,0,0,0,0,0,0,0.658772,0,0,-0.758377,0,0,0,0,0,0,0,0,0,0,0,0,0,0,0,0,0,0,0,0,0,0,0,0,0,0,0,0,0,0,0,0,0,0,0,0,0,0,1,1,0,1,0,-0.744674,0,0,-0.629567,0,0,0,0,0,0,0,0,0,0,1,1
0,0,0,0,0,0,0,-0.665536,0,1,0,0,0,0,0,0,-0.750533,0,0,0,0,0,0,0,0,0,0,0,0,0,0,0,0.99002,2,0,0,0,0,0,0,1.569015,0,0,-0.650498,0,0,0,0,0,0,0,0,0,0,0,0,0,0,0,0,0,0,0,0,0,0,0,0,0,0,0,0,0,0,0,0,0,1,0,0,0,0,0,0,0,0,0,-0.52408,0,0,8.712479,0,0,0,0,0,0,0,0,0,0,1,1
0,0,0,0,0,0,0,-0.753598,0,0,0,0,0,0,0,0,-0.292327,0,0,0,0,0,0,0,0,1,0,0,0,0,0,0,1.01363,0,0,0,0,0,0,0,0.46227,0,0,-0.619919,0,0,0,0,0,0,0,0,0,0,0,0,0,0,0,0,0,0,0,0,0,0,0,0,0,0,0,0,0,0,0,0,0,0,0,0,0,0,0,0,0,0,0,-0.739161,0,1,-0.777908,0,0,0,0,0,0,0,0,0,0,0,1
0,0,0,0,0,0,0,-0.824102,0,0,0,0,0,0,0,0,-0.787539,0,0,1,0,0,0,0,1,1,0,0,0,0,0,0,1.00248,1,0,0,0,0,0,0,1.942074,0,0,-0.651919,0,0,0,0,0,0,0,0,0,0,0,0,0,0,0,0,0,0,0,0,0,0,0,0,0,0,0,0,0,0,0,0,0,0,0,0,0,0,0,0,0,0,0,-0.59885,0,0,-0.704115,0,0,0,0,0,0,0,0,0,0,1,1
0,0,0,0,0,0,0,-0.666675,0,0,0,0,0,0,0,0,-0.772664,0,0,0,0,0,0,0,0,0,0,0,0,0,0,0,0.90347,0,0,0,0,0,0,0,0.719169,0,0,-0.639688,0,0,0,0,0,0,0,0,0,0,0,0,0,0,0,0,0,0,0,0,0,0,0,0,0,0,1,0,0,0,0,0,0,0,0,0,0,0,0,0,0,0,0,-0.751668,0,0,-0.584851,0,0,0,0,0,0,0,0,0,0,0,1
0,0,0,0,0,0,0,-0.730022,0,0,0,0,0,0,0,0,-0.52862,0,0,0,0,0,0,0,0,0,0,0,0,0,0,0,1.42809,3,0,0,0,1,0,0,0.861065,0,0,-0.7706,0,1,0,0,0,0,0,0,0,0,0,0,0,0,0,0,0,0,0,0,0,0,0,0,0,0,0,0,0,0,0,0,0,0,0,0,0,0,0,0,0,0,0,-0.817125,0,0,-0.765021,0,0,0,0,0,0,0,0,0,0,1,1
0,0,0,0,0,0,0,-0.685094,0,0,0,0,0,0,0,0,-0.695598,0,0,0,0,0,0,0,0,0,0,0,0,0,0,0,1.01285,0,0,0,0,0,0,0,1.284373,0,0,-0.658086,0,0,0,0,0,0,0,0,0,0,0,0,0,0,0,0,0,0,0,0,0,0,0,0,0,0,0,0,0,0,0,0,0,0,0,0,0,0,0,0,0,0,0,-0.560624,0,0,-0.685309,0,0,0,0,0,0,0,0,0,0,1,1
0,0,0,0,0,1,0,-0.682721,0,0,0,0,0,0,1,0,-0.741942,0,0,0,0,0,0,0,0,0,0,0,0,1,0,0,1.56838,5,0,0,0,0,0,0,0.684771,0,0,-0.785969,0,0,0,0,0,0,0,0,0,1,0,0,0,0,0,0,1,0,0,0,0,0,0,0,0,0,0,0,0,0,0,0,1,0,0,0,1,0,0,0,0,0,0,-0.778456,0,0,-0.823255,0,0,0,0,0,0,0,0,0,0,1,1
0,0,0,0,0,0,0,-0.809344,0,0,1,0,0,0,0,0,-0.707882,1,0,0,0,0,0,0,0,0,0,0,0,0,0,0,1.33532,2,0,0,0,0,0,0,1.064058,0,0,1.698921,0,0,0,0,0,0,0,0,0,0,0,0,0,0,0,0,0,0,0,0,0,0,0,0,0,0,0,0,0,0,0,0,0,0,0,0,0,0,0,0,0,0,0,-0.660557,0,0,-0.611157,0,0,0,0,0,0,0,0,0,0,0,1
0,0,0,0,0,0,0,-0.773995,0,0,0,0,0,0,0,0,-0.739927,0,0,0,0,0,0,0,0,0,1,0,0,0,0,0,1.1927,4,0,0,0,0,0,0,2.864877,0,0,-0.713203,0,0,0,0,0,0,0,0,0,0,0,0,0,0,0,0,0,0,0,0,0,0,0,0,0,0,0,1,0,0,0,0,1,0,0,0,0,0,0,0,0,1,0,-0.689079,0,1,-0.758927,0,0,0,0,0,0,0,0,0,0,0,1
0,0,0,0,0,0,0,-0.583628,0,0,0,0,0,0,0,0,-0.666745,0,0,0,0,0,0,0,0,0,0,0,0,0,0,0,1.13637,1,0,0,0,0,0,0,0.922203,0,0,-0.709626,0,0,0,0,0,0,0,0,0,0,0,0,0,0,0,0,0,0,0,0,0,0,0,0,1,0,0,0,0,0,0,0,0,0,0,0,0,0,0,1,0,0,0,-0.748513,0,0,-0.564747,0,0,0,0,0,0,0,0,0,0,0,1
0,0,0,0,0,0,0,-0.634795,0,0,0,0,0,0,0,0,-0.652077,0,0,1,0,0,0,0,0,0,0,0,0,0,0,0,0.94479,0,0,0,0,0,1,0,2.115005,0,0,-0.635997,0,0,0,0,0,0,0,0,0,0,0,0,0,0,0,0,0,0,0,0,0,0,1,0,0,0,0,0,0,0,0,0,0,0,0,0,0,0,0,0,0,0,0,-0.454203,0,0,-0.659238,0,0,0,0,0,0,0,0,0,1,0,1
0,0,0,0,0,0,0,-0.790362,0,0,0,0,0,0,0,0,-0.7164,0,0,0,0,1,0,0,0,0,0,0,0,0,0,0,0.74771,1,0,0,0,0,0,0,0.771902,0,0,-0.531273,0,0,0,0,0,0,0,0,0,0,0,0,0,0,0,0,0,0,0,0,0,0,0,0,0,0,0,0,0,0,0,0,0,0,0,0,0,1,0,0,0,0,0,-0.565668,0,0,-0.64493,0,0,0,0,0,1,0,0,0,0,0,1
0,0,0,0,0,0,0,-0.639788,0,0,0,0,0,0,1,0,-0.582106,1,0,0,0,0,0,0,0,0,0,0,0,0,0,0,1.2151,3,0,0,0,0,0,0,1.064742,0,0,-0.73387,0,0,0,0,0,0,0,0,0,0,0,1,0,0,0,0,0,0,0,0,1,0,0,0,0,0,0,0,0,0,0,0,0,0,0,0,0,0,0,0,0,0,0,-0.65623,0,0,-0.701094,0,0,0,0,0,0,0,0,0,1,1,1
0,0,0,0,0,0,0,-0.682795,0,0,0,0,0,0,0,0,-0.747919,0,0,0,0,0,0,0,0,0,0,0,0,0,0,0,1.5852,4,0,0,0,0,0,0,0.96489,0,0,-0.779475,0,0,0,0,0,0,0,0,0,0,1,0,0,0,0,0,0,0,0,0,0,0,0,0,0,0,0,0,0,0,0,0,0,0,0,0,0,0,0,0,0,0,0,-0.715107,0,0,-0.713369,0,0,0,0,0,0,0,0,0,0,1,1
0,0,0,0,0,0,0,-0.624048,0,0,0,0,0,0,0,1,-0.407399,0,0,0,0,0,0,0,0,0,0,0,0,0,1,0,1.37434,1,0,0,0,0,0,0,0.468085,0,0,-0.735876,0,0,0,0,0,0,0,0,0,0,0,0,0,0,0,0,0,0,0,1,0,0,0,0,0,0,0,0,0,0,0,0,0,0,0,0,0,0,0,1,0,0,0,-0.729878,0,0,-0.717663,0,0,0,0,0,0,0,0,0,0,1,1
0,0,0,0,0,0,0,-0.722673,0,0,0,0,0,0,0,1,-0.685951,0,1,0,0,0,0,0,0,0,0,0,0,0,0,0,1.51768,0,0,0,0,0,0,0,0.371671,0,0,-0.773227,0,0,0,0,0,0,0,0,0,0,0,0,0,0,0,0,0,0,0,0,1,0,0,0,0,0,0,0,1,0,0,0,0,0,0,0,0,0,0,0,0,0,0,-0.437208,0,0,-0.705251,0,0,0,0,0,0,0,1,0,0,0,1
0,0,0,0,0,0,0,-0.628654,0,0,1,0,0,0,0,0,-0.711393,1,0,0,0,0,0,0,0,0,0,0,0,0,0,0,1.24596,4,0,0,0,0,0,0,1.333807,0,0,-0.726757,0,0,0,0,0,0,0,0,0,0,0,0,0,0,0,0,0,0,0,0,1,0,0,0,0,0,1,0,1,0,0,1,0,0,0,0,0,0,0,0,0,0,0,-0.562194,0,0,-0.50038,0,0,0,0,0,0,0,0,0,0,1,1
0,0,0,0,0,0,0,-0.714849,0,0,0,0,0,0,0,0,-0.597812,0,0,0,0,0,0,0,0,0,0,0,0,0,1,0,0.692,3,0,0,0,0,0,0,1.844454,0,0,-0.492466,0,0,0,0,0,0,0,0,0,0,0,0,0,0,0,0,0,0,0,0,0,0,0,0,0,0,0,0,0,0,0,0,0,0,0,1,0,0,0,0,0,0,0,-0.700923,0,0,-0.646255,0,0,0,0,0,0,0,0,0,0,0,1
0,0,0,0,0,0,0,-0.314168,0,0,0,0,0,0,0,0,-0.820754,0,0,0,0,0,0,0,0,0,0,0,0,0,0,0,1.66634,0,0,0,0,0,0,0,0.852399,0,0,-0.703967,0,0,0,0,0,0,0,0,0,0,0,0,0,0,0,0,0,0,0,0,0,0,1,0,0,0,0,0,0,0,0,0,0,0,0,0,0,0,0,0,0,0,0,-0.670068,0,0,-0.570763,0,0,0,0,0,0,0,1,0,0,0,1
0,0,0,0,0,0,0,-0.616692,0,0,0,0,0,0,0,0,-0.624373,0,0,0,0,0,0,0,0,1,0,0,0,0,0,0,1.81755,6,0,0,0,0,0,0,1.018414,0,1,-0.792822,0,0,0,0,0,0,0,0,0,0,1,0,0,0,0,0,0,0,0,0,0,0,0,0,0,0,0,0,0,0,0,0,0,0,0,0,0,0,0,0,0,0,0,-0.661663,0,0,-0.627544,0,0,0,0,1,0,0,0,1,0,1,1
0,0,0,0,0,0,0,-0.361203,0,0,0,0,0,0,0,0,-0.290539,0,0,1,0,0,0,0,0,0,0,0,0,0,0,0,1.75494,9,0,0,0,0,0,0,1.552376,0,0,-0.818781,0,0,0,0,0,1,0,0,0,0,0,0,0,0,0,0,0,1,0,0,0,0,1,0,0,0,0,0,0,0,0,0,0,0,0,0,0,0,0,0,0,0,0,-0.760304,0,0,-0.535473,0,0,0,0,0,0,0,1,1,0,0,1
0,0,0,0,0,0,0,-0.443649,0,0,0,0,0,0,0,0,-0.727006,0,1,0,0,0,0,0,0,0,0,0,0,0,0,0,0.55584,0,0,0,0,0,0,0,0.730717,0,0,-0.461787,0,0,0,0,0,0,0,0,0,0,0,0,0,0,0,0,0,0,0,0,0,0,0,0,0,0,0,0,0,0,0,0,0,0,0,0,0,0,0,0,0,0,0,-0.011725,0,0,-0.5377,0,0,0,0,0,0,0,0,0,0,0,1
0,0,0,1,0,0,0,-0.680867,0,1,0,0,0,0,0,0,-0.624699,0,0,0,0,0,0,0,0,0,0,0,0,0,0,0,0.65992,0,0,0,1,1,0,0,1.623196,0,0,-0.550511,0,0,0,0,0,0,0,0,0,0,0,0,0,0,0,0,0,0,0,0,0,0,0,0,0,0,0,0,1,0,0,0,0,0,0,0,0,0,0,0,0,0,0,-0.740808,0,0,-0.755296,0,0,0,0,0,0,0,0,0,0,0,1
0,0,0,0,0,0,0,-0.647687,0,0,0,0,0,0,0,0,-0.484935,0,0,0,0,0,0,0,0,0,0,0,0,0,0,0,0.92432,3,0,0,0,0,0,0,1.41044,0,0,-0.623373,0,0,0,0,0,0,0,0,0,0,0,0,0,0,0,0,0,0,0,0,0,0,0,0,0,0,0,0,0,0,0,0,0,0,0,0,0,0,0,0,0,0,0,-0.685487,0,0,-0.708706,0,0,0,0,0,0,0,0,0,0,1,1
0,0,0,0,0,0,0,-0.658914,0,0,0,0,0,0,0,0,-0.660739,0,0,0,0,0,0,0,0,0,0,0,0,0,0,0,1.01716,0,0,0,0,0,0,0,0.772816,0,0,-0.746431,0,0,0,0,0,0,0,0,0,0,0,0,0,0,0,0,0,0,0,0,0,0,0,0,0,0,0,0,0,0,0,0,0,0,0,0,0,0,0,0,0,0,0,-0.576451,0,0,-0.645532,0,0,0,0,0,0,0,0,0,0,0,1
0,0,1,0,0,0,0,-0.371416,0,0,0,0,0,0,0,0,-0.432211,0,0,0,1,0,0,0,0,0,0,0,0,0,0,0,1.10293,3,0,0,0,0,0,0,1.37266,0,0,-0.674498,0,0,0,0,0,1,0,0,0,0,0,0,0,0,0,0,0,0,0,0,0,0,0,0,0,0,0,0,0,0,0,0,0,0,0,0,0,0,0,0,0,0,0,-0.489632,0,0,-0.686084,0,0,0,0,0,0,0,0,0,1,1,1
0,0,1,0,0,0,0,-0.693055,0,0,1,0,1,0,0,0,-0.609321,0,0,0,0,0,0,0,0,0,0,0,0,0,1,0,1.49815,5,0,0,0,0,0,0,1.053602,0,0,-0.769293,0,0,0,0,0,0,0,0,0,0,0,0,0,0,1,0,0,0,0,0,0,1,0,0,0,0,0,0,0,0,0,0,0,0,0,0,0,0,0,0,0,0,0,-0.574032,0,0,-0.709139,0,0,0,1,0,0,0,0,0,0,0,1
0,0,0,0,0,0,0,-0.571178,0,0,0,0,0,0,0,0,-0.60655,0,0,1,0,0,0,0,0,0,0,0,0,0,0,0,1.14489,1,0,0,0,0,0,0,1.469857,0,0,-0.704412,0,0,0,0,0,0,0,0,0,0,0,0,0,0,0,0,0,0,0,0,0,0,0,0,0,0,0,0,0,0,0,0,0,0,0,0,0,0,0,0,0,0,0,-0.691531,0,0,-0.637209,0,1,0,0,0,0,0,0,0,0,1,1
0,0,0,0,0,0,0,-0.785202,0,0,0,0,0,1,0,0,-0.776614,0,0,0,0,0,0,0,0,0,0,0,0,0,0,0,1.26578,2,0,0,0,0,1,0,0.863822,0,0,-0.722214,0,0,0,0,0,0,0,0,0,0,1,0,0,0,0,0,0,0,0,0,0,0,0,0,0,0,0,0,0,0,0,1,0,0,0,0,0,0,0,0,0,0,0,-0.670244,0,0,-0.638084,0,0,0,1,0,0,0,0,0,0,1,1
0,0,0,0,0,0,0,-0.675797,0,0,0,0,0,0,0,0,-0.707812,0,0,0,0,0,0,0,0,0,0,0,0,0,0,0,1.4166,1,0,0,0,0,1,0,1.907659,0,0,-0.763413,0,0,0,0,0,0,0,0,0,0,0,0,0,0,0,0,0,0,0,0,0,0,0,0,0,0,0,0,0,0,0,1,0,0,0,0,0,0,0,0,0,0,0,-0.688826,0,0,-0.688011,0,0,0,0,0,0,0,0,0,0,1,1
0,0,0,0,0,0,0,-0.634606,0,0,0,0,0,0,0,0,-0.573279,0,0,0,0,0,0,0,0,0,0,0,0,0,0,0,0.80947,4,0,0,0,0,0,0,0.93969,0,0,-0.637106,0,0,0,0,0,0,0,0,0,0,1,0,0,0,0,0,0,0,0,0,0,0,0,0,0,0,0,0,0,0,0,0,0,0,0,0,0,0,0,0,0,1,0,-0.614273,0,0,-0.662228,0,0,0,0,0,0,0,1,0,0,1,1
0,0,0,0,0,0,0,-0.712472,0,0,0,0,0,0,0,0,-0.710141,0,0,0,0,0,0,0,0,0,0,0,0,0,0,0,1.4588,2,0,0,0,0,0,0,1.142168,0,0,-0.79075,0,0,0,0,0,0,0,0,0,0,0,0,0,0,0,0,0,0,0,0,1,1,0,0,0,0,0,0,0,0,0,0,0,0,0,0,0,1,0,0,0,0,0,-0.670994,0,0,-0.541921,0,0,0,0,0,0,0,0,1,0,1,1
0,0,0,1,0,1,0,-0.548345,0,0,0,0,0,0,0,0,-0.714546,0,0,0,0,1,0,0,0,0,0,0,0,0,0,0,2.60426,11,0,0,0,0,0,0,0.806452,0,0,-0.86427,0,0,0,0,0,0,0,0,0,0,0,0,0,0,0,0,0,0,1,0,0,0,0,0,0,0,0,0,1,0,0,0,0,0,0,0,0,0,0,0,0,0,0,-0.694113,0,0,-0.690388,0,0,0,0,0,0,0,0,0,1,1,1
0,0,0,0,0,0,0,-0.612924,0,0,0,0,0,0,0,0,-0.722223,0,0,0,0,0,0,0,0,0,0,0,0,0,0,0,0.93153,2,0,0,0,0,0,0,1.012596,0,0,-0.645616,0,0,0,0,0,0,0,0,0,0,1,0,0,0,0,0,0,0,0,0,0,0,0,0,0,0,0,0,0,0,0,0,0,0,0,0,0,0,0,0,0,0,0,-0.60249,0,0,-0.533629,0,0,0,0,0,0,0,1,0,0,1,1
0,0,0,0,0,0,0,-0.813058,0,0,0,0,0,0,0,0,-0.705081,0,0,0,0,0,0,0,0,0,0,0,0,0,0,0,0.80597,3,0,0,1,0,1,0,1.190812,0,0,-0.560099,0,0,0,0,0,0,0,0,0,0,0,0,0,0,0,0,0,0,0,0,0,0,1,0,0,0,0,0,0,0,0,0,0,0,0,0,0,0,0,0,0,0,0,-0.725667,0,0,-0.824393,0,0,0,0,0,1,0,0,0,0,1,1
0,0,0,0,0,0,0,-0.795003,0,0,0,0,0,0,0,0,-0.763481,0,0,0,0,0,0,0,0,0,0,0,0,0,0,0,1.55939,2,0,0,0,0,0,0,0.528167,0,0,-0.672558,0,0,0,0,0,0,0,0,0,0,0,0,0,1,0,0,0,1,0,0,0,0,0,0,0,0,0,0,0,0,0,0,0,0,0,0,0,0,0,0,0,0,0,-0.635679,0,0,-0.569761,0,0,0,0,0,0,0,0,0,0,1,1
0,0,0,0,0,0,0,-0.560446,0,0,0,0,0,0,0,0,-0.692394,0,0,0,0,0,0,0,0,0,0,0,0,0,0,0,0.91468,2,0,0,0,0,0,0,1.793158,0,0,-0.622183,0,1,0,0,0,0,0,0,0,0,1,0,0,0,0,0,0,0,0,0,0,0,0,0,0,0,0,0,0,0,0,0,0,0,0,0,0,0,0,0,0,0,0,-0.645333,0,0,-0.646417,0,0,0,0,0,0,0,0,0,0,0,1
0,0,0,0,0,0,0,-0.751225,0,0,0,0,0,0,0,0,-0.645228,0,0,0,0,0,0,0,0,0,0,1,0,0,1,0,1.50468,2,0,0,0,0,0,0,1.06996,1,0,-0.847204,0,0,0,0,0,0,0,0,0,0,0,0,0,0,0,0,0,0,0,0,0,0,0,0,0,0,0,0,1,0,0,0,0,0,0,0,0,0,0,1,0,0,0,-0.586793,0,0,-0.628561,0,0,0,0,0,0,0,0,0,0,1,1
0,0,0,0,0,0,0,-0.895734,0,0,0,0,0,0,0,0,-0.581137,0,0,0,1,0,0,0,0,0,0,0,0,0,0,0,0.86208,2,0,0,0,0,0,0,0.180772,0,0,-0.599395,0,0,0,0,0,0,0,0,0,0,1,0,0,0,0,0,0,0,0,0,0,0,0,0,0,0,0,0,0,0,0,0,0,0,0,0,0,0,0,0,0,0,0,-0.663008,0,0,-0.662368,0,1,0,0,0,0,0,0,1,0,0,1
0,0,0,0,1,0,0,-0.75703,0,0,0,0,0,0,0,0,-0.592254,0,0,0,1,0,0,0,0,0,0,0,0,0,0,0,0.76578,1,0,0,0,0,1,0,0.869252,0,0,-0.561093,0,0,0,0,0,0,0,0,1,0,0,0,0,0,0,0,0,0,0,0,0,0,0,0,0,0,0,0,0,0,0,0,0,0,0,0,0,0,1,0,0,0,0,-0.625247,0,0,-0.697228,0,0,0,0,0,0,0,0,0,0,0,1
0,0,0,0,0,0,0,-0.671174,0,0,0,0,0,0,0,0,-0.655299,0,0,0,0,0,0,0,1,0,0,0,0,0,0,0,1.04444,0,0,0,0,0,0,0,0.863385,0,0,-0.655927,0,0,0,0,0,0,0,0,0,0,0,0,0,0,0,0,0,0,0,1,0,0,0,0,0,0,0,0,1,0,0,0,0,0,0,0,0,0,0,0,0,0,0,-0.595355,0,0,-0.566875,0,0,0,0,0,0,0,0,0,0,0,1
0,0,0,0,0,0,0,-0.604377,0,0,0,0,0,0,0,1,-0.740966,0,0,0,0,0,0,0,0,0,0,0,0,0,0,0,0.61658,0,0,0,0,0,0,0,0.725591,0,0,-0.430344,0,0,0,0,0,0,0,0,0,0,0,0,0,0,0,0,0,0,0,0,0,0,0,0,0,0,0,0,0,0,0,0,0,0,0,0,0,0,0,0,0,0,0,-0.587011,0,0,-0.820077,0,0,0,0,0,0,0,0,0,0,0,1
0,0,0,0,0,0,0,-0.576203,0,0,0,0,0,0,0,0,-0.534386,0,0,0,0,0,0,0,0,0,0,0,0,0,0,0,1.35978,1,0,0,0,0,0,0,1.159512,0,0,-0.719779,0,0,0,0,0,0,0,0,0,0,0,0,0,0,0,0,0,0,0,0,0,0,0,0,0,0,0,0,0,0,0,0,0,0,0,0,0,0,0,1,0,0,0,-0.80619,0,0,-0.385782,0,0,0,0,0,0,0,0,1,0,1,1
0,0,0,0,0,0,0,-0.613308,0,0,0,1,0,0,0,0,-0.610477,0,0,0,0,0,0,0,0,0,0,0,0,0,0,0,1.11443,4,0,0,0,0,0,0,1.221357,0,0,-0.674408,0,0,0,0,0,0,0,0,0,0,0,0,0,0,0,0,0,0,0,0,0,0,0,0,0,0,0,0,0,0,0,0,0,0,0,0,0,0,0,0,0,0,0,-0.582058,0,0,-0.781615,0,0,0,0,0,0,0,0,0,0,0,1
0,0,0,0,0,0,0,-0.656276,0,0,0,0,0,0,0,0,-0.685332,0,0,0,1,0,0,0,0,0,0,0,0,0,0,0,1.34277,1,0,1,0,0,0,0,0.664802,0,0,-0.728211,0,0,0,0,1,0,0,0,0,0,0,0,0,0,1,0,0,0,0,0,0,0,0,0,0,0,0,0,0,0,0,0,0,0,0,0,0,0,0,0,0,0,0,-0.614654,0,0,-0.67308,0,0,0,0,0,0,0,0,0,0,0,1
0,0,0,0,0,0,0,-0.498474,0,0,0,0,0,0,0,1,-0.652501,0,0,0,0,0,0,0,0,0,0,0,0,0,0,0,1.52884,4,0,0,0,0,0,0,0.696347,0,0,-0.781685,0,0,0,0,0,0,0,0,0,0,0,0,0,0,0,0,0,0,0,0,1,0,0,0,0,0,0,0,0,0,0,0,0,0,0,0,0,0,0,1,0,0,0,-0.663062,0,0,-0.753968,0,0,0,0,0,0,0,0,0,1,1,1
0,0,0,0,0,0,0,-0.803279,0,0,0,0,0,0,0,0,-0.769584,0,0,1,0,0,0,0,0,0,0,0,0,0,0,0,1.36357,1,0,0,0,0,0,0,1.167624,0,0,-0.739687,0,0,0,0,0,0,0,0,0,0,0,0,0,0,0,0,0,0,0,0,0,0,0,0,0,0,0,0,0,0,0,0,0,0,0,0,0,0,0,0,0,1,0,-0.770624,0,0,-0.587348,0,0,0,0,0,0,0,0,0,0,1,1
0,0,0,0,0,0,1,-0.843618,0,0,0,0,0,0,0,0,-0.660351,0,0,0,0,0,0,0,0,0,0,0,0,0,0,0,2.00238,8,0,0,0,1,0,0,2.722154,0,0,-0.818298,0,0,0,0,0,0,0,0,0,0,0,0,0,0,0,0,0,0,0,0,0,0,0,0,1,0,0,0,0,0,0,0,0,0,0,0,0,0,0,0,0,1,0,-0.378079,0,0,-0.764647,1,0,0,0,0,1,0,0,0,0,0,1
0,0,0,0,0,0,0,-0.638633,0,0,0,0,0,0,0,1,-0.740096,0,0,0,0,0,0,1,0,0,0,0,0,0,0,0,1.35482,3,0,0,0,0,0,0,0.89787,0,0,-0.763791,0,1,0,0,0,0,0,0,0,0,0,0,0,0,0,0,0,0,0,0,0,0,0,0,0,0,0,0,0,0,0,0,0,0,0,0,0,0,0,0,0,0,1,-0.410643,0,0,-0.741302,0,0,0,1,0,0,0,0,0,1,0,1
0,0,0,0,0,0,0,-0.529754,0,0,0,0,0,0,0,0,-0.594567,0,0,0,0,0,0,0,0,0,0,0,0,0,0,0,0.50616,0,0,0,0,0,1,0,0.686021,0,0,-0.456182,0,0,0,0,0,0,0,0,0,0,0,0,0,0,0,0,0,0,0,0,0,0,0,0,0,0,0,0,0,0,0,0,0,0,0,0,0,0,0,0,0,0,0,-0.668321,0,0,-0.721072,0,0,0,0,0,0,0,0,0,0,0,1
0,0,0,0,0,0,0,-0.740323,0,0,1,0,0,0,0,0,-0.766391,0,0,0,0,0,0,0,0,0,0,0,0,0,0,0,1.28705,2,0,0,0,0,0,0,0.757218,0,0,-0.768898,0,0,0,0,0,0,1,0,0,0,0,1,0,0,0,0,0,0,0,0,0,0,0,0,0,0,1,0,0,0,0,0,0,0,0,0,0,0,0,0,0,0,0,-0.822156,0,0,-0.629263,0,0,0,0,0,0,0,0,0,0,1,1
0,0,0,0,0,0,0,-0.712384,0,0,0,0,0,0,0,0,-0.611377,0,0,0,0,0,0,0,0,0,0,0,0,0,0,0,1.36759,1,0,0,0,0,0,0,1.127196,0,0,-0.774995,0,0,0,0,0,0,0,0,1,0,0,0,0,0,0,0,0,0,0,0,0,0,0,0,0,1,0,0,1,0,0,0,0,0,0,0,0,0,0,0,0,0,0,-0.651717,0,0,-0.817859,0,0,0,0,0,0,0,0,0,0,0,1
0,0,0,0,0,0,0,-0.589436,0,0,1,0,0,0,0,0,-0.671418,0,0,0,0,0,0,0,0,0,0,0,0,0,0,0,0.85885,2,0,0,0,0,0,0,1.912841,0,0,-0.604937,0,0,0,0,0,0,0,0,0,0,0,0,0,0,0,0,0,0,1,0,0,0,0,0,0,0,1,0,0,0,0,0,0,0,0,0,0,0,0,0,0,0,0,-0.588193,0,0,-0.619864,0,0,0,0,0,0,0,0,0,1,1,1
1,0,0,1,0,0,0,-0.623743,0,0,1,0,0,0,0,0,-0.754985,0,0,1,0,0,0,0,0,0,0,0,0,0,0,0,1.78275,0,1,0,0,0,0,0,0.789341,0,0,-0.800621,0,0,0,0,0,0,0,0,0,0,0,0,0,0,0,0,0,0,0,0,0,0,0,0,0,0,0,0,0,0,0,0,0,0,0,0,0,0,0,0,0,0,0,-0.322305,0,0,-0.803847,0,0,0,0,0,0,0,0,1,0,1,1
0,0,0,1,0,0,0,-0.680964,0,0,0,0,0,0,0,0,-0.685246,0,0,0,1,0,0,0,0,0,0,0,0,0,0,0,1.03739,3,0,0,0,0,0,0,1.672467,0,0,-0.676984,0,0,0,0,0,0,0,0,0,0,0,0,0,0,0,0,0,0,0,0,0,0,1,0,0,0,0,0,0,0,0,0,0,0,0,0,0,0,0,0,0,0,0,-0.472808,0,0,-0.530035,0,0,0,0,0,0,0,0,0,0,1,1
0,0,0,0,0,0,0,-0.742362,0,0,0,0,0,0,0,0,-0.668107,0,0,0,1,0,0,0,0,0,0,0,0,0,0,0,1.29297,2,0,0,0,0,0,0,1.366491,0,0,-0.797102,0,0,0,0,0,0,0,0,0,0,0,1,0,0,0,0,0,0,0,0,0,0,0,0,0,0,1,0,0,0,0,0,0,0,0,0,0,0,1,0,0,0,0,-0.591994,0,0,-0.62693,0,0,0,0,0,0,0,0,0,0,1,1
0,0,0,0,0,0,0,-0.591341,0,0,0,0,0,0,0,0,-0.698838,0,0,0,0,0,0,0,0,0,0,0,0,0,0,0,0.8102,2,0,0,0,0,0,0,0.661043,0,0,-0.582053,1,0,0,0,0,0,0,0,0,0,0,0,0,0,0,0,0,0,0,0,1,0,0,0,0,0,0,0,0,1,0,0,0,0,0,0,0,0,1,0,0,0,0,-0.595351,0,0,-0.686639,0,0,0,0,0,0,0,0,0,0,0,1
0,0,0,1,0,0,0,-0.775547,0,0,0,0,0,0,0,0,-0.571622,0,0,0,0,0,0,0,0,0,0,0,0,0,0,0,1.09873,0,0,0,0,0,0,0,0.901668,0,0,-0.678779,0,0,0,0,0,0,0,0,0,0,0,0,0,0,0,0,0,0,0,0,0,0,0,0,0,0,0,0,0,0,0,0,0,0,0,0,0,0,0,0,1,0,0,-0.470738,0,0,-0.63443,0,0,0,0,0,1,0,0,0,0,0,1
0,0,0,0,0,0,0,-0.675107,0,0,0,0,0,0,0,1,-0.750027,0,0,0,0,0,0,0,0,0,0,0,0,0,0,0,0.96108,1,0,0,0,0,0,0,0.847984,0,0,-0.377827,0,0,0,0,0,0,0,0,0,0,0,0,1,0,0,0,0,0,0,0,0,0,0,0,0,0,0,0,0,0,0,0,0,0,0,0,0,0,0,0,0,0,0,-0.649459,0,0,-0.784104,0,0,0,0,0,0,0,0,1,0,0,1
0,0,0,0,0,0,0,-0.742709,0,0,0,0,0,0,0,0,-0.78728,0,0,0,0,0,0,0,0,0,0,0,0,0,0,0,1.96642,2,0,0,0,1,0,0,0.494624,0,0,-0.823571,0,0,0,0,0,0,0,0,0,0,0,0,0,0,0,0,0,0,0,1,1,1,0,0,0,0,0,0,0,0,0,0,0,0,0,0,0,0,0,0,0,0,0,-0.584062,0,0,-0.586395,0,0,0,0,0,0,0,0,0,0,1,1
0,0,0,0,0,0,0,-0.653831,0,0,0,1,0,0,0,0,-0.768921,0,0,1,0,1,1,0,0,0,0,0,0,0,0,0,1.25752,4,0,0,0,0,0,0,1.256472,0,0,-0.617964,0,0,0,0,0,0,0,0,0,0,0,0,0,0,0,1,0,0,0,0,0,0,0,0,0,0,0,0,0,0,0,0,0,0,0,0,0,0,0,0,0,0,0,9.125893,0,0,-0.683868,0,0,0,0,0,0,0,0,0,0,0,1
0,0,0,0,0,0,0,-0.582474,0,0,0,0,0,0,0,0,-0.800107,0,0,0,0,1,0,0,0,0,0,0,0,0,0,0,0.84266,1,0,0,0,0,0,0,0.564917,0,0,-0.635321,0,0,0,0,0,0,0,0,0,0,0,0,0,0,0,0,0,0,0,0,0,0,0,0,0,0,0,0,0,0,0,0,0,0,0,0,0,0,0,0,0,0,0,-0.659429,0,0,-0.733586,0,0,0,0,0,0,0,0,0,0,0,1
0,0,0,0,0,0,0,-0.815798,0,0,0,0,0,0,0,0,-0.546736,0,0,0,0,1,0,0,0,0,0,0,0,0,0,0,1.30999,3,0,0,0,0,0,0,1.090939,0,0,-0.853746,0,0,0,0,0,0,0,0,0,0,0,0,0,0,0,0,0,0,0,0,0,0,0,0,0,0,0,0,0,0,0,0,0,0,0,0,0,0,0,0,0,0,0,-0.343109,0,0,-0.458661,0,0,0,0,0,0,0,0,1,0,1,1
0,0,0,0,0,0,0,-0.721886,0,0,0,0,0,0,0,0,-0.613926,0,0,0,0,0,0,0,0,0,0,0,0,0,0,0,0.60632,0,0,0,0,0,0,0,0.761537,0,0,-0.428451,0,0,0,0,0,0,0,0,0,0,1,0,0,0,0,0,0,0,0,0,0,1,0,0,0,0,0,0,0,0,0,0,0,0,0,0,0,0,0,0,0,0,0,-0.581071,0,0,-0.622165,0,0,0,0,0,0,0,0,0,0,0,1
0,0,0,0,0,0,0,-0.704838,0,0,0,0,0,0,0,0,-0.832157,0,0,0,0,0,0,0,0,0,0,0,0,0,0,0,0.76763,0,0,0,0,0,0,0,0.734257,0,0,-0.554457,0,0,0,0,0,0,0,0,0,0,0,0,0,0,0,0,0,0,0,0,0,0,0,0,0,0,0,0,0,0,0,0,0,0,0,0,0,0,0,0,0,0,0,-0.579966,0,0,-0.642808,0,0,0,0,0,0,0,1,0,0,0,1
0,0,0,0,0,0,0,-0.599892,0,0,0,0,0,0,0,0,-0.458218,0,0,0,0,1,0,0,0,0,0,0,0,0,0,0,0.72155,1,0,0,0,1,0,0,1.363178,0,0,-0.606955,0,0,0,0,0,0,0,0,0,0,0,0,0,0,0,0,0,0,0,0,0,0,0,0,0,0,0,0,0,0,0,0,0,0,0,0,0,0,0,0,0,0,0,-0.753039,0,0,-0.701655,0,0,0,0,0,0,0,0,0,0,1,1
0,0,0,0,0,0,0,-0.638755,0,0,0,0,0,0,0,0,-0.520971,0,0,0,0,0,0,0,0,0,0,0,0,0,0,0,1.38445,1,0,0,0,0,0,0,0.772255,0,0,-0.767929,0,0,0,0,0,0,0,0,0,0,0,0,0,0,0,0,0,0,0,0,0,0,0,0,0,0,0,0,0,0,0,0,0,0,0,0,0,0,0,0,0,0,0,-0.522731,0,0,-0.857649,0,0,0,0,0,0,0,0,0,0,1,1
0,0,0,0,0,0,0,-0.722276,0,0,0,0,0,0,0,0,-0.476461,0,0,0,0,0,0,0,0,0,0,0,0,0,0,0,1.3387,4,1,0,1,0,0,0,0.720419,0,0,-0.72453,0,0,0,0,0,0,0,0,0,0,0,0,0,0,0,0,0,0,0,0,0,0,0,1,0,0,0,0,0,0,0,0,0,0,0,0,0,0,0,0,0,0,0,-0.604581,0,0,-0.58746,0,0,0,0,0,0,0,0,0,0,1,1
0,0,0,0,0,0,0,-0.723465,0,0,1,0,0,0,0,0,-0.886948,0,0,0,1,0,0,0,0,0,0,0,0,0,0,0,2.01364,3,0,0,0,0,0,0,0.947948,0,0,-0.824873,0,0,0,0,0,0,0,0,0,0,0,0,0,0,0,0,0,0,0,0,0,0,0,0,0,0,0,0,0,0,0,0,0,0,0,0,1,0,0,0,0,0,0,-0.772767,0,0,-0.607744,0,0,0,0,0,0,0,0,0,0,1,1
0,0,0,0,0,0,0,-0.598675,0,0,0,0,0,0,0,0,-0.781043,0,0,1,0,0,0,0,0,0,0,0,0,0,0,0,1.69409,2,0,0,0,0,0,0,0.697819,0,0,-0.77992,0,0,0,0,0,0,0,0,0,0,0,0,0,0,0,0,0,0,0,0,0,0,0,0,0,0,0,0,0,0,0,0,0,0,0,0,0,0,0,0,0,0,0,-0.556579,0,0,-0.69763,0,0,0,0,0,0,0,1,0,0,1,1
0,0,0,0,0,0,0,-0.632099,0,0,0,0,0,0,0,0,-0.560612,0,0,0,0,0,0,0,0,0,0,0,0,0,0,0,1.15477,6,0,0,0,0,0,0,1.721661,0,0,-0.726884,0,0,0,0,0,0,0,0,0,0,0,0,0,0,0,0,0,0,1,0,0,0,0,0,0,0,0,0,0,0,0,0,0,0,0,0,0,0,0,0,1,0,0,-0.318595,0,0,-0.581656,0,0,0,0,0,0,0,0,0,0,1,1
0,0,0,0,0,0,1,8.557208,0,0,0,0,0,0,0,0,-0.606916,0,0,0,0,0,0,0,0,0,0,0,0,0,0,0,1.19778,0,0,0,0,0,0,0,0.92257,0,0,-0.721871,0,0,0,0,0,0,0,0,0,0,0,0,0,0,0,0,0,0,0,0,0,0,0,0,0,0,0,0,1,0,0,1,0,0,0,0,0,0,0,0,0,0,0,-0.758683,0,0,-0.709996,0,0,0,0,0,0,0,0,0,1,0,1
0,0,0,0,0,0,0,-0.717849,0,0,1,0,0,0,0,0,-0.707488,0,0,0,0,0,0,0,0,0,0,0,0,0,0,0,1.2191,4,0,0,1,0,0,0,1.595364,0,0,-0.7168,0,0,0,0,1,0,0,0,0,0,0,0,0,0,1,0,0,0,0,0,0,0,0,0,0,0,0,0,0,0,0,0,0,0,0,0,0,0,0,0,0,0,0,-0.904688,0,0,-0.379886,0,0,0,0,0,0,0,0,1,0,1,1
0,0,0,0,0,0,0,-0.644059,0,0,0,0,0,0,0,1,-0.794101,0,0,0,0,0,0,0,0,0,0,0,0,0,0,0,1.39836,1,0,0,0,0,0,0,0.797351,0,0,-0.755798,0,0,0,0,0,0,0,0,0,0,0,0,0,0,0,0,0,0,0,0,1,1,0,0,0,0,0,0,0,0,0,0,0,0,0,0,0,0,0,0,0,0,0,-0.655446,0,0,-0.667444,0,0,0,0,0,0,0,0,0,1,1,1
0,0,0,0,0,0,0,-0.797956,0,0,0,0,0,0,0,0,-0.664472,0,0,0,0,0,0,0,0,0,0,0,0,0,0,0,1.11683,2,0,0,0,0,0,0,0.316394,0,0,-0.689783,0,0,0,0,0,0,0,0,0,0,0,0,0,0,0,0,0,0,0,0,0,0,0,0,0,0,0,0,0,0,0,0,0,0,0,0,0,0,0,0,0,0,0,-0.58566,0,0,-0.629863,0,0,0,0,0,0,0,0,0,1,0,1
0,0,0,0,0,0,0,-0.745683,0,0,0,0,0,0,0,0,-0.794109,0,0,0,0,0,0,0,0,0,0,0,0,0,0,0,1.17003,2,0,0,0,0,0,0,1.755143,0,0,-0.692349,0,0,0,0,0,0,0,0,0,0,0,0,0,0,0,0,0,0,0,0,0,0,0,0,0,0,0,0,0,0,0,0,0,0,0,0,0,0,0,0,0,0,0,-0.714651,0,0,7.140317,0,0,0,0,0,0,0,0,0,0,1,1
0,0,0,1,0,0,0,-0.764457,0,0,0,0,0,0,0,0,-0.619795,0,0,0,1,0,0,0,0,0,0,0,0,0,0,0,1.5143,0,0,0,1,0,0,0,1.528815,0,0,-0.777994,0,0,0,0,0,0,0,0,0,0,0,0,0,0,0,0,0,0,0,0,0,0,0,0,0,0,0,0,1,0,0,0,0,0,0,0,0,1,0,0,0,0,0,-0.6981,0,0,-0.515306,0,0,0,0,1,0,0,0,0,0,1,1
0,0,0,0,0,0,0,-0.69366,0,0,1,0,0,0,0,0,-0.621927,0,0,1,0,0,0,0,0,0,0,0,0,0,0,0,1.39478,5,0,0,1,1,0,0,1.610171,0,0,-0.755158,0,0,0,0,0,0,0,0,0,0,0,0,0,0,0,0,0,0,0,0,0,1,0,0,0,0,1,0,0,0,0,0,0,0,0,0,0,1,0,0,0,0,0,-0.733125,0,0,-0.583677,0,0,0,1,0,0,0,0,0,0,1,1
0,0,0,0,0,0,0,-0.588604,0,0,0,0,0,0,0,0,-0.617,0,0,0,0,0,0,0,0,0,0,0,0,0,1,0,1.48284,2,0,0,0,0,0,0,0.8165,1,0,-0.784468,0,0,0,0,0,0,0,0,0,0,0,0,1,0,0,0,0,1,0,0,0,1,0,0,0,0,1,0,0,1,0,0,0,0,0,0,0,0,0,0,0,0,0,-0.782268,0,0,-0.576499,0,0,0,0,0,0,0,0,0,0,0,1
0,0,1,0,0,0,0,-0.460045,0,0,1,0,1,0,0,0,-0.554208,0,0,0,0,0,0,1,0,0,0,0,0,0,0,0,2.12123,3,0,0,0,0,0,0,0.849662,0,0,-0.81171,0,0,0,0,0,0,0,0,0,0,0,0,0,0,1,0,0,0,0,0,0,0,0,0,0,0,0,0,0,0,0,0,0,0,0,0,0,1,0,0,0,0,0,-0.375412,0,0,-0.69482,0,1,0,0,0,0,0,0,0,0,0,1
0,0,0,0,0,0,0,-0.760253,0,0,0,0,0,0,0,0,-0.330438,0,0,1,0,0,0,0,0,0,0,0,0,0,0,0,0.83305,0,0,0,0,0,0,0,0.757507,0,0,-0.590303,0,0,0,0,0,0,0,0,0,0,0,0,0,0,0,0,0,0,0,0,0,0,0,0,0,0,0,0,0,0,0,0,0,0,0,0,0,0,0,0,0,0,0,-0.791749,0,0,-0.702329,0,0,0,0,0,0,0,0,0,0,0,1
0,0,0,0,0,0,0,-0.611331,0,0,0,0,0,0,0,0,-0.692711,0,0,1,0,0,0,0,0,0,0,0,0,0,0,0,1.55014,2,0,0,0,0,0,0,0.97872,0,0,-0.787533,0,0,0,0,0,0,0,0,0,0,0,0,0,0,0,0,0,0,0,0,0,0,0,0,0,0,0,0,0,0,0,0,0,0,0,0,0,0,0,1,0,0,0,-0.611979,0,0,-0.530729,0,0,0,0,0,0,0,0,0,0,1,1
0,0,0,0,0,0,0,-0.422771,0,0,0,0,0,0,0,0,-0.651389,0,1,0,0,0,0,0,0,0,0,0,0,0,0,0,1.77095,2,0,1,1,0,0,1,0.610927,0,1,-0.798183,0,0,0,0,0,0,0,0,0,0,0,0,0,0,0,0,0,0,0,0,1,0,0,0,0,0,0,0,0,0,0,0,0,0,0,0,0,0,0,0,0,0,0,-0.330523,0,0,-0.745721,0,0,0,0,0,0,0,1,0,0,0,1
1,0,0,1,0,0,0,-0.731395,0,0,0,0,0,0,0,0,-0.604129,0,0,0,1,0,0,0,0,1,0,0,0,0,0,0,1.5631,1,0,0,0,0,0,0,0.680852,0,0,-0.766309,0,0,0,0,0,0,0,0,0,0,0,0,0,0,0,0,0,0,0,0,0,0,0,0,0,0,0,0,0,0,0,0,0,0,0,0,0,0,0,0,0,0,0,0.92778,0,0,-0.482058,0,0,0,0,0,0,0,0,0,0,1,1
0,0,0,0,0,0,0,-0.670381,0,0,0,0,0,0,0,0,-0.796161,0,0,1,1,0,0,0,0,0,0,0,0,0,0,0,1.26424,4,0,0,0,0,0,0,1.982996,0,0,-0.635783,0,0,0,0,0,0,0,0,0,0,0,0,0,0,0,0,0,0,0,0,0,0,0,0,0,0,0,0,0,0,0,0,0,0,0,0,0,0,0,0,0,0,1,-0.384931,0,0,-0.800604,0,0,0,0,0,0,0,1,0,0,1,1
0,0,0,0,0,0,0,0.853909,0,0,0,0,0,0,0,1,-0.768795,0,0,0,0,0,0,0,0,0,0,0,0,0,0,0,1.43103,2,0,0,0,0,0,0,0.71645,0,0,-0.768492,0,0,0,0,0,0,0,0,0,0,0,0,0,0,0,0,0,0,1,0,0,0,0,0,0,0,0,0,0,0,0,0,0,0,0,1,0,0,0,0,0,0,0,-0.441607,0,0,-0.808411,0,0,0,0,0,0,0,0,1,0,0,1
0,0,0,0,0,0,0,-0.530318,0,0,0,0,0,0,0,1,-0.650137,0,0,0,0,0,0,0,0,0,0,0,0,0,0,0,1.47765,6,0,0,0,0,0,0,1.807074,0,0,-0.785473,0,0,0,0,0,0,0,0,0,0,0,0,0,0,0,0,0,0,0,0,0,0,0,0,0,1,1,0,0,0,0,0,1,0,1,0,0,0,0,1,0,0,0,-0.70832,0,0,-0.599351,0,0,0,0,0,0,0,0,0,0,1,1
0,0,0,0,0,0,0,-0.774262,0,0,0,0,0,0,0,0,-0.614771,0,0,0,1,1,0,0,0,0,0,0,0,0,0,0,1.19343,2,0,0,0,0,0,0,2.025104,0,0,-0.686201,0,0,0,0,0,0,0,0,0,0,0,0,0,0,0,0,0,0,0,0,0,0,0,0,0,0,0,0,0,0,0,0,0,0,0,0,0,0,0,0,1,0,0,-0.52413,0,0,-0.559059,0,0,0,0,0,0,0,0,0,0,1,1
0,0,0,0,0,0,0,2.217988,0,0,0,0,0,0,0,0,1.062783,0,0,1,0,0,0,0,0,0,0,0,0,0,0,0,1.30337,2,0,0,0,0,0,0,1.265419,0,0,-0.906454,0,0,0,0,0,0,0,0,0,0,0,0,0,0,0,0,0,0,1,0,0,0,0,0,0,1,0,0,1,0,0,0,0,0,0,0,0,0,0,0,0,0,0,-0.425001,0,0,-0.657569,0,0,0,0,0,1,0,1,0,0,0,1
0,0,0,0,0,0,0,-0.634506,0,0,0,0,0,0,0,0,-0.833387,0,0,0,0,0,0,0,0,0,0,0,0,0,0,0,0.57654,1,0,0,0,0,0,0,0.608347,0,0,-0.353731,0,0,0,0,0,0,0,0,0,0,0,0,0,0,0,0,0,0,0,0,0,0,0,0,0,1,1,0,0,0,0,0,0,0,0,0,0,1,0,0,0,0,0,-0.592081,0,0,-0.687237,0,0,0,0,0,0,0,1,0,0,0,1
1,0,0,0,0,0,0,-0.754324,0,0,0,0,0,0,0,0,-0.76802,0,0,0,0,0,0,0,0,0,0,0,0,0,0,0,1.16797,2,0,0,0,0,0,0,1.17956,0,0,-0.694776,0,0,0,0,0,0,0,0,0,0,0,0,0,0,0,0,0,0,0,0,0,0,0,0,0,0,0,0,0,0,0,0,0,0,0,0,0,0,0,0,0,1,0,-0.729217,0,0,-0.384731,0,0,0,0,0,0,0,0,0,0,1,1
0,0,0,0,0,0,0,-0.666697,0,0,0,0,0,0,0,0,-0.714917,0,0,0,0,0,0,0,0,0,0,0,0,0,0,0,0.88546,1,0,0,0,0,0,0,1.32326,0,0,-0.673882,0,0,0,0,0,0,0,0,0,0,0,0,0,1,0,0,0,0,0,0,0,0,0,0,0,0,0,0,0,0,0,0,0,0,0,0,0,1,0,0,0,0,0,-0.72622,0,0,-0.591617,0,0,0,0,0,0,0,0,0,0,1,1
0,0,0,0,0,0,0,-0.685146,0,0,0,0,0,0,0,0,-0.782472,0,0,0,0,0,0,0,0,0,0,0,0,0,0,0,1.3806,1,0,0,0,0,0,0,0.943396,0,0,-0.795285,0,0,0,0,0,0,0,0,0,0,0,0,0,0,0,0,0,0,0,0,0,0,0,0,0,0,0,0,0,0,0,0,0,0,0,0,0,0,0,0,0,0,0,-0.897975,0,0,-0.764769,0,0,0,0,0,0,0,0,0,0,0,1
0,0,0,1,0,0,0,-0.366104,0,0,0,0,0,0,1,0,-0.688149,0,0,0,0,0,0,0,0,0,0,0,0,1,0,0,1.06705,2,0,0,0,0,0,0,1.259709,0,0,-0.679917,0,0,0,0,0,0,0,0,0,0,0,1,0,0,0,0,1,0,0,0,0,0,0,0,0,0,1,0,0,0,0,0,1,0,0,0,0,0,0,0,0,0,0,-0.66778,0,0,-0.694667,0,0,0,0,0,0,0,0,0,0,1,1
0,0,0,0,0,0,0,-0.659578,0,0,0,0,0,0,0,0,-0.703188,0,0,0,1,0,0,0,0,0,0,0,0,0,0,0,0.83973,1,0,0,0,1,0,0,0.2,0,0,-0.568774,0,0,0,0,0,0,0,0,0,0,0,0,0,0,0,0,0,0,0,0,0,0,0,0,0,1,0,0,0,0,0,0,0,0,0,0,0,0,0,0,0,0,0,-0.58838,0,1,-0.675669,0,0,0,0,0,0,0,0,0,0,0,1
0,0,0,0,0,0,0,-0.735451,0,0,0,0,0,0,0,0,-0.693039,0,0,0,0,1,0,0,0,0,0,0,0,0,0,0,0.9875,5,0,0,0,0,0,0,1.929987,0,0,-0.626748,0,0,0,0,0,0,0,0,0,0,0,0,0,0,0,0,0,0,0,0,0,0,0,0,1,0,0,0,0,0,0,0,0,0,0,0,0,0,0,0,0,0,0,-0.770513,0,0,-0.642656,0,0,0,0,0,0,0,1,0,0,1,1
0,0,0,0,0,0,0,-0.422103,1,0,0,0,0,0,0,0,-0.709532,0,0,0,0,0,1,0,0,0,0,0,0,0,0,0,2.17391,4,0,0,0,0,0,0,0.755675,0,0,-0.819694,1,0,0,0,0,0,0,0,0,0,0,0,0,0,0,0,0,0,0,0,1,0,0,0,0,0,0,0,0,1,0,0,0,0,0,0,1,0,0,0,0,0,0,-0.694239,0,0,-0.752608,0,0,0,0,0,0,0,0,0,0,1,1
0,0,0,0,0,0,0,-0.569898,0,0,0,0,0,0,0,0,-0.754947,0,0,0,0,0,0,0,0,0,0,0,0,0,0,0,0.96048,0,0,0,0,0,0,0,0.243816,0,0,-0.627738,0,0,0,0,0,0,0,0,0,0,0,0,0,0,0,0,0,0,0,0,0,0,0,0,0,0,0,0,0,0,0,0,0,0,0,0,0,0,0,0,0,0,0,-0.72309,0,0,-0.744164,0,0,0,0,0,0,0,0,0,0,0,1
0,0,0,0,0,0,0,-0.739252,0,0,0,0,0,0,0,0,-0.442576,0,0,0,0,0,0,0,0,0,0,0,0,0,0,0,0.82144,0,0,0,0,0,0,0,1.302728,0,0,-0.585939,0,0,0,0,0,0,0,0,0,0,0,0,0,0,0,0,0,0,0,0,0,0,0,0,0,0,0,0,0,0,0,0,0,0,0,0,0,0,0,0,0,0,0,-0.611529,0,0,-0.501921,0,0,0,0,0,0,0,0,1,0,0,1
0,0,0,1,0,0,0,-0.59736,0,0,0,0,0,0,0,0,-0.6671,0,0,0,0,0,0,0,0,0,0,0,0,0,0,0,1.06721,1,0,0,0,0,0,0,1.487398,0,0,-0.660322,0,0,0,0,0,0,0,0,0,0,0,0,0,0,0,0,0,0,0,0,0,0,0,0,0,0,1,0,1,0,0,0,0,0,0,0,0,0,0,0,0,1,0,-0.479392,0,0,-0.70869,0,0,0,0,0,1,0,0,0,0,1,1
0,0,0,0,0,0,0,7.758371,0,0,0,0,0,0,0,1,-0.67946,0,0,0,0,0,0,0,0,0,0,0,1,0,0,0,0.8756,5,0,0,0,0,0,0,0.551752,0,0,-0.614759,0,0,0,0,0,0,0,0,1,0,0,0,0,0,0,0,0,0,0,0,0,0,0,0,0,0,0,0,1,1,0,0,0,0,0,0,0,0,0,0,0,0,0,-0.653247,0,0,-0.75938,0,0,0,0,0,0,0,0,0,0,0,1
0,0,0,0,0,0,0,-0.734283,0,0,0,0,0,0,0,0,-0.679456,0,0,0,0,0,0,0,0,0,0,0,0,0,1,0,0.80695,1,0,0,0,0,0,0,1.536687,0,0,-0.594688,0,0,0,0,0,0,0,0,0,0,0,0,0,0,0,0,0,0,0,0,0,0,0,0,0,0,0,0,0,0,0,0,0,0,0,0,0,0,0,0,0,0,0,-0.424004,0,0,-0.677844,0,0,0,0,0,0,0,0,0,1,0,1
0,0,0,0,0,0,0,-0.435169,0,0,0,0,0,0,0,0,-0.65083,0,0,1,0,0,0,0,0,0,0,0,0,0,0,0,1.03921,4,0,0,0,0,0,0,2.393999,0,0,-0.656264,1,0,0,0,0,0,0,0,0,0,0,0,0,0,0,1,0,0,0,0,0,0,0,0,0,0,1,0,0,0,0,0,0,0,1,0,0,0,0,0,0,0,0,-0.63958,0,0,-0.515963,0,0,0,0,0,0,0,0,0,0,0,1
0,0,0,0,0,0,0,-0.593578,0,0,0,0,0,0,0,0,-0.764533,0,0,0,1,0,0,0,0,0,0,0,0,0,0,0,1.38661,3,0,0,0,0,0,0,1.035124,0,0,-0.757992,0,0,0,0,0,0,0,0,0,0,0,0,0,0,0,0,0,0,0,0,0,1,0,0,0,1,0,0,0,0,0,0,0,0,0,0,0,0,0,1,0,0,0,-0.803333,0,0,-0.718648,0,0,0,0,0,1,0,0,1,0,1,1
0,0,0,0,0,0,0,-0.699067,0,0,0,0,0,0,0,0,-0.453892,0,0,0,0,0,0,0,0,0,0,0,0,0,0,0,1.10155,1,0,0,0,0,0,0,1.212532,0,0,-0.727419,0,0,0,0,0,0,0,1,0,0,1,1,0,0,0,0,0,0,0,0,1,0,0,0,0,0,0,0,0,0,0,0,0,0,0,0,0,0,0,0,0,0,0,-0.555344,0,0,-0.761192,0,0,0,0,0,0,0,0,0,1,1,1
0,0,0,0,0,0,0,-0.73107,0,0,0,0,0,0,0,0,-0.389455,0,0,1,0,0,0,0,0,0,0,0,0,0,0,0,1.35057,6,0,0,0,0,0,0,1.375718,0,0,-0.743119,0,0,0,0,0,0,0,0,0,0,0,0,0,0,0,0,0,0,0,0,0,0,0,0,0,0,0,0,1,0,0,0,0,0,0,0,0,0,0,0,0,1,0,-0.707564,0,0,-0.63148,0,0,0,0,0,0,0,0,1,0,1,1
0,0,0,0,0,0,0,-0.683123,0,0,0,0,0,0,0,0,-0.672901,0,0,0,0,0,0,0,0,0,0,0,0,0,0,0,1.06063,3,0,0,1,0,0,0,1.859982,0,0,-0.664678,0,0,0,0,0,0,0,0,0,0,1,1,0,0,0,0,0,0,0,0,0,0,0,0,0,0,0,0,0,0,0,0,0,0,0,0,0,0,0,0,0,0,0,-0.610907,0,0,-0.827381,0,0,0,0,0,0,0,0,0,1,1,1
0,0,0,0,0,0,0,-0.821539,0,0,0,0,1,0,0,0,-0.769788,0,0,0,0,0,0,0,0,0,0,0,0,0,0,0,1.13285,2,0,0,0,0,0,0,1.835244,0,0,-0.632038,0,0,0,0,0,0,0,0,0,0,0,0,0,0,0,0,0,0,0,0,1,0,0,0,0,0,0,0,0,0,0,0,0,0,0,0,0,0,0,0,0,0,0,-0.67133,0,0,-0.670538,0,0,0,0,0,0,0,0,0,0,1,1
0,0,0,0,0,0,0,-0.734244,0,0,0,0,0,0,0,0,-0.369227,0,0,1,0,0,0,1,0,0,0,0,0,0,0,0,0.86942,4,0,0,0,0,0,0,2.484019,0,0,-0.596102,0,0,0,0,0,0,0,0,0,0,0,0,0,0,0,0,0,0,0,0,0,1,0,0,0,0,0,0,0,0,0,0,0,0,0,0,0,0,0,0,0,0,0,-0.744634,0,0,-0.782514,0,0,0,0,0,0,0,0,1,0,1,1
0,0,0,0,0,0,0,-0.651838,0,0,0,0,0,0,0,0,-0.823755,0,0,0,0,0,0,0,0,0,0,0,0,0,0,0,0.84353,0,0,0,0,0,0,0,0.252766,0,0,-0.639432,0,0,0,0,0,0,0,0,0,0,0,0,0,0,0,0,0,0,0,0,0,0,0,0,0,1,0,0,0,0,0,0,0,0,0,0,0,0,0,0,0,0,0,-0.731835,0,0,-0.601539,0,0,0,0,0,0,0,0,1,0,0,1
0,0,0,0,0,0,0,8.784847,0,0,0,0,0,0,0,0,-0.720208,0,0,0,1,0,0,0,0,0,0,0,0,0,0,0,0.90285,1,0,0,0,0,1,0,0.247935,0,0,-0.627003,0,0,0,0,0,0,0,0,0,0,0,0,0,0,0,0,0,0,0,0,0,0,0,0,0,0,0,0,1,0,0,0,0,0,0,0,0,0,0,0,0,0,0,-0.818852,0,0,-0.741671,0,0,0,0,0,1,0,0,0,0,0,1
0,0,0,0,1,0,0,-0.66937,0,0,0,0,0,0,0,0,-0.902924,0,0,0,0,0,0,0,0,1,0,0,0,0,0,0,0.85933,0,0,0,0,0,0,0,0.213154,0,0,-0.699996,0,0,0,0,0,0,0,0,0,0,0,0,0,0,0,0,0,0,0,0,0,0,0,0,0,0,0,0,0,0,0,0,0,0,0,0,0,0,0,0,0,0,0,-0.725164,0,0,-0.596673,0,0,0,0,0,0,0,0,0,0,0,1
0,0,0,0,0,0,0,-0.617022,0,0,0,0,0,0,0,0,-0.841364,0,0,0,0,0,0,0,0,0,0,0,0,0,0,0,0.79971,0,0,0,0,0,0,0,0.316854,0,0,-0.579401,0,0,0,0,0,0,0,0,0,0,0,0,0,0,0,0,0,0,0,0,0,0,0,0,0,0,0,0,0,0,0,0,0,0,1,0,0,0,0,0,0,0,0,0.795816,0,0,-0.697512,0,0,0,0,0,0,0,0,0,1,0,1
0,0,0,0,0,0,0,-0.44446,0,0,0,0,0,0,0,0,-0.788368,0,0,0,0,0,0,0,0,0,0,0,0,0,0,0,1.37454,1,0,0,0,0,0,0,0.59085,0,0,-0.754587,0,0,0,0,0,0,0,0,0,0,0,0,0,0,0,0,0,0,0,1,0,0,0,0,0,0,0,0,0,0,0,0,0,0,0,0,0,0,0,0,0,0,0,-0.473102,0,0,-0.766408,0,0,0,0,0,0,0,0,0,0,1,1
0,0,0,0,0,0,0,-0.765256,0,0,0,0,0,0,0,0,-0.589048,0,0,0,1,0,0,0,0,0,0,0,0,0,0,0,0.80986,0,0,0,0,0,0,0,1.161772,0,0,-0.606714,0,0,0,0,0,0,0,0,0,0,0,0,0,0,0,0,0,0,0,0,0,0,0,0,0,0,0,0,0,0,0,0,0,0,0,0,0,0,0,0,0,0,0,-0.62323,0,0,-0.694121,0,0,0,0,0,0,0,0,0,0,0,1
0,0,0,0,0,0,0,-0.705887,0,0,0,0,0,0,0,0,3.540187,0,0,0,0,0,0,0,0,0,0,0,0,0,0,0,0.56084,0,0,0,0,0,0,0,0.819556,0,0,-0.381725,0,0,0,0,0,0,0,0,0,0,0,0,0,0,0,0,0,0,0,0,1,0,1,0,0,0,0,0,0,0,0,0,0,0,0,0,0,0,0,0,0,0,0,-0.745369,0,0,-0.773265,0,0,0,0,0,0,0,0,0,0,0,1
0,0,0,0,0,0,0,-0.711804,0,0,0,0,0,0,0,0,-0.599034,0,0,0,0,0,0,0,0,0,0,0,0,0,0,0,1.10386,2,0,0,0,0,0,0,0.909738,0,0,-0.646628,0,0,0,0,0,0,0,0,0,0,0,0,0,0,0,0,0,0,0,0,0,0,0,0,0,0,1,0,0,0,0,0,0,0,0,0,0,0,0,0,0,1,0,-0.636941,0,0,-0.858843,0,0,0,0,0,0,0,0,0,0,0,1
0,0,0,0,0,0,0,-0.506836,0,0,0,0,0,0,0,0,-0.586329,0,0,0,0,0,0,0,0,0,0,0,0,0,0,0,1.00928,2,0,0,0,1,0,0,1.934154,0,0,-0.698715,0,0,0,0,0,0,0,0,0,0,0,1,0,0,0,0,0,0,0,0,0,0,0,0,0,0,0,0,0,0,0,1,0,0,0,0,0,0,0,0,0,0,0,-0.832368,0,0,-0.690089,0,0,0,0,0,0,0,0,1,0,1,1
0,0,0,0,0,0,0,-0.63205,0,0,0,0,0,0,0,0,-0.691608,1,0,0,0,0,0,0,0,0,0,0,0,0,0,0,1.42681,6,0,0,1,0,0,0,0.228402,0,0,-0.75477,0,0,0,0,0,0,0,0,0,0,0,0,0,0,0,0,0,0,0,0,0,0,0,0,0,0,0,0,0,0,0,0,0,0,0,1,0,0,0,0,0,0,0,-0.571557,0,0,-0.584363,0,1,0,0,0,0,0,0,0,0,0,1
0,0,0,0,0,0,0,-0.624774,0,0,0,0,0,0,0,0,-0.660687,0,0,0,0,0,0,0,0,0,0,0,0,0,0,0,0.96597,0,0,0,0,0,0,0,1.28011,0,0,-0.645203,0,0,0,0,0,0,0,0,0,0,0,0,0,0,0,0,0,0,0,0,0,0,0,0,0,0,0,0,0,0,0,0,0,0,1,0,0,0,0,0,0,0,0,8.666573,0,0,-0.683664,0,0,0,0,0,0,0,0,0,0,1,1
0,0,0,0,0,0,0,-0.523186,0,0,0,0,0,0,0,0,-0.649904,0,0,0,0,0,0,0,0,0,0,0,0,0,0,0,0.77656,0,0,0,0,0,0,0,1.6886,0,0,-0.583042,0,0,0,0,0,0,0,0,0,0,0,0,0,0,0,0,0,0,0,0,0,0,0,0,0,0,0,0,0,0,0,0,0,0,0,0,0,0,0,0,0,0,0,-0.579462,0,0,-0.522065,0,0,0,0,0,1,0,0,0,0,0,1
0,0,0,0,0,0,0,-0.633215,0,0,0,0,0,0,0,0,-0.787596,0,0,1,1,0,0,0,0,0,0,0,0,0,0,0,1.20527,0,0,0,0,0,0,0,2.146438,0,0,-0.701339,0,0,0,0,0,0,1,0,0,0,0,0,0,0,0,0,0,0,0,0,0,0,0,0,0,0,0,0,0,0,0,0,0,0,0,0,0,0,0,0,0,0,0,-0.660554,0,0,-0.79358,0,0,0,0,0,0,0,0,0,0,1,1
0,0,0,0,0,0,0,-0.739461,0,0,0,0,0,0,0,0,-0.643805,0,0,0,0,0,0,0,0,0,0,0,0,0,0,0,1.36785,5,1,0,0,0,0,0,1.159506,0,0,-0.71873,0,0,0,0,0,0,0,0,0,0,0,0,0,0,0,0,1,0,0,0,0,0,0,0,0,0,0,0,0,0,1,0,0,0,0,0,0,0,0,0,0,0,0,-0.376026,0,0,-0.73156,0,0,0,0,0,0,0,0,0,0,0,1
0,0,0,0,0,0,0,-0.683522,0,0,0,0,0,0,0,1,-0.661036,0,0,0,0,0,0,0,0,0,0,0,0,0,0,0,0.99854,2,0,0,0,1,0,0,2.145374,0,0,-0.652248,0,0,0,0,0,0,0,0,0,0,0,0,0,0,0,0,0,0,1,1,0,0,0,0,0,0,0,0,0,0,0,0,0,0,0,0,0,0,0,0,0,0,0,-0.523149,0,0,-0.716335,0,0,0,0,0,0,0,0,0,0,1,1
0,0,0,0,0,0,0,-0.542791,0,0,0,0,0,0,0,0,-0.641481,0,0,0,0,0,0,0,0,0,0,0,0,0,0,0,1.38261,0,0,0,0,0,0,0,0.714881,0,0,-0.750544,0,1,0,0,0,0,0,0,0,0,0,0,0,0,0,0,0,0,0,0,0,0,0,0,0,0,0,0,0,0,0,0,0,0,0,0,0,0,0,0,0,0,0,-0.746756,0,0,-0.749894,0,0,0,0,0,0,0,0,0,0,0,1
0,0,0,0,0,0,0,-0.542542,0,0,0,0,0,0,0,0,-0.660058,0,0,1,1,0,0,0,0,0,0,0,0,0,0,0,1.55126,2,0,0,0,0,0,0,0.769094,0,0,-0.765277,0,0,0,0,0,0,0,0,0,0,0,0,0,0,0,0,0,0,0,0,0,0,0,0,0,0,0,0,0,0,0,0,0,0,0,0,0,1,0,0,0,0,0,-0.59134,0,0,-0.687769,0,0,0,0,0,0,0,0,0,0,1,1
0,0,0,0,0,0,0,-0.382084,0,0,0,0,0,0,0,0,-0.634388,0,0,0,0,0,0,0,0,0,0,0,0,0,0,0,0.95697,0,0,0,0,1,0,0,0.203873,0,0,-0.619425,0,0,0,0,0,0,0,0,0,0,0,0,0,0,0,0,0,0,0,0,0,0,1,0,0,0,0,0,0,0,0,0,0,0,0,0,0,0,0,0,0,0,0,-0.681072,0,0,-0.540048,0,0,0,0,0,0,0,0,0,0,0,1
0,0,0,0,0,1,1,-0.687683,0,0,0,0,0,0,1,0,-0.558402,0,0,0,1,0,0,0,0,0,0,1,0,0,0,0,1.30339,1,0,0,0,1,0,0,0.88228,0,0,-0.660228,0,0,0,0,0,0,0,0,0,1,0,0,0,0,1,0,0,0,0,0,0,0,0,0,0,0,0,1,0,0,0,0,0,0,0,0,0,0,0,0,0,0,0,-0.763679,0,0,-0.780222,0,0,0,0,0,0,0,0,0,0,1,1
0,0,0,0,0,0,0,-0.868225,0,0,0,0,0,0,0,0,-0.735149,0,0,0,0,0,0,0,0,0,0,0,0,0,0,0,1.20327,0,0,0,0,1,0,0,0.511296,0,0,-0.688569,0,0,0,0,0,0,0,0,0,0,0,0,0,0,0,0,0,0,0,0,0,0,0,0,0,0,0,0,0,0,0,0,0,0,0,0,0,0,0,0,1,0,0,-0.672508,0,0,-0.565138,0,0,0,0,0,0,0,0,0,0,0,1
0,0,0,1,0,0,0,-0.61834,0,0,0,0,0,0,0,0,-0.680804,0,0,0,0,1,0,0,0,0,0,0,0,0,0,0,1.26605,0,0,0,0,1,0,0,0.420848,0,0,-0.728029,0,0,0,0,0,0,0,0,0,0,0,0,0,0,0,0,0,0,0,0,0,1,0,0,0,0,0,0,0,0,0,0,0,0,0,0,0,0,0,0,0,0,0,-0.588351,0,0,-0.86198,0,0,0,0,0,0,0,0,0,0,1,1
0,0,1,0,0,0,0,-0.757485,0,0,0,0,0,0,0,1,-0.683938,0,0,1,1,0,0,0,0,0,0,0,0,0,0,0,1.31658,1,0,0,0,0,0,0,0.233459,0,0,-0.720219,0,0,0,0,1,0,1,0,0,0,0,0,0,0,0,0,0,0,0,0,0,0,0,0,0,0,0,0,0,0,0,0,0,0,0,0,0,0,0,0,0,0,0,-0.764706,0,0,-0.742242,0,0,0,0,0,0,0,1,0,0,1,1
0,0,0,0,0,0,0,-0.613098,0,0,0,0,0,0,0,0,-0.772091,0,0,0,0,0,0,0,0,0,0,0,0,0,0,0,1.67151,0,0,0,0,0,0,0,0.932192,0,0,-0.82714,0,0,0,0,0,0,0,0,0,0,0,0,0,0,0,0,0,0,0,0,0,0,0,0,0,0,0,0,0,0,0,0,0,0,0,0,0,0,0,0,0,0,0,-0.56282,0,0,-0.653223,0,0,0,0,0,0,0,0,0,0,1,1
0,0,0,0,0,0,0,-0.270439,0,0,0,0,0,0,0,0,-0.664768,0,0,0,0,0,0,0,0,0,0,0,0,0,0,0,1.51478,3,0,0,0,0,0,0,1.082304,0,0,-0.772665,1,0,0,0,0,0,0,0,0,0,0,0,0,0,0,0,0,0,0,0,0,0,0,0,0,0,0,0,0,0,0,0,0,0,0,0,0,0,0,0,0,0,0,-0.554816,0,0,-0.587311,0,0,0,0,0,0,0,0,0,0,0,1
0,0,0,0,0,0,0,-0.805887,0,0,0,0,0,0,0,0,-0.77849,0,0,0,0,0,0,0,0,0,0,0,0,0,0,0,0.76957,0,0,0,0,1,0,0,0.289202,0,0,-0.543259,0,0,0,0,0,0,0,0,0,0,0,0,0,0,0,0,0,0,0,0,0,0,0,0,0,0,0,0,0,0,0,0,0,0,0,0,0,0,0,0,0,0,0,-0.753333,0,0,-0.753354,0,0,0,0,0,0,0,0,1,0,0,1
0,0,0,0,0,0,0,-0.550382,0,0,0,0,0,0,0,0,-0.678155,0,0,0,0,0,0,0,0,0,0,0,0,0,0,0,0.50411,1,0,0,0,0,0,0,0.714446,0,0,-0.200365,0,0,0,0,0,0,0,0,0,0,0,0,0,0,0,0,0,0,0,1,0,0,0,0,0,0,0,0,0,0,0,0,0,0,0,0,0,0,1,0,0,0,0,-0.621313,0,0,-0.735483,0,0,0,0,0,0,0,0,0,0,0,1
0,0,0,0,0,0,0,-0.671322,0,0,0,0,0,0,0,0,0.176661,0,0,0,1,0,0,0,0,0,0,0,0,0,0,0,1.15507,2,0,0,0,0,0,0,1.357546,0,0,-0.687514,0,0,0,0,0,0,0,0,0,0,0,0,0,0,0,0,0,0,0,0,0,0,0,0,0,0,0,0,0,0,0,0,0,1,0,1,0,0,0,0,0,0,0,-0.682564,0,0,-0.772646,0,0,0,0,0,0,0,1,0,0,1,1
0,0,0,0,0,0,0,-0.603534,0,0,0,0,0,0,0,0,-0.752511,0,0,0,0,0,0,0,0,0,1,0,0,0,0,0,0.74591,2,0,0,0,0,0,0,2.986745,0,0,-0.479999,0,0,0,0,0,0,0,0,0,0,0,0,0,0,0,0,0,0,0,0,0,0,1,0,0,1,1,0,0,0,0,0,0,0,0,0,0,0,0,0,0,0,0,-0.574303,0,0,-0.565139,0,0,0,0,0,0,0,0,0,0,0,1
0,0,0,0,0,0,0,-0.723077,0,0,0,0,0,0,0,0,-0.642602,0,0,0,0,0,0,0,0,0,0,0,0,0,1,0,1.34931,0,0,0,0,0,0,0,0.636665,0,0,-0.796492,0,0,0,0,0,0,0,0,0,0,0,0,0,0,0,0,0,0,0,0,0,0,0,0,0,0,0,0,1,0,0,0,0,0,0,0,0,0,0,0,0,1,0,-0.399301,0,0,-0.591177,0,0,0,0,0,0,0,0,0,0,1,1
0,0,0,0,0,0,0,-0.557957,0,0,0,0,0,0,0,0,-0.76142,0,1,0,0,0,0,0,0,0,0,0,0,0,0,0,1.05122,3,0,0,0,0,0,0,1.441901,0,0,-0.673603,0,0,0,0,0,0,0,0,0,0,0,0,0,0,0,0,0,0,0,0,0,0,0,0,0,0,0,0,0,0,0,0,0,0,0,0,0,0,0,0,0,0,0,-0.718711,0,0,-0.571306,0,0,0,0,0,0,0,1,0,0,1,1
0,0,0,0,0,0,0,-0.629425,0,0,0,0,0,0,0,0,-0.637912,0,0,0,0,0,0,0,0,0,0,0,0,0,0,0,1.38725,4,0,0,0,0,0,0,0.992636,0,0,-0.735999,0,0,0,0,0,0,0,0,0,0,0,0,0,0,0,0,0,0,0,0,0,0,0,0,0,0,0,0,0,0,0,0,0,0,0,0,0,0,0,0,0,0,0,-0.693699,0,0,-0.610175,0,0,0,0,0,0,0,0,1,0,1,1
0,0,0,0,0,0,0,-0.620214,0,0,0,0,0,0,0,0,-0.732304,0,0,0,0,0,0,0,0,0,0,0,0,0,0,0,1.27484,1,0,0,0,0,0,0,0.817106,0,0,-0.727408,0,0,0,0,0,0,0,0,0,0,0,0,0,0,0,0,1,0,0,0,0,0,0,0,0,0,0,0,0,0,0,0,0,0,0,0,0,0,0,0,0,0,0,-0.568492,0,0,-0.794202,0,0,0,0,0,0,0,0,0,0,1,1
0,0,0,0,0,0,0,-0.67843,0,0,0,0,0,0,0,1,-0.610746,0,0,1,0,0,0,0,0,0,0,0,0,0,0,0,1.36617,3,0,0,0,0,0,0,1.393996,0,0,-0.755144,0,0,0,0,0,0,0,0,0,0,0,0,0,0,0,0,0,0,0,0,0,0,0,1,0,0,0,0,0,0,0,0,0,0,0,0,0,0,0,0,0,1,0,-0.658434,0,0,-0.55369,0,0,0,0,0,0,0,0,0,0,0,1
0,0,0,0,0,0,0,-0.578295,0,0,0,0,0,0,0,0,-0.361247,0,0,0,0,0,0,0,1,0,0,0,0,0,0,0,2.01146,2,0,0,0,0,0,0,0.946153,0,0,-0.824975,0,0,1,0,0,0,0,0,0,0,0,0,0,0,0,0,0,0,1,0,0,0,0,0,0,0,0,0,1,0,0,0,0,0,0,0,0,0,0,0,0,0,0,-0.777412,0,0,-0.725627,0,1,0,0,0,0,0,0,0,0,1,1
0,0,0,0,0,0,0,-0.716611,0,0,0,0,0,0,0,0,-0.624526,0,0,0,0,0,0,0,0,0,0,0,0,0,0,0,0.84973,0,0,0,0,0,0,0,0.708245,0,0,-0.485722,0,0,0,0,0,0,0,0,0,0,1,0,0,0,0,0,0,0,0,0,0,0,0,0,0,1,0,0,0,0,0,0,0,0,0,0,0,1,0,0,0,0,0,-0.563628,0,0,-0.737202,0,0,0,0,0,0,0,0,0,0,0,1
0,0,0,0,0,0,0,-0.741137,0,0,0,1,0,0,0,0,-0.610291,0,0,0,0,0,0,0,0,0,0,1,0,0,0,0,1.81896,1,0,0,0,0,0,0,0.522265,0,0,-0.83595,0,0,0,0,0,0,0,0,0,1,0,0,0,0,0,0,0,0,0,0,0,0,0,0,0,0,0,1,0,0,1,0,0,0,0,0,0,0,0,0,0,0,0,-0.61231,0,0,-0.763656,0,0,0,0,0,0,0,0,0,0,0,1
0,0,0,0,0,0,0,-0.600668,0,0,0,0,0,0,0,0,-0.672793,0,0,0,0,0,0,0,0,0,0,0,0,0,0,0,0.70002,1,0,0,0,0,0,0,1.394484,0,0,-0.506601,0,1,0,0,0,0,0,0,0,0,0,0,0,0,0,0,0,0,0,0,0,0,0,0,0,0,0,0,0,0,0,0,0,0,0,0,0,0,0,0,0,0,0,-0.18319,0,0,-0.654968,0,0,0,0,0,0,0,0,0,0,1,1
0,0,0,0,0,0,0,-0.279701,0,0,0,0,0,0,0,0,-0.477766,0,0,0,0,0,0,0,0,0,0,0,0,0,0,0,0.91909,0,0,0,0,0,0,0,0.594708,0,0,-0.629839,0,0,0,0,0,0,0,0,0,0,0,0,0,0,0,0,0,0,0,0,0,1,0,0,0,0,0,0,0,0,0,0,0,0,0,0,0,0,0,0,0,0,0,-0.62268,0,0,-0.583168,0,0,0,0,0,1,0,0,0,0,0,1
0,0,0,0,0,0,0,-0.663309,0,0,0,0,0,0,0,0,-0.732212,0,0,0,0,0,0,0,0,0,0,0,0,0,0,0,1.24248,1,0,0,0,0,0,0,0.539769,0,0,-0.477145,0,0,0,0,0,0,0,0,0,0,0,0,0,0,0,0,0,0,0,0,1,0,0,0,0,0,0,0,0,0,0,0,0,0,0,0,0,0,0,1,1,0,0,-0.695926,0,0,-0.593239,0,0,0,0,0,0,0,1,0,0,1,1
0,0,0,0,0,0,1,-0.701394,0,0,0,0,0,0,0,0,-0.640171,0,0,0,0,0,0,0,0,0,0,0,0,0,0,0,1.59245,8,0,1,0,0,0,0,2.055301,0,0,-0.781577,0,0,0,1,0,1,0,0,0,0,0,0,0,0,0,0,0,0,0,0,0,0,1,0,0,0,0,0,0,0,0,0,0,0,0,0,0,0,0,0,0,0,0,-0.500503,1,0,-0.635583,0,0,0,0,0,0,0,0,1,0,1,1
0,0,0,0,0,0,0,-0.589421,0,0,0,0,0,0,0,0,-0.679509,0,0,0,0,0,0,0,0,0,0,0,0,0,1,0,2.36983,3,0,0,0,0,0,0,0.199114,0,0,-0.773723,0,0,0,0,1,0,0,0,0,0,0,0,0,0,0,0,0,0,0,0,0,1,0,0,0,0,0,0,0,0,0,0,0,0,0,0,0,0,0,0,0,0,0,-0.536791,0,0,-0.608392,0,0,0,0,0,0,0,0,0,0,1,1
0,0,0,0,0,0,0,-0.767312,0,0,0,0,0,0,0,0,-0.563929,0,0,0,0,0,0,0,0,0,0,0,0,0,0,0,1.35077,1,0,0,0,0,0,0,0.488716,0,0,-0.742452,0,0,0,0,0,0,0,0,0,0,0,0,0,0,0,0,0,0,0,0,0,0,0,0,0,0,0,0,0,0,0,0,0,0,0,0,0,0,0,0,0,0,0,-0.586938,0,0,-0.59656,0,0,0,0,0,0,0,0,0,0,1,1
0,0,0,0,0,0,0,-0.719161,0,0,0,0,0,0,0,1,-0.621479,0,0,0,0,0,0,0,0,0,0,0,0,0,0,0,1.37646,4,0,0,0,0,0,0,1.055707,0,0,-0.75304,1,0,0,0,0,0,0,0,0,0,0,0,0,0,0,0,0,1,0,0,0,0,0,0,1,0,0,0,0,0,0,0,0,0,0,0,0,0,0,0,0,0,0,-0.559764,0,0,-0.655623,0,0,0,0,0,0,0,0,0,0,1,1
0,0,0,0,0,0,0,-0.761517,0,0,0,0,0,0,0,0,-0.769699,0,0,0,0,0,0,0,0,0,0,0,0,0,0,0,1.52006,2,0,0,1,0,0,0,1.104831,0,0,-0.769327,0,0,0,0,0,0,0,0,0,0,0,0,0,0,0,0,0,0,0,0,0,0,0,0,0,0,0,0,0,0,0,0,0,0,0,0,0,0,0,0,0,0,0,-0.604734,0,0,-0.461448,0,0,0,0,0,0,0,0,0,0,1,1
0,0,0,0,0,0,0,-0.440384,0,0,0,0,0,0,0,0,-0.671772,0,0,1,0,0,0,0,0,0,0,0,0,0,1,0,0.93983,1,0,0,1,0,0,0,0.539399,0,0,-0.650498,0,1,0,0,0,0,0,0,0,0,1,0,0,0,0,0,0,0,0,0,0,0,0,0,0,1,0,0,0,0,0,0,0,0,0,0,0,0,0,0,0,1,0,-0.732617,0,0,-0.533971,0,0,0,0,0,0,0,0,0,0,0,1
0,0,0,0,1,0,0,-0.774191,0,0,0,0,0,0,0,0,-0.838809,0,0,0,0,0,0,1,0,0,0,0,0,0,0,0,1.48471,3,0,0,0,0,0,0,1.135363,0,0,-0.821232,0,0,0,0,0,0,0,0,0,0,0,0,0,0,0,0,0,0,0,0,0,0,0,0,0,0,0,0,0,0,0,0,0,1,0,0,0,0,0,0,1,0,0,-0.609595,0,0,-0.545818,0,0,0,0,0,0,0,0,0,0,0,1
0,0,0,0,0,0,0,-0.785714,0,0,0,0,0,0,0,0,-0.645282,0,0,0,0,0,0,0,0,0,0,0,0,0,0,0,1.15362,2,0,0,0,0,0,0,0.893407,0,0,-0.698683,0,0,0,0,0,0,0,0,0,0,0,0,0,0,0,0,0,0,0,0,0,0,0,0,0,0,0,0,0,0,0,0,0,0,0,0,0,0,0,0,0,0,0,-0.754605,0,0,-0.82196,0,0,0,0,0,0,0,0,0,0,1,1
0,0,0,0,0,0,0,-0.6288,0,0,0,0,0,0,0,0,-0.697232,0,0,0,0,0,0,0,0,0,0,0,0,0,0,0,0.93949,4,0,0,1,1,0,0,0.575758,0,0,-0.658611,0,0,0,0,0,0,0,0,0,0,0,1,0,0,0,0,0,0,0,0,1,0,0,0,0,0,1,0,0,0,0,0,0,0,1,0,0,0,0,0,0,0,0,-0.659189,0,0,-0.731527,0,0,0,0,0,0,0,0,0,0,0,1
0,0,0,1,0,0,0,-0.714979,0,0,0,0,0,0,0,0,-0.648912,0,0,0,0,0,0,0,0,0,0,0,0,0,0,0,1.31799,0,0,0,0,0,0,0,0.281205,0,0,-0.670873,0,0,0,0,0,0,0,0,0,0,0,0,0,0,0,0,0,0,0,0,0,0,0,0,0,0,0,0,0,0,0,0,0,0,0,0,0,0,0,0,0,0,0,-0.778014,0,0,-0.567292,0,0,0,0,0,0,0,0,0,0,0,1
0,0,0,0,0,0,0,-0.714887,0,0,0,0,1,0,0,0,-0.748995,0,0,0,0,0,0,0,0,0,0,0,0,0,0,0,1.01337,0,0,0,0,0,0,0,0.717671,0,0,-0.669971,0,0,0,0,0,0,0,0,0,0,0,0,0,0,0,0,0,0,0,0,0,0,0,0,0,0,0,0,0,0,0,0,0,0,0,0,0,1,0,0,0,0,0,-0.5867,0,0,-0.678517,0,0,0,0,0,0,0,0,0,1,0,1
0,0,0,0,0,0,0,-0.6196,0,0,0,0,0,0,0,0,-0.778104,0,0,0,0,0,0,0,0,0,0,0,0,0,0,0,1.17024,2,0,0,0,0,0,0,1.146505,0,0,-0.717754,0,0,0,0,0,0,0,0,0,0,0,0,0,0,0,0,0,0,0,0,0,0,0,0,0,0,0,0,0,0,0,0,0,0,0,0,0,0,1,1,0,0,0,-0.613207,0,0,-0.650593,0,1,0,0,0,0,0,0,0,0,1,1
0,0,0,0,0,0,0,-0.63195,0,0,0,0,0,0,0,0,-0.542613,0,0,0,0,0,0,0,0,0,0,0,0,0,0,0,0.98926,6,0,0,0,0,0,0,1.212359,0,0,-0.757806,1,0,0,0,0,0,0,0,0,0,1,0,0,0,0,0,0,0,0,0,1,0,0,0,0,0,0,0,0,0,0,0,0,1,0,0,0,0,0,0,0,0,0,-0.613454,0,0,-0.573639,0,0,0,0,0,0,0,0,0,0,1,1
0,0,0,0,0,0,0,-0.542133,0,0,0,0,0,0,0,0,8.3048,0,0,1,0,0,0,0,1,0,0,0,0,0,0,0,1.29394,5,0,0,0,0,0,0,1.950821,0,0,-0.736802,0,0,0,0,0,0,0,0,0,0,0,0,0,0,0,0,0,0,0,0,0,0,0,0,1,0,0,0,0,0,0,0,0,0,0,0,0,0,0,0,0,0,0,-0.836394,1,0,-0.576843,0,0,0,0,0,0,0,0,0,0,1,1
0,0,0,0,0,0,0,-0.704471,0,0,0,0,0,0,0,0,-0.634003,0,0,0,0,0,0,0,0,0,0,0,0,0,0,0,1.0039,0,0,0,0,0,0,0,0.619654,0,0,-0.636491,0,0,0,0,0,0,0,0,0,0,0,0,0,1,0,0,0,0,0,0,0,0,0,0,0,0,0,0,0,0,0,0,0,0,0,0,0,0,0,0,0,0,0,-0.676144,0,0,-0.839834,0,0,0,0,0,0,0,0,0,1,0,1
0,0,0,0,0,0,0,-0.539922,0,0,0,0,0,0,0,0,-0.664709,0,0,0,0,0,0,0,0,0,0,0,0,0,0,0,0.75865,0,0,0,0,0,0,0,0.82581,0,0,-0.45527,0,1,0,0,0,0,0,0,0,0,0,0,0,0,0,0,0,0,0,0,1,0,0,0,0,0,0,0,0,0,0,0,0,0,0,0,0,0,0,0,0,0,0,-0.652068,0,0,-0.688334,0,0,0,0,0,0,0,0,0,0,0,1
0,0,0,0,0,1,0,-0.681356,0,0,0,0,0,0,0,0,-0.677069,0,0,0,0,0,0,0,0,0,0,1,0,0,0,0,1.57474,6,0,0,0,0,0,0,1.578108,0,0,-0.772959,0,0,0,0,0,0,0,1,0,0,0,0,0,0,0,0,0,0,0,0,0,0,0,0,0,0,0,1,0,0,0,0,0,0,0,0,0,0,0,0,0,0,1,-0.745199,0,0,-0.742076,0,0,0,0,0,0,0,0,0,1,1,1
0,0,0,0,0,0,0,-0.702317,0,0,0,0,0,0,0,0,-0.752572,0,0,0,0,0,0,0,1,0,0,0,0,0,0,0,1.18993,1,0,0,1,0,0,0,0.192318,0,0,-0.717896,0,0,0,0,0,0,0,0,0,0,0,0,0,0,0,0,0,0,0,0,0,1,1,0,0,0,0,0,0,0,0,0,0,0,0,0,0,0,0,0,0,0,0,-0.71462,0,0,-0.773988,0,0,0,0,1,0,0,1,0,0,1,1
0,0,0,0,0,0,0,-0.659076,0,0,0,0,0,0,0,0,-0.656825,0,0,0,0,0,0,0,0,0,0,0,0,1,0,0,1.19537,2,0,0,0,0,0,0,1.426904,0,0,2.843724,0,0,0,0,0,0,0,0,0,0,0,0,0,1,0,0,0,0,0,0,0,0,0,0,0,0,0,0,0,0,0,0,0,0,0,0,0,0,0,0,0,0,0,-0.632642,0,0,-0.603707,0,0,0,0,0,0,0,1,0,0,0,1
0,0,0,0,0,0,0,-0.825806,0,0,0,0,0,0,0,0,-0.758048,0,0,0,0,0,0,0,0,1,0,0,0,0,0,0,1.29936,1,0,0,0,0,0,0,0.333706,0,0,-0.775363,0,0,0,0,0,0,0,0,0,0,0,0,0,0,0,0,0,0,0,0,1,0,0,0,0,0,0,0,0,0,0,0,0,0,0,0,0,0,0,0,0,0,0,-0.66557,0,0,-0.627579,0,0,0,0,1,0,0,0,0,0,1,1
0,0,0,1,0,0,0,-0.638215,0,0,0,0,0,0,0,0,-0.626846,0,0,0,0,0,0,0,0,0,0,0,0,0,0,0,1.02172,0,0,0,1,0,0,0,0.860608,0,0,-0.663823,0,0,0,0,0,0,0,0,0,0,0,0,0,0,0,0,0,0,0,0,0,0,0,0,0,0,0,0,0,0,0,0,0,0,0,0,0,0,0,0,0,0,0,-0.248832,0,0,-0.588573,0,0,0,0,0,1,0,0,0,0,0,1
0,0,0,0,0,0,0,-0.721071,0,0,1,0,0,0,0,0,-0.697006,0,0,0,0,0,0,0,0,0,0,0,0,0,0,0,1.63957,0,0,1,0,0,0,0,0.734978,0,0,-0.780785,0,0,0,0,0,0,0,0,0,0,0,0,0,0,0,0,0,0,0,0,0,0,0,1,0,0,0,0,0,0,1,0,0,0,0,0,0,0,0,0,0,1,0,-0.750812,0,0,-0.791912,0,0,0,0,0,0,0,0,0,1,1,1
0,0,0,0,0,0,0,-0.631244,0,0,0,0,0,0,0,0,-0.67384,0,0,0,0,0,0,0,0,0,0,0,0,0,0,0,1.28304,2,0,0,0,0,0,0,1.136628,0,0,-0.732209,0,0,0,0,0,0,0,0,1,0,0,0,0,0,0,0,0,0,0,0,0,0,0,0,0,0,0,0,0,0,0,0,0,0,0,0,0,0,0,0,1,0,0,-0.728501,0,0,-0.609236,0,0,0,0,0,0,0,0,0,0,0,1
0,0,0,0,0,0,0,-0.796624,0,0,0,0,0,0,0,0,-0.610823,0,0,0,0,0,0,0,0,1,0,0,0,0,0,0,1.19082,2,0,0,0,0,0,0,1.923601,0,0,-0.714364,0,0,0,0,0,0,0,0,0,0,0,0,0,0,0,0,0,0,0,0,1,0,0,0,0,0,0,0,0,0,0,0,0,0,0,0,0,0,0,0,0,0,0,-0.575926,0,0,-0.723926,0,0,0,0,0,0,0,0,0,0,1,1
0,0,0,0,0,0,0,-0.518529,0,0,0,0,0,0,0,0,-0.740263,0,0,0,0,0,0,0,0,0,0,0,0,0,0,0,0.65012,3,0,0,0,0,0,0,1.2761,0,0,-0.642702,0,0,0,0,0,0,1,0,0,0,0,0,1,0,0,0,0,0,0,1,0,0,0,0,0,0,1,0,0,0,0,0,0,0,0,0,0,1,0,0,0,0,0,-0.669666,0,0,-0.623622,0,0,0,0,0,0,0,0,0,0,1,1
0,0,0,0,0,0,0,-0.715002,0,0,0,0,0,0,0,0,-0.599331,0,0,0,0,1,0,0,0,0,0,0,0,0,0,0,1.80179,6,0,0,0,0,0,0,0.713355,0,0,-0.806869,0,0,0,0,0,0,0,0,0,0,0,0,0,0,0,0,0,0,0,0,0,0,0,0,0,0,0,0,0,0,0,0,0,0,0,0,0,0,0,0,0,0,0,-0.892938,0,0,-0.670212,0,0,0,0,0,0,0,0,0,0,1,1
0,0,0,0,0,0,0,-0.754914,0,0,0,0,0,0,0,0,-0.715339,0,0,0,1,0,0,0,0,0,0,0,0,0,0,0,1.16776,1,0,0,1,0,1,0,1.835887,0,0,-0.680849,0,0,0,0,0,0,0,0,0,0,0,0,0,0,0,0,0,0,0,0,0,0,0,0,0,0,0,0,0,0,0,0,0,0,0,0,0,0,0,0,0,0,0,-0.567783,0,0,-0.689312,0,0,0,0,0,0,0,0,0,0,1,1
0,0,0,0,0,0,0,-0.643984,0,0,0,0,0,0,0,0,-0.642408,0,0,0,0,0,0,0,0,0,0,0,0,0,1,0,0.92847,1,0,0,0,0,0,0,0.855898,0,0,-0.638444,0,0,0,0,0,0,0,0,0,0,0,0,0,0,0,0,0,0,0,0,0,0,0,0,0,0,0,0,0,0,0,0,0,0,0,0,0,0,0,0,0,0,0,-0.595901,0,0,-0.588566,0,0,0,0,0,0,0,0,0,0,0,1
0,0,0,0,0,0,0,-0.657799,0,0,0,0,0,0,0,0,-0.537493,0,0,0,0,0,0,0,0,0,0,0,0,0,1,0,0.591,0,0,0,0,0,0,0,1.154705,0,0,-0.353019,0,0,0,0,0,0,0,0,0,0,1,0,0,0,0,0,0,0,0,0,0,0,0,0,0,0,0,0,0,0,0,0,0,0,0,0,0,0,0,0,0,0,0,-0.716097,0,0,-0.794673,0,0,0,0,0,0,0,0,0,1,0,1
0,0,0,0,0,0,0,-0.64209,1,0,0,0,0,0,0,0,-0.645507,0,0,0,0,0,0,0,0,0,0,0,0,0,0,0,1.63891,1,0,0,0,0,0,0,0.983739,0,0,-0.789925,0,0,0,0,0,0,0,0,0,0,0,0,0,0,0,0,0,0,0,1,0,0,0,0,0,0,1,0,0,0,0,0,0,0,0,0,0,0,0,0,0,0,0,-0.543715,0,0,-0.623557,0,0,0,0,0,0,0,0,0,1,1,1
0,0,0,0,0,0,0,-0.812053,0,0,0,0,0,0,0,0,-0.427451,0,0,1,0,0,0,0,0,0,0,0,0,0,0,0,1.27842,4,0,0,1,0,0,0,1.324162,0,0,-0.742149,0,0,0,0,0,0,0,0,0,0,1,0,0,0,0,0,0,0,0,0,0,0,0,0,0,0,0,0,0,0,0,0,0,0,0,0,0,1,0,0,0,0,0,-0.752486,0,0,-0.587231,0,0,0,0,0,0,0,0,0,0,1,1
0,0,0,0,0,0,0,-0.588639,0,0,0,0,0,0,1,0,-0.727019,0,0,0,0,0,0,0,0,0,0,0,0,0,0,0,0.76886,2,0,0,0,0,0,0,1.711047,0,0,-0.516184,0,0,0,0,0,0,0,0,0,0,0,0,0,0,0,0,0,0,0,0,0,0,0,0,0,0,0,0,1,0,0,0,0,0,0,0,0,0,0,0,0,0,0,-0.663216,0,0,-0.538138,0,0,0,0,0,0,0,0,0,0,0,1
0,0,0,0,0,0,0,-0.64018,0,0,0,0,0,0,0,0,-0.539402,0,0,0,0,0,0,0,0,0,0,0,0,0,1,0,1.23655,4,0,0,0,0,0,0,1.463939,0,0,-0.725828,0,0,0,0,0,0,1,0,0,0,0,0,0,0,0,0,0,0,0,0,0,0,0,0,0,1,0,0,0,0,0,0,0,0,0,0,0,0,0,0,0,0,0,-0.705794,0,0,-0.704992,0,0,0,0,0,0,0,0,0,0,1,1
0,0,0,0,0,0,0,-0.735112,0,0,0,0,0,0,0,0,-0.724728,0,0,0,0,0,0,0,0,0,0,0,0,0,0,0,1.34868,6,0,0,0,0,0,0,1.298099,0,0,-0.744192,0,0,0,0,0,0,0,0,0,0,0,0,0,0,0,0,0,0,0,0,0,0,0,0,0,1,0,0,0,0,0,0,0,0,0,0,0,0,0,0,0,0,0,-0.832648,0,0,-0.741594,0,0,0,0,0,0,0,0,0,0,1,1
0,0,0,0,0,0,0,-0.676367,1,1,0,0,0,0,0,1,-0.583437,0,0,0,0,0,0,0,0,0,0,0,0,0,0,0,1.99629,2,0,0,1,0,0,0,0.526813,0,0,-0.833454,0,0,0,0,0,0,0,0,0,0,0,0,0,0,0,0,0,0,0,0,0,0,0,0,0,0,0,0,0,0,0,0,0,0,0,0,0,1,0,0,0,0,0,-0.743778,0,0,-0.511072,0,0,0,0,0,0,0,0,0,0,1,1
0,0,0,0,0,0,0,-0.797252,0,0,0,0,0,0,0,0,-0.776189,0,0,0,0,0,0,0,0,0,0,0,0,0,0,0,1.14927,0,0,0,0,0,0,0,1.162607,0,0,-0.759827,0,0,0,0,0,0,0,0,0,0,0,0,0,0,0,0,0,0,0,0,0,0,1,0,0,0,0,0,0,0,0,0,0,0,0,0,0,0,0,1,0,0,0,-0.48201,0,0,-0.670945,0,0,0,0,0,0,0,0,0,0,1,1
0,0,0,0,0,0,0,-0.582214,0,0,0,0,0,0,0,1,-0.625246,0,0,0,1,0,0,0,0,0,0,0,0,0,0,0,0.85484,0,0,0,0,0,0,0,0.273337,0,0,-0.594584,0,0,0,0,0,0,0,0,0,0,0,0,0,0,0,0,0,0,0,0,0,0,0,0,0,0,0,0,1,0,0,0,0,0,0,0,0,0,0,0,0,0,0,-0.694802,0,0,-0.726374,0,0,0,0,0,1,0,0,0,0,0,1
0,0,0,0,0,0,0,-0.78751,0,0,0,0,0,0,0,1,-0.540653,0,0,0,0,0,0,0,0,0,0,0,0,0,0,0,1.06303,3,0,0,0,0,0,0,1.403239,0,0,-0.680923,0,0,0,0,0,0,0,0,0,0,0,0,0,0,0,0,0,0,0,0,0,0,1,0,0,0,0,0,0,0,0,0,0,0,0,0,0,0,0,0,0,0,0,-0.519592,0,0,-0.621312,0,0,0,0,0,0,0,0,0,0,1,1
0,0,0,0,0,0,0,-0.554095,0,0,0,0,0,0,0,0,-0.7043,0,0,0,0,0,0,0,0,0,0,0,0,0,0,0,1.4368,1,0,0,1,0,0,0,1.492679,0,0,-0.741688,0,0,0,0,0,0,0,0,0,0,0,0,0,0,0,0,0,0,0,0,0,0,0,0,0,0,1,0,0,0,0,0,0,0,0,0,0,1,0,0,0,0,0,-0.622293,0,0,-0.655367,0,0,0,0,0,0,0,1,0,1,1,1
0,0,0,0,0,0,0,-0.715509,0,0,0,0,0,0,0,0,-0.405208,0,0,0,0,0,0,0,0,0,0,0,0,0,1,0,1.42125,2,0,0,0,0,0,0,0.569193,0,0,-0.690287,0,0,0,0,0,0,0,0,0,0,1,0,1,0,0,0,0,0,0,1,0,0,0,0,0,0,0,0,0,0,0,0,0,0,1,0,0,0,0,0,0,0,0,-0.811377,0,0,-0.864844,0,0,0,0,0,0,0,0,0,0,1,1
0,0,0,0,0,0,0,-0.63194,0,0,0,0,0,0,0,0,-0.632887,0,0,0,0,0,0,0,0,0,0,0,0,0,0,0,0.87189,2,0,0,0,0,0,0,1.17569,0,0,-0.554587,0,0,0,0,0,0,0,0,0,0,0,0,0,0,0,0,0,0,0,0,0,0,0,0,0,0,0,0,0,0,0,0,0,0,0,0,0,0,0,0,0,0,0,-0.463882,0,0,-0.599675,0,0,0,0,0,0,0,0,0,0,1,1
0,0,0,0,0,0,0,-0.868393,0,0,0,0,0,0,0,0,-0.663682,0,0,1,0,0,0,0,0,0,0,0,0,0,0,0,1.27633,2,0,0,0,0,0,0,0.78456,0,0,-0.73805,0,0,0,0,0,0,0,0,0,0,0,0,0,0,0,0,0,0,0,0,0,0,0,0,0,1,0,0,0,0,0,0,0,0,0,0,0,0,0,0,0,0,0,-0.66731,0,0,-0.707654,0,0,0,0,0,0,0,0,0,0,1,1
0,0,0,0,0,0,0,-0.811131,0,0,0,0,0,0,0,0,-0.60901,0,0,0,0,1,0,0,0,0,0,0,0,0,0,0,1.39586,1,0,0,0,1,0,0,1.152716,0,0,-0.753913,0,0,0,0,0,0,0,0,0,0,0,0,0,1,0,0,0,0,0,1,0,0,0,0,0,0,0,0,0,0,0,0,0,0,0,0,0,0,0,0,0,0,0,-0.679186,0,1,-0.67212,0,0,0,0,0,1,0,0,0,0,1,1
0,0,0,0,0,0,0,-0.710834,0,0,0,0,0,0,0,0,-0.747919,1,0,0,1,0,0,0,0,0,0,0,0,0,0,0,1.52281,4,0,0,0,0,0,0,0.776081,0,0,-0.772705,0,0,0,0,0,0,0,0,0,0,1,0,0,0,0,0,0,0,0,0,0,0,0,0,0,0,0,0,1,0,0,0,0,0,0,0,0,0,0,0,0,0,0,-0.813648,0,0,-0.806942,0,0,0,0,0,0,0,1,0,0,0,1
0,0,0,0,0,0,1,-0.615926,0,0,0,0,0,0,0,0,-0.857369,0,1,0,0,0,0,0,0,0,0,0,0,0,0,0,1.29186,2,0,0,0,0,0,0,1.044562,0,0,-0.750015,0,0,0,0,0,0,0,0,0,0,0,0,0,0,0,0,0,0,0,0,0,0,0,0,0,0,0,0,0,0,0,0,0,0,0,0,0,0,0,0,0,0,0,-0.610859,0,0,-0.575144,0,0,0,0,0,0,0,0,0,1,1,1
0,0,0,0,0,0,0,-0.671051,0,0,0,0,0,0,0,0,-0.587578,0,1,0,0,0,0,0,0,0,0,0,0,0,0,0,1.13374,0,0,0,0,0,0,0,1.368413,0,0,-0.638926,0,0,0,0,0,0,0,0,0,0,0,0,0,0,0,0,0,0,0,0,0,0,0,0,0,0,0,0,0,0,0,0,0,0,0,0,0,0,0,0,0,0,0,-0.733354,0,0,-0.846266,0,0,0,0,0,1,0,0,0,0,1,1
0,0,0,0,0,0,1,-0.666461,1,0,0,0,0,0,0,0,-0.664091,0,0,0,0,0,0,0,0,0,0,0,0,0,0,0,0.68009,4,0,0,0,0,0,0,2.046338,0,0,-0.462701,0,0,0,0,0,0,0,0,0,0,0,0,0,0,0,0,1,0,0,0,0,0,0,0,0,1,0,0,0,0,0,0,0,0,1,0,0,0,0,0,0,0,0,-0.806372,0,0,-0.642091,0,0,0,0,0,0,0,0,0,1,1,1
0,0,0,0,0,0,0,-0.336209,0,0,0,0,1,1,0,0,-0.746272,0,0,0,0,0,0,0,0,0,0,0,0,0,0,0,1.03746,0,0,0,0,1,0,0,1.364166,0,0,-0.676844,0,0,0,0,0,0,0,0,0,0,0,0,0,0,1,0,0,0,0,0,0,0,0,0,0,0,0,0,0,0,0,0,0,0,0,0,0,0,0,0,0,0,0,-0.783012,0,0,-0.548769,0,0,0,0,0,0,0,0,0,1,0,1
0,0,0,0,0,0,0,-0.498851,0,0,0,0,0,0,0,0,-0.540099,0,0,0,0,0,0,0,0,0,0,0,0,0,0,0,1.89854,4,0,0,0,0,0,0,0.376638,0,0,-0.812681,0,0,0,0,0,1,0,0,0,0,1,0,0,0,0,0,0,0,0,0,1,0,0,0,0,0,0,0,1,0,0,0,0,0,0,0,0,0,0,0,0,1,0,-0.410434,0,0,-0.643165,0,0,0,0,0,0,0,0,0,0,1,1
0,0,0,0,0,0,0,-0.511727,0,0,0,0,0,0,0,0,-0.75855,0,0,0,0,0,0,0,1,0,0,0,0,0,0,0,1.34004,3,0,0,0,0,0,0,0.766782,0,0,-0.746416,0,0,0,0,0,0,0,0,0,0,0,0,0,0,0,0,0,0,0,0,0,0,0,0,0,0,0,0,0,0,0,0,0,0,0,0,0,0,0,0,0,0,0,-0.660651,0,0,-0.587661,0,0,0,0,0,0,0,0,0,0,1,1
0,0,0,0,0,0,0,-0.506888,0,0,0,0,0,0,0,0,-0.750607,0,0,0,0,0,0,0,0,0,0,0,0,0,0,0,2.65887,1,0,0,0,0,1,0,1.087845,0,0,-0.808162,0,0,0,0,0,0,0,0,0,0,1,0,0,0,0,0,0,0,0,0,0,0,0,0,0,0,0,0,0,0,0,0,0,0,0,0,0,0,0,0,0,0,0,-0.708666,0,0,-0.624847,0,0,0,0,0,0,0,0,0,0,0,1
0,0,0,0,0,0,0,-0.629668,0,0,0,0,0,0,0,0,-0.600252,0,0,0,0,0,0,0,0,0,0,0,0,0,0,0,0.90413,0,0,0,0,0,0,0,0.217979,0,0,-0.626124,0,0,0,0,0,0,0,0,0,0,1,0,0,0,0,0,0,0,0,0,0,0,0,0,0,0,0,0,0,0,0,0,0,0,0,0,0,0,0,0,0,0,0,-0.667284,0,0,-0.760287,0,0,0,0,0,0,0,1,0,0,0,1
0,0,0,0,0,0,0,-0.772397,0,0,0,0,0,0,0,0,-0.711244,0,0,0,0,0,0,0,0,0,0,0,0,0,0,0,1.20913,0,0,0,0,0,0,0,0.175763,0,0,-0.659604,0,0,0,0,0,0,0,0,0,0,0,0,0,0,0,0,0,1,0,0,0,0,0,0,0,0,0,0,0,0,0,0,0,0,0,0,0,0,0,0,0,0,0,-0.609278,0,0,-0.692552,0,0,0,0,0,0,0,0,0,0,0,1
0,0,0,0,0,0,0,-0.587191,0,0,0,0,0,0,0,0,-0.725429,0,0,0,0,0,0,0,0,0,0,0,0,0,0,0,1.10923,1,0,0,0,0,0,0,1.00993,0,0,-0.691791,0,0,0,0,0,0,0,0,0,0,0,0,0,0,0,0,0,0,0,0,0,0,0,0,0,0,0,0,0,0,0,0,0,0,0,0,0,0,0,0,0,0,0,-0.895586,0,0,-0.809542,0,0,0,0,0,0,0,0,0,0,1,1
0,0,0,0,0,0,0,-0.6646,0,0,0,0,0,0,0,0,-0.570722,0,0,0,0,0,0,0,0,0,0,0,0,0,0,0,1.53074,1,0,0,0,0,0,0,0.583172,0,0,-0.768839,0,0,0,0,0,0,0,0,0,0,0,0,0,0,0,0,0,0,0,0,0,0,0,0,0,0,0,0,0,0,0,0,0,0,0,0,0,0,0,0,0,0,0,-0.59767,0,0,-0.751024,0,0,0,0,0,0,0,0,0,0,1,1
0,0,0,0,0,0,0,-0.778696,0,0,0,0,0,0,0,0,-0.757946,0,0,0,0,0,0,0,0,0,0,0,0,0,0,0,1.58822,1,0,0,0,0,0,0,0.90875,0,0,-0.790124,0,0,0,0,0,0,0,0,0,0,0,0,0,0,0,0,0,0,0,0,0,0,0,0,0,0,1,0,0,0,0,0,0,0,0,0,0,0,0,0,0,0,0,-0.542352,0,1,-0.56153,0,0,0,0,0,0,0,0,0,0,1,1
0,0,0,0,0,0,0,-0.549468,0,0,0,0,0,0,0,0,-0.573264,0,0,0,0,0,0,0,0,0,0,0,0,0,0,0,1.06484,3,0,0,0,0,1,0,1.821997,0,0,-0.677425,0,0,0,0,0,0,0,0,0,0,0,0,0,0,0,0,0,0,0,0,0,0,0,0,0,0,0,0,0,0,0,0,0,0,0,0,0,0,0,0,0,0,0,-0.401389,0,0,-0.671091,0,0,0,0,0,0,0,0,0,0,1,1
0,0,0,0,1,0,0,-0.663058,0,0,0,0,0,0,0,0,-0.522125,0,0,0,0,0,0,0,0,1,0,0,0,0,0,0,1.06078,3,0,0,0,0,0,0,1.903133,0,0,-0.679239,0,0,0,0,0,0,0,0,0,0,0,0,0,0,0,0,0,0,0,0,1,0,0,0,0,0,0,0,0,0,0,0,0,1,0,0,0,0,0,0,0,0,0,-0.645692,0,0,-0.733816,0,0,0,0,0,0,0,0,0,0,1,1
0,0,0,0,0,0,0,-0.668461,0,0,0,0,0,0,0,0,-0.444143,0,0,0,0,0,0,0,0,0,0,0,0,0,1,0,0.7456,0,0,0,0,0,0,0,0.885133,0,0,-0.54244,0,0,0,0,0,0,0,0,0,0,0,1,0,0,0,0,0,0,0,0,0,0,0,0,0,0,0,0,0,0,0,0,0,0,0,0,0,0,0,0,0,0,0,-0.450819,0,0,-0.42786,0,0,0,0,0,0,0,0,0,0,0,1
0,0,0,1,0,0,0,-0.669469,0,0,0,0,0,0,0,0,-0.599385,0,0,1,0,0,0,0,0,0,0,0,0,0,0,0,1.0358,2,0,0,0,0,0,0,0.539747,0,0,-0.691283,0,0,0,0,0,0,0,0,0,0,0,0,0,0,0,0,0,0,0,0,0,0,0,0,0,0,0,0,0,0,0,0,0,0,0,0,0,0,0,0,0,0,0,-0.584294,0,0,-0.700574,0,0,0,0,0,0,0,0,0,0,0,1
0,0,0,0,0,0,0,-0.765903,0,0,0,0,0,0,0,0,-0.74733,0,0,1,0,0,0,0,0,0,0,0,0,0,0,0,1.24795,2,0,0,0,0,0,0,1.160862,0,0,-0.69594,0,0,0,0,0,0,0,0,0,0,0,0,0,0,0,0,0,0,0,0,0,0,0,0,0,0,0,0,0,0,0,0,0,0,0,0,0,0,0,0,0,0,0,-0.764983,0,0,-0.567099,0,0,0,0,0,0,0,0,0,0,1,1
0,0,0,0,0,0,0,-0.690837,0,0,0,0,0,0,0,0,-0.451742,0,0,0,1,0,0,0,0,0,0,0,0,0,0,0,0.8398,0,0,0,0,1,0,0,0.38928,0,0,-0.580895,0,0,0,0,0,0,0,0,0,0,0,0,0,0,0,0,0,0,0,0,0,0,0,0,0,0,0,0,0,0,0,0,0,0,0,0,0,0,0,0,0,0,0,-0.650249,0,0,-0.686925,0,0,0,0,0,0,0,0,0,0,0,1
0,0,0,0,0,0,0,-0.616706,0,0,0,0,0,0,0,1,-0.744848,0,0,0,0,1,0,0,0,0,0,0,0,0,0,0,0.84718,0,0,0,0,0,0,0,0.233916,0,0,-0.591069,0,0,0,0,0,0,0,0,0,0,0,0,0,0,0,0,0,0,0,0,0,0,0,0,0,0,0,0,0,0,0,0,0,0,0,0,0,0,0,1,0,0,0,-0.757007,0,0,-0.475601,0,0,0,0,0,0,0,0,0,0,0,1
0,0,0,0,0,0,0,-0.682247,0,0,0,0,0,0,0,0,-0.742642,0,0,0,0,0,0,0,0,0,0,0,0,0,0,0,1.13379,4,0,0,0,0,0,0,1.17836,0,0,-0.722029,0,0,0,0,0,0,0,0,0,0,0,1,0,0,0,0,0,0,0,0,0,0,0,0,0,0,0,0,0,0,0,0,0,0,0,0,0,0,0,0,0,0,0,-0.661466,0,0,-0.582775,0,0,0,0,0,0,0,0,0,0,1,1
0,0,0,0,0,0,0,-0.600613,0,0,0,0,0,0,0,0,-0.546843,0,0,0,0,0,0,0,0,0,0,0,0,0,0,0,1.35622,3,0,0,0,0,0,0,1.101026,0,0,-0.752811,0,0,0,0,0,0,0,0,0,0,0,0,0,0,0,0,0,0,0,0,0,1,1,0,0,0,0,0,0,0,0,0,0,0,0,0,0,0,0,0,0,0,0,-0.660956,0,0,-0.765177,0,0,0,0,0,0,0,0,0,0,1,1
0,0,0,0,0,0,0,-0.733673,0,0,0,0,0,0,0,0,-0.275647,0,0,0,0,0,0,0,0,0,0,0,0,0,0,0,1.17959,0,0,0,0,0,0,0,0.210517,0,0,-0.717994,0,0,0,0,0,0,0,0,0,0,0,0,0,0,0,0,0,0,0,1,1,0,0,0,0,0,0,0,0,0,0,0,0,0,0,0,0,0,0,0,0,0,0,-0.559452,0,0,-0.676216,0,0,0,0,0,0,0,1,0,0,0,1
0,0,0,0,0,0,0,-0.575191,1,1,0,0,0,0,0,0,-0.65669,0,0,0,0,0,0,0,0,0,0,0,0,0,0,0,0.99808,2,0,0,0,0,0,0,1.054054,0,0,-0.612801,0,0,0,0,0,0,0,0,0,0,0,1,0,0,0,0,0,0,0,0,1,0,0,0,0,1,0,0,0,0,0,0,0,0,0,0,0,0,0,0,0,1,0,-0.682653,0,0,-0.689946,0,0,0,0,0,0,0,0,0,0,1,1
0,0,0,0,1,0,0,-0.404351,0,0,0,0,0,0,0,0,-0.570481,0,0,0,0,0,0,0,0,0,0,0,0,0,0,0,1.91986,1,0,0,0,0,0,0,1.189094,0,0,0.614061,0,0,0,0,0,0,0,0,0,0,0,0,0,0,0,0,0,0,0,0,0,0,0,0,0,0,0,0,0,0,0,0,0,0,0,0,0,1,0,0,0,0,0,-0.700814,0,0,-0.567372,0,0,0,0,0,0,0,0,0,1,1,1
0,0,0,0,0,0,0,-0.667695,0,0,0,0,0,0,0,0,-0.801842,0,1,0,0,0,0,0,0,0,0,0,0,0,0,0,1.08776,0,0,0,0,0,0,0,0.587509,0,0,-0.681538,0,0,0,0,0,0,0,0,0,0,0,0,0,1,0,0,0,0,0,0,0,0,0,0,0,0,0,0,0,0,0,0,0,0,0,0,0,0,0,0,0,0,0,-0.650663,0,0,-0.810236,0,0,0,0,0,0,0,0,0,1,0,1
0,0,0,0,0,0,0,-0.667449,0,0,0,0,0,0,0,0,-0.717449,0,0,0,0,0,0,0,0,0,0,0,0,0,0,0,0.81206,0,0,0,0,0,0,0,1.803736,0,0,-0.586419,0,0,0,0,0,0,0,0,0,0,0,1,0,0,0,0,0,0,0,0,0,0,0,0,0,0,0,0,0,0,0,0,0,0,0,0,0,0,0,0,0,0,0,-0.673168,0,0,-0.744693,0,0,0,0,0,0,0,0,1,0,0,1
0,0,0,0,0,0,0,-0.361825,0,0,0,0,0,0,0,0,-0.733056,1,0,0,0,0,0,0,0,0,0,0,0,0,0,0,1.57146,1,0,0,0,0,0,0,0.708789,0,0,-0.782172,0,0,0,0,0,0,0,0,0,0,1,0,0,0,0,0,0,0,0,0,1,0,0,0,0,0,0,0,0,0,0,0,0,0,0,0,0,0,0,0,0,0,0,-0.635921,0,0,-0.707213,0,0,0,0,0,0,0,0,0,0,0,1
0,0,0,0,0,0,0,-0.413527,0,0,0,0,0,0,0,0,-0.787561,0,0,0,0,0,0,0,0,0,0,0,0,0,0,0,0.98848,0,0,0,0,0,0,0,0.202667,0,0,-0.721193,0,0,0,0,0,0,0,0,0,0,0,0,0,0,0,0,0,0,0,0,0,0,1,0,0,0,0,0,0,0,0,0,0,0,0,0,0,0,0,0,0,0,0,-0.664695,0,0,-0.63969,0,0,0,0,0,0,0,0,0,0,0,1
0,0,0,0,0,0,0,-0.68376,0,0,0,0,0,0,0,1,-0.704581,1,0,0,1,0,0,0,1,0,0,0,0,0,0,0,1.14089,1,0,0,0,0,0,0,1.300679,0,0,-0.670462,0,0,0,0,0,0,0,0,0,0,0,0,0,0,0,0,0,0,0,0,0,0,0,0,0,0,0,0,0,0,0,0,0,0,0,0,0,0,0,0,0,0,0,-0.552964,0,0,-0.771603,0,0,0,0,0,1,0,0,0,0,0,1
0,0,0,0,0,0,0,-0.785634,0,1,0,0,0,0,0,1,-0.633975,0,0,1,0,0,0,0,0,0,0,0,0,0,0,0,1.40917,4,0,0,0,0,0,0,1.084492,0,0,-0.753377,0,0,0,0,0,0,0,0,0,0,0,0,0,0,0,0,0,0,0,0,0,0,0,0,0,0,0,0,1,0,0,0,0,0,0,0,0,0,0,0,0,0,0,-0.590263,0,0,-0.60263,0,0,0,0,0,0,0,0,0,0,1,1
0,0,0,0,0,0,0,-0.727024,0,0,0,0,0,0,0,0,-0.731756,0,0,0,0,0,0,0,0,0,0,0,0,0,0,0,0.73971,4,0,0,0,0,0,0,0.836543,0,0,7.61696,0,0,0,0,0,0,0,0,0,0,0,1,0,0,0,0,0,0,0,0,0,0,0,0,0,0,0,0,0,0,0,0,0,0,0,0,0,0,0,0,0,0,0,-0.567139,0,0,-0.576927,0,0,0,0,0,1,0,0,0,0,0,1
0,0,0,0,0,0,0,-0.591873,0,0,0,0,0,0,0,0,-0.500456,0,0,0,0,0,0,0,0,0,0,0,0,0,0,0,1.02984,0,0,0,0,0,0,0,1.144615,0,0,-0.633285,0,0,0,0,0,0,0,0,0,0,0,0,0,0,0,0,0,0,0,1,0,0,0,0,0,0,0,0,1,0,0,0,0,0,0,0,0,0,0,0,0,0,0,-0.695228,0,0,-0.593361,0,0,0,0,0,0,0,0,0,0,0,1
0,0,0,0,0,0,0,-0.74107,0,0,0,0,0,0,0,0,-0.805866,0,0,0,0,0,0,0,0,0,0,0,0,0,0,0,1.21128,3,0,0,0,0,0,0,1.071516,0,0,-0.717462,0,0,0,0,0,0,0,0,0,0,0,0,0,0,0,0,0,0,0,0,0,0,0,0,0,0,0,0,0,0,0,0,0,0,0,0,0,0,0,0,0,0,0,-0.612687,0,0,-0.69614,0,0,0,0,0,1,0,0,0,0,0,1
0,0,0,1,0,0,0,-0.60205,0,0,0,0,0,0,0,0,-0.566969,0,0,0,0,0,0,0,0,0,0,0,0,0,1,0,0.93398,0,0,0,0,0,0,0,1.35664,0,0,-0.636668,0,0,0,0,0,0,0,0,0,0,0,0,0,0,0,0,0,0,0,0,0,0,0,0,0,0,0,0,0,0,0,0,0,0,0,1,0,0,0,0,0,0,0,2.278483,0,0,-0.640745,0,0,0,0,0,0,0,0,1,0,0,1
0,0,0,1,1,0,0,-0.563149,0,0,0,0,0,0,0,0,-0.551336,0,0,0,0,0,0,0,0,0,0,0,0,0,0,0,1.22654,1,0,0,0,0,0,0,1.16796,0,0,-0.716093,0,0,0,0,0,0,0,0,0,0,0,0,0,0,0,0,0,0,0,0,0,0,0,0,0,0,1,0,0,0,0,0,0,0,0,0,0,1,0,0,0,0,0,-0.677937,0,0,8.463695,0,0,0,0,0,0,0,0,0,0,1,1
0,0,0,1,0,0,0,-0.749785,0,0,0,0,0,0,0,0,-0.673175,0,0,0,0,0,0,0,0,0,0,0,0,0,0,0,1.10189,3,0,0,0,0,0,0,0.802524,0,0,-0.758528,0,0,0,0,0,0,0,0,0,0,0,0,0,1,0,0,0,0,0,0,0,0,0,0,0,0,0,0,0,0,0,0,0,0,0,0,0,0,0,0,0,0,0,-0.690292,0,0,-0.667448,0,0,0,0,0,1,0,1,0,0,0,1
0,0,0,0,0,0,0,-0.653808,0,0,0,1,0,0,0,0,-0.80207,0,0,0,0,0,0,0,0,0,0,0,0,0,0,0,0.99775,2,0,0,0,1,1,0,1.321864,0,0,-0.647349,0,0,0,0,0,0,0,0,0,0,0,0,0,0,0,0,0,0,0,0,0,0,0,0,0,0,0,0,0,0,0,0,0,0,0,0,0,0,0,0,0,1,0,-0.660618,0,0,-0.706901,0,0,0,0,0,0,0,0,0,0,0,1
0,0,0,0,1,0,0,-0.682401,0,0,0,0,0,0,0,1,-0.727069,0,0,0,0,0,0,0,0,0,0,0,0,0,0,0,1.24856,9,0,0,0,0,0,0,1.233972,0,0,-0.796793,0,0,0,0,0,0,0,0,0,0,0,0,0,0,0,0,0,0,0,0,0,1,0,0,0,0,0,0,0,0,0,0,0,0,0,0,0,0,0,0,0,0,0,-0.703359,0,0,-0.626108,0,0,0,0,0,0,0,1,0,0,1,1
0,0,0,0,0,0,1,-0.732934,0,0,0,1,0,0,0,0,8.490771,0,0,1,0,0,0,0,0,0,0,0,0,0,0,0,0.98057,3,0,0,0,0,0,0,1.998307,0,0,-0.625179,0,0,0,0,0,0,1,0,0,0,0,0,0,0,0,0,0,0,0,0,0,0,0,0,0,0,0,1,0,0,0,1,0,0,0,0,0,0,0,0,0,0,0,-0.667646,0,0,-0.696479,0,0,0,0,0,0,0,0,0,0,1,1
0,0,0,0,0,0,0,-0.701802,0,0,0,0,0,0,0,0,-0.679284,0,0,0,0,0,0,0,0,0,0,0,0,0,1,0,1.38266,2,0,0,0,0,0,0,1.050342,0,0,-0.75518,0,0,0,0,1,0,0,0,0,0,0,0,0,0,0,0,0,0,0,1,0,1,0,0,0,0,0,0,0,0,0,0,0,0,0,0,0,0,0,0,0,0,0,-0.683635,0,0,-0.488625,0,0,0,0,0,0,0,0,0,0,0,1
0,0,0,0,0,0,0,-0.17076,0,0,0,0,0,0,0,0,-0.623168,0,0,0,0,0,0,0,0,0,0,0,0,0,1,0,0.88346,0,0,0,1,1,0,0,0.554228,0,0,-0.786191,0,0,0,0,0,0,0,0,0,0,0,0,0,0,0,0,0,0,0,0,0,0,0,0,0,1,0,0,0,0,0,0,0,0,0,1,0,0,0,0,0,0,0,-0.657427,0,0,-0.498594,0,0,0,0,0,0,0,0,0,0,0,1
0,0,0,0,0,0,0,-0.567537,0,0,0,0,0,0,0,0,-0.600827,0,0,1,0,0,0,0,0,0,0,0,0,0,0,0,1.46576,0,0,0,0,0,0,0,0.998516,0,0,2.93318,0,0,0,0,0,0,0,0,0,0,0,0,0,0,0,0,0,0,0,0,0,1,0,1,0,0,0,0,0,0,0,0,0,0,0,0,0,0,0,0,0,0,1,-0.787769,0,1,-0.721898,0,0,0,0,0,0,0,0,0,0,1,1
0,0,0,0,0,0,0,-0.697603,0,0,0,0,0,0,0,0,-0.689773,0,0,0,1,0,0,0,0,0,0,0,0,0,0,0,1.70204,1,0,0,0,0,0,0,0.838717,0,0,-0.781469,0,0,0,0,0,0,0,0,0,0,0,0,0,0,0,0,0,0,0,0,0,0,0,0,0,1,0,0,0,0,0,0,0,0,0,0,0,0,0,1,0,0,0,-0.664503,0,0,-0.624631,0,0,0,0,0,0,0,0,0,0,0,1
0,0,0,0,0,0,0,-0.663382,0,0,0,0,0,0,0,0,-0.47145,0,0,0,0,0,0,0,0,0,0,0,0,0,0,0,1.1153,2,0,0,0,0,0,0,0.687376,0,0,-0.726484,0,0,0,0,0,0,0,0,0,0,0,0,0,0,0,0,0,0,0,1,0,0,0,0,0,0,0,0,0,0,0,0,0,0,0,0,0,0,0,0,0,0,0,-0.543318,0,0,-0.764692,0,0,0,0,0,0,0,0,0,0,0,1
0,0,0,0,0,0,0,-0.592307,0,0,0,0,0,0,0,0,-0.711473,0,0,0,0,0,0,0,0,0,0,0,0,0,0,0,0.77558,2,0,0,0,0,0,0,1.847575,0,0,-0.526689,0,0,0,0,0,0,0,0,0,0,0,0,0,0,0,0,0,0,0,0,1,0,0,0,0,0,0,0,0,0,0,0,0,0,0,0,0,0,0,0,0,0,0,-0.652492,0,0,-0.338672,0,0,0,0,0,0,0,0,0,1,0,1
0,0,0,0,0,0,0,-0.38561,0,0,0,0,0,0,0,0,-0.699777,0,0,0,0,0,0,0,0,0,0,0,0,0,0,0,1.01782,1,0,0,0,0,0,0,0.772658,0,0,-0.680096,0,0,0,0,0,0,0,0,0,0,0,0,0,0,0,0,0,0,0,0,1,0,0,0,0,0,0,0,0,0,0,0,0,1,0,0,0,0,0,0,0,0,0,-0.59284,0,0,-0.651648,0,0,0,0,0,0,0,0,0,0,0,1
0,0,0,0,0,0,0,-0.670626,0,0,0,0,0,0,0,0,-0.579669,0,0,0,0,1,0,0,0,0,0,0,0,0,0,0,1.40667,3,0,0,1,0,0,0,0.72218,0,0,-0.752566,0,0,0,0,0,0,0,0,1,0,0,0,0,0,0,0,0,0,0,0,0,0,0,0,0,0,0,0,0,0,0,0,1,0,0,0,0,0,0,0,0,0,0,-0.609171,0,0,-0.701363,0,0,0,0,0,1,0,0,0,0,1,1
0,0,0,0,0,0,0,-0.69519,0,0,0,0,0,0,0,0,-0.659956,0,0,1,0,0,0,0,0,1,0,0,0,0,0,0,1.90912,0,0,0,0,0,0,0,0.672303,0,0,-0.813721,0,0,0,0,1,0,0,0,0,0,0,0,0,0,0,0,0,0,0,1,0,0,0,0,0,0,0,0,0,0,0,0,0,0,0,0,0,1,0,0,0,0,0,-0.60988,0,0,-0.646193,0,0,0,0,0,0,0,0,0,1,1,1
1,0,0,0,0,0,0,-0.50498,0,0,0,0,0,0,0,0,-0.495494,0,0,0,1,0,0,0,0,0,0,0,0,0,0,0,1.66545,3,0,0,0,0,0,1,1.037901,0,1,-0.899711,0,0,0,0,0,0,1,0,0,0,0,0,0,0,0,1,1,0,0,0,0,0,0,0,0,0,0,0,0,0,0,0,0,0,0,0,0,0,0,0,0,0,0,-0.721852,0,0,-0.454907,0,0,0,0,0,0,0,0,0,0,1,1
0,0,0,0,0,0,0,-0.769574,0,0,0,0,0,0,0,0,-0.730429,0,0,0,1,0,0,0,0,0,0,0,0,0,0,0,1.23571,2,0,0,1,0,0,0,0.782441,0,0,-0.677771,0,0,0,0,0,0,0,0,0,0,0,0,0,0,0,0,0,0,0,0,0,1,0,0,0,0,0,0,0,0,0,0,0,0,0,0,0,0,0,0,0,0,0,-0.748462,0,0,-0.735911,0,0,0,0,0,0,0,0,1,0,1,1
0,0,0,1,0,1,0,-0.743168,0,0,1,0,0,0,0,0,-0.813111,0,0,0,1,0,0,0,0,0,0,0,0,0,0,0,1.82417,15,1,0,0,0,0,0,2.752514,0,0,-0.796829,0,0,0,0,0,0,0,1,0,0,0,1,0,0,0,0,0,0,1,0,0,0,0,0,0,0,0,0,0,0,0,0,0,0,0,0,0,0,0,0,0,0,0,-0.694657,0,0,-0.908033,0,0,0,0,0,0,0,0,0,0,1,1
0,0,0,0,0,0,0,-0.714941,0,0,0,0,0,0,0,0,-0.777849,0,0,0,0,0,0,0,0,0,0,0,0,0,0,0,1.12396,2,0,0,0,0,0,0,0.790022,0,0,-0.675276,0,0,0,0,0,0,0,0,0,0,0,0,0,0,0,0,0,0,0,0,0,0,0,0,0,0,0,0,0,0,0,0,0,0,0,0,0,0,0,1,0,0,0,-0.765667,0,0,-0.752267,0,0,0,0,0,0,0,0,0,1,1,1
0,0,0,0,0,0,0,-0.697441,0,0,0,0,0,0,0,0,-0.697704,0,0,0,0,0,0,0,0,0,0,0,0,0,0,0,0.85388,1,0,0,0,0,0,0,0.235079,0,0,-0.603905,0,1,0,0,0,0,0,0,0,0,0,0,0,0,0,0,0,0,0,0,0,0,0,0,0,0,0,0,0,0,0,0,0,0,0,0,0,0,0,1,0,0,0,-0.7661,0,0,-0.768114,0,0,0,0,0,0,0,1,1,0,0,1
0,0,0,0,0,0,0,-0.572153,0,0,0,0,0,0,0,0,-0.8553,0,0,0,0,0,0,0,1,0,0,0,0,0,0,0,0.83448,0,0,0,0,1,0,0,0.638377,0,0,-0.578687,0,0,0,0,0,0,0,0,0,0,1,0,0,0,0,0,1,0,0,1,0,0,0,0,0,0,1,0,0,0,0,0,0,0,0,0,0,0,0,0,0,0,0,-0.753415,0,0,-0.639912,0,0,0,0,0,0,0,0,0,0,0,1
0,0,0,0,0,0,0,-0.758092,0,0,0,0,0,0,0,0,-0.665043,0,1,0,0,0,0,0,0,0,0,0,0,0,0,0,0.85429,0,0,0,0,0,0,0,0.2,0,0,-0.592165,0,0,0,0,0,0,0,0,0,0,0,0,0,0,0,0,0,0,0,0,0,1,1,0,0,0,0,0,0,0,0,0,0,0,0,0,0,0,0,0,0,0,0,-0.694143,0,0,-0.355446,0,0,0,0,0,0,0,1,0,0,0,1
0,0,0,0,0,0,0,-0.606808,0,0,0,0,0,0,0,0,-0.601509,0,0,0,0,0,0,0,0,0,1,0,0,0,0,0,0.92013,0,0,0,0,0,0,0,0.502832,0,0,-0.629782,0,0,0,0,0,0,0,0,0,0,0,0,0,0,0,0,0,0,0,0,0,1,0,0,0,0,0,0,0,0,0,0,0,0,0,0,0,0,0,0,0,0,0,-0.663478,0,0,-0.591257,0,0,0,0,0,0,0,0,0,1,0,1
0,1,0,0,0,0,0,-0.704686,0,0,0,0,0,0,1,0,-0.675149,0,0,0,0,0,0,0,0,0,0,0,0,0,0,0,0.86006,0,0,0,0,0,0,0,1.484974,0,0,-0.582009,0,0,0,0,0,0,0,0,0,0,0,0,0,0,1,0,0,0,0,0,0,0,0,0,0,0,0,0,0,0,0,0,0,0,0,0,0,1,0,0,0,0,0,-0.649292,0,0,-0.571795,0,0,0,0,0,0,0,0,0,0,1,1
0,0,0,0,0,0,0,-0.699558,0,0,0,0,0,0,0,0,-0.746378,0,0,0,0,0,0,0,0,0,0,0,0,0,0,0,1.27345,0,0,0,0,0,0,0,0.805194,0,0,-0.74149,0,0,0,0,0,0,0,0,0,0,0,1,0,0,0,0,0,0,0,0,0,0,1,0,0,0,0,0,0,0,0,0,0,0,0,0,0,0,0,0,0,0,0,2.447871,0,0,-0.728664,0,0,0,0,0,0,0,0,0,0,1,1
0,0,0,0,0,0,0,-0.645934,0,0,0,0,0,0,0,0,-0.781808,0,0,0,0,0,0,0,0,0,0,0,0,0,1,0,1.53202,1,0,0,0,0,0,0,1.078442,0,0,-0.769518,0,0,0,0,0,0,0,0,0,0,0,0,0,0,0,0,0,0,0,0,0,0,0,0,0,0,0,0,0,0,0,0,0,0,0,0,0,0,0,0,0,0,0,-0.72916,0,0,-0.706955,0,1,0,0,0,1,0,1,0,0,1,1
0,0,0,0,0,0,0,-0.823989,0,0,0,0,0,0,0,0,-0.588551,0,0,0,0,0,0,0,0,1,0,0,0,0,1,0,1.64506,1,0,0,0,0,0,0,1.059497,0,0,8.585803,0,0,0,0,0,0,0,0,0,0,0,0,0,0,0,0,0,0,0,1,0,0,0,0,0,0,0,0,1,0,0,0,0,0,0,0,0,0,0,0,0,0,0,-0.429105,0,0,-0.888092,0,0,0,0,0,0,0,0,0,0,1,1
0,0,0,1,0,0,0,-0.499909,0,0,0,0,0,0,0,0,-0.657175,0,0,0,0,0,0,0,0,0,0,0,0,0,0,0,1.36827,9,1,0,0,0,0,0,1.918633,0,0,-0.750293,0,0,0,0,0,0,0,0,0,0,0,0,0,0,0,0,0,0,0,0,0,0,0,0,0,0,0,0,0,0,0,0,0,0,0,0,0,0,0,0,0,0,0,-0.716775,0,0,-0.295908,0,0,0,0,0,0,0,1,1,0,0,1
0,0,0,0,0,0,0,-0.669343,1,0,0,0,0,0,0,0,-0.518481,0,0,0,0,0,0,0,0,1,0,0,0,0,0,0,1.12293,8,0,0,0,0,0,0,2.487056,0,0,-0.697261,0,0,0,0,0,0,0,0,0,0,0,0,0,0,0,0,0,0,1,0,0,0,0,0,0,0,0,0,0,0,0,0,0,1,0,0,0,1,0,0,0,0,1,-0.497371,0,0,0.066521,0,0,0,0,0,0,0,0,0,0,1,1
0,0,0,1,0,0,0,-0.816288,0,0,0,0,0,0,0,0,-0.506573,0,0,0,0,0,0,0,0,0,0,0,0,0,0,0,1.39404,1,0,0,0,0,0,0,0.828335,0,0,-0.754945,0,0,0,0,0,0,0,0,0,0,0,0,0,0,0,0,0,0,0,0,0,0,0,0,0,0,0,0,0,0,0,0,0,0,1,0,0,0,0,0,0,0,0,-0.48087,0,0,0.11243,0,0,0,0,0,0,0,0,0,0,1,1
0,0,0,0,0,0,0,9.55422,0,0,0,0,0,0,0,0,-0.540073,0,0,0,1,0,0,0,0,0,0,0,0,0,0,0,1.40718,1,0,0,0,0,0,0,1.108537,0,0,-0.763475,0,0,0,0,0,0,0,0,0,0,0,0,0,0,0,0,0,0,0,0,0,0,0,0,0,0,0,0,0,0,0,0,0,0,0,0,0,0,0,0,0,0,0,-0.603865,0,0,-0.871904,0,0,0,0,0,0,0,0,0,0,0,1
0,0,0,0,0,0,0,-0.654368,0,0,0,0,0,0,0,0,-0.784676,0,0,0,0,0,0,0,0,0,0,0,0,0,1,0,0.87458,3,0,0,0,0,0,0,1.821193,0,0,-0.586863,0,0,0,0,0,0,0,0,0,0,1,0,0,0,0,1,0,0,0,0,0,0,0,0,1,0,0,0,0,0,0,0,0,1,0,0,0,0,0,0,0,0,0,-0.684531,0,0,-0.440776,1,0,0,0,0,0,0,0,0,1,1,1
0,0,0,0,0,0,0,-0.700112,1,0,0,0,0,0,0,0,-0.612076,0,0,0,0,0,0,0,0,0,0,0,0,0,0,0,0.90847,5,0,0,0,0,0,0,2.294197,0,0,-0.583685,0,0,0,0,0,0,0,0,0,0,0,0,0,0,0,0,0,0,0,0,0,0,0,0,0,0,0,0,0,0,0,0,0,0,0,0,0,0,0,0,0,0,0,-0.667418,0,0,-0.065234,0,0,0,0,0,0,0,0,1,0,1,1
0,0,1,1,0,0,0,-0.667673,0,0,0,0,0,0,0,0,-0.741383,0,0,0,0,0,0,0,1,0,0,0,0,0,0,0,1.34628,1,0,0,1,0,0,0,0.828304,0,0,-0.753716,0,0,1,0,0,0,0,0,0,0,0,0,0,0,0,0,0,0,0,0,0,0,0,0,0,0,0,0,0,0,0,0,0,0,0,0,0,0,0,0,0,0,0,-0.611435,0,0,-0.572143,0,0,0,0,0,1,0,0,0,0,1,1
0,0,0,0,0,0,0,-0.644492,0,0,0,0,0,0,0,0,-0.602652,0,0,0,0,0,0,0,0,0,0,0,0,0,0,0,1.48465,0,0,0,0,0,0,0,0.53159,0,0,-0.791557,0,0,0,0,0,0,0,0,0,0,0,0,0,0,0,0,0,0,0,0,0,0,0,0,0,0,0,0,0,0,0,0,0,0,0,0,0,0,0,0,0,0,0,-0.509994,0,0,-0.608127,0,0,0,0,0,0,0,0,0,0,1,1
0,0,0,0,0,0,0,-0.635388,0,0,0,0,0,0,0,0,-0.642299,0,0,0,0,0,0,0,0,0,0,0,0,0,0,0,0.52778,0,0,0,0,0,0,0,0.641264,0,0,-0.3531,0,0,0,0,0,0,0,0,0,0,0,0,0,0,0,0,0,0,0,1,0,0,0,0,0,0,0,0,0,0,0,0,0,0,0,0,0,0,0,0,0,0,0,-0.569512,0,0,-0.662527,0,0,0,0,0,0,0,0,0,0,0,1
0,0,0,0,0,0,0,-0.597527,0,0,0,0,0,0,0,0,-0.727972,0,0,0,0,0,0,0,1,0,0,0,0,0,0,0,1.66394,5,0,0,0,0,0,0,1.631219,0,0,-0.761552,0,0,0,0,0,1,0,0,0,0,1,0,0,0,0,0,1,0,0,1,0,0,0,0,0,0,0,0,0,0,0,0,0,0,0,0,0,0,0,0,0,1,0,-0.457458,0,0,-0.777886,0,0,0,0,0,0,0,0,0,0,1,1
0,0,0,0,1,0,0,-0.598482,0,0,0,0,0,0,0,0,-0.715684,0,0,0,0,0,0,0,0,0,0,0,0,0,0,0,0.87808,0,0,0,0,0,0,0,0.690162,0,0,-0.599389,0,0,0,0,0,0,0,0,0,0,0,0,0,0,0,0,0,0,0,0,0,0,1,0,0,0,0,0,0,0,0,0,0,0,0,0,0,0,0,0,0,0,0,-0.607824,0,0,-0.649537,0,0,0,0,0,0,0,0,0,0,0,1
0,0,0,0,0,0,0,-0.512281,0,0,0,0,0,0,0,0,-0.508106,0,0,0,0,0,0,0,0,0,0,1,0,0,0,0,1.3102,9,0,0,0,0,0,0,1.445157,0,0,-0.743553,0,0,0,0,0,0,0,0,0,0,0,0,0,0,0,0,0,0,0,0,0,0,0,0,0,0,0,0,0,0,0,0,0,0,0,0,0,0,0,0,0,0,0,-0.70939,0,0,-0.619636,0,0,0,0,0,0,0,0,1,0,1,1
0,0,0,0,0,0,0,1.02833,0,0,0,0,0,0,0,0,-0.685855,0,0,0,0,0,0,0,0,0,0,0,0,0,0,0,0.83172,2,0,0,0,0,0,0,0.681926,0,0,-0.57042,0,0,0,0,0,0,0,0,0,0,0,0,0,0,0,0,0,0,0,0,0,1,0,0,0,0,0,0,1,0,0,0,0,0,0,0,0,0,0,0,0,0,0,-0.552259,0,0,-0.577555,0,0,0,0,0,0,0,0,0,0,0,1
0,0,0,0,0,0,0,-0.773931,0,0,0,0,0,0,0,0,-0.724227,0,0,0,0,0,0,0,0,0,0,0,0,0,0,0,1.06367,0,0,0,0,0,0,0,0.253353,0,0,-0.670765,0,0,0,0,0,0,0,0,0,0,0,0,0,0,0,0,0,0,0,0,0,1,0,0,0,0,0,0,0,0,0,0,0,0,0,0,0,0,0,1,0,0,0,-0.788047,0,0,-0.480918,0,0,0,0,0,0,0,0,0,0,0,1
0,0,0,0,0,0,0,-0.78313,0,0,0,0,0,0,1,0,-0.648345,0,0,0,0,0,0,0,0,0,0,0,0,0,0,0,1.70788,2,0,0,0,0,0,0,0.659328,0,0,-0.782374,0,0,1,0,0,0,0,0,0,0,0,0,0,0,0,0,1,0,0,0,0,0,0,0,0,0,0,0,0,0,0,0,0,0,0,0,0,0,0,0,0,0,0,-0.65023,0,0,-0.532287,0,0,0,0,0,0,0,0,0,0,1,1
0,0,0,1,0,0,0,-0.720854,0,0,0,0,0,0,0,0,-0.59068,0,0,0,0,0,0,0,0,0,0,0,0,0,0,0,0.96941,0,0,0,0,0,0,0,1.283072,0,0,-0.649919,0,1,0,0,0,0,0,0,0,0,0,0,0,0,0,0,0,0,0,0,0,0,0,0,0,0,0,0,0,0,0,0,0,0,0,0,0,0,0,0,0,0,0,-0.538215,0,0,-0.791201,0,0,0,0,0,0,0,0,0,0,0,1
0,0,0,0,0,0,0,1.839241,0,0,0,0,0,0,0,0,-0.733732,0,0,0,0,0,0,0,0,0,0,0,0,0,0,0,0.88623,1,0,0,0,0,0,0,1.334507,0,0,-0.615278,0,0,0,0,0,0,0,0,0,0,0,0,0,0,0,0,0,0,0,0,0,0,0,0,0,0,0,0,0,0,0,0,0,0,0,0,0,0,0,0,0,0,0,-0.49297,0,0,-0.668191,0,1,0,0,0,0,0,1,0,1,0,1
0,0,0,0,0,0,0,-0.554715,0,0,0,0,0,0,0,0,-0.750382,0,0,0,0,0,0,0,0,0,0,0,0,0,1,0,0.85244,0,0,0,0,0,0,0,0.180505,0,0,-0.599533,0,0,0,0,0,0,0,0,0,0,0,0,0,0,0,0,0,0,0,1,0,0,0,0,0,0,0,0,1,0,0,0,0,0,0,0,0,0,0,0,0,0,0,-0.61275,0,0,-0.70385,0,0,0,0,0,0,0,0,0,0,0,1
0,0,0,1,0,0,0,-0.701791,0,0,0,0,0,0,0,0,-0.260753,0,0,0,0,0,0,1,0,0,0,0,0,0,1,0,1.56452,2,0,0,0,0,0,0,0.816793,0,1,-0.658474,0,0,0,0,0,0,0,0,0,0,1,0,1,0,0,1,0,0,0,1,0,1,0,0,0,0,0,0,0,0,0,0,0,0,0,0,0,0,0,0,0,0,0,-0.785459,0,0,-0.721038,0,0,0,0,0,0,1,1,0,0,1,1
0,0,0,0,0,0,0,-0.494818,0,0,0,0,0,0,0,1,-0.837306,0,0,1,0,0,0,0,0,0,0,0,0,0,0,0,0.99164,1,0,0,0,0,0,0,0.956951,0,0,-0.71511,0,0,0,0,0,0,0,0,0,0,0,0,0,0,0,0,0,0,1,0,0,0,0,0,0,0,0,0,0,0,0,0,0,0,1,0,0,1,0,0,0,0,0,-0.839063,0,0,-0.62968,0,0,0,0,0,0,0,0,0,0,0,1
0,0,0,0,0,0,0,-0.586892,0,0,0,0,0,0,0,0,-0.726965,0,0,0,0,0,0,0,0,0,0,0,0,0,0,0,0.60732,0,0,0,0,0,0,0,0.736709,0,0,-0.46056,0,0,0,0,0,0,0,0,0,0,0,0,0,0,0,0,0,0,0,0,0,0,0,0,0,0,1,0,1,0,0,0,0,0,0,0,0,0,0,0,0,0,0,-0.651851,0,0,-0.680547,0,0,0,0,0,0,0,0,0,0,0,1
0,0,0,0,0,0,0,-0.525835,0,0,0,0,0,0,0,0,-0.401416,0,0,0,0,0,0,0,0,0,0,0,0,0,0,0,0.71547,5,0,0,0,0,1,0,3.164171,0,0,-0.756053,0,0,0,0,0,0,0,0,0,0,0,0,0,0,0,0,0,0,0,0,0,0,0,0,0,1,0,0,0,0,0,0,0,0,0,0,1,0,0,1,0,0,0,-0.557261,0,0,-0.752922,0,0,0,0,0,0,0,0,0,0,1,1
0,0,0,0,0,0,0,-0.454313,0,0,0,0,0,0,0,0,-0.701814,0,0,0,0,0,0,0,0,0,0,0,0,0,0,0,1.21336,2,0,0,0,0,0,0,2.248105,0,0,-0.572121,0,0,0,0,0,0,0,0,0,0,0,1,0,0,0,0,0,0,0,0,0,0,0,0,0,0,0,0,0,0,0,0,0,0,0,0,0,0,0,0,0,0,0,-0.656606,0,0,-0.675783,0,0,0,0,0,0,0,0,0,0,1,1
0,0,0,1,0,0,0,-0.810522,0,0,0,0,0,0,0,0,-0.700724,0,0,0,0,0,0,0,0,0,0,0,0,0,0,0,1.03492,0,0,0,0,0,0,0,0.766278,0,0,-0.622303,0,0,0,0,0,0,0,0,0,0,0,0,0,0,0,0,0,0,0,0,0,0,0,0,0,0,0,0,0,0,0,0,0,0,0,0,0,0,0,0,0,0,0,-0.692281,0,1,-0.578613,0,0,0,0,0,0,0,1,0,0,0,1
0,0,0,1,0,0,0,-0.207672,0,0,0,0,0,0,0,0,7.606884,0,0,0,0,0,0,0,0,0,0,0,0,0,0,0,0.5354,0,0,0,0,1,0,0,0.729929,0,0,-0.455113,0,0,0,0,0,0,0,0,0,0,0,0,0,0,0,0,0,0,0,0,0,0,0,0,0,0,0,0,0,0,0,0,0,0,0,0,0,0,0,0,0,0,0,-0.63339,0,0,-0.716217,0,0,0,0,0,0,0,0,1,0,0,1
0,0,0,0,0,0,0,-0.646106,0,0,0,0,0,0,0,0,-0.86341,0,0,0,0,0,0,0,0,0,0,0,0,0,0,0,0.93044,5,0,0,1,0,0,0,1.500096,0,0,-0.686045,0,0,0,0,0,0,0,0,0,0,0,1,0,0,0,0,0,0,1,0,0,0,0,0,0,0,0,0,0,0,0,0,0,0,0,0,0,1,0,1,0,0,0,-0.757413,0,0,-0.774359,0,0,0,0,0,0,0,0,0,1,0,1
0,0,0,0,0,0,0,-0.612894,0,0,0,0,0,0,0,0,-0.656892,0,0,0,0,0,0,0,0,0,0,0,0,0,0,0,1.07891,4,0,0,1,0,0,0,1.600967,0,0,-0.694647,0,0,0,0,0,0,0,0,0,0,0,0,0,0,0,0,1,0,0,0,0,0,0,0,0,0,0,0,0,0,0,0,1,1,0,0,0,0,0,0,0,1,0,-0.684212,0,0,-0.683236,0,0,0,0,0,0,0,0,0,0,1,1
0,0,0,0,0,0,0,-0.650692,0,0,0,0,0,0,0,0,-0.693715,0,0,1,1,1,0,0,0,0,0,0,0,0,0,0,1.04326,3,0,0,0,0,0,0,2.179569,0,0,-0.704246,0,0,0,0,0,0,0,0,0,0,0,0,0,0,0,0,0,0,0,0,0,1,0,0,0,0,0,0,0,0,0,0,0,0,0,0,0,1,0,1,0,0,0,-0.750006,0,0,-0.572133,0,0,0,0,0,1,0,0,1,0,1,1
0,0,0,0,0,0,0,-0.646702,0,0,0,0,0,0,0,0,-0.668155,0,0,0,0,0,0,0,0,0,0,0,0,0,0,0,0.78679,1,0,0,0,0,0,0,0.300384,0,0,-0.560638,0,0,0,0,0,0,0,0,0,0,0,0,0,0,0,0,0,0,0,0,0,0,0,0,0,0,0,0,0,0,0,0,0,0,0,0,0,0,0,0,0,0,0,-0.624952,0,0,-0.74113,0,0,0,0,0,0,0,0,0,0,0,1
0,0,0,0,0,0,0,8.547694,0,0,0,0,0,0,0,0,-0.735499,0,0,0,0,0,0,1,0,0,0,0,0,0,0,0,1.13631,2,0,0,1,0,0,0,1.945794,0,0,-0.681634,0,0,0,0,0,0,0,0,0,0,0,0,0,0,0,0,0,0,0,0,0,0,0,0,0,0,0,0,0,0,0,0,0,0,0,0,0,0,0,0,0,1,0,-0.442274,0,0,-0.673945,0,0,1,0,0,0,0,0,0,0,1,1
0,0,0,0,0,0,0,-0.589384,0,0,0,0,0,0,0,0,1.585872,0,0,0,0,0,0,0,0,0,0,0,0,0,0,0,0.8966,0,0,0,0,0,0,0,0.82791,0,0,-0.617599,0,0,0,0,0,0,0,0,0,0,0,0,0,0,0,0,0,0,0,0,0,0,0,0,0,0,0,0,0,0,0,0,0,0,0,0,0,0,0,0,0,0,0,-0.745153,0,0,-0.704762,0,0,0,0,0,0,0,0,0,0,1,1
0,0,0,0,0,0,0,-0.516287,0,0,0,0,0,0,0,0,-0.806997,0,0,0,0,0,0,0,0,0,0,0,0,0,1,0,1.52311,3,0,0,0,0,0,0,1.219556,0,0,-0.793884,0,0,0,0,0,0,0,0,0,0,0,0,0,0,0,0,0,1,0,0,0,0,0,0,0,0,0,0,0,0,0,0,0,0,0,0,0,0,0,0,0,0,0,-0.573348,0,0,-0.788393,0,0,0,0,0,0,0,0,0,0,1,1
0,0,0,0,0,0,0,-0.853508,0,1,0,0,0,0,0,0,-0.525464,0,0,0,0,0,0,0,0,0,0,0,0,0,0,0,1.2627,1,0,0,0,0,0,0,1.275538,0,0,-0.707296,0,0,0,0,0,0,0,0,0,0,0,0,0,1,0,0,0,0,0,0,0,0,0,0,0,0,0,0,0,0,0,0,0,0,0,0,0,0,0,0,0,0,0,-0.726917,0,0,-0.703226,0,0,0,0,0,0,0,0,0,0,1,1
0,0,0,0,0,0,0,-0.77962,0,0,0,0,0,0,0,0,-0.384749,0,0,0,0,0,0,0,0,0,0,0,0,0,0,0,1.64758,4,0,0,1,0,0,0,0.949565,0,0,-0.76846,0,0,0,0,0,0,0,0,0,0,0,0,0,0,0,0,0,0,0,0,0,0,0,0,0,0,0,0,0,0,0,0,0,0,0,0,0,0,0,0,0,1,0,-0.760051,0,0,-0.820844,0,0,0,0,0,0,0,1,0,0,1,1
0,0,0,0,0,0,0,-0.706989,0,0,0,0,0,0,0,0,-0.319749,0,0,0,0,0,0,0,0,0,0,0,0,0,1,0,2.1799,2,0,0,0,1,0,0,0.225682,0,0,-0.870712,0,0,0,0,0,0,0,0,0,0,0,0,0,0,0,0,0,0,0,0,0,0,0,0,0,0,0,0,0,0,0,0,0,0,0,0,0,0,0,0,0,0,0,-0.728883,0,0,-0.632835,0,0,0,0,0,0,0,0,0,0,1,1
0,0,0,0,0,1,0,-0.653004,0,0,0,0,0,0,0,0,-0.475524,0,0,0,0,0,0,0,0,0,0,0,0,0,0,0,1.43227,5,0,0,0,0,0,0,1.473266,0,0,-0.760748,0,0,0,0,0,0,0,0,0,0,0,0,0,0,0,0,0,0,0,0,0,0,1,0,0,1,0,0,0,0,0,0,0,0,0,0,1,0,0,0,0,0,0,-0.752299,0,0,-0.574621,0,0,0,0,0,0,0,1,1,0,1,1
0,0,0,0,0,0,0,-0.594632,0,0,1,0,0,0,0,0,-0.709183,0,0,0,0,0,0,0,0,0,0,0,0,0,0,0,1.96077,4,0,1,1,0,0,1,1.133952,0,1,-0.746042,0,0,0,0,0,0,0,0,0,0,0,1,0,0,0,0,0,0,0,0,0,0,0,0,0,0,0,1,0,0,0,0,1,0,0,0,0,1,0,1,0,0,1,8.403472,0,0,-0.850332,0,0,0,0,0,0,0,0,0,0,1,1
0,0,0,0,0,0,0,-0.764774,0,0,0,0,0,0,0,0,-0.6448,0,0,1,0,0,0,0,0,0,0,0,0,0,0,0,0.81105,0,0,0,0,0,0,0,0.901293,0,0,-0.552087,0,0,0,0,0,0,0,0,0,0,0,0,0,0,0,0,0,0,0,0,0,0,0,0,0,0,0,0,0,0,0,0,0,0,0,0,0,0,0,0,0,0,0,-0.666806,0,0,-0.66456,0,0,0,0,0,1,0,0,0,0,0,1
0,0,0,0,0,0,0,-0.526971,0,0,0,0,0,0,0,0,-0.666651,0,0,0,0,0,0,0,0,0,0,0,0,0,0,0,0.806,0,0,0,0,0,0,0,1.36446,0,0,-0.562465,0,1,1,0,0,0,0,0,0,0,0,0,0,0,0,0,0,0,0,0,0,0,0,0,0,0,0,0,0,0,0,0,0,0,0,0,0,0,0,0,0,0,0,-0.698289,0,0,-0.808142,0,0,0,0,0,0,0,0,0,1,0,1
0,0,0,0,0,0,0,-0.498855,0,0,0,0,0,0,0,0,-0.520506,0,0,0,0,0,0,0,0,0,0,0,0,0,0,0,0.68753,1,0,0,0,0,0,0,0.673885,0,0,-0.500325,0,0,0,0,0,0,0,0,0,0,0,0,0,0,0,0,0,0,0,0,0,0,0,0,0,0,0,0,0,0,0,0,0,0,0,0,0,0,0,0,0,0,0,-0.679221,0,0,-0.577607,0,0,0,0,0,0,0,1,0,0,0,1
0,0,0,0,0,0,0,-0.715227,0,0,0,0,1,0,0,0,-0.567729,0,0,1,0,0,0,1,0,0,0,0,0,0,0,0,2.47267,2,0,0,0,0,0,0,0.845557,1,0,-0.844839,0,0,0,0,0,0,0,0,0,0,0,0,0,0,0,0,0,0,0,0,0,0,0,0,0,1,1,0,0,0,0,0,1,0,0,0,0,0,0,0,0,0,0,-0.705099,0,0,-0.521982,0,0,0,0,0,0,0,0,0,0,1,1
0,0,0,0,0,0,0,-0.769886,0,0,1,0,0,0,0,0,-0.623544,0,0,0,0,0,0,0,0,0,0,0,0,0,0,0,1.61783,4,0,0,0,0,0,0,1.538597,0,0,-0.767552,0,0,0,0,0,0,0,0,0,0,0,1,0,0,0,0,0,0,0,0,1,0,0,0,0,0,0,0,0,0,0,0,0,1,0,0,0,0,0,0,0,0,0,-0.590583,0,0,-0.812037,0,0,0,0,0,1,0,0,0,0,1,1
0,0,0,0,0,0,0,-0.612273,0,0,0,0,0,0,0,0,-0.837099,0,1,0,0,0,0,0,0,0,0,0,0,0,0,0,0.91382,0,0,0,0,0,0,0,1.065742,0,0,-0.632369,0,0,0,0,0,0,0,0,1,0,0,0,0,0,0,0,0,0,0,0,0,0,0,0,0,0,1,0,0,0,0,0,0,0,0,0,0,0,0,0,0,0,0,-0.714906,0,0,-0.68421,0,0,0,0,0,0,0,0,0,0,0,1
0,0,0,0,0,0,0,-0.602969,0,0,0,0,0,0,0,0,-0.55318,0,0,0,1,0,0,0,0,0,0,0,0,0,0,0,0.72157,3,0,0,0,0,0,0,2.344906,0,0,-0.326897,0,0,0,0,0,0,0,0,0,0,0,0,0,0,0,0,0,0,0,0,0,0,0,0,0,0,0,0,0,0,0,0,0,0,0,0,0,0,0,0,0,0,0,-0.721461,0,0,-0.518555,0,1,0,0,1,0,0,0,0,0,0,1
0,0,0,1,0,0,0,-0.483143,0,0,0,0,0,0,0,0,-0.829883,0,0,0,0,0,0,0,0,0,0,0,0,0,0,0,0.91532,0,0,0,1,0,0,0,1.597898,0,0,-0.585766,0,0,0,0,0,0,0,0,0,0,0,0,0,0,0,0,0,0,0,0,0,0,0,0,0,0,0,0,0,0,0,0,0,0,0,0,0,0,0,0,0,0,0,-0.755919,0,0,-0.606356,0,0,0,0,0,0,0,0,0,0,1,1
0,0,0,0,0,0,0,-0.561761,0,0,0,0,0,0,0,0,-0.56221,0,0,0,0,0,0,0,0,0,0,0,0,0,0,0,1.15311,2,0,0,0,0,0,0,1.393691,0,0,-0.689936,0,1,0,0,0,0,0,0,0,0,0,0,0,0,0,0,0,0,0,0,0,0,0,0,0,0,0,0,0,0,0,0,0,0,0,0,0,1,0,0,0,0,0,-0.535306,0,0,-0.67352,0,0,0,0,0,0,0,0,0,0,1,1
0,0,0,0,0,0,0,-0.717297,0,0,0,0,0,0,0,0,-0.688654,0,0,0,0,0,0,0,0,0,0,0,0,0,0,0,1.18641,4,0,0,0,0,0,0,1.410692,0,0,-0.727725,0,0,0,0,0,0,0,0,0,0,0,0,0,0,0,0,0,0,0,0,0,0,0,0,0,0,0,0,0,0,0,0,0,0,0,0,0,0,0,0,0,0,0,-0.700273,0,0,-0.586935,0,0,0,0,0,0,0,0,0,0,1,1
0,0,0,0,0,0,0,-0.473925,0,0,0,1,0,0,0,0,-0.70733,0,0,0,0,0,0,0,0,0,0,0,0,0,1,0,0.93425,2,0,0,0,0,0,0,2.78939,0,0,-0.692877,0,0,0,0,0,0,0,0,1,0,0,0,0,0,0,0,0,0,0,0,1,0,0,0,0,0,0,0,0,0,0,0,0,0,0,0,0,0,0,0,0,0,0,8.173122,0,0,-0.821979,0,0,0,0,0,1,0,0,0,0,1,1
0,0,0,0,0,0,0,-0.425673,0,0,0,0,0,0,0,0,-0.64591,0,0,0,0,0,0,0,0,0,0,0,0,0,0,0,0.61101,0,0,0,0,0,0,0,0.715362,0,0,-0.433297,0,0,0,0,0,0,1,0,0,0,0,0,0,0,0,0,0,0,0,0,0,0,0,0,0,0,0,0,0,0,0,0,0,0,0,0,0,0,0,0,0,0,0,-0.838624,0,0,-0.442562,0,0,0,0,0,0,0,0,0,0,0,1
0,0,0,0,0,0,0,-0.357133,0,0,0,0,0,0,0,0,-0.903987,0,0,0,0,0,0,0,0,0,0,0,0,0,0,0,0.76903,1,0,0,0,0,0,0,1.233244,0,0,-0.600691,0,0,0,0,0,0,0,0,0,0,0,0,0,0,0,0,0,0,0,0,0,1,0,0,0,0,0,0,0,0,0,0,0,0,0,0,0,0,0,0,0,1,0,-0.818158,0,0,-0.746832,0,0,0,0,0,0,0,0,0,0,0,1
0,0,0,0,0,0,0,-0.790592,0,0,0,0,0,0,0,0,-0.703297,0,0,0,0,0,0,0,0,0,0,0,0,0,0,0,0.84914,0,0,0,0,1,0,0,0.233333,0,0,-0.594411,0,0,0,0,0,0,0,0,0,0,0,0,0,0,0,0,0,0,0,0,0,0,0,0,0,0,1,0,0,0,0,0,0,0,0,0,0,0,0,0,0,0,0,-0.647612,0,0,-0.647589,0,0,0,0,0,1,0,0,0,0,0,1
0,0,0,0,0,0,0,-0.583671,0,0,0,0,0,0,0,0,-0.684324,0,0,1,0,0,0,0,0,0,0,0,0,0,1,0,1.92409,0,1,0,0,1,0,0,0.304609,0,0,-0.813111,0,0,0,0,0,0,0,0,0,0,0,0,0,0,1,0,0,0,0,0,0,0,0,0,0,0,0,0,0,0,0,0,0,0,0,0,0,0,0,0,0,0,0,8.516006,0,0,-0.534292,0,0,0,0,0,0,0,0,0,0,0,1
0,0,0,1,0,0,0,-0.68178,0,0,0,0,0,0,0,0,-0.379946,0,0,0,0,0,0,0,0,0,0,0,0,0,0,0,1.44451,0,0,0,0,0,0,0,0.683103,0,0,-0.763876,0,0,0,0,0,0,0,0,0,0,0,0,0,0,0,0,0,0,1,0,0,0,0,0,0,0,0,0,0,0,0,0,0,0,0,0,0,0,0,0,0,0,0,-0.598339,0,0,-0.679515,0,0,0,0,0,0,0,0,0,1,0,1
0,0,0,0,0,0,0,-0.681847,0,0,0,0,0,0,0,0,-0.68952,0,0,0,0,1,0,0,0,0,0,0,0,0,0,0,0.60743,0,0,0,0,0,0,0,0.651087,0,0,-0.388437,0,0,0,0,0,0,0,0,0,0,0,0,0,0,0,0,0,0,0,0,0,0,0,0,0,0,0,0,0,0,0,0,0,0,0,0,0,0,0,1,0,0,0,-0.645223,0,0,-0.837634,0,0,0,0,0,0,0,0,0,0,0,1
0,0,0,0,0,0,0,-0.634136,0,0,0,0,0,0,0,0,-0.700758,0,0,1,1,0,0,0,0,0,0,0,0,0,0,0,1.06713,2,0,0,0,0,0,0,1.395428,0,0,-0.719554,0,0,0,0,0,0,0,0,0,0,0,0,0,0,0,0,0,0,0,0,0,0,0,0,0,0,0,0,1,0,0,0,0,0,0,0,0,0,0,1,0,0,0,-0.756172,0,0,-0.660752,0,0,0,0,0,0,0,0,0,0,1,1
0,0,0,0,0,0,0,-0.692095,0,0,0,0,0,0,0,0,-0.682863,0,0,0,0,0,0,0,0,0,0,0,0,0,0,0,1.11017,0,0,0,0,0,0,0,0.243493,0,0,-0.745888,0,0,0,0,0,0,0,0,0,0,0,0,0,1,0,0,0,0,0,0,0,0,0,0,0,0,0,0,0,0,0,0,0,0,0,0,0,0,0,0,0,0,0,-0.688105,0,0,-0.620113,0,0,0,0,0,0,0,0,0,0,0,1
0,0,0,0,0,0,0,-0.690494,1,0,0,0,0,0,0,0,-0.498593,0,0,0,0,0,0,0,0,0,0,0,0,0,0,0,1.1584,1,0,0,0,0,1,0,0.326318,0,0,-0.786664,0,0,0,0,0,0,0,0,0,0,0,0,0,1,0,0,0,0,0,0,0,0,0,0,0,0,0,0,0,0,0,0,0,0,0,0,0,0,0,0,0,0,0,-0.795306,0,0,-0.779642,0,0,0,0,0,0,0,0,0,0,1,1
0,1,0,0,0,0,0,-0.66795,0,0,0,0,0,0,0,0,-0.664986,0,0,0,0,0,0,0,0,0,0,0,0,0,0,0,0.89526,1,0,0,0,0,0,0,1.565108,0,0,-0.59896,1,0,0,0,0,0,0,0,0,0,0,0,1,1,0,0,0,0,0,0,0,0,0,1,0,0,0,0,0,0,0,0,0,0,0,0,0,0,0,0,0,0,0,-0.562203,0,0,-0.481182,0,0,0,0,0,0,0,0,0,0,1,1
0,0,0,0,0,0,0,-0.586993,0,0,0,0,0,0,0,0,-0.696428,0,0,0,0,0,0,0,1,0,0,0,0,0,0,0,0.86292,1,0,0,0,1,0,0,1.8216,0,0,-0.62209,0,0,0,0,0,0,0,0,0,0,0,0,0,0,0,0,0,0,0,0,0,0,0,0,0,0,0,0,0,0,0,0,0,0,0,0,0,0,0,0,0,0,0,-0.405144,0,0,-0.698324,0,0,0,0,0,1,0,0,0,0,1,1
0,0,0,0,0,0,0,-0.620398,0,0,0,0,0,0,0,0,-0.630359,0,0,0,0,0,0,0,0,0,0,0,0,0,0,0,0.94174,4,0,0,1,1,0,0,1.861499,0,0,-0.634439,0,0,0,0,0,0,0,0,0,0,0,0,0,0,0,0,0,0,0,0,0,0,0,0,0,0,0,0,0,0,0,0,0,0,0,0,0,0,0,0,0,0,0,-0.694927,0,0,-0.593096,0,0,0,0,0,0,0,0,0,0,1,1
0,0,0,0,0,0,0,-0.645854,0,0,0,0,0,0,0,1,-0.729748,0,0,0,0,0,0,0,0,0,0,0,1,0,0,0,0.73463,2,0,0,0,0,0,0,1.861776,0,0,-0.493551,0,0,0,0,0,0,0,0,0,0,0,0,0,1,0,0,0,0,0,1,0,0,0,0,0,0,0,0,0,0,0,0,0,1,0,0,0,0,0,0,0,0,0,-0.455295,0,0,-0.7141,0,0,0,0,0,0,0,0,0,0,1,1
0,0,0,0,0,0,0,-0.688009,0,0,0,0,0,0,0,0,-0.651095,0,0,0,0,0,0,0,0,0,1,0,0,0,0,0,1.38812,3,0,0,0,0,0,0,1.185092,0,0,-0.750344,0,0,0,0,0,0,0,0,0,0,1,0,0,0,0,0,0,0,0,0,0,1,0,0,1,0,0,0,0,0,0,0,0,0,0,0,0,0,0,0,0,0,0,-0.637289,0,0,-0.69507,0,0,0,0,0,0,0,0,0,1,1,1
0,0,0,0,0,0,0,-0.639463,0,0,0,1,0,0,0,0,-0.606382,0,0,0,0,0,0,0,0,0,0,0,0,0,0,0,0.82375,2,0,0,0,0,0,0,1.779835,0,0,-0.57912,0,0,0,0,0,0,0,0,0,0,1,0,0,0,0,0,0,0,0,0,0,0,0,0,0,0,0,0,1,0,0,0,0,0,0,0,0,0,0,0,0,0,0,-0.757821,0,0,-0.522918,0,0,0,0,0,0,0,0,0,1,1,1
0,0,0,0,0,0,0,-0.705419,0,0,0,0,0,0,0,0,-0.615601,0,1,0,0,0,0,0,0,0,0,0,0,0,0,0,1.20958,0,0,0,0,0,0,0,1.237647,0,0,-0.770623,0,0,0,0,0,0,0,0,0,0,0,0,0,0,0,0,0,0,0,0,0,0,0,0,0,0,0,0,0,0,0,0,0,0,0,0,0,0,0,0,0,0,0,-0.493541,0,0,-0.726441,0,0,0,0,1,0,0,0,0,0,1,1
0,0,0,0,1,0,0,-0.707151,0,0,0,0,1,1,0,0,-0.669185,0,0,0,0,0,0,1,0,0,0,0,0,0,0,0,0.98663,0,0,0,0,0,0,0,0.913083,0,0,-0.549108,0,0,0,0,0,0,0,0,0,0,0,0,0,0,1,0,0,0,0,0,0,0,0,0,0,0,0,0,0,0,0,0,0,0,0,0,0,0,0,0,0,0,0,-0.638926,0,0,-0.462227,0,0,0,0,0,0,0,0,0,0,0,1
0,0,0,1,0,0,0,-0.71337,0,0,0,0,0,0,0,0,-0.643112,0,0,0,0,0,0,0,0,0,0,0,0,0,0,0,1.08735,0,0,0,0,0,0,0,0.194162,0,0,-0.830474,0,0,0,0,0,0,0,0,1,0,0,0,0,0,0,0,0,0,0,0,0,0,0,0,0,0,0,0,0,0,0,0,0,0,0,0,0,0,0,0,0,0,0,-0.538204,0,0,-0.558103,0,0,0,0,0,1,0,0,0,0,0,1
0,0,0,0,0,0,0,-0.319891,0,0,0,0,0,0,0,0,-0.741046,0,0,0,0,0,0,0,0,0,0,0,0,0,0,0,1.31027,1,0,0,0,0,0,0,1.900396,0,0,-0.736214,0,0,0,0,0,0,0,0,0,0,0,0,0,0,0,0,0,1,0,0,0,0,0,0,0,0,1,0,1,0,0,0,0,0,0,0,0,0,0,0,0,0,0,-0.812608,0,0,-0.670523,0,0,0,0,0,0,0,0,0,1,1,1
0,0,0,0,0,0,0,-0.675492,0,0,0,0,0,0,0,0,-0.731695,0,0,0,0,0,0,0,0,0,0,0,0,0,0,0,1.28761,0,0,0,0,0,0,0,0.662058,0,0,-0.733371,0,0,0,0,0,0,0,0,0,0,0,0,0,0,0,0,0,0,0,0,1,0,0,0,0,0,0,0,0,0,0,0,0,0,0,0,0,0,0,0,0,0,0,-0.535174,0,0,-0.540203,0,0,0,0,0,0,0,0,0,0,0,1
0,0,0,0,0,0,0,-0.680642,0,0,0,0,0,0,0,0,-0.622177,0,0,0,0,0,0,0,0,0,0,0,0,0,0,0,1.10938,1,0,0,0,0,0,0,1.315391,1,0,-0.693075,0,0,0,0,0,0,0,0,0,0,0,1,0,0,0,0,0,0,0,0,0,0,0,0,0,0,1,0,0,0,0,0,1,0,0,0,0,0,0,0,0,0,0,-0.698214,0,0,-0.478938,0,0,0,0,0,0,0,0,0,0,1,1
0,0,0,0,0,0,0,-0.540856,0,0,0,0,0,0,0,0,-0.775276,0,0,0,0,0,0,0,0,0,0,0,0,0,0,0,0.66294,0,0,0,0,0,0,0,0.931756,0,0,-0.476048,0,0,0,0,0,0,0,0,0,0,0,0,0,0,0,0,0,0,0,1,0,0,0,0,0,0,0,0,0,0,0,0,0,0,0,0,0,0,0,0,0,0,0,-0.737552,0,0,-0.589616,0,0,0,0,0,0,0,0,0,0,0,1
0,0,0,0,0,0,0,-0.65427,0,0,0,0,0,0,0,0,-0.664172,0,0,0,0,0,0,0,0,0,0,0,0,0,0,0,1.72252,0,0,0,0,0,0,0,1.055379,0,0,-0.798442,0,0,0,0,0,0,0,0,0,0,0,0,0,0,0,0,0,0,1,0,0,0,0,0,0,0,0,0,0,0,0,0,0,0,0,0,0,0,0,0,0,0,0,-0.654297,0,0,-0.438718,0,0,0,0,0,0,0,0,0,0,1,1
0,0,0,0,0,0,0,-0.728959,0,0,0,0,0,0,0,0,-0.520745,0,0,0,0,0,0,0,0,0,0,0,0,0,0,0,1.26571,0,0,0,0,0,0,0,1.038424,0,0,1.627957,0,0,0,0,0,0,0,0,0,0,0,0,0,0,0,0,0,0,0,0,0,0,0,0,0,0,0,0,0,0,0,0,0,0,0,0,0,0,0,0,0,0,0,-0.598126,0,0,-0.830399,0,0,0,0,0,0,0,0,1,0,0,1
0,0,0,0,0,0,0,-0.491035,0,0,1,0,0,0,0,1,-0.5771,0,0,0,0,0,0,0,0,0,0,0,0,1,0,0,1.44025,0,0,0,1,0,0,0,0.617714,0,0,-0.765849,0,0,0,0,0,0,0,0,0,0,0,0,0,0,0,0,0,0,0,0,0,0,0,0,0,0,1,0,1,0,0,0,0,0,0,0,0,0,0,0,0,0,0,-0.505092,0,0,-0.467025,0,0,0,0,0,0,0,1,0,0,1,1
0,0,0,0,0,0,0,-0.723765,0,0,0,1,0,0,0,0,-0.547021,0,0,0,0,0,0,0,0,0,0,0,0,0,0,0,1.60463,3,0,0,0,0,0,0,1.068804,0,0,8.38207,0,0,0,0,0,0,0,0,0,0,1,0,0,0,0,0,0,0,0,0,0,0,0,0,0,0,0,0,0,0,0,0,0,0,0,0,0,1,0,0,0,0,0,-0.615649,0,0,-0.756941,0,0,0,0,0,0,0,0,1,0,1,1
0,0,0,0,0,0,0,-0.642256,0,0,0,0,0,0,0,0,-0.697967,0,0,0,0,0,0,0,0,0,0,0,0,0,0,0,1.11064,3,0,0,0,0,0,0,1.911669,0,0,-0.692308,0,0,0,0,0,0,0,0,0,0,0,0,0,0,0,0,0,0,0,1,0,0,0,0,0,0,0,0,0,0,0,0,0,0,0,0,0,0,0,0,0,0,0,-0.714367,0,0,-0.589031,0,0,0,1,0,0,0,1,0,0,1,1
0,0,0,0,0,0,0,-0.621058,0,0,1,0,0,0,0,0,-0.829236,0,0,0,0,0,0,0,0,0,0,0,0,0,0,0,1.27872,5,0,0,0,0,0,0,0.987357,0,0,6.621726,0,0,0,0,0,0,0,0,0,0,0,0,0,0,0,0,0,1,0,0,0,0,0,0,0,1,1,0,0,0,0,0,0,0,0,0,0,0,0,0,0,0,0,-0.767391,0,0,-0.590658,0,0,0,0,0,1,0,0,0,0,1,1
0,0,0,1,0,0,0,-0.789192,0,0,0,0,0,0,0,0,-0.671315,0,0,0,0,0,0,0,0,0,0,0,0,0,0,0,1.03663,2,0,0,0,0,1,0,1.587083,0,0,-0.706011,0,0,0,0,0,0,0,0,0,0,0,1,0,0,0,1,0,0,0,0,0,0,0,0,0,0,0,0,0,0,0,0,0,0,0,0,0,0,0,0,0,0,0,-0.587778,0,0,-0.600767,0,0,0,0,1,0,0,0,0,0,1,1
0,0,0,1,0,0,0,-0.799052,0,0,0,0,0,0,0,0,-0.599559,0,0,0,0,1,0,0,0,0,0,0,0,0,0,0,1.98717,4,0,0,0,0,0,0,0.941551,0,0,-0.806068,0,0,0,1,0,0,0,0,0,0,0,0,0,0,0,0,0,0,0,0,1,0,0,0,0,0,1,0,0,0,0,0,0,0,0,0,0,0,0,0,0,0,0,-0.746469,0,0,-0.650853,0,0,0,0,0,0,0,0,0,0,1,1
0,0,0,1,0,0,0,-0.586152,0,0,0,0,0,0,0,0,-0.707487,0,0,0,1,0,0,0,0,0,0,0,0,0,0,0,0.48259,2,0,0,0,0,0,0,1.539511,0,0,-0.588922,0,0,0,0,0,0,0,0,0,0,0,0,0,0,0,0,0,0,0,0,0,0,0,0,0,0,0,0,0,0,0,0,0,0,0,0,0,0,0,0,0,0,0,-0.759207,0,0,-0.757844,0,0,0,0,0,0,0,0,0,0,0,1
0,0,0,0,0,0,0,-0.752051,0,0,0,0,0,0,0,0,-0.729707,0,0,0,0,0,0,0,0,0,0,0,0,0,0,0,0.49056,4,0,0,0,0,0,0,2.837684,0,0,-0.388804,0,0,0,0,0,0,0,0,0,0,0,0,0,0,0,0,0,0,0,0,0,0,0,0,0,0,1,0,0,0,0,0,0,0,0,0,0,0,0,0,0,0,0,-0.796791,0,0,-0.454733,0,0,0,0,0,0,0,0,0,0,1,1
0,0,0,0,0,0,0,-0.610539,0,0,0,0,0,0,0,0,-0.728947,0,0,0,0,0,0,0,0,0,0,0,0,0,0,0,1.66046,2,0,0,0,0,1,0,0.846671,0,0,-0.798277,0,0,0,0,0,0,0,0,0,0,0,0,0,0,0,0,0,1,1,0,0,0,0,0,1,0,0,0,0,0,0,0,0,0,0,0,0,0,0,0,0,0,0,-0.568733,0,0,-0.691779,0,0,0,0,0,0,0,0,0,0,1,1
0,0,0,0,0,0,0,-0.636106,0,0,0,0,0,0,0,0,-0.719887,0,0,0,0,1,0,0,0,0,0,0,0,0,0,0,1.02968,1,0,0,0,0,0,0,0.747013,0,0,-0.690978,0,0,0,0,0,0,0,0,0,0,1,0,0,1,0,0,0,0,0,0,0,0,0,0,0,0,0,0,0,0,0,0,0,0,0,0,0,0,0,0,0,0,0,-0.741674,0,0,-0.193695,0,0,0,0,0,0,0,0,0,0,1,1
0,0,0,0,0,0,0,-0.754231,0,0,0,0,0,0,0,0,-0.486409,0,0,0,1,0,0,0,0,0,0,0,0,0,1,0,1.35681,0,0,0,0,0,0,0,0.197175,0,0,-0.649857,0,0,0,0,0,0,0,0,0,0,0,1,0,0,0,0,0,0,0,0,0,0,0,0,0,1,0,0,0,0,0,0,0,0,0,0,0,0,0,0,0,0,0,-0.755844,0,0,-0.762805,0,0,0,0,0,0,0,0,0,0,0,1
0,0,0,0,0,0,0,-0.76568,0,0,0,0,0,0,0,0,-0.619954,0,0,0,0,0,0,0,0,0,0,0,0,0,0,0,0.86252,1,0,0,0,0,0,0,0.225467,0,0,-0.600711,0,0,0,0,0,0,0,0,0,0,0,0,0,0,0,0,0,0,0,0,0,0,0,0,0,0,0,0,0,0,0,0,0,0,0,0,0,0,0,0,0,0,0,-0.701035,0,0,3.11981,0,0,0,0,0,1,0,0,0,0,0,1
0,0,0,0,0,0,0,-0.695817,1,0,0,0,0,0,0,0,-0.735199,0,0,0,0,0,0,0,0,0,0,0,1,0,0,0,0.64743,1,0,0,0,0,0,0,1.374885,0,0,-0.483032,0,0,0,0,0,0,0,0,0,1,0,0,0,0,0,0,0,0,0,0,0,1,0,0,0,0,0,0,0,0,0,0,0,0,0,0,0,0,0,0,1,0,0,-0.653349,0,0,-0.58591,0,0,0,0,1,0,0,0,0,0,1,1
0,0,0,0,0,0,0,-0.728985,0,0,0,0,0,0,0,0,-0.789485,0,0,0,0,0,0,0,0,0,0,0,0,0,0,0,0.89882,0,0,0,1,0,0,0,1.614992,0,0,-0.599134,0,0,0,0,0,0,0,0,0,0,0,0,0,0,0,0,0,0,0,0,0,0,0,0,0,1,0,0,0,0,0,0,0,0,0,0,0,0,0,0,0,0,0,-0.712508,0,0,-0.617043,0,0,0,0,0,0,0,0,0,0,0,1
0,0,0,0,0,0,0,-0.683537,0,0,0,0,0,0,0,0,-0.56516,0,0,0,0,0,0,0,0,0,0,0,0,0,0,0,1.30972,2,0,0,0,1,0,0,0.856203,0,0,-0.73377,0,0,0,0,0,0,0,0,0,0,0,0,0,0,0,0,0,0,0,0,0,0,0,0,0,0,0,0,0,0,0,0,0,0,0,0,0,0,0,0,0,0,0,-0.596528,0,0,-0.78964,0,0,0,0,0,0,0,0,0,0,1,1
0,0,0,0,0,0,0,-0.583073,0,0,0,0,0,0,0,1,-0.517369,0,0,0,0,0,0,0,1,0,0,0,0,0,1,0,1.20518,0,0,0,0,0,0,0,0.329255,0,0,-0.707672,0,0,0,0,0,0,0,0,0,0,0,0,0,0,0,0,0,0,0,0,0,0,0,0,0,0,0,0,0,0,0,0,0,0,0,0,0,0,0,0,0,0,0,-0.444126,0,0,-0.768938,0,0,0,0,0,0,0,0,0,0,0,1
0,0,0,0,0,0,0,-0.593829,0,0,0,0,0,0,0,0,-0.649409,0,0,0,0,0,0,0,0,0,0,0,0,0,0,0,1.06431,0,0,0,0,0,0,0,0.798788,0,0,-0.685828,0,0,0,0,0,0,1,0,0,0,0,1,0,0,0,0,0,0,0,0,0,0,1,0,0,0,0,0,0,0,0,0,0,0,0,0,0,0,0,1,0,0,0,-0.598706,0,0,-0.590803,0,0,0,0,0,0,0,0,0,0,0,1
0,0,0,0,0,0,0,-0.596446,0,0,1,0,0,0,0,0,-0.597659,0,0,1,0,0,0,0,0,0,0,0,0,0,0,0,1.2837,5,0,0,0,0,0,0,1.175575,0,0,-0.743842,0,0,0,0,0,0,0,0,0,0,0,0,0,0,0,0,0,0,0,0,0,0,0,0,0,0,0,0,0,0,0,0,0,0,0,0,0,0,0,0,0,0,0,-0.805456,0,0,-0.736092,0,0,0,0,0,0,0,0,0,0,1,1
0,0,0,0,0,0,0,-0.818623,0,0,0,0,0,0,0,0,-0.708008,0,0,0,0,0,0,0,0,0,0,0,0,0,1,0,1.73341,3,0,0,0,0,0,0,0.648373,0,0,-0.793117,0,0,0,0,0,0,0,0,0,0,0,0,0,0,0,0,0,0,0,0,0,1,0,0,0,0,0,0,0,0,0,0,0,0,0,0,0,0,0,0,0,0,0,-0.525713,0,0,-0.311576,0,0,0,0,0,0,0,0,0,0,1,1
0,0,0,0,0,0,0,-0.571081,0,0,1,0,1,0,0,0,-0.646967,0,0,0,0,0,1,0,0,0,0,0,0,0,1,0,1.22397,3,0,0,0,0,0,0,1.058698,0,0,-0.705163,0,0,0,0,0,0,0,0,0,0,0,0,0,0,1,0,0,0,0,0,0,0,0,0,0,0,0,1,0,0,0,0,1,0,0,0,1,0,0,0,0,0,1,-0.661504,0,0,-0.663185,0,0,0,1,0,0,0,0,0,0,0,1
0,0,0,1,0,0,0,-0.778272,0,0,0,0,0,0,0,0,-0.786887,0,0,0,0,0,0,0,0,0,0,0,0,0,0,0,0.76286,3,0,1,0,0,0,0,2.053485,0,0,-0.653617,0,0,0,0,0,0,0,0,0,0,0,1,0,1,0,0,0,0,0,0,0,0,0,0,0,0,0,0,0,0,0,0,0,0,0,0,0,0,0,0,0,0,0,-0.840174,0,0,-0.816749,0,0,0,0,0,0,0,0,1,0,0,1
0,0,0,0,0,0,0,-0.758638,0,0,0,0,0,0,0,0,-0.433177,0,0,0,1,0,0,0,0,0,0,0,0,0,0,0,1.08149,3,0,0,0,0,0,0,1.029244,0,1,-0.681646,0,0,0,0,0,0,0,0,0,0,0,0,0,0,0,0,0,0,0,0,0,0,0,0,0,0,0,0,0,0,0,0,0,0,0,0,0,0,0,0,0,0,0,-0.520676,0,0,-0.776121,0,0,0,0,0,0,0,0,0,0,1,1
0,0,0,0,0,0,0,-0.624609,0,0,0,0,0,0,0,0,-0.724795,0,0,0,0,0,0,0,0,0,0,0,0,0,0,0,1.47562,1,0,0,0,0,0,0,0.716229,0,0,-0.768463,0,0,0,0,0,0,0,0,0,0,0,0,0,0,0,0,0,0,0,0,1,0,0,0,0,0,0,0,0,0,0,0,0,0,0,0,0,0,0,0,0,0,0,-0.678217,0,0,-0.663288,0,0,0,0,0,0,0,0,0,0,1,1
0,0,0,0,0,0,0,-0.823912,0,0,0,0,0,0,0,0,-0.7854,0,0,0,0,0,0,0,0,0,0,0,0,0,1,0,0.79106,0,0,0,0,0,0,0,0.314121,0,0,-0.610132,0,0,0,0,0,0,0,0,0,0,0,0,0,0,0,0,0,0,0,0,0,0,1,0,0,0,0,0,0,0,0,0,0,0,0,0,0,0,0,0,0,0,0,-0.732244,0,0,-0.609366,0,0,0,0,0,0,0,0,0,0,0,1
0,0,0,0,0,0,0,-0.588005,0,0,0,0,0,0,0,0,-0.667231,0,0,0,0,0,0,0,0,0,0,0,0,0,0,0,1.11321,3,0,0,0,0,1,0,2.112763,0,0,-0.734922,0,0,0,0,0,0,0,0,0,0,0,0,0,0,0,0,0,0,0,0,0,0,0,0,0,0,0,0,0,0,0,0,0,0,0,0,0,0,0,0,0,0,0,-0.746056,0,0,-0.752959,0,0,0,0,0,0,0,0,0,0,1,1
0,0,0,0,0,0,0,-0.734127,0,0,0,0,0,0,0,0,-0.786857,0,0,0,0,0,0,0,0,0,0,0,0,0,0,0,3.52837,11,0,0,0,0,0,0,0.557729,0,0,-0.906056,1,0,0,0,0,0,0,0,0,0,0,0,0,1,0,0,1,1,0,0,0,0,0,0,0,0,0,0,1,0,0,0,0,0,0,0,0,0,0,0,0,0,0,-0.643532,0,0,-0.667556,0,1,0,0,0,0,0,0,0,0,1,1
0,0,0,0,0,0,0,-0.533163,0,0,0,0,0,0,0,0,-0.79173,0,0,0,0,0,0,0,0,0,0,0,0,0,0,0,1.01615,1,0,0,0,0,0,0,0.588464,0,0,-0.660984,0,0,0,0,0,0,0,0,0,0,0,0,0,0,0,0,0,0,0,0,0,0,0,0,0,0,0,0,0,0,0,0,0,0,0,0,0,0,0,0,0,0,0,-0.564142,0,0,-0.690981,0,1,0,0,0,0,0,0,0,1,0,1
0,0,0,0,0,0,0,-0.621316,0,0,0,0,0,0,0,0,-0.603254,0,0,0,0,0,0,0,0,0,0,0,0,0,0,0,1.53156,1,0,0,0,0,0,0,1.133018,0,0,-0.77816,0,0,0,0,0,0,1,0,0,0,0,0,0,0,0,0,0,0,0,0,0,0,0,0,0,0,0,0,1,0,0,0,0,0,0,0,0,0,0,0,0,0,0,-0.739124,0,0,-0.820948,0,0,0,0,0,0,0,0,0,0,1,1
0,0,0,0,0,0,0,-0.621377,0,0,0,0,0,0,0,0,-0.774473,0,0,0,1,0,0,0,0,0,0,0,0,0,0,0,1.5603,2,0,0,0,0,0,0,0.553159,0,0,-0.780506,0,0,0,0,0,0,0,0,0,0,0,0,0,0,0,0,0,0,0,0,0,0,0,0,0,0,0,0,0,0,0,0,0,0,0,0,0,0,0,0,0,0,0,-0.613207,0,0,-0.719863,0,0,0,0,0,0,0,1,0,0,1,1
0,0,0,0,0,0,0,-0.650158,0,0,0,0,0,0,0,0,-0.736789,0,0,0,0,0,0,0,0,0,0,0,0,0,0,0,1.91198,4,0,0,0,0,0,0,0.831216,0,0,-0.820268,0,0,0,0,0,0,0,0,0,1,0,0,0,0,0,0,0,0,0,0,0,0,0,0,0,1,0,0,0,0,0,0,0,0,0,0,0,1,0,0,0,0,0,-0.737544,0,0,-0.652108,0,0,0,0,0,0,0,0,0,0,1,1
0,0,0,0,0,0,0,-0.677898,0,0,0,0,0,0,0,0,-0.653489,0,0,1,0,0,0,0,0,0,0,0,0,0,0,0,1.63005,3,0,0,0,0,0,0,0.979102,0,0,-0.793191,0,0,0,0,0,0,0,0,0,0,0,1,0,0,0,0,0,0,1,0,0,0,0,0,1,0,0,0,0,0,0,0,0,0,0,0,0,0,0,0,0,0,0,-0.864265,0,0,-0.657249,0,0,0,0,0,0,0,0,0,0,1,1
0,0,0,0,0,0,0,-0.659341,0,0,1,0,0,0,0,0,-0.709485,0,0,0,0,0,0,0,0,0,0,0,0,0,0,0,1.14329,4,0,1,0,0,0,0,2.289899,0,0,-0.721637,0,0,0,0,0,0,0,0,0,0,0,0,0,0,1,0,0,0,0,0,0,0,0,0,0,1,0,0,0,0,0,0,0,0,0,0,0,0,0,1,0,0,0,-0.690537,0,0,-0.717315,0,0,0,0,0,0,0,0,0,0,1,1
0,0,0,0,0,0,0,-0.763923,0,0,0,1,1,0,0,0,-0.622182,0,0,0,0,0,0,0,0,0,0,0,0,0,0,0,1.21312,0,1,0,0,0,0,0,1.509225,0,0,-0.684913,1,0,0,0,0,0,0,0,0,0,0,0,0,0,0,0,0,0,0,0,0,0,0,1,0,1,0,0,0,0,0,0,0,0,0,0,0,0,0,0,0,0,0,-0.594423,0,0,-0.609636,0,0,0,0,0,0,0,0,0,0,1,1
0,0,0,0,0,0,0,-0.649239,0,0,0,0,0,0,1,0,-0.623415,0,0,0,0,0,0,0,0,0,0,0,0,0,0,0,1.5857,3,0,0,0,0,0,0,1.351048,0,0,-0.763494,0,0,0,0,0,0,0,0,0,0,0,0,0,0,0,0,0,1,0,0,0,0,0,0,1,1,0,0,0,0,0,0,0,0,0,0,0,0,0,0,0,0,0,-0.674464,0,0,-0.691999,0,0,0,0,0,1,0,0,0,0,0,1
0,0,0,0,0,0,0,-0.777226,0,0,0,0,0,0,0,0,-0.76668,0,0,0,0,0,0,0,0,0,0,0,0,0,0,0,1.35131,2,0,0,0,0,1,0,0.696989,0,0,-0.75387,0,0,0,0,0,0,0,0,0,0,1,1,0,0,0,0,0,0,0,0,0,1,0,0,0,0,0,0,0,0,0,0,0,0,0,0,0,0,0,0,0,1,0,-0.613527,0,0,-0.575397,0,0,0,0,0,0,0,0,0,0,0,1
0,0,0,0,0,0,0,-0.764739,0,0,0,0,0,0,0,0,-0.595018,0,0,0,0,0,1,0,0,0,0,0,0,0,0,1,1.98915,10,0,0,0,0,0,0,1.175875,0,0,-0.499682,0,0,0,1,0,0,0,0,0,0,0,0,0,0,1,0,0,0,0,0,1,0,0,0,0,0,0,1,0,0,0,0,0,0,0,0,0,0,0,0,0,0,0,-0.617348,0,0,-0.678783,0,0,0,0,0,0,0,0,0,0,1,1
0,0,0,0,0,0,0,-0.670824,0,0,0,0,0,0,0,0,-0.803163,0,0,0,0,0,0,0,0,0,0,0,0,0,0,0,1.35568,1,0,0,0,0,0,0,1.571828,0,0,-0.737865,0,0,0,0,0,0,0,0,0,0,1,0,0,0,0,0,0,0,0,0,0,0,0,0,0,0,0,0,0,0,0,0,0,0,0,0,0,0,0,0,0,0,0,-0.677909,0,0,-0.652667,0,0,0,0,0,0,0,0,0,0,1,1
0,0,0,0,0,0,0,-0.789834,0,0,0,0,0,0,0,1,-0.542301,0,0,1,0,0,0,0,0,0,0,0,0,0,0,0,0.99687,3,0,0,0,0,0,0,2.377188,0,1,-0.653242,0,0,0,0,0,0,0,0,0,0,0,0,0,0,0,0,0,0,0,0,0,1,0,0,0,0,0,0,0,0,0,0,0,0,0,0,0,0,0,1,0,0,0,-0.303983,0,0,-0.450798,0,0,0,0,0,0,1,0,0,0,1,1
0,0,0,0,0,0,0,-0.714627,0,0,0,0,0,0,0,1,-0.7109,0,0,0,0,0,0,0,0,0,0,0,0,0,0,0,0.82822,0,0,0,0,0,0,0,0.205882,0,0,-0.628218,0,0,0,0,0,0,0,0,0,0,0,0,0,1,0,0,0,0,0,0,0,0,0,0,0,0,0,0,0,0,0,0,0,0,0,0,0,0,0,0,0,0,0,-0.685092,0,0,-0.753762,0,0,0,0,0,0,0,0,0,0,0,1
0,0,0,0,0,0,0,-0.608707,0,0,0,1,0,0,0,1,-0.873672,0,0,0,0,0,0,0,0,0,0,0,0,0,0,0,0.81319,2,0,0,0,0,0,0,1.342771,0,0,-0.58317,0,0,0,0,0,0,0,0,0,0,0,0,0,0,0,0,0,0,0,0,0,0,0,0,0,0,0,0,0,0,0,0,0,0,0,0,0,0,0,0,0,0,0,-0.767511,0,0,-0.683431,0,0,0,0,0,1,0,0,1,0,1,1
0,0,0,0,0,0,0,-0.678176,0,0,0,0,0,0,0,0,-0.640144,0,0,0,0,0,0,0,0,0,0,0,0,0,0,0,0.92875,0,0,0,0,1,0,0,0.268594,0,0,-0.58359,0,0,0,0,0,0,0,0,0,0,0,0,0,0,0,0,0,0,0,0,0,0,0,0,0,0,0,0,0,0,0,0,0,0,0,0,0,0,0,0,0,0,0,-0.636254,0,0,-0.814949,0,0,0,0,0,0,0,0,0,0,0,1
0,0,0,0,0,0,0,-0.437384,0,0,0,0,0,0,0,0,-0.680947,0,0,0,0,0,0,0,0,0,0,0,0,0,0,0,0.89186,2,0,0,0,1,0,0,1.321579,0,0,-0.617678,0,0,0,0,0,0,0,0,0,0,0,0,0,0,0,0,0,0,0,1,0,0,1,0,0,0,0,0,0,0,0,0,0,0,0,0,0,0,0,0,0,0,0,-0.660921,0,0,-0.654353,0,0,0,0,0,1,0,0,0,0,1,1
0,0,0,0,0,0,0,-0.58347,0,0,0,0,0,0,0,0,-0.600352,0,0,0,0,0,0,0,0,0,0,0,0,0,0,0,3.49114,12,0,0,0,0,0,0,0.516691,0,0,-0.902358,0,0,0,0,0,0,0,0,0,0,1,0,0,0,0,0,0,0,0,0,0,0,0,0,0,0,0,0,0,0,0,0,1,0,0,0,0,0,0,0,0,0,0,-0.686304,0,0,-0.521327,0,0,0,0,1,0,0,0,0,0,1,1
0,0,0,0,0,0,0,-0.718831,0,0,0,0,0,0,0,0,-0.594041,0,0,0,0,0,0,0,0,0,0,0,0,0,0,0,1.25908,0,0,0,0,0,0,0,0.646985,0,0,-0.69163,0,0,0,0,0,0,0,0,0,0,0,0,0,0,0,0,0,0,0,1,0,0,0,0,0,0,0,0,0,0,0,0,0,0,0,0,0,0,0,0,0,0,0,-0.711773,0,0,-0.658251,0,0,0,0,0,0,0,0,0,0,0,1
0,0,0,0,0,0,0,-0.711526,1,0,0,0,0,0,0,0,-0.427995,0,1,0,0,0,0,0,0,0,0,0,0,0,0,0,2.15906,5,0,0,0,0,0,0,0.837704,0,0,-0.814846,0,0,0,0,0,0,0,0,0,0,0,0,0,0,0,0,0,0,0,0,1,0,0,0,0,0,0,0,0,0,0,0,0,0,0,0,0,0,0,0,0,0,0,-0.670646,0,0,-0.701773,0,0,0,0,0,0,0,0,0,0,1,1
0,0,0,0,0,0,0,-0.635665,0,1,0,0,0,0,0,0,-0.708562,0,0,0,0,0,0,0,0,0,0,0,0,0,0,0,1.1731,1,0,0,0,0,1,0,0.994777,0,0,-0.705776,0,0,0,0,0,0,0,0,0,0,0,0,0,0,0,0,0,0,0,0,0,0,0,0,0,0,0,0,0,0,0,0,0,0,0,0,0,0,0,0,0,0,0,-0.72878,0,0,-0.541555,0,0,0,0,0,0,0,0,0,0,1,1
0,0,0,0,0,0,0,-0.676626,0,0,0,0,0,0,0,0,-0.51586,0,0,0,0,0,0,0,0,0,0,0,0,0,0,0,0.98211,3,0,0,0,0,0,0,1.385887,0,0,-0.646111,0,0,0,0,0,0,0,0,0,0,0,0,0,0,0,0,0,0,0,0,0,0,0,0,0,0,0,0,0,0,0,0,0,0,0,0,0,0,0,0,0,0,0,-0.626122,0,0,-0.680333,0,0,0,0,0,0,0,0,0,0,1,1
0,0,0,0,0,0,0,-0.82123,1,0,0,0,0,0,0,0,-0.673433,0,0,0,0,0,0,0,0,0,0,0,0,0,0,0,0.71646,2,0,0,0,0,0,0,1.902874,0,0,-0.522982,0,0,0,0,0,0,0,0,0,0,0,0,0,0,0,0,0,0,0,0,0,0,1,0,0,0,1,0,0,0,0,0,0,0,0,0,0,0,0,0,0,0,0,-0.360767,0,0,-0.443835,0,0,0,0,1,0,0,0,0,0,0,1
0,0,0,0,0,0,0,-0.4833,0,0,0,0,0,0,0,0,-0.791102,0,0,0,1,0,0,0,0,0,0,0,0,0,0,0,1.46886,0,0,0,0,0,0,0,0.587719,0,0,-0.750373,0,0,0,0,0,0,0,0,0,0,0,0,0,0,0,0,0,0,0,0,0,0,0,0,0,0,0,0,0,0,0,0,0,0,0,0,0,0,0,0,0,0,0,-0.844814,0,0,-0.726711,0,0,0,0,0,1,0,1,0,0,0,1
0,0,0,0,0,0,0,-0.623483,0,0,0,0,0,0,0,0,-0.851788,0,0,0,0,0,0,0,0,0,0,0,0,0,0,0,1.4653,2,0,0,0,0,0,0,1.244318,0,0,-0.793604,0,0,0,0,0,0,0,0,0,0,0,0,0,1,0,0,0,0,0,0,0,0,1,0,0,0,0,0,0,0,0,0,0,0,0,0,0,0,0,0,0,0,0,-0.461843,0,0,-0.59352,0,0,0,0,0,0,0,0,0,0,1,1
0,0,0,0,0,0,0,-0.596865,0,1,0,0,0,0,0,0,-0.637135,0,0,0,0,0,0,0,0,0,0,0,0,0,0,0,1.11285,0,0,0,0,0,0,0,0.276238,0,0,-0.68927,0,0,0,0,0,0,0,0,0,0,0,0,0,0,0,0,0,0,0,1,0,0,0,0,0,0,0,0,0,0,0,0,0,0,0,0,0,0,0,0,0,0,0,-0.504105,0,0,8.336939,0,0,0,0,0,0,0,0,0,0,0,1
0,0,0,1,0,0,0,-0.634424,0,0,0,0,0,0,0,0,-0.604045,0,0,0,0,0,0,0,0,0,0,0,0,0,0,0,1.12341,2,0,0,0,0,0,0,1.141322,0,0,-0.61104,0,0,0,0,0,0,0,0,0,0,0,0,0,0,0,0,0,0,0,0,0,0,0,0,0,1,0,0,0,0,0,0,0,0,0,0,0,1,0,0,0,0,0,-0.766934,0,0,-0.634692,0,0,0,0,0,0,0,0,0,0,1,1
0,0,0,0,0,0,0,-0.704972,0,0,0,1,0,0,0,0,-0.666507,0,0,0,0,0,0,0,0,1,0,0,0,0,0,0,1.22621,0,0,0,0,0,0,0,0.457088,0,0,-0.718862,0,0,0,0,0,0,0,0,0,0,0,0,0,0,0,0,0,0,0,0,0,0,0,0,0,0,0,0,0,0,0,0,0,0,0,0,0,0,0,0,0,0,0,-0.676953,0,0,-0.825627,0,0,0,0,0,1,0,0,0,0,1,1
0,0,0,0,0,0,0,-0.797447,0,0,0,0,0,0,0,0,-0.582905,0,0,0,0,0,0,0,0,0,0,0,0,0,0,0,1.27672,1,0,0,0,0,0,0,0.830775,0,0,-0.744882,0,0,0,0,0,0,1,0,0,0,0,0,0,0,0,0,0,0,0,0,0,0,0,0,0,0,0,0,0,0,0,0,0,0,0,0,0,0,0,0,0,0,0,-0.745147,0,0,-0.614508,0,0,0,0,0,0,0,0,0,0,1,1
0,0,0,0,1,0,0,-0.696877,0,0,0,0,0,0,0,1,-0.354858,0,0,0,0,0,0,0,0,0,0,0,0,0,0,0,1.51568,0,0,0,0,0,0,0,0.755697,0,0,-0.815156,0,0,0,0,0,0,0,0,0,0,0,0,0,0,1,0,0,0,0,0,0,0,0,0,0,0,0,0,0,0,0,0,0,0,0,0,0,0,0,0,0,0,0,-0.728037,0,0,-0.50379,0,0,0,0,0,0,0,0,0,0,0,1
0,0,0,1,0,0,0,-0.864695,0,0,0,0,0,0,0,0,-0.647394,0,0,0,0,0,0,0,0,0,1,0,0,0,1,0,0.97731,2,0,0,0,0,0,0,0.663522,0,0,-0.647077,0,0,0,0,0,0,0,0,0,0,0,0,0,0,0,0,0,0,0,0,0,0,0,0,0,0,0,0,0,0,0,0,0,0,0,0,0,1,0,1,0,0,0,-0.726603,0,0,-0.294414,0,0,0,0,0,0,0,0,1,0,0,1
0,1,0,0,0,0,0,2.087322,0,0,0,0,0,0,0,0,-0.709277,0,0,0,0,0,0,0,0,0,0,0,0,0,0,0,1.58832,1,0,0,0,1,0,0,0.579503,0,0,-0.879133,0,0,0,0,0,0,0,0,0,0,0,0,0,0,0,0,0,0,0,0,0,0,0,0,0,0,0,1,1,0,0,0,0,0,0,0,0,0,0,0,0,0,0,-0.786728,0,0,5.854027,0,0,0,0,0,0,0,0,0,0,0,1
0,0,0,0,0,0,0,-0.5269,0,0,0,0,0,0,0,0,-0.718641,0,0,0,0,0,0,0,0,0,0,0,0,0,1,0,1.47865,1,0,0,0,0,0,0,0.407778,0,0,-0.773209,0,0,0,0,0,0,0,0,1,0,1,0,0,0,0,0,0,0,0,0,0,0,0,0,0,0,0,0,0,0,0,0,0,0,0,0,0,0,0,0,0,0,0,-0.591657,0,0,-0.712568,0,0,0,0,0,0,0,1,0,0,0,1
0,0,0,0,0,0,1,-0.751089,0,0,0,0,0,0,0,0,-0.7242,0,0,1,0,0,0,0,0,0,0,0,0,0,0,0,1.1303,1,0,0,0,0,0,0,1.300107,0,0,-0.706872,0,0,0,0,0,0,0,0,0,0,0,0,0,0,0,0,0,0,0,0,0,0,0,0,0,0,0,0,0,0,0,0,0,0,0,0,0,0,0,0,0,0,0,-0.633512,0,0,-0.561184,0,0,0,0,0,0,0,0,0,0,1,1
0,0,0,0,0,0,0,-0.773908,0,0,0,0,0,0,0,0,-0.443718,0,0,0,0,0,0,0,0,0,0,0,0,0,0,0,0.90894,0,0,0,0,0,0,0,0.596277,0,0,-0.629144,0,1,0,0,0,0,0,0,0,0,0,0,0,0,0,0,0,0,0,0,0,0,0,0,0,0,0,0,0,0,0,0,0,0,0,0,0,0,0,0,0,0,0,-0.584012,0,0,-0.792906,0,0,0,0,0,0,0,0,0,0,1,1
0,0,0,0,0,0,0,-0.651709,0,0,0,0,0,0,0,0,-0.448586,0,0,0,0,0,0,0,1,0,0,0,0,0,0,0,1.1625,1,0,0,0,0,0,0,0.61961,0,0,-0.644626,0,0,0,0,1,0,0,0,0,0,0,0,0,0,0,0,0,0,0,0,1,0,0,0,0,0,0,0,0,0,0,0,0,0,0,0,0,0,0,0,0,0,0,-0.646184,0,0,-0.730845,0,0,0,0,0,0,0,0,0,0,0,1
0,0,0,1,0,0,0,-0.604497,0,0,0,0,1,0,0,0,-0.715253,0,0,1,0,0,0,0,0,0,0,0,0,0,0,0,2.43002,4,0,0,0,0,0,0,0.600054,0,0,-0.788226,0,0,0,0,0,0,0,0,0,0,0,0,0,0,1,0,0,0,0,0,0,0,0,0,0,0,0,0,1,0,0,0,0,0,0,0,0,0,0,0,0,0,0,-0.634627,0,0,-0.695816,0,0,0,0,0,0,0,0,0,0,0,1
0,0,0,0,0,0,0,-0.670811,0,0,0,0,0,0,0,0,8.385281,0,0,1,0,0,0,0,0,0,0,0,0,0,0,0,1.56719,1,0,0,0,1,0,0,0.992172,0,0,-0.788844,0,0,0,0,0,1,0,0,0,0,0,0,0,0,0,0,0,0,0,0,0,0,0,0,0,0,0,0,0,0,0,0,0,0,0,0,0,0,0,0,0,0,0,-0.297836,0,0,-0.704802,0,0,0,0,1,1,0,0,0,0,1,1
0,0,0,0,0,0,0,-0.609536,0,0,0,0,0,0,0,0,-0.647298,0,0,0,0,0,0,0,0,0,0,0,0,0,1,0,2.14258,0,0,0,0,0,0,0,0.788954,0,0,-0.85634,0,0,0,0,0,0,0,0,0,0,0,0,0,0,0,0,0,0,0,0,0,0,0,0,0,0,0,0,0,0,0,0,0,0,0,0,0,0,0,0,0,0,0,-0.720035,0,0,-0.538522,0,0,0,0,0,0,0,0,0,1,1,1
0,0,0,0,0,0,0,-0.692248,0,0,0,0,0,0,0,0,-0.598779,0,0,0,0,0,0,0,0,0,0,0,0,0,0,0,1.32806,6,0,0,0,0,0,0,1.587248,0,0,-0.752285,0,0,0,0,0,0,0,0,0,0,0,0,0,0,0,0,0,0,1,0,0,0,0,0,0,0,1,0,0,0,0,0,0,0,0,0,0,0,0,0,0,0,0,-0.568613,0,0,-0.597113,0,0,0,0,0,0,0,0,0,0,1,1
0,0,0,0,0,0,0,-0.800709,0,0,0,0,0,0,0,0,-0.562936,0,0,0,0,0,0,0,0,0,0,0,0,0,0,0,0.65704,3,0,0,0,0,0,0,1.634327,0,0,-0.536646,0,0,0,0,0,0,0,0,0,0,0,0,0,0,0,0,0,0,0,0,0,0,0,0,0,0,0,0,0,0,0,0,0,0,0,0,0,0,0,0,0,0,0,-0.629277,0,0,-0.641059,0,0,0,0,0,0,0,0,0,0,1,1
0,0,0,0,0,0,0,-0.802108,0,0,0,0,0,0,0,0,-0.740766,0,0,0,0,0,0,0,0,0,0,0,0,0,0,0,1.22863,6,0,0,1,1,0,0,0.942667,0,0,-0.787865,1,0,0,0,0,0,0,0,0,0,0,0,0,0,0,0,0,0,0,0,0,0,0,0,0,0,0,0,0,0,0,0,0,0,0,0,0,0,0,0,0,0,0,-0.475855,0,0,-0.642678,0,0,0,0,0,0,1,1,0,0,1,1
0,0,0,0,0,0,0,-0.660949,0,0,0,0,0,0,0,0,-0.589874,0,0,0,0,0,0,0,0,0,0,0,0,0,0,0,1.38881,4,0,0,0,1,0,0,1.502023,0,0,-0.749972,0,0,0,0,0,0,0,0,0,0,0,0,0,0,0,0,0,0,0,0,0,0,0,0,0,0,0,0,0,0,0,0,0,0,0,0,0,0,0,0,0,0,0,-0.74755,0,1,-0.677247,0,1,0,0,0,1,0,0,0,1,1,1
0,0,0,0,0,1,0,-0.621726,0,0,1,0,0,0,0,0,-0.547429,0,0,0,0,0,0,0,0,0,0,1,0,0,0,0,0.77555,8,0,0,0,0,0,0,4.008061,0,0,-0.577718,0,0,0,0,0,0,0,0,0,0,0,0,0,0,0,0,0,0,0,0,0,0,0,0,0,0,0,0,0,0,0,0,0,1,0,0,0,0,0,0,0,0,0,-0.822874,0,0,-0.465568,0,0,0,0,0,0,0,0,0,0,1,1
0,0,0,0,0,0,0,-0.710447,0,0,0,0,0,0,0,0,-0.557782,0,0,0,0,0,0,0,0,0,0,0,0,0,0,0,1.64034,5,0,0,0,0,0,0,1.120203,0,0,-0.876606,1,0,0,0,0,0,0,0,0,0,0,0,0,0,0,0,0,0,0,0,1,0,0,0,0,0,0,0,0,0,0,0,0,0,0,0,0,0,0,0,0,0,0,-0.611122,0,0,-0.688666,0,0,0,0,0,0,1,0,0,0,1,1
0,0,0,0,0,0,0,-0.572321,0,0,0,0,0,0,0,1,-0.81353,0,0,0,0,0,0,0,0,0,0,0,0,0,0,0,0.73856,0,0,0,1,0,0,0,1.189568,0,0,-0.534618,0,1,0,0,0,0,0,0,0,0,0,1,0,0,0,0,0,0,0,0,1,0,0,0,0,0,0,0,0,0,0,0,0,0,0,0,0,0,0,0,0,0,0,-0.568845,0,0,-0.722579,0,0,0,0,0,0,0,0,0,0,0,1
0,0,0,1,0,0,0,-0.754973,0,0,0,0,0,1,0,0,-0.71796,0,0,0,0,0,0,0,0,0,0,0,0,0,0,0,1.13913,2,0,0,0,0,0,0,1.729017,0,0,-0.705937,0,0,0,0,0,0,0,0,0,0,0,0,0,0,0,0,0,0,0,0,1,0,1,0,0,0,0,0,0,0,0,0,0,0,0,0,0,0,0,0,0,0,0,-0.58312,0,0,-0.607201,0,0,0,0,0,0,0,0,1,0,1,1
0,0,0,0,0,0,0,-0.689792,0,0,0,0,0,0,0,0,-0.729097,0,0,1,0,0,0,0,0,0,0,0,0,0,0,0,0.80785,3,0,0,0,0,0,0,2.765381,0,0,-0.634451,0,0,0,0,0,0,0,0,1,0,0,0,0,0,0,0,0,0,0,0,0,0,0,0,0,0,1,0,0,0,0,0,0,0,0,0,0,0,0,0,0,0,0,-0.5956,0,0,-0.659246,0,0,0,0,0,0,0,0,0,0,1,1
0,0,0,0,0,0,0,1.274401,0,0,0,0,0,0,0,0,-0.801543,1,0,0,0,0,0,0,0,0,0,0,0,0,0,0,1.38729,2,0,0,0,0,0,0,1.034644,0,0,-0.611987,0,0,0,0,0,0,0,0,0,0,0,0,0,0,0,0,0,0,0,0,1,0,0,0,0,0,0,0,0,0,0,0,0,0,0,0,0,0,0,0,0,0,0,-0.648203,0,0,-0.610508,0,0,0,0,0,0,0,0,0,0,1,1
0,0,0,0,0,0,0,-0.748521,0,0,0,0,0,0,0,0,-0.795053,0,0,0,0,0,0,0,0,0,0,0,0,0,0,0,1.02713,0,0,0,0,0,0,0,0.977805,0,0,-0.661545,0,0,0,0,0,0,0,0,0,0,0,0,0,0,0,0,0,0,0,0,0,0,0,0,0,0,0,0,0,0,0,0,0,0,0,0,0,0,0,0,0,0,0,-0.705258,0,0,-0.648571,0,0,0,0,0,0,0,0,0,0,0,1
0,0,0,0,0,0,0,-0.652519,0,0,0,0,0,0,0,0,-0.564062,0,0,0,0,0,0,0,0,0,0,0,0,0,0,0,0.92324,2,0,0,0,0,0,0,1.424552,0,0,-0.582521,0,0,0,0,0,0,0,0,0,0,0,0,0,0,0,0,0,0,0,0,0,0,0,0,0,0,0,0,0,0,0,0,0,0,0,0,0,0,0,0,0,0,0,-0.741103,0,0,-0.731824,0,0,0,0,0,0,0,0,0,1,1,1
0,0,0,0,0,0,0,-0.717531,0,0,0,0,0,0,0,0,-0.625959,0,0,1,0,0,0,0,0,0,0,0,0,0,0,0,0.82112,0,0,0,0,0,0,0,1.357087,0,0,-0.579747,0,0,0,0,0,0,0,0,0,0,0,0,0,0,0,0,0,0,0,0,0,0,0,0,0,0,0,0,0,0,0,0,0,0,0,0,0,0,0,0,0,0,0,-0.666547,0,0,-0.695254,0,0,0,0,0,0,0,0,0,0,0,1
0,0,0,0,0,0,0,-0.589388,0,0,0,0,0,0,0,0,-0.696676,0,0,0,0,0,0,0,0,0,0,0,0,0,0,0,1.58594,4,0,0,0,0,0,0,0.656561,0,0,-0.774922,0,0,0,0,0,0,0,0,0,0,0,0,0,0,0,0,0,0,0,0,0,0,0,0,0,0,0,0,0,0,0,0,0,0,0,0,0,1,0,0,0,0,0,-0.655985,0,0,-0.56808,0,0,0,0,0,0,0,0,0,0,1,1
0,0,0,0,0,1,0,-0.619358,0,0,0,0,0,0,0,1,-0.617053,0,0,0,0,0,0,0,0,0,0,1,0,0,0,0,1.45457,4,0,0,0,0,0,0,1.23814,0,0,-0.763247,0,0,0,0,0,0,0,0,0,1,0,1,0,0,0,0,0,0,0,0,0,0,0,0,0,0,0,0,0,0,0,0,0,0,0,1,0,0,0,0,0,0,0,-0.588725,0,0,-0.781164,0,0,0,0,0,1,0,0,0,0,1,1
0,0,0,0,0,0,0,-0.622938,0,0,0,0,0,0,0,0,-0.612594,0,0,0,0,0,0,0,0,0,0,0,0,0,0,0,0.57069,1,0,0,0,0,0,0,1.731088,0,0,-0.505233,0,0,0,0,0,0,0,0,0,0,1,0,0,0,0,0,0,0,0,0,0,0,0,0,0,0,0,0,0,0,0,0,0,0,0,0,0,0,0,0,0,0,0,-0.585538,0,0,-0.632014,0,0,0,0,0,0,0,0,0,0,1,1
0,0,0,0,0,0,0,-0.549696,0,0,0,0,0,0,0,1,-0.672239,0,0,0,1,0,0,0,1,0,0,0,0,0,0,0,1.25085,2,0,0,0,0,0,0,1.157697,0,0,-0.734912,0,0,0,0,0,0,0,0,1,0,0,1,0,0,0,0,0,0,0,0,0,0,0,0,0,0,1,0,0,0,0,0,0,0,0,0,0,0,0,0,0,0,0,-0.726623,0,0,-0.736963,0,0,0,0,0,0,0,0,0,1,1,1
0,0,0,0,0,0,0,-0.6124,0,0,0,0,0,0,0,0,-0.674517,0,0,0,0,0,0,0,0,0,0,0,0,0,0,0,1.19033,3,0,0,0,0,0,0,1.798728,0,0,-0.71204,0,0,0,0,0,0,0,0,0,0,0,0,0,0,0,0,0,0,0,0,0,0,0,0,0,0,0,0,0,0,0,0,0,0,0,0,0,0,0,0,0,0,0,-0.583066,0,0,-0.585534,0,0,0,0,0,0,0,0,0,0,1,1
0,0,0,0,0,0,0,-0.794511,0,0,0,0,0,0,0,0,-0.561549,0,1,0,0,0,0,0,0,0,0,0,0,0,0,0,0.82177,1,0,0,0,0,0,0,0.897829,0,0,-0.615117,0,0,0,0,0,0,0,0,0,0,0,0,0,0,0,0,0,0,0,0,1,0,0,0,0,0,0,0,0,0,0,0,0,0,0,0,0,0,0,1,0,0,0,-0.745635,0,0,-0.7104,0,0,0,0,0,0,0,0,0,0,0,1
0,0,0,0,0,0,0,-0.168047,0,0,0,0,0,0,0,0,-0.780084,0,0,0,0,0,0,0,0,0,0,0,0,0,0,0,0.9549,0,0,0,0,0,0,0,0.639223,0,0,-0.204594,0,0,0,0,0,0,0,0,0,0,0,0,0,1,0,0,0,0,0,0,0,0,0,0,0,0,0,0,0,0,0,0,0,0,0,0,0,1,0,0,0,0,0,-0.698065,0,0,-0.589153,0,0,0,0,0,1,0,0,0,0,0,1
0,0,0,0,0,0,0,-0.703126,0,0,0,0,0,0,0,0,-0.679439,0,0,0,0,0,0,0,0,0,0,0,0,0,0,0,0.9561,2,0,0,0,0,0,0,0.635117,0,0,-0.643434,0,0,0,0,0,0,0,0,0,0,1,0,0,0,0,0,0,0,0,0,0,0,0,0,0,1,0,0,0,0,0,0,0,0,0,0,0,0,0,0,0,0,0,2.553889,0,0,-0.800859,0,0,0,0,0,0,0,0,0,0,1,1
0,0,0,0,0,0,0,-0.599545,0,0,0,0,0,0,0,0,-0.767894,0,0,0,1,0,0,0,0,0,0,0,0,0,0,0,1.42158,0,0,0,0,0,0,0,0.72378,0,0,-0.756811,0,0,0,0,0,0,0,0,0,0,0,0,0,1,0,0,0,1,0,0,0,0,0,0,0,0,0,0,0,0,0,0,0,0,0,0,0,0,0,0,0,0,0,-0.588737,0,0,-0.705904,0,0,0,0,0,1,0,0,0,0,1,1
0,0,0,0,0,0,0,-0.636204,0,0,0,1,0,0,0,0,-0.739035,0,0,0,0,0,0,0,0,0,0,0,0,0,0,0,0.80988,2,0,0,0,0,0,0,1.322753,0,0,-0.635135,1,0,0,0,0,0,0,0,0,0,0,0,0,0,0,0,0,0,0,0,0,0,0,0,0,0,0,0,0,0,0,0,0,0,0,0,0,0,0,0,0,0,0,-0.58418,0,0,-0.15073,0,0,0,0,0,0,0,0,0,0,0,1
0,0,0,0,0,0,0,-0.44939,0,0,0,0,0,0,0,0,-0.628945,0,0,0,0,0,0,0,0,0,0,0,0,0,0,0,0.63246,0,0,0,0,0,0,0,0.678518,0,0,-0.472041,0,0,0,0,0,0,0,0,0,0,0,0,0,0,0,0,0,0,0,0,1,0,0,0,0,0,0,0,0,0,0,0,0,0,0,0,0,1,0,0,0,0,0,-0.309209,0,0,-0.843686,0,0,0,0,0,0,0,0,0,0,0,1
0,0,0,0,0,0,0,-0.72694,0,0,0,0,0,0,0,0,-0.568217,0,0,0,0,0,1,0,0,0,0,0,0,0,1,0,1.1944,4,0,0,0,0,0,0,0.475771,0,0,-0.754117,0,0,0,0,0,0,0,0,0,0,1,0,0,0,0,0,0,0,0,0,1,0,0,0,0,0,0,0,0,0,0,0,0,0,0,0,0,0,0,0,0,0,0,-0.318485,0,0,-0.794765,0,0,0,0,0,0,0,0,0,0,0,1
0,0,0,0,0,0,0,-0.679804,0,0,0,0,0,0,0,0,-0.7213,0,0,1,1,0,0,0,0,0,0,0,0,0,0,0,1.41082,2,0,0,0,1,0,0,1.127251,0,0,-0.759836,0,0,0,0,0,0,0,0,0,0,0,0,0,0,0,0,1,0,0,0,0,0,0,0,0,0,1,0,0,0,0,0,0,0,0,0,0,0,0,0,0,0,0,-0.649252,0,0,-0.694824,0,0,0,0,0,0,0,0,0,0,0,1
0,0,0,0,0,0,0,-0.719531,0,0,0,0,0,0,0,0,-0.512126,0,0,0,1,0,0,0,0,0,0,0,0,0,0,0,1.85631,3,0,0,0,0,0,0,0.654291,0,0,-0.816487,0,0,0,0,0,0,0,1,0,0,0,0,0,0,0,0,0,0,0,0,0,0,0,0,0,0,0,0,0,0,0,0,0,0,0,0,0,0,0,0,0,0,0,-0.791972,0,0,-0.64661,0,0,0,0,0,0,0,0,0,0,1,1
0,0,0,0,0,0,0,-0.531326,0,0,0,0,0,0,0,0,-0.707592,0,1,0,0,0,0,0,0,0,0,0,0,0,0,0,1.36607,0,0,0,0,0,0,0,0.248511,0,0,-0.739173,0,0,0,0,0,0,0,0,0,0,0,1,0,0,0,0,0,0,0,0,0,0,0,0,0,0,0,0,0,0,0,0,0,0,0,0,0,0,0,0,0,0,0,-0.696372,0,0,-0.51411,0,0,0,0,0,0,0,0,0,0,0,1
0,0,0,0,0,0,0,-0.685525,0,0,0,0,0,0,0,0,-0.896642,0,0,0,0,0,0,0,0,0,0,0,0,0,0,0,0.82836,1,0,0,0,0,0,0,0.548032,0,0,-0.578613,0,0,0,0,0,0,0,0,0,0,0,1,0,0,0,0,0,0,0,0,0,0,0,0,0,0,0,0,0,0,0,0,0,0,0,0,0,1,0,0,0,0,0,0.019077,0,0,-0.58162,0,0,0,0,0,0,0,1,0,0,0,1
0,0,0,0,0,0,0,-0.682193,0,0,0,0,0,0,0,0,-0.575595,0,0,0,0,0,0,0,0,0,0,0,0,0,0,0,1.85715,0,0,0,0,0,0,0,0.848443,0,0,-0.749835,0,0,0,0,0,0,0,0,0,0,0,0,0,0,0,0,0,0,0,0,0,0,0,0,0,0,0,0,0,0,0,0,0,0,0,0,0,0,0,0,0,0,0,-0.671045,0,0,-0.816833,0,0,0,0,0,0,0,0,0,0,0,1
0,0,0,0,0,0,0,-0.537931,0,0,0,0,0,0,0,0,-0.685374,0,0,0,0,0,0,0,0,0,0,0,0,0,1,0,1.14816,0,0,0,0,0,0,0,0.378957,0,0,-0.690999,0,0,0,0,0,0,0,0,0,0,0,1,0,0,0,0,0,0,0,0,0,0,0,0,0,0,0,0,0,0,0,0,0,0,0,0,0,0,0,0,0,0,0,-0.7791,0,0,-0.734273,0,0,0,0,0,0,0,0,0,1,0,1
0,0,0,1,0,0,0,-0.707268,0,0,0,0,0,0,0,0,-0.686484,0,0,0,0,0,0,0,0,0,0,0,0,0,0,0,0.82096,0,0,0,0,0,0,0,1.423046,0,0,-0.853141,0,0,0,0,0,0,0,0,0,0,0,0,0,0,0,0,0,0,0,0,0,0,0,0,0,0,0,0,0,0,0,0,0,0,0,0,0,0,0,1,0,0,0,-0.608434,0,0,-0.688663,0,0,0,0,0,1,0,0,0,0,0,1
0,0,0,0,0,0,0,-0.651037,0,0,0,0,0,0,0,0,-0.595263,0,0,0,0,0,0,0,0,0,0,0,0,0,0,0,1.04054,0,0,0,0,0,0,0,0.802816,0,0,-0.666986,0,0,0,0,0,0,0,0,0,0,0,0,0,0,0,0,0,0,0,0,0,0,0,0,0,0,0,0,0,0,0,0,0,0,0,0,0,0,0,0,0,0,0,-0.59415,0,0,-0.678828,0,0,0,0,0,0,0,0,0,0,0,1
0,0,0,0,0,0,1,-0.697734,0,0,0,0,0,0,0,0,-0.642994,0,0,1,0,0,0,0,0,0,0,0,0,0,0,0,1.03098,0,0,0,0,0,0,0,0.278818,0,0,-0.66746,0,0,0,0,0,0,0,0,0,0,0,0,0,0,1,0,0,0,0,0,0,0,0,0,0,0,0,0,0,0,0,0,0,0,0,0,0,0,0,1,0,0,0,-0.788885,0,0,-0.733303,0,0,0,0,0,0,0,0,0,0,0,1
0,0,0,0,0,0,0,-0.781705,0,0,0,0,0,0,0,0,-0.762769,0,0,0,0,0,0,0,0,0,0,0,0,0,0,0,1.02055,1,0,0,0,0,0,0,1.149714,0,0,-0.675694,0,0,0,0,0,0,0,0,0,0,0,0,0,0,0,0,0,0,0,0,0,0,0,0,0,0,0,0,0,0,0,0,0,0,0,0,0,0,0,0,0,0,0,1.767617,0,0,-0.588517,0,0,0,0,0,0,0,0,0,0,1,1
0,0,0,0,0,0,0,-0.721158,0,0,0,0,0,0,0,0,-0.754623,0,0,0,0,0,0,0,0,0,0,0,0,0,0,0,0.91777,4,0,0,1,0,1,0,2.513946,0,0,-0.66828,0,0,0,0,0,0,0,0,0,0,0,0,0,0,0,0,0,0,0,0,0,0,1,0,0,0,0,0,0,0,0,0,0,0,0,0,0,0,0,1,0,0,0,-0.426783,0,0,-0.665795,0,0,0,0,0,0,0,0,0,1,0,1
0,0,0,0,0,0,0,-0.800688,0,0,0,0,0,0,0,0,-0.702487,0,0,0,0,0,0,0,0,0,0,0,0,0,0,0,0.80656,0,0,0,0,0,0,0,1.169192,0,0,-0.504802,0,0,0,0,0,0,0,0,0,0,0,0,0,0,0,0,0,0,0,0,0,0,0,0,0,0,0,0,0,0,0,0,0,0,0,0,0,0,0,0,0,0,0,-0.5531,0,0,-0.65957,0,0,0,0,0,0,0,0,0,1,1,1
0,0,0,0,0,0,0,-0.743647,0,0,0,0,0,0,0,0,-0.776195,0,0,0,0,0,0,0,0,0,0,0,0,0,0,0,0.83624,0,0,0,0,0,0,0,0.901745,0,0,-0.339128,0,0,0,0,0,0,0,0,0,0,0,0,0,0,0,0,0,0,0,0,0,0,0,0,0,0,0,0,0,0,0,0,0,0,0,0,0,0,0,0,0,0,0,-0.647201,0,0,-0.809193,0,1,0,0,0,0,0,0,0,0,0,1
0,0,0,1,0,0,0,-0.57419,0,0,0,0,0,0,0,0,-0.823592,0,0,0,0,0,0,0,0,0,0,0,0,0,1,0,1.39466,0,0,0,0,1,0,0,0.314311,0,0,-0.713435,0,0,0,0,0,0,0,0,0,0,0,0,0,0,0,0,0,0,0,0,1,0,0,0,0,0,0,0,0,0,0,0,0,0,0,0,0,0,0,0,0,0,0,-0.658274,0,0,-0.770902,0,0,0,0,0,1,0,0,0,1,0,1
0,0,0,0,0,0,0,-0.556578,0,0,0,0,0,0,0,0,-0.623687,0,0,0,0,0,0,0,0,0,0,0,0,0,0,0,1.12616,0,0,0,0,0,0,0,0.866736,0,0,-0.690944,0,0,0,0,0,0,0,0,0,0,0,0,0,0,0,0,0,0,0,0,0,0,0,0,0,0,0,0,0,0,0,0,0,0,0,0,0,0,0,0,0,0,0,-0.663508,0,0,-0.671736,0,0,0,0,0,0,0,0,0,0,1,1
0,0,0,0,0,0,0,-0.712687,0,0,0,0,0,0,0,0,-0.617509,0,0,0,1,0,0,0,0,0,0,0,0,0,0,0,0.88213,0,0,0,0,0,1,0,0.998983,0,0,-0.600699,0,0,0,0,0,0,0,0,1,0,0,0,0,0,0,0,0,0,0,0,0,0,0,0,0,0,0,0,0,0,0,0,0,0,0,0,0,0,0,0,0,0,0,-0.673032,0,0,-0.425592,0,0,0,0,0,0,0,0,0,0,0,1
0,0,0,0,1,0,0,-0.677814,0,0,0,0,0,0,0,0,-0.545396,0,0,0,0,0,0,0,0,0,0,0,0,0,1,0,1.11081,0,0,0,0,0,0,0,0.310192,0,0,-0.692579,0,0,0,0,0,0,0,0,0,0,0,0,0,0,0,0,0,0,0,0,0,0,0,0,0,0,0,0,0,0,0,0,0,0,0,0,0,0,0,0,0,0,0,-0.6616,0,0,-0.660212,0,0,0,0,0,0,0,1,0,0,0,1
0,0,0,0,0,0,0,-0.858824,0,0,0,0,0,0,0,1,-0.693914,0,1,1,0,0,0,0,0,1,0,0,0,0,0,0,1.71931,1,0,0,0,1,0,0,1.317472,0,0,-0.803932,0,0,0,0,0,0,0,0,0,1,0,0,0,0,0,0,0,0,0,0,0,0,0,0,0,0,0,0,0,0,0,0,0,0,0,0,0,0,0,0,0,0,0,-0.516023,0,0,-0.677864,0,0,0,0,0,0,0,0,0,0,0,1
0,0,0,1,0,0,0,-0.799589,0,0,0,0,0,0,0,0,-0.780628,0,0,0,1,0,0,0,0,0,0,0,0,0,0,0,0.9051,1,0,0,0,0,0,0,0.438823,0,0,-0.607954,0,1,0,0,0,0,0,0,0,0,0,0,0,0,0,0,0,0,0,0,0,0,0,0,0,0,0,0,0,0,0,0,0,0,0,0,0,1,0,0,0,0,0,-0.774172,0,0,-0.567764,0,0,0,0,0,0,0,0,0,0,0,1
0,0,0,0,0,0,0,-0.796245,0,0,0,0,0,0,0,0,-0.599659,0,0,1,0,0,0,0,0,0,0,0,0,0,0,0,1.34567,2,0,0,0,0,0,0,0.45161,0,0,-0.748425,0,0,0,0,0,0,0,0,0,0,0,0,0,0,0,0,0,0,0,0,0,0,0,0,0,0,0,0,0,0,0,0,0,0,0,1,0,0,0,0,0,0,0,-0.647254,0,0,-0.741239,0,0,0,0,0,0,0,0,0,0,1,1
0,0,0,0,0,0,0,-0.761656,0,0,0,0,0,0,0,0,-0.72279,0,0,0,0,0,1,0,0,0,0,0,0,0,0,0,3.1681,4,0,0,0,0,1,0,1.4644,0,0,-0.876065,0,0,0,0,0,0,0,0,0,1,0,0,0,0,0,1,0,0,0,0,0,0,0,0,0,0,0,0,0,1,0,0,0,0,0,0,1,0,0,0,0,0,0,-0.745276,0,0,-0.657184,0,0,0,0,0,0,1,0,0,1,1,1
0,0,0,0,0,0,0,-0.702943,0,0,0,0,0,0,0,0,-0.796565,0,0,0,1,0,0,0,0,0,0,0,0,0,1,0,1.25518,2,0,0,0,0,0,0,1.500474,0,0,-0.728437,1,0,0,0,0,0,0,0,0,0,0,0,0,0,0,0,0,0,0,0,0,0,0,0,0,0,0,0,0,0,0,0,0,0,0,0,0,0,0,0,0,0,0,-0.794334,0,0,-0.783514,0,0,0,0,0,0,0,0,0,0,1,1
0,0,0,0,0,0,0,-0.696272,0,0,0,0,0,0,0,0,-0.675729,0,0,0,0,0,0,0,0,0,0,0,0,0,0,0,1.27954,0,0,0,0,0,0,0,0.405252,0,0,-0.816861,0,1,0,0,0,0,0,0,0,0,0,0,0,0,0,0,0,0,0,0,0,0,0,0,0,0,0,0,0,0,0,0,0,0,0,0,0,0,0,0,0,0,0,-0.704265,0,0,-0.494105,0,0,0,0,0,0,0,0,0,0,1,1
0,0,0,0,0,0,0,-0.722781,0,0,0,1,0,0,0,0,-0.867772,0,0,0,0,0,0,0,0,0,0,0,0,0,0,0,1.51419,6,0,0,1,0,0,0,1.390105,0,0,-0.763165,0,0,0,0,0,0,0,0,0,0,0,0,0,0,0,0,0,0,0,0,0,0,0,0,0,0,0,0,0,0,0,0,0,0,0,0,0,0,0,0,0,0,0,-0.647218,0,0,-0.611545,0,0,0,0,0,0,0,1,0,0,1,1
0,0,0,1,0,0,0,-0.872752,0,0,0,1,0,0,0,0,-0.413702,0,0,0,0,0,0,0,0,0,0,0,0,0,0,0,1.99649,1,0,0,0,0,0,0,0.946234,0,0,-0.806127,0,0,0,0,0,0,0,0,0,0,0,0,0,0,0,0,0,0,0,0,0,0,0,0,0,0,0,0,0,0,0,0,0,0,0,0,0,0,0,0,0,1,0,-0.604817,0,0,-0.783086,0,0,0,0,0,0,0,0,0,0,0,1
0,0,0,0,0,0,0,-0.753073,0,0,1,0,0,0,0,0,-0.804015,0,0,0,0,0,0,0,0,1,0,0,0,0,0,0,1.33243,0,0,0,0,0,0,0,1.002778,0,0,-0.745769,0,0,0,0,0,0,0,0,0,0,0,0,0,0,1,0,0,0,0,0,1,0,0,0,0,0,0,0,0,0,0,0,0,0,1,0,0,0,0,0,0,0,0,-0.599594,0,0,-0.760777,0,0,0,0,1,0,0,0,0,0,0,1
0,0,0,0,0,0,0,-0.710798,0,0,0,0,0,0,0,1,-0.485337,0,1,0,0,0,0,0,0,0,0,1,0,0,0,0,1.34087,4,0,0,0,0,0,0,1.423039,0,0,-0.754281,0,0,0,0,0,0,0,0,0,0,0,0,0,0,0,0,0,0,0,0,0,0,0,0,0,0,0,0,0,0,0,1,0,0,0,0,0,0,0,0,0,0,0,-0.567118,0,0,-0.534382,0,0,0,0,0,0,0,0,0,0,1,1
0,0,0,0,0,0,0,-0.616599,0,0,0,0,0,0,0,0,-0.632153,0,0,1,1,0,0,0,0,0,0,0,0,0,0,0,1.31387,4,0,0,0,0,0,0,0.904413,0,0,-0.750853,0,0,0,0,0,0,0,0,0,0,0,0,0,0,0,0,0,0,0,0,0,0,0,0,0,0,0,0,0,0,0,0,1,0,0,0,0,0,0,0,0,0,0,-0.428749,0,0,-0.798101,0,0,0,0,0,0,0,0,0,0,1,1
0,0,0,0,0,0,0,-0.639859,0,0,0,0,0,0,0,0,-0.632464,0,0,0,0,0,0,0,0,0,0,0,0,0,0,0,0.88054,3,0,0,0,1,0,0,1.271579,0,0,-0.645451,0,0,0,0,0,0,0,0,0,0,0,0,0,0,0,0,0,0,0,0,0,0,0,0,0,1,0,0,0,0,0,0,0,0,0,0,0,0,0,0,0,0,0,-0.66416,0,0,-0.499289,0,0,0,0,0,0,0,0,1,0,1,1
0,0,0,0,0,0,0,-0.779574,0,0,0,0,0,0,0,0,-0.713273,0,0,0,0,0,0,0,0,0,0,0,1,0,0,0,1.2797,1,0,0,0,0,0,0,1.008209,0,0,-0.736415,0,0,0,0,0,0,0,0,0,0,0,0,1,0,0,0,0,0,0,0,0,0,1,0,0,0,0,0,0,1,0,0,0,0,0,0,0,1,0,0,0,0,0,-0.678786,0,0,-0.835865,0,0,0,1,0,0,0,0,0,0,0,1
0,0,0,0,0,0,0,-0.763307,0,0,0,0,0,0,0,0,-0.591894,0,0,0,0,0,0,0,0,0,0,0,0,0,0,0,0.54286,0,0,0,0,0,0,0,0.893925,0,0,-0.395527,0,0,0,0,0,0,0,0,0,0,0,0,0,0,0,0,0,0,0,1,1,0,0,0,0,0,0,0,0,0,0,0,0,0,0,0,0,0,0,0,0,0,0,-0.653035,0,0,-0.710241,0,0,0,0,0,0,0,0,0,0,1,1
0,0,0,0,0,0,0,-0.4714,0,0,0,0,0,0,0,0,-0.658159,0,0,0,1,0,0,0,0,0,0,0,0,0,0,0,1.00247,1,0,0,0,0,0,0,1.811356,0,0,-0.598129,0,0,0,0,0,0,0,0,0,0,0,0,0,1,0,0,0,0,0,0,0,0,0,0,0,0,1,0,0,0,0,0,0,0,0,0,0,0,0,0,0,0,0,-0.751114,0,0,-0.664581,0,0,0,0,0,0,0,0,0,0,0,1
0,0,0,0,0,0,0,-0.714502,1,0,0,0,0,0,0,0,-0.790913,0,0,0,0,0,0,0,0,0,0,0,0,0,0,0,1.49812,4,0,0,0,0,0,0,1.194954,0,0,-0.769058,0,0,0,0,0,0,0,0,0,0,0,0,0,0,0,0,0,0,0,0,0,0,0,0,0,0,1,0,0,0,0,0,0,0,0,0,0,0,0,0,0,0,0,8.291207,0,0,-0.638423,0,0,0,0,0,0,0,0,0,0,1,1
0,0,0,0,0,0,0,-0.603358,0,0,0,0,0,0,0,0,-0.764516,0,0,0,0,0,0,0,0,0,0,0,0,0,0,0,0.68872,1,0,0,0,0,0,0,1.480339,0,0,-0.513058,0,0,0,0,0,0,0,0,0,0,0,0,0,0,0,0,0,0,0,0,0,0,0,0,0,0,0,0,0,0,0,0,0,0,0,0,0,0,0,0,0,0,0,-0.356644,0,0,-0.793305,0,0,0,0,0,1,0,0,0,0,1,1
0,0,0,0,0,0,0,-0.333384,0,0,0,0,0,0,0,0,-0.697298,0,0,1,1,0,0,0,0,0,0,0,0,0,0,0,0.83589,0,0,0,0,0,0,0,0.239916,0,0,-0.585747,0,0,0,0,0,0,0,0,0,0,0,0,0,0,0,0,0,0,0,0,0,0,0,0,0,0,1,0,0,0,0,0,0,0,0,0,0,0,0,0,0,0,0,-0.82939,0,0,-0.486459,0,0,0,0,0,0,0,0,0,0,0,1
0,0,0,0,0,0,0,-0.671807,0,0,0,0,0,0,0,0,-0.596509,0,0,0,0,0,0,0,0,0,0,0,0,0,0,0,0.78825,0,0,0,0,1,0,0,1.717371,0,0,-0.547392,0,0,0,0,0,0,0,0,0,0,0,0,0,0,0,0,0,0,0,0,0,0,0,0,0,1,0,0,0,0,0,0,0,0,0,0,0,0,0,0,0,0,0,-0.685285,0,0,-0.484288,0,0,0,0,0,0,0,0,0,0,0,1
0,0,0,0,0,0,0,-0.723159,0,0,0,0,0,0,0,1,-0.643555,0,0,0,0,0,0,0,0,0,0,0,0,0,0,0,0.86983,5,0,0,0,0,0,0,2.630484,0,0,-0.554148,0,0,0,0,0,0,0,0,0,0,0,0,0,0,0,0,0,0,0,0,0,0,0,0,0,0,0,0,0,0,0,0,0,0,0,0,0,0,0,0,0,0,1,-0.587463,0,0,-0.583067,0,0,0,0,0,0,0,0,0,0,1,1
0,0,0,0,0,0,0,-0.671579,0,0,0,0,0,0,0,0,-0.667343,0,0,0,0,0,0,0,0,0,0,0,0,0,0,0,1.22153,1,0,0,0,0,0,0,0.466419,0,0,-0.700189,0,0,0,0,0,0,0,0,0,0,0,0,0,1,0,0,0,0,0,0,0,0,0,0,0,0,0,0,0,0,0,0,0,0,0,0,0,0,0,0,0,0,0,-0.63934,0,0,-0.700326,0,0,0,0,0,0,0,0,0,0,0,1
0,0,0,0,0,0,0,-0.722282,0,0,0,0,0,0,0,0,-0.689992,0,0,0,0,0,0,0,0,0,0,0,0,0,0,0,1.96457,3,0,0,0,0,0,0,1.057875,0,0,-0.826149,0,0,0,0,0,0,0,0,0,0,0,0,0,0,0,0,0,0,0,0,0,1,0,0,0,0,1,0,0,0,0,0,0,0,0,0,0,1,0,0,0,0,0,-0.64842,0,1,-0.644307,0,0,0,0,0,0,0,0,0,0,0,1
0,0,1,0,0,0,0,-0.369485,0,0,0,0,0,0,0,0,-0.732661,0,0,0,1,0,0,0,0,0,0,0,0,0,0,0,0.8809,0,1,0,1,0,0,0,0.79339,0,0,-0.674684,0,0,0,0,0,0,0,0,0,0,0,0,0,0,1,0,0,0,0,0,0,0,0,0,0,0,0,0,0,0,0,0,0,0,0,0,0,0,0,0,0,0,0,-0.605974,0,0,-0.746021,0,0,0,0,0,0,0,0,0,0,1,1
0,0,0,0,0,0,0,-0.742667,0,1,0,0,0,0,0,0,-0.482308,0,0,0,0,0,0,0,0,1,0,0,0,0,0,0,1.12744,1,0,0,1,0,0,0,0.550204,0,0,-0.693734,0,0,0,0,0,0,0,0,0,0,0,0,0,0,0,0,0,0,0,1,0,0,0,0,0,0,0,0,0,0,0,0,0,0,0,0,0,0,0,1,0,0,0,-0.462067,0,0,-0.547195,0,0,0,0,0,0,0,0,0,0,1,1
0,0,0,0,0,0,0,-0.688859,0,0,0,0,0,0,0,0,-0.677052,0,0,0,0,0,0,0,0,1,0,0,0,0,0,0,1.14562,4,0,0,0,0,0,0,1.46239,0,0,-0.72351,0,0,0,0,0,0,0,0,0,0,0,0,0,0,0,0,0,0,0,0,0,0,0,0,0,0,0,0,1,0,0,0,0,0,0,0,0,0,0,0,0,0,0,-0.618217,0,0,-0.705188,0,0,0,0,0,0,0,0,0,0,0,1
0,0,0,0,0,0,0,-0.49038,0,0,0,0,0,0,0,0,-0.618023,0,0,0,0,0,0,0,0,0,0,0,0,0,0,0,1.33713,5,0,0,0,0,1,0,2.237674,0,0,-0.737691,0,0,0,0,0,0,0,0,0,0,0,1,0,0,0,0,0,0,0,0,0,0,1,0,0,0,0,0,0,0,0,0,0,0,0,0,0,0,0,0,0,0,0,-0.759797,0,0,2.457544,0,0,0,0,0,0,0,0,0,0,1,1
0,0,0,0,0,0,0,-0.609079,0,0,0,0,0,0,0,0,-0.804632,0,0,0,0,0,0,0,0,0,0,0,0,0,0,0,0.97046,0,0,0,0,0,0,0,0.862175,0,0,-0.651411,0,1,0,0,0,0,0,0,0,0,0,0,0,0,0,0,0,0,0,0,0,0,0,0,0,0,0,0,0,0,0,0,0,0,0,0,0,0,0,0,0,0,0,-0.530322,0,0,-0.59301,0,0,0,0,0,0,0,0,0,1,0,1
0,0,0,0,0,0,0,-0.719638,0,0,0,0,0,0,0,0,-0.684768,0,0,0,0,0,0,0,0,0,1,0,0,0,1,0,1.63588,1,0,0,1,0,0,0,0.424251,0,0,-0.802064,0,0,0,0,0,0,0,0,0,0,0,0,0,0,0,0,0,0,0,0,0,0,0,0,0,0,0,0,0,0,0,0,0,0,0,0,0,0,0,0,0,0,0,-0.365043,0,0,-0.84788,0,0,0,0,0,0,0,0,0,0,0,1
0,0,0,0,0,0,0,-0.62453,0,0,0,0,0,0,0,0,-0.86304,0,0,0,1,0,0,0,0,0,0,0,0,0,0,0,1.35218,1,0,0,0,0,0,0,0.8077,0,0,-0.751518,0,0,0,0,0,0,0,0,0,0,0,0,0,0,0,0,0,0,0,0,0,0,0,0,0,1,0,0,0,0,0,0,0,0,0,0,0,0,0,0,0,0,0,-0.703761,0,0,-0.703672,0,0,0,0,0,0,0,1,0,0,1,1
0,0,0,0,0,0,0,-0.436217,0,0,0,0,0,0,0,1,-0.635248,0,0,0,0,1,0,0,0,0,0,0,0,0,0,0,0.83186,2,0,0,0,0,0,0,1.395253,0,0,-0.595467,0,0,0,0,0,0,0,0,0,0,0,0,0,0,0,0,0,0,0,0,0,0,0,0,0,0,0,0,0,0,0,0,0,0,0,0,0,0,0,0,0,0,0,-0.715253,0,0,-0.744402,0,0,0,0,0,0,0,0,1,0,1,1
0,0,0,0,0,0,0,-0.774176,0,0,1,0,1,0,0,0,-0.647096,0,1,0,0,0,0,1,0,0,0,0,0,0,1,0,1.75293,5,0,0,0,0,1,0,1.189983,0,0,-0.793272,1,0,0,0,0,0,0,0,0,0,0,0,1,0,1,0,0,0,0,1,0,0,0,0,0,0,0,0,0,1,0,0,0,0,0,0,0,0,0,0,0,0,0,-0.660353,0,0,-0.790961,0,0,0,0,0,0,0,0,0,0,1,1
0,0,0,0,0,0,0,-0.673115,0,0,0,0,0,0,0,0,-0.814602,0,0,0,0,0,0,0,0,0,0,0,0,0,0,0,0.48571,0,0,0,0,0,0,0,2.538911,0,0,-0.281038,0,0,0,0,0,0,1,0,0,0,0,0,0,0,0,0,0,0,0,0,0,0,0,0,0,0,0,0,0,0,0,0,0,0,0,0,0,0,0,0,0,0,0,-0.544596,0,0,-0.635947,0,0,0,0,0,0,0,0,1,0,0,1
0,0,0,0,0,0,0,-0.66616,0,0,0,0,0,0,0,0,-0.461505,0,1,0,0,0,0,0,0,0,0,0,0,0,0,0,0.73991,1,0,0,0,0,0,0,0.261742,0,0,-0.521158,0,0,0,0,0,0,0,0,0,0,0,0,0,0,0,0,0,0,0,0,0,0,0,0,0,0,0,0,0,0,0,0,0,0,0,0,0,0,0,1,0,0,0,-0.655611,0,0,-0.62829,0,0,0,0,0,0,0,0,0,0,0,1
0,0,0,0,0,0,0,-0.818962,0,0,0,0,0,0,0,0,-0.235197,0,0,0,0,0,0,0,0,0,0,0,0,0,0,0,0.91352,4,0,0,0,0,0,0,1.405033,0,0,-0.629534,0,0,0,0,0,0,0,0,1,0,1,0,0,0,0,0,0,0,0,0,0,1,0,0,0,0,0,0,1,0,0,0,0,0,0,0,0,0,0,0,0,0,0,-0.772545,0,0,-0.816794,0,0,0,0,0,0,0,0,1,0,1,1
0,0,0,0,0,0,0,-0.568327,0,1,0,0,0,0,0,0,-0.580399,0,0,0,0,0,0,0,0,1,0,0,0,0,0,0,1.5903,3,0,0,0,0,0,0,1.72106,0,0,-0.769359,0,0,0,0,0,0,0,0,0,0,0,0,0,0,0,0,0,0,0,0,0,0,0,0,0,0,0,0,0,0,0,0,0,1,0,0,0,0,0,1,0,0,0,-0.713628,0,0,-0.495211,0,0,0,0,0,0,0,0,0,0,1,1
0,0,0,0,0,0,0,-0.619644,0,0,0,0,0,0,0,0,-0.645373,0,0,0,0,0,0,0,0,0,0,0,0,0,0,0,1.13584,0,0,0,0,0,0,0,0.606153,0,0,-0.686668,0,0,0,0,0,0,0,0,0,0,0,0,0,0,0,0,0,0,0,0,0,0,0,0,0,0,0,0,0,0,0,0,0,0,0,0,0,0,0,0,0,0,0,-0.62265,0,0,-0.616283,0,0,0,0,0,0,0,0,0,0,0,1
0,0,0,0,0,0,0,-0.626711,0,0,1,0,0,0,0,0,-0.369748,0,0,0,1,0,0,0,0,0,0,1,0,0,0,0,1.19344,3,0,1,0,0,0,0,1.043695,0,0,-0.710583,0,0,0,0,0,0,0,0,0,0,0,0,0,0,0,0,0,0,0,0,0,0,0,0,0,0,0,0,0,0,0,0,0,0,0,0,0,0,1,0,0,0,0,-0.586113,0,0,-0.821789,0,0,0,0,0,0,0,0,0,0,0,1
0,0,0,0,0,0,0,-0.687107,0,0,0,0,0,0,0,0,-0.71416,0,0,0,0,0,0,0,0,0,0,0,0,0,0,0,1.33165,2,0,0,0,0,0,0,0.841661,0,0,-0.671408,0,0,0,0,0,0,0,0,0,0,0,0,0,0,0,0,0,0,0,0,0,0,0,0,0,0,0,0,0,0,0,0,0,0,0,0,0,0,0,0,0,0,0,-0.68272,0,0,-0.730614,0,0,0,0,0,0,0,0,0,0,0,1
0,0,0,0,0,0,0,-0.687429,0,0,0,0,0,0,0,1,-0.7133,0,0,0,0,0,0,0,0,0,0,0,0,0,0,0,0.92453,0,0,0,0,0,0,0,0.847508,0,0,-0.582633,0,0,0,0,0,0,0,0,0,0,0,0,0,0,0,0,0,0,0,0,0,0,0,0,0,0,0,0,1,0,0,0,0,0,0,0,0,0,0,1,0,0,0,-0.713103,0,0,-0.694933,0,0,0,0,0,0,0,0,0,0,0,1
0,0,0,0,0,0,0,-0.651383,0,0,0,0,0,0,0,0,-0.260734,0,0,0,0,0,0,0,0,0,0,0,0,0,0,0,1.39387,2,0,0,0,0,0,0,0.449237,0,0,-0.746166,0,0,0,0,0,0,0,0,0,0,0,1,0,0,0,0,0,0,0,0,0,0,0,0,0,0,0,0,0,0,0,0,0,0,0,0,0,0,0,0,0,0,0,-0.754358,0,0,-0.511808,0,0,0,0,0,0,0,0,0,0,0,1
0,0,0,1,0,0,0,-0.678955,0,0,0,0,0,0,0,0,-0.787512,0,0,0,0,0,0,0,0,0,0,0,0,0,0,0,1.23092,0,0,0,0,0,0,0,0.293466,0,0,-0.71945,0,0,0,0,0,0,0,0,0,0,0,0,0,0,0,0,0,0,0,0,0,1,0,0,0,0,0,0,0,0,0,0,0,0,0,0,0,0,0,0,0,0,0,-0.707528,0,0,-0.604892,0,0,0,0,0,0,0,0,0,0,0,1
0,0,0,0,0,0,0,-0.641198,0,0,0,0,0,0,0,0,-0.682819,0,0,0,0,0,0,0,0,0,0,0,0,0,0,0,1.30654,0,0,0,0,0,0,0,0.64945,0,0,-0.740023,0,0,0,0,0,0,0,0,0,0,0,0,0,0,0,0,1,0,0,0,0,0,0,0,0,0,0,0,0,0,0,0,0,0,0,0,0,0,0,0,0,0,0,-0.708922,0,0,-0.665496,0,0,0,0,0,0,0,0,0,0,1,1
0,0,0,0,0,0,0,-0.723265,0,0,0,0,0,0,0,0,-0.482818,0,0,0,0,0,0,0,0,0,0,0,0,0,0,0,0.89588,0,0,0,0,0,0,0,0.790751,0,0,-0.546385,0,0,0,0,0,0,0,0,0,0,0,0,0,0,0,0,0,0,0,0,0,0,0,0,0,0,0,0,1,0,0,0,0,0,0,0,0,0,0,0,0,0,0,-0.715004,0,0,-0.750129,0,0,0,0,0,0,0,1,0,0,0,1
0,0,0,1,0,1,0,-0.685664,0,1,0,0,0,0,0,1,-0.512057,0,0,0,0,0,0,0,0,0,0,0,0,1,0,0,1.41359,2,0,0,0,0,0,0,0.694354,0,0,-0.753582,0,0,0,0,0,0,0,0,0,1,0,0,0,0,0,0,0,0,0,0,0,0,0,0,0,0,0,0,0,0,0,0,0,0,0,0,0,0,0,0,0,0,0,-0.390606,0,0,-0.587416,0,0,0,0,0,0,0,0,0,0,0,1
0,0,0,0,0,0,0,-0.777098,0,0,0,0,0,0,0,0,-0.455269,0,0,0,0,0,0,0,0,0,0,0,0,0,0,0,1.55416,2,0,0,0,1,0,0,1.81773,0,0,-0.507106,0,0,0,0,0,0,0,0,0,0,0,0,0,0,0,0,0,0,0,0,0,0,0,0,0,0,0,0,0,0,0,0,0,0,1,0,0,0,0,0,0,1,0,-0.609737,0,0,-0.622212,0,0,0,0,0,0,0,0,0,1,1,1
0,0,0,0,0,0,0,-0.513016,0,0,0,0,0,0,0,0,-0.738678,0,0,0,0,0,0,0,0,0,0,0,0,0,0,0,2.05529,1,0,0,0,0,0,0,0.748956,1,0,-0.826087,0,0,0,0,0,0,0,0,0,0,0,0,0,0,0,0,0,0,0,0,0,0,0,0,0,0,0,0,0,0,0,0,1,0,0,0,0,0,0,0,0,0,0,-0.585374,0,0,-0.668627,0,0,0,0,0,0,0,1,1,0,0,1
0,0,0,0,0,0,0,-0.651135,0,0,0,0,0,0,0,0,-0.629752,0,0,0,0,0,0,0,0,0,0,0,0,0,0,0,0.88949,2,0,0,1,0,0,0,2.39158,0,0,-0.627747,0,1,0,0,0,0,0,0,0,0,0,0,0,0,0,0,0,0,0,0,0,1,0,0,0,0,0,0,0,0,0,0,0,0,0,0,0,0,1,0,0,0,0,-0.702423,0,0,-0.789194,0,0,0,0,0,0,0,0,0,0,0,1
0,0,0,0,0,0,0,-0.634915,0,0,0,0,0,0,0,0,-0.590989,0,0,0,0,0,0,0,0,0,0,0,0,0,0,0,0.97511,2,0,0,0,0,0,0,1.638669,1,1,-0.791748,0,0,0,0,0,0,0,0,0,0,0,0,0,0,0,0,0,0,0,0,0,0,0,0,0,0,0,0,0,0,0,0,0,0,0,0,0,0,0,0,0,0,0,-0.586975,0,0,-0.639419,0,0,0,0,0,1,0,0,0,0,0,1
0,0,0,0,0,0,0,-0.478741,0,0,0,0,0,0,0,0,-0.790175,0,0,0,0,0,0,0,0,0,0,0,0,0,0,0,1.26308,3,0,0,0,0,0,0,1.749446,0,0,-0.736821,0,0,0,0,0,0,0,0,0,0,0,1,0,0,0,0,0,0,0,0,0,0,0,0,0,0,0,0,0,0,0,0,0,0,0,0,0,0,0,0,0,0,0,-0.648821,0,0,-0.641199,0,0,0,0,0,0,0,0,0,0,1,1
0,0,0,0,0,0,0,-0.679712,0,0,0,0,0,0,0,1,-0.580361,0,0,0,0,0,0,0,0,0,0,0,0,0,0,0,1.40331,2,0,0,0,0,0,0,0.503536,0,0,-0.756478,0,0,0,0,0,0,1,0,0,0,0,0,0,0,0,0,0,0,0,0,0,0,0,0,0,0,0,0,0,0,0,0,0,0,0,0,0,0,0,0,0,0,0,-0.593218,0,0,-0.569423,0,0,0,0,0,0,0,0,0,0,1,1
0,0,0,0,0,0,0,-0.749756,0,0,0,0,1,0,0,0,-0.711363,0,0,0,0,0,0,0,0,0,0,0,0,0,0,0,1.60085,5,0,0,0,0,0,0,0.843827,0,0,-0.807247,0,0,0,0,0,0,0,0,0,0,0,0,0,0,0,0,0,0,0,0,0,0,0,0,0,0,0,0,0,0,0,0,0,0,0,0,0,0,0,0,0,0,0,-0.603611,0,0,-0.779576,0,0,0,0,0,0,0,0,0,0,1,1
0,0,0,0,0,0,0,-0.452081,0,0,0,0,0,0,0,0,-0.789005,0,0,0,0,0,0,0,0,0,0,0,0,0,0,0,1.54109,9,0,0,0,0,0,0,0.728785,0,0,-0.77963,0,0,0,0,0,0,0,0,0,0,0,0,0,0,0,0,0,0,0,0,0,1,0,0,0,0,0,0,0,0,0,0,0,0,0,0,0,0,0,0,0,0,0,-0.60599,0,0,-0.602954,0,0,0,0,0,0,0,0,0,0,1,1
0,0,0,0,0,0,0,-0.658955,0,0,0,0,0,0,0,0,-0.711559,0,1,0,0,0,0,0,0,0,0,0,0,0,0,0,1.03678,1,0,0,0,0,0,0,0.939766,0,0,-0.649631,0,0,0,0,1,0,0,0,0,0,0,0,0,0,0,0,0,0,0,0,1,0,1,0,0,0,0,0,0,0,0,0,0,0,0,0,0,0,0,0,0,0,0,-0.653217,0,0,-0.695623,0,0,0,0,0,0,0,0,1,0,1,1
0,0,0,0,0,0,0,-0.189168,0,0,0,0,0,0,0,1,-0.779468,0,0,1,0,0,0,0,0,0,1,0,0,0,0,0,1.09925,0,0,0,0,0,0,0,0.702241,0,0,-0.695301,0,0,0,0,0,0,0,0,0,0,0,0,0,0,0,0,0,0,0,0,0,0,0,0,0,0,0,0,0,0,0,0,0,0,0,0,0,0,0,0,0,0,0,-0.568496,0,0,-0.590537,0,0,0,0,0,0,0,0,0,0,1,1
0,0,0,0,0,0,0,-0.695081,0,1,0,0,0,0,0,0,-0.540882,0,0,0,0,0,0,0,0,0,0,0,0,0,0,0,1.15377,1,0,0,0,0,0,0,0.394434,0,0,-0.71565,0,0,0,0,0,0,0,0,0,0,0,0,0,0,0,0,0,0,0,0,0,0,0,0,0,0,0,0,0,0,0,0,0,0,0,0,0,0,0,0,0,0,0,-0.697581,0,0,-0.775447,0,0,0,0,0,0,0,0,0,0,1,1
0,0,0,0,0,0,0,-0.635951,0,0,0,0,0,0,0,0,-0.681996,0,0,0,0,0,0,0,0,0,0,0,0,0,0,0,0.63366,1,0,0,0,0,0,0,2.00384,0,0,-0.447951,0,0,0,0,0,0,0,0,0,0,1,0,0,1,0,0,0,0,0,0,0,0,1,0,0,0,0,0,0,0,0,0,0,0,0,0,0,0,0,0,0,0,0,-0.29498,0,0,-0.588748,0,0,0,0,0,0,0,0,0,0,1,1
0,0,0,0,0,0,0,-0.482423,0,0,0,0,0,0,0,1,-0.847712,0,0,0,0,0,0,0,0,0,0,0,0,0,0,0,1.02482,1,0,0,0,1,0,0,1.090183,0,0,-0.662529,0,0,0,0,0,0,0,0,0,0,0,0,0,0,0,0,0,0,0,0,0,0,0,0,0,0,0,0,0,0,0,0,0,0,0,0,0,0,0,0,0,0,0,-0.63902,0,1,-0.422978,0,0,0,0,0,0,0,0,0,0,0,1
0,0,0,0,0,0,0,-0.51745,0,0,0,0,0,0,0,0,1.588481,0,0,0,0,1,0,0,0,0,0,0,0,0,0,0,1.31334,2,0,0,0,0,0,0,0.812997,0,0,-0.740651,0,0,0,0,0,0,0,0,0,0,0,0,0,0,0,0,0,0,0,0,0,0,1,0,0,0,0,0,0,0,0,0,0,0,0,0,0,0,0,0,0,0,0,-0.382943,0,0,-0.716904,0,0,0,0,0,0,0,0,0,0,1,1
0,0,0,0,0,0,0,-0.787677,0,1,0,0,0,0,0,0,-0.815965,1,0,0,0,1,0,0,0,0,0,0,0,0,0,0,3.59393,8,0,0,0,0,0,0,0.626041,0,1,-0.907964,0,0,0,0,0,0,0,0,0,0,0,0,0,0,0,0,0,0,0,0,0,0,0,0,0,0,0,0,0,0,0,0,0,1,0,0,0,1,0,0,0,0,0,-0.677811,0,0,-0.665251,0,0,0,0,0,0,0,0,0,0,1,1
0,0,0,0,0,0,0,-0.629462,0,0,0,0,0,0,0,0,-0.661737,0,0,0,0,0,0,0,0,0,0,0,0,0,0,0,0.99956,2,0,0,0,0,0,0,0.738791,0,0,-0.608315,0,0,0,0,1,0,0,0,0,0,1,1,0,0,0,0,0,0,0,0,0,0,0,0,0,0,0,0,0,0,0,0,0,0,0,0,0,0,0,0,0,0,0,-0.713769,0,0,-0.738531,0,0,0,0,0,0,0,0,0,0,0,1
0,0,0,0,0,0,0,-0.563093,0,0,0,0,0,0,0,1,-0.671021,0,0,0,1,0,0,0,0,0,0,0,0,0,0,0,1.47294,10,0,0,0,0,0,0,2.58912,0,0,-0.771171,0,0,0,0,0,0,0,0,0,1,0,0,0,0,0,0,0,0,0,0,0,0,1,0,0,0,0,0,0,0,0,0,0,0,0,0,0,0,0,0,0,0,0,-0.598292,0,0,-0.72402,0,0,0,0,0,0,0,0,0,0,1,1
0,0,0,0,0,0,0,-0.598603,0,0,0,1,0,0,0,1,-0.619698,0,1,1,1,0,0,0,0,0,0,0,0,0,1,0,0.92199,6,0,0,0,0,0,0,2.43672,0,0,-0.681343,0,0,0,0,0,0,0,0,0,0,0,0,0,0,0,0,0,0,0,0,0,0,1,0,0,0,0,0,0,0,0,0,0,0,0,0,0,1,0,0,0,0,0,-0.553983,0,0,-0.734773,0,0,0,0,0,0,0,0,0,0,0,1
0,0,0,0,0,0,0,-0.55515,0,0,0,0,0,0,0,0,-0.667525,0,0,1,0,0,0,0,0,0,0,0,0,0,0,0,0.92649,0,0,0,0,0,0,0,0.65781,0,0,-0.614012,0,1,0,0,0,0,0,0,0,0,0,0,0,0,0,0,0,0,0,0,0,0,1,0,0,0,0,0,0,0,0,0,0,0,0,0,0,0,0,0,0,0,0,-0.77957,0,0,-0.62108,0,0,0,0,1,0,0,0,0,0,0,1
0,0,0,0,0,0,0,-0.577772,0,0,0,1,0,0,0,0,-0.433153,0,0,0,0,0,0,0,0,0,0,0,0,0,0,0,1.435,2,0,0,0,0,1,0,1.020925,1,0,-0.755,0,0,0,0,0,0,0,0,0,0,1,0,0,0,0,0,0,0,0,0,0,0,0,0,0,0,0,0,0,0,0,0,0,0,0,0,0,0,0,0,0,0,0,-0.638547,0,0,-0.57961,0,0,0,0,0,0,0,0,0,0,1,1
0,0,0,0,0,0,0,-0.783078,0,0,0,0,0,0,0,0,-0.536083,0,1,0,0,0,0,0,0,0,0,0,0,0,0,0,0.93711,0,0,0,0,0,0,0,0.365957,0,0,-0.633581,0,0,0,0,0,0,0,0,0,0,0,1,0,0,0,0,0,0,0,0,0,0,0,0,0,0,0,0,0,0,0,0,0,0,0,0,0,0,0,0,0,0,0,-0.575714,0,0,-0.664225,0,0,0,0,0,0,0,0,0,0,0,1
0,0,0,1,0,0,0,-0.688447,0,0,0,0,0,0,0,1,-0.622501,0,0,0,0,0,0,0,0,0,0,0,0,0,0,0,0.74828,0,0,0,0,0,0,0,0.322908,0,0,-0.539184,0,0,0,0,0,0,0,0,0,0,0,0,0,0,0,0,0,0,0,1,0,0,0,0,0,0,0,0,0,0,0,0,0,0,0,0,0,0,0,0,0,0,0,-0.812956,0,0,-0.676265,0,0,0,0,0,0,0,0,0,0,0,1
0,0,0,0,0,0,0,-0.699572,0,0,0,0,0,0,0,0,-0.585577,0,0,0,0,0,0,0,0,0,0,0,0,0,0,0,0.98185,0,0,0,0,0,0,0,0.525316,0,0,-0.642418,0,0,0,0,0,0,0,0,0,0,0,0,0,0,0,0,0,0,0,0,1,0,0,0,0,0,0,0,0,0,0,0,0,0,0,0,0,0,0,0,0,0,0,-0.758155,0,0,-0.77298,0,0,0,0,0,0,0,0,0,0,0,1
0,0,0,0,0,0,0,-0.510874,0,0,0,0,0,0,0,0,-0.690446,0,0,0,0,0,0,0,0,0,0,0,0,0,0,0,1.22328,7,0,0,0,0,0,0,1.257688,0,0,-0.721268,0,0,0,0,0,0,0,0,0,0,0,0,0,0,0,0,0,0,0,0,1,0,0,0,0,0,0,0,0,0,0,0,0,0,0,0,0,0,0,0,0,0,0,-0.634048,0,0,-0.539146,0,0,0,0,0,0,0,0,0,1,1,1
0,0,0,0,0,0,0,-0.6936,0,0,0,0,0,0,0,0,-0.753938,0,0,0,0,0,0,0,0,0,0,0,0,0,0,0,1.49044,6,0,0,0,0,0,0,1.261067,0,0,-0.769056,0,0,0,0,0,0,0,0,0,0,0,0,0,0,0,0,0,0,0,0,0,0,1,0,0,0,1,0,0,0,0,0,0,0,0,0,0,0,0,0,0,0,0,-0.363863,0,0,-0.723932,0,0,0,0,0,0,0,1,1,0,1,1
0,0,0,0,0,0,0,-0.600033,0,0,0,0,0,0,0,0,-0.312419,0,0,0,0,0,0,0,0,0,0,0,0,0,0,0,0.93137,0,0,0,0,0,0,0,0.364447,0,0,-0.516367,0,0,0,0,0,0,0,0,0,0,0,0,0,0,0,0,0,0,0,0,0,0,0,0,0,0,0,0,0,0,0,0,0,0,0,0,0,0,0,0,0,0,0,-0.536973,0,0,-0.579512,0,0,0,0,0,0,0,0,0,0,0,1
0,0,0,0,0,0,0,-0.258242,0,0,0,0,0,0,0,0,-0.608984,0,0,0,1,0,0,0,0,0,0,0,0,0,1,0,1.02409,3,0,0,0,1,0,0,1.430918,0,0,-0.630919,0,0,0,0,0,0,0,0,0,0,0,0,0,0,0,0,0,1,0,0,0,0,0,0,0,0,0,0,0,0,0,0,0,0,0,0,0,0,0,0,0,0,0,-0.627131,0,0,-0.649761,0,0,0,0,0,0,0,0,0,0,1,1
0,0,0,0,0,0,0,-0.745334,0,0,0,0,0,0,0,0,-0.523057,0,0,0,0,0,0,0,0,0,0,0,0,0,0,0,1.65688,1,0,0,0,1,1,0,0.617975,0,0,-0.789602,0,0,0,0,0,0,0,0,0,0,0,1,0,0,0,0,0,0,0,0,0,0,1,0,0,0,0,0,0,0,0,0,0,0,0,0,0,0,0,0,0,0,0,-0.471239,0,0,-0.601401,0,0,0,0,0,0,0,0,1,0,1,1
0,0,0,0,0,0,0,-0.309745,0,0,0,0,0,0,0,0,-0.732341,0,0,0,0,0,0,0,0,0,0,0,0,0,1,0,0.7009,3,0,0,0,1,0,0,1.842877,0,0,-0.605977,0,0,0,0,0,0,0,0,0,0,0,0,0,1,0,0,0,0,0,0,0,0,0,0,0,0,0,0,0,0,0,0,0,0,0,0,0,0,0,0,0,0,0,-0.68619,0,0,-0.798384,0,0,0,0,0,0,0,0,0,0,1,1
0,0,0,0,0,0,0,-0.853976,0,0,0,0,0,0,0,0,-0.634161,0,0,1,0,0,0,0,0,0,0,0,0,0,0,0,0.65682,2,0,0,0,0,0,0,0.695999,0,0,-0.567804,0,0,0,0,0,0,0,0,0,0,0,0,0,0,0,0,0,0,0,0,0,0,0,0,0,0,0,0,0,0,0,0,0,0,0,0,0,0,0,0,0,0,0,-0.729543,0,0,-0.741183,0,0,0,0,0,0,0,1,0,0,1,1
0,0,0,0,0,0,0,-0.784753,0,0,0,0,0,0,0,0,-0.77837,0,0,0,0,0,0,0,0,0,0,0,0,0,0,0,0.49702,6,0,0,0,0,0,0,3.213203,0,0,-0.461254,0,0,0,0,1,0,0,0,0,0,0,0,0,0,0,0,0,0,0,0,0,0,0,0,0,0,0,0,0,0,0,0,0,0,0,0,0,0,0,0,0,0,0,-0.681144,0,0,-0.715881,0,0,0,0,0,0,0,0,1,0,1,1
0,0,0,0,0,0,0,-0.572812,0,0,0,0,0,0,0,0,-0.570023,0,0,0,0,0,0,0,0,0,0,0,0,0,0,0,0.75222,3,0,0,1,0,0,0,0.496635,0,0,-0.479185,0,0,0,0,0,0,0,0,0,0,0,0,0,0,0,0,0,0,0,0,1,0,0,0,0,0,0,0,0,0,0,0,0,0,0,0,0,0,0,0,0,0,0,-0.739589,0,0,-0.589762,0,0,0,0,0,0,0,0,0,0,0,1
0,0,0,0,0,0,0,-0.678259,0,0,0,0,0,0,0,0,-0.567161,0,0,0,0,0,0,0,0,0,0,0,0,0,0,0,1.45269,1,0,0,0,0,0,0,1.122596,0,0,-0.768265,0,0,0,0,0,0,0,0,0,0,0,0,0,1,0,0,0,0,1,0,0,0,0,0,0,0,1,0,0,0,0,0,0,1,0,0,0,0,0,0,0,0,0,-0.713493,0,0,-0.774864,0,0,0,0,0,0,0,0,0,0,0,1
0,0,0,0,0,0,0,-0.042421,0,0,0,0,0,0,0,0,-0.848551,0,0,0,0,0,0,0,0,0,0,0,0,0,0,0,0.93575,0,0,0,0,0,0,0,1.316991,0,0,-0.621492,0,0,0,0,0,0,0,0,1,0,0,0,0,0,0,0,0,0,0,0,0,0,0,0,0,0,0,0,0,0,0,0,0,0,0,0,0,0,0,0,0,0,0,-0.587941,0,0,-0.723639,0,0,0,0,0,0,0,0,0,0,0,1
0,0,0,0,0,0,0,-0.657754,0,0,0,0,0,0,0,0,-0.841662,0,0,0,0,0,0,0,0,0,0,0,0,0,0,0,0.90062,1,0,0,0,0,0,0,1.435167,0,0,-0.664546,0,0,0,0,0,0,0,0,0,0,0,0,0,0,0,0,0,0,0,0,0,1,0,0,0,0,0,0,0,0,0,0,0,0,0,0,0,0,0,0,0,0,0,-0.262621,0,0,-0.636578,0,0,0,0,0,0,0,0,0,1,1,1
0,0,0,1,0,0,0,-0.571039,1,0,0,0,0,0,0,0,-0.586925,0,0,0,0,0,0,0,0,0,0,0,0,0,0,0,1.09911,5,0,0,0,0,0,0,1.688569,0,0,-0.660703,0,0,0,0,0,0,0,0,0,0,0,0,0,0,0,0,0,0,0,0,1,0,0,0,0,0,0,0,0,0,0,0,1,0,0,0,0,0,0,0,0,0,0,-0.676676,1,0,-0.658362,0,0,0,0,0,0,0,1,0,0,1,1
0,0,0,0,0,0,0,-0.633306,0,0,0,0,0,0,0,0,-0.666188,0,0,0,0,0,0,0,0,0,0,0,0,0,0,0,0.56662,0,0,0,0,0,0,0,0.747317,0,0,-0.301059,0,0,0,0,0,0,0,0,0,0,0,0,0,0,0,0,0,0,0,0,0,0,0,0,0,0,0,0,0,0,0,0,0,0,0,0,0,0,0,0,0,0,0,-0.656245,0,0,-0.628944,0,0,0,0,0,0,0,1,1,0,0,1
0,0,0,0,0,0,0,-0.488797,0,0,0,0,0,0,0,0,-0.643469,0,0,0,0,0,0,0,0,0,0,0,0,0,0,0,1.0907,0,0,0,0,0,0,0,0.276659,0,0,-0.682271,0,0,0,0,0,0,0,0,0,0,0,0,0,0,0,0,0,0,0,0,0,0,0,0,0,0,0,0,0,0,0,0,0,0,0,0,0,0,0,0,0,0,0,-0.518908,0,0,-0.713999,0,0,0,0,0,0,0,0,0,0,0,1
0,0,0,0,0,0,0,-0.7308,0,0,0,0,0,0,0,0,-0.593127,0,0,0,0,0,0,0,0,0,0,0,0,0,0,0,1.19447,0,0,0,0,0,0,0,0.832344,0,0,-0.719772,0,0,0,0,0,0,0,0,0,0,0,0,0,0,0,0,0,1,0,0,0,0,0,0,0,0,0,0,0,0,0,0,0,0,0,0,0,0,0,0,0,0,0,-0.719625,0,0,-0.721104,0,0,0,0,0,0,0,0,0,0,1,1
0,0,0,0,0,0,0,-0.613394,0,0,0,0,0,0,0,0,-0.736562,0,0,0,0,0,0,0,0,0,0,0,0,0,0,0,1.40539,4,0,0,0,1,0,0,1.453239,0,0,-0.755165,0,0,0,0,0,0,0,0,0,0,0,1,0,0,0,0,0,0,0,0,0,1,1,0,0,0,0,0,0,0,0,0,0,0,0,0,0,0,0,0,0,0,0,-0.705141,0,0,-0.704439,0,0,0,0,0,0,0,0,0,0,1,1
0,0,0,0,0,0,0,-0.627386,0,0,0,0,0,0,0,0,-0.778872,0,0,0,0,0,0,0,0,0,0,0,0,0,0,0,0.9155,0,0,0,0,0,0,0,0.214286,0,0,-0.796929,0,0,0,0,0,0,0,0,0,0,0,0,0,0,0,0,0,1,0,0,0,0,0,0,0,0,1,0,0,0,0,0,0,0,0,0,0,0,0,0,0,0,0,-0.691201,0,0,-0.670172,0,0,0,0,0,0,0,1,0,0,0,1
0,0,1,0,0,0,0,-0.723798,0,0,1,0,0,0,0,0,-0.73652,0,0,0,0,0,0,0,0,0,0,0,0,0,0,0,1.91153,6,0,0,0,0,0,0,1.618523,0,0,-0.7481,0,0,0,0,0,0,0,0,0,0,0,0,0,0,0,0,0,0,0,0,0,0,1,0,0,0,0,0,1,0,0,0,0,0,0,0,0,0,0,0,0,0,0,-0.810122,0,0,-0.720259,0,0,0,0,0,0,0,0,1,0,1,1
0,0,0,0,0,0,0,-0.428698,0,0,0,0,0,0,0,0,-0.674933,0,0,0,0,0,0,0,0,0,0,0,0,0,0,0,1.1299,1,0,0,0,0,0,0,0.931652,0,0,-0.691612,0,0,0,0,1,0,0,0,0,0,0,0,0,0,0,0,0,0,0,0,0,0,0,0,0,0,0,0,0,0,0,0,0,0,0,0,0,0,0,0,0,0,0,-0.63354,0,0,-0.648787,0,0,0,0,0,0,0,0,0,0,0,1
0,0,0,0,0,0,0,-0.726461,0,0,0,0,0,0,0,0,-0.658667,0,0,0,0,0,0,0,0,0,0,0,0,0,0,0,1.2265,0,0,0,1,0,0,0,0.273796,0,0,-0.692171,0,0,0,0,0,0,0,0,0,0,1,0,0,0,0,0,0,0,0,0,1,0,0,0,0,0,0,0,0,0,0,0,0,0,0,0,0,0,0,0,0,0,0,-0.642676,0,0,-0.348121,0,0,0,0,0,0,0,0,1,0,0,1
0,0,0,0,0,0,0,-0.672284,0,0,0,0,0,0,0,0,-0.81079,0,0,0,0,0,0,0,0,0,0,0,0,0,0,0,0.6,0,0,0,0,0,0,0,0.786106,0,0,-0.440929,0,0,0,0,0,0,0,0,0,0,0,0,0,0,0,0,0,0,0,0,0,1,0,0,0,0,0,0,0,0,0,0,0,0,0,0,0,0,0,0,0,0,0,-0.576625,0,0,-0.73687,0,0,0,0,0,0,0,0,0,0,0,1
0,0,0,0,0,0,0,-0.626366,0,0,0,0,0,0,0,1,-0.746375,0,0,0,0,0,0,0,0,0,0,0,0,0,0,0,1.14761,1,0,0,0,0,0,0,2.390572,0,0,-0.703956,0,0,0,0,0,0,0,0,0,0,1,0,0,1,0,0,0,0,0,0,0,0,0,0,0,0,0,0,0,0,0,0,0,0,0,0,0,0,0,0,0,0,0,-0.796636,0,0,-0.772886,0,0,0,0,0,0,0,0,0,0,0,1
0,0,0,0,0,0,0,-0.617771,0,1,0,0,0,0,0,0,-0.735246,0,0,0,1,0,0,0,0,0,0,0,0,0,0,0,0.91736,2,0,0,0,0,0,0,0.659828,0,0,-0.632582,0,0,0,0,0,0,0,0,0,0,0,0,0,1,0,0,0,0,0,0,0,0,0,0,0,0,0,0,0,0,0,0,0,0,0,0,0,1,0,0,0,0,0,-0.577504,0,0,-0.706249,0,0,0,0,0,0,0,0,0,0,0,1
0,0,0,0,0,0,0,-0.587072,0,0,0,0,0,0,0,1,-0.712206,0,0,0,0,0,0,0,0,0,0,0,0,0,0,0,1.23563,6,0,0,0,0,0,0,1.217076,0,0,-0.757317,0,0,0,0,0,1,0,0,0,0,0,0,0,0,0,0,0,0,0,0,0,0,0,0,0,0,0,1,0,0,0,0,0,0,0,0,0,0,0,0,0,0,1,-0.795594,0,0,-0.328855,0,0,0,0,1,0,0,0,0,0,1,1
0,0,0,0,0,0,0,-0.68318,0,0,0,0,0,0,0,0,-0.707514,0,0,0,0,0,0,0,0,0,0,0,0,0,0,0,0.92108,2,0,0,0,0,0,0,2.866134,0,0,-0.601709,0,0,0,0,0,0,0,0,0,0,1,0,0,1,0,0,0,0,0,0,0,1,0,0,0,0,0,0,0,0,0,0,0,0,0,0,0,0,0,0,0,0,0,-0.740673,0,0,-0.533346,0,0,0,0,0,0,0,1,0,0,1,1
0,0,0,0,0,0,0,-0.771619,0,0,0,0,0,0,0,0,-0.661408,0,0,0,0,0,0,0,0,0,0,0,0,0,0,0,1.45997,0,0,0,0,0,0,0,1.229582,0,0,-0.793079,0,0,0,0,0,0,0,0,0,0,0,0,0,0,0,0,0,0,0,0,0,1,0,0,0,0,1,0,0,0,0,0,0,0,0,0,0,0,0,0,0,0,0,-0.46756,0,0,-0.372945,0,0,0,0,0,0,0,0,0,0,0,1
0,0,0,0,0,0,0,-0.57461,0,0,0,1,0,0,0,1,-0.706569,0,0,0,1,0,0,0,0,0,0,0,0,0,0,0,2.10534,5,0,0,0,0,0,0,0.813571,0,0,-0.846583,0,0,0,0,0,0,0,0,0,0,0,0,0,0,0,0,0,0,0,0,0,0,0,0,0,1,0,0,0,0,0,0,0,0,0,0,0,1,0,0,0,0,0,-0.647352,0,0,-0.783835,0,0,0,0,0,0,0,0,0,0,1,1
0,0,0,0,0,0,0,-0.638548,0,0,0,0,0,0,0,0,-0.678947,0,0,0,0,0,0,0,0,0,0,0,0,0,0,0,0.80002,0,0,0,0,0,0,0,0.791885,0,0,-0.575819,0,0,0,0,0,0,0,0,0,0,0,0,0,0,0,0,0,0,0,0,0,1,0,0,0,0,0,0,0,0,0,0,0,0,0,0,0,0,0,0,0,0,0,-0.728441,0,0,-0.414691,0,0,0,0,0,0,0,1,0,0,0,1
0,0,0,0,0,0,0,-0.567799,0,0,0,0,0,0,0,0,-0.71132,0,0,0,0,0,0,0,0,1,0,0,0,0,0,0,1.29178,4,0,0,0,0,0,0,0.731722,0,0,-0.710745,0,0,0,0,0,0,0,0,0,0,0,0,0,0,0,0,0,0,0,0,0,1,0,0,0,0,0,0,0,0,0,0,0,0,0,0,0,0,0,1,0,0,0,-0.46536,0,0,-0.559584,0,0,0,0,0,0,0,0,0,0,1,1
0,0,0,0,0,0,0,-0.786464,0,0,0,0,0,0,0,1,-0.651125,0,1,0,0,0,0,0,0,0,0,0,0,0,0,0,1.03929,0,0,0,0,0,0,0,0.261943,0,0,-0.661385,0,0,0,0,0,0,0,0,0,0,0,1,0,0,0,0,0,0,0,0,0,0,0,0,0,0,0,0,0,0,0,0,0,0,0,0,0,0,0,0,0,0,0,0.308113,0,0,-0.666756,0,0,0,0,0,0,0,0,0,0,0,1
0,0,0,0,0,0,0,-0.700443,0,0,0,0,0,0,0,0,-0.567553,0,0,0,0,0,0,0,0,0,0,0,0,0,1,0,1.58386,0,0,0,0,0,0,0,1.116092,0,0,-0.784838,0,0,0,0,0,0,0,0,0,0,0,0,0,0,0,0,0,0,0,0,0,0,0,0,0,0,0,0,1,0,0,0,0,0,0,0,0,0,0,0,0,0,0,-0.722462,0,0,-0.573029,0,0,0,0,0,0,0,0,1,0,0,1
0,0,0,0,0,0,0,-0.608481,0,0,0,0,0,0,0,0,-0.716319,0,0,0,0,0,0,0,0,0,1,0,0,0,0,0,1.40734,0,0,0,0,0,0,0,0.972478,0,0,-0.754342,0,0,0,0,0,0,0,0,0,0,0,0,0,0,0,0,0,1,0,0,0,0,0,0,0,0,0,0,1,0,0,0,0,0,0,0,0,0,0,0,0,0,0,-0.668117,0,0,-0.529905,0,0,0,0,0,0,0,0,0,1,1,1
0,0,0,0,0,0,0,-0.757595,0,0,0,0,0,0,0,0,-0.704121,0,0,0,0,0,0,0,0,1,0,0,0,0,0,0,1.43393,5,0,0,0,0,0,0,1.051082,0,0,-0.711868,0,0,0,0,0,0,0,0,0,0,0,0,0,0,0,0,0,0,0,0,0,1,0,0,0,0,0,1,0,0,0,0,0,0,0,0,0,0,0,1,0,0,0,-0.606953,0,0,-0.683605,0,0,0,1,0,0,0,0,0,0,1,1
0,0,0,0,0,0,0,-0.822311,0,0,0,0,0,0,0,0,8.165607,0,0,0,0,0,0,0,0,0,0,0,0,0,0,0,0.60578,1,0,0,1,0,0,0,0.629186,0,0,-0.539185,0,0,0,0,0,0,1,0,0,0,0,0,0,0,0,0,0,0,0,0,0,0,0,0,0,0,0,0,0,0,0,0,0,0,0,0,0,0,0,0,0,0,0,-0.813624,0,0,-0.614555,0,0,0,0,0,0,0,0,0,0,1,1
0,0,0,0,0,0,0,-0.734991,0,0,0,0,0,0,0,0,-0.794424,0,0,0,0,0,0,0,0,0,0,0,0,0,0,0,1.40827,0,0,0,0,0,0,0,1.233516,0,0,-0.757845,0,0,0,0,0,0,0,0,0,0,0,0,0,0,0,0,0,0,0,0,0,0,0,0,0,0,0,0,0,0,0,0,0,0,0,0,0,0,0,0,0,0,0,-0.695489,0,0,-0.708115,0,0,0,0,0,0,0,0,0,1,1,1
0,0,0,0,0,0,0,-0.839575,0,0,0,0,0,0,0,0,-0.623166,0,0,0,1,0,0,0,0,0,0,0,0,0,0,0,0.7782,2,0,0,0,0,0,0,1.918787,0,0,-0.559153,0,0,0,0,0,0,0,0,0,0,0,0,0,0,0,0,0,0,0,0,0,0,0,0,0,0,0,0,0,0,0,0,0,0,0,0,0,0,0,0,0,0,0,-0.740158,0,0,-0.608766,0,0,0,0,0,0,0,0,0,0,1,1
0,0,0,0,0,0,0,-0.639447,0,0,0,0,0,0,0,0,-0.596149,0,0,0,0,0,0,0,0,0,0,0,0,0,0,0,1.18445,5,0,0,0,0,0,0,1.815392,0,0,-0.701153,0,0,0,0,0,0,0,0,0,0,0,0,0,1,0,0,0,0,0,0,0,0,0,0,0,0,0,0,1,0,0,0,0,0,0,0,0,0,0,1,0,0,0,-0.587777,0,0,-0.683708,0,0,0,0,0,0,0,0,1,0,0,1
0,0,0,0,0,0,0,-0.664819,0,0,0,0,0,0,0,0,-0.577434,0,0,0,0,0,0,0,0,0,0,0,0,0,0,0,1.52976,3,0,0,0,0,0,0,1.147852,0,0,-0.799587,0,0,0,0,0,0,0,0,0,0,0,0,0,0,0,0,0,0,0,0,0,0,0,0,0,0,0,0,0,0,0,0,0,0,0,0,0,0,0,0,0,0,0,-0.662599,0,0,-0.495311,0,0,0,0,0,0,0,0,0,1,1,1
0,0,0,0,0,0,0,-0.622417,0,0,0,0,0,0,0,0,-0.695047,0,0,0,0,0,0,0,0,0,0,0,0,0,0,0,0.46516,0,0,0,0,0,0,0,0.768262,0,0,-0.269088,0,0,0,0,0,0,0,0,0,0,0,0,0,0,0,0,0,0,0,0,0,0,0,0,0,0,0,0,0,0,0,0,0,0,0,0,0,0,0,0,0,0,0,-0.678136,0,0,-0.586726,0,0,0,0,0,0,0,0,0,0,0,1
0,0,0,0,0,0,0,-0.652259,0,0,0,0,0,0,0,0,-0.847444,0,0,1,0,0,0,0,0,0,0,0,0,0,0,0,0.99933,0,0,0,0,0,0,0,1.020885,0,0,-0.665414,0,0,0,0,0,0,0,0,0,0,0,0,0,0,0,0,0,0,0,0,0,0,1,0,0,0,0,0,0,0,0,0,0,0,0,0,0,0,0,0,0,0,0,-0.615626,0,0,-0.62951,0,0,0,0,0,0,0,0,0,0,0,1
0,0,0,0,0,0,0,-0.722179,0,0,0,0,0,0,0,0,-0.614898,0,0,0,0,0,0,0,1,0,0,0,0,1,0,0,1.62434,7,0,0,0,0,0,0,1.360024,0,1,1.534935,0,0,0,0,0,0,0,0,0,0,0,0,0,0,0,0,0,0,0,0,0,1,0,0,0,0,0,0,0,0,0,0,0,1,0,1,0,1,0,0,0,0,0,-0.353072,0,1,-0.618504,0,1,0,0,0,0,0,0,0,1,1,1
0,0,0,0,0,0,0,-0.612387,0,0,0,0,0,0,0,0,-0.649371,0,0,0,0,0,0,0,0,0,0,0,0,0,0,0,1.85267,1,0,0,0,1,0,0,0.937187,0,0,8.51498,0,0,0,0,0,0,0,0,0,0,0,0,0,0,0,0,0,0,0,0,0,0,0,0,0,0,0,0,0,0,0,0,0,0,0,0,0,0,0,0,0,0,0,-0.518997,0,0,-0.611756,0,0,0,0,0,0,0,0,0,0,0,1
0,0,0,0,0,0,0,-0.619141,0,0,0,0,1,0,0,0,-0.805405,0,0,0,0,0,0,0,0,0,0,0,0,0,0,0,1.06738,4,0,0,0,0,0,0,1.395832,0,0,-0.687418,0,0,0,0,0,0,0,0,0,0,0,0,0,0,0,0,0,0,0,0,0,0,0,0,0,0,0,0,0,0,0,0,0,1,0,0,1,0,0,0,0,0,0,-0.744949,0,0,-0.469464,0,0,0,0,0,0,0,0,0,0,1,1
0,0,0,0,0,0,0,-0.684704,0,0,0,0,0,0,0,0,-0.768111,0,0,0,1,0,0,0,0,0,0,0,0,0,0,0,0.93305,1,0,0,0,0,0,0,1.320967,0,0,-0.594164,0,0,0,0,0,0,0,0,0,0,0,0,0,0,0,0,0,1,1,0,0,0,0,0,0,0,0,0,0,0,0,0,0,0,0,0,0,0,0,0,0,0,0,-0.69027,0,0,-0.846873,0,0,0,0,0,0,0,0,0,1,1,1
0,0,0,0,1,0,0,-0.691065,0,0,0,0,0,0,0,0,-0.754648,0,0,0,1,0,0,0,0,0,0,0,0,0,0,0,1.07634,1,0,0,0,0,0,0,0.646419,0,0,-0.677501,0,0,0,0,0,0,0,0,0,0,0,0,0,0,0,0,0,0,0,0,0,0,0,0,0,0,1,0,1,0,0,0,0,0,0,0,0,0,0,0,0,0,0,-0.631982,0,0,-0.715865,0,0,0,0,0,0,0,0,0,0,0,1
0,0,0,0,0,0,0,-0.493771,0,0,0,0,0,0,0,0,-0.71122,0,0,0,0,0,0,0,0,0,0,0,0,0,0,0,0.78086,0,0,0,0,0,0,0,0.247892,0,0,-0.578823,0,0,0,0,0,0,0,0,0,0,0,0,0,0,0,0,0,0,0,0,0,0,0,0,0,0,0,0,0,0,0,0,0,0,0,0,0,1,0,0,0,0,0,-0.599595,0,0,-0.527034,0,0,0,0,0,0,0,0,0,0,0,1
0,0,0,0,0,0,0,-0.779254,0,0,0,0,0,0,0,1,-0.717498,0,0,1,0,0,0,0,0,0,0,0,0,0,1,0,1.81823,9,0,0,0,0,0,0,1.016358,0,0,-0.802176,0,0,0,0,0,0,0,0,0,0,1,0,0,0,0,0,0,0,0,0,0,0,0,0,0,0,0,0,0,0,0,0,0,0,0,0,0,0,0,0,0,0,0,-0.676361,0,0,-0.655,0,0,0,0,0,0,0,0,0,1,1,1
0,0,0,0,0,0,0,-0.624824,0,0,0,0,0,0,0,0,-0.706175,0,0,1,0,0,0,0,0,0,0,0,0,0,0,0,0.96823,1,0,0,0,0,0,0,0.912189,0,0,-0.647897,0,0,0,0,0,0,0,0,0,0,0,0,0,0,0,0,0,0,0,0,0,0,0,0,0,0,0,0,0,0,0,0,0,0,0,0,0,0,0,0,0,0,0,-0.781995,0,0,-0.684275,0,0,0,0,0,0,0,0,0,0,0,1
0,0,0,0,0,0,0,-0.74987,0,0,0,0,0,0,0,0,-0.671881,0,0,0,0,0,0,0,0,0,0,0,0,0,0,0,1.16849,0,0,0,0,0,0,0,0.355274,0,0,-0.638066,0,0,0,0,0,0,0,0,0,0,0,0,0,0,0,0,0,0,0,0,0,0,0,0,0,0,0,0,0,0,0,0,0,0,0,0,0,0,0,0,0,0,0,-0.83709,0,0,0.600528,0,0,0,0,0,0,0,0,0,0,0,1
0,0,0,0,0,0,0,-0.625312,0,0,0,0,0,0,0,0,-0.437401,0,1,0,0,0,1,0,0,0,0,0,0,0,0,0,2.10596,6,0,0,0,0,0,0,1.112655,0,0,-0.822252,0,0,0,0,0,0,0,0,1,0,0,0,0,0,0,0,1,0,0,0,0,1,0,0,0,0,0,0,0,1,0,0,0,0,0,0,0,1,0,0,0,0,0,-0.554953,1,0,-0.683009,0,0,0,0,0,0,0,0,0,0,1,1
0,1,0,0,0,0,0,-0.319256,0,0,0,0,1,0,0,0,-0.732517,0,0,0,0,0,0,0,0,0,0,0,0,0,0,0,1.31576,5,1,0,0,0,0,0,1.416149,0,0,-0.733072,0,0,0,0,0,0,0,0,0,0,1,0,1,0,0,0,0,0,0,0,0,1,0,0,0,0,1,0,0,0,0,0,0,0,0,0,0,0,1,0,0,0,0,-0.682093,0,0,-0.758708,0,0,0,0,0,0,0,0,0,0,1,1
0,0,0,0,0,0,0,-0.735183,0,0,0,0,0,0,0,0,-0.737538,0,0,0,0,0,0,0,0,0,0,0,0,0,0,0,1.14038,0,0,0,0,0,0,0,1.433949,0,0,-0.71301,0,0,0,0,0,0,0,0,0,0,0,0,0,0,0,0,0,0,0,0,0,0,0,0,0,0,0,0,0,0,0,0,0,0,0,0,0,0,0,0,0,0,0,-0.698302,0,0,-0.778834,0,0,0,0,0,0,0,0,0,0,0,1
0,0,0,0,0,0,0,-0.735595,0,0,0,0,0,0,0,0,-0.662554,0,0,0,0,0,0,0,0,0,0,0,0,0,0,0,1.23508,1,0,0,0,0,0,0,0.436329,0,0,-0.736125,0,0,0,0,0,0,0,0,0,0,0,0,0,0,0,0,1,0,0,0,0,0,0,0,0,0,0,0,1,0,0,0,0,0,0,0,0,0,0,0,0,0,0,-0.651894,0,0,-0.553555,0,0,0,0,0,0,0,0,0,0,1,1
0,0,0,1,0,0,0,-0.699484,0,0,0,0,0,0,0,0,-0.500503,0,0,0,0,0,0,0,0,0,0,0,0,0,0,0,1.70918,1,0,0,0,0,0,0,0.703586,0,0,-0.80044,0,0,0,0,0,0,0,1,0,0,0,1,0,0,0,0,0,0,0,1,0,0,0,0,0,0,0,0,0,0,0,0,0,0,0,0,0,0,0,0,0,0,0,-0.769937,0,0,-0.692073,0,0,0,0,0,0,0,0,0,0,1,1
0,0,0,0,0,0,0,-0.736157,0,0,0,0,0,0,0,0,-0.536567,0,0,0,0,0,0,0,0,0,0,0,0,0,0,0,1.19424,3,0,0,0,0,0,0,1.467387,0,0,-0.708452,0,0,0,0,0,0,1,0,0,0,1,0,0,0,0,0,0,0,0,0,1,0,0,0,0,0,0,0,0,0,0,0,0,0,0,0,0,0,0,0,0,1,0,-0.79993,0,0,-0.572634,0,0,0,0,0,0,0,0,0,0,1,1
0,0,0,1,0,0,0,-0.804785,0,0,0,0,0,0,0,0,-0.676796,0,0,0,0,0,0,0,0,0,0,0,0,0,0,0,1.89683,5,0,0,0,1,0,0,0.981261,0,0,-0.793507,0,0,0,0,0,0,1,0,0,0,0,0,0,0,0,0,0,0,0,1,0,0,0,0,0,0,0,0,0,0,0,0,0,0,0,0,0,0,0,0,0,0,0,-0.714535,0,0,-0.775514,0,0,0,0,0,0,0,0,0,0,1,1
0,0,0,0,0,0,0,-0.545263,0,0,0,0,0,0,0,0,-0.720505,0,0,0,0,0,0,0,0,0,0,0,0,0,0,0,1.018,0,0,0,0,1,0,0,0.545461,0,0,-0.632117,0,0,0,0,0,0,0,0,0,0,0,0,0,0,0,0,0,0,0,0,1,0,1,0,0,0,0,0,0,0,0,0,0,0,0,0,0,0,0,0,0,0,0,-0.746582,0,0,-0.717059,0,0,0,0,0,0,0,0,0,1,0,1
0,0,0,1,0,0,0,-0.527204,0,0,0,0,0,0,0,0,-0.430825,0,0,0,0,0,0,0,0,0,0,0,0,0,0,0,0.82253,0,0,0,0,0,0,0,0.836368,0,0,-0.584466,0,0,0,0,0,0,0,0,0,0,0,0,0,0,0,0,0,0,0,1,1,0,0,0,0,0,1,0,0,0,0,0,0,0,0,0,0,0,0,0,0,0,0,-0.608629,0,0,-0.725466,0,0,0,0,0,0,0,0,0,0,0,1
0,0,0,0,0,0,0,-0.608302,0,0,0,0,0,0,0,0,-0.280175,0,0,0,0,0,0,0,0,0,0,0,0,0,0,0,0.84347,0,0,0,0,0,0,0,0.923578,0,0,-0.538162,0,0,0,0,0,0,0,0,0,0,0,0,0,0,0,0,0,0,0,0,0,0,0,0,0,0,0,0,0,0,0,0,0,0,0,0,0,0,0,0,0,0,0,-0.622232,0,0,-0.654742,0,0,0,0,0,0,0,0,0,1,0,1
0,0,0,0,0,0,0,-0.636021,0,0,0,0,0,0,0,0,-0.55463,0,0,0,0,0,0,0,0,0,0,0,0,0,0,0,0.77139,0,0,0,0,0,0,0,0.980395,0,0,-0.548818,0,0,0,0,0,0,0,0,0,0,0,0,0,0,0,0,0,0,0,0,0,0,0,0,0,0,0,0,0,0,0,0,0,0,0,0,0,0,0,0,0,0,0,-0.849155,0,0,-0.621095,0,0,0,0,0,0,0,0,0,0,0,1
0,0,0,0,0,0,0,-0.777803,0,0,0,0,0,0,0,0,-0.447147,0,0,0,0,0,0,0,0,0,0,0,0,0,0,0,0.97479,1,0,0,0,0,0,0,0.738575,0,0,-0.465881,0,0,0,0,0,0,0,0,0,0,0,0,0,0,0,0,0,0,0,1,0,0,0,0,0,0,0,0,0,0,0,0,0,0,0,0,0,1,0,0,0,0,0,-0.35444,0,0,-0.597856,0,0,0,0,0,0,0,1,0,0,0,1
0,0,0,0,0,0,0,-0.664066,0,0,0,0,0,0,0,0,-0.462636,0,0,0,0,0,0,0,0,0,0,0,0,0,0,0,0.68545,0,0,0,0,0,0,0,0.644618,0,0,-0.448611,0,0,0,0,0,0,0,0,0,0,0,1,0,0,0,0,0,0,0,0,0,0,0,0,0,0,0,0,0,0,0,0,0,0,0,0,0,0,0,0,0,0,0,-0.362188,0,0,-0.737038,0,0,0,0,0,0,0,0,0,1,0,1
0,0,0,0,0,0,0,0.183725,0,0,0,1,0,0,0,0,-0.670445,0,0,0,0,0,0,0,0,0,0,0,0,0,0,0,1.13994,1,0,0,0,0,0,0,1.099118,0,0,-0.692016,0,0,0,0,0,0,0,0,0,0,0,0,0,0,0,0,0,0,0,1,0,0,0,0,0,0,0,0,0,0,0,0,0,0,0,0,0,0,1,0,0,0,0,-0.421197,0,0,-0.707514,0,0,0,0,0,0,0,0,0,0,1,1
0,0,0,0,1,0,0,-0.615974,0,0,0,0,0,0,0,0,-0.7689,0,0,0,0,0,0,0,0,0,0,0,0,0,0,0,0.65874,2,0,0,0,0,0,0,3.132649,0,0,-0.600795,0,0,0,0,0,0,0,0,0,0,0,0,0,0,0,0,0,0,0,0,0,0,0,0,0,0,0,0,0,0,0,0,0,0,0,0,0,0,0,0,0,0,0,-0.586226,0,0,-0.915392,0,0,0,0,0,0,0,0,0,0,0,1
0,0,0,0,1,0,0,-0.800958,0,0,0,0,0,0,0,0,-0.772284,0,0,0,0,0,0,0,0,0,0,0,0,0,0,0,2.25394,8,0,0,0,0,0,0,1.267408,0,0,-0.818157,0,1,0,0,0,0,0,0,0,0,0,0,0,0,0,0,0,0,0,0,0,0,0,0,0,0,1,0,0,0,0,0,0,0,0,0,0,0,0,0,0,0,0,-0.763849,0,0,-0.722298,0,0,0,0,0,0,0,0,0,0,1,1
0,0,0,0,1,0,0,-0.678235,0,0,0,0,0,0,0,0,-0.404005,0,1,0,0,0,0,0,0,0,0,0,0,0,0,0,1.09475,5,0,0,0,0,0,0,1.180574,0,0,-0.680097,0,0,0,0,0,0,0,0,0,0,0,0,0,0,0,0,0,0,1,0,0,0,0,0,0,0,0,0,0,0,0,0,0,0,0,0,0,0,0,0,0,0,0,-0.546216,0,0,-0.741445,0,0,0,0,0,0,0,0,0,0,0,1
0,0,0,0,0,0,0,-0.750198,0,0,0,0,0,0,0,0,-0.346695,0,0,1,0,0,0,0,0,0,0,0,0,0,0,0,1.10811,0,0,0,0,0,0,0,0.25641,0,0,-0.691658,0,0,0,0,0,0,0,0,0,0,0,0,0,0,0,0,0,0,0,0,0,0,0,0,0,0,0,0,0,0,0,0,0,0,0,0,0,0,0,0,0,0,0,-0.627602,0,0,-0.755432,0,0,0,0,0,0,0,0,0,0,0,1
0,0,0,0,0,0,0,-0.654107,0,0,0,0,0,0,0,0,-0.672058,0,0,0,0,0,0,0,0,1,0,0,0,0,0,0,0.82876,3,0,0,0,0,0,0,1.517998,0,0,-0.569464,0,0,0,0,0,0,0,0,0,0,0,0,0,0,0,0,0,0,0,0,0,0,0,0,0,0,0,0,0,0,0,0,0,0,0,0,0,0,0,0,0,0,0,-0.596262,0,0,8.673706,0,0,0,0,0,0,0,0,0,0,0,1
0,0,0,0,0,0,0,-0.600439,0,0,0,0,0,0,0,0,-0.762392,0,0,0,0,0,0,0,0,0,0,0,0,0,0,0,1.25928,3,0,0,0,0,0,0,1.315066,0,0,-0.727653,0,0,0,0,0,0,0,0,0,0,0,0,0,0,0,0,0,0,0,1,0,0,0,0,0,0,0,0,0,0,0,0,0,0,0,0,0,0,0,0,0,0,0,-0.652762,0,0,-0.578709,0,0,0,0,0,0,0,0,0,0,0,1
0,1,0,0,0,0,0,-0.55851,0,0,0,0,0,0,0,0,-0.52858,0,0,1,0,0,0,0,0,0,0,0,0,0,0,0,1.06003,2,0,0,0,0,0,0,1.94875,0,0,-0.704362,0,0,0,0,0,0,0,0,0,0,0,1,1,0,0,0,0,0,0,0,0,0,0,1,0,0,0,0,0,0,0,0,0,0,0,0,0,0,0,0,0,0,0,-0.614617,0,0,-0.5404,0,0,0,0,0,0,0,0,0,1,0,1
0,0,0,1,0,0,0,-0.665339,0,0,0,0,0,0,0,0,-0.605502,0,0,0,0,0,0,0,0,0,0,0,0,0,0,0,0.88395,0,0,0,0,0,0,0,0.904926,0,0,-0.615832,0,0,0,0,0,0,0,0,0,0,1,0,0,0,0,0,0,0,0,0,0,0,0,0,0,0,0,0,0,0,0,0,0,0,0,0,0,1,0,0,0,0,0,-0.551477,0,0,-0.534682,0,0,0,0,0,0,0,0,0,0,0,1
0,0,0,1,0,0,0,-0.379064,1,0,0,0,0,0,0,0,-0.742643,0,0,0,0,0,0,0,0,0,0,0,0,0,1,0,1.67238,3,0,0,0,0,1,0,0.542747,0,0,-0.839416,0,0,0,0,0,0,0,0,0,0,0,0,0,0,0,0,0,0,0,0,1,0,0,0,0,0,0,0,0,0,0,0,0,0,0,0,0,0,0,0,0,0,0,-0.355797,0,0,-0.851363,0,0,0,0,0,0,0,0,0,0,1,1
0,0,0,0,0,0,0,-0.586381,0,0,0,0,0,0,0,0,-0.696321,0,0,0,0,0,0,0,0,0,0,0,0,0,0,0,0.82927,0,0,0,0,0,0,0,0.56541,0,0,-0.119889,0,0,0,0,0,0,0,0,0,0,0,0,0,0,0,0,0,0,0,0,0,0,1,0,0,1,0,0,0,0,0,0,0,0,1,0,0,0,0,0,0,0,0,-0.798854,0,0,-0.635711,0,0,0,0,0,0,0,0,0,0,0,1
0,0,0,0,0,0,0,-0.714708,0,0,0,0,0,0,0,0,-0.584653,0,0,0,1,0,0,0,0,0,1,0,0,0,0,0,0.9595,0,0,0,0,0,0,0,0.235294,0,0,-0.648138,0,0,0,0,0,0,0,0,0,0,1,0,0,0,0,0,0,0,0,0,0,0,0,0,0,0,0,0,0,0,0,0,0,0,0,0,0,0,0,0,0,0,0,-0.717597,0,0,-0.725258,0,0,0,0,0,0,0,0,0,0,0,1
0,0,0,0,0,0,0,-0.702894,0,0,0,0,0,0,0,0,-0.523983,1,0,0,0,0,0,0,0,0,0,0,0,0,0,0,1.1038,0,0,0,0,0,0,0,0.339096,0,0,-0.673483,0,0,0,0,0,0,0,0,1,0,0,0,0,0,0,0,0,0,0,0,0,0,0,0,0,0,0,0,0,0,0,0,0,0,0,0,0,0,0,0,0,0,0,8.923691,0,0,-0.733339,0,0,0,0,0,0,0,0,1,0,0,1
0,0,0,0,0,0,0,-0.511124,0,0,0,0,0,0,0,1,-0.548611,0,0,1,0,0,0,0,0,0,1,0,0,0,0,0,1.51302,7,0,0,1,0,0,0,1.288625,0,0,-0.773612,0,0,0,0,0,0,0,0,0,0,0,0,0,0,0,0,0,0,0,0,1,0,0,0,0,0,0,0,0,0,0,0,0,0,0,0,0,0,0,0,0,0,0,-0.81455,0,0,-0.626145,0,0,0,0,0,0,0,0,0,0,1,1
0,0,0,0,0,0,0,-0.701255,0,0,0,0,0,0,0,0,-0.643121,0,0,0,0,0,0,0,0,1,0,0,0,0,0,0,0.965,0,0,0,0,0,0,0,0.221877,0,0,-0.600947,0,0,0,0,0,0,0,0,0,0,0,0,0,0,0,0,0,0,0,0,0,0,0,0,0,0,0,0,0,0,0,0,0,0,0,0,0,0,0,0,0,0,0,-0.550228,0,0,-0.782137,0,0,0,0,0,0,0,0,1,0,0,1
0,0,0,0,0,0,0,-0.835854,0,0,0,0,0,0,0,0,-0.737961,0,0,0,0,0,0,0,0,0,0,0,0,0,0,0,1.08963,0,0,0,0,0,0,0,1.067393,0,0,-0.692658,0,1,0,0,0,0,0,0,0,0,1,1,0,0,0,0,0,0,0,0,0,0,0,0,0,0,0,0,1,0,0,0,0,0,0,0,0,0,0,0,0,0,0,-0.619339,0,0,-0.61513,0,0,0,0,0,1,0,0,0,0,0,1
0,0,0,0,0,0,0,-0.749521,0,0,0,0,0,0,0,0,-0.626367,0,0,0,0,0,0,0,0,0,0,0,0,0,0,0,1.5373,1,0,0,1,0,0,0,0.698964,0,0,-0.765622,0,0,0,0,0,0,0,0,0,0,0,0,0,1,0,0,0,0,0,0,0,0,0,0,0,0,0,0,0,0,0,0,0,0,0,0,0,0,0,1,0,0,0,-0.603492,0,0,-0.676922,0,0,0,0,0,0,0,0,0,0,1,1
0,0,0,0,0,0,0,-0.647575,0,0,0,0,0,0,0,0,-0.715885,0,0,0,0,0,0,0,0,0,0,0,0,0,0,0,0.91883,4,0,0,0,0,0,0,0.991623,0,0,-0.641113,0,0,0,0,0,0,0,0,0,0,0,0,0,0,0,0,0,0,0,1,0,0,0,0,0,0,0,0,0,0,0,0,0,0,0,0,0,0,0,0,0,0,0,-0.573108,0,0,-0.568639,0,0,0,0,0,0,0,0,0,0,0,1
0,0,0,0,0,0,0,-0.770248,0,0,0,0,0,0,0,0,-0.819165,0,0,1,0,0,0,0,0,0,0,0,0,0,0,0,1.02177,3,0,0,0,1,1,0,1.343744,0,0,-0.652915,0,0,0,0,0,0,0,0,0,0,0,0,0,0,0,0,0,1,0,0,0,0,0,0,0,0,0,0,0,0,0,0,0,0,0,0,0,0,0,0,0,0,0,-0.588265,0,0,-0.70736,0,0,0,0,0,0,0,1,0,0,0,1
0,0,0,0,0,0,0,-0.643886,0,0,0,0,0,0,0,0,-0.682263,0,0,0,0,0,0,1,0,0,0,0,0,0,0,0,1.42611,3,0,0,0,0,0,0,1.400638,0,0,-0.757967,0,0,0,0,0,0,0,0,0,0,0,0,0,0,0,0,0,0,0,1,0,0,0,0,0,0,1,0,0,0,0,0,0,0,0,0,0,0,0,0,0,0,0,-0.74855,0,0,-0.806766,0,0,0,0,0,0,0,0,0,0,1,1
0,0,0,0,0,0,0,-0.607859,0,0,0,0,0,0,0,0,-0.599262,0,0,0,0,0,0,0,0,0,0,0,0,0,0,0,1.56736,10,0,0,0,0,0,0,1.337205,0,0,-0.770362,0,0,0,0,0,0,0,0,0,0,1,1,0,0,0,0,0,0,1,0,0,1,1,0,0,0,0,0,0,0,0,0,0,0,0,0,1,0,0,1,0,0,0,-0.760639,0,0,-0.524972,0,0,0,0,0,0,0,0,0,0,1,1
0,0,0,0,0,0,0,-0.592922,0,0,0,0,0,0,0,0,-0.604799,0,0,0,0,0,0,0,0,0,0,0,0,0,0,0,0.90719,1,0,0,0,0,0,0,1.10243,0,0,-0.573454,0,0,0,0,0,0,0,0,0,0,0,0,0,0,0,0,0,0,0,0,0,0,0,0,0,1,0,0,0,0,0,0,0,0,0,0,0,0,0,0,1,0,0,-0.731522,0,0,-0.589625,0,0,0,0,0,0,0,0,0,1,1,1
0,1,1,0,0,0,0,-0.579097,0,0,1,0,0,0,0,0,-0.747744,0,0,0,1,1,0,0,0,0,0,0,0,0,0,0,1.65875,3,0,0,0,0,1,0,0.666863,0,0,-0.784776,1,0,0,0,0,1,0,0,0,0,1,0,0,0,0,0,0,0,0,0,0,0,0,0,0,0,1,0,0,0,0,0,0,0,0,0,0,0,0,0,0,0,0,-0.736727,0,0,-0.577971,0,0,0,0,0,0,0,0,0,0,1,1
0,0,0,0,0,0,0,-0.449275,1,0,0,0,0,0,0,0,-0.702169,0,0,0,0,1,0,0,0,0,0,0,0,0,0,0,1.08843,1,0,0,0,0,0,0,2.311889,0,0,-0.696194,0,0,0,0,0,0,0,0,0,0,0,0,0,0,0,0,0,0,0,0,0,0,1,0,0,1,0,0,0,0,0,0,0,0,0,0,0,0,0,0,0,0,0,-0.465447,0,0,-0.752122,0,0,0,0,0,0,0,0,0,0,0,1
0,0,0,0,0,0,0,-0.727996,0,0,0,0,0,0,0,0,-0.530288,0,0,0,0,0,0,0,0,0,0,0,0,0,0,0,1.01729,0,0,0,0,0,0,0,0.681953,0,0,-0.634561,0,0,0,0,0,0,0,0,0,0,1,0,0,0,0,0,0,0,0,0,0,0,0,0,0,0,0,0,0,0,0,0,0,0,0,1,0,0,0,0,0,0,0,-0.575059,0,0,-0.393848,0,0,0,0,0,0,0,0,0,1,0,1
0,0,0,0,0,1,0,-0.748405,0,0,0,0,0,0,0,0,-0.46007,0,0,0,0,0,0,0,1,0,0,0,0,0,0,1,1.07434,8,0,0,0,0,0,0,1.700727,0,0,-0.684288,0,0,0,0,0,0,0,0,0,1,0,0,0,0,0,0,0,0,0,0,0,0,0,0,0,0,0,0,0,0,0,0,0,0,0,0,0,0,0,0,0,0,0,-0.524159,0,0,-0.676253,0,0,0,0,0,0,0,0,0,0,1,1
0,1,0,0,0,0,0,-0.672731,0,0,0,0,0,0,0,0,-0.723459,0,0,0,0,0,0,0,0,0,0,0,0,0,0,0,2.0495,7,1,0,0,0,1,0,1.554226,0,0,-0.820059,0,0,0,0,0,0,0,0,0,0,0,0,0,0,0,0,0,0,0,0,0,0,0,0,0,0,0,1,0,0,0,0,0,0,0,0,0,0,0,0,0,0,0,-0.917526,0,0,-0.525221,0,0,0,0,0,0,0,1,0,0,1,1
0,0,0,0,0,0,0,-0.576909,0,0,0,0,0,0,0,0,-0.68189,0,0,0,0,0,0,0,0,1,0,0,0,0,0,0,0.9784,0,0,0,0,0,0,0,0.553257,0,0,-0.644274,0,0,0,0,0,0,0,0,0,0,0,0,0,0,0,0,0,0,0,0,0,0,0,0,0,0,0,0,0,0,0,0,0,0,0,0,0,0,0,0,0,0,0,-0.26953,0,1,-0.645645,0,0,0,0,0,0,0,0,0,1,0,1
0,0,0,0,0,0,0,-0.657492,0,0,0,0,0,0,1,0,-0.643409,0,0,0,0,0,0,0,0,0,0,0,0,0,0,0,0.94642,2,0,0,0,0,0,0,0.418192,0,0,-0.644383,1,0,0,0,0,0,0,0,0,0,0,0,0,0,0,0,0,0,0,0,0,0,1,0,0,0,0,0,0,0,0,0,0,0,0,0,0,0,0,0,0,0,0,-0.644613,0,0,-0.681789,0,0,0,0,0,1,0,0,0,0,0,1
0,0,0,0,0,0,0,-0.653119,0,0,0,0,0,0,0,0,-0.730865,0,0,0,0,0,0,0,0,0,0,0,0,0,0,0,1.78895,1,0,0,0,0,0,0,0.752682,0,0,-0.804647,0,0,0,0,0,0,0,0,0,0,0,0,0,0,0,0,0,0,0,0,0,0,0,0,0,0,0,0,0,0,0,0,0,0,0,0,0,0,0,0,0,0,0,2.983427,0,0,-0.768728,0,0,0,0,0,0,0,0,0,0,0,1
0,0,0,0,1,0,0,-0.801605,0,0,0,0,0,0,0,0,-0.658415,0,0,0,0,0,0,0,0,0,0,0,0,0,1,0,0.84086,2,0,0,0,0,0,0,1.843154,0,0,-0.544981,0,0,0,0,0,0,0,0,0,0,0,0,0,0,0,0,0,0,0,0,0,0,0,0,0,0,0,0,0,0,0,0,0,0,0,0,0,0,0,0,0,0,0,-0.646493,0,0,-0.609216,0,0,0,0,0,1,0,0,0,0,0,1
0,0,0,0,0,0,0,-0.652265,0,0,0,0,0,0,0,0,-0.493282,0,0,0,0,0,0,0,0,0,0,0,0,0,0,0,1.30845,0,0,0,0,0,0,0,1.282662,0,0,-0.739223,0,0,0,0,0,0,0,0,0,0,0,0,0,0,0,0,0,0,0,0,0,0,1,0,0,0,0,0,0,0,0,0,0,0,0,0,0,0,0,0,0,0,0,-0.720168,0,1,-0.620829,0,0,0,0,0,0,0,0,1,0,1,1
0,0,0,0,0,0,0,-0.583342,0,0,0,0,0,0,0,1,-0.686725,0,0,0,0,1,0,0,0,0,0,0,0,0,0,0,0.74312,0,0,0,0,0,0,0,1.038108,0,0,-0.559277,0,0,0,0,0,0,0,0,0,0,0,0,0,0,0,0,0,0,0,0,0,0,0,0,0,0,0,0,0,0,0,0,0,0,0,0,0,0,0,0,0,0,0,-0.84,0,0,-0.65035,0,0,0,0,0,0,0,0,0,0,0,1
0,0,0,0,0,0,0,-0.558726,0,0,0,0,0,0,0,0,-0.562821,0,0,0,0,0,0,0,0,0,0,0,0,0,0,0,1.49408,4,0,0,1,0,0,0,1.283965,0,0,-0.762548,0,0,0,0,0,0,0,0,0,0,0,0,0,0,0,0,0,0,0,0,1,1,0,0,0,0,0,0,0,0,0,0,0,0,0,0,0,0,0,0,0,0,0,-0.734395,0,0,-0.345354,0,0,0,0,0,0,0,0,1,0,1,1
0,0,0,1,0,0,0,-0.712292,0,0,0,0,0,0,0,0,-0.570751,0,0,0,0,0,0,0,0,1,0,0,0,0,0,0,0.86381,0,0,0,0,0,0,0,1.285769,0,0,-0.527507,0,0,0,0,0,0,0,0,0,0,0,0,0,0,0,0,0,0,0,0,0,0,0,0,0,0,0,0,0,0,0,0,0,0,0,0,0,0,0,0,0,0,0,-0.720957,0,0,-0.669614,0,0,0,0,0,0,0,0,1,0,1,1
0,0,0,0,0,0,0,-0.584621,0,0,0,0,0,0,0,0,-0.330868,0,0,0,0,0,0,0,0,0,0,0,0,0,0,0,1.40203,2,0,0,0,0,0,0,1.715934,0,0,-0.788256,0,0,0,0,0,0,0,0,0,0,0,0,0,0,0,0,0,0,0,0,1,0,0,0,0,0,0,0,0,0,0,0,0,0,0,0,0,0,0,0,0,0,0,-0.605839,0,0,-0.707514,0,0,0,0,0,0,0,0,0,0,1,1
0,0,0,1,0,0,0,-0.437088,0,0,0,0,0,0,0,0,-0.824902,0,0,0,0,0,0,0,0,0,0,0,0,0,0,0,1.76685,2,0,0,1,0,0,0,0.684377,0,0,-0.719052,0,0,0,0,0,0,0,0,0,0,0,0,0,0,0,0,0,0,0,0,0,0,0,0,0,0,0,0,0,0,0,0,0,0,0,0,0,0,0,0,0,0,0,-0.648458,0,0,-0.743549,0,0,0,0,0,0,0,0,0,0,1,1
0,0,0,0,0,0,0,8.005413,0,0,0,0,0,0,0,0,-0.673887,0,0,0,0,0,0,0,0,0,0,0,0,0,0,0,0.91792,2,0,0,0,0,0,0,1.217888,0,0,-0.622512,0,0,0,0,0,0,0,0,0,1,1,0,0,0,0,0,1,0,0,0,0,1,0,0,0,0,0,0,0,0,0,0,0,0,0,0,0,0,1,0,0,0,0,-0.718867,0,0,-0.744109,0,0,0,0,0,0,0,0,0,0,1,1
0,0,0,0,0,0,0,-0.741075,0,0,0,0,0,0,0,0,-0.596489,0,0,1,0,0,0,0,0,0,0,0,0,0,0,0,1.04816,0,0,0,0,0,0,0,0.683688,0,0,-0.686263,0,0,0,0,0,0,0,0,0,0,0,0,0,0,0,0,0,0,0,0,0,0,0,0,0,0,0,0,0,0,0,0,0,0,0,0,0,1,0,0,0,0,0,-0.692901,0,0,-0.683935,0,0,0,0,0,0,0,0,0,0,0,1
0,0,0,0,0,0,0,-0.474728,0,0,0,0,0,0,0,0,-0.549831,0,0,0,0,0,0,0,0,0,0,0,0,0,1,0,0.86535,0,0,0,0,0,0,0,0.243373,0,0,-0.611904,0,0,0,0,0,0,0,0,0,0,0,0,0,0,0,0,0,0,0,0,0,0,1,0,0,0,0,0,0,0,0,0,0,0,1,0,0,0,0,0,0,0,0,-0.412026,0,0,-0.756619,0,0,0,0,0,0,0,0,0,0,0,1
0,0,0,0,0,0,0,-0.619148,0,0,0,0,0,0,0,0,-0.705498,0,0,0,0,0,0,0,0,0,0,0,0,0,0,0,1.14922,0,0,0,0,0,0,0,0.252547,0,0,-0.722031,0,0,0,0,0,0,0,0,0,0,0,0,0,0,0,0,0,0,0,0,1,0,0,0,0,0,0,0,0,0,0,0,0,0,0,0,0,0,0,1,0,0,0,-0.578687,0,0,-0.631874,0,0,0,0,0,0,0,0,0,0,0,1
0,0,0,0,1,0,0,-0.749618,0,0,0,0,0,0,0,0,-0.602737,0,0,0,1,0,0,0,0,0,0,0,0,0,0,0,1.48606,0,0,0,0,0,0,0,0.423077,0,0,-0.74695,0,0,0,0,0,0,0,0,0,0,0,0,0,0,0,0,0,0,0,0,0,0,0,0,0,0,1,0,0,0,0,0,0,0,0,0,0,0,0,0,0,0,0,-0.356863,0,0,-0.585599,0,0,0,0,0,0,0,0,0,0,1,1
0,0,0,0,0,0,0,-0.309111,0,0,0,0,0,0,0,0,-0.701609,0,0,1,1,0,0,0,0,0,0,0,0,0,0,0,1.38028,0,0,0,0,0,0,0,0.822916,0,0,-0.579292,0,0,0,0,0,0,0,0,0,0,0,0,0,0,0,0,0,0,0,0,0,0,0,0,0,0,0,0,0,0,0,0,0,0,0,0,0,0,0,0,0,0,0,-0.35502,0,0,-0.621428,0,0,0,0,0,0,0,0,0,0,0,1
0,0,0,0,0,0,0,-0.618919,0,0,0,0,0,0,0,0,-0.609767,0,0,0,0,0,0,0,0,0,0,0,0,0,0,0,0.87667,0,0,0,0,0,0,0,0.422087,0,0,-0.600518,0,0,0,0,0,0,0,0,0,0,0,0,0,0,0,0,0,0,0,0,0,1,0,0,0,0,0,0,0,0,0,0,0,0,0,0,0,0,0,0,0,0,0,-0.660568,0,0,-0.643043,0,0,0,0,0,0,0,0,0,0,0,1
0,0,0,0,0,0,0,-0.822134,0,0,0,0,0,0,0,0,-0.585987,0,0,0,0,0,0,0,0,0,0,0,0,0,0,0,0.66248,0,0,0,0,1,0,0,2.213153,0,0,-0.519598,0,0,0,0,0,0,0,0,0,0,0,0,0,0,0,0,0,0,1,0,0,0,0,0,0,0,1,0,1,0,0,0,0,0,0,0,0,1,0,0,0,0,0,-0.775269,0,0,-0.60278,0,0,0,0,0,0,0,1,0,1,0,1
0,0,0,0,0,0,0,-0.652266,0,0,0,0,0,0,0,0,-0.685952,0,1,0,0,1,0,0,0,0,0,0,0,0,0,0,1.34884,2,0,0,0,1,0,0,0.64867,0,0,-0.768316,0,0,0,0,0,0,0,0,0,0,0,0,0,0,0,0,1,0,1,0,0,0,0,0,0,0,0,0,0,0,0,0,0,0,0,0,0,0,0,0,0,0,0,-0.393364,0,0,-0.743764,0,0,0,0,0,0,0,0,0,0,1,1
0,0,0,0,0,0,0,-0.663981,0,0,0,0,0,0,0,0,-0.561064,0,0,0,0,0,0,0,0,0,0,0,0,0,0,0,1.34651,0,0,0,0,0,0,0,0.403686,0,0,-0.77942,0,0,0,0,0,0,0,0,0,0,0,0,0,0,0,0,0,0,0,0,0,0,0,0,0,0,0,0,0,0,0,0,0,0,0,0,0,0,0,0,0,0,0,-0.793353,0,0,-0.787546,0,0,0,0,0,0,0,0,0,0,0,1
0,0,0,0,0,0,0,-0.772522,0,0,1,0,0,0,0,0,-0.725542,0,0,0,0,0,0,0,0,0,0,0,0,0,0,0,2.02948,3,0,1,0,0,0,0,1.178403,0,0,-0.82958,0,0,0,0,0,0,0,0,0,0,0,0,0,0,0,0,0,0,0,0,0,0,0,0,0,0,0,0,1,0,0,0,0,0,0,0,0,0,0,0,0,0,0,-0.59498,0,0,-0.669405,0,0,0,0,0,0,0,1,0,0,1,1
0,0,0,1,0,0,0,-0.65524,0,0,0,0,0,0,0,0,-0.54861,0,0,0,0,0,0,0,0,0,0,0,0,0,0,0,0.79126,0,0,0,0,1,0,0,0.768137,0,0,-0.571678,0,0,0,0,0,0,0,0,0,0,0,0,0,0,0,0,0,0,0,0,0,0,0,0,0,0,0,0,0,0,0,0,0,0,0,0,0,0,0,0,0,0,0,-0.689452,0,0,-0.699457,0,0,0,0,0,0,0,0,0,1,0,1
0,0,0,0,0,0,0,-0.86366,0,0,0,0,0,0,1,0,-0.901569,0,0,0,0,1,0,0,0,0,0,0,0,0,0,0,1.32777,1,0,0,0,1,1,0,0.867407,0,0,-0.73977,0,0,0,0,0,0,0,0,0,0,0,0,0,0,0,0,0,0,0,0,0,0,0,0,0,0,0,0,0,0,0,0,0,0,0,0,0,0,0,0,0,0,0,-0.726423,0,0,-0.699125,0,0,0,0,0,0,0,0,0,0,1,1
0,0,0,1,0,1,0,-0.803857,0,0,0,0,0,0,0,1,-0.654738,0,0,0,0,0,0,0,0,0,0,0,0,0,0,0,3.42288,7,0,0,0,0,0,0,0.665645,0,0,-0.904995,0,0,0,0,0,0,1,0,0,1,0,0,0,0,0,0,0,0,0,0,0,0,0,0,0,0,0,1,0,0,0,0,0,0,0,0,0,0,0,0,0,0,1,-0.635562,0,0,-0.69955,0,0,0,0,0,0,0,0,0,0,1,1
0,0,0,1,0,0,0,-0.598704,0,0,0,0,0,0,0,0,-0.6336,0,0,0,1,0,0,0,0,0,0,0,0,0,0,0,0.95187,2,0,0,0,0,1,0,1.439842,1,0,7.990732,0,0,0,0,0,0,0,0,0,0,0,0,0,0,0,0,0,0,0,0,0,0,1,0,0,0,1,0,0,0,0,0,0,0,0,0,0,0,0,0,0,0,0,-0.738461,0,0,-0.766142,0,0,0,0,0,0,0,0,1,0,1,1
0,0,0,0,0,0,0,-0.571699,0,0,0,0,0,0,0,0,-0.547756,0,0,0,0,0,0,0,0,0,0,0,0,0,0,0,0.86631,2,0,0,0,0,0,0,2.007438,0,0,-0.489036,0,0,0,0,0,0,0,0,0,0,0,0,0,0,0,0,0,0,0,0,0,0,0,0,0,0,0,0,0,0,0,0,0,0,0,0,0,0,0,0,0,0,0,-0.592117,0,0,-0.600828,0,1,0,0,0,0,0,0,0,0,0,1
0,0,0,0,0,0,0,-0.782846,0,0,0,0,0,0,0,0,-0.50891,0,0,0,0,0,0,0,0,0,0,0,0,0,0,0,0.8504,0,0,0,0,0,0,0,0.332832,0,0,-0.600771,0,0,0,0,0,0,0,0,0,0,0,0,0,0,0,0,0,0,0,0,0,0,0,0,0,0,0,0,0,0,0,0,0,0,0,0,0,0,1,0,0,0,0,-0.772766,0,0,-0.638088,0,0,0,0,0,1,0,1,0,0,0,1
0,0,0,0,0,0,0,-0.68108,0,0,0,0,0,0,0,0,-0.754088,0,0,0,1,0,0,0,0,0,0,0,0,0,0,0,1.14102,0,0,0,0,0,0,0,0.181688,0,0,-0.700095,0,0,0,0,0,0,0,0,0,0,0,0,0,0,0,0,0,0,0,0,0,0,0,0,0,0,0,0,0,0,0,0,0,0,0,0,0,0,0,1,0,0,0,-0.716174,0,0,-0.807555,0,0,0,0,0,0,0,0,0,0,0,1
0,0,0,0,0,0,0,-0.743382,0,0,0,0,0,0,0,0,-0.752107,0,0,1,0,0,0,0,0,0,0,0,0,0,0,0,0.95061,1,0,0,0,0,0,0,0.25,0,0,-0.660677,0,0,0,0,0,0,0,0,0,0,0,0,0,0,0,0,0,0,0,0,0,0,0,0,0,0,0,0,0,0,0,0,0,0,0,1,0,0,0,0,0,0,0,-0.754186,0,0,-0.433909,0,0,0,0,0,0,0,0,0,0,0,1
0,0,0,0,1,0,0,-0.661684,1,0,1,0,0,0,0,0,-0.673983,0,0,0,0,0,0,0,0,0,0,0,0,0,0,0,0.76682,1,0,0,0,0,1,0,0.960077,0,0,-0.520015,0,0,0,0,0,0,0,0,0,0,0,0,0,0,0,0,0,0,0,0,0,0,0,0,0,0,0,0,0,0,0,0,0,0,0,0,0,0,0,0,0,0,0,-0.353847,0,0,-0.67511,0,0,0,0,0,0,0,0,0,0,0,1
0,0,0,0,1,0,0,-0.709767,0,0,0,0,0,0,0,0,-0.728647,0,0,0,1,0,0,0,0,0,0,0,0,0,0,0,0.94085,0,0,0,0,0,0,0,0.808964,0,0,-0.637347,0,0,0,0,0,0,0,0,0,0,0,0,0,0,0,0,0,0,0,0,0,0,0,0,0,0,0,0,0,0,0,0,0,0,0,0,0,0,0,0,0,0,0,-0.484578,0,0,-0.75146,0,0,0,0,0,0,0,0,0,0,0,1
0,0,0,0,0,0,0,-0.629019,0,0,0,0,0,0,0,0,-0.589898,0,0,0,0,0,0,0,0,0,0,0,0,0,0,0,1.0411,0,0,0,0,0,0,0,1.064275,0,0,-0.653942,0,0,0,0,0,0,0,0,0,0,0,0,0,0,0,0,0,0,0,0,0,0,0,0,0,0,0,0,0,0,0,0,0,0,0,0,0,0,0,0,0,0,0,-0.602598,0,0,-0.603105,0,0,0,0,0,0,0,0,0,0,0,1
0,0,0,0,0,0,1,-0.279753,0,0,0,0,0,0,0,0,-0.600884,0,0,0,1,0,0,0,0,0,0,0,0,0,0,0,1.48824,1,0,0,0,0,0,0,1.132925,0,0,-0.753301,0,0,0,0,0,0,0,0,0,0,0,0,0,0,0,0,0,0,0,0,0,0,0,0,0,0,1,0,0,0,0,0,0,0,0,0,0,0,0,0,0,0,0,-0.755417,0,0,-0.751098,0,0,0,0,0,0,0,1,0,0,1,1
0,0,0,0,0,0,0,-0.720893,0,0,0,0,0,0,0,1,-0.638829,0,0,0,1,1,0,0,0,0,0,0,0,0,1,0,3.58639,10,0,0,0,0,0,0,1.127533,0,0,-0.876727,0,0,0,0,0,0,0,0,0,0,0,0,0,0,0,0,0,0,0,0,1,0,0,0,0,0,0,0,0,0,0,0,0,0,0,0,0,0,0,0,0,0,0,-0.624713,0,0,-0.639453,0,0,0,0,0,0,0,0,0,0,1,1
0,0,0,0,0,0,0,-0.70482,0,0,0,0,0,0,0,0,-0.620098,0,0,0,0,0,0,0,0,0,0,0,0,0,0,0,0.88362,1,0,0,0,0,0,0,0.739193,0,0,-0.611127,0,0,0,0,0,0,0,0,0,0,0,0,0,0,0,0,0,0,0,0,1,0,0,0,0,0,0,0,0,0,0,0,0,0,0,0,0,0,0,0,0,1,0,-0.696446,0,0,-0.444276,0,0,0,0,0,0,0,1,0,1,0,1
0,0,0,0,0,0,0,-0.489333,0,0,0,0,0,0,0,1,-0.681723,0,0,1,0,0,0,0,0,0,0,0,0,0,0,0,0.80943,0,0,0,0,0,0,0,0.510922,0,0,-0.574908,0,0,0,0,0,0,0,0,0,0,0,0,0,0,0,0,0,0,0,0,0,1,0,0,0,0,0,0,0,0,0,0,0,0,0,1,0,0,0,0,0,0,0,-0.74148,0,0,-0.689999,0,0,0,0,0,0,0,0,0,0,0,1
0,0,0,0,0,0,0,-0.639599,0,0,0,0,0,1,0,1,-0.623836,0,0,0,0,0,0,0,0,0,0,0,0,0,0,0,1.52793,3,0,0,0,1,0,0,1.227447,0,0,-0.764346,0,0,0,0,0,0,0,0,0,0,0,0,0,0,0,0,0,0,0,0,0,0,1,0,0,0,0,0,0,0,0,0,0,0,0,0,0,0,0,0,0,0,0,-0.857736,0,0,-0.60278,0,0,0,0,0,0,0,0,0,0,0,1
0,0,0,1,0,0,0,-0.700883,0,0,0,0,0,0,0,0,-0.684178,0,0,0,0,0,0,0,0,0,0,1,0,0,0,0,1.24729,5,0,0,0,0,0,0,1.655565,0,0,-0.715737,0,0,0,0,0,0,0,0,0,0,1,0,0,0,0,0,0,0,0,0,0,0,0,0,0,0,1,0,0,0,0,0,0,0,0,0,0,0,0,0,0,0,0,-0.667076,0,0,-0.638363,0,0,0,0,0,0,0,0,0,1,1,1
0,1,0,0,0,0,0,-0.410527,0,0,0,0,0,0,0,0,-0.592161,0,0,0,0,0,0,0,0,0,0,0,0,0,0,0,1.6079,0,0,0,0,0,0,0,1.077205,0,0,-0.787688,0,1,0,0,0,0,0,0,0,0,0,0,0,0,0,0,0,0,0,0,0,0,1,0,0,0,0,0,0,0,0,0,0,0,0,0,0,0,0,0,0,0,0,-0.234123,0,0,-0.721786,1,0,0,0,0,0,0,0,0,0,0,1
0,0,0,0,0,0,0,-0.800073,0,1,0,0,0,0,0,0,-0.659636,0,0,0,1,0,0,0,0,0,0,0,0,0,0,0,1.08799,0,0,0,0,0,0,0,0.890144,0,0,-0.683191,0,0,0,0,0,0,0,0,0,0,0,0,0,1,0,0,0,0,0,0,0,0,0,0,0,1,0,0,0,0,0,0,0,0,0,0,0,0,0,0,0,0,0,-0.774822,0,0,-0.631154,0,0,0,0,0,0,0,0,0,0,0,1
0,0,0,0,0,0,0,-0.601415,0,0,0,0,0,0,0,0,-0.692933,0,0,0,0,0,0,0,0,0,0,0,0,0,0,0,0.82483,0,0,0,1,0,0,0,0.861097,0,0,-0.588073,0,0,0,0,0,0,0,0,0,0,0,0,0,0,0,0,0,0,0,0,0,0,0,0,0,0,0,0,0,0,0,0,0,0,0,0,0,0,0,0,0,0,0,-0.683241,0,0,-0.621702,0,0,0,0,0,0,0,0,1,1,0,1
0,0,0,0,0,0,0,-0.677963,0,0,0,0,0,0,0,0,-0.736204,0,0,1,0,0,0,0,0,0,0,0,0,0,1,0,1.6466,0,0,0,0,0,0,0,0.468286,0,0,-0.72394,0,0,0,0,0,0,0,0,0,0,0,0,0,0,0,0,0,0,0,0,0,0,0,0,0,0,0,0,0,0,0,0,0,0,0,0,0,0,0,0,0,0,0,-0.744646,0,0,-0.648637,0,0,0,0,0,0,0,0,0,0,1,1
0,0,0,0,0,0,0,-0.712129,0,0,0,0,0,0,0,0,-0.44869,0,0,0,0,0,0,0,0,0,0,0,0,0,0,0,1.73477,1,0,0,0,0,1,0,1.110768,0,0,-0.804392,0,0,0,0,0,0,0,0,0,0,1,0,0,0,0,0,1,0,0,0,0,0,0,0,0,0,0,0,0,0,0,0,0,0,0,0,0,0,0,0,0,0,0,-0.759472,0,0,-0.730996,0,0,0,0,0,0,0,0,1,0,1,1
0,0,0,1,0,0,0,-0.763585,0,0,0,0,0,0,0,0,-0.399623,0,0,0,0,0,0,0,0,0,0,0,0,0,0,0,1.39476,2,0,0,0,0,0,0,0.443137,1,0,-0.781134,0,0,0,0,0,0,0,0,0,0,0,1,0,0,0,0,0,0,0,0,0,0,0,0,0,0,0,1,0,0,0,0,1,0,0,0,0,0,0,0,0,0,0,-0.493198,0,0,-0.669564,0,0,0,0,0,0,0,1,0,0,1,1
0,0,0,0,0,0,0,8.778505,0,0,0,0,0,0,0,0,-0.655046,0,0,0,0,0,0,0,0,0,0,0,0,0,0,0,1.77897,3,0,0,0,0,0,0,1.546015,0,0,-0.74705,0,0,0,0,0,0,0,0,0,0,0,0,0,0,0,0,0,0,0,0,1,1,0,0,0,0,0,0,0,0,0,0,0,0,0,0,0,0,0,0,0,0,0,-0.843928,0,0,-0.738855,0,0,0,0,0,0,1,0,0,0,1,1
0,0,0,0,0,0,0,-0.650607,0,0,0,0,0,0,0,0,-0.735399,0,0,0,0,0,0,0,0,0,0,0,0,0,0,0,0.92807,0,0,0,0,0,0,0,0.685293,0,0,-0.527183,0,0,0,0,0,0,0,0,0,0,0,0,0,0,0,0,0,0,0,0,1,0,0,0,0,0,0,0,0,0,0,0,0,0,0,0,0,0,0,0,0,0,0,-0.742016,0,0,-0.639915,0,0,0,0,0,0,0,0,0,0,0,1
0,0,0,0,0,0,0,-0.802095,0,0,0,0,0,0,0,1,-0.657387,0,0,0,0,0,0,0,0,0,0,0,0,0,0,0,1.03535,4,0,0,0,1,0,0,1.899775,0,0,-0.710198,0,0,0,0,0,0,0,0,0,0,0,0,0,0,0,0,0,0,1,0,0,0,0,0,0,0,0,0,0,0,0,0,0,0,0,0,0,0,0,0,0,0,0,-0.69415,0,1,-0.370283,0,0,0,0,0,0,0,0,0,1,1,1
0,0,0,0,0,0,0,-0.709173,0,0,0,0,0,0,0,0,-0.640772,0,0,0,0,0,0,0,0,1,0,0,0,0,0,0,1.1696,2,0,0,0,0,0,0,1.905911,0,0,-0.505376,0,0,0,0,0,0,0,0,1,0,0,0,0,0,0,0,0,0,0,0,0,0,0,0,0,0,0,0,0,0,0,0,0,0,0,0,0,1,0,0,0,0,0,-0.729269,0,0,-0.773731,0,0,0,0,0,0,0,0,0,0,1,1
0,0,0,0,0,0,0,-0.626471,0,0,0,0,0,1,0,0,-0.554366,0,0,0,0,0,0,0,0,1,0,0,0,0,0,0,1.28872,5,1,0,0,0,0,0,1.055542,0,0,-0.746099,0,0,0,0,0,0,0,0,0,0,0,0,0,0,0,0,0,0,0,0,0,0,0,0,0,0,0,0,0,0,0,0,0,0,0,0,0,0,0,0,0,0,0,-0.839211,0,0,-0.727811,0,0,0,0,0,0,0,0,0,0,1,1
0,0,0,1,0,0,0,-0.483737,0,0,0,0,1,0,0,0,-0.670682,0,0,0,0,0,0,0,0,0,0,0,0,0,0,0,2.28919,6,0,0,0,0,0,0,0.602692,0,0,0.98968,0,0,0,0,0,0,0,0,1,0,0,1,0,0,1,0,0,0,0,0,0,0,0,0,0,0,0,1,0,0,0,0,0,0,0,0,0,0,0,1,0,0,1,-0.657234,0,1,-0.624158,0,0,0,0,0,0,0,0,0,0,0,1
0,0,0,1,0,0,0,-0.904,0,0,0,0,0,0,0,0,-0.62023,0,0,0,0,0,0,0,0,0,0,0,0,0,0,0,1.83269,2,0,0,0,0,0,0,1.068757,0,0,-0.804992,0,0,0,0,0,0,0,0,1,0,1,0,0,0,0,0,0,0,0,0,0,1,1,0,0,0,1,0,0,0,0,0,0,0,0,0,0,0,0,0,0,0,0,-0.761327,0,0,-0.554988,0,0,0,1,0,0,0,0,0,0,0,1
0,0,0,0,0,0,0,-0.744185,0,1,0,0,0,0,0,0,-0.641997,0,0,0,1,0,0,0,0,0,0,0,0,0,0,0,1.10163,3,0,0,0,0,0,0,1.15176,0,0,-0.69013,0,0,0,0,0,0,0,0,0,0,0,0,0,0,0,0,0,0,0,0,0,0,0,0,0,0,0,0,0,0,0,0,0,0,0,0,0,0,0,0,0,0,0,-0.683758,0,0,-0.637596,0,0,0,0,0,0,0,0,0,0,1,1
0,0,0,0,0,0,0,-0.684546,0,0,0,0,0,0,0,1,-0.684791,0,0,0,0,0,0,0,0,0,1,0,0,0,0,0,0.92391,0,0,0,0,0,0,0,0.554144,0,0,-0.740158,0,0,0,0,0,0,0,0,0,0,0,0,0,0,0,0,0,0,0,0,1,0,0,0,0,0,0,0,0,0,0,0,0,0,0,0,0,0,0,1,0,0,0,-0.76318,0,0,-0.899458,0,0,0,0,0,0,0,1,0,0,0,1
0,0,0,1,0,0,0,-0.716459,0,0,0,0,0,0,0,0,-0.581944,0,0,0,1,0,0,0,0,0,0,0,0,0,1,0,1.4631,7,0,0,0,1,0,0,1.40397,0,0,-0.762107,0,0,0,0,0,0,0,0,0,0,0,0,0,0,0,0,0,0,0,0,0,0,0,0,0,0,0,0,0,0,0,0,0,0,0,0,0,0,0,0,0,0,0,-0.710298,0,0,-0.754981,0,0,0,0,0,0,0,0,0,0,1,1
0,0,0,0,0,0,0,-0.609042,0,0,0,0,0,0,0,0,-0.721947,0,0,0,0,0,0,0,0,0,0,0,0,0,0,0,1.22426,0,0,0,0,0,0,0,0.991174,0,0,-0.723875,0,0,0,0,0,0,0,0,0,0,0,0,0,0,0,0,0,0,0,0,0,0,0,0,0,0,0,0,0,0,0,0,0,0,0,0,0,0,0,0,0,0,0,-0.639738,0,1,-0.761236,0,0,0,0,0,0,0,0,0,0,0,1
0,0,0,0,0,0,0,-0.691337,0,0,0,0,0,0,0,0,-0.775878,0,0,0,0,0,0,0,0,0,0,0,0,0,0,0,0.79516,0,0,0,0,0,0,0,0.249376,0,0,-0.568894,0,0,0,0,0,0,0,0,0,0,0,0,0,0,0,0,0,0,0,0,0,0,0,0,0,0,0,0,0,0,0,0,0,0,0,0,0,0,0,0,0,0,0,-0.450049,0,0,-0.724008,0,0,0,0,0,0,0,0,0,0,0,1
0,0,0,0,0,0,0,-0.589572,0,0,0,0,0,0,0,0,-0.73872,0,0,0,0,0,0,0,0,0,0,0,0,0,0,0,1.25353,4,0,0,0,0,0,0,1.143646,0,0,-0.720494,0,0,0,0,0,0,0,0,0,0,0,0,0,0,0,0,0,0,0,1,0,0,0,0,0,0,0,0,0,0,0,0,0,0,0,0,0,0,0,1,0,0,0,-0.67257,0,0,-0.516927,0,0,0,0,0,0,0,0,0,0,1,1
0,0,0,0,0,0,0,-0.431182,0,0,0,0,0,0,0,0,-0.46651,0,0,0,0,0,0,0,0,0,0,0,0,0,0,0,0.84801,2,0,0,0,0,0,0,2.659269,0,0,-0.490405,0,0,0,0,0,0,0,0,0,0,0,0,0,0,0,0,0,0,0,1,0,0,1,0,0,0,0,0,0,0,0,0,0,0,0,0,0,0,0,1,0,0,0,-0.680325,0,0,-0.652494,0,0,0,0,0,0,0,0,0,0,0,1
0,0,0,1,0,0,0,-0.626006,0,0,0,0,0,0,0,0,-0.741657,0,0,0,0,0,0,0,0,0,0,0,0,0,0,0,0.99683,6,0,0,0,0,0,0,1.569607,0,0,2.200021,0,1,0,0,0,0,0,0,0,0,1,0,0,1,0,0,0,0,0,0,0,0,0,0,0,0,0,0,0,0,0,0,0,0,0,0,0,0,0,0,0,0,0,-0.635535,0,0,-0.706652,0,0,0,0,0,0,0,0,0,1,0,1
0,0,0,0,0,0,0,-0.812447,0,0,0,0,0,0,0,0,-0.713731,0,0,0,0,0,0,0,0,0,0,0,0,0,1,0,1.13415,1,0,0,0,0,0,0,0.864764,0,0,-0.714808,0,0,0,0,0,0,0,0,0,0,0,0,0,0,0,0,0,0,0,0,0,0,1,0,0,0,0,0,0,0,0,0,0,0,0,0,0,0,0,0,0,0,0,-0.748163,0,0,-0.607018,0,0,0,0,0,0,0,0,0,0,1,1
0,0,0,0,0,0,0,-0.793598,0,0,0,1,0,0,0,0,-0.59637,0,0,0,0,0,0,0,0,0,0,0,0,0,0,0,0.81813,0,0,0,0,0,0,0,0.96827,0,0,-0.557051,0,0,0,0,0,0,0,0,0,0,0,0,0,0,0,0,0,0,0,0,0,0,0,0,0,0,0,0,0,0,0,0,0,0,0,0,0,0,0,0,0,0,0,-0.626734,0,0,-0.721871,0,0,0,0,0,1,0,0,0,0,0,1
0,0,0,0,0,0,0,-0.275961,0,0,0,0,0,0,0,0,-0.52011,0,0,0,0,0,0,0,0,0,0,0,0,0,1,0,0.97331,2,0,0,0,0,0,0,0.638798,0,0,-0.643799,0,0,0,0,1,0,0,0,0,0,0,0,0,0,0,0,0,0,0,0,0,0,0,0,0,0,0,0,0,0,0,0,0,0,0,0,0,0,0,0,0,0,0,-0.690557,0,0,-0.583372,0,0,0,0,0,0,0,0,0,0,0,1
0,0,0,0,0,0,0,-0.646123,0,0,0,0,0,0,0,0,-0.684947,0,0,0,0,0,0,0,0,0,0,0,0,0,0,0,1.17663,0,0,0,0,0,0,0,0.514059,0,0,-0.69816,0,0,0,0,0,0,0,0,0,0,0,0,0,0,0,0,0,0,0,0,0,0,0,0,0,0,0,0,0,0,0,0,0,0,0,0,0,0,0,0,0,0,0,-0.386108,0,0,-0.828131,0,0,0,0,0,0,0,0,0,0,1,1
0,0,0,0,0,0,0,-0.741764,0,0,0,0,0,0,0,0,-0.546959,0,0,0,0,0,0,0,0,0,0,0,0,0,0,0,1.42333,2,0,0,0,0,0,0,0.826286,0,0,-0.76937,0,0,0,0,0,0,0,0,0,0,0,0,0,0,0,0,0,0,0,0,0,0,0,0,0,0,0,0,1,0,0,0,0,0,0,0,0,0,0,0,0,0,0,-0.560538,0,0,-0.768799,0,0,0,0,0,0,0,0,0,0,0,1
0,0,0,0,0,0,0,-0.649203,0,0,0,0,0,0,0,0,-0.629507,0,0,0,0,0,0,1,0,0,0,0,0,0,0,0,0.59014,3,0,0,0,0,0,0,2.110774,0,0,-0.559729,0,1,0,0,0,0,0,0,0,0,0,0,0,0,1,0,0,0,0,0,0,0,0,0,0,0,0,0,0,0,0,0,0,0,0,0,0,1,0,0,0,0,0,-0.749215,0,0,-0.716633,0,0,0,0,0,0,0,0,0,0,1,1
0,0,0,0,0,0,0,-0.41124,0,0,0,0,0,0,0,0,-0.730751,0,0,0,0,0,0,0,0,0,0,0,0,0,0,0,0.90635,0,0,0,0,0,0,0,2.780071,0,0,-0.670747,0,0,0,0,0,0,1,0,0,0,0,0,0,0,0,0,0,0,0,1,0,0,0,0,0,0,0,0,0,0,0,0,0,0,0,0,0,0,0,0,0,0,0,-0.658799,0,0,-0.750173,0,0,0,0,0,0,0,0,0,0,0,1
0,0,0,1,0,0,0,-0.608121,1,0,0,0,0,0,0,0,-0.658633,0,0,0,0,0,0,0,0,0,0,0,0,0,0,0,1.44828,3,0,0,0,1,0,0,0.834707,0,0,-0.791667,0,0,0,0,0,0,0,0,0,0,0,0,0,0,0,0,0,0,0,0,0,0,0,0,0,0,0,0,1,0,0,0,0,0,0,0,0,0,0,0,0,0,0,-0.619953,0,0,-0.68127,0,0,0,0,0,0,0,0,0,0,0,1
0,0,0,0,0,0,0,-0.691755,0,0,0,0,0,0,0,1,-0.672602,0,0,0,1,0,0,1,0,0,0,0,0,0,0,0,1.92088,9,0,0,0,0,0,0,1.036076,0,0,-0.838265,0,0,0,0,0,0,0,0,0,0,0,0,0,0,0,0,0,0,0,0,0,0,0,0,0,0,0,0,0,0,0,0,1,0,0,0,0,0,0,0,0,1,0,-0.765224,0,0,-0.731117,0,0,0,0,0,0,0,0,0,0,1,1
0,0,0,1,0,0,0,-0.625999,0,0,1,0,0,0,0,0,-0.661819,0,0,0,0,0,0,0,0,0,0,0,0,0,0,0,1.25443,2,0,0,0,0,0,0,2.123503,0,0,-0.709631,0,0,0,0,0,0,0,0,0,0,0,0,0,0,0,0,0,0,1,0,0,0,0,0,0,0,0,0,0,0,0,0,0,0,0,0,0,0,0,0,0,0,0,-0.70004,0,0,-0.77307,0,0,0,0,0,0,0,0,0,0,1,1
0,0,0,0,0,0,0,-0.834694,0,0,0,0,0,0,0,0,-0.507347,0,0,0,1,0,0,0,1,0,0,0,0,0,0,0,2.14981,2,0,0,0,0,0,0,0.572537,0,0,-0.840161,0,0,1,0,0,0,0,0,0,0,0,0,0,0,0,0,0,0,0,0,0,0,0,0,0,0,0,0,0,0,0,0,0,0,0,0,0,0,0,0,0,0,0,-0.636422,0,0,-0.872399,0,0,0,0,0,1,0,0,0,0,1,1
0,0,0,0,0,0,0,-0.726321,0,0,0,0,0,0,0,0,-0.628557,0,0,0,0,0,0,0,0,0,0,0,0,0,1,0,0.9066,1,0,0,0,0,0,0,1.008907,0,0,-0.609441,0,0,0,0,0,0,0,0,0,0,1,0,0,0,0,0,0,0,0,0,0,0,0,0,0,0,0,0,0,0,0,0,0,0,0,0,0,0,0,1,0,0,0,-0.718668,0,0,-0.7639,0,0,0,0,0,0,0,0,0,0,1,1
0,0,0,1,0,0,0,-0.739843,0,0,0,0,0,0,0,0,-0.552201,0,0,0,0,0,0,0,0,0,0,0,0,0,0,0,1.49477,10,0,0,0,0,0,0,1.397137,0,0,-0.770652,0,0,0,0,0,0,0,0,0,0,0,0,0,0,1,0,0,0,0,0,0,0,0,0,0,0,0,0,0,0,0,0,0,0,0,0,0,0,0,0,0,0,0,-0.648532,0,0,-0.752031,0,0,0,0,0,0,0,0,0,0,1,1
0,0,0,0,0,0,0,-0.730178,0,0,1,0,0,0,0,0,-0.824235,0,0,0,0,0,0,0,0,0,0,0,0,0,0,0,1.5113,1,0,0,0,0,0,0,0.738751,0,0,-0.768304,0,0,0,0,0,0,0,0,0,0,0,0,0,0,0,0,0,0,0,0,0,0,0,0,0,0,1,0,0,0,0,0,0,0,0,0,0,0,0,0,0,0,0,-0.825354,0,0,-0.716368,0,0,0,0,0,0,0,0,1,0,1,1
0,0,0,0,0,0,0,-0.588948,0,0,0,0,0,0,0,0,-0.731606,0,0,0,0,0,0,0,0,0,0,0,0,0,0,0,1.21542,4,0,0,0,0,0,0,1.789152,0,0,-0.693745,1,0,0,0,0,0,0,0,0,0,0,0,0,0,0,0,0,0,0,0,0,0,0,0,0,0,0,0,0,0,0,0,0,0,0,0,0,0,0,0,0,0,0,-0.762333,0,0,-0.588509,0,0,0,0,1,0,0,0,0,0,0,1
0,0,0,0,0,0,0,-0.652684,0,0,0,0,0,0,0,0,-0.665706,0,0,0,1,0,0,0,0,0,0,0,0,0,0,0,1.0934,1,0,0,0,0,1,0,1.477498,0,0,-0.674998,0,0,0,0,0,0,0,0,0,0,0,1,0,0,0,0,0,0,0,0,0,0,0,0,0,0,0,0,0,0,0,0,0,0,0,1,0,0,0,0,0,0,0,-0.543979,0,0,-0.740708,0,0,0,0,0,0,0,0,0,0,1,1
0,0,0,0,0,0,0,-0.678273,0,0,0,0,0,0,0,0,-0.606047,0,0,0,0,0,0,0,0,0,0,0,0,0,0,0,1.35425,3,0,0,0,0,0,0,1.610335,0,0,-0.139445,0,0,0,0,0,0,0,0,0,1,0,1,0,0,0,0,0,0,0,0,0,0,0,0,0,0,0,0,0,0,0,0,1,0,0,0,0,0,0,0,0,0,0,-0.646367,0,0,-0.632297,0,0,0,0,0,0,0,0,0,0,1,1
0,0,0,1,0,0,0,-0.81585,0,0,0,0,0,0,0,0,-0.705759,0,0,1,0,0,0,0,0,0,0,0,0,0,0,0,0.8734,1,0,0,0,0,0,0,0.963317,0,0,-0.625878,0,0,0,0,0,0,0,0,0,0,0,0,0,0,0,0,0,0,0,0,0,0,0,0,0,0,0,0,0,0,0,0,0,0,0,0,0,0,0,0,0,0,0,-0.595345,0,0,-0.607334,0,0,0,0,0,0,0,0,0,0,0,1
0,0,0,0,0,0,0,-0.624597,0,0,0,0,0,0,0,0,-0.609614,0,0,0,0,0,0,0,1,0,0,0,0,0,1,0,1.51013,2,0,0,0,0,0,0,0.55014,0,0,-0.741623,0,0,0,0,0,0,0,0,0,0,0,1,0,0,0,0,1,0,0,0,0,0,0,0,0,0,0,0,0,0,0,0,0,0,0,0,0,0,0,0,0,0,0,-0.608764,0,0,-0.750417,0,0,0,0,0,0,0,0,0,1,1,1
0,0,0,0,1,0,0,-0.623816,0,0,0,0,0,0,0,0,-0.847676,0,0,0,0,0,0,0,0,0,0,0,0,0,0,0,0.87654,0,0,0,0,0,0,0,1.417865,0,0,-0.628343,0,0,0,0,1,0,0,0,0,0,0,0,0,0,0,0,0,0,0,0,0,0,0,0,0,0,0,0,0,0,0,0,0,0,0,0,0,0,0,0,0,0,0,-0.679951,0,0,-0.696737,0,0,0,0,0,0,0,0,0,0,0,1
0,0,0,0,0,0,0,-0.655466,0,0,0,0,0,0,0,0,-0.661855,0,0,0,0,0,0,0,0,0,0,0,0,0,0,0,1.33631,2,0,0,0,0,0,0,1.862394,0,0,-0.428413,0,0,0,0,0,0,0,0,0,0,1,0,0,0,0,0,0,0,0,0,0,0,0,0,0,0,0,0,1,0,0,0,0,0,0,0,0,0,0,0,0,0,0,-0.730262,0,0,-0.487237,0,0,0,0,0,0,0,0,0,0,1,1
0,0,0,0,0,0,0,-0.744271,0,0,0,0,0,0,0,0,-0.713579,0,0,0,0,0,0,0,0,0,0,0,0,0,0,0,0.82086,1,0,0,0,1,1,0,1.329176,0,0,-0.428804,0,0,0,0,0,0,0,0,0,0,1,0,0,0,0,0,0,0,0,0,0,0,0,0,0,0,0,0,0,0,0,0,0,0,0,0,0,1,0,0,0,0,0,-0.610644,0,0,-0.460423,0,0,0,0,0,0,0,0,0,0,1,1
0,0,0,0,0,0,0,-0.613326,0,0,0,0,0,0,0,0,-0.621931,0,0,0,1,0,0,1,0,0,0,0,0,0,1,0,0.88433,4,0,0,0,0,0,0,1.29111,0,0,-0.672294,0,0,0,0,0,0,0,0,0,0,0,0,0,0,0,0,0,0,0,0,0,1,0,0,0,0,0,0,0,0,0,0,0,0,0,0,0,0,0,0,0,0,0,-0.681397,0,0,-0.603121,0,0,0,0,0,0,0,0,0,0,0,1
0,0,0,1,0,0,0,-0.611815,0,0,0,0,0,0,0,0,-0.676841,1,0,0,0,0,0,0,0,0,0,0,0,0,0,0,1.49031,1,0,0,0,0,0,0,1.400285,0,0,-0.773787,0,0,0,0,0,0,0,0,0,0,0,0,0,0,0,0,0,0,0,0,0,0,0,0,0,0,0,0,0,0,0,0,0,0,0,0,0,0,0,0,0,0,0,-0.702229,0,0,-0.594913,0,0,0,0,0,0,0,0,0,0,1,1
0,0,0,0,0,0,0,0.087485,0,0,0,0,0,0,0,0,-0.69275,0,0,0,0,0,0,0,0,0,0,0,0,0,1,0,1.00101,1,0,0,0,0,0,0,0.58033,0,0,-0.671345,0,0,0,0,0,0,0,0,0,0,0,0,0,0,0,0,0,0,0,0,0,0,0,0,0,0,0,0,0,0,0,0,0,0,0,0,0,0,0,0,0,0,0,-0.639001,0,1,-0.659477,0,0,0,0,0,0,0,0,1,0,0,1
0,0,0,0,0,0,0,-0.691283,0,0,0,0,0,0,0,0,-0.649457,0,0,0,0,0,0,0,0,0,0,0,0,0,0,0,1.88505,0,0,0,0,0,0,0,0.530915,0,0,-0.763015,0,0,0,0,0,0,0,0,0,0,0,0,0,0,0,0,0,0,0,0,0,0,0,0,0,0,0,0,0,0,0,0,0,0,0,0,0,0,0,0,0,0,0,-0.761754,0,0,-0.84423,0,0,0,0,0,0,0,0,0,0,0,1
0,0,0,0,0,0,0,-0.654689,0,0,0,0,0,0,0,0,-0.81263,0,0,0,0,0,0,0,0,0,0,0,0,0,0,0,0.61377,0,0,0,0,0,0,0,0.722163,0,0,-0.494012,0,0,0,0,0,0,0,0,0,0,0,0,0,1,0,0,0,0,0,0,0,0,0,0,0,0,0,0,0,0,0,0,0,0,0,0,0,0,0,0,0,0,0,-0.821727,0,0,-0.501846,0,0,0,0,0,0,0,0,0,0,0,1
0,0,0,1,0,0,0,-0.600862,0,0,1,0,1,0,0,0,-0.670225,0,0,1,1,0,0,0,0,0,0,0,0,0,0,0,1.20405,3,0,0,0,0,0,0,1.060673,0,0,-0.685844,0,0,0,0,0,0,0,0,0,0,1,0,0,0,0,0,0,0,0,0,0,0,0,0,0,1,1,0,0,0,0,0,0,0,0,0,0,1,0,0,0,0,0,-0.781314,0,1,-0.70921,0,0,0,0,0,0,0,0,0,0,0,1
0,0,0,0,0,0,0,-0.464956,0,0,0,0,1,0,0,0,-0.588975,0,0,1,0,0,0,0,0,0,0,0,0,0,1,0,1.14267,1,0,0,0,0,0,0,0.853808,0,0,-0.730204,0,0,0,0,0,0,0,0,0,0,0,0,0,0,0,0,0,0,0,0,0,0,0,0,0,0,1,0,0,0,0,0,0,0,0,0,0,0,0,0,0,0,0,-0.670205,0,0,-0.456613,0,0,0,0,1,0,0,0,0,1,0,1
0,0,0,0,0,0,0,-0.73112,0,0,0,0,0,0,0,0,-0.592718,0,0,0,0,0,0,0,0,0,0,0,0,0,0,0,0.77598,0,0,0,0,0,0,0,0.289101,0,0,-0.562011,0,0,0,0,0,0,0,0,0,0,0,0,0,0,0,0,0,0,0,0,0,1,0,0,0,0,0,0,0,0,0,0,0,0,0,0,0,1,0,0,0,0,0,8.324648,0,0,-0.42291,0,0,0,0,0,0,0,0,0,0,0,1
0,0,0,0,1,0,0,-0.651779,0,0,0,0,0,0,0,0,-0.389419,0,0,0,0,0,0,0,0,0,0,0,0,0,0,0,0.8088,0,0,0,0,0,0,0,0.806258,0,0,-0.575285,0,0,0,0,0,0,0,0,0,0,0,0,0,0,0,0,0,0,0,0,0,0,0,0,0,0,0,0,0,0,0,0,0,0,0,0,0,0,0,0,0,0,0,-0.730083,0,0,-0.784985,0,0,0,0,0,0,0,0,0,0,0,1
0,0,0,0,0,0,0,-0.669613,0,0,0,0,0,0,0,0,-0.660841,0,0,0,0,0,0,0,1,1,0,0,0,0,0,0,0.97957,4,0,0,0,0,0,0,1.539033,0,0,-0.656931,0,0,0,0,0,0,0,0,0,0,1,0,0,0,0,0,0,0,0,0,0,0,0,0,0,1,0,1,0,0,0,0,0,0,0,0,0,0,0,0,0,0,0,-0.819956,0,0,-0.636067,0,0,0,0,0,0,0,0,0,0,1,1
0,0,0,0,0,0,0,-0.694011,0,0,0,0,0,0,0,0,-0.681498,0,0,0,0,0,0,0,0,0,0,0,0,0,0,0,0.78454,3,0,0,1,0,0,0,3.8411,0,0,-0.580928,0,0,0,0,0,0,0,0,0,0,0,0,0,0,0,0,0,0,0,0,0,0,1,0,0,0,1,0,0,0,0,0,0,0,0,0,0,0,0,0,0,0,0,-0.357592,0,0,-0.443799,0,0,0,0,0,0,0,0,0,0,1,1
0,0,0,0,0,0,0,-0.644953,0,0,0,0,0,0,0,0,-0.613347,0,0,0,0,0,0,0,0,0,0,0,0,0,0,0,1.28303,1,0,0,0,1,0,0,0.82147,0,0,-0.733197,0,0,0,0,0,0,0,0,0,0,0,0,0,0,0,0,0,0,0,0,0,0,0,0,0,0,0,0,1,0,0,0,0,0,0,0,0,1,0,0,0,0,0,-0.649509,0,0,-0.567368,0,0,0,0,0,0,0,0,0,0,1,1
0,0,0,0,0,0,0,-0.677812,0,0,0,0,0,0,0,0,-0.541412,0,0,0,0,0,0,0,0,0,0,0,0,0,0,0,1.25748,2,0,0,0,0,0,0,0.886787,0,0,-0.716975,0,0,0,0,0,0,0,0,0,0,0,0,0,0,0,0,0,0,0,0,0,0,0,0,0,0,0,0,0,0,0,0,0,0,0,0,0,0,0,1,0,0,0,-0.75867,0,0,-0.792944,0,0,0,0,0,0,0,0,0,0,1,1
0,0,0,0,0,0,0,-0.769324,0,0,0,0,0,0,0,0,-0.718423,0,0,1,0,0,0,0,1,0,0,0,0,0,0,0,1.0468,2,0,0,0,0,0,0,1.066746,0,0,-0.685714,0,0,0,0,0,0,0,0,0,0,0,0,0,0,0,0,0,0,0,0,1,0,0,0,0,0,0,0,1,0,0,0,0,0,0,0,0,0,0,1,0,0,0,-0.797365,0,0,-0.799618,0,0,0,0,0,0,0,0,0,0,1,1
0,0,0,0,0,0,0,-0.640663,0,0,0,0,0,0,1,0,-0.545841,0,0,0,0,0,0,0,0,0,0,0,0,0,0,0,1.63163,6,0,0,0,0,0,0,1.162709,0,0,-0.809733,0,0,0,0,0,0,0,0,0,0,0,0,0,0,1,0,0,0,0,0,0,0,1,0,0,0,0,0,0,0,0,0,0,0,0,0,0,0,0,0,0,0,0,-0.363954,0,0,-0.528267,0,0,0,0,0,0,0,0,0,1,1,1
0,0,0,0,0,0,0,-0.719517,0,0,0,0,0,0,0,0,-0.761397,0,0,0,0,0,0,0,0,0,0,0,0,0,0,0,1.18783,0,0,0,0,0,0,0,0.911668,0,0,-0.71887,0,0,0,0,0,0,0,0,0,0,0,0,0,0,0,0,0,0,0,0,0,0,0,0,0,0,0,0,0,0,0,0,0,0,0,0,0,0,0,0,0,0,0,-0.770748,0,0,-0.628091,0,0,0,0,0,0,0,0,0,1,0,1
0,0,0,0,0,0,0,-0.712112,0,0,0,0,0,0,0,1,-0.637846,0,1,0,0,0,0,0,0,0,0,0,0,0,0,0,0.40201,3,0,0,0,0,0,0,1.324221,0,0,-0.338711,0,0,0,0,0,0,0,0,0,0,1,0,0,0,0,0,0,0,0,0,0,0,0,0,0,0,0,0,0,0,0,0,0,0,0,0,0,0,0,0,0,0,0,-0.612167,0,0,-0.55907,0,0,0,0,0,1,0,0,0,0,1,1
0,0,0,0,0,0,0,-0.681837,0,0,0,0,0,0,0,0,-0.719407,0,0,0,0,0,0,0,0,0,0,0,0,0,0,0,0.64635,4,0,0,0,0,0,0,1.595162,0,0,-0.464443,0,0,0,0,0,0,0,0,0,0,0,0,0,0,0,1,1,0,0,0,0,0,0,0,0,0,0,0,0,0,0,0,0,0,0,0,0,0,0,0,0,0,0,-0.33479,0,0,-0.59845,0,0,0,0,0,0,0,0,0,0,0,1
0,0,0,0,0,0,0,-0.565609,0,0,0,0,0,0,0,1,-0.673119,0,0,0,0,0,0,0,0,0,0,0,0,0,0,0,1.18003,1,0,0,0,0,0,0,0.622223,0,0,-0.714137,0,0,0,0,0,0,0,0,0,0,0,0,0,0,0,0,0,1,0,0,0,0,0,0,0,0,0,0,0,0,0,0,0,0,0,0,0,0,0,0,0,0,0,-0.649295,0,0,-0.84691,0,0,0,0,0,0,0,1,0,0,0,1
0,0,0,0,0,0,0,-0.796731,0,0,0,0,0,0,0,0,-0.633278,0,0,0,0,0,0,0,0,0,0,0,0,0,0,0,1.19125,1,0,0,0,0,0,0,0.52381,0,0,-0.62036,0,1,0,0,0,0,0,0,1,0,0,0,0,0,0,0,0,0,1,1,0,0,0,0,0,0,0,0,0,0,0,0,0,0,0,0,0,0,0,0,0,0,0,-0.702974,0,0,-0.610517,0,0,0,0,0,0,0,0,0,0,0,1
0,0,0,0,0,0,0,-0.697312,0,0,0,0,0,0,0,1,-0.41374,0,0,0,0,0,0,0,0,0,0,0,0,0,0,0,1.41296,3,0,0,0,1,0,0,1.138735,0,0,-0.753797,0,1,0,0,0,1,0,0,1,0,0,0,0,0,0,0,0,0,0,0,0,1,1,0,0,0,0,0,0,0,0,0,0,0,0,0,0,0,0,0,0,0,0,-0.771511,0,0,-0.739597,0,0,0,0,0,0,0,0,1,0,1,1
0,0,0,1,0,0,0,-0.531735,0,0,0,0,0,0,0,0,-0.272593,0,0,0,0,0,0,0,0,0,0,0,0,0,0,0,1.4965,0,0,0,0,0,0,0,0.424741,0,0,-0.778432,0,0,0,0,0,0,0,0,0,0,0,0,0,0,0,0,0,0,0,0,1,1,0,0,0,0,0,0,0,0,0,0,0,0,0,0,0,0,0,0,0,0,0,-0.603585,0,0,-0.871471,0,0,0,0,0,0,0,0,0,0,1,1
0,0,0,0,0,0,0,-0.583132,0,0,0,0,0,0,0,0,-0.498768,0,0,0,0,0,0,0,0,0,0,0,0,0,0,0,0.82052,2,0,0,0,0,0,0,0.809137,0,0,-0.600078,0,0,0,0,0,0,0,0,0,0,0,0,0,0,0,0,0,0,0,0,1,0,0,0,0,0,0,0,0,0,0,0,0,0,0,0,0,0,0,0,0,1,0,-0.709438,0,0,-0.667142,0,0,0,0,0,0,0,0,0,0,1,1
0,0,0,0,0,0,0,-0.624802,0,0,0,0,0,0,0,0,-0.461771,0,0,0,0,0,0,0,0,1,0,0,0,0,0,0,1.34999,1,0,0,0,0,0,0,1.009419,0,0,-0.75477,0,0,0,0,0,0,0,0,0,0,0,0,0,0,0,0,0,0,0,0,0,0,0,0,0,0,0,0,0,0,0,0,0,0,0,0,0,0,0,0,0,0,0,-0.762765,0,0,3.476255,0,0,0,0,0,0,0,1,0,0,1,1
0,0,0,0,0,0,0,-0.527148,0,0,0,1,0,0,0,0,-0.602425,0,0,0,0,0,0,0,0,0,0,0,0,0,0,0,0.93799,1,0,0,0,0,0,0,1.615606,0,0,-0.639491,0,0,0,0,0,0,0,0,0,0,0,1,0,0,0,0,0,0,0,0,0,0,0,0,0,0,0,0,1,0,0,0,0,0,0,0,0,0,0,1,0,0,0,-0.638829,0,0,-0.697825,0,0,0,0,0,0,0,0,0,0,1,1
0,0,0,0,0,0,0,-0.6807,0,0,0,0,0,0,0,0,-0.703336,0,1,0,0,0,0,0,0,0,0,0,0,0,1,0,1.06186,5,0,0,1,0,1,0,1.81755,0,0,-0.681814,0,0,0,0,0,0,0,0,0,0,0,0,0,0,0,0,0,0,0,0,0,1,0,0,0,0,0,0,0,0,0,0,0,1,0,0,0,0,0,0,0,0,0,-0.705208,0,0,-0.707132,0,0,0,0,0,0,0,0,1,0,0,1
0,0,0,0,0,1,0,-0.786436,0,0,0,0,0,0,0,0,-0.690333,0,0,0,0,0,0,0,0,0,0,0,0,0,0,0,1.67733,7,0,0,0,0,0,0,1.263718,0,0,-0.797876,0,0,0,0,0,0,0,0,0,0,0,0,0,0,0,0,0,0,0,1,0,1,0,0,0,0,1,0,1,0,0,0,0,0,0,0,0,0,0,0,0,0,0,-0.688134,0,0,-0.689251,0,0,0,0,0,0,0,0,0,0,1,1
0,0,0,0,0,0,0,-0.653164,0,0,0,0,0,0,0,0,-0.562576,0,0,0,1,0,0,0,0,0,0,0,0,0,0,0,1.1952,1,0,0,0,0,0,0,1.083655,0,0,-0.733426,0,0,0,0,0,0,0,0,0,0,0,0,0,0,0,0,0,0,0,0,0,0,0,0,0,0,0,0,0,0,0,0,0,0,0,0,0,0,0,0,0,0,0,-0.604317,0,0,-0.644185,0,0,0,0,0,0,0,0,1,0,1,1
0,0,0,0,0,0,0,-0.3006,0,0,0,0,0,0,0,0,-0.736174,0,0,1,0,0,0,0,0,0,0,0,0,0,0,0,0.84163,0,0,0,0,0,0,0,0.24191,0,0,-0.592142,0,0,0,0,0,0,0,0,0,0,0,0,0,0,0,0,0,0,0,0,0,0,0,0,0,1,0,0,0,0,0,0,0,0,0,1,0,0,0,0,0,0,0,-0.396756,0,0,-0.661477,0,0,0,0,0,0,0,0,0,0,0,1
0,0,0,0,0,0,0,-0.667797,0,0,0,0,0,0,0,0,-0.653784,0,0,0,0,0,0,0,0,0,0,1,0,0,0,0,1.5256,1,0,0,1,0,0,0,0.803328,0,0,-0.778655,0,0,0,0,0,0,0,0,0,0,0,0,0,0,0,0,0,0,0,1,0,0,0,0,0,0,1,0,0,0,0,0,0,0,0,0,0,0,0,1,0,0,0,-0.709112,0,0,-0.684841,1,0,0,0,0,0,0,1,0,0,0,1
0,0,0,1,0,0,0,-0.489885,0,0,0,0,0,0,0,0,-0.689444,0,0,0,0,0,0,0,0,0,0,0,0,0,0,0,1.17071,0,0,0,0,0,0,0,1.338357,0,0,-0.715177,0,0,0,0,0,0,0,0,0,0,0,0,0,0,0,0,0,0,0,0,0,0,0,0,0,0,0,0,0,0,0,0,0,0,0,0,0,0,0,0,0,0,0,-0.753003,0,1,-0.754892,0,0,0,0,0,0,0,0,0,0,0,1
0,0,0,0,0,0,0,-0.67959,0,0,0,0,0,0,0,0,-0.62173,0,0,0,0,0,0,0,0,0,0,0,0,0,0,0,0.97072,0,0,0,0,0,0,0,1.547436,0,0,-0.642727,0,1,0,0,0,0,0,0,0,0,0,0,0,0,0,0,0,0,0,0,0,0,1,0,0,0,0,0,1,0,0,0,0,0,0,0,0,0,0,0,0,0,0,-0.676903,0,0,-0.601795,0,0,0,0,0,0,0,1,0,1,0,1
0,0,0,0,0,0,0,-0.565267,0,0,0,0,0,0,0,0,-0.790098,0,0,0,0,0,0,0,0,0,0,0,0,0,0,0,1.73077,3,0,0,1,0,0,0,0.60855,0,0,-0.785125,0,1,0,0,0,0,0,0,0,1,0,0,0,0,0,0,0,0,0,0,0,0,0,0,0,0,0,0,0,0,0,0,0,0,0,0,0,0,0,0,0,0,0,-0.526092,0,0,-0.590736,0,0,0,0,0,0,0,0,0,0,1,1
0,0,0,0,0,0,0,-0.541086,0,0,0,0,0,0,0,0,-0.825639,0,0,0,0,0,0,0,0,0,0,0,0,0,0,0,1.11662,0,0,0,0,0,0,0,0.231394,0,0,-0.676054,0,0,0,0,0,0,0,0,0,0,0,0,0,0,0,0,0,0,0,0,0,0,0,0,0,0,0,0,0,0,0,0,0,0,0,0,0,0,0,0,0,0,0,-0.579777,0,0,-0.682187,0,0,0,0,0,0,0,0,0,1,0,1
0,0,0,0,0,0,0,-0.567384,0,0,0,0,0,0,0,0,-0.765986,0,0,0,0,0,0,0,0,0,0,0,0,0,0,0,0.83257,3,0,0,0,0,0,0,1.674516,0,0,-0.607291,0,0,0,0,0,0,0,0,0,0,1,0,0,0,0,0,0,0,0,0,0,0,1,0,0,0,0,0,0,0,0,0,0,0,0,0,0,0,0,0,0,1,0,-0.652843,0,0,-0.610419,0,0,0,0,0,0,0,0,1,0,1,1
0,0,0,0,0,0,0,-0.509388,0,0,0,0,0,0,0,0,-0.505111,0,0,0,0,0,0,0,0,0,0,0,0,0,0,0,1.41036,0,0,0,0,0,0,0,1.747686,0,0,-0.768822,0,0,0,0,0,0,0,0,1,0,0,0,0,0,0,0,0,0,0,1,0,0,0,0,0,0,0,0,0,0,0,0,0,0,1,0,0,1,0,1,0,0,0,-0.70798,0,0,-0.612573,0,0,0,0,0,0,0,0,0,0,1,1
0,0,0,1,0,0,0,-0.75897,0,0,0,0,0,0,0,0,-0.521069,0,0,1,0,0,0,0,0,0,0,0,0,0,0,0,1.01316,0,0,0,0,0,0,0,2.117853,0,0,-0.666721,0,0,0,0,0,0,0,0,0,0,0,0,0,0,0,0,0,0,0,0,0,0,0,0,0,0,0,0,0,0,0,0,0,0,0,0,0,0,0,0,0,1,0,-0.653499,0,0,-0.712941,0,0,0,0,0,0,0,1,0,0,0,1
0,0,0,0,0,0,0,-0.69216,0,0,0,0,0,0,0,0,-0.670066,0,0,0,0,0,0,0,0,0,0,0,0,0,0,0,1.02425,2,0,0,0,0,1,0,1.673851,0,0,-0.652524,0,0,0,0,0,0,0,0,1,0,0,0,0,0,0,0,0,0,0,1,0,0,0,0,0,0,0,0,0,0,0,0,0,0,0,0,0,0,0,0,0,0,0,-0.692881,0,0,-0.785714,0,0,0,0,0,1,0,0,0,0,1,1
0,0,0,0,0,0,0,-0.647433,0,0,0,0,0,0,0,0,-0.669678,0,0,0,0,0,0,0,0,0,0,0,0,0,0,0,0.76502,1,0,0,0,0,0,0,0.275582,0,0,-0.599897,0,0,0,0,0,0,0,0,1,0,0,0,0,0,0,0,0,0,0,0,0,0,1,0,0,0,0,0,0,0,0,0,0,0,0,0,0,0,0,0,0,0,0,-0.617752,0,0,-0.533627,0,0,0,0,0,0,0,0,0,0,0,1
0,0,0,0,0,0,0,-0.456052,0,0,0,0,0,0,0,0,-0.620124,0,0,1,0,0,0,0,0,0,0,0,0,0,0,0,1.0274,1,0,0,0,0,0,0,1.363309,0,0,-0.298391,0,0,0,0,0,0,0,0,0,0,0,0,0,0,0,0,0,0,0,0,0,0,0,0,0,0,0,0,0,0,0,0,0,0,0,0,0,0,0,0,0,0,0,-0.741201,0,0,-0.708705,0,0,0,0,0,0,0,0,0,0,1,1
0,0,0,1,0,0,0,-0.690604,0,0,0,0,0,0,0,0,-0.514582,0,0,0,0,0,0,0,0,0,0,0,0,0,0,0,0.73702,0,0,0,1,0,0,0,1.049153,0,0,-0.530563,0,0,0,0,0,0,0,0,0,0,0,0,0,0,0,0,0,0,0,0,0,0,0,0,0,0,0,0,0,0,0,0,0,0,0,0,0,0,0,0,0,0,0,-0.569499,0,0,-0.425933,0,0,0,0,0,0,0,0,1,0,0,1
0,0,0,0,0,0,0,-0.702319,0,0,0,0,0,0,0,0,-0.579025,0,0,0,1,0,0,0,0,0,0,0,0,0,0,0,0.91349,1,0,0,0,0,0,0,1.976246,0,0,-0.644289,0,0,0,0,0,0,0,0,0,0,0,0,0,0,0,0,0,0,0,0,0,0,0,0,0,0,0,0,0,0,0,0,0,0,0,0,0,0,0,0,0,0,0,-0.744632,0,0,-0.625068,0,0,0,0,0,0,0,0,0,0,1,1
0,0,0,0,0,0,0,-0.666082,0,0,0,0,0,0,0,0,-0.5547,0,0,0,0,0,0,0,0,0,0,0,0,0,0,0,0.9351,0,0,0,0,0,0,0,0.296734,0,0,-0.591502,0,0,0,0,0,0,0,0,0,0,0,0,0,0,0,0,0,0,0,0,1,1,0,0,0,0,0,0,0,0,0,0,0,0,0,0,0,0,0,0,0,0,0,-0.616677,0,0,-0.814752,0,0,0,0,0,0,0,0,0,0,0,1
0,0,0,0,0,0,0,-0.789671,0,0,0,0,0,0,0,0,-0.766361,0,0,0,0,0,0,0,0,0,0,0,0,0,0,0,0.57143,0,0,0,0,0,0,0,0.770389,0,0,-0.455134,0,0,0,0,0,0,0,0,0,0,0,0,0,0,0,0,0,0,0,0,0,0,0,0,0,0,0,0,0,0,0,0,0,0,0,0,0,0,0,1,0,0,0,-0.519032,0,0,-0.355651,0,0,0,0,0,0,0,0,1,0,0,1
0,0,0,0,0,0,0,-0.571362,0,0,0,0,0,0,0,0,-0.71518,0,0,0,0,0,0,0,0,0,1,0,0,0,0,0,1.71475,1,0,0,0,0,0,0,0.361855,0,0,-0.78824,0,0,0,0,0,0,0,0,0,0,0,0,0,0,0,0,0,0,0,0,0,0,0,0,0,0,0,0,0,0,0,0,0,0,0,0,0,0,1,1,0,0,0,-0.66323,0,0,-0.644011,0,0,0,0,1,0,0,1,0,1,1,1
0,0,0,0,0,0,0,-0.69641,0,0,0,0,0,0,0,0,-0.560964,0,0,0,0,0,0,0,0,0,0,0,0,0,0,0,0.98089,2,0,0,0,0,0,0,0.877967,0,0,-0.561358,0,0,0,0,0,0,0,0,0,0,0,0,0,0,0,0,0,0,0,0,0,0,0,0,0,0,0,0,0,0,0,0,0,0,0,0,0,0,0,0,0,0,0,-0.447088,0,0,-0.906884,0,0,0,0,0,0,0,0,0,0,1,1
0,0,0,0,0,0,0,-0.866446,0,0,0,0,0,0,0,0,-0.569206,0,0,0,0,0,0,0,0,0,0,0,0,0,0,0,1.51282,1,0,0,0,0,0,0,0.894067,0,0,-0.797382,0,1,0,0,0,0,0,0,0,0,0,0,0,0,0,0,0,0,0,0,0,0,0,0,0,0,0,0,1,0,0,0,0,0,0,0,0,0,0,1,0,0,0,-0.542293,0,0,-0.736302,0,0,0,0,0,0,0,0,0,0,1,1
0,0,0,0,0,0,0,-0.616142,0,0,0,0,0,0,1,0,-0.820156,0,0,0,0,0,0,0,0,0,0,1,0,0,0,0,1.5822,2,0,0,0,0,0,0,1.585261,0,0,-0.781818,0,0,0,0,0,0,0,0,0,0,1,0,0,0,0,0,0,0,0,0,0,0,1,0,0,0,0,0,0,0,0,0,0,0,0,0,0,0,0,0,0,0,0,-0.57113,0,0,-0.536479,0,0,0,0,0,0,0,1,0,0,1,1
0,0,1,0,0,0,0,-0.776207,1,0,0,0,1,1,0,0,-0.744445,0,0,0,0,0,0,0,0,0,0,0,0,0,0,0,1.20831,1,0,1,0,0,0,0,0.511845,0,0,-0.736558,0,0,0,0,0,0,0,0,0,0,0,0,0,0,1,0,1,0,0,0,0,0,0,0,0,0,0,0,1,0,0,0,0,0,0,0,0,0,0,0,0,0,0,-0.652811,0,0,-0.549027,0,0,0,1,0,0,0,0,0,1,0,1
0,0,0,0,0,0,0,-0.470881,0,0,0,0,0,0,0,0,-0.81145,0,0,0,1,0,0,0,0,0,0,0,0,0,0,0,1.03148,3,1,0,0,0,0,0,1.752658,0,0,-0.664165,0,0,0,0,0,0,0,0,0,0,0,0,0,0,0,0,0,0,0,0,0,0,0,0,0,1,0,0,0,0,0,0,0,0,0,0,0,0,0,0,0,0,0,-0.662588,0,0,-0.660525,0,0,0,0,0,0,0,0,0,1,1,1
0,0,0,0,0,0,0,-0.509502,0,0,0,0,0,0,0,0,-0.767454,0,0,0,0,0,0,0,0,0,0,0,0,0,0,0,1.00565,0,0,0,0,0,0,0,0.237407,0,0,-0.58592,0,0,0,0,0,0,0,0,0,0,0,0,0,0,0,0,0,0,0,0,0,0,0,0,0,0,0,0,0,0,0,0,0,0,0,0,0,0,0,0,0,0,0,-0.817336,0,0,-0.561336,0,0,0,0,0,0,0,0,0,0,0,1
0,0,0,0,0,0,0,-0.639573,0,0,0,0,0,0,0,0,-0.72036,0,0,0,0,0,0,0,1,0,0,0,0,0,0,0,1.2349,1,0,0,0,0,1,0,1.161551,0,0,-0.706636,0,0,0,0,0,0,0,0,0,0,0,0,0,0,0,0,0,0,0,1,0,1,1,0,0,0,0,0,0,0,0,0,0,0,0,0,0,0,0,1,0,0,0,-0.713342,0,0,-0.609161,0,0,0,0,0,0,0,0,0,1,1,1
0,0,0,0,0,0,0,-0.52568,0,0,0,0,0,0,0,0,-0.694244,0,0,0,0,0,0,0,0,0,0,0,0,0,0,0,1.31845,0,0,0,0,1,1,0,1.809908,0,0,-0.738596,0,0,0,0,0,0,0,0,0,0,0,0,0,0,0,0,0,0,0,0,0,0,0,0,0,0,1,0,0,0,0,0,0,0,0,0,0,0,0,0,0,0,0,-0.649901,0,1,-0.565528,0,0,0,0,0,0,0,0,1,0,0,1
0,0,0,0,0,0,0,7.983456,0,0,0,1,0,0,0,0,-0.697543,0,0,0,0,0,0,0,0,0,0,0,0,0,0,0,0.6,0,0,0,1,0,0,0,0.590156,0,0,-0.412964,0,0,0,0,0,0,0,0,0,0,0,0,0,0,0,0,0,0,0,0,0,0,0,0,0,0,0,0,0,0,0,0,0,0,0,1,0,0,0,0,0,0,0,-0.733759,0,0,-0.89576,0,0,0,0,0,0,0,0,0,0,0,1
0,0,0,1,0,0,0,-0.604723,1,0,0,0,0,0,0,0,-0.487274,0,0,0,0,0,0,0,1,0,0,0,0,0,0,0,1.6272,4,0,0,0,0,0,0,0.575733,0,0,-0.790891,0,0,0,0,0,0,0,0,0,0,0,0,0,0,0,0,0,0,0,0,0,1,0,0,0,0,0,0,0,0,0,0,0,1,0,0,0,0,0,0,0,0,0,-0.684642,0,0,-0.806256,0,0,0,0,0,0,0,0,0,0,1,1
0,0,0,0,0,0,0,-0.599962,0,0,0,0,0,0,0,0,-0.695631,0,0,1,0,0,0,0,0,0,0,0,0,0,0,0,1.05634,0,0,0,0,0,0,0,1.2491,0,0,-0.693828,0,0,0,0,0,0,0,0,0,0,0,0,0,0,0,0,0,0,0,0,0,0,0,0,0,0,0,0,0,0,0,0,0,0,0,0,0,0,0,0,0,0,0,-0.564211,0,0,-0.584802,0,0,0,0,0,0,0,0,0,0,0,1
0,0,0,0,0,0,0,-0.864405,0,0,0,0,0,0,0,0,-0.71785,0,0,0,0,0,0,0,0,0,0,0,0,0,0,0,1.04096,2,0,0,0,0,0,0,0.721618,1,0,-0.661121,1,0,0,0,0,0,0,0,0,0,0,0,1,0,0,0,0,0,0,0,0,0,0,0,0,0,0,0,0,0,0,0,0,1,0,0,0,0,0,0,0,0,0,-0.623979,0,0,-0.63655,0,0,1,0,0,0,0,1,0,0,1,1
0,0,0,0,0,0,0,-0.615155,0,0,0,0,0,0,0,0,-0.654457,0,0,0,0,0,0,0,0,0,0,0,0,0,0,0,0.55025,0,0,0,0,0,0,0,0.847034,0,0,-0.350101,0,0,0,0,0,0,0,0,0,0,0,0,0,0,0,0,0,0,0,0,0,0,0,0,0,0,0,0,0,0,0,0,0,0,0,0,0,0,0,0,0,0,0,-0.364334,0,0,-0.364016,0,0,0,0,0,0,0,0,0,0,0,1
0,0,0,0,0,0,0,-0.758288,0,0,0,0,0,0,0,0,-0.729177,0,0,0,0,0,0,0,0,0,0,0,0,0,0,0,1.02875,1,0,0,0,0,0,0,0.642498,0,0,-0.629442,0,0,0,0,0,0,0,0,0,0,0,1,0,0,0,0,0,0,0,0,0,0,1,0,0,0,0,0,0,0,0,0,0,0,0,0,0,0,0,0,0,0,0,-0.700868,0,0,-0.604363,0,0,0,0,0,0,0,0,0,0,0,1
0,0,0,0,0,0,0,-0.738768,0,0,0,0,0,0,0,0,-0.722152,0,0,0,1,0,0,0,0,0,0,0,0,0,0,0,0.75491,1,0,0,0,0,0,0,0.677629,0,0,-0.574316,0,0,0,0,0,0,0,0,0,0,0,0,0,0,0,0,0,0,0,0,0,0,0,0,0,0,0,0,0,0,0,0,0,0,0,0,0,1,0,0,0,0,0,-0.855162,0,0,-0.477841,0,0,0,0,0,0,0,0,0,1,0,1
0,0,0,0,0,0,0,-0.756077,1,0,0,0,0,0,0,0,-0.742373,0,0,0,1,0,0,0,0,0,0,0,0,0,0,0,1.42855,2,0,0,1,0,0,0,0.560897,0,0,-0.735059,0,0,0,0,0,0,0,0,0,0,0,0,0,0,0,0,0,1,0,0,0,0,0,0,0,0,0,0,0,0,0,0,0,0,1,0,0,0,0,0,0,0,0,-0.716883,0,0,-0.592989,0,0,0,0,0,0,0,0,0,0,0,1
0,0,0,0,0,0,0,-0.66695,0,0,0,0,0,0,0,0,-0.570514,0,0,0,0,0,0,0,0,0,0,0,0,0,0,0,1.40081,1,0,0,0,0,0,0,0.72349,0,0,-0.717719,0,0,0,0,0,0,0,0,0,0,0,0,0,0,0,0,0,0,0,1,0,0,0,0,0,0,0,0,0,0,0,0,0,0,0,0,0,0,0,1,0,0,0,-0.641711,0,0,-0.427259,0,0,0,0,0,0,0,0,0,0,0,1
0,0,0,0,0,0,0,-0.556276,0,0,0,0,0,0,0,0,-0.594276,0,0,0,0,0,0,0,0,0,0,1,0,0,0,0,0.90006,3,0,0,0,0,0,0,2.227782,0,0,-0.625174,0,0,0,0,0,0,0,0,0,0,1,0,0,0,0,0,0,1,0,0,0,0,0,0,0,0,0,0,0,0,0,0,0,0,0,0,0,1,0,0,0,0,0,-0.551778,0,0,-0.757944,0,0,0,0,0,0,1,0,0,0,0,1
0,0,0,0,0,0,0,-0.590418,0,0,0,0,0,0,0,0,-0.585126,0,0,0,1,0,0,0,0,0,0,0,0,0,0,1,1.41318,6,0,0,0,0,0,1,0.693161,0,0,-0.904762,0,0,0,0,0,0,0,0,0,0,0,0,0,0,0,0,1,0,0,0,0,0,0,0,0,0,0,1,0,0,0,0,0,0,0,0,0,0,0,0,0,0,0,-0.69456,0,0,-0.613018,0,0,0,0,0,0,0,0,0,0,1,1
0,0,0,0,0,0,0,-0.620094,0,0,0,0,0,0,0,0,-0.642066,0,0,0,0,0,0,0,0,0,0,0,0,0,0,0,0.48043,0,0,0,0,0,0,0,0.664915,0,0,-0.401579,0,0,0,0,0,0,0,0,0,0,0,0,0,0,0,0,0,0,0,0,0,0,0,0,0,0,0,0,0,0,0,0,0,0,0,0,0,0,0,0,0,0,0,-0.687216,0,0,-0.742411,0,0,0,0,0,0,0,0,0,0,0,1
0,0,0,0,0,1,0,-0.668056,0,0,0,0,0,0,1,1,-0.708516,0,0,0,0,0,0,0,0,0,0,0,1,0,0,0,1.898,1,0,0,0,1,0,0,0.841342,0,0,9.313739,0,0,0,0,0,0,0,1,0,0,0,0,0,0,0,0,0,0,0,0,0,0,0,0,0,0,0,0,0,0,0,0,0,0,0,0,0,0,0,0,0,0,0,-0.744692,0,0,-0.643944,0,0,0,0,0,0,0,0,0,0,1,1
0,0,0,0,0,0,0,-0.585805,0,0,0,0,0,0,0,1,-0.670756,0,0,0,0,0,0,0,0,0,0,0,0,0,0,0,1.56318,2,0,0,0,0,0,0,0.534942,0,0,-0.774395,0,0,0,0,0,0,0,0,0,0,0,0,0,0,0,0,0,0,0,0,0,0,0,0,0,0,0,0,0,0,0,0,0,0,0,0,0,0,0,0,0,0,0,-0.619948,0,0,-0.738613,0,0,0,0,0,0,0,0,0,0,0,1
0,0,0,0,0,0,0,-0.468159,0,0,0,0,0,0,0,0,-0.664182,0,0,0,0,0,0,0,0,0,0,0,0,0,0,0,1.34516,1,0,0,0,0,0,0,0.815253,0,0,-0.404022,0,0,0,0,0,0,0,0,0,0,0,0,0,0,0,0,0,0,0,0,0,0,0,0,0,0,0,0,1,0,0,0,0,0,0,0,0,0,0,0,0,0,0,-0.814099,0,0,-0.620115,0,0,0,0,0,0,0,0,1,0,1,1
0,0,0,0,0,1,0,-0.487893,1,0,0,0,0,0,0,0,8.454759,0,0,0,0,0,0,0,0,0,0,0,0,0,0,0,1.89754,6,0,1,0,0,0,0,0.801166,0,0,-0.787082,0,0,0,0,0,0,0,0,0,0,0,0,0,0,0,0,0,0,0,0,1,0,0,0,0,0,0,1,0,0,0,0,1,0,0,1,0,0,0,0,0,0,0,-0.729648,0,0,-0.631768,0,0,0,0,0,0,0,0,0,0,1,1
0,0,0,0,0,0,0,-0.538943,0,0,0,0,0,0,0,0,-0.860316,0,0,0,0,0,0,0,0,0,0,0,0,0,0,0,1.13548,1,0,0,0,0,0,0,0.748648,0,0,-0.643197,0,0,0,0,0,0,0,0,0,0,0,0,0,0,0,0,0,0,0,0,0,0,0,0,0,0,0,0,0,0,0,0,0,0,0,0,0,0,0,0,0,0,0,-0.76411,0,1,-0.651016,0,0,0,0,0,1,0,0,0,0,0,1
0,0,0,0,0,0,0,-0.641353,0,0,0,0,0,0,0,0,-0.62547,0,0,0,0,0,0,0,0,0,0,0,0,0,0,0,0.70933,0,0,0,0,0,0,0,0.834439,0,0,-0.537807,0,0,0,0,0,0,0,0,0,0,0,0,0,0,0,0,0,0,0,0,0,1,0,0,0,0,0,0,0,0,0,0,0,0,0,0,0,0,0,0,0,0,0,-0.737646,0,0,0.001578,0,0,0,0,0,0,0,0,0,0,0,1
0,0,0,0,0,0,0,-0.7008,0,0,1,0,0,0,0,1,-0.550357,0,0,0,0,0,0,0,0,0,0,0,0,0,0,0,1.08016,2,0,0,0,0,0,0,1.038051,0,0,-0.67049,0,1,1,0,0,0,0,0,0,0,0,0,0,0,1,0,0,0,0,0,0,0,0,0,0,0,0,0,1,0,0,0,0,1,0,0,0,0,0,0,0,0,0,-0.722296,0,0,-0.375241,0,0,0,0,1,0,0,0,0,0,0,1
0,0,0,1,0,0,0,-0.767006,0,0,0,0,0,0,0,0,-0.6507,0,0,0,0,0,0,0,0,0,0,0,0,0,0,0,1.07043,2,0,0,0,0,0,0,1.211234,0,0,-0.710537,0,0,0,0,0,0,0,0,0,0,0,0,0,0,0,0,0,0,0,0,0,0,0,0,0,0,0,0,0,0,0,0,0,1,0,0,0,0,0,0,0,0,0,-0.603535,0,0,-0.685149,1,1,0,0,0,0,0,0,1,0,1,1
0,0,0,0,0,0,0,-0.741351,0,0,0,0,0,0,0,1,-0.782922,0,0,0,0,0,0,0,0,0,0,0,0,0,0,0,1.14735,0,0,0,0,0,0,0,2.2342,0,0,-0.839929,0,0,0,0,0,0,0,0,0,0,0,0,0,0,0,0,1,0,0,0,0,0,0,0,0,0,1,0,0,0,0,0,0,0,0,0,0,0,0,0,0,0,0,-0.599907,0,0,-0.627889,0,0,0,0,0,0,0,0,0,0,1,1
0,0,0,0,0,0,0,-0.415379,0,0,0,0,0,0,0,0,-0.675259,0,0,0,0,0,0,0,0,0,0,0,0,0,0,0,0.84029,1,0,0,0,0,0,0,0.927997,0,0,2.570879,0,0,0,0,0,0,0,0,0,0,0,0,0,0,0,0,0,0,0,0,0,0,0,0,0,0,0,0,1,0,0,0,0,0,0,0,0,0,0,0,0,1,0,-0.504921,0,0,-0.593033,0,0,0,0,0,0,0,0,0,0,0,1
0,0,0,0,0,0,1,-0.366945,0,0,0,0,0,0,0,0,-0.691253,0,0,0,0,0,0,0,0,0,0,0,0,0,0,0,1.46153,3,0,0,0,0,0,0,1.295071,0,0,-0.76287,0,0,0,0,0,0,0,0,0,0,0,0,0,0,0,0,0,0,0,0,0,0,0,0,0,0,0,0,0,0,0,0,0,0,0,0,0,0,0,0,0,0,0,-0.722989,0,0,-0.674075,0,0,0,0,0,0,0,0,0,0,1,1
0,0,0,0,0,0,0,-0.782332,0,0,0,0,0,0,0,1,-0.440178,0,0,0,0,0,0,1,0,0,0,0,0,0,0,0,1.18566,5,0,0,0,0,0,0,1.923667,0,0,-0.705233,0,0,0,0,0,0,0,0,0,0,0,0,0,0,0,0,0,0,0,0,0,0,0,0,0,0,1,0,0,0,0,0,0,0,0,0,0,0,0,0,0,0,0,-0.787339,0,0,-0.352452,0,0,0,0,0,0,0,0,0,0,1,1
0,0,0,0,0,0,0,-0.468312,0,0,0,0,0,0,0,0,-0.633192,0,0,0,0,0,0,0,0,0,0,0,0,0,0,0,1.19808,3,0,0,0,0,0,0,1.219703,0,0,-0.773781,0,0,0,0,0,0,0,0,0,0,0,0,0,0,0,0,0,0,0,0,0,0,0,0,0,0,0,0,0,0,0,0,0,0,0,0,0,0,0,0,0,0,0,-0.723934,0,0,-0.739164,0,0,0,0,0,0,0,0,0,0,1,1
0,0,0,0,0,0,0,-0.756959,0,0,0,0,0,0,0,0,-0.67563,0,0,0,0,0,0,0,0,0,0,0,0,0,0,0,1.20727,0,0,0,0,0,0,0,0.325783,0,0,-0.718807,0,0,0,0,0,0,0,0,1,0,0,0,0,0,0,0,0,0,0,0,0,0,0,0,0,0,1,0,0,0,0,0,0,0,0,1,0,0,0,0,0,0,0,-0.571001,0,0,-0.655895,0,0,0,0,0,0,0,0,0,0,0,1
0,0,0,0,1,0,0,-0.742371,0,0,0,0,0,0,0,0,-0.668994,0,0,0,0,0,0,0,0,0,0,0,0,0,0,0,1.53432,1,0,0,0,0,0,0,0.560639,0,0,-0.821919,0,0,0,0,0,0,0,0,0,0,0,0,0,0,0,0,0,0,0,0,0,0,0,0,0,0,0,0,0,0,0,0,0,0,0,0,0,0,0,0,0,0,0,-0.719665,0,0,-0.741618,0,0,0,0,0,0,0,1,1,0,0,1
0,0,0,0,0,0,0,-0.739239,0,0,0,0,0,0,0,0,-0.824138,0,0,0,1,0,0,0,0,0,0,0,0,0,0,0,0.91581,0,0,0,0,0,0,0,0.562336,0,0,-0.663184,0,0,0,0,0,0,0,0,0,0,0,0,0,0,0,0,0,0,0,0,0,0,0,0,0,0,0,0,0,0,0,0,0,0,0,0,0,0,0,0,0,0,0,-0.727813,0,0,-0.698575,0,0,0,0,0,0,0,0,0,0,0,1
0,0,0,0,0,0,0,-0.684306,0,0,0,1,0,0,0,0,-0.645727,0,0,0,0,0,0,0,0,0,0,0,0,0,0,0,1.27357,0,0,0,0,0,0,0,0.978248,0,0,-0.703565,0,0,0,0,0,0,0,0,0,0,0,1,0,0,0,0,0,0,0,0,0,0,0,0,0,0,0,0,0,0,0,0,0,0,0,0,0,0,0,0,0,0,0,-0.68207,0,0,-0.651551,0,0,0,0,0,0,0,0,0,0,1,1
0,0,0,0,0,0,0,-0.632405,0,0,0,0,0,0,0,0,-0.825787,0,0,0,0,0,0,0,0,0,0,0,0,0,0,0,1.1572,0,0,0,1,0,0,0,0.198321,0,0,-0.699552,0,0,0,0,0,0,0,0,0,0,0,0,0,0,0,0,0,0,0,0,0,1,0,0,0,0,1,0,0,0,0,0,0,0,0,0,0,0,0,0,0,0,0,-0.701335,0,0,-0.576192,0,0,0,0,0,0,0,0,0,0,0,1
0,0,0,0,1,0,0,-0.599684,0,0,0,0,1,0,0,0,-0.607145,0,0,0,0,0,0,0,0,0,0,0,0,0,0,0,1.35275,0,0,0,0,0,0,0,0.48252,0,0,-0.757831,0,0,0,0,0,0,0,0,0,0,0,0,0,0,0,0,0,0,0,1,0,0,0,0,0,0,0,0,0,0,0,0,0,0,0,0,0,0,0,0,0,0,0,-0.664975,0,0,-0.664616,0,0,0,0,0,1,0,0,0,0,0,1
0,0,0,0,0,0,0,-0.648483,0,0,0,0,0,0,0,0,-0.750743,0,0,1,0,0,0,0,0,0,0,0,0,0,0,0,1.29179,0,0,0,0,0,0,0,0.657293,0,0,-0.704906,0,0,0,0,0,0,0,0,0,0,0,0,0,0,0,0,0,0,0,0,0,0,0,0,0,0,1,0,0,0,0,0,0,0,0,0,0,0,0,0,0,0,0,-0.694621,0,0,-0.772018,0,0,0,0,0,0,0,0,0,0,1,1
0,0,0,0,0,0,0,8.346521,0,0,0,0,0,0,0,0,-0.650775,0,0,0,0,0,0,0,0,0,0,0,0,0,0,0,1.00161,0,0,0,0,0,0,0,0.251898,0,0,-0.660789,0,0,0,0,0,0,0,0,0,0,0,0,0,0,0,0,0,1,0,0,0,0,0,0,0,0,0,0,0,0,0,0,0,0,0,0,0,0,0,0,0,0,0,-0.673314,0,0,-0.56814,0,0,0,0,0,0,0,0,0,0,0,1
0,0,0,0,0,0,0,-0.604925,0,0,0,0,0,0,0,0,-0.701153,0,0,0,0,0,0,0,0,0,0,0,0,0,0,0,2.21763,1,0,0,0,1,0,0,1.892433,0,0,-0.85832,0,0,0,0,0,0,0,0,0,0,0,0,0,0,0,0,0,0,0,1,0,0,0,0,0,0,1,0,0,0,0,0,1,0,0,0,0,0,0,0,0,0,0,-0.723552,0,0,-0.7167,0,0,0,0,0,1,0,0,0,1,0,1
0,0,0,0,0,0,0,-0.554696,0,0,0,0,0,0,0,0,-0.39457,0,0,0,0,0,0,0,0,0,0,0,0,0,0,0,1.61222,4,0,0,0,0,0,0,1.603919,0,0,-0.795508,0,0,0,0,0,0,0,0,0,0,1,0,0,0,0,0,0,0,0,0,0,0,0,0,0,0,0,0,0,0,0,0,0,0,0,0,0,0,0,0,0,0,0,-0.452873,0,0,-0.775794,0,0,0,0,0,0,0,0,0,0,1,1
0,0,0,0,0,0,0,-0.661438,1,0,0,0,0,0,0,0,-0.669707,0,0,0,0,0,0,0,0,0,0,0,0,0,0,0,2.26347,3,0,0,0,0,0,0,0.564515,0,0,-0.841407,0,0,0,0,0,0,0,0,0,0,0,0,0,0,0,0,0,0,0,0,0,0,0,0,0,0,0,0,0,0,0,0,0,0,0,0,0,0,0,0,0,0,0,-0.672126,0,0,-0.819351,0,0,0,0,0,0,0,0,0,0,0,1
0,0,0,1,0,0,0,-0.525016,0,0,0,0,0,0,0,0,-0.52099,0,0,0,1,0,0,0,0,0,0,0,0,0,0,0,1.05061,0,0,0,0,0,0,0,0.536823,0,0,-0.640411,0,0,0,0,0,0,0,0,0,0,0,0,0,0,0,0,0,0,0,0,0,0,0,0,0,1,0,0,0,0,0,0,0,0,0,0,0,0,0,0,0,0,0,-0.487712,0,0,-0.727807,0,0,0,0,0,0,0,0,0,0,1,1
0,0,0,0,0,0,0,-0.674213,0,0,0,0,0,0,0,0,-0.546984,0,0,0,0,0,0,0,0,0,0,0,0,0,0,0,0.81657,2,0,0,0,0,0,0,1.588763,0,0,-0.588254,0,0,0,0,0,0,0,0,0,0,0,0,1,0,0,0,0,0,0,0,0,1,0,0,0,0,0,0,0,0,0,0,0,0,0,0,0,0,0,0,0,0,0,-0.7062,0,0,-0.501008,0,0,0,0,0,0,0,0,0,0,0,1
0,0,0,0,0,0,0,-0.754955,0,0,0,0,0,0,0,1,-0.679974,0,0,0,0,0,0,0,1,1,0,0,0,0,0,0,0.8774,1,0,0,0,1,0,0,0.843653,0,0,-0.643817,0,0,0,0,0,0,0,0,0,0,0,0,0,0,0,0,0,0,0,0,1,0,0,0,0,0,0,0,0,0,0,0,0,0,0,0,0,0,0,0,0,1,0,-0.63371,0,0,-0.650529,0,0,0,0,0,0,0,0,0,0,0,1
0,0,0,0,0,0,0,-0.514048,0,0,0,0,0,0,0,0,-0.453449,0,0,0,0,0,0,0,0,0,0,0,0,0,0,0,1.05439,0,0,0,0,0,0,0,0.418686,0,0,1.283596,0,0,0,0,0,0,0,0,0,0,0,0,0,0,0,0,0,0,0,0,0,0,0,0,0,0,0,0,0,0,0,0,0,0,0,0,0,0,0,0,0,0,0,-0.71799,0,0,-0.563763,0,0,0,0,0,0,0,0,0,0,0,1
0,0,0,0,0,0,0,2.868778,0,0,0,0,0,0,0,0,-0.71298,0,0,0,0,0,0,0,0,0,0,0,0,0,0,0,0.42927,1,0,0,0,0,0,0,0.909871,0,0,-0.401337,0,0,0,0,0,0,0,0,0,0,0,0,0,0,0,0,0,0,0,0,0,0,0,0,0,0,0,0,0,0,0,0,0,0,0,0,0,0,0,1,0,0,0,-0.425952,0,0,-0.459298,0,0,0,0,0,0,0,0,0,0,1,1
0,0,0,0,0,0,1,-0.749691,0,0,0,0,0,0,0,0,-0.848666,0,0,0,0,0,0,0,0,0,0,0,0,0,0,0,1.5433,0,0,0,0,0,0,0,0.731779,0,0,-0.788598,0,1,0,0,0,0,0,0,0,0,0,0,0,0,0,0,0,0,0,0,1,0,0,0,0,0,1,0,0,0,0,0,0,0,0,0,0,0,0,0,0,0,0,-0.88738,0,0,-0.556748,0,0,0,0,0,0,0,0,0,0,1,1
0,0,0,0,1,0,0,-0.681647,0,0,0,0,0,0,0,0,-0.665609,0,0,0,0,0,0,0,0,0,0,0,0,0,0,0,0.89096,0,0,0,0,0,0,0,0.68757,0,0,-0.61328,0,0,0,0,0,0,0,0,0,0,0,0,0,0,0,0,0,0,0,0,1,0,1,0,0,1,0,0,0,0,0,0,0,0,0,0,0,0,0,0,0,0,0,-0.709484,0,0,-0.63076,0,0,0,0,0,0,0,0,0,0,0,1
0,0,0,0,0,0,0,-0.742338,0,0,0,0,0,0,0,0,-0.709664,0,0,0,0,0,0,0,0,0,0,0,0,0,0,0,1.49628,2,0,0,0,0,0,0,1.518067,0,0,-0.69447,0,0,0,0,0,0,0,0,0,0,0,0,0,0,0,0,0,0,0,0,0,0,0,0,0,0,0,0,0,0,0,0,0,0,0,0,0,0,0,0,0,0,0,-0.666955,0,0,-0.637068,0,0,0,0,0,0,0,0,0,0,1,1
0,0,0,0,0,0,0,-0.7352,0,0,0,0,0,0,0,0,-0.605994,0,0,1,0,0,0,0,0,0,0,0,0,0,0,0,0.82395,1,0,0,0,0,0,0,0.814826,0,0,-0.604332,0,0,0,0,0,0,0,0,0,0,0,0,0,0,0,0,0,0,0,0,0,0,0,0,0,0,0,0,0,0,0,0,0,0,0,0,0,0,0,0,0,0,0,-0.754902,0,1,-0.679761,0,0,0,0,0,0,0,0,0,0,0,1
0,0,0,0,0,0,0,-0.600389,0,0,0,0,0,0,0,1,-0.750566,0,0,0,0,0,0,0,0,0,0,0,0,0,0,0,1.21736,0,0,0,0,0,0,0,0.456903,0,0,-0.709914,0,0,0,0,0,0,0,0,0,0,0,0,0,0,0,0,0,0,0,0,0,0,0,0,0,0,0,0,0,0,0,0,0,0,0,0,0,0,0,1,0,0,0,-0.602076,0,0,-0.721611,0,0,0,0,0,0,0,0,0,0,1,1
0,0,0,1,0,0,0,-0.661873,0,0,0,0,0,0,0,0,-0.556226,0,0,0,0,0,0,0,0,1,0,0,0,0,0,0,1.37638,2,0,0,0,0,0,0,1.018731,0,0,-0.736573,0,0,0,0,0,0,1,0,0,0,0,0,0,0,0,0,0,0,0,0,0,0,0,0,0,0,0,0,0,0,0,0,0,0,0,0,0,0,0,0,0,0,0,-0.693226,0,0,-0.685437,0,0,0,0,0,0,0,0,0,0,1,1
0,0,0,0,0,0,0,-0.6354,0,0,0,0,0,0,0,0,-0.531921,0,0,0,0,0,0,0,0,0,0,0,0,0,0,0,0.90581,0,0,0,0,0,0,0,0.212121,0,0,-0.668123,0,0,0,0,0,0,0,0,0,0,0,1,0,0,0,0,0,0,0,0,0,0,0,0,0,0,0,0,1,0,0,0,0,0,0,0,0,0,0,0,0,0,0,-0.594361,0,0,-0.667058,0,0,0,0,0,0,0,0,1,0,0,1
0,0,0,0,0,0,0,-0.650426,0,0,0,0,0,0,0,0,-0.604676,0,0,0,0,0,0,0,0,0,0,0,0,0,0,0,0.84123,0,0,0,0,0,0,0,1.441888,0,0,-0.587007,0,0,0,0,0,0,0,0,0,0,1,0,0,0,0,0,0,0,0,0,0,0,0,0,0,0,0,0,0,0,0,0,0,0,0,0,0,0,0,0,0,0,0,-0.69037,0,0,-0.606929,0,0,0,0,0,0,0,0,0,0,0,1
0,0,0,1,0,0,0,-0.605933,0,0,0,0,0,0,0,0,-0.740622,0,0,0,0,0,0,0,0,0,0,0,0,0,0,0,1.00969,0,0,0,0,0,0,0,0.267493,0,0,-0.636572,0,0,0,0,0,0,1,0,0,0,0,0,0,1,1,0,0,0,0,0,0,0,0,1,0,0,1,0,0,0,0,0,0,0,0,0,0,0,0,0,0,0,0,-0.716566,0,0,-0.697027,0,0,0,0,0,0,0,0,0,1,0,1
0,0,0,0,0,0,0,-0.800037,0,0,0,0,0,0,0,0,-0.461772,0,0,0,0,0,0,0,0,0,0,0,0,0,0,0,0.93035,2,0,0,0,0,0,0,1.224048,0,0,-0.744735,1,0,0,0,0,0,0,0,0,0,1,0,0,0,0,0,0,0,0,0,0,0,1,0,0,0,0,0,0,0,0,0,0,1,0,0,0,0,0,0,0,0,0,-0.53617,0,0,-0.702043,0,0,0,0,0,0,0,0,0,0,1,1
0,0,0,0,1,0,0,-0.67551,0,0,0,0,0,0,0,0,-0.654116,0,0,0,0,0,0,0,0,0,0,0,0,0,1,0,2.00533,2,0,1,0,0,0,0,1.290994,0,0,-0.821964,0,0,0,0,0,0,0,0,0,0,0,0,0,0,0,0,0,0,0,0,0,0,0,0,0,0,0,0,0,0,0,0,0,0,0,0,0,0,0,0,0,0,0,-0.54293,0,0,-0.721563,0,0,0,0,0,0,0,0,1,0,0,1
0,0,0,0,0,0,0,-0.740421,0,0,0,0,0,0,0,0,-0.694709,0,0,0,0,0,0,0,0,0,0,0,0,0,0,0,1.21443,0,0,0,0,0,0,0,0.399719,0,0,-0.726813,0,0,0,0,0,0,0,0,0,0,0,0,0,0,0,0,0,0,0,0,0,0,0,0,0,0,0,0,0,0,0,0,0,0,0,0,0,0,0,0,1,0,0,-0.794835,0,0,-0.658461,0,0,0,0,0,0,0,0,0,0,0,1
0,0,0,0,0,0,0,-0.629391,1,1,0,0,0,0,0,0,-0.673607,0,0,0,0,0,0,0,0,0,0,0,0,0,0,0,1.57566,2,0,0,0,0,0,0,0.643802,0,0,-0.811223,0,0,0,0,0,0,0,0,0,0,0,0,0,0,0,0,1,0,0,0,0,0,0,0,0,0,0,0,0,0,0,0,0,0,0,0,0,0,0,0,0,0,0,-0.691745,0,0,-0.718648,0,0,0,0,0,0,0,0,0,0,1,1
0,0,0,0,0,0,0,-0.549403,0,0,0,0,0,0,0,0,-0.68566,0,0,0,1,0,0,0,0,0,0,0,0,0,0,0,1.14836,0,0,0,1,0,0,0,1.740975,0,0,0.21757,0,0,0,0,0,0,0,0,0,0,1,0,0,0,0,0,0,0,0,0,0,0,0,0,0,0,0,0,0,0,0,0,0,0,0,0,0,0,0,0,0,0,0,-0.684198,0,0,7.733384,0,0,0,0,0,0,0,0,0,0,0,1
0,0,0,1,0,0,0,-0.734958,0,0,0,0,0,0,0,0,-0.667094,0,0,0,0,1,0,0,0,0,0,0,0,0,0,0,1.34319,3,0,0,1,0,0,0,0.611026,0,0,-0.773585,0,0,0,0,0,0,0,0,0,0,0,0,0,0,0,0,0,0,0,0,0,0,0,0,0,0,0,0,0,0,0,0,0,0,0,0,0,0,0,0,0,0,0,-0.738152,0,0,-0.541396,0,0,0,0,0,0,0,0,0,0,1,1
0,0,0,0,0,0,0,-0.670242,0,0,0,0,0,0,0,0,-0.770616,0,0,0,0,0,0,0,0,0,0,0,0,0,0,0,0.94983,2,0,0,0,1,0,0,1.981336,0,0,-0.65181,0,0,0,0,0,0,0,0,0,0,0,0,0,0,0,0,0,0,0,0,0,0,1,0,0,0,0,0,0,0,0,0,0,0,0,0,0,0,0,0,0,0,0,-0.295072,0,0,-0.633865,0,0,0,0,0,0,0,0,0,0,1,1
0,0,0,0,0,0,0,-0.53339,0,0,0,0,0,0,0,0,-0.713304,0,0,0,0,0,0,0,0,0,0,0,0,0,0,0,0.9113,0,0,0,0,0,1,0,0.266616,0,0,-0.597115,0,0,0,0,0,0,0,0,0,0,0,0,0,0,0,0,0,0,0,1,0,0,0,0,0,0,1,0,0,0,0,0,0,0,0,0,0,1,0,0,0,0,0,-0.557094,0,0,-0.486316,0,0,0,0,0,0,0,0,0,0,0,1
0,0,0,1,0,0,0,-0.693501,0,0,0,0,0,0,0,0,-0.722946,0,0,0,0,0,0,0,0,0,0,0,0,0,0,0,1.03811,2,0,0,0,0,0,0,1.212747,0,0,-0.672123,0,0,0,0,0,0,0,0,0,0,0,0,0,0,0,0,0,0,0,0,0,0,0,0,0,0,0,0,0,0,0,0,0,0,0,0,0,0,0,0,0,0,0,-0.649587,0,0,-0.611811,0,0,0,0,0,0,0,0,0,0,1,1
0,0,0,0,0,0,0,-0.805076,0,0,0,0,0,0,0,0,-0.632238,0,0,0,0,0,0,0,0,0,0,0,0,0,0,0,1.28961,5,0,0,0,0,0,0,0.762114,0,0,-0.729373,0,0,0,0,0,0,0,0,0,0,0,0,0,0,0,0,0,0,0,0,0,0,0,0,0,0,0,0,0,0,0,0,0,0,0,0,0,0,0,0,0,1,0,-0.585018,0,0,-0.624871,0,0,0,0,0,0,0,0,0,0,1,1
0,0,0,0,0,0,0,-0.601157,0,0,0,0,0,0,0,0,-0.826199,0,0,0,0,0,0,0,0,0,0,0,0,0,0,0,1.04004,2,0,0,1,0,0,0,1.170112,1,0,-0.672414,0,0,0,0,1,0,0,0,0,0,0,0,0,0,0,0,0,0,0,0,0,1,0,0,0,0,0,0,0,0,0,0,1,0,0,0,0,0,0,0,0,0,0,-0.684166,0,0,-0.704408,0,0,0,0,0,0,0,0,0,0,1,1
0,0,0,0,0,0,0,-0.677862,0,0,0,0,0,0,0,0,-0.721464,0,0,0,0,0,0,0,0,0,0,0,0,0,1,0,0.72198,0,0,0,0,0,0,0,1.680433,0,0,-0.477481,0,0,0,0,0,0,0,0,0,0,0,1,0,1,0,0,0,0,0,1,0,0,0,0,0,0,0,0,0,0,0,0,0,0,0,0,0,0,0,0,0,0,0,-0.760798,0,0,-0.687404,0,0,0,0,0,0,0,0,0,0,0,1
0,0,0,0,0,0,0,-0.66075,0,0,0,0,0,0,0,0,-0.623492,0,0,0,0,0,0,0,0,0,0,0,0,0,0,0,0.63316,3,0,0,0,1,0,0,1.038588,0,0,-0.514633,0,0,0,0,0,0,0,0,0,0,0,1,0,0,0,0,0,0,0,0,0,0,0,0,0,0,0,0,0,0,0,0,0,0,0,0,0,0,0,0,0,0,0,-0.593505,0,0,-0.709803,0,0,0,0,0,0,0,0,0,0,1,1
0,0,0,0,0,0,1,-0.633691,0,0,0,0,0,0,0,0,-0.762931,0,0,0,0,0,0,0,0,0,0,0,0,0,0,0,1.6471,4,0,0,0,0,1,0,1.45989,0,0,-0.795832,0,0,0,0,0,0,0,0,0,0,0,0,0,0,0,0,0,0,0,0,0,0,0,0,0,0,0,0,1,0,0,0,0,0,0,0,0,0,0,0,0,0,0,-0.39116,0,0,-0.516162,0,0,0,0,0,0,1,0,0,0,0,1
0,0,0,0,0,0,0,-0.681219,0,0,0,0,0,0,0,0,-0.737255,0,0,0,1,0,0,0,0,0,0,0,0,0,0,0,1.09865,2,0,0,0,0,0,0,1.612945,0,0,-0.498408,0,0,0,0,0,0,0,0,0,0,0,0,0,0,0,0,0,0,0,0,0,0,0,0,0,0,1,0,0,0,0,0,0,0,0,0,0,0,0,0,0,0,0,-0.789221,0,0,-0.667179,0,0,0,0,0,0,0,0,0,0,0,1
0,0,0,0,0,0,0,-0.787503,0,0,0,0,0,0,0,0,-0.65938,0,0,0,0,0,0,0,0,0,0,0,0,0,0,0,1.18812,0,0,0,0,0,0,0,0.291768,0,0,-0.707357,0,0,0,0,0,0,0,0,0,0,0,0,0,0,0,0,0,0,0,0,0,0,0,0,0,1,0,0,0,0,0,0,0,0,0,1,0,0,0,1,0,0,0,-0.634953,0,0,-0.607928,0,1,0,0,0,0,0,0,0,0,0,1
0,0,0,0,0,0,1,-0.593584,0,0,0,0,0,0,0,0,-0.649105,0,0,0,0,0,0,0,0,0,0,0,0,0,0,0,1.62179,2,0,0,0,0,0,0,1.084039,0,0,-0.781741,0,0,0,0,0,0,0,0,0,0,0,0,0,0,0,0,0,0,0,0,0,0,0,0,0,0,0,0,1,0,0,0,0,0,0,0,0,0,0,0,0,0,0,-0.688247,0,0,-0.751507,0,0,0,0,0,0,0,0,0,0,1,1
0,0,0,0,0,0,0,-0.586528,0,0,0,1,0,0,0,0,-0.303905,0,0,0,0,0,0,0,0,0,0,0,0,0,0,0,0.75519,2,0,0,1,0,0,0,1.459554,0,0,-0.656456,0,0,0,0,0,0,0,1,0,0,0,0,0,0,0,0,1,0,0,1,0,0,0,0,0,0,0,0,0,0,0,0,0,0,0,0,0,0,0,0,0,0,0,-0.805321,0,0,-0.660233,0,0,0,0,0,0,0,0,0,0,1,1
0,0,0,0,0,0,0,-0.585119,0,0,1,0,0,0,0,0,-0.676043,0,0,0,0,0,0,0,0,0,0,0,0,0,0,0,1.56945,2,0,0,0,0,0,0,0.9524,0,0,-0.777422,0,0,0,0,0,0,0,0,0,0,0,0,0,1,0,0,0,0,0,1,0,0,0,0,0,0,0,0,0,0,0,0,0,0,0,0,0,0,0,1,0,0,0,-0.853352,0,0,-0.821446,0,0,0,0,0,0,0,1,0,0,1,1
0,0,0,0,0,0,0,-0.509428,0,0,0,0,0,0,0,0,-0.520947,0,0,0,0,0,0,0,0,0,0,0,0,0,1,0,0.93995,1,0,0,0,0,0,0,0.257568,0,0,-0.629468,0,0,0,0,0,0,0,0,0,0,0,0,0,0,0,0,0,0,0,0,1,0,0,0,0,0,0,0,0,0,0,0,0,0,0,0,0,0,0,0,0,0,0,-0.741608,0,0,-0.713135,0,0,0,0,0,0,0,0,0,0,0,1
0,0,0,1,0,0,0,-0.519463,0,0,0,0,0,0,0,0,-0.549319,0,0,0,0,0,0,0,0,0,0,0,0,0,0,0,1.04458,2,0,0,0,0,0,0,0.763001,0,0,-0.562053,1,0,0,0,1,0,0,0,1,0,0,0,0,0,0,0,0,0,0,0,0,0,0,0,0,0,0,0,1,0,0,0,0,1,0,0,0,0,0,0,0,1,0,-0.762555,0,0,8.9,0,0,0,0,0,0,0,0,0,0,0,1
0,0,0,0,0,0,0,-0.67598,0,0,0,0,0,0,0,0,-0.643889,0,0,0,0,0,0,0,0,0,0,0,0,0,0,0,1.12381,0,0,0,0,0,0,0,0.360717,0,0,-0.691908,0,0,0,0,0,0,0,0,0,0,0,0,0,0,0,0,0,0,0,0,0,0,0,0,0,0,1,0,0,0,0,0,0,0,0,0,0,0,0,0,0,0,0,-0.778167,0,0,-0.618626,0,0,0,0,0,0,0,0,0,1,0,1
0,0,0,0,0,0,0,-0.633864,0,0,0,0,0,0,0,0,-0.729909,0,0,0,1,0,0,0,0,0,0,0,0,0,0,0,1.14289,0,0,0,0,0,0,0,0.463955,0,0,-0.691068,0,0,0,0,0,0,0,0,0,0,0,0,0,0,0,0,0,0,0,0,0,0,0,0,0,0,0,0,1,0,0,0,0,0,0,0,0,0,0,0,0,0,0,-0.511068,0,0,-0.688295,0,0,0,0,0,0,0,0,0,0,0,1
0,1,0,0,0,1,0,-0.553394,0,0,0,0,0,0,0,0,-0.056286,0,0,0,0,0,0,0,0,0,0,0,0,0,0,0,1.64211,6,1,0,0,0,0,0,1.09858,0,0,-0.793333,1,0,0,0,0,0,0,0,0,1,0,0,0,0,0,0,0,0,0,0,0,0,0,0,0,0,0,0,0,0,0,0,0,1,0,0,0,0,0,0,0,0,0,-0.696971,0,0,-0.644805,0,0,0,0,0,0,0,0,0,0,1,1
0,0,0,0,0,0,0,-0.512096,1,0,0,0,0,0,0,0,-0.833,1,0,0,0,0,0,0,0,0,0,0,0,0,0,0,1.22111,1,0,0,0,0,0,0,1.495796,0,0,-0.72332,0,0,0,0,0,0,0,0,0,0,0,0,0,0,0,0,0,0,0,0,0,0,0,0,0,0,0,0,0,0,0,0,0,1,0,0,0,1,0,0,0,0,0,-0.370173,0,0,-0.569857,0,0,0,0,0,0,0,0,0,0,1,1
0,0,0,0,0,0,0,-0.48916,0,0,0,0,0,0,0,1,-0.655698,0,0,0,0,0,0,0,0,0,0,0,0,0,0,0,0.5083,0,0,0,0,1,0,0,1.797888,0,0,-0.306241,0,0,0,0,0,0,0,0,0,0,0,0,0,0,0,0,0,0,0,0,0,0,0,0,0,0,0,0,0,0,0,0,0,0,0,0,0,0,0,0,0,0,0,-0.670375,0,0,-0.723751,0,0,0,0,0,0,0,0,0,0,0,1
0,0,0,0,0,0,0,-0.65051,0,0,0,0,0,0,0,0,-0.683698,0,0,0,1,0,0,0,0,0,0,0,0,0,0,0,0.79917,1,0,0,0,0,0,0,1.373189,0,0,-0.561232,0,0,0,0,0,0,0,0,0,0,0,0,0,0,0,0,0,0,0,0,0,0,0,0,0,0,1,0,0,0,0,0,0,0,0,0,0,0,0,0,0,0,0,-0.726929,0,0,-0.653354,0,0,0,0,0,0,0,0,0,1,0,1
0,0,0,0,0,0,0,-0.24126,0,0,0,0,0,0,0,0,-0.702038,0,0,0,0,0,0,0,0,0,0,0,0,0,0,0,0.94351,2,0,0,0,0,0,0,0.794028,0,0,-0.649288,0,0,0,0,0,0,1,0,0,0,0,0,0,0,0,0,0,0,0,0,1,0,0,0,0,0,0,0,0,0,0,0,0,0,0,0,0,0,0,0,0,0,0,-0.795976,0,0,-0.508702,0,0,0,0,0,0,0,0,0,0,0,1
0,0,0,0,0,0,0,-0.793018,0,0,0,0,0,0,0,0,-0.680528,0,1,0,0,0,0,0,0,0,0,0,0,0,0,0,0.67384,1,0,0,0,0,0,0,0.68985,0,0,-0.50009,0,0,0,0,0,0,0,0,0,0,0,0,0,0,0,0,0,0,0,0,0,0,0,0,0,0,0,0,0,0,0,0,0,0,0,0,0,0,0,0,0,0,0,-0.708806,0,0,-0.703814,0,0,0,0,0,0,0,0,0,0,0,1
0,0,0,0,0,0,0,-0.673231,0,0,0,0,0,0,0,0,3.268979,0,0,0,0,0,0,0,0,0,0,0,0,0,0,0,0.7813,0,0,0,0,0,0,0,0.241379,0,0,-0.589425,0,0,0,0,0,0,0,0,1,0,0,0,0,0,0,0,0,0,0,0,0,0,0,0,0,0,0,0,0,0,0,0,0,0,0,0,0,0,0,0,0,0,0,-0.555504,0,0,-0.780621,0,0,0,0,0,0,0,0,0,0,0,1
0,0,0,0,0,0,0,-0.553925,0,0,0,0,0,0,0,0,-0.630835,0,0,0,0,0,0,0,0,0,0,0,0,0,0,0,0.55423,1,0,0,0,0,0,0,0.689029,0,0,-0.327042,0,0,0,0,0,0,0,0,0,0,0,0,0,0,0,0,1,0,0,0,0,0,1,0,0,0,0,0,0,0,0,0,0,0,0,0,0,1,0,0,0,0,0,-0.643074,0,0,-0.634539,0,0,0,0,0,0,0,0,0,1,0,1
0,0,0,0,0,0,0,-0.738598,0,0,0,0,0,0,0,0,-0.766508,0,0,0,0,1,0,0,0,0,0,0,0,0,1,0,1.02441,6,0,0,0,0,0,0,2.162427,0,0,-0.663199,0,0,0,0,0,0,0,0,0,0,0,0,0,0,0,0,0,0,0,0,0,0,1,0,0,1,0,0,0,0,0,0,0,0,0,0,0,0,0,0,0,0,0,-0.806452,0,0,-0.248888,0,0,0,0,0,0,0,1,0,0,1,1
0,0,0,1,0,0,0,-0.681703,0,0,0,0,0,0,0,0,-0.656031,0,0,0,0,0,0,0,0,0,0,0,0,0,0,0,1.71052,2,0,0,0,0,0,0,1.330774,0,0,-0.786084,0,0,0,0,0,0,0,0,0,0,0,0,0,1,0,0,0,0,0,0,0,0,0,0,0,1,0,0,0,0,0,0,0,0,0,0,0,0,0,0,0,0,0,-0.698173,0,0,-0.692558,0,0,0,0,0,0,0,0,0,0,1,1
0,0,0,0,0,0,0,-0.552465,0,0,0,0,0,0,0,0,-0.653981,0,0,0,0,1,0,0,0,0,0,0,0,0,0,0,1.83836,2,0,0,0,0,0,0,0.653125,0,0,-0.818941,0,0,0,0,0,0,0,0,0,0,0,0,0,0,0,0,0,0,0,0,0,0,0,0,0,0,0,0,0,0,0,0,0,0,0,0,0,0,0,1,0,0,0,-0.620798,0,0,-0.67882,0,0,0,0,0,0,0,0,0,1,1,1
0,0,0,0,0,0,0,-0.490569,0,0,0,0,0,0,0,1,-0.701612,0,0,0,0,0,0,0,0,0,0,0,0,0,0,0,1.13366,10,0,0,0,0,0,0,0.854812,0,0,-0.763956,0,0,0,0,0,0,1,0,0,0,1,0,0,0,0,0,0,0,0,0,1,0,0,0,0,0,0,0,0,0,0,0,0,0,0,0,0,0,0,1,0,0,0,-0.674728,0,0,-0.496967,0,0,0,0,0,0,0,0,1,0,1,1
0,0,0,0,1,0,0,-0.609793,0,0,0,0,0,0,0,0,-0.741433,0,0,0,0,0,0,0,0,0,0,0,0,0,0,0,1.63416,2,0,0,0,1,0,0,0.859137,0,0,-0.789773,0,0,0,0,0,0,0,0,0,0,1,0,0,0,0,0,0,0,0,0,0,0,0,0,0,0,0,0,0,0,0,0,0,0,0,0,0,0,0,0,0,0,0,-0.57659,0,0,-0.678995,0,0,0,0,0,0,0,0,0,0,1,1
0,0,0,0,0,0,0,-0.540064,0,0,0,0,0,0,0,0,-0.692618,0,0,0,0,0,0,0,0,0,0,0,0,0,0,0,0.97756,1,0,0,0,0,0,0,0.767262,0,0,-0.665699,0,0,0,0,0,0,0,0,0,0,0,0,0,0,0,0,0,0,0,0,0,0,0,0,0,0,0,0,0,0,0,0,0,0,0,0,0,0,0,0,0,0,0,-0.816344,0,0,-0.747361,0,0,0,0,0,0,0,0,0,0,1,1
0,0,0,1,0,0,0,-0.226961,0,0,0,0,0,0,0,0,-0.810065,0,0,0,0,0,0,0,0,0,0,0,0,0,0,0,0.94372,0,0,0,0,0,0,0,1.542269,0,0,-0.673931,0,0,0,0,0,0,0,0,0,0,0,0,0,0,0,0,0,0,0,0,0,0,0,0,0,0,0,0,0,0,0,0,0,0,0,0,0,1,0,0,0,0,0,-0.608048,0,0,-0.453712,0,0,0,0,0,0,0,0,0,0,1,1
0,0,0,0,0,0,0,-0.727738,0,0,0,0,0,0,0,0,-0.690482,0,0,0,0,0,0,0,0,0,0,0,0,0,0,0,1.03022,3,0,0,0,0,0,0,2.143038,0,0,-0.666227,0,0,0,0,0,0,0,0,0,0,0,0,0,0,0,0,0,0,0,0,0,1,0,0,0,1,0,0,0,0,0,0,0,0,0,0,0,0,0,0,0,0,0,-0.601052,0,0,-0.76064,0,0,0,0,1,0,0,0,0,0,1,1
0,0,0,0,0,0,0,-0.704652,0,0,0,0,0,0,0,0,-0.624238,1,0,1,0,0,0,0,0,0,0,0,0,0,0,0,1.56189,1,0,0,0,0,0,0,0.814657,0,0,-0.455274,0,0,0,0,1,0,0,0,0,0,0,0,0,0,0,0,0,1,0,0,0,0,0,0,0,0,0,0,1,0,0,0,0,0,0,0,0,0,0,0,0,1,0,-0.606234,0,0,-0.499002,0,0,0,0,0,0,0,0,0,0,1,1
0,0,0,0,0,0,0,-0.671353,0,0,0,0,0,0,0,0,-0.73998,0,0,0,0,0,0,0,0,0,1,0,0,0,0,0,0.76547,0,0,0,1,0,0,0,1.208278,0,0,-0.555683,0,0,0,0,0,0,0,0,0,0,0,0,0,1,0,0,0,0,0,1,0,0,0,0,0,0,0,0,1,0,0,0,0,0,0,0,0,0,0,0,0,0,0,-0.663207,0,0,-0.552814,0,0,0,0,0,0,0,0,0,0,0,1
0,0,0,0,0,0,0,-0.743027,0,0,0,0,0,0,0,0,-0.514659,0,0,0,0,0,1,1,0,0,0,0,0,0,0,0,2.1869,5,0,0,0,0,0,0,0.536338,0,0,-0.84328,0,0,0,1,0,0,0,0,0,0,0,0,0,0,0,0,0,0,0,0,0,0,0,0,0,0,1,0,0,0,0,0,0,0,0,0,0,1,0,1,0,0,0,-0.563962,0,0,-0.679118,0,0,0,0,0,0,0,0,0,0,1,1
0,0,0,0,0,0,0,-0.679798,0,0,0,0,0,0,0,0,-0.717656,0,0,0,0,0,0,0,0,0,0,0,0,0,0,0,0.9263,2,0,0,0,0,0,0,2.582449,0,0,-0.638814,0,0,0,0,0,0,0,0,0,0,0,0,0,0,0,0,0,0,0,0,0,0,0,0,0,1,0,0,0,0,0,0,0,0,0,0,0,0,0,0,0,0,0,-0.809401,0,0,-0.687179,0,0,0,0,0,0,0,0,0,0,1,1
0,0,0,0,0,0,0,-0.333656,0,0,0,0,0,0,0,0,-0.647186,0,0,0,0,0,0,0,0,0,0,0,0,0,0,0,1.2351,0,0,0,0,0,0,0,0.412043,0,0,-0.796287,0,0,0,0,0,0,0,0,0,0,0,1,0,0,0,0,0,0,0,0,0,1,0,0,0,0,0,0,0,0,0,0,0,0,1,0,0,0,0,0,0,0,0,-0.689375,0,0,-0.649276,0,0,0,0,0,0,0,0,0,0,0,1
0,0,0,0,0,0,0,-0.673731,0,0,0,0,0,0,0,0,-0.654198,0,0,0,0,0,0,0,0,0,0,0,0,0,0,0,1.12553,0,0,0,0,0,0,0,1.188702,0,0,-0.694531,0,0,0,0,0,0,0,0,0,0,0,0,0,0,0,0,0,0,0,0,0,0,0,0,0,0,0,0,1,0,0,0,0,0,0,0,0,0,0,0,0,0,0,-0.624288,0,0,-0.553216,0,0,0,0,0,0,0,0,0,0,1,1
0,0,0,0,0,0,0,-0.62347,0,0,0,0,0,0,0,0,-0.719212,0,0,0,0,0,0,0,0,0,0,0,0,0,0,0,1.1082,1,0,0,0,0,1,0,0.394536,0,0,-0.664516,0,0,0,0,0,0,0,0,0,0,0,0,0,0,0,0,0,0,0,0,0,0,0,0,0,0,0,0,0,0,0,0,0,0,0,0,0,0,0,0,0,0,0,-0.724719,0,0,8.919015,0,0,0,0,0,0,0,0,0,1,0,1
0,0,0,0,0,0,0,-0.744584,0,0,0,0,0,0,0,0,-0.592969,0,0,0,0,0,0,0,0,0,0,0,0,0,0,0,1.11106,0,0,0,0,0,0,0,0.233435,0,0,-0.634114,0,0,0,0,0,0,0,0,0,0,0,0,0,0,0,0,0,0,0,0,0,0,0,0,0,0,0,0,0,0,0,0,0,0,0,0,0,0,0,0,0,0,0,-0.803455,0,0,-0.732246,0,0,0,0,0,0,0,0,0,0,0,1
0,0,0,0,0,0,0,-0.751357,0,0,0,0,0,0,0,1,-0.567533,0,0,0,0,0,0,0,0,0,0,0,0,0,0,0,0.73291,0,0,0,0,0,0,0,0.296647,0,0,-0.542836,0,0,0,0,0,0,0,0,0,0,0,0,0,0,0,0,0,0,0,0,0,0,0,0,0,0,0,0,0,0,0,0,0,0,0,0,0,0,0,1,0,0,0,-0.561169,0,0,-0.597544,0,0,0,0,0,0,0,0,0,0,0,1
0,0,0,0,0,0,0,-0.598596,0,0,0,0,0,0,0,0,-0.388973,0,0,0,1,1,0,0,0,0,0,0,0,0,0,0,0.75906,1,0,0,0,0,0,0,1.332257,0,0,-0.548481,0,0,0,0,0,0,0,0,0,0,0,0,0,0,0,0,0,0,0,0,0,0,0,0,0,0,0,0,1,0,0,0,0,0,0,0,0,0,0,0,0,0,0,-0.682329,0,0,-0.821755,0,0,0,0,0,0,0,0,0,1,0,1
0,0,0,0,0,0,0,-0.54278,0,0,0,0,0,0,0,1,-0.657774,0,0,0,0,0,0,0,0,0,0,0,0,0,0,0,1.82912,3,0,0,0,0,0,0,1.386819,0,0,-0.814946,0,0,0,0,0,0,0,0,0,0,0,0,0,0,0,0,0,0,0,0,0,0,0,0,0,0,1,0,0,0,0,0,0,0,0,0,0,0,0,0,1,0,0,-0.638378,0,0,-0.579144,0,0,0,0,0,0,0,0,0,0,1,1
0,0,0,1,1,0,0,-0.736561,0,0,0,0,0,0,0,0,-0.579792,0,0,1,0,0,0,1,0,1,0,0,0,0,0,0,0.85798,5,0,0,0,0,0,0,2.712437,0,0,-0.513505,0,0,0,0,0,0,0,0,0,0,0,0,0,0,0,0,0,1,0,0,0,0,0,0,0,0,0,0,0,0,0,0,0,0,0,0,0,0,0,0,0,0,0,-0.700096,0,0,-0.612381,0,0,0,0,0,0,0,1,1,0,1,1
0,0,0,0,0,0,0,-0.813956,0,0,0,0,0,0,0,0,-0.76602,0,0,0,0,0,0,0,1,0,0,0,0,0,0,0,1.52304,1,0,0,0,0,1,0,0.776093,0,0,-0.774102,0,0,0,0,0,0,0,0,0,0,1,0,0,0,0,0,0,0,0,0,0,0,0,0,0,0,0,0,0,0,0,0,0,0,0,0,0,0,0,0,0,0,0,-0.396925,0,0,-0.741168,0,0,0,0,0,0,0,0,0,0,1,1
0,0,0,0,0,0,0,-0.652387,0,0,0,0,0,0,1,1,-0.395555,0,0,0,0,0,0,0,0,0,0,0,0,0,0,0,2.0591,13,0,1,0,0,1,0,2.465871,0,0,-0.815677,0,0,0,0,0,1,0,0,0,0,0,0,0,0,0,0,0,0,0,0,0,0,0,0,0,0,0,0,0,0,0,0,0,0,0,0,0,0,0,0,0,0,0,-0.698092,0,0,-0.615498,0,0,0,0,0,0,0,0,0,0,1,1
0,0,0,1,0,0,0,-0.602558,0,0,0,0,0,0,0,0,-0.554061,0,0,0,0,0,0,0,0,0,0,0,0,0,0,0,0.84632,0,0,0,0,0,0,0,0.287585,0,0,-0.598306,0,0,0,0,0,0,0,0,0,0,0,1,0,0,0,0,0,0,0,0,0,0,0,0,0,0,1,0,0,0,0,0,0,0,0,0,0,0,0,0,0,0,0,-0.678629,0,0,-0.586111,0,0,0,0,0,0,0,0,0,0,0,1
0,0,0,0,0,0,0,-0.814061,0,0,0,0,0,0,0,0,-0.488824,0,0,0,0,0,0,0,0,1,0,0,0,0,0,0,1.43217,5,0,0,0,0,0,0,1.597773,0,0,-0.767801,0,0,0,0,0,0,0,0,0,0,0,0,0,1,0,0,0,0,0,1,0,1,0,0,0,0,0,0,0,0,0,0,0,0,0,0,1,0,0,0,0,0,0,-0.687178,0,1,-0.76965,0,0,0,0,0,0,0,0,0,0,1,1
0,0,0,0,0,0,0,-0.60176,0,0,0,0,0,0,0,0,-0.563799,0,0,1,0,0,0,0,0,0,0,0,0,0,0,0,0.98418,1,0,0,0,0,0,0,0.688381,0,0,2.332408,0,0,0,0,0,0,0,0,0,0,0,0,0,0,0,0,0,0,0,0,0,0,0,0,0,0,0,0,0,0,0,0,0,0,0,0,0,0,0,0,0,0,0,-0.388009,0,0,-0.483335,0,0,0,0,0,0,0,0,0,1,0,1
0,0,0,0,0,0,0,-0.572067,0,0,0,0,0,0,0,0,-0.528174,0,0,0,0,0,0,0,0,0,0,0,0,0,0,0,0.59982,0,0,0,0,0,0,0,0.93058,0,0,-0.444436,0,0,0,0,0,0,0,0,0,0,0,0,0,0,0,0,0,0,0,0,1,0,0,0,0,0,1,0,0,0,0,0,0,0,0,0,0,0,0,0,0,0,0,-0.860148,0,1,-0.578834,0,0,0,0,0,0,0,0,0,0,0,1
0,0,0,0,0,0,0,-0.60541,0,0,0,0,0,0,0,0,-0.642217,0,0,0,0,0,0,0,0,0,0,0,1,0,0,0,1.32238,1,0,0,0,0,0,0,0.674534,0,0,-0.749512,0,0,0,0,0,0,0,0,0,0,0,0,0,0,0,0,0,0,0,0,0,0,0,0,0,0,0,0,0,0,0,0,0,0,0,0,0,0,0,0,0,0,0,-0.704262,0,0,-0.559425,0,0,0,0,0,1,0,0,0,0,1,1
0,0,0,0,0,0,0,-0.574265,0,0,0,0,0,0,0,0,-0.680708,0,0,0,0,0,0,0,0,0,1,0,0,0,0,0,1.10655,0,0,0,0,0,0,0,1.722726,0,0,-0.684212,0,0,0,0,0,0,0,0,0,0,1,0,0,1,0,0,0,0,0,0,0,0,0,0,0,1,0,0,0,0,0,0,0,0,0,0,0,0,0,0,0,0,0,-0.780251,0,0,-0.634029,0,0,0,0,0,0,0,0,0,0,1,1
0,0,0,0,0,0,0,-0.624583,0,0,0,0,0,0,0,0,-0.709423,0,0,0,0,0,0,0,0,0,0,0,0,0,0,0,0.93673,0,0,0,0,0,0,0,0.188025,0,0,-0.630479,0,0,0,0,0,0,0,0,0,0,0,0,0,0,0,0,0,0,0,0,0,0,0,0,0,0,0,0,0,0,0,0,0,0,0,0,0,0,0,0,0,0,0,-0.582896,0,0,-0.585098,0,0,0,0,0,0,0,0,0,0,0,1
0,0,0,0,0,0,0,-0.781573,0,0,0,0,0,0,0,0,-0.759116,0,0,0,0,0,0,0,0,0,0,0,0,0,0,0,1.02949,3,0,0,1,0,1,0,0.991751,0,0,-0.664853,0,0,1,0,0,0,0,0,0,0,1,0,0,0,0,0,0,0,0,0,0,0,1,0,0,0,0,0,0,0,0,0,0,0,0,0,0,0,1,0,0,0,0,-0.757962,0,0,-0.531583,0,0,0,0,0,0,0,0,0,1,1,1
0,0,0,0,0,0,0,-0.755102,0,0,0,0,0,0,0,0,-0.528144,0,0,0,0,0,0,0,0,0,0,0,0,0,1,0,1.2441,0,0,0,0,0,0,0,0.209302,0,0,-0.710674,0,0,0,0,0,0,0,0,0,0,0,0,0,0,0,0,0,0,0,0,0,0,0,0,0,0,0,0,0,0,0,0,0,0,0,0,0,0,0,0,0,0,0,-0.629875,0,0,-0.76098,0,0,0,0,0,0,0,0,1,0,0,1
0,0,0,0,0,0,0,-0.709663,0,0,0,0,0,0,0,0,-0.609112,0,0,0,0,0,0,0,0,0,0,0,0,0,0,0,0.88037,0,0,0,0,0,0,0,0.30149,0,0,-0.58098,0,0,0,0,0,0,0,0,0,0,0,0,0,0,0,0,0,0,0,0,0,0,0,0,0,0,0,0,0,0,0,0,0,0,0,0,0,0,0,0,0,0,0,-0.621599,0,0,-0.650087,0,0,0,0,0,0,0,0,0,0,0,1
0,0,0,1,0,0,0,-0.656532,0,0,0,0,0,0,0,0,-0.695129,0,0,0,0,0,0,0,1,0,0,0,0,0,0,0,1.09524,2,0,0,0,0,0,0,1.391455,0,0,-0.685832,0,0,0,0,0,0,0,1,0,0,0,0,0,0,0,0,0,0,0,0,0,0,0,0,0,0,0,0,0,0,0,0,0,0,0,0,0,0,0,0,0,0,1,-0.684966,0,0,-0.781675,0,0,0,0,0,0,0,0,0,0,0,1
0,0,0,0,0,0,0,-0.691762,0,0,0,0,0,0,0,1,-0.566638,0,0,0,0,0,0,0,0,0,0,0,0,0,0,0,1.19645,0,0,0,0,0,0,0,0.170369,0,0,-0.706552,0,0,0,0,0,0,1,0,0,0,0,0,0,0,0,0,0,0,0,0,0,0,0,0,0,0,0,0,0,0,0,0,0,0,0,0,0,0,0,0,0,0,0,-0.762317,0,0,-0.755473,0,0,0,0,0,0,0,0,0,0,0,1
0,0,0,0,0,0,0,-0.526236,0,0,0,0,0,0,0,0,-0.739827,0,0,0,0,0,0,0,0,0,0,0,0,0,0,0,1.23849,2,0,0,0,1,0,0,0.848837,0,0,-0.730951,0,0,0,0,0,0,0,0,0,0,0,0,0,0,0,0,0,0,0,0,0,0,0,0,0,0,0,0,1,0,0,0,0,0,0,0,0,0,0,0,0,0,0,-0.68761,0,0,-0.623142,0,0,0,0,0,0,0,0,0,0,1,1
0,0,0,0,0,0,0,-0.66237,0,0,0,1,0,0,0,0,-0.603562,0,0,0,0,0,0,0,0,0,0,0,0,0,0,0,0.79767,0,0,0,0,0,0,0,0.789478,0,0,-0.555713,0,0,0,0,0,0,0,0,0,0,0,0,0,0,0,0,0,0,0,1,0,0,0,0,0,0,1,0,1,0,0,0,0,0,0,0,0,0,0,0,0,0,0,2.0032,0,0,-0.668784,0,0,0,0,0,1,0,0,0,0,0,1
0,0,0,0,0,0,0,-0.791859,0,0,0,0,0,0,0,1,-0.632942,0,0,1,0,0,0,0,0,0,0,0,0,0,0,0,1.4516,4,0,0,0,0,0,0,1.333301,0,0,1.729855,0,0,0,0,0,0,0,0,0,0,0,0,0,0,0,0,0,0,0,0,0,1,0,0,0,1,0,0,0,0,0,0,0,0,0,0,0,0,0,0,0,0,0,-0.89196,0,0,-0.743822,0,0,0,0,0,0,1,0,0,0,0,1
0,0,0,0,0,0,0,-0.736169,0,0,0,0,0,0,0,0,-0.639514,0,0,0,1,0,0,0,0,0,0,0,0,0,0,0,1.22661,3,0,0,0,0,0,0,1.166681,0,0,-0.708519,0,0,0,0,0,0,0,0,0,0,0,0,0,0,0,0,0,0,0,0,0,1,0,0,0,0,0,0,1,0,0,0,0,0,0,0,0,0,0,0,0,0,0,-0.672322,0,0,-0.669353,0,0,0,0,0,0,0,0,0,0,1,1
0,0,0,0,0,0,0,-0.722569,0,0,0,0,0,0,0,0,-0.708553,0,0,0,0,0,0,0,0,0,0,0,0,0,0,0,0.70968,0,0,0,0,1,0,0,0.963966,0,0,-0.544785,0,0,0,0,0,0,0,0,0,0,0,0,0,0,0,0,0,0,0,0,0,0,0,0,0,0,0,0,0,0,0,0,0,0,0,0,0,0,0,0,0,0,0,-0.680421,0,0,-0.696002,0,0,0,0,0,0,0,0,0,0,0,1
0,0,0,1,0,0,0,-0.4831,0,0,0,0,0,0,0,0,-0.809524,0,0,1,0,0,0,0,0,0,0,0,0,0,0,0,0.78911,1,0,0,0,0,0,0,0.222222,0,0,-0.535541,0,0,0,0,0,0,0,0,0,0,0,0,0,0,0,0,0,0,0,1,0,0,0,0,0,0,0,0,0,0,0,0,0,0,0,0,0,0,0,0,0,0,0,-0.524868,0,0,-0.841455,0,0,0,0,0,0,0,0,0,0,0,1
0,0,0,0,0,0,0,-0.667861,0,0,0,0,0,0,0,0,1.562129,0,0,0,0,0,0,0,0,0,1,0,0,0,0,0,1.15108,1,0,0,0,0,0,0,1.19968,0,0,-0.70187,0,0,0,0,0,0,0,0,0,0,1,0,0,0,0,0,0,0,0,0,0,0,0,0,0,0,0,0,0,0,0,0,0,0,0,0,0,0,0,1,0,0,0,-0.506728,0,1,-0.716553,0,0,0,0,0,0,0,0,0,0,0,1
0,0,0,0,0,0,0,-0.656503,0,0,0,0,0,0,0,0,-0.692012,0,0,0,0,0,0,0,0,0,0,0,0,0,0,0,0.78081,2,0,0,0,0,0,0,1.382156,0,0,-0.57011,0,0,0,0,0,0,0,0,0,0,0,0,0,0,0,0,0,0,0,0,0,0,0,0,0,1,0,0,0,0,0,0,0,0,0,0,0,0,0,1,0,0,0,-0.678749,0,0,-0.629338,0,0,0,0,0,1,0,0,0,0,1,1
0,0,0,0,0,0,0,-0.792082,0,0,0,0,0,0,0,0,-0.104598,0,0,0,0,0,0,0,0,0,0,0,0,0,0,0,1.10745,0,0,0,0,0,0,0,0.807645,0,0,-0.479608,0,0,0,0,0,0,0,0,0,0,0,0,0,0,0,0,0,0,0,0,0,0,0,0,0,0,0,0,1,0,0,0,0,0,0,0,0,0,0,0,0,0,0,-0.539449,0,0,-0.758885,0,0,0,0,0,1,0,0,0,0,0,1
0,0,0,0,0,0,0,-0.597902,0,0,0,0,0,0,0,0,-0.720209,1,0,0,0,0,0,0,0,0,0,0,0,0,0,0,0.68502,1,0,0,0,0,0,0,0.459983,0,0,-0.514848,0,0,0,0,0,0,0,0,0,0,0,0,0,0,0,0,0,0,0,0,0,0,0,0,0,0,0,0,0,0,0,0,0,0,0,0,0,0,0,0,0,0,0,-0.48948,0,0,-0.650396,0,0,0,0,0,1,0,0,0,1,0,1
0,0,0,0,0,0,0,-0.526609,0,0,0,0,0,0,0,1,-0.573931,0,0,0,0,0,0,0,0,0,0,0,0,0,0,0,1.54304,6,0,0,0,0,0,0,3.095338,0,0,-0.783931,0,0,0,0,0,0,0,0,0,0,0,0,0,1,0,0,0,0,0,0,0,0,0,0,0,0,0,0,0,0,0,0,0,0,0,0,0,0,0,0,0,0,0,-0.746795,0,0,-0.723011,0,0,0,0,0,0,0,1,0,0,1,1
0,0,0,0,0,0,0,-0.758825,0,0,0,0,0,0,0,0,-0.72895,0,0,1,0,0,0,0,0,0,0,0,0,0,0,0,1.11189,0,0,0,0,0,0,0,1.428068,0,0,-0.693944,0,0,0,0,0,0,0,0,0,0,0,0,0,0,0,0,0,0,0,0,0,0,0,0,0,0,0,0,0,0,0,0,0,0,0,0,0,1,0,0,0,1,0,-0.613929,0,0,-0.70778,0,0,0,0,0,0,0,0,0,0,1,1
0,0,0,0,0,0,0,-0.444727,0,0,0,0,0,0,0,0,-0.597639,0,0,0,0,0,0,0,0,0,0,0,0,0,0,0,0.88089,0,0,0,0,0,0,0,0.333212,0,0,-0.606247,0,0,0,0,0,0,0,0,0,0,0,0,0,0,0,0,0,0,0,0,0,0,0,0,0,0,0,0,0,0,0,0,0,0,0,0,0,0,0,0,0,0,0,-0.668173,0,0,-0.634427,0,0,0,0,0,0,0,0,0,0,0,1
0,0,0,0,0,0,0,-0.684662,0,0,0,0,0,0,0,0,-0.670346,0,0,0,0,0,0,0,0,0,0,0,0,0,1,0,1.56783,3,0,0,0,0,0,0,0.949925,0,0,-0.785386,0,0,0,0,0,0,0,0,0,0,0,0,0,0,0,0,0,0,0,0,0,0,0,0,0,0,0,0,0,0,0,0,0,0,0,0,0,0,0,1,0,0,0,-0.743061,0,0,-0.71733,0,0,0,0,0,0,0,0,1,0,1,1
0,0,0,0,0,0,0,-0.625333,0,0,0,0,0,0,0,0,-0.557684,0,0,0,0,0,0,0,0,1,0,0,0,0,0,0,0.75279,1,0,0,1,0,0,0,0.882821,0,0,-0.609857,0,0,0,0,0,0,0,0,0,0,0,0,0,0,0,0,0,0,0,0,1,0,0,0,0,0,1,0,0,0,0,0,0,0,0,0,0,0,0,0,0,0,0,-0.661103,0,0,-0.599035,0,0,0,0,0,0,0,0,0,0,0,1
0,0,0,0,0,0,0,-0.656456,0,0,0,0,0,0,0,0,-0.619009,0,0,0,0,0,0,0,0,0,0,0,0,0,0,0,1.20981,1,0,0,0,0,0,0,0.20305,0,0,-0.747642,0,0,0,0,0,0,0,0,0,0,0,0,0,0,0,0,0,0,0,1,0,1,0,0,0,1,0,0,0,0,0,0,0,0,0,0,0,0,0,0,0,0,0,-0.572068,0,0,-0.806947,0,0,0,0,0,0,0,0,0,0,0,1
0,0,0,0,0,0,0,-0.469141,0,0,0,0,0,0,0,0,-0.772036,0,0,1,1,0,0,0,0,0,0,0,0,0,0,0,0.8801,1,0,0,0,0,0,0,0.698011,0,0,-0.601432,0,0,0,0,0,0,0,0,0,0,0,0,0,0,0,0,0,0,0,1,0,0,0,0,0,0,0,0,0,0,0,0,0,0,0,0,0,0,0,0,0,0,0,-0.532567,0,0,-0.784374,0,0,0,0,0,0,0,0,0,0,0,1
0,0,0,0,0,0,1,-0.749912,0,0,0,0,0,0,1,0,-0.820154,0,0,0,1,0,0,0,0,0,0,0,0,0,0,0,1.16228,4,0,0,0,0,0,0,2.089061,0,0,-0.579001,0,0,0,0,0,0,0,0,0,0,0,0,0,0,0,0,0,0,0,0,0,1,0,0,0,0,0,0,1,0,0,0,0,0,1,0,0,1,0,0,0,1,0,-0.7611,0,0,-0.780494,0,0,0,0,0,0,0,0,0,0,0,1
0,0,0,0,0,0,0,-0.789054,0,0,0,0,0,0,0,0,-0.619389,0,0,0,0,0,0,0,0,0,0,0,0,0,0,0,1.342,2,0,0,0,0,0,0,0.84929,0,0,-0.747404,0,0,0,0,0,0,0,0,0,0,1,0,0,0,0,0,0,0,0,0,0,0,0,0,0,0,0,0,0,0,0,0,0,0,0,0,0,0,0,0,0,0,0,-0.626531,0,0,-0.674224,0,0,0,0,0,0,0,0,0,0,0,1
0,0,0,0,0,0,0,-0.538809,0,0,0,0,0,0,0,0,-0.495767,0,0,0,0,0,0,0,0,0,0,0,0,0,0,0,1.37104,0,0,0,0,0,1,0,0.531171,0,0,-0.760291,0,0,0,0,0,0,0,0,0,0,0,1,0,0,0,0,0,0,0,0,0,0,0,0,0,0,0,0,0,0,0,0,0,0,0,0,0,0,0,0,0,0,0,-0.630926,0,0,-0.787025,0,0,0,0,0,0,0,0,0,0,1,1
0,0,0,0,0,0,0,-0.339401,0,0,0,0,0,0,0,0,-0.59941,0,0,0,0,0,0,0,0,0,0,0,0,0,0,0,0.90885,1,0,0,0,0,0,0,0.576715,0,0,-0.612835,0,0,0,0,0,0,0,0,0,0,0,0,0,0,0,0,0,0,0,0,0,0,0,0,0,0,0,0,0,0,0,0,0,0,0,0,0,0,0,0,0,0,0,-0.688599,0,0,-0.639452,0,0,0,0,0,0,0,0,0,0,0,1
0,0,0,0,0,0,0,-0.594167,0,0,0,0,0,0,0,0,-0.615534,1,0,0,0,0,0,0,0,0,0,0,0,0,0,0,0.92481,8,0,0,0,0,0,0,1.791555,0,0,-0.636656,0,0,0,0,1,0,0,0,0,0,0,0,0,0,0,0,0,0,0,0,0,0,0,0,0,1,0,0,0,0,0,0,0,0,0,0,0,0,0,0,0,0,0,-0.635707,0,0,-0.617516,0,0,0,0,0,0,0,0,0,0,1,1
0,0,0,0,0,0,0,-0.739774,0,0,0,0,0,0,0,0,-0.4936,0,0,0,0,0,0,0,0,0,0,0,0,0,0,0,0.96338,1,0,0,0,0,0,0,0.466769,0,0,-0.644088,0,0,0,0,0,1,0,0,0,0,0,0,0,0,0,0,0,0,0,1,0,0,0,0,0,0,0,0,0,0,0,0,0,0,0,0,0,0,0,0,0,0,0,-0.570178,0,0,-0.583496,0,0,0,0,0,0,0,0,0,0,1,1
0,0,0,0,0,0,0,-0.409453,0,0,0,0,0,0,0,0,-0.668709,0,0,0,1,0,0,0,0,0,0,0,0,0,0,0,0.76362,2,0,0,0,0,0,0,1.617899,0,0,-0.650394,0,0,0,0,0,0,0,0,0,0,0,0,0,0,0,0,0,0,0,0,0,1,0,0,0,0,0,0,0,0,0,0,0,0,0,0,0,0,0,0,1,0,0,-0.598498,0,0,-0.820754,0,0,0,0,0,0,0,0,0,0,1,1
0,0,0,0,0,0,0,-0.636364,0,0,0,0,0,0,0,0,-0.74751,0,0,0,0,0,0,0,0,0,0,0,0,0,0,0,1.06653,3,0,0,0,0,0,0,1.593819,0,0,-0.709524,0,0,0,0,0,0,1,1,0,0,0,0,0,0,0,0,0,0,0,0,0,0,0,0,0,0,0,0,0,0,0,0,0,0,0,0,0,0,0,0,0,0,0,-0.505007,0,0,-0.782746,0,0,0,0,0,0,0,0,0,0,1,1
0,0,0,0,0,0,0,-0.656299,0,0,0,0,0,0,0,0,-0.676548,0,0,0,0,0,0,0,0,0,0,0,0,0,0,0,1.2958,1,0,0,0,1,0,0,1.134667,0,0,-0.744414,0,0,0,0,0,0,0,0,0,0,0,0,0,0,0,0,0,0,0,0,0,0,0,0,0,0,0,0,0,0,0,0,0,0,0,0,0,0,0,1,0,0,0,-0.596719,0,0,-0.72222,0,1,0,0,0,0,0,0,0,0,1,1
0,0,0,0,0,0,0,-0.332356,0,0,0,0,0,0,0,0,-0.734914,0,0,0,0,0,0,0,0,1,0,0,0,0,0,0,1.45225,1,0,0,0,0,0,0,0.948482,0,0,-0.764834,0,0,0,0,0,0,0,0,0,0,0,0,0,0,0,0,0,0,0,0,0,0,0,0,0,0,0,0,0,0,0,0,0,0,0,0,0,0,0,0,0,0,0,-0.577874,0,0,-0.717874,0,0,0,0,0,0,0,0,0,0,1,1
0,0,0,0,0,0,0,-0.631869,0,0,0,0,0,0,0,0,-0.733993,1,0,0,0,0,0,0,0,0,0,0,0,0,0,0,1.34186,1,0,0,0,0,0,0,0.589463,0,0,-0.733468,0,0,0,0,0,0,0,0,0,0,0,0,0,0,0,0,0,0,0,0,0,0,0,0,0,0,0,0,0,0,0,0,0,0,0,1,0,0,0,0,0,0,0,-0.635682,0,0,-0.704427,0,0,0,0,0,0,0,0,0,1,0,1
0,0,0,0,0,0,0,-0.716142,0,0,0,0,0,0,0,0,-0.639382,0,0,0,0,0,0,0,0,0,0,0,0,0,1,0,1.37925,2,0,0,0,0,0,0,0.59608,0,0,-0.751028,0,0,0,0,0,0,0,0,0,0,0,0,0,0,0,0,0,0,0,0,0,0,0,0,0,0,1,0,0,0,0,0,0,0,0,0,0,0,0,0,0,0,0,-0.65921,0,0,-0.660117,0,0,0,0,0,1,0,0,0,0,0,1
0,0,0,0,0,0,0,-0.748665,0,0,0,0,0,0,0,0,-0.746414,0,0,0,0,0,0,0,0,0,0,0,0,0,0,0,1.71337,1,0,0,0,0,0,0,0.634593,0,0,-0.802369,0,0,0,0,0,0,0,0,0,0,1,0,0,0,0,0,0,0,0,0,0,0,0,0,0,0,0,0,0,0,0,0,0,0,0,0,0,0,0,0,0,0,0,-0.621772,0,0,-0.576735,0,0,0,0,0,0,0,0,0,0,1,1
0,0,0,0,0,0,0,-0.575673,0,0,0,0,0,0,0,0,-0.607638,0,0,0,0,0,0,0,0,0,0,0,0,0,0,0,0.85888,0,0,0,0,0,0,0,2.044571,0,0,-0.64022,0,0,0,0,0,0,0,0,0,0,0,1,0,0,0,0,0,0,0,0,1,0,0,0,0,0,0,0,0,0,0,0,0,0,0,0,0,0,0,0,0,0,0,-0.810854,0,0,-0.769753,0,0,0,0,0,0,0,0,0,0,1,1
0,0,0,0,0,0,0,-0.738562,0,0,0,0,0,0,0,0,-0.638914,0,0,0,0,0,0,0,0,0,0,0,0,0,0,0,1.35204,1,0,0,0,1,0,0,1.399854,0,0,-0.744282,0,0,0,0,0,0,0,0,0,0,0,0,0,0,0,0,0,0,0,0,0,1,0,0,0,0,0,0,0,0,0,0,0,0,0,0,0,0,0,0,0,0,0,-0.750738,0,0,-0.728916,0,0,0,0,0,0,0,0,1,0,1,1
0,0,0,1,0,0,0,-0.704542,0,0,1,0,0,0,0,0,-0.384326,0,0,0,0,0,0,0,0,0,0,0,0,0,0,0,1.34145,4,0,0,0,1,0,0,0.896162,0,0,-0.747754,0,0,0,0,0,0,0,0,1,0,0,0,0,0,0,0,0,0,0,0,0,0,0,1,0,0,1,0,0,0,0,0,0,0,0,0,0,0,0,0,0,0,0,-0.596804,0,0,-0.676071,0,0,0,0,0,0,0,1,0,0,1,1
0,0,0,0,0,0,0,-0.595003,0,0,0,0,0,0,0,0,-0.636615,0,0,0,0,0,0,0,0,0,0,0,0,0,0,0,1.46514,4,0,0,0,0,0,0,0.550771,0,0,-0.598659,0,0,0,0,0,0,0,0,0,0,0,0,0,0,0,0,0,0,0,0,0,0,0,0,0,0,0,0,0,0,0,0,0,0,0,0,0,0,0,0,0,0,0,-0.68776,0,0,-0.602785,0,0,0,0,0,0,0,0,0,0,0,1
0,0,0,0,0,0,0,-0.698471,0,0,0,0,0,0,0,0,-0.590113,0,0,0,0,0,0,0,0,0,0,0,0,0,0,0,1.23922,1,0,0,0,0,0,0,0.870418,0,0,-0.711067,0,0,0,0,0,0,0,0,0,0,0,0,0,0,0,0,0,0,0,0,0,0,0,0,0,0,1,0,0,0,0,0,0,0,1,0,0,0,0,0,0,0,0,-0.571306,0,0,-0.8,0,0,0,0,0,0,0,1,0,0,0,1
0,0,0,0,0,0,0,-0.597345,0,0,0,0,0,0,0,0,-0.713853,0,0,0,0,0,0,0,0,1,0,0,0,0,0,0,0.80092,0,0,0,0,0,0,0,2.806893,0,0,-0.555556,0,0,0,0,0,0,0,0,0,0,0,0,0,0,0,0,0,0,0,0,0,0,0,0,0,0,0,0,0,0,0,0,0,0,0,0,0,0,0,0,0,0,0,-0.758831,0,0,-0.435822,0,0,0,0,0,0,0,1,0,0,1,1
0,0,0,0,0,0,0,-0.786832,0,0,0,0,0,0,0,0,-0.659034,0,0,0,0,0,0,0,0,0,0,0,0,0,0,0,1.32158,6,0,0,0,0,0,0,1.312437,0,0,-0.754867,0,0,1,0,0,0,0,0,0,1,0,0,0,0,0,0,0,0,0,0,0,0,1,0,0,0,0,0,0,0,0,0,0,0,0,0,0,0,0,0,0,0,0,-0.827849,0,0,-0.743717,0,0,0,0,0,0,0,0,0,0,1,1
0,0,0,0,0,1,0,-0.715678,0,0,0,0,0,0,0,0,-0.813657,0,0,0,0,0,0,0,0,0,0,0,0,0,0,0,1.7616,3,0,0,0,0,0,0,0.415401,0,0,-0.789005,0,0,0,0,1,0,0,0,0,1,0,0,0,0,0,0,0,0,0,0,0,0,0,0,0,0,0,0,0,0,0,0,0,0,0,0,0,0,0,0,0,0,0,-0.570886,0,0,-0.722832,0,0,0,0,0,0,0,0,0,0,1,1
0,0,0,0,1,0,0,-0.723364,0,0,0,0,0,0,0,0,-0.578579,0,0,0,0,0,0,1,0,0,0,0,0,0,0,0,1.2314,2,0,0,0,0,0,0,1.141475,0,0,-0.732873,0,0,0,0,0,0,0,0,0,0,0,1,0,0,0,0,0,0,0,0,1,0,1,0,0,0,0,0,0,0,0,0,0,0,0,0,0,0,0,1,0,0,0,-0.611932,0,0,-0.664533,0,0,0,0,0,1,0,0,0,0,1,1
0,0,0,0,0,0,0,-0.663105,0,0,0,0,0,0,0,1,-0.775733,0,0,0,0,0,0,0,0,0,0,0,0,0,0,0,1.76704,4,0,0,0,0,0,0,1.280941,0,0,-0.81332,0,0,0,0,0,0,0,0,0,0,0,1,0,0,1,0,0,0,0,0,0,0,1,0,0,0,0,0,0,0,0,0,0,0,0,0,0,0,0,0,0,0,0,-0.43569,0,0,-0.482771,0,0,0,0,0,0,0,0,0,0,1,1
0,0,0,0,0,0,1,-0.710537,0,0,0,0,0,0,0,0,-0.707219,0,0,0,0,0,0,0,0,0,0,0,0,0,0,0,1.56132,1,0,0,0,0,0,0,1.179322,0,0,-0.785335,0,0,0,0,0,0,0,0,0,0,1,0,0,0,0,0,1,0,0,0,0,0,0,0,1,0,0,0,0,0,0,0,0,0,0,0,0,0,0,0,0,0,0,-0.502287,0,0,-0.592674,0,0,0,0,0,0,0,0,0,0,1,1
0,0,0,0,0,0,0,-0.537052,0,1,0,0,0,0,0,0,-0.738371,0,0,0,0,0,0,0,0,0,0,0,0,0,0,0,1.56389,6,0,1,0,0,0,0,2.102239,0,0,0.914378,0,0,0,0,0,0,0,0,0,0,0,1,0,0,0,0,0,0,0,0,0,0,0,0,0,0,0,0,0,0,0,0,0,0,0,0,0,0,0,0,0,0,0,-0.750245,0,0,-0.814234,0,0,0,0,0,0,0,0,1,0,1,1
0,0,1,0,0,0,0,-0.612703,0,0,0,0,0,0,0,0,-0.682306,0,0,0,0,0,0,0,0,0,0,0,0,0,0,0,1.4029,5,0,0,0,0,0,0,1.216698,0,0,-0.745504,0,0,0,0,0,0,0,0,0,0,0,0,0,0,0,0,0,0,0,0,0,0,0,0,0,0,0,0,0,0,0,0,0,0,0,0,0,0,0,0,0,0,0,-0.665839,1,0,-0.521107,0,0,0,0,1,0,0,0,0,1,0,1
0,0,0,0,0,0,0,-0.857143,0,0,0,0,0,0,0,0,8.361668,0,0,0,0,0,0,0,0,0,0,0,0,0,0,0,1.38006,0,0,0,0,0,0,0,0.274799,0,0,-0.659173,0,0,0,0,0,0,0,0,0,0,0,0,0,0,0,0,0,0,0,0,0,0,0,0,0,0,0,0,0,0,0,0,0,0,0,0,0,0,0,0,0,0,0,-0.686427,0,0,-0.538386,0,0,0,0,0,0,0,0,0,0,0,1
0,0,0,0,0,0,0,-0.634781,0,0,0,0,0,0,0,0,-0.52677,0,0,0,0,0,0,0,0,0,0,0,0,0,0,0,1.68487,0,0,0,1,0,0,0,0.432611,0,0,-0.824086,0,0,0,0,0,0,0,0,0,0,0,0,0,0,0,0,0,0,0,0,0,0,0,0,0,0,0,0,0,0,0,0,0,0,0,0,0,0,0,0,0,0,0,-0.712183,0,0,-0.689796,0,0,0,0,0,0,0,0,0,0,0,1
0,0,0,1,0,0,0,-0.704046,0,0,0,0,0,0,0,0,-0.475659,0,0,0,0,0,0,0,0,0,0,0,0,0,0,0,1.51155,2,0,0,0,0,0,0,0.738929,0,0,-0.783104,0,1,0,0,0,0,0,0,0,0,0,0,0,0,0,0,0,0,0,0,0,0,0,0,0,0,0,0,0,0,0,0,0,0,0,0,0,0,0,0,0,1,0,-0.528077,0,0,-0.630469,0,0,0,0,0,0,0,0,0,0,1,1
0,0,0,0,0,0,0,-0.785781,0,0,0,1,1,0,0,0,-0.664565,0,0,0,0,0,0,0,0,0,0,0,0,0,0,0,2.09656,3,0,0,0,0,0,0,1.208122,0,0,-0.829159,0,0,0,0,0,0,0,0,0,0,0,0,0,0,1,0,0,0,0,0,0,0,0,0,0,0,0,0,0,0,0,0,0,0,0,0,0,0,0,0,0,0,0,-0.540287,0,0,-0.694254,0,0,0,0,0,0,0,0,0,0,1,1
0,0,0,0,0,0,0,2.304885,0,0,0,0,1,1,0,0,-0.660766,0,0,0,0,0,0,0,0,0,0,0,0,0,0,0,1.15962,3,0,0,1,0,0,0,2.39158,0,0,-0.685689,0,0,0,0,0,0,0,0,0,0,0,0,0,0,0,0,0,0,0,0,0,1,0,0,0,0,0,0,0,0,0,1,0,0,0,0,0,0,0,1,0,0,0,-0.578804,0,0,-0.780008,0,0,0,1,0,0,0,0,0,0,1,1
0,0,0,0,0,0,0,-0.408938,0,0,0,0,0,0,0,0,2.590051,0,0,0,0,0,0,0,0,0,0,0,0,0,0,0,0.89328,4,0,0,0,0,0,0,1.752792,0,0,-0.61525,0,0,0,0,0,0,0,0,0,0,0,0,0,0,0,0,0,0,0,1,0,0,0,0,0,0,0,0,0,0,0,0,0,0,1,0,0,0,0,0,0,0,0,-0.635191,0,0,-0.734856,0,0,0,0,0,0,0,0,0,0,0,1
0,0,0,0,0,0,0,-0.794402,0,0,0,0,0,0,0,0,-0.591026,0,0,0,0,0,0,0,0,0,0,0,0,0,0,0,1.27579,1,0,0,0,0,0,0,0.815231,0,0,-0.720526,0,0,0,0,0,0,0,0,0,0,0,0,0,0,0,0,0,0,0,0,0,0,0,0,0,0,0,0,1,0,0,0,0,0,0,0,0,0,0,0,0,0,0,-0.284731,0,0,-0.336099,0,0,0,0,0,0,0,0,0,1,0,1
0,0,0,0,0,0,0,-0.685572,0,0,0,0,0,0,0,0,-0.652427,0,0,0,0,0,0,0,0,0,0,0,0,0,0,0,0.8974,1,0,0,0,0,0,0,0.612073,0,0,-0.622971,0,0,0,0,0,0,0,0,0,0,0,1,0,0,0,0,0,0,0,1,0,0,0,0,0,0,0,0,0,0,0,0,0,0,0,0,0,0,0,0,0,1,0,-0.765993,0,0,-0.656378,0,0,0,0,0,0,0,0,0,0,1,1
0,0,1,0,0,0,1,-0.614749,0,0,0,0,1,1,0,0,-0.580868,0,0,0,0,0,0,0,0,0,0,0,0,0,0,0,0.98104,2,0,0,0,0,0,0,1.502498,0,0,-0.672501,0,0,0,0,0,0,0,0,0,0,0,0,0,0,0,0,0,0,0,0,0,0,0,0,0,0,1,0,0,0,0,0,0,0,0,0,0,0,0,0,0,1,0,-0.725093,0,0,-0.590456,0,0,0,0,0,0,0,0,0,0,1,1
0,0,0,0,0,0,0,-0.744417,0,0,0,0,0,0,0,0,-0.738014,0,0,0,0,0,0,0,0,0,0,0,0,0,0,0,0.8727,1,0,0,0,0,0,0,0.726306,0,0,-0.598075,0,0,0,0,0,0,0,0,0,0,0,0,0,0,0,0,0,1,0,0,0,0,0,0,0,0,0,0,0,0,0,0,0,0,0,0,0,0,0,0,0,0,0,-0.662266,0,0,-0.684388,0,0,0,0,0,0,0,0,0,0,0,1
0,0,0,0,0,0,0,-0.831964,0,0,0,0,1,1,0,0,-0.624764,0,0,0,1,0,0,0,0,0,0,1,0,0,0,0,1.24515,1,0,0,0,0,0,0,0.361981,0,0,-0.736273,0,0,0,0,0,0,0,0,0,0,0,0,0,0,0,0,0,0,1,0,0,0,0,0,0,0,0,0,0,0,1,0,0,0,0,0,0,0,0,0,0,0,0,-0.738706,0,0,-0.615244,0,0,0,0,0,0,0,0,0,0,1,1
0,0,0,0,0,0,0,-0.69921,0,0,0,0,0,0,0,0,-0.907692,0,0,0,0,0,0,0,0,0,0,0,0,0,0,0,0.82194,0,0,0,0,0,0,0,0.225868,0,0,-0.697585,0,0,0,0,0,0,0,0,0,0,0,0,0,0,0,0,0,0,0,0,0,0,0,0,0,0,0,0,1,0,0,0,0,0,0,0,0,0,0,0,0,0,0,-0.498348,0,0,-0.677053,0,1,0,0,0,0,0,1,0,0,0,1
0,0,0,0,0,0,0,-0.729504,0,0,0,0,0,0,0,0,-0.762369,0,0,0,0,0,0,0,0,0,0,0,0,0,0,0,1.09481,0,0,0,0,0,0,0,1.265127,0,0,-0.633563,0,1,0,0,0,0,0,0,0,0,0,0,0,0,0,0,0,0,0,0,0,0,0,0,0,0,0,0,0,0,0,0,0,0,0,0,0,0,0,0,0,0,0,-0.699679,0,0,-0.691243,0,0,0,0,0,1,0,0,0,0,1,1
0,0,0,0,0,0,0,-0.60823,0,0,0,0,0,0,0,0,-0.536033,1,0,0,0,0,0,0,0,0,1,0,0,0,0,0,0.72383,1,0,0,0,0,0,0,2.503502,0,0,-0.454786,0,0,0,0,0,0,0,0,0,0,0,0,0,0,0,0,0,0,0,0,0,0,0,0,0,0,0,0,0,0,0,0,0,0,0,0,0,1,1,0,1,0,0,-0.700401,0,0,-0.730875,0,0,0,0,0,0,0,0,0,0,0,1
0,0,0,0,0,0,0,-0.712341,0,0,0,0,0,0,0,0,-0.834979,0,0,0,0,0,0,0,0,0,0,0,0,0,0,0,1.88438,3,0,0,0,0,0,0,0.608815,0,0,-0.818064,0,0,0,0,0,0,0,0,0,0,1,0,0,0,0,0,0,0,0,0,0,1,0,0,0,0,0,0,1,0,0,0,0,0,0,0,0,0,0,0,0,0,0,-0.57163,0,0,-0.795667,0,0,0,0,0,0,0,0,0,0,1,1
0,0,0,0,0,0,0,-0.407995,0,0,0,0,0,0,0,1,-0.596426,0,0,0,0,0,0,0,0,0,0,0,0,0,0,0,0.95477,0,0,0,0,0,0,0,0.505846,0,0,-0.662634,0,0,0,0,0,0,0,0,0,0,0,0,0,0,0,0,0,0,0,0,0,1,0,0,0,0,1,0,0,0,0,0,0,0,0,0,0,0,0,0,0,0,0,-0.684702,0,0,-0.791646,0,0,0,0,0,0,0,1,0,1,1,1
0,0,0,1,0,0,0,-0.719929,0,0,0,0,0,0,0,0,-0.701779,0,0,0,0,0,0,0,0,0,0,0,0,0,1,0,0.69716,3,0,0,0,0,0,0,1.815594,0,0,-0.487122,0,0,0,0,0,0,0,0,0,0,0,0,0,0,0,0,0,0,0,0,0,1,0,0,0,0,0,0,0,0,0,0,0,0,0,0,0,0,0,0,0,0,0,-0.831502,0,0,-0.752296,0,0,0,0,0,0,0,0,0,0,1,1
0,0,0,0,0,0,0,-0.650794,0,0,0,0,0,0,0,0,-0.684892,0,0,0,0,0,0,1,0,0,0,0,0,0,0,0,0.5519,0,0,0,1,0,0,0,0.71162,0,0,-0.301709,0,0,0,0,0,0,0,0,0,0,0,0,0,0,0,0,0,0,0,0,0,0,0,0,0,0,0,0,0,1,0,0,0,0,0,0,0,0,0,1,0,0,0,-0.742553,0,0,-0.498787,0,0,0,0,0,0,0,0,0,0,0,1
0,0,0,0,0,0,0,-0.542398,0,0,0,0,0,0,0,0,-0.617736,0,0,0,0,0,0,0,0,0,0,0,0,0,0,0,1.03237,0,0,0,0,0,0,0,0.411703,0,0,-0.679433,0,1,0,0,0,0,0,0,0,0,0,0,0,0,0,0,0,0,0,0,0,0,0,0,0,0,1,0,0,0,0,0,0,0,0,0,0,0,0,0,0,0,0,-0.817116,0,0,-0.738169,0,0,0,0,0,0,0,0,1,0,0,1
0,0,0,0,0,0,0,-0.36906,0,0,0,0,0,0,0,0,-0.770121,0,0,0,0,1,0,0,0,0,0,0,0,0,0,0,1.65117,0,0,0,0,0,0,0,0.628949,0,0,-0.792924,0,0,0,0,0,0,0,0,0,0,0,0,0,0,0,0,0,0,0,0,0,0,0,0,0,0,0,0,0,0,0,0,0,0,0,0,0,0,0,0,0,0,0,-0.707175,0,0,-0.701263,0,0,0,0,0,0,0,0,0,0,1,1
0,0,0,0,0,0,0,-0.581845,0,0,0,0,0,0,0,0,-0.653583,0,0,0,0,0,0,0,0,0,0,0,0,0,0,0,0.86057,2,0,0,0,0,0,0,0.967171,0,0,-0.698705,0,0,0,0,0,0,0,0,0,0,0,0,0,0,0,0,0,0,0,0,0,0,0,0,0,0,0,0,0,0,0,0,0,0,0,0,0,0,0,0,0,0,0,-0.607421,0,0,-0.5691,0,0,0,0,0,0,0,1,0,0,1,1
0,0,0,0,0,0,0,-0.895701,0,0,0,0,0,0,0,0,-0.596022,0,0,1,1,0,0,0,0,0,1,0,0,0,0,0,0.98479,0,0,0,0,0,0,0,0.299841,0,0,-0.652274,0,0,0,0,0,0,0,0,0,0,0,0,0,0,0,0,0,0,0,0,0,0,0,0,0,0,0,0,0,0,0,0,0,0,0,0,0,0,0,0,0,0,0,-0.652241,0,0,-0.645673,0,0,0,0,0,0,0,0,1,0,0,1
0,0,0,0,0,0,0,-0.765498,0,0,0,0,0,0,0,0,-0.754822,0,0,0,0,0,0,0,0,0,0,0,0,0,0,0,0.96648,0,0,0,0,0,0,0,0.531827,0,0,-0.62399,0,0,0,0,0,0,0,0,0,0,0,0,0,0,0,0,0,0,0,0,0,0,0,0,0,0,0,0,0,0,0,0,0,0,0,0,0,0,0,0,0,0,0,-0.559642,0,0,-0.665304,0,0,0,0,0,0,0,0,0,1,0,1
0,0,0,0,0,0,0,-0.585024,0,0,0,0,0,0,0,0,-0.583466,0,1,0,0,0,0,0,1,0,1,0,0,0,0,0,1.2025,2,0,0,0,0,0,0,1.531242,0,0,-0.712938,0,0,0,0,0,1,0,0,0,0,0,1,0,1,1,0,0,0,0,0,0,0,1,0,0,0,0,0,0,0,0,0,0,0,0,0,0,0,0,0,0,0,0,-0.770484,0,0,8.283457,0,0,0,0,0,0,0,0,0,0,1,1
0,0,0,0,0,0,0,-0.659885,0,0,0,0,0,0,0,0,-0.635669,0,0,0,0,0,0,0,0,0,0,0,0,0,0,0,1.43256,2,0,0,0,0,0,0,0.862059,0,0,-0.818512,0,0,0,0,0,0,0,1,0,0,1,0,0,0,0,0,0,0,0,0,0,0,0,0,0,0,0,0,0,0,0,0,0,0,0,0,0,0,0,0,0,0,0,-0.712394,0,0,-0.588637,0,0,0,0,0,0,0,0,0,0,1,1
0,0,0,0,0,0,0,-0.52413,0,0,0,0,0,0,0,0,-0.548225,0,0,0,0,0,0,0,0,0,0,0,0,0,0,0,1.63672,2,0,0,0,0,0,0,1.25284,0,0,-0.742151,0,0,0,0,0,0,0,0,0,0,0,0,0,0,0,0,0,0,0,0,0,0,0,0,0,0,0,0,0,0,0,0,0,0,0,0,0,0,0,0,0,0,0,-0.751802,0,0,-0.744921,0,0,0,0,0,0,0,0,0,0,0,1
0,0,0,0,0,0,0,-0.714019,0,0,0,0,0,0,0,1,-0.593246,0,0,0,0,0,0,0,0,0,0,0,0,0,1,0,1.42392,2,0,0,0,0,0,0,0.698756,0,0,-0.752815,0,0,0,0,0,0,0,0,0,0,0,1,0,0,0,0,0,0,1,0,0,0,1,0,0,0,0,0,0,0,0,0,0,0,0,0,0,0,1,0,0,0,0,-0.699277,0,0,-0.569526,0,0,0,0,0,0,0,0,0,0,1,1
0,0,0,0,0,0,0,-0.647141,0,0,0,0,0,0,0,0,-0.658825,0,0,0,0,0,0,0,0,0,0,0,0,0,0,0,0.7534,0,0,0,0,0,1,0,0.259259,0,0,-0.519116,0,0,0,0,0,0,0,0,0,0,0,0,0,1,0,0,0,0,0,0,1,0,0,0,0,0,1,0,0,0,0,0,0,0,0,0,0,0,0,0,0,0,0,1.57101,0,0,-0.688601,0,0,0,0,0,0,0,0,0,0,0,1
0,0,0,0,0,0,0,-0.727751,0,0,0,0,0,0,0,0,-0.634788,0,0,0,0,0,0,0,0,0,0,0,0,0,0,0,0.99013,0,0,0,0,0,0,0,1.337497,0,0,-0.647763,0,0,0,0,0,0,0,0,0,0,0,0,0,0,0,0,0,0,0,0,0,0,0,0,0,0,0,0,1,0,0,0,0,0,0,0,0,0,0,0,0,0,0,-0.398994,0,0,-0.605167,0,0,0,0,0,0,0,0,0,0,0,1
0,0,0,0,0,0,0,-0.764854,1,0,0,0,0,0,0,0,-0.720701,0,0,0,0,0,0,0,0,0,0,0,0,0,0,0,1.31752,1,0,0,0,0,0,0,0.406924,0,0,-0.732222,0,1,0,0,0,0,0,0,0,0,0,0,0,1,0,0,0,0,0,0,0,0,1,0,0,0,0,0,0,0,0,0,0,0,0,0,0,0,0,0,0,0,0,-0.627518,0,0,-0.7603,0,0,0,0,0,0,0,0,0,0,0,1
0,0,0,0,0,0,0,-0.690596,0,0,0,0,0,0,0,0,-0.646505,0,0,0,0,0,0,0,0,0,0,0,0,0,0,0,1.05799,2,0,0,0,0,0,0,1.262002,0,0,-0.681156,0,0,0,0,0,0,0,0,0,0,0,1,0,0,0,0,0,0,0,0,0,0,0,0,0,0,0,0,0,0,0,0,0,0,0,0,0,1,0,0,0,0,0,-0.718571,0,0,-0.728739,0,0,0,0,0,0,0,0,0,1,1,1
0,0,0,0,0,0,0,-0.700085,0,0,0,0,0,0,0,0,-0.736677,0,0,0,0,0,0,0,0,1,0,0,0,0,0,0,1.65507,1,0,0,0,0,0,0,0.65284,0,0,-0.788517,0,0,0,0,0,0,0,0,0,0,0,1,0,0,0,0,0,0,0,0,0,0,0,0,0,0,0,0,0,0,0,0,0,0,0,0,0,0,0,0,0,0,0,-0.619477,0,0,-0.398253,0,0,0,0,0,0,0,0,0,0,1,1
0,0,0,0,0,0,0,-0.789892,0,0,0,0,0,0,0,0,-0.629605,0,0,0,0,0,0,0,0,0,0,0,0,0,0,0,0.88168,0,0,0,0,0,0,0,0.293125,0,0,-0.617046,0,0,0,0,0,0,0,0,0,0,0,0,0,1,0,0,0,0,0,0,0,0,0,0,0,0,0,0,0,0,0,0,0,0,0,0,0,0,0,1,0,0,0,-0.582316,0,0,-0.590773,0,0,0,0,0,0,0,0,0,0,0,1
0,0,0,0,0,0,0,-0.763381,0,0,0,0,0,0,0,0,-0.598696,0,0,0,0,0,0,0,0,0,0,0,0,0,0,0,0.7414,0,0,0,0,0,0,0,0.214286,0,0,-0.544253,0,0,0,0,0,0,0,0,0,0,0,0,0,0,0,0,0,0,0,0,0,0,0,0,0,1,0,0,0,0,0,0,0,0,0,0,0,0,0,1,0,0,0,-0.547763,0,0,2.136684,0,0,0,0,0,0,0,1,0,0,0,1
0,0,0,0,0,0,0,-0.753708,0,0,0,0,0,0,0,0,-0.599754,0,0,0,0,0,0,0,1,0,0,0,0,0,0,0,0.96763,7,0,0,0,0,0,0,3.361827,0,0,-0.624262,0,0,0,0,0,0,0,0,0,0,0,0,0,0,0,0,0,0,0,0,0,0,0,0,0,0,0,0,0,0,0,0,0,0,0,0,1,0,0,0,0,0,0,-0.783459,0,0,-0.631169,0,0,0,0,0,0,0,0,0,0,1,1
0,0,0,0,1,0,0,-0.706706,0,0,0,0,0,0,0,0,-0.511042,0,0,0,0,0,0,0,0,0,0,0,0,0,1,0,1.69471,2,0,0,0,0,0,0,0.795046,0,0,-0.798599,0,0,0,0,0,0,0,0,0,0,0,0,0,1,0,0,0,0,0,0,0,0,0,0,0,0,1,0,0,0,0,0,0,0,0,0,0,0,0,0,0,0,0,-0.675503,0,0,-0.323288,0,0,0,0,0,0,0,0,0,0,1,1
0,0,0,0,0,0,0,-0.763344,0,0,0,0,0,0,0,0,-0.69783,0,0,0,0,0,0,0,0,0,0,0,0,0,0,0,1.15644,2,0,0,0,0,0,0,0.959228,0,0,-0.69625,0,0,0,0,0,0,0,0,0,0,0,1,0,0,0,0,0,0,0,0,0,0,0,0,0,0,0,0,0,0,0,0,0,0,0,0,0,1,0,0,0,0,0,-0.413965,0,0,-0.643313,0,0,0,0,0,0,0,0,0,0,1,1
0,0,0,0,0,0,0,-0.396329,0,0,0,0,0,0,0,1,-0.687176,0,0,0,0,0,0,0,0,0,0,0,0,0,0,0,1.01909,1,0,0,0,0,0,0,1.140462,0,0,-0.657991,0,0,0,0,0,0,1,0,0,0,0,1,0,0,0,0,0,0,0,0,0,0,0,0,0,0,0,0,0,0,0,0,0,0,0,0,0,0,0,0,0,0,0,-0.579542,0,0,-0.83679,0,0,0,0,0,0,0,0,0,0,1,1
0,0,0,0,0,0,0,-0.472704,0,0,0,0,0,0,0,0,-0.675402,0,0,0,0,0,0,0,0,0,0,0,0,0,0,0,0.86188,0,0,0,0,0,0,0,1.462576,0,0,-0.665618,0,0,0,0,0,0,0,0,0,0,0,0,0,0,0,0,0,0,0,0,0,0,0,0,0,0,0,0,0,0,0,0,0,0,0,0,0,0,0,0,0,0,0,-0.699004,0,0,-0.641463,0,0,0,0,0,0,0,0,0,0,1,1
0,0,0,0,0,0,0,-0.786958,0,0,0,0,0,0,0,0,-0.723175,0,0,0,0,0,0,1,0,0,0,0,0,0,0,0,1.89842,3,0,0,0,0,0,0,1.307584,0,0,-0.819437,0,0,0,0,0,0,0,0,0,0,0,1,0,0,0,0,0,0,0,0,1,0,0,0,1,0,0,0,0,0,0,0,0,0,0,0,0,0,0,0,0,0,0,-0.567214,0,0,-0.619164,0,0,0,0,1,0,0,0,1,0,0,1
0,0,0,0,0,0,0,-0.540811,0,0,0,0,0,0,0,1,-0.648089,0,0,0,0,0,0,0,0,0,0,0,0,0,0,0,0.52594,1,0,0,0,0,0,0,0.80995,0,0,-0.370328,0,0,0,0,0,0,0,0,0,0,0,0,0,0,0,0,0,0,0,0,0,0,0,0,0,0,0,0,1,0,0,0,0,0,0,0,0,0,0,0,0,0,0,-0.625595,0,0,-0.64575,0,0,0,0,0,0,0,0,0,0,0,1
0,0,0,0,0,0,0,-0.760484,0,0,0,0,0,0,0,0,-0.758869,0,0,0,0,0,0,0,0,0,0,0,0,0,0,0,1.3565,1,0,0,0,0,0,0,0.394391,0,0,-0.678484,0,0,0,0,0,0,0,0,0,0,0,0,0,0,0,0,0,0,0,0,0,0,0,0,0,0,0,0,1,0,0,0,0,0,0,0,0,0,0,0,0,0,0,-0.582093,0,0,-0.6183,0,0,0,0,0,0,0,0,0,0,0,1
0,0,0,0,0,0,0,-0.542613,0,0,0,0,0,0,0,0,-0.629014,0,0,0,1,0,0,0,0,0,0,0,0,0,0,0,1.11056,1,0,0,0,0,0,0,0.793102,0,0,-0.692157,0,0,0,0,0,0,0,0,0,0,0,0,0,0,0,0,0,0,0,0,0,0,0,0,0,0,0,0,1,0,0,0,0,0,0,0,0,0,0,0,0,0,0,-0.647784,0,0,-0.624273,0,0,0,0,0,0,0,0,0,0,1,1
0,0,0,0,0,0,0,-0.667265,0,0,0,0,0,0,0,0,-0.69549,0,0,0,0,0,0,0,0,0,0,0,0,0,0,0,0.94134,0,0,0,0,0,0,0,1.468328,0,0,-0.689954,0,0,0,0,0,0,0,0,0,0,0,0,0,0,0,0,0,0,0,0,0,0,0,0,0,0,0,0,0,0,0,0,0,0,0,0,0,0,1,0,0,0,0,-0.711486,0,0,-0.744174,0,0,0,0,0,0,0,0,0,1,0,1
0,0,0,0,0,0,0,-0.610644,0,0,0,0,0,0,0,1,-0.682286,0,0,0,0,0,0,0,0,0,0,0,0,0,0,0,0.91757,2,0,0,0,0,0,0,1.217716,0,0,-0.612949,0,1,0,0,0,0,0,0,0,0,0,0,0,1,0,0,0,0,0,0,1,0,0,0,0,0,0,0,0,0,0,0,0,0,0,0,0,0,0,0,0,0,0,-0.674861,0,0,-0.685012,0,0,0,0,0,0,0,0,0,0,1,1
0,0,0,0,0,0,0,-0.57783,0,0,0,0,0,0,0,0,-0.635088,0,0,0,0,0,0,0,0,0,0,0,0,0,0,0,0.7985,0,0,0,0,0,0,0,0.251368,0,0,-0.583771,0,0,0,0,0,0,0,0,0,0,0,0,0,0,0,0,0,1,0,0,1,0,0,0,0,0,0,0,0,0,0,0,0,0,0,0,0,0,0,0,0,0,0,-0.53718,0,0,-0.609637,0,0,0,0,0,0,0,0,0,0,0,1
0,0,0,0,1,0,0,-0.644547,0,0,0,0,0,0,0,0,-0.841409,0,0,0,1,0,0,0,0,0,0,0,0,0,0,0,0.77227,0,0,0,0,0,0,0,1.168063,0,0,-0.543917,0,0,0,0,0,0,0,0,0,0,0,0,0,0,0,0,0,0,0,0,0,0,0,0,0,0,0,0,0,0,0,0,0,0,0,0,0,0,0,0,0,0,0,-0.765404,0,0,-0.721355,0,0,0,0,0,0,0,0,0,0,0,1
0,0,0,1,0,0,0,-0.677872,0,0,0,0,0,0,0,0,-0.780642,0,0,0,0,0,0,0,0,0,0,0,0,0,0,0,0.83449,0,0,0,0,0,0,0,1.172115,0,0,-0.626771,0,0,0,0,0,0,0,0,0,0,0,0,0,0,0,0,0,0,0,0,0,0,0,0,0,0,0,0,0,0,0,0,0,0,0,0,0,0,0,0,0,0,0,-0.52356,0,0,-0.615214,0,0,0,0,0,0,0,0,0,0,0,1
0,0,0,1,0,0,0,-0.736786,0,0,0,0,0,0,0,0,2.109447,0,0,0,0,0,0,0,0,0,0,0,0,0,0,0,1.11475,1,0,0,0,0,0,0,0.322366,0,0,-0.677202,0,0,0,0,0,0,0,0,1,0,0,0,0,0,0,0,0,0,0,0,0,0,0,0,0,0,0,0,0,0,0,0,0,0,0,0,0,0,0,0,0,0,0,-0.75287,0,0,-0.654217,0,0,0,0,0,1,0,0,0,0,0,1
0,0,0,0,0,0,0,-0.615627,0,0,0,0,0,0,0,0,-0.56552,0,0,0,0,0,0,0,0,1,0,0,0,0,0,0,1.00299,0,0,0,0,0,0,0,0.666667,0,0,-0.750566,0,0,0,0,0,0,0,0,0,0,0,0,0,0,0,0,0,0,0,0,0,0,0,0,0,0,0,0,0,0,0,0,0,0,0,0,0,0,0,0,0,0,0,1.356862,0,0,-0.657882,0,0,0,0,0,0,0,0,0,0,0,1
0,0,0,0,0,0,0,-0.681626,0,0,0,0,0,0,0,0,-0.530861,0,0,0,0,0,0,0,0,0,0,0,0,0,0,0,1.32848,0,0,0,1,0,0,0,0.204008,0,0,-0.745406,0,0,0,0,0,0,0,0,0,0,0,0,0,0,0,0,0,0,0,0,0,0,0,0,0,0,0,0,0,0,0,0,0,0,0,0,0,0,0,0,0,0,0,-0.606277,0,0,-0.674064,0,1,0,0,0,0,0,0,0,0,0,1
0,0,0,0,0,0,1,-0.605797,0,0,0,1,0,1,0,0,-0.634546,0,0,0,0,0,0,0,0,0,1,0,0,0,0,0,1.68031,4,0,0,0,0,0,0,1.023398,0,0,-0.705855,0,0,0,0,0,0,0,0,0,0,0,0,0,0,0,0,0,0,0,0,1,0,1,0,0,0,0,0,0,0,0,0,0,0,0,0,0,1,0,0,0,0,0,-0.819301,0,0,-0.521674,0,0,0,0,0,0,0,0,0,0,1,1
0,0,0,0,0,0,0,-0.554285,0,0,0,0,0,0,0,0,-0.60975,0,0,0,0,0,0,0,0,0,0,0,0,0,0,0,1.30972,0,0,0,0,0,0,0,0.285758,0,0,-0.72519,0,0,0,0,0,0,0,0,0,0,0,0,0,1,0,0,0,0,0,0,0,1,0,0,0,0,0,0,0,0,0,0,0,0,0,0,0,0,0,0,0,0,0,-0.488293,0,0,-0.723587,0,0,0,0,0,0,0,0,0,0,0,1
0,0,0,0,0,0,0,-0.613803,0,0,0,0,0,0,0,0,-0.67067,0,1,0,0,0,0,0,0,0,0,0,0,0,0,0,0.8065,0,0,0,0,1,0,0,0.256597,0,0,-0.651986,0,0,0,0,0,0,0,0,0,0,1,0,0,0,0,0,0,0,0,0,0,1,0,0,0,0,0,0,0,0,0,0,0,0,0,0,0,0,0,0,0,0,0,-0.738998,0,0,-0.793576,0,0,0,0,0,0,0,0,0,0,0,1
0,0,0,1,0,0,0,-0.505909,0,0,0,0,0,0,0,0,-0.699492,0,0,0,0,0,0,0,0,0,0,0,0,0,0,0,1.6193,6,0,0,0,0,0,0,1.620735,0,0,-0.778431,0,0,0,0,0,0,0,0,0,0,0,0,0,0,0,0,0,0,0,0,0,0,0,0,0,0,0,0,0,0,0,0,1,0,0,0,0,0,0,0,0,0,0,-0.398082,0,0,-0.724285,0,0,0,0,0,0,0,1,0,0,1,1
0,0,0,0,0,0,0,-0.555086,0,0,0,0,0,0,0,0,-0.730179,0,0,0,0,0,0,0,0,0,0,1,0,0,0,0,1.35462,2,0,0,1,0,0,0,0.778483,0,0,-0.769564,1,0,0,0,0,0,0,0,0,0,0,0,0,0,0,0,1,0,0,0,0,0,0,0,0,0,0,0,0,0,0,0,0,0,0,0,0,0,0,0,0,1,0,-0.821534,0,0,-0.410229,0,0,0,0,0,0,0,1,0,0,0,1
0,0,0,0,0,0,0,-0.671238,0,0,0,0,0,0,0,0,-0.676161,0,0,0,0,0,0,0,0,0,0,0,0,0,0,0,0.83206,0,0,0,0,1,0,0,0.281772,0,0,-0.60838,0,0,0,0,0,0,0,0,0,0,0,0,0,0,0,0,0,0,0,0,0,1,0,0,0,0,0,0,0,0,0,0,0,0,0,0,0,0,0,0,0,0,0,-0.730314,0,0,-0.837028,0,0,0,0,0,0,0,0,0,0,0,1
0,0,0,0,0,0,0,-0.579447,0,0,0,0,0,0,0,0,-0.717048,0,0,1,0,0,0,0,0,0,0,0,0,0,0,0,0.84236,1,0,0,0,0,0,0,0.212462,0,0,-0.578961,0,0,0,0,0,0,0,0,0,0,0,0,0,0,0,0,0,0,0,0,0,0,0,0,0,0,0,0,0,0,0,0,0,0,0,0,0,0,0,0,0,0,0,-0.598888,0,0,-0.66731,0,0,0,0,0,0,0,0,0,0,0,1
0,0,0,0,0,1,0,-0.593912,0,0,0,0,0,0,1,0,-0.780208,0,0,0,0,0,0,0,0,0,0,0,0,1,0,0,1.77483,1,0,0,0,0,0,0,1.031426,0,0,-0.806442,0,0,0,0,0,0,0,0,0,0,0,0,0,0,0,0,0,0,0,0,0,0,0,0,0,0,0,0,0,0,0,0,0,0,0,0,0,0,0,0,0,0,0,-0.662838,0,0,-0.438465,0,0,0,0,0,1,0,0,0,0,1,1
0,0,0,0,0,0,0,-0.709188,0,0,0,0,0,0,0,0,-0.541523,0,0,0,0,0,0,0,0,0,0,0,0,0,1,0,1.37203,5,0,0,0,0,1,0,1.710963,0,0,-0.732647,0,0,0,0,0,0,0,0,0,0,0,0,0,0,0,0,0,0,1,0,0,0,0,0,0,0,0,0,0,0,0,0,0,0,0,0,0,0,0,1,0,0,0,-0.576813,0,0,-0.302379,0,0,0,0,0,0,0,0,0,0,1,1
0,0,0,0,0,0,0,-0.257396,0,0,0,0,0,0,0,0,-0.594154,0,0,1,0,0,0,0,0,0,0,0,0,0,0,0,1.37557,1,0,0,0,0,0,0,0.481758,0,0,-0.75462,0,0,0,0,0,0,0,0,0,0,0,0,0,0,0,0,0,0,0,0,0,0,1,0,0,0,0,0,0,0,0,0,0,0,0,0,0,0,0,0,0,0,0,-0.566751,0,0,-0.424023,0,0,0,0,0,0,0,0,1,0,1,1
0,0,0,0,0,0,0,-0.686796,0,0,0,0,0,0,0,0,-0.68449,0,0,0,1,0,0,0,0,0,0,0,0,0,0,0,0.87917,2,0,0,0,0,0,0,1.522712,0,0,-0.621682,0,0,0,0,0,0,0,0,0,0,0,0,0,0,0,0,0,0,0,0,1,0,0,0,0,0,0,0,0,0,0,0,0,0,0,0,0,1,0,0,0,0,0,-0.825334,0,0,-0.740501,0,0,0,0,0,1,0,0,1,0,1,1
0,0,0,0,0,0,0,-0.541151,1,0,0,0,0,0,0,0,-0.706066,0,0,0,0,0,0,0,0,0,0,0,0,0,0,0,1.44974,3,0,0,0,0,0,0,0.975719,1,0,-0.478071,0,0,0,0,0,0,0,0,0,0,0,0,0,0,0,0,0,1,0,0,0,1,0,0,0,0,1,0,0,0,0,0,1,0,0,0,0,0,0,0,0,0,0,-0.610209,0,0,-0.610871,0,0,0,0,0,0,0,1,0,1,1,1
0,0,0,0,0,0,0,-0.747873,0,0,0,1,0,0,0,0,-0.580096,0,0,0,0,1,0,0,0,0,0,0,0,0,0,0,1.45398,2,0,0,0,1,0,0,1.137304,0,0,-0.764783,0,0,0,0,0,0,0,0,1,0,0,0,0,0,0,0,0,0,0,1,0,1,0,0,0,0,0,0,0,0,0,0,0,0,0,0,0,0,0,0,0,0,0,-0.641682,0,0,-0.608298,0,0,0,0,0,0,0,0,0,1,1,1
0,0,0,0,0,0,0,-0.565371,0,0,0,0,0,0,0,1,-0.724151,0,0,0,0,0,0,0,0,0,0,0,0,0,0,0,1.00352,1,0,0,1,0,0,0,0.93699,0,0,-0.698179,0,0,0,0,0,0,0,0,0,0,0,0,0,0,0,0,0,0,0,0,0,0,0,0,0,0,0,0,0,0,0,0,0,0,1,0,0,0,0,0,0,0,0,-0.186554,0,0,-0.698557,0,0,0,0,0,0,0,0,0,0,1,1
0,0,0,0,0,0,0,-0.73164,0,0,0,0,0,0,0,0,-0.870442,0,0,0,0,0,0,0,0,0,0,0,0,0,0,0,0.6359,1,0,0,0,0,0,0,2.21675,0,0,-0.47934,0,0,0,0,0,0,0,0,1,0,0,0,0,0,0,0,0,0,0,0,0,0,0,0,0,0,0,0,0,0,0,0,0,0,0,0,0,0,0,0,0,0,0,-0.626554,0,0,-0.733682,0,0,0,0,0,0,0,0,0,0,1,1
0,0,0,0,0,0,0,-0.600229,0,0,0,0,0,0,0,0,-0.502262,0,0,0,0,0,0,0,0,0,0,0,0,0,0,0,1.16428,1,0,0,0,0,1,0,2.581846,0,0,-0.714541,0,0,0,0,0,0,0,0,0,0,0,0,0,0,0,0,0,0,0,1,0,0,0,0,0,0,0,0,0,0,0,0,0,0,0,0,0,0,0,0,0,0,0,-0.654582,0,0,-0.709636,0,0,0,0,1,0,0,0,0,0,1,1
0,0,0,0,0,0,0,-0.539265,0,0,0,0,0,0,0,0,-0.751136,0,0,0,0,0,0,0,0,0,0,0,0,0,0,0,1.08903,1,0,0,0,0,0,0,0.584381,0,0,-0.678124,0,0,0,0,0,0,0,0,0,0,0,0,0,0,0,0,0,0,0,0,0,1,0,0,0,0,1,0,0,0,0,0,0,0,0,0,0,0,0,0,0,0,0,-0.74935,0,0,-0.752729,0,0,0,0,0,0,0,0,0,0,0,1
0,0,0,0,0,0,0,-0.64301,0,0,0,0,0,0,0,0,-0.756474,0,0,0,0,0,0,0,0,0,0,0,0,0,0,0,0.68222,0,0,0,0,0,0,0,1.118591,0,0,-0.592943,0,0,0,0,0,0,0,0,0,0,0,0,0,0,0,0,0,0,0,0,1,0,0,0,0,0,1,0,0,0,0,0,0,0,0,0,0,0,0,0,0,0,0,-0.708873,0,0,-0.280238,0,0,0,0,0,0,0,1,0,0,0,1
0,0,0,0,0,0,0,-0.779715,0,0,0,0,0,0,0,0,-0.77711,0,0,0,0,0,0,0,1,0,0,0,0,0,0,0,0.65149,0,0,0,0,0,0,0,0.946685,0,0,-0.47545,0,0,0,0,0,0,0,0,0,0,0,0,0,0,0,0,0,1,0,0,0,0,0,0,0,0,1,0,0,0,0,0,0,0,0,0,0,0,0,0,0,0,0,-0.745115,0,0,-0.610397,0,0,0,0,0,0,0,0,1,0,0,1
0,0,0,0,0,0,0,-0.60871,0,0,0,0,0,0,0,0,-0.657973,0,1,0,0,0,0,0,0,1,0,0,0,0,0,0,0.81299,0,0,0,0,0,0,0,0.38098,0,0,-0.602002,0,0,0,0,0,0,0,0,0,0,0,0,0,0,0,0,0,0,0,0,0,0,0,0,0,0,0,0,0,0,0,0,0,0,0,0,0,0,0,0,0,0,0,-0.758559,0,0,-0.528846,0,0,0,0,0,0,0,0,0,0,0,1
0,0,0,0,0,0,0,-0.507036,0,0,0,0,0,0,0,0,-0.781947,0,0,0,0,0,0,0,0,0,0,0,0,0,0,0,0.98768,1,0,0,0,0,0,0,0.166667,0,0,-0.722007,0,0,0,0,0,0,0,0,0,0,0,1,0,0,0,0,0,0,0,0,0,1,1,0,0,0,0,0,0,0,0,0,0,0,0,0,0,0,0,0,0,0,0,-0.569316,0,0,-0.728669,0,0,0,0,0,0,0,0,0,0,0,1
0,0,0,0,0,0,0,-0.662747,0,0,0,0,0,0,0,0,-0.691691,0,0,0,0,0,0,0,0,0,0,0,0,0,0,0,0.83364,0,0,0,0,0,0,0,0.282541,0,0,-0.606891,0,0,0,0,0,0,0,0,0,0,0,0,0,0,0,0,0,1,0,0,0,0,0,0,0,0,0,0,0,0,0,0,0,0,0,0,0,0,0,0,0,0,0,-0.809541,0,0,-0.655651,0,0,0,0,0,1,0,0,0,0,0,1
0,0,0,0,0,0,0,-0.674423,0,0,0,0,0,0,0,0,-0.645142,0,0,0,0,0,0,0,0,1,0,0,0,0,0,0,2.38307,4,0,0,0,0,1,0,1.165848,0,0,-0.857006,0,0,0,0,0,0,0,0,0,0,0,1,0,0,0,0,0,0,0,0,0,1,0,0,0,1,0,0,0,0,0,0,0,0,0,0,1,0,0,0,0,0,0,-0.793215,0,0,-0.752727,0,0,0,0,0,0,0,0,0,0,0,1
0,0,0,0,0,0,0,-0.74784,0,0,0,0,0,0,0,0,-0.540987,0,0,0,0,0,0,0,0,0,0,0,0,0,0,0,0.85485,0,0,0,1,0,0,0,1.068347,0,0,-0.630509,0,0,0,0,0,0,0,0,0,0,0,1,0,0,0,0,0,0,0,0,0,0,0,0,0,0,0,0,0,0,0,0,0,0,0,0,0,0,0,0,0,0,0,-0.561724,0,0,-0.69939,0,0,0,0,0,0,0,0,1,0,0,1
0,0,0,0,0,0,0,-0.614949,0,0,0,0,0,0,0,0,-0.500825,0,0,0,0,0,0,0,0,0,0,0,0,1,0,0,1.59994,2,0,0,0,0,0,0,1.30816,1,0,-0.780472,0,0,0,0,0,0,0,0,0,0,0,0,0,0,0,0,0,0,0,1,0,0,0,0,0,0,0,0,0,0,0,0,1,0,0,1,0,0,0,1,0,0,0,-0.697189,0,1,-0.613665,0,0,0,0,1,0,0,0,0,1,1,1
0,0,0,0,0,0,0,-0.699352,0,0,0,0,0,0,0,0,-0.520713,0,0,0,0,0,1,0,0,0,0,0,0,0,0,0,2.05749,3,0,0,0,0,0,0,1.025769,0,0,-0.827907,0,0,0,0,0,0,0,0,0,0,0,0,0,0,0,0,0,0,0,0,0,0,0,0,0,0,1,0,0,0,0,0,0,0,0,0,1,1,0,0,0,1,0,-0.554195,0,0,-0.666586,0,0,0,0,0,0,0,0,1,0,0,1
0,0,0,0,0,0,0,-0.693759,0,0,0,0,0,0,0,0,-0.548822,0,0,0,0,0,0,0,0,0,0,0,0,0,0,0,0.88107,3,0,0,0,0,0,0,0.819934,0,0,-0.615938,0,0,0,0,0,0,0,0,0,0,0,0,0,0,0,0,0,0,0,0,1,0,0,0,0,0,0,0,1,0,0,0,0,1,0,0,0,0,0,0,0,0,0,-0.450246,0,0,-0.47978,0,0,0,0,0,0,0,0,0,0,0,1
0,0,0,0,0,0,0,-0.631768,0,0,0,0,0,0,0,0,9.52886,0,0,0,1,0,0,1,0,0,0,0,0,0,0,0,1.43212,4,0,1,0,0,0,0,1.780806,0,0,-0.759222,0,0,0,0,0,0,0,0,0,0,0,0,0,0,0,0,0,0,0,0,0,0,0,1,0,0,0,0,0,0,0,0,0,0,0,0,0,0,0,0,0,0,0,-0.459265,0,0,-0.784936,0,0,0,0,0,0,0,0,0,0,0,1
0,0,0,0,0,0,0,-0.666706,0,0,0,0,0,0,0,0,-0.586408,0,0,0,1,0,0,0,0,0,0,0,0,0,0,0,1.24796,0,0,0,1,0,0,0,0.257784,0,0,-0.74479,0,0,0,0,0,0,0,0,0,0,0,0,0,0,0,0,0,0,0,0,0,0,0,0,0,0,0,0,0,0,0,0,0,0,0,0,0,0,0,0,0,0,0,-0.515373,0,0,-0.698928,0,0,0,0,0,0,0,0,0,0,0,1
0,0,0,0,0,0,0,-0.513049,0,0,0,0,0,0,0,0,-0.810993,0,0,0,0,0,0,0,0,0,0,0,0,0,0,0,1.90495,2,0,0,0,0,0,0,0.431486,0,0,-0.786177,0,0,0,0,0,0,0,0,0,0,0,0,0,0,0,0,0,0,0,0,0,0,0,0,0,0,0,0,0,0,0,0,0,0,0,0,0,0,0,0,0,0,0,-0.767455,0,0,-0.72091,0,0,0,0,0,0,0,0,0,0,0,1
0,0,0,0,0,0,0,-0.752192,0,0,0,0,0,0,0,0,-0.618006,0,0,0,1,0,0,0,0,0,0,0,0,0,0,0,0.72066,0,0,0,0,0,0,0,1.771429,0,0,-0.391308,0,0,0,0,0,0,0,0,0,0,0,0,0,0,0,0,0,0,0,0,0,0,0,0,0,1,0,0,1,0,0,0,0,0,0,0,0,0,0,0,0,0,0,-0.600574,0,0,-0.799124,0,0,0,0,0,0,0,1,1,0,0,1
0,0,0,0,0,0,0,-0.568891,0,0,0,0,0,0,0,0,-0.604601,0,0,0,0,0,0,0,0,0,0,0,0,0,0,0,0.63274,0,0,0,0,0,0,0,0.757017,0,0,-0.456248,0,0,0,0,0,0,0,0,0,0,0,0,0,0,0,0,0,0,0,0,0,0,0,0,0,0,0,0,0,0,0,0,0,0,0,0,0,0,0,0,0,0,0,-0.673418,0,0,-0.396141,0,0,0,0,0,0,0,0,0,0,0,1
0,0,0,0,0,0,0,-0.762602,0,0,0,0,0,0,0,0,-0.701392,0,0,0,1,0,0,0,0,0,0,0,0,0,0,0,0.94881,1,0,0,0,0,1,0,1.219298,0,0,-0.632884,0,0,0,0,0,0,0,0,0,0,0,1,0,0,0,0,0,0,0,0,0,0,0,0,0,0,0,0,0,0,0,0,0,0,0,0,0,0,0,0,0,0,0,-0.69054,0,0,-0.625365,0,0,0,0,0,0,0,0,0,0,1,1
0,0,0,0,0,0,0,-0.568903,0,0,0,0,0,0,0,0,-0.628607,0,0,0,1,0,0,0,0,0,0,0,0,0,0,0,0.93308,1,0,0,0,0,0,0,0.937262,0,0,-0.635837,0,0,0,0,0,0,0,0,0,0,0,0,0,0,0,0,0,0,0,0,0,0,0,0,1,0,0,0,0,0,0,0,0,0,0,0,0,0,0,0,0,0,0,-0.581607,0,0,-0.723156,0,0,0,0,0,1,0,0,0,0,1,1
0,0,0,1,0,0,0,-0.714529,0,0,0,0,0,0,0,0,-0.717414,0,0,0,0,0,0,0,0,0,0,0,0,0,1,0,0.99482,1,0,0,0,0,0,0,0.55407,0,0,-0.661819,0,0,0,0,0,0,0,0,0,0,0,0,0,0,0,0,0,0,0,0,0,0,0,0,0,0,0,0,0,0,0,0,0,0,0,0,0,0,0,0,0,1,0,-0.636477,0,1,-0.661756,0,0,0,0,0,0,0,0,0,0,1,1
0,0,0,0,0,0,0,-0.709156,0,0,0,0,0,0,0,0,-0.8,0,0,0,0,0,0,0,0,0,0,0,0,0,0,0,1.06652,0,0,0,0,0,0,0,0.704982,0,0,-0.590615,0,0,0,0,0,0,0,0,0,0,1,1,0,0,0,0,0,0,0,0,0,0,0,0,0,0,0,0,0,0,0,0,0,0,0,0,0,0,0,0,0,0,0,-0.848359,0,0,-0.738827,0,0,0,0,0,0,0,0,0,0,0,1
0,0,0,0,0,0,0,-0.607403,0,0,0,0,0,0,0,0,-0.524758,0,0,0,0,0,0,0,0,0,0,0,0,0,1,0,1.36497,2,0,0,0,0,0,0,0.472766,0,0,-0.75457,0,0,0,0,0,0,0,0,0,0,0,0,0,0,0,0,0,1,0,1,0,0,0,0,0,1,0,0,0,0,0,0,0,0,0,0,0,0,1,0,0,0,0,-0.729793,0,0,-0.559718,0,0,0,0,0,0,0,0,0,0,0,1
0,0,0,0,0,0,0,-0.697838,0,0,0,0,0,0,0,0,-0.590429,0,0,0,0,0,0,0,0,0,0,0,0,0,0,0,1.08748,0,0,0,0,0,0,0,0.836961,0,0,-0.686611,0,0,0,0,0,0,0,0,0,0,0,0,0,0,0,0,0,0,0,0,0,0,0,0,0,0,0,0,0,0,0,0,0,0,0,0,0,0,0,0,0,0,0,-0.647452,0,0,-0.722661,0,0,0,0,0,0,0,0,0,0,1,1
0,0,0,0,0,0,0,-0.707353,0,0,0,0,0,0,0,0,-0.714494,0,0,0,0,0,0,0,1,0,0,0,0,0,0,0,0.71198,0,0,0,1,0,0,0,0.29772,0,0,-0.554578,0,0,0,0,0,0,0,0,0,0,0,0,0,0,0,0,0,0,0,0,0,0,0,0,0,1,0,0,0,0,0,0,0,0,0,0,0,0,0,0,0,0,0,-0.629514,0,0,-0.543878,0,0,0,0,0,0,0,0,0,0,0,1
0,0,0,0,0,0,0,-0.693921,0,0,0,0,0,0,0,0,-0.688191,0,0,0,0,0,0,0,0,0,0,0,0,0,0,0,0.86907,0,0,0,0,0,0,0,0.400442,0,0,-0.599648,0,0,0,0,0,0,0,0,0,0,1,0,0,0,0,0,0,0,0,1,0,0,0,0,0,0,1,0,0,0,0,0,0,0,0,0,0,0,0,0,0,0,0,-0.67851,0,0,-0.601239,0,0,0,0,0,0,0,0,0,0,0,1
0,0,0,0,0,0,0,-0.82637,0,0,0,0,0,0,0,0,-0.720163,0,0,0,0,0,0,0,0,0,0,0,0,0,0,0,1.91443,6,0,0,0,0,0,0,0.572735,0,0,-0.831051,0,0,0,0,0,0,0,0,0,0,0,1,0,0,0,0,0,0,0,0,0,0,0,0,0,0,0,0,0,0,0,0,0,0,0,0,0,0,0,0,0,1,0,-0.682957,0,0,-0.704207,0,0,0,0,0,0,0,0,1,0,1,1
0,0,0,0,0,0,0,-0.808983,0,0,0,0,0,0,0,0,-0.390847,0,0,0,0,0,0,0,0,0,0,0,0,0,0,0,1.00573,1,0,0,0,0,1,0,1.607423,0,0,-0.679603,0,0,0,0,0,0,0,0,0,0,0,0,0,0,0,0,0,0,0,0,0,0,0,0,0,0,0,0,0,0,0,0,0,0,0,0,0,0,0,0,0,0,0,-0.504634,0,0,-0.700198,0,0,0,0,0,1,0,0,0,0,0,1
0,0,0,1,0,0,0,-0.44414,0,0,0,0,0,0,0,1,-0.691142,0,0,0,0,0,0,0,0,0,0,0,0,0,1,0,1.2221,6,0,0,0,0,0,0,1.770498,0,0,-0.754227,1,0,0,0,0,0,0,0,0,0,0,0,0,0,0,0,0,0,0,0,0,1,0,0,0,0,0,0,0,1,0,0,0,0,0,0,0,0,0,0,0,0,0,-0.731799,0,0,-0.467193,0,0,0,0,0,0,0,0,0,0,1,1
0,0,0,0,0,0,0,-0.595439,0,0,0,0,0,0,0,0,-0.590237,0,0,0,0,0,0,0,1,0,0,0,0,0,1,0,0.96053,2,0,0,0,0,0,0,1.143312,0,0,-0.650554,0,0,0,0,0,0,0,0,0,0,0,0,0,1,0,0,1,0,0,0,0,0,0,0,1,0,0,0,0,0,0,0,0,0,0,0,0,0,0,0,0,0,0,-0.784869,0,0,-0.612948,0,0,0,0,0,0,0,0,0,0,1,1
0,0,0,0,0,0,0,-0.622861,0,0,0,0,0,0,0,0,-0.635776,0,0,0,0,0,0,0,0,0,0,0,0,0,0,0,1.61932,5,0,0,0,0,0,0,1.062234,0,0,-0.867718,0,0,0,0,0,0,0,0,0,1,0,0,0,0,0,0,0,0,0,0,0,0,0,0,0,0,0,0,0,0,0,0,0,0,0,0,0,0,0,0,0,0,0,-0.336937,0,0,-0.718895,0,0,0,0,0,0,0,0,0,0,1,1
0,0,0,0,0,0,0,-0.71888,0,0,0,0,0,0,0,0,-0.493691,0,0,0,0,0,0,0,0,0,0,0,0,0,0,0,1.11807,2,0,0,0,0,0,0,2.021882,0,0,-0.699129,0,0,0,0,0,0,0,0,0,0,1,0,0,0,0,0,0,0,0,0,1,1,0,0,0,0,0,0,0,0,0,0,0,0,0,0,0,0,0,0,0,0,0,-0.650482,0,0,-0.775035,0,0,0,0,0,0,0,0,0,0,1,1
0,0,0,0,0,0,0,-0.653413,0,0,0,1,0,0,0,0,-0.791501,0,0,0,0,0,0,0,0,0,0,0,0,0,0,0,1.18094,0,0,0,0,0,0,0,1.1738,0,0,-0.699337,0,0,0,0,0,0,0,0,0,0,0,0,0,0,0,0,0,0,0,0,0,0,0,0,0,0,0,0,0,0,0,0,0,0,0,0,0,0,0,0,0,0,0,-0.691214,0,0,-0.693702,0,0,0,0,0,1,0,0,0,0,0,1
0,0,0,0,0,0,0,-0.761836,0,0,0,0,0,0,0,0,-0.630985,0,0,0,0,0,0,0,0,1,0,0,0,0,0,0,0.91968,1,0,0,0,0,0,0,1.917027,0,0,-0.6293,0,0,0,0,0,0,0,0,0,0,1,0,0,0,0,0,0,0,0,0,0,0,0,0,0,0,0,0,0,0,0,0,0,0,0,0,0,0,0,0,0,0,0,-0.409711,0,0,-0.599417,0,0,0,0,0,0,0,0,0,0,1,1
0,0,0,0,0,0,0,-0.780497,0,0,0,0,0,0,0,1,-0.641356,0,0,0,1,0,0,0,0,0,0,0,0,0,0,0,1.77082,5,0,0,0,0,0,0,0.565454,0,0,-0.806073,0,0,0,0,0,0,0,0,0,0,0,0,0,0,0,0,0,0,0,0,0,0,0,0,0,0,0,0,0,0,0,0,0,0,0,0,0,0,0,0,0,0,0,-0.648564,0,0,-0.803933,0,0,0,0,0,0,0,0,0,0,1,1
0,0,0,0,0,0,0,-0.657764,0,0,0,0,0,0,0,0,-0.659396,0,0,0,0,0,0,0,0,0,0,0,0,0,0,0,1.09633,0,0,0,0,0,0,0,1.619237,0,0,-0.717926,0,0,0,0,0,0,0,0,0,0,0,0,0,0,0,0,0,0,0,0,0,0,0,0,0,0,1,0,1,0,0,0,0,0,0,0,0,0,0,0,0,0,0,-0.736921,0,0,-0.570969,0,0,0,0,0,0,0,0,0,0,0,1
0,0,0,0,0,0,0,-0.62577,0,0,0,0,0,1,0,0,-0.676603,0,0,0,0,0,0,0,0,0,0,0,0,0,0,0,1.61208,3,0,0,0,1,0,0,0.838292,0,0,-0.688014,0,0,1,0,0,1,0,0,0,0,0,0,0,0,0,0,0,0,0,0,0,0,0,0,0,0,0,0,0,0,0,0,0,0,0,0,0,0,0,0,0,0,0,-0.393241,0,0,-0.747711,0,0,0,0,0,0,0,0,0,0,1,1
0,0,0,0,0,0,0,-0.56253,0,0,0,0,0,0,0,0,-0.599069,0,0,0,0,0,0,0,0,0,0,0,0,0,1,0,0.87978,0,0,0,0,1,0,0,0.299868,0,0,-0.641904,0,0,0,0,0,0,0,0,0,0,0,0,0,0,0,0,0,0,0,0,0,0,0,0,0,0,0,0,0,0,0,0,0,0,0,0,0,1,0,0,0,0,0,-0.752376,0,0,-0.690001,0,0,0,0,0,1,0,0,0,0,0,1
0,0,0,0,0,0,0,-0.789564,0,0,0,0,0,0,0,0,-0.647937,0,0,0,0,0,0,0,0,0,0,0,0,0,0,0,1.28842,4,0,0,0,0,0,0,0.857775,0,0,-0.733017,0,0,0,0,0,0,1,0,0,0,1,0,0,0,0,0,0,0,0,0,0,0,0,0,0,0,0,0,0,0,0,0,0,1,0,0,0,0,0,0,0,0,0,-0.679438,0,0,-0.620855,0,0,0,0,1,0,0,0,0,0,1,1
0,0,0,0,0,0,0,-0.639372,0,0,0,0,0,0,0,1,-0.837799,0,0,0,1,0,0,0,0,0,0,0,0,0,0,0,1.09184,1,0,0,0,0,0,0,1.251075,0,0,-0.683283,0,0,0,0,0,0,0,0,0,0,0,0,0,1,0,0,0,0,0,0,1,0,0,0,0,0,0,0,0,0,0,0,0,0,0,0,0,0,0,0,0,1,0,-0.672763,0,0,-0.409071,0,0,0,0,0,0,0,0,0,0,0,1
0,0,0,0,0,0,0,-0.68004,0,0,0,0,0,0,0,0,-0.872042,0,0,0,0,0,0,0,0,0,0,0,0,0,0,0,2.0259,4,0,0,0,0,0,0,0.663543,0,0,-0.831757,0,0,0,0,1,0,0,0,0,0,1,0,0,0,0,0,0,0,0,1,0,0,0,0,0,0,0,0,0,0,0,0,0,0,0,0,0,0,0,0,0,1,0,-0.729965,0,0,-0.756663,0,0,0,0,0,0,0,0,0,0,1,1
0,0,0,0,0,0,0,-0.800648,0,0,0,0,0,0,0,0,-0.738438,0,0,0,0,0,0,0,0,0,0,0,0,0,0,0,0.9496,2,0,0,0,0,0,0,1.895653,0,0,-0.556249,0,0,0,0,0,0,0,0,1,0,0,1,0,0,0,0,0,0,0,1,0,0,0,0,0,0,0,0,0,0,0,0,0,0,0,0,0,0,0,0,0,0,0,-0.740601,0,0,-0.536984,0,0,0,0,0,0,0,0,0,1,0,1
0,0,0,0,0,0,0,-0.605636,0,0,0,0,0,0,0,0,-0.733327,0,0,0,0,0,0,0,0,0,0,0,0,0,1,0,1.11278,0,0,0,0,0,0,0,1.044636,0,0,-0.706203,0,0,0,0,0,0,0,0,0,0,1,0,0,0,0,0,0,0,0,0,0,0,0,0,0,0,0,0,1,0,0,0,0,0,0,0,0,0,0,0,0,0,0,-0.877063,0,0,-0.828571,0,0,0,0,0,0,0,0,0,0,1,1
0,0,0,0,0,1,0,-0.72182,0,0,0,0,0,0,0,0,-0.768421,0,0,0,0,0,0,0,0,0,0,0,0,0,0,0,1.1114,6,0,0,0,0,1,0,1.205825,0,0,-0.76603,0,0,0,0,0,0,0,0,0,0,0,0,0,0,0,0,0,0,0,0,0,0,0,0,0,0,0,0,0,0,0,0,0,0,0,0,0,1,0,0,0,0,0,-0.656739,0,0,-0.779762,0,0,0,0,0,0,0,0,1,0,0,1
0,0,0,0,0,0,0,-0.832545,0,0,0,0,0,0,0,0,-0.686883,0,0,1,0,0,0,0,0,0,0,0,0,0,0,0,1.05107,0,0,0,0,0,1,0,0.873995,0,0,-0.656963,0,1,0,0,0,0,0,0,0,0,0,0,0,0,0,0,0,0,0,0,0,0,0,0,0,0,0,0,0,0,0,0,0,0,0,0,0,0,0,0,0,0,0,-0.743489,0,0,-0.666057,0,0,0,0,0,0,0,0,0,0,0,1
0,0,0,0,0,0,0,-0.543351,0,0,0,0,0,0,0,0,-0.586211,0,0,0,1,0,0,0,1,0,0,0,0,0,0,0,1.76568,2,0,0,0,0,0,0,0.649531,0,0,-0.805089,0,0,0,0,0,0,0,0,0,0,0,0,0,0,0,0,0,0,0,0,0,1,1,0,0,0,0,0,0,0,0,0,0,0,0,0,0,0,0,0,0,0,0,-0.628301,0,0,-0.48859,0,0,0,0,0,1,0,0,0,0,1,1
0,0,0,0,1,0,0,-0.590661,0,0,0,0,0,0,0,0,-0.715454,0,0,1,0,0,0,0,0,0,0,0,0,0,0,0,1.22387,1,0,0,0,0,0,0,0.825999,0,0,-0.743861,0,0,0,0,0,0,0,0,0,0,0,0,0,0,0,0,0,0,0,0,0,0,0,0,0,0,0,0,0,0,0,0,0,0,0,0,0,0,0,0,0,0,0,-0.765834,0,0,-0.654994,0,0,0,0,0,0,0,1,0,0,1,1
0,0,0,0,0,0,0,-0.738037,0,0,0,0,0,0,0,0,-0.633036,0,0,0,0,0,0,0,0,0,0,0,0,0,0,0,1.37041,1,0,0,1,0,0,0,0.59402,0,0,-0.750511,0,0,0,0,0,0,0,0,0,0,0,1,0,0,0,0,0,0,0,0,0,0,0,0,0,0,0,0,0,0,0,0,0,0,0,0,0,0,0,0,0,0,0,-0.559767,0,0,-0.737757,0,0,0,0,0,0,0,0,0,0,1,1
0,0,0,0,0,0,0,-0.623424,0,0,0,0,0,0,0,0,-0.629715,0,0,0,0,0,0,0,0,0,0,0,0,0,0,0,1.02006,1,0,0,0,1,0,0,1.4448,0,0,-0.664597,0,0,0,0,0,0,0,0,0,0,0,0,0,0,0,0,0,0,0,0,0,0,0,0,0,0,0,0,0,0,0,0,0,0,0,0,0,0,0,1,0,0,0,-0.648587,0,0,-0.67739,0,0,0,0,0,0,0,0,0,0,1,1
0,0,0,0,0,0,0,-0.596963,0,0,0,0,0,0,0,0,-0.690041,0,0,0,0,0,0,0,1,0,0,0,0,0,0,0,1.38415,0,0,0,0,0,0,0,1.483176,0,0,-0.757273,0,0,0,0,0,0,1,0,0,0,0,0,0,0,0,0,0,0,0,0,0,0,0,0,0,0,0,0,0,0,0,0,0,0,0,0,0,0,0,0,0,0,0,-0.706553,0,0,-0.709506,0,1,0,0,0,0,0,0,0,0,1,1
0,0,0,1,0,0,0,-0.819147,0,0,0,0,0,0,0,0,-0.623931,0,0,1,0,0,0,0,0,0,0,0,0,0,0,0,1.4318,3,0,0,1,0,0,0,0.63287,0,0,-0.763257,0,0,0,0,0,0,0,0,0,0,0,0,0,0,0,0,0,0,0,0,0,0,0,0,0,0,0,0,1,0,0,0,0,0,1,0,0,0,0,1,0,0,0,-0.767,0,0,-0.610043,0,0,0,0,0,0,0,0,0,0,1,1
0,0,0,1,0,0,0,-0.749992,0,0,0,0,0,0,0,0,-0.597655,0,0,0,0,0,0,0,0,1,0,0,0,0,0,0,0.97384,0,0,0,0,0,0,0,0.205746,0,0,-0.650779,0,0,0,0,0,0,0,0,0,0,0,0,0,0,0,0,1,0,0,1,1,0,0,0,0,0,0,0,0,0,0,0,0,0,0,0,0,0,0,0,0,0,0,-0.641538,0,0,-0.647458,0,0,0,0,0,1,0,0,0,0,0,1
0,0,0,0,0,0,0,-0.636841,0,0,0,0,0,0,0,0,-0.640358,0,0,0,0,0,0,0,0,0,0,0,0,0,0,0,1.25129,2,0,0,0,0,0,0,0.512954,0,0,-0.719726,0,0,0,0,0,0,0,0,0,0,0,0,0,1,0,0,0,0,0,0,0,0,0,0,0,0,0,0,0,0,0,0,0,0,0,0,0,0,0,0,0,0,0,-0.657635,0,0,-0.687416,0,0,0,0,0,0,0,0,0,1,0,1
0,0,0,0,0,0,0,-0.677564,0,0,0,0,0,0,1,0,-0.707117,0,0,0,0,0,0,0,0,0,0,0,0,0,0,0,1.6445,10,0,0,0,0,0,0,1.419417,0,0,-0.758827,0,0,0,0,0,0,0,0,0,0,0,0,0,0,0,0,0,0,0,0,0,0,0,0,0,0,0,0,0,0,0,0,0,0,0,0,0,0,0,0,0,0,0,-0.778917,0,0,-0.647385,0,0,0,0,0,0,0,1,0,0,0,1
0,0,0,0,0,0,0,-0.678081,0,0,0,0,0,0,0,0,-0.658681,0,0,0,0,0,0,0,0,0,1,0,0,0,0,0,0.94682,1,0,0,0,1,0,0,2.387674,0,0,-0.670933,0,0,0,0,0,0,0,0,0,0,0,0,0,0,0,0,0,0,0,0,0,0,0,0,0,0,0,0,0,0,0,0,0,0,0,0,0,0,0,0,0,0,0,-0.581546,0,0,-0.706533,0,0,0,0,0,0,0,0,1,0,0,1
0,0,0,1,0,0,0,-0.752953,0,0,0,0,0,0,0,0,-0.764535,0,1,0,0,0,0,0,0,0,0,0,0,0,1,0,1.92195,4,0,0,0,0,0,0,0.938021,0,0,-0.870519,0,0,0,0,0,0,0,0,0,0,0,0,0,1,0,0,0,0,0,0,0,0,0,0,0,0,0,0,0,0,0,0,0,1,0,0,0,0,0,0,0,0,0,-0.633938,0,0,-0.562004,0,0,0,0,0,0,0,0,1,0,1,1
0,0,0,0,0,0,0,-0.653118,0,0,0,0,0,0,0,0,-0.625186,0,0,0,0,0,0,0,0,0,0,0,0,0,0,0,0.54804,0,0,0,1,0,0,0,0.587667,0,0,-0.341157,0,0,0,0,0,0,0,0,0,0,0,0,0,0,0,0,0,1,0,0,0,0,0,0,0,0,0,0,0,0,0,0,0,0,0,0,0,0,0,0,0,0,0,-0.741547,0,0,-0.807767,0,0,0,0,0,0,0,1,0,0,0,1
0,0,0,0,0,0,0,2.75056,0,0,0,0,0,0,0,0,-0.745854,0,0,0,0,0,0,0,0,0,0,0,0,0,0,0,1.54046,1,0,0,1,1,1,0,0.65782,0,0,-0.796416,0,0,0,0,0,0,0,0,0,0,0,0,0,0,0,0,0,0,0,0,0,0,0,0,0,0,0,0,0,0,0,0,0,0,0,0,0,0,0,0,0,0,0,-0.587859,0,0,-0.661715,0,0,0,0,0,0,0,0,0,0,1,1
0,0,0,0,0,0,0,-0.648668,0,0,0,0,0,0,0,0,-0.676049,0,0,0,0,0,0,0,0,0,0,0,0,0,0,0,1.14172,1,0,0,1,1,0,0,1.467056,0,0,-0.699779,0,0,0,0,0,0,0,0,0,0,0,0,0,0,0,0,0,0,0,0,0,0,0,0,0,0,0,0,0,0,0,0,0,0,0,0,0,0,0,0,0,0,0,-0.686822,0,0,-0.689524,0,0,0,0,0,0,0,0,0,0,1,1
0,0,0,0,0,0,0,-0.566297,0,0,0,0,0,0,0,0,-0.620535,0,0,0,1,0,0,0,0,0,1,0,0,0,0,0,1.00207,0,0,0,0,0,0,0,0.285714,0,0,-0.651775,0,0,0,0,0,0,0,0,0,0,0,0,0,0,0,0,0,0,0,0,0,0,0,0,0,0,0,0,0,0,0,0,0,0,0,0,0,0,0,0,0,0,0,-0.53232,0,0,-0.677363,0,0,0,0,0,0,0,0,0,0,0,1
0,0,0,0,0,0,0,-0.688657,0,0,0,0,0,0,0,0,-0.694484,0,0,0,0,0,0,0,0,0,0,0,0,0,0,0,1.59464,3,0,0,0,1,0,0,0.746567,0,0,-0.766542,0,0,0,0,1,0,0,0,0,0,0,0,0,0,0,0,0,0,0,0,0,0,0,0,0,0,0,0,0,0,0,0,0,0,0,0,0,0,0,0,0,0,0,-0.801749,0,0,-0.668934,0,0,0,0,0,0,0,0,0,0,1,1
0,0,0,0,0,0,0,-0.58768,0,0,0,0,0,0,0,1,-0.646952,0,0,0,0,0,0,0,1,0,0,0,0,0,0,0,1.85445,9,0,0,0,0,0,0,1.47625,0,0,-0.806516,0,0,0,0,0,0,0,0,0,0,0,0,0,0,0,0,0,0,0,0,0,0,0,0,0,0,0,0,0,0,0,0,0,0,0,0,1,0,0,0,0,0,0,-0.681853,0,0,-0.765442,0,0,0,0,0,0,0,0,0,0,1,1
0,0,0,0,0,0,0,-0.88006,0,0,0,0,0,0,0,0,-0.614194,0,0,0,1,0,0,0,0,0,0,0,0,0,0,0,1.58624,2,0,0,0,0,0,0,1.033328,0,0,-0.78824,0,0,0,0,0,0,0,0,0,0,0,0,0,0,0,0,0,0,0,0,0,0,0,0,0,0,0,0,1,0,0,0,0,0,0,1,0,0,0,0,0,0,0,-0.622375,0,0,-0.719968,0,0,0,0,0,0,0,1,1,0,1,1
0,0,0,0,0,1,0,-0.745314,0,0,0,0,0,0,1,0,-0.861903,0,0,0,0,0,0,0,0,0,0,1,0,1,0,0,1.21788,7,0,0,0,0,0,0,1.293123,0,0,-0.704325,0,0,0,0,0,0,0,0,0,0,0,0,0,0,0,0,0,0,0,0,0,0,0,0,0,0,0,0,0,0,0,0,0,0,0,0,0,0,0,1,0,0,0,-0.649977,0,0,-0.551874,0,0,0,0,0,0,0,0,0,0,1,1
0,0,0,0,0,0,0,-0.658361,0,0,0,0,0,0,0,0,-0.566319,0,0,0,1,0,0,0,0,0,0,0,0,0,0,0,0.80115,0,0,0,0,0,0,0,0.171676,0,0,-0.572074,0,0,0,0,0,0,0,0,0,0,0,0,0,0,0,0,0,0,0,0,0,0,0,0,0,0,0,0,0,0,0,0,0,0,0,0,0,0,0,0,0,0,0,-0.618515,0,0,-0.672898,0,0,0,0,0,0,0,0,0,0,0,1
0,0,0,0,0,0,0,-0.498151,0,0,0,0,0,0,0,0,-0.604288,0,0,0,0,0,0,0,0,0,0,0,0,0,0,0,1.3215,3,0,0,1,0,0,0,1.20328,0,0,-0.741151,0,0,0,0,0,0,0,0,0,0,0,0,0,0,0,0,0,0,0,0,0,0,0,0,0,0,0,0,0,0,0,0,0,0,0,1,0,0,0,0,0,0,0,-0.528291,0,0,-0.718557,0,0,0,0,0,0,0,1,0,0,1,1
0,0,0,0,0,0,0,-0.518962,0,0,0,0,0,0,0,0,-0.608356,0,0,0,0,0,0,0,0,0,0,0,0,0,0,0,1.17213,0,0,0,0,0,0,0,1.43905,0,0,-0.719245,0,0,0,0,0,0,0,0,0,0,0,0,0,0,0,0,0,0,0,0,0,0,0,0,0,0,0,0,0,0,0,0,0,0,0,1,0,0,0,0,0,0,0,-0.568081,0,0,-0.781013,0,0,0,0,0,0,0,0,0,0,1,1
0,0,0,0,0,0,0,-0.598052,0,0,0,0,0,0,0,0,-0.693991,0,1,1,0,0,0,0,0,0,0,0,0,0,0,0,1.63977,5,0,0,0,0,0,0,0.677613,0,0,-0.7763,0,0,0,0,0,0,0,0,0,0,1,0,0,0,0,0,0,0,0,0,0,0,0,0,0,0,0,0,1,0,0,0,0,1,0,0,0,0,0,0,0,0,0,-0.709827,0,0,-0.742423,0,0,0,0,0,0,0,0,0,0,1,1
0,0,0,0,0,0,0,-0.769513,0,0,0,0,0,0,0,1,-0.699469,0,0,0,0,1,0,0,0,0,0,0,0,0,0,0,0.95746,0,0,0,0,0,0,0,1.328431,0,0,-0.668465,0,0,0,0,0,0,0,0,0,0,0,0,0,0,0,0,0,0,0,0,1,0,0,0,0,0,0,0,0,0,0,0,0,0,0,0,0,0,0,0,0,0,0,-0.614249,0,1,-0.600284,0,0,0,0,0,0,0,0,0,0,0,1
0,0,0,1,1,0,0,-0.666007,0,0,0,0,0,0,0,0,-0.754395,0,0,0,0,0,0,0,0,0,0,0,0,0,0,0,0.9927,1,0,0,1,0,0,0,0.862359,0,0,-0.644906,0,0,0,0,0,0,0,0,0,0,0,0,0,1,0,0,0,0,0,0,0,0,0,0,0,0,0,0,0,0,0,0,0,0,0,0,0,0,0,0,0,0,0,-0.641893,0,0,-0.659601,0,0,0,0,0,0,0,1,0,0,1,1
0,0,0,0,0,0,0,-0.709454,0,0,0,0,0,0,0,0,-0.608484,0,0,0,0,0,0,0,0,0,0,0,0,0,0,0,0.86616,0,0,0,0,1,0,0,0.178405,0,0,-0.600638,0,0,0,0,0,0,0,0,0,0,1,0,0,0,0,0,0,0,0,0,1,0,0,0,0,0,0,0,1,0,0,0,0,0,0,0,0,1,0,1,0,0,0,-0.748722,0,0,-0.633349,0,0,0,0,0,0,0,0,0,0,0,1
0,0,0,0,0,0,0,-0.519404,0,0,0,0,0,0,0,0,-0.73376,0,0,0,0,0,0,0,0,0,0,0,0,0,0,0,1.27209,3,0,0,0,0,0,0,1.267788,0,0,-0.725864,0,0,0,0,0,0,0,0,0,0,0,0,0,0,1,0,0,0,0,0,0,0,0,0,0,0,1,0,1,0,0,0,0,0,0,0,0,0,0,0,0,0,0,-0.500006,0,0,-0.772729,0,0,0,0,0,1,0,0,0,0,1,1
0,0,0,0,0,0,0,-0.598088,0,0,0,0,0,0,0,0,-0.629526,0,0,0,0,0,0,0,0,0,0,0,0,0,0,0,0.52159,0,0,0,0,0,0,0,0.854095,0,0,-0.472385,0,0,0,0,0,0,0,0,0,0,0,0,0,0,0,0,0,0,0,0,0,0,0,0,0,0,0,0,0,0,0,0,0,0,0,0,0,0,0,0,0,0,0,-0.675001,0,0,-0.553445,0,0,0,0,1,0,0,0,0,0,0,1
1,0,0,0,0,0,0,-0.616129,0,0,0,0,0,0,0,0,-0.338966,0,0,0,0,0,0,0,0,0,0,0,0,0,0,0,1.65032,1,0,0,0,0,0,0,0.704237,0,0,-0.785666,0,0,0,0,0,0,0,0,0,0,1,0,0,1,0,0,0,0,0,0,0,0,0,0,0,0,0,0,0,0,0,0,0,0,0,0,0,0,0,0,0,0,0,-0.765431,0,0,-0.699537,0,0,0,0,0,0,0,0,0,1,1,1
0,0,0,0,0,0,0,-0.333103,0,0,0,0,0,0,0,0,-0.720248,0,0,0,0,0,0,0,0,0,0,0,0,0,0,0,1.30428,4,0,0,0,0,0,0,2.651358,0,0,-0.64585,0,0,0,0,0,0,0,0,0,0,0,0,0,0,0,0,0,0,0,1,0,0,0,0,0,0,0,0,0,0,0,0,0,0,0,0,0,0,0,1,0,0,0,-0.756958,0,0,-0.63958,0,0,0,0,0,0,0,0,0,0,1,1
0,0,0,0,0,0,0,-0.45256,0,0,0,0,0,0,1,0,-0.554395,0,1,0,0,0,0,0,0,0,0,0,0,0,0,0,1.28369,6,0,0,0,0,0,0,1.496289,0,0,-0.735423,0,0,0,0,0,0,0,0,0,0,0,1,0,0,0,0,0,0,0,1,0,0,1,0,0,0,0,0,0,0,0,0,1,0,0,0,0,0,0,0,0,0,0,-0.678116,0,0,-0.681244,0,0,0,0,0,0,0,0,0,0,1,1
0,0,0,0,0,0,0,-0.737541,0,0,0,0,0,0,0,0,-0.544032,0,0,0,0,0,0,0,0,0,0,0,0,0,0,0,1.46051,3,0,0,0,0,0,1,0.849613,0,0,-0.759636,0,0,1,0,0,0,0,1,0,0,1,0,0,0,0,0,0,0,0,0,0,0,0,0,0,0,0,0,0,0,0,0,0,0,0,0,0,0,0,0,0,0,0,-0.626656,0,0,-0.758211,0,0,0,0,0,0,0,0,0,0,1,1
0,0,0,0,0,1,0,-0.659457,1,0,0,0,0,0,0,0,-0.654837,0,0,0,0,0,0,0,0,0,0,0,0,0,0,0,1.01667,5,0,0,0,0,0,0,2.337482,0,1,-0.671433,0,0,0,0,0,0,1,0,0,0,0,0,0,0,0,0,0,0,0,0,1,0,0,0,0,0,0,0,0,0,0,0,0,0,0,0,0,0,1,0,0,0,0,-0.598743,0,0,-0.552227,0,0,0,0,0,0,0,0,0,0,1,1
0,0,0,0,0,0,0,-0.80558,0,0,0,0,0,0,0,0,-0.703637,0,0,0,0,0,0,0,0,0,0,0,0,0,0,0,0.7215,0,0,0,0,1,0,0,1.035204,0,0,-0.492831,0,0,0,0,0,0,0,0,0,0,0,0,0,0,0,0,0,0,0,0,0,0,0,0,0,0,0,0,0,0,0,0,0,0,1,0,0,0,0,0,0,0,0,-0.586297,0,0,-0.647842,0,0,0,0,0,0,0,0,0,0,0,1
0,0,0,0,0,0,0,-0.587853,0,0,0,0,0,0,0,0,-0.544362,0,0,0,0,0,0,0,0,0,1,0,0,0,0,0,1.38052,0,0,0,0,0,0,0,0.454977,0,0,-0.7512,0,0,0,0,0,0,0,0,0,0,0,1,0,0,0,0,0,0,0,0,0,0,0,0,0,0,0,0,0,0,0,0,0,0,0,0,0,0,0,0,0,0,0,-0.66467,0,0,-0.739028,0,0,0,0,0,0,0,1,0,0,0,1
0,0,0,0,0,0,0,-0.731444,0,0,0,0,0,0,0,0,-0.637193,0,0,1,0,0,0,1,0,0,0,0,0,0,0,0,1.22135,5,0,0,0,0,0,0,0.881156,0,0,-0.707729,0,0,0,0,0,0,0,0,0,0,0,0,0,0,0,0,0,0,0,0,0,0,0,0,0,0,0,0,0,0,0,0,0,0,0,0,0,0,0,1,0,1,0,-0.710992,0,0,-0.743882,0,0,0,0,0,0,0,0,0,0,0,1
0,0,0,0,0,0,0,-0.335254,0,0,0,0,0,0,0,0,-0.555461,0,0,0,0,0,0,0,0,0,0,0,0,0,0,0,1.29322,1,0,0,1,1,0,0,1.00772,0,0,-0.72591,0,0,0,0,0,0,0,0,0,0,0,0,0,0,0,0,0,0,0,0,0,0,0,0,0,0,0,0,0,0,0,0,0,0,0,0,0,0,0,0,0,0,0,-0.594261,0,0,-0.736009,0,0,0,0,0,0,0,0,1,0,1,1
0,0,0,0,0,0,0,-0.212513,0,0,0,0,0,0,0,0,-0.660132,0,0,0,0,0,0,0,0,1,0,0,0,0,0,0,0.83061,2,0,0,0,0,0,0,1.47151,0,0,-0.593504,0,1,0,0,0,0,0,0,0,0,0,0,0,0,0,0,0,0,0,0,0,0,0,0,0,1,0,0,0,0,0,0,0,0,0,0,0,0,0,0,0,0,0,-0.552431,0,0,-0.432013,0,0,0,0,0,0,0,0,0,0,1,1
0,0,0,0,0,0,0,-0.77714,0,0,0,0,0,0,0,0,-0.810463,0,0,0,0,0,0,0,0,0,0,1,0,0,0,0,2.52219,14,1,0,0,0,0,0,0.673994,0,0,-0.858482,0,1,0,0,0,0,0,0,0,0,0,1,0,0,0,0,0,0,0,0,0,1,0,0,0,0,0,0,0,0,0,0,0,0,0,0,0,0,0,0,0,0,0,-0.13006,0,0,-0.694352,0,0,0,0,0,0,0,0,0,0,1,1
0,0,0,0,0,0,0,-0.748268,0,0,0,0,0,0,0,0,-0.632063,0,0,0,0,0,0,0,0,0,0,0,0,0,0,0,0.92901,0,0,0,0,0,0,0,0.264706,0,0,-0.654727,0,0,0,0,0,0,0,0,0,0,0,0,0,0,0,0,0,0,0,0,0,0,0,0,0,0,0,0,0,0,0,0,0,0,0,0,0,0,0,0,0,0,0,-0.681419,0,0,-0.794021,0,0,0,0,0,0,0,0,0,0,0,1
0,0,0,0,0,0,0,-0.638028,0,0,0,1,0,0,0,0,-0.57228,1,0,0,1,0,0,0,0,0,0,0,0,0,0,0,1.32054,2,0,0,0,0,0,0,0.968984,0,0,-0.740461,0,0,0,0,0,0,0,0,0,0,0,0,0,1,0,0,0,0,0,1,0,0,0,0,0,0,0,0,0,0,0,0,0,0,0,0,0,0,0,0,0,0,0,-0.722236,0,0,-0.779018,0,0,0,0,0,0,0,0,1,0,1,1
0,0,0,0,0,0,0,-0.529405,0,0,0,0,0,0,0,0,-0.564782,0,1,1,0,0,0,0,0,0,0,0,0,0,1,0,1.8117,3,0,0,0,0,1,0,1.127784,0,0,-0.7833,1,0,0,0,0,0,0,0,0,0,1,0,0,0,0,0,0,0,0,0,0,0,0,0,1,0,1,0,0,0,0,0,0,0,0,0,0,0,0,0,0,0,0,-0.583773,0,0,9.177648,0,0,0,0,0,1,0,0,0,0,1,1
0,0,0,0,0,0,0,-0.298546,0,0,0,0,0,0,0,0,-0.831449,0,0,0,1,0,0,0,0,1,1,0,0,0,0,0,1.25621,2,0,0,0,0,0,0,0.567032,0,0,8.04252,0,0,0,0,1,0,1,0,0,0,0,0,0,0,0,0,0,0,0,0,0,0,0,0,0,0,0,0,0,0,0,0,0,0,0,0,0,0,0,0,0,0,0,-0.403104,0,0,-0.689154,0,0,0,0,0,0,0,0,0,0,0,1
0,0,0,1,0,0,1,-0.714563,0,0,0,0,0,0,0,1,-0.599881,0,0,0,0,1,0,0,1,0,0,0,0,0,0,0,1.0888,1,0,0,0,0,0,0,1.288238,0,0,-0.679543,0,0,0,0,0,0,0,0,0,0,0,0,0,0,0,0,0,0,0,0,0,0,0,0,0,0,0,0,0,0,0,0,0,0,0,0,0,0,0,0,1,0,0,-0.683352,0,0,-0.635221,0,0,0,0,0,0,0,0,0,0,1,1
0,0,0,0,0,0,0,-0.421179,0,0,0,0,0,0,0,0,-0.194413,0,0,0,0,0,0,0,0,0,0,0,0,0,0,0,1.25277,2,0,0,0,0,0,0,1.248024,0,0,-0.737885,0,0,0,0,0,0,0,0,0,0,0,0,0,0,0,0,0,0,0,0,0,0,0,0,0,0,0,0,0,0,0,0,0,0,0,0,0,0,0,0,0,0,0,-0.881181,0,0,-0.693839,0,0,0,0,0,1,0,0,0,0,1,1
0,0,0,0,0,0,0,-0.584822,0,0,0,0,0,0,0,0,-0.449377,0,0,0,1,0,0,0,0,0,1,0,0,0,0,0,0.69145,1,0,0,1,0,0,0,1.235173,0,0,-0.498121,0,0,0,0,0,0,0,0,0,0,1,0,0,0,0,0,0,0,0,0,1,0,0,0,0,0,0,0,0,0,0,0,0,0,0,0,0,0,0,0,0,0,0,-0.726568,0,0,-0.544874,0,0,0,0,0,0,0,0,0,0,1,1
0,0,0,0,0,0,0,-0.736592,0,0,0,0,0,0,0,0,-0.696274,0,0,0,0,0,0,0,0,1,0,0,0,0,0,0,1.1701,1,0,0,0,0,0,0,0.845851,0,0,-0.71438,0,0,0,0,0,0,0,0,0,0,0,0,0,0,0,0,0,0,0,0,0,0,0,0,0,0,0,0,1,0,0,0,0,0,0,0,0,0,0,0,0,0,0,-0.613352,0,0,-0.704545,0,0,0,0,0,0,0,0,1,0,0,1
0,0,0,0,0,0,0,-0.457666,0,0,0,0,0,0,0,0,-0.735507,0,0,0,0,0,0,0,1,0,0,0,0,0,0,0,0.68522,0,0,0,0,0,0,0,0.398466,0,0,-0.50339,0,0,0,0,0,0,0,0,0,0,0,0,0,0,0,0,0,0,0,0,0,0,0,0,0,0,0,0,1,0,0,0,0,0,0,0,0,1,0,0,0,0,0,-0.674892,0,0,-0.731756,0,0,0,0,0,0,0,0,1,0,0,1
0,0,0,0,0,0,1,-0.760093,0,0,0,0,0,0,0,1,-0.758859,0,0,1,0,0,0,0,1,0,0,0,0,0,0,0,1.10982,0,0,0,0,0,0,0,1.246177,0,0,-0.692345,0,0,0,0,0,0,0,0,0,0,0,1,0,0,0,0,0,0,0,0,0,0,0,0,0,0,0,0,0,0,0,0,0,0,0,0,0,0,0,0,0,0,0,-0.72707,0,0,-0.737322,0,0,0,0,0,0,0,0,0,0,0,1
0,0,0,0,0,0,0,-0.643886,0,0,0,0,1,0,0,0,-0.667203,0,0,0,0,0,0,0,0,0,0,0,0,0,1,0,2.07422,9,0,0,0,0,0,0,1.009737,0,0,-0.848317,0,0,0,0,0,0,0,0,0,1,0,0,0,0,1,0,0,0,0,1,0,0,0,0,0,0,1,0,0,0,0,0,0,0,0,0,0,0,0,0,0,0,0,-0.777117,0,0,-0.605146,0,0,0,0,0,0,0,0,0,0,1,1
0,0,0,0,0,0,0,-0.662473,0,0,0,0,0,0,0,0,-0.697397,0,0,0,0,0,0,0,0,0,0,0,0,0,0,0,0.65954,0,0,0,0,0,0,0,0.526104,0,0,-0.454394,0,0,0,0,0,0,0,0,0,0,0,0,0,0,0,0,0,0,0,0,0,0,0,0,0,0,0,0,1,0,0,0,0,0,0,0,0,0,0,1,0,0,0,-0.715804,0,0,-0.594505,0,0,0,0,0,0,0,1,0,0,0,1
0,0,0,0,0,0,0,-0.429053,0,0,0,0,0,0,0,0,-0.746218,0,0,0,0,0,0,0,0,0,0,0,0,0,0,0,1.41063,1,0,0,0,0,1,0,0.226208,0,0,-0.76097,0,0,0,0,0,0,0,0,0,0,0,0,0,0,0,0,0,0,0,0,0,0,0,0,0,1,0,0,0,0,0,0,0,0,0,0,0,0,0,0,0,0,0,-0.729412,0,1,-0.609209,0,0,0,0,0,0,0,0,0,0,1,1
0,0,0,0,0,0,0,-0.679184,0,0,0,0,0,0,0,0,-0.649395,0,1,0,0,0,0,0,0,0,0,0,0,0,0,0,1.09579,2,0,0,0,0,0,0,1.417606,0,0,-0.684614,0,0,0,0,0,0,0,0,0,0,0,0,0,0,0,0,0,0,0,0,0,0,0,0,0,0,0,0,1,0,0,0,0,0,0,0,0,0,0,1,0,0,0,-0.190182,0,0,-0.551044,0,0,0,0,0,0,0,0,0,0,0,1
0,0,0,0,0,0,0,-0.588717,0,1,0,0,0,0,0,0,-0.489465,0,0,0,0,0,0,0,0,0,0,0,0,0,0,0,0.7289,2,0,0,0,1,0,0,1.558121,0,0,-0.554173,0,0,0,0,0,0,0,0,0,0,0,0,0,0,0,0,0,0,0,0,0,0,1,0,0,0,0,0,0,0,0,0,0,0,1,0,0,0,0,0,0,0,0,-0.625188,0,0,-0.668336,0,0,0,0,0,0,0,0,0,0,1,1
0,0,0,0,0,0,0,-0.506433,0,0,0,0,0,0,0,0,-0.803686,0,0,0,0,0,0,0,0,0,1,0,0,0,0,0,1.23678,2,0,0,0,0,0,0,1.357207,0,0,2.83811,0,0,0,0,0,0,0,0,0,0,0,0,0,0,0,0,0,0,0,0,0,1,0,0,0,0,0,0,0,0,0,0,0,0,0,0,0,0,0,0,0,0,0,-0.586203,0,0,-0.73137,0,0,0,0,0,0,0,0,0,0,1,1
0,0,0,0,0,1,0,-0.593301,0,0,0,0,0,0,0,0,-0.293981,0,0,0,1,0,0,0,0,0,0,1,0,0,0,0,1.87891,1,0,0,0,0,0,0,0.432606,0,0,-0.871551,0,0,0,0,0,0,0,0,0,0,0,0,0,0,0,0,0,0,0,0,0,0,1,0,0,0,0,1,0,0,1,0,0,0,0,0,0,0,0,0,0,1,0,-0.678789,0,0,-0.734858,0,0,0,0,1,1,0,0,1,0,0,1
0,0,0,0,0,0,0,-0.693276,0,0,0,0,0,0,0,0,-0.783086,0,0,0,0,0,0,0,0,0,0,0,0,0,0,0,1.00161,0,0,0,0,0,0,0,0.415,0,0,-0.628568,0,0,0,0,0,0,0,0,0,0,0,0,0,0,0,0,0,1,0,0,0,0,0,0,0,0,0,0,1,0,0,0,0,0,0,0,0,0,0,1,0,0,0,-0.805035,0,0,-0.766653,0,0,0,0,0,0,0,0,0,0,0,1
0,0,0,0,0,0,0,-0.736043,0,0,0,0,0,0,0,0,-0.349013,0,0,0,0,0,0,0,0,0,0,0,0,0,0,0,1.35589,3,0,0,0,0,0,0,0.440719,0,0,-0.73121,0,0,0,0,0,0,0,0,0,0,0,0,1,0,0,0,0,0,0,0,0,0,0,0,0,0,0,0,0,0,0,0,0,0,0,0,0,0,0,0,0,0,0,-0.516234,0,0,-0.3607,0,0,0,0,0,0,0,0,0,0,0,1
0,0,0,0,0,0,0,-0.734191,0,0,0,0,0,0,0,0,-0.753928,0,0,0,0,0,0,0,0,0,0,0,0,0,0,0,1.28321,2,0,0,0,0,0,0,1.135053,0,0,-0.735628,0,0,0,0,0,0,0,0,0,0,0,0,0,0,0,0,0,0,0,0,0,0,0,0,0,0,0,0,1,0,0,0,0,0,0,0,0,0,0,0,0,0,0,-0.642896,0,0,-0.721896,0,0,0,0,0,0,0,0,0,0,1,1
0,0,0,0,0,0,0,-0.698154,0,0,0,0,0,0,0,0,-0.728416,0,0,0,0,0,0,0,0,0,0,0,0,0,0,0,0.92417,2,0,0,0,0,0,0,0.856709,0,0,-0.619054,0,0,0,0,0,0,0,0,0,0,0,0,0,0,0,0,0,0,0,0,0,0,0,0,1,0,0,0,0,0,0,0,0,0,0,0,0,0,0,0,0,0,0,-0.596254,0,0,-0.665584,0,0,0,0,1,0,0,0,0,0,1,1
0,0,0,0,0,0,0,-0.65674,0,0,0,0,0,0,0,0,-0.800382,0,0,0,1,0,0,0,0,0,0,0,0,0,0,0,1.0366,3,0,0,0,0,0,0,1.23762,0,0,-0.663625,0,0,0,0,0,0,0,0,0,0,0,0,0,0,0,0,0,0,0,0,0,0,0,0,0,0,0,0,0,0,0,0,0,0,0,0,0,0,0,0,0,0,0,-0.418289,0,0,-0.809931,0,0,0,0,0,0,0,0,0,0,1,1
0,0,0,0,0,0,0,-0.585834,0,0,0,0,0,0,0,1,-0.395436,1,0,0,0,0,0,0,1,0,0,0,0,0,1,0,1.43128,1,0,0,0,0,0,0,0.646357,0,0,-0.73553,0,0,0,0,0,0,0,0,0,0,0,0,0,0,0,0,0,0,0,1,0,0,0,0,0,0,0,0,0,0,0,0,0,0,0,0,0,0,0,0,0,0,0,-0.758521,0,0,-0.428756,0,0,0,0,0,0,0,1,0,0,1,1
0,0,0,0,0,0,0,-0.605131,0,0,0,0,0,0,0,1,-0.770238,0,0,0,0,0,0,0,0,0,0,0,0,0,0,0,1.40204,4,0,0,0,1,0,0,1.054047,0,0,-0.769704,0,0,0,0,0,0,0,0,0,0,0,0,0,0,0,0,0,0,0,0,0,0,0,0,0,0,0,0,0,0,0,0,0,0,0,0,0,0,0,0,0,0,0,-0.645068,0,0,-0.726114,0,0,0,0,0,0,0,0,0,0,1,1
0,0,0,0,0,0,0,-0.690735,0,0,0,0,0,0,0,0,-0.729368,0,0,0,0,0,0,0,0,0,0,0,0,0,0,0,0.95035,0,0,0,0,0,0,0,0.268223,0,0,-0.658392,0,0,0,0,0,0,0,0,0,0,0,0,0,0,0,0,0,0,0,0,0,0,0,0,0,0,0,0,1,0,0,0,0,0,0,0,0,0,0,0,0,0,0,-0.744255,0,0,-0.737172,0,0,0,0,1,0,0,0,0,0,0,1
0,0,0,1,0,0,0,-0.575888,0,0,0,0,0,0,0,0,-0.850711,0,0,0,0,0,0,0,0,0,0,0,0,0,0,0,0.98974,4,0,0,0,0,1,0,1.707824,0,0,-0.657454,0,1,0,0,0,0,0,0,0,0,0,0,0,0,0,0,0,1,0,0,0,0,0,0,0,0,0,0,0,0,0,0,0,0,0,0,0,0,0,0,0,0,0,-0.467078,0,0,-0.643368,0,0,0,0,0,0,0,0,1,0,0,1
0,0,0,0,0,0,0,-0.745607,0,0,0,0,0,0,0,0,-0.678044,0,0,0,0,0,0,0,0,0,0,0,0,0,0,0,0.98862,0,0,0,0,0,0,0,1.276899,0,0,-0.655599,0,0,0,0,0,0,0,0,0,0,0,0,0,0,0,0,0,0,0,1,0,0,0,0,0,0,1,0,0,0,0,0,0,0,0,0,0,0,0,0,0,0,0,-0.638875,0,0,-0.644072,0,0,0,0,0,0,0,1,0,1,0,1
0,0,0,0,0,0,0,-0.665479,0,0,0,0,0,0,0,0,-0.673111,1,0,0,0,0,0,0,0,0,0,0,0,0,0,0,1.34044,1,0,0,0,0,0,0,0.681321,0,0,-0.744536,0,0,0,0,0,0,0,0,0,0,0,1,0,0,0,0,0,0,0,0,0,0,0,0,0,0,0,0,1,0,0,1,0,0,0,0,0,0,0,0,0,0,0,-0.757143,0,0,-0.629403,0,0,0,0,0,0,0,0,0,0,1,1
0,0,0,0,0,0,0,-0.74955,0,0,0,0,0,0,0,0,-0.526307,0,0,0,0,0,0,1,0,0,0,0,0,0,0,0,1.22323,4,0,1,0,0,0,0,2.198663,0,0,-0.830326,0,0,0,1,0,0,0,0,0,0,0,0,0,0,0,0,0,0,0,0,0,0,0,0,0,0,0,0,0,0,0,0,0,0,0,0,1,0,0,0,0,0,0,-0.672849,0,0,-0.52403,0,0,0,0,0,0,0,0,0,0,1,1
0,0,0,0,0,0,0,-0.742372,0,0,0,0,0,0,0,0,-0.581093,0,0,0,0,0,0,0,0,0,0,0,0,0,0,0,0.53047,0,0,0,0,0,0,0,0.890868,0,0,-0.430047,0,0,0,0,0,0,0,0,0,0,0,0,0,0,0,0,0,0,0,0,0,0,0,0,0,0,0,0,0,0,0,0,0,0,0,0,0,0,0,0,0,0,0,-0.618366,0,0,-0.61384,0,0,0,0,0,1,0,0,0,0,0,1
0,0,0,0,0,0,0,-0.744089,1,0,0,0,0,0,0,0,-0.699434,0,0,0,0,0,0,0,0,0,0,0,0,0,0,0,1.51928,1,0,0,0,0,0,0,0.913504,0,0,-0.767032,0,0,0,0,0,1,0,0,0,0,0,0,0,0,0,0,0,0,0,0,0,0,0,0,0,0,0,0,0,0,0,0,0,0,0,0,0,0,0,0,0,0,0,-0.69296,0,0,-0.556791,0,0,0,0,0,0,0,0,0,0,0,1
0,0,0,0,0,0,0,-0.648579,0,0,0,0,0,0,0,0,-0.788641,0,0,1,0,0,0,0,0,0,0,0,0,0,0,0,1.69471,4,0,0,0,0,0,0,1.263491,0,0,-0.773524,0,0,0,0,0,0,0,0,0,0,0,0,0,0,0,0,0,1,0,0,0,0,0,0,0,0,0,0,0,0,0,0,0,0,0,0,0,0,0,0,0,0,0,-0.462295,0,0,-0.646243,0,0,0,0,0,0,0,0,1,0,1,1
0,0,0,0,0,0,0,-0.704243,0,0,0,0,0,0,0,0,-0.72419,0,0,0,0,0,0,0,0,0,0,0,0,0,0,0,0.92021,0,0,0,0,0,0,0,0.262247,0,0,-0.621374,0,0,0,0,0,0,0,0,0,0,1,1,0,0,0,0,0,0,0,0,0,0,0,0,0,0,0,0,0,0,0,0,0,0,0,0,0,0,0,0,0,0,0,-0.664747,0,0,-0.744974,0,0,0,0,0,0,0,0,0,0,0,1
0,0,0,0,0,0,0,-0.80157,0,0,0,0,0,0,0,0,-0.553622,0,0,0,0,0,0,0,0,1,0,0,0,0,0,0,1.85245,2,0,0,0,0,0,0,0.583758,0,0,-0.805201,0,0,0,0,0,0,1,0,0,0,0,0,0,0,0,0,0,0,0,0,0,0,0,0,0,0,0,0,1,0,0,0,0,0,0,0,0,0,0,1,0,0,0,-0.790169,0,0,-0.657554,0,0,0,0,0,1,0,1,0,0,1,1
0,0,0,0,0,0,0,-0.553534,0,0,0,0,0,0,0,0,-0.766596,0,0,0,0,0,0,0,0,0,0,0,0,0,1,0,1.32316,2,0,0,0,0,0,0,0.868069,0,0,-0.740618,0,0,0,0,0,0,0,0,1,0,0,0,0,0,0,0,0,0,0,1,0,0,0,0,0,0,0,0,1,0,0,0,0,0,0,0,0,0,0,0,0,0,0,-0.699337,0,0,-0.644859,0,0,0,0,0,0,0,0,0,0,1,1
0,0,0,0,0,0,0,-0.682606,0,0,0,0,0,0,0,0,-0.627589,0,0,0,0,0,0,0,0,0,0,0,0,0,0,0,1.23622,1,0,0,0,0,0,0,0.762466,0,0,-0.698887,0,0,0,0,0,0,0,0,0,0,0,0,0,0,0,0,0,0,0,1,0,0,0,0,0,0,0,0,0,0,0,0,0,0,0,0,0,0,0,0,0,0,0,-0.613604,0,0,-0.659997,0,0,0,0,0,0,0,0,0,0,0,1
0,0,0,0,0,0,0,-0.45292,0,0,0,0,0,0,0,0,-0.521983,0,0,0,0,0,0,0,0,0,0,0,0,0,0,0,1.12091,1,0,0,0,0,0,0,1.437321,0,0,-0.704759,0,0,0,0,0,0,0,0,0,0,0,0,0,0,0,0,0,0,0,1,0,0,0,0,0,0,0,0,0,0,0,0,0,0,0,0,0,0,0,0,0,0,0,-0.628151,0,0,-0.586826,0,0,0,0,0,0,0,0,0,1,1,1
0,0,0,1,0,0,0,-0.79055,0,0,0,0,0,0,0,0,-0.574665,0,0,0,0,0,0,0,0,0,0,0,0,0,0,0,0.89314,0,0,0,0,0,0,0,0.970106,0,0,-0.703539,0,0,0,0,0,0,0,0,0,0,0,0,0,0,0,0,1,0,0,0,0,1,0,0,0,0,0,0,0,0,0,0,0,0,0,0,0,0,0,0,0,0,0,-0.447631,0,0,-0.587746,0,0,0,0,0,0,0,0,0,0,0,1
0,0,0,0,0,0,0,-0.609782,0,0,0,0,0,0,0,0,-0.629137,0,0,0,0,0,0,0,0,0,0,0,0,0,0,0,1.01575,2,0,0,0,0,0,0,1.441461,1,0,-0.694326,0,0,1,0,0,1,0,0,0,0,0,0,0,0,0,0,0,0,0,0,0,0,1,0,1,0,0,1,1,0,0,0,0,0,0,0,0,0,0,1,0,0,0,-0.62878,0,0,-0.617335,0,0,0,0,1,0,0,0,0,0,1,1
0,0,0,0,0,0,0,-0.602916,0,0,0,0,0,0,0,0,-0.705477,0,0,0,1,0,0,0,0,0,0,0,0,0,0,0,1.56866,0,0,0,0,0,0,0,0.640221,0,0,-0.790475,0,0,0,0,0,0,0,0,0,0,1,0,0,0,0,0,0,0,0,0,0,0,0,0,0,0,0,0,0,0,0,0,0,0,0,0,0,0,0,0,0,0,0,-0.685914,0,0,-0.639727,0,0,0,0,0,0,0,0,0,0,0,1
0,0,0,0,0,0,0,-0.608443,0,0,0,0,1,1,0,0,-0.721579,0,0,1,0,0,0,0,0,0,0,0,0,0,1,0,1.31338,7,0,0,0,0,0,0,1.298778,0,0,-0.754638,0,0,0,0,0,0,1,0,0,0,0,0,0,0,0,0,0,0,0,0,0,0,0,0,1,0,0,0,0,0,0,0,0,1,0,0,0,0,0,0,0,0,1,-0.663971,0,0,-0.616401,0,0,0,0,0,0,0,0,0,0,1,1
0,0,1,0,0,0,0,-0.754229,0,0,0,0,0,0,0,0,-0.683571,1,0,0,0,0,0,0,0,0,0,0,0,0,0,0,1.84306,2,0,0,0,0,0,0,1.239034,0,0,-0.783308,0,0,0,0,0,0,0,0,0,0,0,0,0,0,0,0,0,0,0,0,0,0,0,0,0,0,0,0,0,0,0,0,0,0,0,0,0,0,0,1,1,0,0,-0.552704,0,0,-0.529314,0,0,0,0,0,0,0,0,0,0,0,1
0,0,0,0,0,0,0,-0.639238,0,0,0,0,0,0,0,0,-0.662834,0,0,0,0,0,0,0,0,0,0,0,0,0,0,0,1.42621,1,0,0,0,1,0,0,0.758331,0,0,-0.757849,0,0,0,0,0,0,0,0,0,0,1,0,0,0,0,0,0,0,0,1,0,0,0,0,0,0,0,0,0,0,0,0,0,0,0,0,0,0,0,0,0,0,0,-0.693704,0,0,-0.624701,0,0,0,0,0,0,0,0,0,0,1,1
0,0,0,0,0,0,0,2.40336,0,0,0,0,0,0,0,0,-0.562043,0,0,0,0,0,0,0,0,0,0,0,0,0,0,0,1.62533,1,0,0,0,0,0,0,0.943938,0,0,-0.779052,0,0,0,0,0,0,1,0,0,0,0,0,0,0,0,0,0,0,0,0,0,0,0,0,0,1,0,0,0,0,0,0,0,0,0,0,0,0,0,0,0,0,0,-0.436206,0,0,-0.678245,0,0,0,0,0,0,0,0,0,0,1,1
0,0,0,0,0,0,0,-0.682292,0,0,0,0,0,0,0,0,-0.632737,0,1,0,0,0,0,0,0,0,0,0,0,0,0,0,1.62104,4,0,0,0,0,0,0,1.324535,0,0,-0.810234,0,0,0,0,0,0,0,0,0,0,0,0,0,0,0,0,0,0,0,0,0,0,0,0,0,0,0,0,1,0,0,0,0,0,0,0,0,0,0,0,0,0,0,-0.251574,0,0,-0.448361,0,0,0,1,0,0,0,0,0,0,1,1
0,0,0,0,0,0,0,-0.627604,0,0,0,0,0,0,0,0,-0.704513,0,0,0,0,0,1,0,0,0,0,0,0,0,0,0,1.84018,3,0,0,0,0,0,0,1.030162,0,1,-0.81252,1,0,0,0,0,0,0,0,0,0,0,0,1,0,0,0,0,0,0,0,0,0,0,0,0,0,0,0,0,0,0,0,0,0,1,0,0,0,0,0,0,0,0,-0.693357,0,0,-0.707903,0,0,0,0,0,0,0,0,1,0,1,1
0,0,0,0,0,0,0,-0.531828,0,0,0,0,0,0,0,0,-0.624789,1,0,0,0,0,0,0,0,0,0,0,0,0,0,0,0.98569,0,0,0,0,0,0,0,0.678198,0,0,-0.622943,0,0,0,0,0,0,0,0,0,0,0,0,0,0,0,0,0,0,0,0,0,1,0,0,0,0,1,0,0,0,0,0,0,0,0,0,0,0,0,0,0,0,0,-0.574232,0,1,-0.705205,0,0,0,0,0,0,0,0,0,0,0,1
0,0,1,0,0,0,0,-0.769079,0,0,0,0,0,0,0,0,-0.70978,0,0,0,0,0,0,0,0,0,0,1,0,0,0,0,1.86358,5,1,0,0,0,0,0,1.075448,0,0,-0.820392,0,0,0,0,0,0,0,0,0,1,0,0,0,1,1,0,0,0,0,0,0,0,0,0,0,0,0,0,0,0,0,0,0,0,0,0,0,0,0,0,0,1,0,-0.682568,0,0,-0.643673,0,0,0,0,0,0,0,0,0,0,1,1
1,0,0,0,0,0,0,-0.489084,0,0,0,0,0,0,0,0,-0.746213,0,0,1,0,0,0,0,0,0,0,0,0,0,0,0,1.51191,10,0,0,0,0,0,0,1.93005,0,0,-0.826758,0,0,0,0,0,0,0,0,0,0,0,0,0,0,0,0,0,0,0,0,0,0,0,0,0,0,0,0,0,0,0,0,0,0,0,0,0,0,0,0,0,1,0,4.420364,0,0,-0.625326,0,0,0,0,0,1,0,0,0,0,1,1
0,0,0,1,0,0,0,-0.693995,0,0,0,0,0,0,0,0,-0.710785,0,0,0,0,0,0,0,0,0,0,0,0,0,0,0,1.1359,2,0,0,0,0,0,0,0.847723,0,0,-0.685737,0,0,0,0,0,0,0,1,0,0,0,0,0,0,0,0,0,0,0,1,0,0,0,0,0,0,0,0,0,0,0,0,0,0,0,0,0,0,0,0,0,0,0,-0.527417,0,0,-0.557798,0,0,0,0,0,0,0,0,0,0,0,1
0,1,0,0,0,0,0,-0.57271,0,0,0,0,0,0,0,0,0.75481,0,0,0,0,0,0,0,0,1,0,0,0,0,0,0,1.16962,5,0,0,0,0,0,0,1.02322,0,0,-0.70562,1,0,0,0,0,0,0,0,0,0,0,0,0,0,0,0,0,0,0,0,0,0,0,0,0,0,0,0,0,0,0,0,0,0,0,0,0,0,0,0,0,0,0,-0.618244,0,0,-0.828075,0,0,0,0,0,0,0,0,0,0,1,1
0,0,0,0,0,0,0,-0.608379,0,0,0,0,0,0,0,0,-0.625303,0,0,0,0,0,0,0,0,0,1,0,0,0,1,0,1.38113,2,0,0,0,0,0,0,1.355985,0,0,-0.750076,0,0,0,0,0,0,0,0,0,0,0,0,0,0,0,0,0,0,0,0,0,0,0,0,0,0,1,0,0,0,0,0,0,0,0,0,0,0,0,0,0,0,0,-0.539087,0,0,-0.730889,0,0,0,0,0,0,0,0,0,0,1,1
0,0,0,0,0,0,0,-0.778942,0,0,0,0,0,0,0,1,-0.664501,0,0,0,0,0,0,0,0,0,0,0,0,0,0,0,1.04837,0,0,0,0,0,0,0,1.417999,0,0,-0.673587,0,0,0,0,0,0,0,0,0,0,0,0,0,1,0,0,0,0,0,0,0,1,0,0,0,0,1,0,0,0,0,0,0,0,0,0,0,0,0,0,0,0,0,-0.667218,0,0,-0.802728,0,0,0,0,0,0,0,0,0,0,0,1
0,0,0,0,0,0,0,-0.712731,0,0,0,0,0,0,0,0,-0.51721,0,0,0,0,0,0,0,0,0,0,0,0,0,0,0,0.52025,2,0,0,0,0,0,0,2.082459,0,0,-0.576917,0,0,0,0,0,0,0,0,0,0,0,0,0,0,0,0,0,0,0,0,0,0,0,0,0,0,1,0,0,0,0,0,0,0,0,0,0,0,0,0,0,0,0,-0.664839,0,0,-0.718769,0,0,0,0,0,0,0,0,0,0,1,1
0,0,0,0,0,0,0,-0.728453,0,0,0,0,0,0,0,0,-0.584674,0,0,0,1,1,0,0,0,0,0,0,0,0,0,0,1.19334,0,0,0,0,0,0,0,0.875354,0,0,-0.717876,0,0,0,0,0,0,0,0,0,0,0,0,0,0,0,0,0,0,0,0,0,0,0,1,0,0,0,0,1,0,0,0,0,0,0,0,0,0,0,0,0,0,0,-0.38368,0,0,-0.657685,0,0,0,0,0,0,0,0,0,0,0,1
0,0,0,0,0,0,0,-0.744854,0,0,0,0,0,0,0,0,-0.46578,0,0,0,0,0,0,0,0,0,0,0,0,0,0,0,1.20148,0,0,0,0,0,0,0,0.432937,0,0,-0.71264,0,0,0,0,0,0,0,0,1,0,0,0,0,0,0,0,0,0,0,0,0,0,0,0,0,0,0,0,0,0,0,0,0,0,0,0,0,0,0,0,0,0,0,-0.565216,0,0,-0.528306,0,0,0,0,0,0,0,0,0,0,0,1
0,0,0,0,1,0,0,-0.703635,0,0,0,0,0,0,0,0,-0.858551,0,0,0,0,0,0,0,0,0,1,0,0,0,0,0,1.40762,2,1,0,0,0,1,0,1.295905,0,0,2.249039,0,0,0,0,0,0,0,0,0,0,0,0,0,0,0,0,0,0,0,0,1,1,1,0,0,1,0,0,0,0,0,0,0,0,0,0,0,0,0,0,0,0,1,-0.433368,0,0,-0.747904,0,0,0,0,0,0,0,0,0,0,1,1
0,0,0,0,0,0,0,-0.621149,0,0,0,0,0,0,0,0,-0.699244,0,0,0,0,0,0,0,0,0,0,0,0,0,0,0,1.16751,1,0,0,0,1,0,0,0.450462,0,0,-0.703666,0,0,0,0,0,0,0,0,0,0,0,0,0,0,0,0,0,0,0,0,0,1,1,0,0,0,0,0,0,0,0,0,0,0,0,0,0,0,0,1,0,0,0,-0.612792,0,0,-0.706715,0,0,0,0,0,0,0,0,0,0,1,1
0,0,0,0,0,0,0,-0.551395,0,0,0,0,0,0,0,0,-0.718605,1,0,0,0,0,0,0,0,1,0,0,0,0,0,0,1.11093,0,0,0,0,0,0,0,0.36029,0,0,-0.724908,0,0,0,0,0,0,0,0,0,0,0,0,0,0,0,0,0,0,0,0,0,0,0,0,0,0,0,0,0,0,0,0,0,0,0,0,0,0,0,0,0,0,0,-0.234997,0,0,-0.646732,0,0,0,0,0,0,0,0,0,0,0,1
0,0,0,0,0,0,0,-0.648898,0,0,0,0,0,0,0,0,-0.696119,0,0,0,0,0,0,0,0,0,0,0,0,0,0,0,1.09561,2,0,0,0,0,0,0,0.704649,0,0,-0.727474,0,1,0,0,0,0,0,0,0,0,0,0,0,0,0,0,0,0,0,0,0,0,0,0,0,0,0,0,0,0,0,0,0,0,0,0,0,0,0,0,0,1,0,-0.370269,0,0,-0.674555,0,0,0,0,0,0,0,0,0,0,1,1
0,0,0,0,0,0,0,-0.683632,0,0,0,0,0,0,0,0,-0.751559,0,0,0,0,0,0,0,0,0,0,0,0,0,0,0,1.04827,2,0,0,0,0,0,0,1.206615,0,0,-0.678551,0,0,0,0,0,0,0,0,0,0,0,0,0,0,0,0,0,0,1,0,0,0,0,0,0,0,1,0,0,0,0,0,0,0,0,0,0,0,0,0,0,0,0,-0.577489,0,0,-0.630438,0,0,0,0,1,0,0,1,0,0,1,1
0,0,0,0,0,0,0,-0.683578,0,0,0,0,0,0,0,0,-0.749816,0,0,0,0,0,0,0,0,0,0,0,0,0,0,0,0.66227,0,0,0,0,0,0,0,1.268097,0,0,-0.496732,0,0,0,0,0,0,0,0,0,0,0,0,0,0,0,0,0,0,0,0,0,0,0,0,0,0,0,0,0,0,0,0,0,0,0,0,0,0,0,1,0,0,0,-0.695494,0,0,-0.727591,0,0,0,0,0,0,0,0,0,0,0,1
0,0,0,0,0,0,0,-0.741715,0,0,0,0,0,0,0,0,-0.724019,0,0,0,0,0,0,0,0,0,0,0,0,0,0,0,1.39532,0,0,0,0,0,0,0,0.871104,0,0,-0.768667,0,0,0,0,0,0,0,0,0,0,0,0,0,0,0,0,1,0,0,0,0,0,0,0,0,0,0,1,0,0,0,0,0,0,0,0,0,0,0,0,0,0,0,-0.61676,0,0,-0.737683,0,0,0,0,0,0,0,0,0,0,1,1
0,0,0,0,0,1,0,-0.611487,0,0,0,0,0,0,0,0,-0.723355,0,0,0,0,0,0,1,0,0,0,0,0,0,1,0,1.51243,2,0,0,0,0,0,0,0.997932,0,0,-0.77468,0,0,0,0,0,1,0,0,0,0,0,0,0,0,0,0,0,0,0,0,1,0,0,0,0,0,0,0,0,1,0,0,0,0,0,0,0,0,0,0,0,0,0,-0.656199,0,0,-0.704111,0,0,0,0,0,0,0,0,1,0,1,1
0,0,0,0,0,0,0,1.376395,0,0,0,0,0,0,0,0,-0.538552,0,0,0,0,0,0,0,0,0,0,0,0,0,0,0,1.07169,4,0,0,0,0,0,0,0.899063,0,0,-0.685056,0,0,0,0,0,0,0,0,0,0,0,0,0,0,0,0,0,0,0,0,0,0,0,0,0,0,0,0,0,0,0,0,0,0,0,0,0,0,0,0,0,0,0,-0.711495,0,0,-0.725873,0,0,0,0,0,1,0,0,0,0,1,1
0,2,0,0,0,0,0,-0.756346,0,0,0,0,0,0,0,0,-0.805189,0,0,0,0,0,0,0,0,0,0,0,0,0,0,0,0.97474,0,0,0,0,0,0,0,0.219066,0,0,-0.649521,0,0,0,0,0,0,0,0,0,0,0,0,0,0,0,0,0,0,0,0,0,0,0,0,0,0,0,0,0,0,0,0,0,0,0,0,0,1,0,0,0,0,0,-0.691201,0,0,-0.63689,0,0,0,0,0,1,0,0,0,0,0,1
0,0,0,1,0,0,0,-0.2222,0,0,0,0,0,0,0,0,-0.689149,0,0,0,0,0,0,0,0,0,0,0,0,0,0,0,0.71516,2,0,0,1,1,0,0,1.960377,0,0,-0.520485,0,0,0,0,0,0,0,0,0,0,0,0,0,0,0,0,0,0,0,0,0,0,0,0,0,0,0,0,0,0,0,0,0,0,0,1,0,1,0,0,0,0,0,-0.674058,0,0,-0.599345,0,0,0,0,0,0,0,0,0,0,1,1
0,0,0,0,0,0,0,-0.701285,0,0,0,0,0,0,0,0,-0.767285,0,0,0,0,0,0,0,0,0,0,0,0,0,1,0,0.74931,1,0,0,0,0,0,0,1.91492,0,0,-0.722893,0,0,0,0,0,0,0,0,0,0,0,0,0,0,0,0,0,0,0,0,0,0,0,0,0,0,0,0,1,0,0,0,0,0,0,0,0,0,0,0,0,0,0,-0.659331,0,0,-0.729938,0,0,0,0,0,0,0,0,0,0,1,1
0,0,0,0,0,0,0,-0.680263,0,0,0,0,0,0,0,0,-0.637614,1,0,0,0,0,0,0,0,0,0,0,0,0,0,0,0.8912,0,0,0,0,0,0,0,0.758571,0,0,-0.610328,0,0,0,0,0,0,0,0,0,0,0,0,0,0,0,0,0,0,0,0,0,0,0,0,0,0,0,0,0,0,0,0,0,0,0,0,0,0,0,0,0,0,0,-0.743163,0,0,-0.504855,0,0,0,0,0,0,0,0,0,0,0,1
0,0,0,0,0,0,0,-0.732637,0,0,0,0,0,0,0,0,-0.664607,0,0,0,0,0,0,0,0,0,0,0,0,0,0,0,2.05397,6,0,0,0,0,0,0,1.302524,0,0,-0.855277,1,0,0,0,0,0,0,0,0,0,1,0,0,0,0,0,0,1,0,0,0,0,0,0,0,0,0,0,0,0,0,0,0,0,0,0,0,0,0,0,0,0,0,-0.702806,0,0,-0.653062,0,0,0,0,0,0,0,0,0,0,1,1
0,0,0,0,0,0,0,-0.744207,0,0,0,0,0,0,0,0,-0.788535,0,0,0,0,0,0,0,0,0,0,0,0,0,0,0,1.19333,1,0,0,0,1,0,0,0.487955,0,0,-0.791152,0,0,0,0,0,0,0,0,0,0,0,0,0,0,0,0,0,0,0,0,0,0,0,0,0,0,0,0,0,0,0,0,0,0,0,0,0,0,0,0,0,0,0,-0.744027,0,0,-0.729932,0,0,0,0,0,0,0,0,0,0,1,1
0,0,0,0,0,0,0,-0.735545,0,0,0,0,0,0,0,0,-0.520192,0,0,0,0,0,0,0,0,0,0,0,0,0,0,0,1.04217,1,0,0,0,0,0,0,1.063183,0,0,-0.673537,0,0,0,0,0,0,0,0,0,0,0,0,0,0,0,0,0,0,1,0,0,0,0,0,0,0,0,0,1,0,0,0,0,0,0,0,0,0,0,0,0,0,0,-0.697101,0,0,-0.715179,0,0,0,0,0,0,0,0,0,0,0,1
0,0,0,0,0,0,0,-0.788678,0,0,0,1,0,0,0,0,-0.766458,0,0,1,0,0,0,0,0,0,0,0,0,0,0,0,0.85751,3,0,0,0,0,0,0,0.847335,0,0,-0.618717,0,0,0,0,0,0,0,0,0,0,0,0,0,0,0,0,0,0,0,0,0,0,0,0,0,0,0,0,0,0,0,0,0,0,0,1,0,0,0,0,0,0,0,-0.727823,0,0,-0.714909,0,0,0,0,0,0,0,0,0,0,1,1
0,0,0,0,0,0,0,-0.765133,0,0,0,0,0,0,0,0,-0.730223,0,0,0,0,0,0,1,0,0,0,0,0,0,0,0,1.76566,5,0,0,0,0,0,0,0.748337,0,0,-0.762403,0,0,0,0,0,0,0,0,0,0,0,0,1,0,0,0,0,0,0,0,0,0,0,0,0,0,0,0,1,0,0,0,0,0,0,1,0,1,0,0,1,0,0,8.663962,0,0,-0.770746,0,0,0,0,0,0,0,0,0,0,0,1
0,0,0,0,0,0,0,-0.492233,0,0,0,1,0,0,0,0,-0.802075,0,0,0,0,0,0,0,0,0,0,0,0,0,0,0,1.48834,5,0,0,0,0,0,0,1.367413,0,0,-0.830081,0,0,0,0,0,0,0,0,0,0,0,0,0,0,0,0,0,0,0,0,0,0,0,0,0,0,0,0,0,0,0,0,0,0,0,0,0,0,0,0,0,0,0,-0.687757,0,0,-0.643982,0,0,0,0,0,0,0,0,0,0,1,1
0,0,0,0,0,0,0,-0.573813,0,0,0,0,0,0,0,0,-0.585766,0,0,0,0,0,0,0,0,0,0,0,0,0,0,0,0.84951,0,0,0,0,1,0,0,0.411735,0,0,-0.566465,0,0,0,0,0,0,0,0,0,0,0,0,0,0,0,0,0,0,0,0,0,0,0,0,0,0,0,0,0,0,0,0,0,0,0,0,0,0,1,0,0,0,0,-0.682963,0,0,-0.866209,0,0,0,0,0,0,0,0,0,0,0,1
0,0,0,0,0,0,0,-0.485009,0,0,0,0,0,0,0,1,-0.502241,0,0,0,0,0,0,0,0,0,0,0,0,0,0,0,0.60497,0,0,0,0,0,0,0,0.690813,0,0,-0.485914,0,0,0,0,0,0,0,0,0,0,0,0,0,0,0,0,0,0,0,0,0,0,0,0,0,0,0,0,0,0,0,0,0,0,0,0,0,0,0,0,0,0,0,-0.622313,0,0,-0.649591,0,0,0,0,0,0,0,0,0,0,0,1
0,0,0,0,0,0,0,-0.709682,0,0,0,0,0,0,0,0,-0.62851,0,0,0,0,0,0,0,0,0,0,0,0,0,0,0,1.37527,2,0,0,0,0,0,0,0.69455,0,0,-0.750127,0,0,0,0,0,0,0,0,0,0,0,0,0,1,0,0,0,0,0,0,0,0,0,0,0,0,0,0,1,0,0,0,0,0,0,0,0,0,0,0,0,0,0,-0.573504,0,0,-0.648099,0,1,0,0,0,0,0,0,0,0,1,1
0,0,0,0,0,0,0,-0.3709,0,0,0,0,0,0,0,1,-0.780663,0,0,0,1,0,0,0,0,0,0,0,0,0,0,0,1.6101,6,0,0,0,0,0,0,0.899845,0,0,-0.831317,0,0,0,0,0,0,0,0,0,0,0,0,0,0,0,0,0,0,0,0,0,0,0,0,0,0,0,0,0,0,0,0,0,0,0,0,0,0,0,0,0,0,0,0.061316,0,0,-0.674188,0,0,0,0,0,0,0,0,0,0,1,1
0,0,0,1,0,0,0,-0.555595,0,0,0,0,0,0,0,0,-0.585366,0,0,0,0,0,0,0,0,0,0,0,0,0,0,0,0.9677,1,0,0,0,0,0,0,1.342717,0,0,-0.648982,0,0,0,0,0,0,0,0,0,0,0,0,0,0,0,0,0,0,0,0,0,0,0,0,0,0,0,0,0,0,0,0,0,0,0,0,0,0,0,0,0,0,0,-0.719074,0,0,-0.67585,0,0,0,0,0,0,0,0,0,0,1,1
0,0,0,0,0,0,0,7.687578,0,0,0,0,0,0,0,0,-0.451247,0,0,0,0,0,0,0,0,0,0,0,0,0,0,0,0.74047,0,0,0,0,0,0,0,1.088787,0,0,-0.508149,0,0,0,0,0,0,0,0,0,0,0,0,0,0,0,0,0,0,0,1,0,1,0,0,0,0,0,0,0,0,0,0,0,0,0,1,0,0,1,0,0,0,0,-0.7262,0,0,-0.59264,0,0,0,0,0,0,0,0,0,0,0,1
0,0,0,0,0,0,0,-0.64352,0,0,0,0,0,0,0,0,-0.441308,0,0,0,0,0,0,0,0,0,0,0,0,0,0,0,1.50826,0,0,0,0,0,0,0,0.396072,0,0,-0.758281,0,0,0,0,0,0,0,0,0,0,0,0,0,0,0,0,0,0,0,0,0,0,0,0,1,0,0,0,0,0,0,0,0,0,0,0,0,0,0,0,0,0,0,-0.713212,0,0,-0.735897,0,0,0,0,0,0,0,0,0,0,0,1
0,0,0,0,0,0,0,-0.530666,0,0,0,0,0,0,0,0,-0.805002,0,0,0,0,0,0,0,0,0,0,0,0,0,0,0,0.80367,1,0,0,0,0,0,0,0.279066,0,0,-0.58157,0,0,0,0,0,0,0,0,0,0,0,0,0,0,0,0,0,0,0,0,1,0,0,0,0,0,0,0,0,0,0,0,0,0,0,0,0,0,0,0,0,0,0,-0.674908,0,0,-0.732248,0,0,0,0,0,0,0,0,0,1,0,1
0,0,0,0,0,0,0,-0.453136,0,0,0,0,0,0,0,0,-0.696861,0,0,0,0,0,0,0,0,0,0,0,0,0,0,0,0.95749,3,0,0,0,0,0,0,0.932017,0,0,-0.696676,0,0,0,0,0,0,0,0,0,0,0,0,0,0,0,0,0,0,0,0,0,0,0,0,0,0,0,0,0,0,0,0,0,0,0,0,0,0,0,0,0,0,0,-0.650689,0,0,-0.514634,0,0,0,0,0,0,0,0,0,0,1,1
0,0,0,0,0,0,0,-0.732303,0,0,0,0,0,0,0,0,-0.694427,0,0,0,0,0,0,0,0,0,0,0,0,0,0,0,0.96965,1,0,0,0,0,0,0,0.767457,0,0,-0.581082,0,0,0,0,0,0,0,0,0,0,0,0,0,0,0,0,0,0,1,0,0,0,0,0,0,0,1,0,0,0,0,0,0,0,0,0,0,0,0,0,0,0,0,1.625729,0,0,-0.69951,0,0,0,0,0,0,0,0,0,0,0,1
0,0,0,0,0,0,0,-0.687274,0,0,0,0,0,0,0,0,-0.614748,0,0,0,0,0,0,0,0,0,0,0,0,0,0,0,1.43548,2,0,0,0,0,0,0,1.825544,0,0,-0.757162,0,0,0,0,0,0,0,0,0,0,0,1,0,0,0,0,0,0,0,1,0,0,0,0,0,0,0,0,1,0,0,0,0,0,0,0,0,1,0,0,0,0,0,-0.577243,0,0,-0.639874,0,0,0,0,0,0,0,0,0,0,1,1
0,0,0,0,0,0,0,-0.663201,0,0,0,0,0,0,0,0,-0.675653,0,0,0,0,0,0,0,0,0,0,0,0,0,0,0,1.03499,0,0,0,0,0,0,0,0.190347,0,0,-0.571418,0,0,0,0,0,0,0,0,0,0,0,1,0,0,0,0,0,0,0,0,0,0,0,0,0,0,0,0,0,0,0,0,0,0,0,0,0,0,0,0,0,0,0,-0.738627,0,0,-0.699391,0,0,0,0,0,0,0,0,0,0,0,1
0,0,0,0,0,0,0,-0.681347,0,0,0,0,0,0,0,0,-0.548611,0,0,0,0,0,0,0,0,0,0,0,0,0,0,0,0.99526,0,0,0,0,0,0,0,0.741243,0,0,-0.604561,0,0,0,0,0,0,1,0,0,0,0,0,0,0,0,0,0,0,0,0,0,0,0,0,0,0,0,0,0,0,0,0,0,0,0,0,0,0,0,0,0,0,0,-0.829832,0,0,-0.798176,0,0,0,0,0,0,0,0,1,0,0,1
0,0,0,0,0,0,0,-0.680754,0,0,0,0,0,0,0,0,-0.601149,0,0,0,0,0,0,0,0,0,0,0,0,0,0,0,0.71998,2,0,0,1,0,0,0,1.809726,0,0,-0.532568,0,1,0,0,0,0,0,0,0,0,1,0,0,0,0,0,0,0,0,0,0,0,0,0,0,0,0,0,0,0,0,0,0,0,0,0,0,0,0,1,0,0,0,-0.693768,0,0,-0.711574,0,0,0,0,0,0,0,0,1,0,0,1
0,0,0,0,0,0,0,-0.669897,0,0,0,0,0,0,0,1,2.779457,0,0,0,0,0,0,0,0,0,0,0,0,0,0,0,1.10214,0,0,0,0,0,0,0,0.498452,0,0,-0.659666,0,0,0,0,0,0,0,0,0,0,0,0,0,0,0,0,0,0,0,1,0,0,0,0,0,0,0,0,0,0,0,0,0,0,0,0,0,0,0,0,0,0,0,-0.772746,0,0,-0.592763,0,0,0,0,0,0,0,0,0,0,1,1
0,0,0,1,0,0,0,-0.558408,0,0,0,0,0,0,0,0,-0.726599,0,0,0,0,0,0,0,0,0,0,0,0,0,0,0,1.3158,3,0,0,0,0,0,0,0.596211,0,0,-0.757042,0,0,0,0,0,0,1,0,0,0,0,0,0,0,0,0,0,0,0,1,0,0,0,0,0,0,0,0,0,0,0,0,0,0,0,0,0,0,0,0,0,0,0,-0.788436,0,0,-0.632435,0,0,0,0,0,0,0,0,0,0,0,1
0,0,0,0,0,0,0,-0.838057,0,0,0,0,0,0,0,0,-0.651695,0,0,0,0,0,0,0,0,0,0,0,0,0,0,0,1.88798,7,0,0,0,0,0,0,0.839123,0,0,-0.803725,0,0,0,0,1,0,0,0,1,0,0,0,0,0,0,0,0,0,0,0,0,0,0,0,0,0,0,0,0,0,0,0,0,0,0,0,0,0,0,0,0,1,0,-0.711458,0,0,-0.396816,0,0,0,0,0,0,0,0,0,0,1,1
0,0,0,0,0,0,0,-0.615886,0,0,0,0,0,0,0,0,-0.752607,0,0,0,0,0,0,0,0,0,0,0,0,0,0,0,0.93032,0,0,0,0,0,0,0,0.447144,0,0,-0.627628,0,0,0,0,0,0,0,0,0,0,0,0,0,1,0,0,0,0,0,0,0,0,0,0,0,0,0,0,0,0,0,0,0,0,0,0,0,0,0,0,0,0,0,-0.569746,0,0,-0.720247,0,0,0,0,0,0,0,0,0,0,0,1
0,0,0,0,0,0,0,-0.685994,0,0,0,0,0,0,0,0,-0.66809,0,0,0,1,0,0,0,0,0,0,0,0,0,0,0,0.66248,0,0,0,0,0,0,0,0.810899,0,0,-0.430468,0,0,0,0,0,0,0,0,0,0,0,0,0,0,0,0,0,0,0,0,0,0,0,0,0,0,0,0,0,0,0,0,0,0,0,0,0,0,0,0,0,0,0,-0.313525,0,0,-0.525892,0,0,0,0,0,0,0,0,0,0,0,1
0,0,0,0,0,0,0,-0.745669,0,0,0,0,0,0,0,1,-0.624913,0,0,0,0,0,0,0,0,0,0,0,0,0,0,0,0.73169,2,0,0,0,0,0,0,0.699501,0,0,-0.559417,0,0,0,0,0,0,0,0,0,0,0,0,0,0,0,0,0,0,0,0,0,0,0,0,0,0,0,0,1,0,0,0,0,0,0,0,0,0,0,0,0,0,0,-0.647811,0,0,-0.798883,0,0,0,0,0,0,0,0,0,0,0,1
0,0,0,0,0,0,0,-0.734464,0,0,0,0,0,0,0,0,-0.538668,0,0,0,0,0,0,0,0,0,0,0,0,0,0,0,0.92235,0,0,0,0,0,0,0,1.2623,0,0,-0.637522,0,0,0,0,0,0,0,0,0,0,0,0,0,0,0,0,0,0,0,0,0,0,0,0,0,0,0,0,0,0,0,0,0,0,0,0,0,0,0,0,0,0,0,-0.573394,0,0,-0.64822,0,0,0,0,0,1,0,0,0,0,0,1
0,0,1,0,0,0,0,-0.711798,0,0,0,0,0,0,0,0,-0.667271,0,0,0,0,0,0,0,0,0,0,0,0,0,1,0,1.19945,7,0,0,0,0,0,0,1.30852,0,0,3.98604,0,0,0,0,0,0,0,0,0,0,0,0,0,0,0,0,0,0,1,0,0,0,0,0,0,0,0,0,0,0,0,0,0,0,0,0,0,0,0,0,0,0,0,-0.664699,0,0,-0.750127,0,0,0,0,0,0,0,0,0,0,1,1
0,0,0,1,0,0,0,8.377881,1,0,0,0,0,0,0,0,-0.634797,0,0,0,0,0,1,0,0,0,0,0,0,0,1,1,0.90681,7,0,0,1,0,1,1,1.585876,0,0,-0.533952,0,0,0,0,0,0,0,0,0,0,0,0,0,1,0,0,0,0,0,0,0,0,0,0,0,0,1,0,0,0,0,0,1,0,0,0,0,0,0,0,0,0,0,-0.738481,0,0,-0.811181,0,0,0,0,0,0,0,0,0,0,0,1
0,0,0,0,0,0,0,-0.843888,0,0,0,0,0,0,0,0,-0.553143,0,1,0,0,1,0,0,0,0,0,0,0,0,0,0,1.21486,4,0,0,0,1,0,0,1.394861,0,0,-0.715505,0,0,0,0,0,0,0,0,0,0,0,0,0,0,0,0,0,0,0,0,0,0,0,0,0,0,0,0,0,0,0,0,0,0,0,0,0,0,0,0,0,0,0,-0.679781,0,0,-0.747158,0,0,0,0,0,0,0,0,1,0,1,1
0,0,0,0,0,0,0,-0.757964,0,0,0,0,0,0,0,0,-0.4688,0,1,0,0,0,0,0,0,0,0,0,0,0,0,0,0.92568,4,0,0,0,0,0,0,1.268419,0,0,-0.689488,0,0,0,0,0,0,0,0,0,0,0,0,0,0,0,0,0,0,0,0,1,0,0,0,0,0,0,0,0,0,0,0,0,0,0,0,0,0,0,0,0,1,0,-0.721315,0,0,-0.720722,0,0,0,0,0,0,0,0,0,0,0,1
0,0,0,0,0,0,0,-0.82269,0,0,0,0,0,0,0,0,-0.641693,0,0,0,0,0,0,0,0,1,0,0,0,0,0,1,1.5228,3,0,0,0,0,0,0,1.661172,0,0,-0.775599,0,0,0,0,0,0,0,0,0,0,0,0,0,0,1,0,0,0,0,0,0,1,1,0,0,0,1,0,0,0,0,0,0,0,0,0,1,0,1,0,0,0,0,-0.5883,0,0,-0.648234,0,0,0,0,0,0,0,0,0,0,1,1
0,0,0,0,0,0,0,-0.634728,0,0,0,0,0,0,0,0,-0.545284,0,0,0,0,0,0,0,0,0,0,0,0,0,0,0,1.4766,0,0,1,0,1,0,0,0.620536,0,0,-0.708813,0,0,0,0,0,0,0,0,0,0,0,0,0,0,0,0,0,0,1,0,0,0,0,0,0,1,0,1,0,0,0,0,0,0,0,0,0,0,0,0,0,0,0,-0.683686,0,0,-0.564949,0,0,0,0,0,0,0,0,0,1,0,1
0,0,0,0,0,0,0,-0.662246,0,0,0,0,0,0,0,0,-0.694973,0,0,0,0,0,0,0,0,0,0,0,0,0,0,0,1.28063,1,0,0,0,0,0,0,0.931142,0,0,-0.734456,0,0,0,0,0,0,0,0,0,0,0,1,0,0,0,0,0,0,0,0,0,0,0,0,0,0,0,0,0,0,0,0,0,0,0,0,0,0,0,0,0,0,0,-0.63598,0,0,-0.630866,0,0,0,0,0,0,0,1,0,0,1,1
0,0,0,0,0,0,0,-0.479346,0,0,0,0,0,0,0,0,-0.482907,0,0,0,0,0,0,0,0,0,0,0,0,0,1,0,1.25531,0,0,0,0,0,0,0,0.407856,0,0,-0.730033,0,0,0,0,0,0,0,0,0,0,0,0,0,0,0,0,0,0,0,0,0,0,0,0,0,0,0,0,0,0,0,0,0,0,0,0,0,0,0,0,0,0,0,-0.635989,0,0,-0.485059,0,0,0,0,0,0,0,1,0,0,0,1
0,0,0,0,0,0,0,-0.7321,0,0,0,0,0,0,0,0,-0.557544,0,0,0,0,0,0,0,1,0,0,0,0,0,0,0,0.9174,1,0,0,0,0,0,0,0.216093,0,0,-0.645221,0,0,0,0,0,0,0,0,0,0,0,0,0,0,0,0,0,0,0,0,0,0,0,0,0,1,0,0,0,0,0,0,0,0,0,0,0,0,0,0,0,0,0,-0.748601,0,0,-0.58024,0,0,0,0,0,0,0,0,0,0,0,1
0,0,0,0,1,0,0,-0.756439,0,0,0,0,0,0,0,1,-0.737843,0,0,0,0,0,0,0,0,0,0,0,0,0,0,0,1.12174,4,0,0,0,0,0,0,1.329337,0,0,-0.700571,0,0,0,0,0,0,0,0,0,0,0,0,0,0,0,0,0,0,0,0,0,0,0,0,0,0,0,0,0,0,0,0,0,0,0,0,0,0,0,0,0,0,0,-0.722187,0,0,-0.774994,0,0,0,0,0,0,0,0,0,0,1,1
0,0,0,0,0,0,1,-0.712659,0,0,0,0,0,0,0,0,-0.826743,0,0,0,1,0,0,1,0,0,0,0,0,0,1,0,1.44975,2,0,0,0,0,0,0,1.448101,0,0,-0.797572,0,0,0,0,0,1,0,0,0,0,0,0,0,0,0,0,0,0,0,0,1,0,0,0,0,0,1,0,0,0,0,0,0,0,0,0,0,0,0,0,0,0,0,-0.37303,0,0,-0.678804,0,0,0,0,0,0,0,0,0,0,1,1
0,0,0,0,0,0,0,-0.4485,0,0,0,0,0,0,0,0,-0.61098,0,0,0,0,0,0,0,0,0,0,0,0,0,0,0,1.22878,2,0,0,0,0,0,0,0.402817,0,0,-0.795896,0,0,0,0,0,0,0,0,0,0,1,0,0,0,0,0,0,0,0,0,1,0,0,0,0,0,0,0,1,0,0,0,0,0,0,0,0,0,0,0,0,0,0,-0.434901,0,0,-0.69194,0,0,0,0,0,0,0,1,0,0,1,1
0,0,0,0,0,0,0,-0.544001,0,0,0,0,0,0,0,0,-0.794514,0,0,1,1,0,0,0,0,0,0,0,0,0,0,0,0.77301,0,0,0,1,0,0,0,0.729372,0,0,-0.631699,0,0,0,0,1,0,0,0,0,0,0,0,0,0,0,0,0,0,0,0,0,0,0,0,0,0,0,0,0,0,0,0,0,0,0,0,0,0,0,0,0,0,0,-0.625203,0,0,-0.629548,0,0,0,0,0,0,0,1,0,0,0,1
0,0,0,0,0,0,0,-0.383464,0,0,0,0,0,0,0,0,-0.505429,0,0,0,0,0,0,0,0,0,0,0,0,0,0,0,0.96287,1,0,0,0,0,0,0,0.789552,0,0,-0.625386,0,0,0,0,0,0,0,0,0,0,0,0,0,0,0,0,0,0,0,0,0,0,0,0,0,0,0,0,0,0,0,0,0,0,0,0,0,0,0,0,0,0,0,-0.571533,0,0,-0.718669,0,0,0,0,0,0,0,0,0,0,1,1
0,0,0,0,0,0,0,-0.471668,0,0,0,0,0,0,0,0,-0.737417,0,0,0,0,0,0,0,0,0,0,0,0,0,0,0,1.5931,4,1,0,0,0,0,0,0.993869,0,0,-0.813561,0,0,0,0,1,0,0,0,1,0,0,0,0,0,1,0,0,0,0,0,0,0,0,0,0,0,0,1,0,0,0,0,1,0,0,0,0,0,0,0,0,0,0,-0.620186,0,0,-0.797889,0,0,0,0,0,0,0,0,0,0,1,1
0,0,0,0,0,0,0,-0.879039,0,0,0,0,0,0,0,0,-0.570141,0,0,0,0,0,0,0,0,0,0,0,0,0,1,0,1.00978,0,0,0,0,0,0,0,0.727217,0,0,-0.592223,0,0,0,0,0,0,0,0,0,0,0,0,0,0,0,0,0,0,0,0,0,0,0,0,0,0,0,0,0,0,0,0,0,0,0,0,0,0,0,0,0,0,0,-0.653365,0,0,-0.552322,0,0,0,0,0,0,0,0,0,0,0,1
0,0,0,0,0,0,0,-0.773236,0,0,0,0,0,0,0,0,8.688652,0,0,0,0,0,0,0,0,0,0,0,0,0,0,0,1.07619,0,0,0,0,0,0,0,1.558924,0,0,-0.677639,0,0,0,0,0,0,0,0,0,0,0,0,0,0,0,0,0,0,0,0,0,0,0,0,0,0,0,0,0,0,0,0,0,0,0,0,0,0,0,0,0,0,0,-0.52678,0,0,-0.456676,0,0,0,0,0,0,0,0,0,0,1,1
0,0,0,0,0,0,0,-0.821855,0,0,0,0,0,0,0,0,-0.614805,0,0,0,0,0,0,0,0,0,0,0,0,0,1,0,1.00962,0,0,0,0,0,0,0,0.692213,0,0,-0.616252,0,0,0,0,0,0,0,0,0,0,0,0,0,0,0,0,0,0,0,0,0,0,0,0,0,0,0,0,0,0,0,0,0,0,0,0,0,0,0,0,0,0,0,-0.615566,0,0,-0.70727,0,0,0,0,0,0,0,0,0,1,0,1
0,0,0,1,0,0,0,-0.59376,0,0,0,0,0,1,0,0,-0.643924,0,0,0,0,0,0,0,0,0,0,0,0,0,0,0,2.18669,1,0,0,0,0,0,0,0.531168,0,0,-0.851818,0,0,0,0,0,0,0,0,0,1,0,0,0,0,0,0,0,0,0,0,0,0,0,0,0,0,0,0,0,0,0,0,0,0,0,0,0,0,0,0,0,0,0,-0.623903,0,0,-0.77053,0,0,0,0,0,0,0,0,1,0,1,1
0,0,0,0,0,0,0,-0.521006,0,0,0,0,0,0,0,0,-0.520692,0,1,0,0,1,0,0,0,0,0,0,0,0,0,0,1.71463,5,0,0,0,0,0,0,1.215156,0,0,-0.780366,0,0,0,0,0,0,0,0,0,0,1,0,0,0,0,0,0,0,0,0,0,0,0,0,0,0,0,0,0,0,0,0,0,0,0,0,0,0,0,0,0,0,0,-0.864814,0,1,-0.361409,0,0,0,0,0,0,0,0,0,0,1,1
0,0,0,0,0,1,0,-0.704998,1,1,0,0,0,0,0,0,-0.32629,0,0,0,0,0,0,0,0,0,0,0,0,0,0,0,1.47694,5,0,0,0,0,0,0,1.410393,0,0,-0.791515,0,0,0,0,0,0,0,0,0,1,1,0,0,0,0,0,0,0,0,0,0,1,0,0,0,0,0,0,1,0,0,0,1,0,0,0,0,0,0,1,0,0,0,-0.641718,0,0,-0.740193,0,1,0,0,0,1,0,0,0,0,1,1
1,0,0,0,0,0,0,-0.840857,0,0,1,0,0,0,0,0,-0.644231,0,0,0,0,0,0,0,0,1,0,0,0,0,0,0,2.40502,3,0,0,1,0,0,1,0.765508,0,0,8.951519,0,0,0,0,0,0,0,0,0,0,0,0,0,0,0,0,0,0,0,1,0,0,0,0,0,0,0,0,0,0,0,0,1,0,0,0,0,0,0,0,0,0,0,-0.543614,0,0,-0.720182,0,0,0,0,0,0,0,0,0,0,1,1
0,0,0,0,0,0,0,-0.662983,0,0,0,0,0,0,0,0,-0.639989,0,0,0,0,0,0,0,0,0,0,0,0,0,0,0,1.66472,1,0,0,0,0,0,0,0.663371,0,0,-0.79008,0,1,0,0,0,0,0,0,0,0,0,1,0,0,0,0,0,0,0,0,0,0,0,0,0,0,0,0,0,0,0,0,0,0,1,0,0,0,0,0,0,0,0,-0.80618,0,1,-0.617762,0,0,0,0,0,0,0,0,0,0,1,1
0,0,0,0,0,0,0,-0.611185,0,0,0,0,0,0,0,0,-0.78857,0,0,0,0,0,0,0,0,0,0,0,0,0,0,0,1.44444,2,0,0,0,0,0,0,0.663375,0,0,-0.771032,0,0,0,0,0,0,0,0,0,0,1,0,0,0,0,0,0,0,0,0,0,0,0,0,0,0,0,0,0,0,0,0,0,0,0,0,0,0,0,0,0,0,0,-0.325536,0,0,-0.81786,0,0,0,0,0,0,0,0,0,0,1,1
0,0,0,0,0,0,0,-0.598311,0,0,0,0,0,0,0,0,-0.781085,0,0,0,0,0,0,0,0,0,0,0,0,0,0,0,1.30851,3,0,0,0,0,0,0,1.305888,0,0,-0.732147,0,0,0,0,0,0,0,0,1,0,0,0,0,0,0,0,0,0,0,0,0,0,0,0,0,0,1,0,0,0,0,0,0,0,0,0,0,0,0,0,0,0,0,-0.756726,0,0,-0.690597,0,0,0,0,0,0,0,0,0,0,1,1
0,0,0,0,0,0,0,-0.758908,0,0,0,0,0,0,0,1,-0.592978,0,0,0,0,0,0,0,0,0,0,0,0,0,0,0,1.24664,0,0,0,0,1,0,0,0.217547,0,0,-0.742082,0,0,0,0,0,0,1,0,0,0,0,0,0,0,0,0,0,0,0,0,0,0,0,0,0,0,0,0,0,0,0,0,0,0,0,0,0,1,0,0,0,0,0,-0.768117,0,0,-0.621689,0,0,0,0,0,0,0,0,0,0,0,1
0,0,0,0,0,0,0,-0.751017,0,0,0,0,0,0,0,0,-0.571954,0,0,0,1,0,0,1,0,0,0,0,0,0,0,0,0.72174,0,0,0,0,0,0,0,0.799394,0,0,-0.513431,0,0,0,0,0,0,0,0,0,0,0,1,0,0,0,0,0,0,0,0,0,0,0,0,0,0,0,0,0,0,0,0,0,0,0,0,0,0,0,0,0,0,0,-0.621779,0,0,-0.621652,0,0,0,0,0,0,0,1,0,0,0,1
0,0,0,0,0,0,0,-0.6828,0,0,0,0,0,0,0,0,-0.618478,0,0,0,0,0,0,0,0,0,0,0,0,0,0,0,0.76601,0,0,0,0,0,0,0,0.961766,0,0,-0.630235,0,0,0,0,0,0,0,0,0,0,0,0,0,0,0,0,0,0,0,0,1,0,0,0,0,0,1,0,0,0,0,0,0,0,0,0,0,0,0,0,0,0,0,-0.702692,0,0,-0.595071,0,0,0,0,0,0,0,0,0,0,0,1
0,0,0,0,0,0,0,-0.631005,0,0,0,0,0,0,0,0,-0.646669,0,0,0,0,0,0,0,0,0,0,0,0,0,1,0,1.04068,1,0,0,0,0,0,0,0.722475,0,0,-0.691302,0,0,0,0,0,0,0,0,0,0,0,0,0,0,0,0,0,0,1,0,0,1,0,0,0,1,0,0,1,0,0,0,0,0,0,0,0,0,0,0,0,0,0,-0.722992,0,0,-0.601484,0,0,0,0,0,0,0,0,0,0,0,1
0,0,0,1,0,0,0,-0.607439,0,0,0,0,0,0,0,0,-0.610347,0,0,0,0,0,0,0,0,0,0,0,0,0,0,0,1.0968,4,0,0,0,0,0,0,2.315145,0,0,-0.697688,0,0,0,0,0,0,0,0,0,0,0,0,0,0,0,0,1,0,0,0,0,1,0,0,0,0,0,0,0,0,0,0,0,0,0,0,0,0,0,0,0,0,0,-0.600822,0,0,-0.203597,0,0,0,0,0,0,0,0,0,0,1,1
0,0,0,0,0,0,0,-0.651915,0,0,0,0,0,0,0,0,-0.650658,0,0,0,0,0,0,0,1,0,0,0,0,0,0,0,1.32257,2,0,0,0,0,0,0,0.681208,0,0,-0.745664,0,0,0,0,1,0,0,0,0,0,0,0,0,0,0,0,0,0,0,0,0,0,0,0,0,0,0,0,0,0,0,0,0,0,0,0,0,0,0,0,0,0,0,-0.369815,0,0,-0.702047,0,0,0,0,0,0,0,0,0,0,1,1
0,0,0,0,0,0,0,-0.577549,0,0,0,0,0,0,0,0,-0.71996,0,1,0,0,0,0,0,0,0,0,0,0,0,0,0,0.74192,4,0,0,1,0,0,0,0.857192,0,0,-0.72771,0,0,0,0,1,0,0,0,0,0,0,0,0,0,0,0,0,0,0,0,0,0,0,0,0,0,0,0,0,0,0,0,0,0,0,0,0,0,0,1,0,0,0,-0.608463,0,0,-0.565574,0,0,0,0,0,0,0,0,0,0,0,1
0,0,0,0,0,0,0,-0.655429,0,0,0,0,0,0,0,0,-0.62686,0,0,0,0,0,0,0,0,0,0,0,0,0,0,1,1.68698,14,0,0,0,0,0,1,1.866443,0,0,-0.805823,0,0,0,0,0,0,0,1,0,0,0,0,0,0,0,0,0,0,0,0,0,0,0,0,0,0,0,0,0,0,0,1,0,0,0,0,0,1,0,0,0,0,0,-0.713136,0,0,-0.559326,0,0,0,0,0,0,0,1,0,0,0,1
0,0,0,0,0,0,0,-0.614563,0,0,0,0,0,0,0,0,-0.498494,0,0,0,0,0,0,0,0,0,0,0,0,0,0,0,1.53174,2,0,0,1,0,0,0,0.827166,0,0,-0.783151,0,0,0,0,0,0,0,0,0,0,0,0,0,0,0,0,0,0,0,0,1,0,0,0,0,0,0,0,0,0,0,0,0,0,0,0,0,0,0,0,0,0,0,-0.618405,0,0,-0.703686,0,0,0,0,0,0,0,0,0,0,1,1
0,0,0,1,0,0,0,-0.626437,0,0,0,0,0,0,0,0,-0.204457,0,0,0,0,0,0,0,0,0,0,0,0,0,0,0,1.11196,2,0,0,0,0,0,0,1.36847,0,0,-0.451198,0,0,0,0,0,0,0,0,0,0,0,0,0,0,0,0,0,0,0,1,0,0,0,0,0,0,0,0,0,0,0,0,0,0,0,0,0,0,0,0,0,0,0,-0.627993,0,0,-0.590156,0,0,0,0,0,1,0,0,0,0,0,1
0,0,0,0,0,0,0,1.585207,0,0,0,0,0,0,0,0,-0.606338,0,0,0,0,0,0,0,0,0,0,0,0,0,0,0,0.97767,0,0,0,0,0,0,0,0.975109,0,0,-0.614227,0,0,0,0,0,0,0,0,0,0,0,0,0,0,0,0,0,0,0,0,1,0,0,0,0,0,0,0,0,0,0,0,0,0,0,0,0,0,0,0,0,0,0,-0.664217,0,0,-0.581606,0,0,0,0,0,0,0,0,0,0,0,1
0,0,0,0,0,0,0,-0.636176,0,0,0,0,0,0,0,0,-0.47801,0,0,0,0,0,0,0,0,0,1,0,0,0,0,0,1.52767,1,0,0,0,0,0,0,1.327228,0,0,-0.761918,0,0,0,0,0,0,0,0,0,0,1,0,0,0,0,0,0,0,0,0,0,0,0,0,0,0,0,0,0,0,0,0,0,0,0,0,0,0,0,0,0,0,0,-0.758818,0,0,-0.673511,0,0,0,0,0,0,0,0,0,0,1,1
0,0,0,0,0,0,0,-0.737073,0,0,0,0,0,0,0,0,-0.765212,0,0,0,0,0,0,0,0,0,0,0,0,0,0,0,0.65842,0,0,0,0,0,0,0,0.892587,0,0,-0.475823,0,0,0,0,0,0,0,0,0,0,0,0,0,0,0,0,0,0,0,0,0,1,1,0,0,0,0,0,0,0,0,0,0,0,0,0,0,0,0,0,0,0,0,-0.399441,0,0,-0.735599,0,0,0,0,0,0,0,0,0,0,0,1
0,0,0,0,0,0,0,-0.743685,0,0,0,0,0,0,0,0,8.372478,0,0,0,0,0,0,0,1,0,0,0,0,0,0,0,0.78523,2,0,0,0,0,0,0,1.551717,0,0,-0.593535,0,0,0,0,0,0,0,0,0,0,0,0,0,0,0,0,1,0,0,1,0,0,0,0,0,0,0,0,0,0,0,0,0,0,0,0,0,0,0,0,0,0,0,-0.739054,0,0,-0.649105,0,0,0,0,0,0,0,0,0,0,1,1
0,0,0,0,0,0,0,-0.609703,0,0,0,0,0,0,0,0,-0.86426,0,0,0,0,0,0,0,0,0,0,0,0,0,1,0,0.94044,1,0,0,0,0,0,0,0.860798,0,0,-0.620971,0,0,0,0,0,0,0,0,0,0,0,0,0,0,0,0,0,0,0,0,0,0,0,0,0,0,1,0,0,0,0,0,0,0,0,0,0,0,0,0,0,0,0,-0.887387,0,0,-0.516107,0,0,0,0,0,0,0,0,0,0,0,1
0,0,0,0,0,0,0,-0.710262,0,0,0,0,0,0,0,0,-0.647544,0,0,0,0,0,0,0,0,0,0,0,0,0,1,0,0.91614,0,0,0,0,0,0,0,0.214555,0,0,-0.646121,0,1,0,0,0,0,0,0,0,0,0,0,0,0,0,0,0,0,0,0,0,0,0,0,0,0,0,0,0,0,0,0,0,0,0,0,0,0,0,0,0,0,0,-0.704943,0,0,-0.646631,0,0,0,0,0,0,0,0,0,0,0,1
0,0,0,0,0,0,0,-0.541989,0,0,0,0,0,0,0,0,-0.685216,0,0,0,0,0,0,0,0,0,0,0,0,0,0,0,1.46678,4,0,0,0,1,0,0,1.363354,0,0,-0.769377,0,0,0,0,0,0,0,0,0,0,0,0,0,0,0,0,0,0,0,0,0,0,0,0,0,0,0,1,0,0,0,0,0,0,0,0,0,0,0,0,1,0,0,-0.7006,0,0,-0.323915,0,0,0,0,0,0,0,0,0,0,1,1
0,0,0,0,0,0,0,-0.584269,0,0,0,0,0,0,0,0,-0.68689,0,0,0,0,0,0,0,0,0,0,0,0,0,0,0,1.35188,2,0,0,0,1,0,0,0.890712,0,0,-0.844312,0,0,0,0,0,0,0,0,0,0,1,0,0,0,0,0,0,0,0,0,0,0,0,0,0,0,0,0,0,0,0,0,0,0,0,0,0,0,0,0,0,0,0,-0.630985,0,0,-0.541488,0,0,0,0,0,0,0,0,0,0,0,1
0,0,0,0,0,0,0,-0.650941,0,0,0,0,0,0,0,0,-0.652287,0,0,0,1,0,0,0,0,0,0,0,0,0,0,0,1.24411,1,0,0,0,0,0,0,1.468329,0,0,-0.717707,0,0,0,0,0,0,0,0,0,0,0,0,0,0,0,0,0,0,1,0,0,0,0,0,0,0,0,0,1,0,0,0,0,0,0,0,0,0,0,0,0,0,0,-0.656231,0,0,-0.605907,0,0,0,0,0,0,0,0,0,1,1,1
0,0,0,0,0,0,0,-0.721131,0,0,0,0,0,0,0,0,-0.721017,0,1,0,0,0,0,0,0,0,0,0,0,0,0,0,0.8663,0,0,0,0,0,0,0,0.848027,0,0,-0.605857,0,0,0,0,0,0,0,0,0,0,0,0,0,0,0,0,0,0,0,0,0,0,0,0,0,0,0,0,0,0,0,0,0,0,0,0,0,0,0,0,0,0,0,-0.815035,0,0,-0.553846,0,0,0,0,0,0,0,0,0,0,0,1
0,0,0,1,0,0,0,-0.712984,0,0,0,0,0,0,0,0,-0.526298,0,0,0,0,0,0,0,0,0,0,0,0,0,1,0,0.5184,3,0,0,0,0,0,0,1.863355,0,0,-0.473782,0,0,0,0,0,0,0,0,0,0,0,1,0,0,0,0,0,0,0,0,0,0,0,0,0,1,1,0,0,0,0,0,0,0,0,0,0,0,0,0,0,0,0,-0.780889,0,0,-0.60147,0,0,0,0,0,0,0,0,0,0,1,1
0,0,0,0,0,0,0,-0.658962,0,0,0,0,0,0,0,0,-0.499385,0,0,0,0,0,0,0,0,0,0,0,0,0,0,0,1.7215,4,0,0,1,0,0,0,1.859246,0,0,-0.713191,0,0,0,0,0,0,0,0,0,0,0,0,1,0,0,0,0,0,0,0,0,0,0,0,0,0,0,0,0,0,0,0,0,0,0,0,0,0,0,1,0,0,0,-0.793558,0,0,-0.718624,0,0,0,0,0,0,0,0,0,0,0,1
0,0,0,0,0,0,0,-0.791398,0,0,0,0,0,0,0,0,-0.737253,0,0,0,0,0,0,0,0,0,0,0,0,0,1,0,0.72158,0,0,0,1,0,0,0,0.764122,0,0,-0.510492,0,0,0,0,0,0,0,0,0,0,0,0,0,0,0,0,0,0,0,0,0,0,0,0,0,1,0,0,0,0,0,0,0,0,0,0,0,0,0,0,0,0,0,-0.670885,0,0,-0.681157,0,0,0,0,0,0,0,0,0,0,0,1
0,0,0,0,0,0,0,-0.627172,0,0,0,0,0,0,0,1,-0.62595,0,0,0,1,0,0,0,0,0,0,0,0,0,1,0,1.82093,1,0,0,0,0,0,0,0.802147,0,0,-0.799737,0,1,0,0,0,0,0,0,0,0,0,0,0,0,0,0,0,0,0,0,0,0,0,0,0,0,0,1,0,0,0,0,0,0,0,0,1,0,0,0,0,0,0,-0.535696,0,0,-0.602912,0,0,0,0,0,0,0,0,0,0,1,1
0,0,0,0,0,0,0,-0.745245,0,0,0,0,0,0,0,0,-0.61998,0,0,0,0,0,0,0,0,0,0,0,0,0,0,0,1.01624,5,0,0,0,0,0,0,1.700941,0,0,-0.67534,0,0,0,0,0,0,0,0,0,0,0,0,0,0,0,0,0,0,0,1,0,0,0,0,0,1,0,0,0,0,0,0,0,0,0,0,1,0,0,0,0,0,0,3.391971,0,0,-0.604117,0,0,0,0,0,0,0,1,0,0,1,1
0,0,0,0,0,0,0,-0.277011,0,0,0,0,0,0,0,0,-0.531322,0,0,0,1,0,0,0,0,0,0,0,0,0,0,0,1.46859,6,0,0,0,0,0,0,1.239175,0,0,-0.771727,0,0,0,0,0,0,0,0,0,0,0,0,0,0,0,0,0,0,1,0,0,0,0,0,0,0,0,0,0,0,0,0,0,0,0,0,1,0,0,0,0,0,1,-0.671069,0,0,-0.75596,0,0,0,0,0,0,0,0,0,0,1,1
0,0,0,0,0,0,0,-0.647262,0,0,0,0,0,0,0,0,-0.708249,0,0,0,0,0,0,0,0,0,0,0,0,0,0,0,1.27723,2,0,0,0,0,0,0,1.219018,0,0,-0.815473,0,0,0,0,0,0,0,0,0,0,0,0,0,0,0,0,0,0,0,0,0,0,0,0,0,0,0,0,0,0,0,0,0,0,0,0,0,0,0,0,0,0,0,-0.662823,0,0,-0.739211,0,1,0,0,0,0,0,0,0,0,0,1
0,0,0,0,0,0,0,-0.321525,0,0,0,0,0,0,0,0,-0.330739,0,0,0,0,0,0,0,0,0,0,0,0,0,0,0,0.81548,0,0,0,0,0,0,0,1.070292,0,0,-0.59372,0,0,0,0,0,0,0,0,0,0,1,0,0,0,0,0,0,0,0,0,0,0,0,0,0,0,0,0,0,0,0,0,0,0,0,0,0,0,0,0,0,0,0,-0.668038,0,0,-0.727762,0,0,0,0,0,0,0,0,0,0,0,1
0,0,0,0,0,0,0,-0.632086,0,0,0,0,0,0,0,0,-0.608197,0,0,0,0,0,0,0,0,0,0,0,0,0,0,0,1.13064,2,0,0,0,0,0,0,1.057459,0,0,-0.699194,0,0,0,0,0,0,1,0,0,0,1,0,0,0,0,0,0,0,0,1,0,0,1,0,0,0,0,0,0,0,0,0,0,0,0,0,0,0,0,0,0,0,0,-0.550077,0,0,-0.495913,0,0,0,0,0,0,0,0,0,0,0,1
0,0,0,0,0,0,0,-0.676677,0,0,0,0,0,0,0,0,-0.606675,0,0,0,1,0,0,0,0,0,0,0,0,0,0,0,1.14727,1,0,0,0,0,0,0,0.563782,0,0,-0.711857,0,0,0,0,0,0,0,0,0,0,0,1,0,0,0,0,0,0,0,0,0,0,0,0,0,0,0,0,0,0,0,0,0,0,0,0,0,0,0,0,1,0,0,-0.70839,0,0,-0.572164,0,0,0,0,0,0,0,0,0,0,1,1
0,0,0,0,0,0,0,-0.616223,0,0,0,0,0,0,0,0,-0.648741,0,0,0,0,0,0,0,0,0,0,0,0,0,0,0,1.31261,0,0,1,1,0,0,0,1.086562,0,0,-0.741503,0,0,0,0,0,0,0,0,1,0,0,0,0,0,0,0,0,0,0,0,0,0,0,0,0,0,0,0,0,0,0,0,0,0,0,0,0,0,0,0,0,0,0,-0.801511,0,0,-0.774369,0,0,0,0,0,0,0,0,0,0,0,1
0,0,0,1,0,0,0,-0.329485,1,0,0,0,0,0,0,0,-0.66208,0,0,0,0,0,0,0,1,0,0,0,0,0,1,0,1.42555,9,0,0,0,0,0,0,0.800286,0,0,-0.780835,0,0,0,0,0,0,0,0,0,0,0,0,0,1,0,0,0,0,0,1,0,0,0,0,0,0,1,0,0,0,0,0,0,0,0,0,0,0,0,0,0,1,0,-0.733948,0,0,-0.691241,0,0,0,0,0,0,0,0,1,0,1,1
0,0,0,0,0,0,0,-0.714092,0,0,0,0,0,0,0,0,-0.906636,0,0,0,0,0,0,0,1,0,0,1,0,0,0,0,1.58603,4,0,0,0,0,0,0,0.455934,0,0,-0.791201,0,0,0,0,0,0,0,0,0,0,1,0,0,0,0,1,0,0,0,0,0,0,1,0,0,0,0,0,0,0,0,0,0,0,0,0,0,0,0,0,0,0,0,-0.592659,0,0,-0.367814,1,0,0,0,0,0,1,0,0,0,0,1
0,0,0,0,0,0,0,-0.524625,0,0,0,0,0,0,0,0,-0.784477,0,0,0,0,0,0,0,0,0,0,0,0,0,0,0,0.83303,0,0,0,0,0,0,0,1.68704,0,0,-0.58909,0,0,0,0,0,0,0,0,0,0,0,0,0,0,0,0,0,0,0,0,0,0,0,0,0,0,0,0,0,0,0,0,0,0,0,0,0,0,0,0,0,0,0,-0.796957,0,0,-0.664813,0,0,0,0,0,1,0,0,0,0,0,1
0,0,0,0,0,0,0,-0.690163,0,0,0,0,0,0,0,0,-0.654958,0,0,0,0,0,0,0,0,0,0,0,0,0,0,0,1.00282,0,0,0,0,1,0,0,0.166667,0,0,-0.635261,0,0,0,0,0,0,0,0,0,0,0,0,0,0,0,0,0,0,0,0,0,0,1,0,0,0,0,0,0,0,0,0,0,0,0,0,0,0,0,0,0,0,0,-0.747426,0,0,-0.682572,0,0,0,0,0,0,0,0,0,0,0,1
0,0,0,0,0,0,0,-0.606284,0,0,0,0,0,0,0,0,-0.577337,0,0,0,0,0,0,0,0,0,0,0,0,0,0,0,1.12393,5,0,0,0,0,0,0,1.505189,0,0,-0.714015,0,0,0,0,0,0,0,0,0,0,0,0,0,0,0,0,0,0,0,0,1,0,0,0,0,0,0,0,0,0,0,0,0,0,0,0,0,1,0,0,0,1,0,-0.72093,0,0,-0.793617,0,0,0,0,0,0,0,0,0,0,0,1
0,0,0,0,0,1,0,-0.822365,0,0,0,0,0,0,0,1,-0.682079,0,0,0,0,0,1,0,0,0,0,0,0,0,0,0,1.49285,5,0,0,0,0,0,0,0.842595,0,1,8.415571,0,0,0,0,0,0,0,0,0,0,0,0,0,0,0,0,0,0,0,0,1,0,0,0,0,0,0,1,0,0,0,0,0,0,0,0,0,0,0,0,0,0,0,-0.676213,0,0,-0.511946,0,0,0,0,0,0,0,0,0,0,1,1
0,0,0,0,0,0,0,-0.53264,0,0,0,0,0,0,0,0,-0.6043,0,0,0,0,0,0,0,0,0,0,0,0,0,0,0,1.35609,3,0,0,1,0,0,0,1.455385,0,0,-0.763096,0,0,0,0,0,0,0,0,0,0,0,1,0,0,0,0,0,0,0,0,0,0,0,0,0,0,0,0,0,0,0,0,0,0,0,0,0,0,0,0,0,0,0,-0.593603,0,0,-0.35333,0,0,0,0,0,0,0,1,0,0,1,1
0,0,0,1,0,0,0,-0.317582,0,0,0,0,0,0,0,0,-0.625822,0,0,0,0,0,0,0,0,0,0,0,0,0,0,0,1.16337,3,0,0,0,0,0,0,3.188395,0,0,-0.643056,0,0,0,0,0,0,0,0,0,0,0,0,0,0,0,0,1,0,0,0,0,0,1,0,0,0,0,0,0,0,0,0,0,0,0,0,0,0,0,0,0,0,0,-0.650288,0,0,-0.686645,0,0,0,0,0,0,0,0,0,0,1,1
0,0,0,0,0,0,0,-0.768126,0,0,0,0,0,0,0,0,-0.696477,0,0,0,0,0,0,0,0,0,0,0,0,0,0,0,0.7804,2,0,0,0,0,0,0,1.258085,0,0,-0.581411,0,0,0,0,0,0,0,0,0,0,0,1,0,0,0,0,0,0,0,0,0,0,0,0,0,0,0,0,0,0,0,0,0,0,0,0,0,0,0,0,0,0,0,-0.79661,0,0,-0.542512,0,0,0,0,0,0,0,0,1,0,1,1
0,0,0,0,0,0,0,-0.419497,0,0,0,0,0,0,0,0,-0.60747,0,0,0,0,0,0,0,0,0,0,0,0,0,0,0,1.08536,0,0,0,1,0,0,0,0.267298,0,0,-0.727209,0,1,0,0,0,0,0,0,0,0,0,0,0,0,0,0,0,0,0,0,0,0,0,0,0,0,0,0,0,0,0,0,0,0,0,0,0,0,0,1,0,0,0,-0.636896,0,0,-0.498499,0,0,0,0,0,0,0,0,0,0,0,1
0,0,0,0,0,0,0,-0.622943,0,0,0,0,0,0,0,0,-0.691298,0,0,0,0,0,0,0,1,0,0,0,0,0,1,0,1.29531,1,0,0,0,0,0,0,1.173926,0,0,-0.720812,0,0,0,0,0,0,0,0,0,0,0,0,0,0,0,0,0,0,0,0,0,0,0,0,0,0,0,0,0,0,0,0,0,0,0,0,0,0,0,0,0,0,0,-0.566146,0,0,-0.567985,0,0,0,0,0,0,0,0,0,0,1,1
0,0,0,0,0,0,0,-0.614511,0,0,0,0,0,0,0,0,-0.769236,0,0,0,0,1,0,0,0,0,0,0,0,0,0,0,1.3389,2,0,0,0,0,1,0,0.811187,0,0,-0.751694,0,0,0,0,0,0,0,0,0,0,0,0,0,0,0,0,0,0,0,0,0,0,0,0,0,0,1,0,0,0,0,0,0,0,0,0,0,0,0,0,0,0,0,-0.587021,0,0,-0.881451,0,0,0,0,0,0,0,0,0,0,0,1
0,0,0,0,0,0,0,-0.550348,0,0,0,0,0,0,0,0,-0.821798,0,0,0,0,0,0,0,0,0,0,0,0,0,0,0,1.50102,3,0,0,0,0,0,0,1.153354,0,0,-0.781074,0,0,0,0,0,0,0,0,0,0,0,0,0,0,0,0,0,0,0,0,0,0,0,0,0,0,0,0,0,0,0,0,0,1,0,0,0,0,0,0,0,1,0,-0.730826,0,0,-0.562454,0,1,0,0,0,0,0,0,1,0,1,1
0,0,0,0,0,0,0,-0.71062,0,0,0,0,0,0,0,0,-0.6,0,0,0,0,0,0,0,0,0,0,0,0,0,0,0,1.23992,0,0,0,0,0,0,0,0.839829,0,0,-0.703665,0,0,0,0,0,0,0,0,0,0,0,0,0,0,0,0,0,0,0,0,0,0,0,0,0,0,0,0,0,0,0,0,0,0,0,0,0,0,0,0,0,0,0,-0.584451,0,0,-0.662025,0,0,0,0,0,0,0,0,0,0,1,1
0,0,0,0,0,0,0,-0.823929,0,1,0,0,0,0,0,0,-0.615669,0,0,0,0,0,0,0,0,0,0,0,0,0,0,0,0.86221,1,0,0,0,0,0,0,0.617879,0,0,-0.585254,0,0,0,0,0,0,0,0,0,0,0,0,0,0,0,0,0,0,0,0,0,0,0,0,0,0,0,0,0,0,0,0,0,0,0,0,0,0,0,0,0,0,0,-0.570531,0,0,-0.572043,0,0,0,0,0,0,0,1,0,0,0,1
0,0,0,0,0,0,0,-0.699151,0,0,0,0,0,0,0,0,-0.682365,0,0,0,0,0,0,0,0,0,0,0,0,0,0,0,1.13588,1,0,0,0,0,0,0,0.71753,0,0,-0.703075,0,0,0,0,0,0,0,0,0,0,0,0,0,0,0,0,0,0,0,0,1,1,0,0,0,0,1,0,1,0,0,0,0,0,0,0,0,0,0,0,0,0,0,-0.604976,0,0,-0.53554,0,0,0,0,0,0,0,0,1,0,0,1
0,0,0,0,0,0,0,-0.609131,0,0,0,0,0,0,0,0,-0.655183,0,0,0,0,0,0,0,0,0,0,0,0,0,0,0,1.00074,1,0,0,0,0,0,0,1.49205,0,0,-0.664806,0,0,0,0,0,0,0,0,0,0,0,0,0,0,0,0,0,0,0,0,0,0,0,0,0,0,0,0,0,0,0,0,0,0,0,1,0,0,0,0,0,0,0,-0.774073,0,0,-0.642356,0,0,0,0,0,0,0,0,0,0,1,1
0,0,0,0,0,0,0,-0.689723,0,0,0,0,0,0,0,0,-0.418694,0,0,0,0,0,0,0,0,0,0,0,0,0,0,0,1.10838,7,0,0,0,0,0,0,1.28455,0,0,-0.677651,0,0,0,0,0,0,0,0,0,0,1,1,0,0,0,0,1,0,0,0,0,0,0,0,0,0,0,0,0,0,0,0,0,0,0,0,0,0,0,0,0,0,0,-0.695188,0,0,-0.748219,0,0,0,0,0,0,0,0,0,0,1,1
0,0,0,0,0,0,0,-0.752628,0,0,0,0,0,0,0,0,-0.558198,0,0,0,0,0,0,0,0,0,0,0,0,0,0,0,1.2509,12,0,0,0,0,0,0,4.09091,0,0,-0.782527,0,0,0,0,0,0,0,0,0,0,0,0,0,0,0,0,0,0,0,0,0,0,0,0,0,1,0,0,0,0,0,0,0,0,0,0,0,0,0,0,0,0,0,-0.561275,0,0,-0.665244,0,0,0,0,0,0,0,0,0,0,1,1
0,0,0,0,0,0,0,-0.678434,0,0,0,0,0,0,0,0,-0.545871,0,0,0,1,1,0,0,0,0,1,0,0,0,0,0,1.18027,3,0,1,0,0,0,0,1.764496,0,0,-0.718734,0,0,0,0,0,0,0,0,0,0,0,0,0,0,0,0,0,0,0,0,0,0,0,0,0,0,0,0,0,0,0,0,0,0,0,0,0,0,0,0,0,0,0,-0.744543,0,0,-0.792868,0,0,0,0,0,1,0,0,0,0,0,1
0,0,0,0,0,0,0,-0.418709,0,0,0,0,0,0,0,0,-0.724981,0,0,0,0,1,0,0,0,0,0,0,0,0,0,0,1.14037,6,0,0,0,0,0,0,2.260127,0,0,-0.69658,0,0,0,0,0,0,0,0,0,0,0,1,1,0,0,0,0,0,0,1,1,0,0,0,0,0,0,0,0,0,0,0,0,0,0,0,1,0,0,1,0,0,0,-0.755706,0,0,-0.696624,0,0,0,0,0,0,0,0,0,0,1,1
0,0,0,0,0,0,0,-0.626504,0,0,0,0,0,0,0,1,-0.506005,0,0,0,0,0,0,0,0,0,0,0,0,0,0,0,1.36234,5,0,0,1,0,0,0,1.470276,0,0,-0.747069,0,0,0,0,0,0,0,0,0,0,1,0,0,0,0,0,0,0,0,0,0,0,0,0,0,0,0,0,0,0,0,0,0,1,0,0,0,0,1,0,0,1,1,-0.622959,0,0,-0.80497,0,0,0,0,0,0,0,0,1,0,0,1
0,0,1,0,0,0,0,-0.669195,0,0,1,0,1,0,0,0,-0.686133,0,0,0,0,0,0,0,0,0,0,0,0,0,0,0,1.10192,5,0,0,0,0,0,0,1.381757,0,0,-0.700993,0,0,0,0,0,0,0,0,0,0,0,0,0,0,0,0,0,0,0,0,0,0,0,0,0,1,0,0,0,0,0,0,0,0,0,0,0,0,0,0,0,0,0,-0.752126,0,0,-0.716547,0,0,0,0,0,1,1,0,0,0,0,1
0,0,0,1,0,0,0,-0.72321,0,0,0,0,0,0,0,0,-0.609675,0,0,0,0,0,0,0,0,0,0,0,0,0,0,0,1.26185,0,0,0,0,0,0,0,0.7796,0,0,-0.742533,0,0,0,0,0,0,0,0,0,0,0,0,0,0,0,0,0,0,0,0,0,0,0,0,0,0,0,0,0,0,0,0,0,0,0,0,0,0,0,0,0,0,0,-0.755649,0,0,-0.596275,0,0,0,0,0,0,0,0,0,0,1,1
0,0,0,0,0,0,0,-0.710975,0,0,0,0,0,0,0,0,-0.609374,0,0,0,0,0,0,0,0,0,0,0,0,0,0,0,1.26052,2,0,0,0,0,0,0,0.9449,0,0,-0.715893,0,0,0,0,0,0,0,0,0,0,1,0,0,0,0,0,0,0,0,0,0,0,0,0,0,0,0,0,0,0,0,0,0,0,0,0,0,0,0,0,0,0,0,-0.566929,0,0,-0.712727,0,0,0,0,0,0,0,0,0,0,1,1
0,0,0,0,0,0,0,-0.660069,0,0,0,0,0,0,0,0,-0.483538,0,0,0,0,0,0,0,0,0,0,0,0,0,0,0,0.55051,2,0,0,0,0,0,0,2.662153,0,0,-0.36988,0,0,0,0,0,0,0,0,0,0,0,0,0,0,0,0,0,0,0,0,0,0,0,0,0,0,0,0,0,0,0,0,0,0,0,0,0,1,0,0,0,0,0,-0.561186,0,0,-0.377801,0,0,0,0,0,0,0,0,0,0,0,1
0,0,0,0,0,0,0,-0.790352,0,0,0,0,0,0,0,0,-0.670456,0,0,0,0,0,0,0,0,0,0,0,0,0,0,0,1.02473,2,0,0,0,0,1,0,0.75207,0,0,-0.672829,0,0,0,0,0,0,0,0,0,0,0,0,0,0,0,0,0,0,0,0,0,0,0,0,0,1,0,0,0,0,0,0,0,0,0,0,0,0,0,0,0,0,0,-0.641652,0,0,-0.616879,0,0,0,0,0,1,0,0,0,0,0,1
0,0,0,0,0,0,0,-0.634656,0,0,0,0,0,0,0,0,-0.633204,0,0,0,0,0,0,0,0,0,0,0,0,0,0,0,0.94459,1,0,0,0,0,0,0,1.946808,0,0,-0.551669,0,0,0,0,0,0,0,0,0,0,0,0,0,0,0,0,0,0,0,0,0,0,0,0,0,1,0,0,0,0,0,0,0,0,0,0,0,0,0,0,0,0,0,-0.418025,0,0,-0.582359,0,0,0,0,0,0,0,0,0,0,1,1
0,0,0,0,0,0,0,-0.633143,0,0,0,0,0,0,0,0,-0.367578,0,0,0,0,0,0,0,0,0,0,0,0,0,0,0,0.74498,0,0,0,0,0,0,0,0.338752,0,0,-0.520735,0,0,0,0,0,0,0,0,0,0,0,0,0,0,0,0,0,0,0,0,1,0,0,0,0,0,0,0,0,0,0,0,0,0,0,0,0,0,0,0,0,0,0,-0.738906,0,1,-0.682326,0,0,0,0,0,0,0,0,0,0,0,1
0,0,0,0,0,0,0,-0.531272,0,0,0,0,0,0,0,0,-0.737514,0,0,0,0,0,0,0,0,0,0,0,0,0,0,0,0.92492,0,0,0,0,0,0,0,0.213313,0,0,-0.606539,0,0,0,0,0,0,0,0,0,0,0,0,0,0,0,0,0,0,0,0,0,0,0,0,0,0,0,0,0,0,0,0,0,0,0,0,0,0,0,0,0,0,0,-0.733302,0,0,-0.544118,0,0,0,0,0,0,0,0,1,0,0,1
0,0,0,0,0,0,0,-0.507954,0,0,0,0,0,0,0,0,-0.460939,0,0,0,0,0,0,0,0,0,0,0,0,0,1,0,1.32106,3,0,0,0,1,1,0,1.238818,0,1,0.530396,1,0,0,0,0,0,0,0,0,0,0,0,0,0,0,0,0,0,0,0,0,0,0,0,0,0,1,0,0,0,0,0,0,0,0,0,0,0,0,0,0,0,0,-0.730334,0,0,-0.382643,0,0,0,0,0,0,0,1,0,0,0,1
0,0,0,0,0,0,0,-0.629168,0,0,0,0,0,0,0,0,-0.685082,0,0,0,0,0,0,0,0,0,0,0,0,0,0,0,0.88907,1,0,0,0,0,0,0,1.568666,0,0,-0.654502,0,0,0,0,0,0,0,0,0,0,0,1,0,0,0,0,0,0,0,0,0,0,0,0,0,0,0,0,0,0,0,0,0,0,0,0,0,0,0,0,0,0,0,-0.712952,0,0,-0.573445,0,0,0,0,0,0,0,0,0,0,1,1
0,0,0,0,0,0,0,-0.6216,0,0,0,0,0,0,0,0,-0.55441,0,0,0,0,0,0,0,0,0,0,0,0,0,0,0,1.35061,1,0,0,0,0,0,0,0.651071,0,0,-0.73919,0,0,1,0,0,0,0,0,0,0,0,0,0,0,0,0,0,0,0,0,0,0,0,0,0,0,0,0,0,0,0,0,0,0,0,0,0,0,0,0,0,0,0,-0.665629,0,0,-0.502925,0,0,0,0,0,0,0,0,0,0,0,1
0,0,0,0,0,0,0,-0.755639,0,0,0,0,0,0,0,0,-0.576756,0,0,0,0,0,0,0,0,0,0,0,0,0,0,0,1.18177,1,0,0,0,0,0,0,0.807594,0,0,-0.710283,0,0,0,0,0,0,0,0,0,0,0,0,0,0,0,0,0,0,0,0,0,0,0,0,0,1,0,0,1,0,0,0,0,0,0,0,0,0,0,0,0,0,0,-0.428703,0,0,-0.913938,0,0,0,0,0,0,0,0,0,0,0,1
0,0,0,0,0,0,0,-0.73274,0,0,0,0,0,0,0,0,-0.755814,0,0,0,0,0,0,0,0,0,0,0,0,0,0,0,0.69846,2,0,0,1,0,0,0,1.457189,0,0,-0.616477,0,0,0,0,0,0,0,0,0,0,0,0,0,0,0,0,0,0,0,0,0,0,0,0,0,0,0,0,0,0,0,0,0,0,0,1,0,0,0,0,0,0,0,-0.627329,0,0,-0.744715,0,0,0,0,0,0,0,0,0,0,0,1
0,0,0,0,0,0,0,-0.73205,0,0,0,1,0,0,0,0,-0.527804,0,0,0,0,0,0,0,0,0,0,0,0,0,0,0,0.74273,0,0,0,0,1,0,0,0.233333,0,0,-0.585583,0,0,0,0,0,0,0,0,0,0,0,0,0,0,0,0,0,0,0,0,0,0,0,0,0,0,0,0,0,0,0,0,0,0,0,0,0,0,0,0,0,0,0,-0.494561,0,0,-0.757656,0,0,0,0,0,0,0,0,0,0,0,1
0,0,0,1,0,0,0,-0.733044,0,0,0,0,0,0,0,0,-0.685017,0,0,0,0,0,0,0,0,0,0,0,0,0,0,0,1.04571,1,0,0,0,0,0,0,0.477947,0,0,-0.676758,0,0,0,0,0,0,0,0,0,0,0,0,0,0,0,0,0,0,1,0,0,0,0,0,1,0,0,0,0,0,0,0,0,0,0,1,0,0,0,0,0,0,0,-0.656954,0,0,-0.562982,0,0,0,0,0,0,0,0,0,0,0,1
0,0,0,0,0,0,0,-0.694858,0,0,0,0,0,0,0,0,-0.71592,0,0,0,0,0,0,0,0,0,0,0,0,0,1,0,0.88303,2,0,0,0,0,0,0,2.38519,0,0,-0.524228,0,0,0,0,0,0,0,0,0,0,0,0,0,0,0,0,0,0,0,0,0,0,0,0,0,0,0,0,0,0,0,0,0,0,0,0,0,0,1,0,0,0,0,-0.554943,0,0,-0.420145,0,0,0,0,0,0,0,0,0,0,1,1
0,0,0,0,0,0,0,-0.700479,0,0,0,0,0,0,0,0,-0.629487,0,0,0,0,0,0,0,0,0,0,0,0,0,0,0,0.86211,0,0,0,0,0,0,0,0.401863,0,0,-0.616507,0,0,0,0,0,0,0,0,0,0,0,0,0,0,0,0,0,0,0,0,0,0,0,0,0,0,0,0,0,0,0,0,0,0,0,0,0,0,0,0,0,0,0,-0.686164,0,0,-0.627909,0,0,0,0,0,0,0,0,0,0,0,1
0,0,0,1,0,0,0,-0.33878,0,0,0,0,0,0,0,0,-0.671612,0,0,1,0,0,0,0,0,0,0,0,0,0,0,0,0.94608,0,0,0,0,0,0,0,2.006044,0,0,-0.635347,0,0,0,0,0,0,0,0,0,0,0,0,0,0,0,0,0,0,0,0,0,0,0,0,0,0,0,0,0,0,0,0,0,0,0,0,0,0,0,0,0,0,0,-0.674516,0,0,-0.441866,0,0,0,0,0,0,0,0,0,0,0,1
0,0,0,0,0,0,0,-0.604681,0,0,0,0,0,0,0,0,-0.487954,0,0,0,0,0,0,0,0,0,0,0,0,0,0,0,1.62557,0,0,1,0,0,0,0,0.524357,0,0,-0.806731,0,0,0,0,0,0,0,0,0,0,0,0,0,0,1,0,0,0,0,0,0,0,0,0,0,0,0,0,0,0,0,0,0,0,0,0,0,0,0,0,0,0,0,-0.788311,0,0,-0.763684,0,0,0,0,0,1,0,0,0,0,0,1
0,0,0,0,0,0,0,-0.756317,0,0,0,0,0,0,0,0,-0.520333,0,0,0,0,0,0,0,0,0,0,0,0,0,0,0,0.79731,0,0,0,0,0,0,0,0.236308,0,0,-0.564535,0,0,0,0,0,0,0,0,0,0,0,0,0,0,0,0,0,0,0,0,0,0,0,0,0,1,0,0,0,0,0,0,0,0,0,0,0,0,0,0,0,0,0,-0.675409,0,0,-0.625488,0,0,0,0,0,1,0,0,0,0,0,1
0,0,0,0,1,0,0,-0.504178,0,0,0,0,0,0,0,0,-0.726378,0,0,0,0,0,0,0,0,0,0,0,0,0,0,0,0.77704,1,0,0,0,0,0,0,0.795179,0,0,-0.380064,0,0,0,0,0,0,0,0,0,0,0,0,0,0,0,0,0,0,0,0,1,0,0,0,0,0,0,0,0,0,0,0,0,0,0,0,0,0,0,0,0,0,0,-0.588061,0,0,-0.706877,0,0,0,0,0,0,0,0,0,0,0,1
0,0,0,0,0,0,0,-0.687907,0,0,0,0,0,0,0,0,-0.685886,0,0,0,0,0,0,0,0,0,0,0,0,0,0,0,0.77727,0,0,0,0,0,0,0,1.006096,0,0,-0.555257,0,0,0,0,0,0,0,0,0,0,0,0,0,0,0,0,1,0,0,0,0,1,0,0,0,0,0,0,1,0,0,0,0,0,0,0,0,0,1,0,0,0,0,-0.626629,0,0,-0.691998,0,0,0,0,0,0,0,0,0,0,0,1
0,0,0,0,0,0,0,-0.609816,0,0,0,0,0,0,0,0,-0.520177,0,0,0,0,0,0,0,0,0,0,0,0,0,0,0,1.12323,5,0,0,0,0,0,0,1.908804,0,0,-0.695003,0,0,0,0,0,0,0,0,0,0,0,0,0,0,0,0,0,0,0,0,1,0,0,0,0,0,0,0,0,0,0,0,0,0,0,0,0,0,0,0,0,1,0,-0.714947,0,0,-0.665759,0,0,0,1,0,0,0,0,0,0,1,1
0,0,0,0,0,0,0,-0.546973,0,0,0,0,0,0,0,0,-0.717927,0,0,0,0,0,0,0,0,0,0,0,0,0,0,0,0.97031,1,0,0,0,0,0,0,1.480386,0,0,-0.554705,0,0,0,0,0,0,0,0,1,0,0,0,0,0,0,0,0,0,0,0,0,0,0,0,0,0,0,0,0,0,0,1,0,0,0,0,0,1,0,0,0,0,0,-0.714691,0,0,-0.703152,0,0,0,0,0,0,0,0,0,0,0,1
0,0,0,0,0,0,0,-0.650513,0,0,0,0,0,0,0,0,-0.780821,0,0,0,0,0,0,0,1,0,0,0,0,0,0,0,1.16649,0,0,0,0,0,0,0,1.188752,0,0,-0.638248,0,0,0,0,0,0,0,0,0,0,0,0,0,0,0,0,0,0,0,0,0,0,0,0,0,0,0,0,0,0,0,0,0,0,0,0,0,0,0,0,0,0,0,-0.700694,0,0,-0.688617,0,0,0,0,0,0,0,1,0,0,0,1
0,0,0,1,0,0,0,-0.413774,0,0,0,0,0,0,0,0,-0.567413,0,0,0,0,0,0,0,0,0,0,1,0,0,0,0,1.74634,7,0,0,0,0,0,0,1.002531,0,0,-0.801689,0,0,0,0,0,0,0,0,0,0,0,1,0,0,0,0,0,0,0,0,0,0,0,0,1,0,0,0,0,0,0,0,0,0,0,0,0,0,0,0,0,0,0,1.482286,0,0,-0.536151,0,0,0,0,0,0,0,0,0,0,1,1
0,0,0,0,0,0,0,-0.68023,0,0,0,0,0,0,1,0,-0.741906,0,0,1,0,0,0,0,0,0,0,0,0,0,0,0,1.3753,2,0,0,0,0,0,0,0.719371,0,0,-0.755869,0,0,0,0,0,0,0,0,0,0,0,0,0,0,0,0,0,0,0,0,0,0,0,0,0,0,0,0,0,0,0,1,0,0,0,0,0,0,0,0,0,0,0,-0.585288,0,0,-0.446551,0,0,0,0,0,0,0,0,0,0,1,1
0,0,0,0,0,0,0,-0.650844,0,0,0,0,0,0,0,0,-0.468477,0,0,1,0,0,0,0,0,0,0,0,0,0,0,0,0.97848,0,1,0,0,0,0,0,0.474989,0,0,-0.524814,0,0,0,0,0,0,0,0,0,0,0,0,0,0,0,0,0,0,0,0,0,0,0,0,0,0,0,0,0,0,0,0,0,0,0,0,0,0,0,0,0,1,0,-0.735069,0,0,-0.477399,0,0,0,0,0,0,0,0,0,0,0,1
0,0,0,0,0,0,0,-0.638898,0,0,0,0,0,0,0,1,-0.582999,0,0,0,0,0,0,0,0,0,0,0,0,0,0,0,0.90492,5,0,0,1,0,0,0,3.010249,0,0,-0.603055,0,0,0,0,0,0,0,0,0,0,0,0,0,0,0,0,0,0,1,0,0,0,0,0,0,0,0,0,0,0,0,0,0,0,0,0,0,0,0,1,0,0,0,-0.581365,0,0,-0.785194,0,0,0,0,0,0,0,0,0,0,1,1
0,0,0,0,0,0,0,-0.749425,0,0,0,0,0,0,0,1,-0.79983,0,0,0,0,0,0,0,0,0,0,0,0,0,0,0,0.48445,0,0,0,0,0,0,0,0.89804,0,0,0.711795,0,0,0,0,0,0,0,0,0,0,0,0,0,0,0,0,0,0,0,0,0,0,0,0,0,0,0,0,0,0,0,0,0,0,0,0,0,0,0,0,0,0,0,-0.676776,0,0,-0.694178,0,0,0,0,0,1,0,0,0,0,0,1
0,0,0,0,0,0,0,-0.742323,0,0,0,0,0,0,0,0,-0.774364,0,0,0,0,0,0,0,0,0,0,0,0,0,0,0,1.11223,4,0,0,0,0,0,0,1.448032,0,0,-0.694753,0,0,0,0,0,0,0,0,0,0,0,0,0,0,0,0,0,0,1,0,0,0,0,0,0,0,1,0,0,0,0,0,0,0,0,0,0,0,0,0,0,0,0,-0.522195,0,0,-0.645688,0,0,0,0,0,1,0,1,0,0,1,1
0,0,0,1,0,0,0,-0.729896,0,0,0,0,0,0,0,0,-0.568842,0,0,0,0,0,0,0,0,0,0,0,0,0,0,0,0.81399,2,0,0,0,0,0,0,2.153167,0,0,-0.55958,0,0,0,0,0,0,0,0,0,0,0,0,0,0,0,0,0,0,0,1,0,1,0,0,0,0,0,0,0,0,0,0,0,0,0,0,0,0,0,0,0,0,0,-0.847817,0,0,-0.657777,0,0,0,0,0,0,0,0,0,0,1,1
0,0,0,0,0,0,0,-0.468027,0,0,0,0,0,0,0,0,-0.497076,0,0,0,0,0,0,0,0,0,0,0,0,0,0,0,0.84128,0,0,0,0,0,0,0,0.238582,0,0,-0.573259,0,0,0,0,0,0,0,0,0,0,0,0,0,0,0,0,0,0,0,0,0,0,0,0,0,0,0,0,0,0,0,0,0,0,0,0,0,0,0,0,0,0,0,-0.757352,0,1,-0.796048,0,0,0,0,0,0,0,0,1,0,0,1
0,0,0,0,0,0,0,-0.719182,0,0,0,0,0,0,0,0,-0.644341,0,0,0,0,0,0,0,0,0,0,0,0,0,0,0,0.6833,1,0,0,0,0,0,0,0.191231,0,0,-0.587986,0,0,0,0,0,0,0,0,0,0,0,0,0,0,0,0,0,0,0,0,0,0,0,0,0,1,0,0,0,0,0,0,0,0,0,0,0,0,0,0,0,0,0,-0.726991,0,0,-0.820221,0,0,0,0,0,0,0,0,0,0,0,1
0,0,0,0,0,0,0,-0.661942,0,0,0,0,0,0,0,0,-0.58809,0,0,0,0,0,0,0,0,0,0,0,0,0,0,0,0.79287,3,0,0,0,0,1,0,1.277489,0,0,-0.639561,0,0,0,0,0,0,0,0,0,0,0,0,0,0,0,0,0,0,0,0,0,0,0,0,0,0,0,0,0,0,0,0,0,0,0,0,0,0,0,0,0,0,0,-0.71976,0,0,-0.77323,0,0,0,0,0,0,0,0,0,0,1,1
0,0,0,0,0,0,0,-0.789459,0,0,0,0,0,0,0,0,-0.52979,0,0,0,0,0,0,0,0,0,0,0,0,0,0,0,0.7595,0,0,0,0,0,1,0,0.283893,0,0,-0.569744,0,0,0,0,0,0,1,0,0,0,0,0,0,0,0,0,0,0,0,0,0,0,0,0,0,0,0,0,0,0,0,0,0,0,0,0,0,0,0,0,0,0,0,-0.703252,0,0,-0.795957,0,0,0,0,0,0,0,0,0,0,0,1
0,0,0,0,0,0,0,-0.675362,0,0,0,0,0,0,0,0,-0.324307,0,0,0,0,0,0,0,0,0,0,0,0,0,0,0,0.78566,2,0,0,0,0,0,0,2.27873,0,0,-0.59968,0,0,0,0,0,0,0,0,0,0,0,0,0,0,0,0,0,0,0,0,0,0,0,0,0,0,0,0,0,0,0,0,0,0,0,0,0,0,0,0,0,0,0,-0.422957,0,0,-0.710095,0,0,0,0,0,0,0,0,0,0,1,1
0,0,0,0,0,0,0,-0.573972,0,0,0,0,0,0,0,0,-0.707868,0,0,0,0,0,0,0,0,0,0,0,0,0,0,0,1.48414,0,0,0,0,0,0,0,0.231612,0,0,-0.723645,0,0,0,0,0,0,0,0,0,0,0,0,0,0,0,0,0,0,0,0,1,0,0,0,0,0,0,0,0,0,0,0,0,0,0,0,0,0,0,0,0,0,0,-0.791612,0,0,-0.778996,0,0,0,0,0,0,0,0,0,0,0,1
0,0,0,0,0,0,0,-0.711486,0,0,0,0,0,0,0,0,-0.783494,0,0,0,0,0,0,0,0,0,0,0,0,0,1,0,0.80032,0,0,0,0,0,0,0,0.553673,0,0,-0.65858,0,0,0,0,0,0,0,0,0,0,0,0,0,0,0,0,0,0,0,0,0,0,0,0,0,0,0,0,0,0,0,0,0,0,0,0,0,0,0,0,0,0,0,-0.641824,0,0,-0.77887,0,0,0,0,0,0,0,0,0,0,0,1
0,0,0,0,0,0,0,2.017562,0,0,0,0,0,0,0,0,-0.685,0,0,1,0,0,0,0,0,0,0,0,0,0,0,0,0.94788,3,0,0,0,0,0,0,1.609128,0,0,-0.633227,0,0,0,0,0,0,0,0,0,0,0,0,0,0,0,0,0,0,0,0,0,0,0,0,1,0,0,0,0,0,0,0,0,0,0,0,0,0,0,0,0,0,0,-0.491384,0,0,-0.773912,0,0,0,0,0,0,0,1,0,0,1,1
0,0,1,0,0,0,0,-0.81835,0,0,0,0,0,0,0,0,-0.512055,0,0,0,0,0,0,0,0,0,0,0,0,0,0,0,2.06783,4,0,0,0,0,0,0,1.175425,0,0,-0.836272,0,1,0,0,0,1,0,0,0,0,0,0,0,0,0,0,0,0,0,0,0,0,0,0,0,0,0,0,0,0,0,0,0,0,0,0,0,0,0,0,0,0,0,-0.062142,0,0,-0.549655,0,0,0,0,0,0,0,0,0,0,0,1
0,0,0,0,0,0,0,-0.562194,0,0,0,0,0,0,0,0,-0.803351,0,0,0,0,0,0,0,0,0,0,0,0,0,0,0,0.71353,1,0,0,0,0,1,0,0.78309,0,0,-0.505492,0,0,0,0,0,0,0,0,0,0,0,0,0,0,0,0,0,0,0,0,0,0,0,0,0,0,0,0,0,0,0,0,0,0,0,0,0,0,0,0,0,0,0,-0.644782,0,0,-0.650065,0,0,0,0,0,0,0,0,0,0,0,1
0,0,0,0,0,0,0,-0.685218,0,0,0,0,0,0,0,0,-0.501755,0,0,0,0,0,0,0,0,0,0,0,0,0,0,0,1.36039,0,0,0,0,1,0,0,0.179833,0,0,-0.810876,0,0,0,0,0,0,0,0,0,0,0,0,0,0,0,0,0,0,0,0,0,0,0,0,0,0,0,0,0,0,0,0,0,0,0,0,0,0,0,0,0,0,0,-0.418037,0,0,-0.791733,0,0,0,0,0,0,0,1,0,0,0,1
0,0,0,0,1,0,0,-0.778253,0,0,0,0,0,0,0,0,-0.647139,0,0,0,0,0,0,0,0,0,0,0,0,0,0,0,1.2764,0,0,0,1,0,0,0,0.201475,0,0,-0.750786,0,0,0,0,0,0,0,0,0,0,0,0,0,0,0,0,0,0,0,0,0,0,1,0,0,0,0,0,0,0,0,0,0,0,0,0,0,0,0,0,0,0,0,-0.529305,0,0,-0.750754,0,0,0,0,0,0,0,0,0,0,0,1
0,0,0,0,0,0,0,-0.735947,0,0,1,0,0,0,0,0,-0.752605,0,0,0,0,0,0,0,0,0,0,0,0,0,0,0,1.23975,4,0,0,0,0,0,0,1.175692,0,0,-0.710649,0,1,0,0,0,1,0,0,0,0,0,0,0,0,0,0,1,0,0,0,0,0,0,0,0,0,0,0,0,0,0,0,0,0,0,0,0,0,0,1,0,0,0,1.843505,0,0,-0.768569,0,0,0,0,0,1,0,0,0,0,1,1
0,0,0,0,0,0,0,-0.620529,0,0,0,0,0,0,0,0,-0.390401,0,0,0,0,0,0,0,0,0,0,0,0,0,0,0,1.14951,1,0,0,0,0,0,0,1.41091,0,0,-0.733298,0,0,0,0,0,0,0,0,0,0,0,0,0,0,0,0,0,0,0,0,0,1,0,0,0,0,0,0,0,0,0,0,0,0,0,0,0,0,0,0,0,0,0,-0.758126,0,0,-0.741458,0,0,0,0,0,0,0,0,0,0,1,1
0,0,0,1,0,0,0,-0.68734,0,0,0,0,0,0,0,0,-0.688329,0,0,0,1,0,0,0,0,0,0,0,0,0,0,0,0.96609,0,0,0,0,0,0,0,0.826553,0,0,-0.649493,0,1,0,0,0,0,0,0,0,0,0,0,0,0,0,0,0,0,0,0,0,0,0,0,0,0,0,0,0,0,0,0,0,0,0,0,0,0,0,0,0,0,0,-0.648381,0,0,-0.393137,0,0,0,0,0,0,0,0,0,0,0,1
0,0,0,0,0,0,0,-0.742564,0,0,0,0,0,0,0,0,-0.544146,0,0,0,0,0,0,0,0,0,0,0,0,0,0,0,0.9813,0,0,0,0,0,0,0,0.228466,0,0,-0.650173,0,0,0,0,0,0,0,0,0,0,0,0,0,0,0,0,0,0,0,0,0,0,0,0,0,0,0,0,0,0,0,0,0,0,0,0,0,0,0,0,0,0,0,-0.710231,0,0,-0.669501,0,0,0,0,0,0,0,0,0,0,0,1
0,0,0,0,0,0,0,-0.483547,0,0,0,0,0,0,0,0,-0.752476,0,0,0,0,0,0,0,0,0,0,0,0,0,0,0,0.79999,1,0,0,0,0,0,0,0.966154,0,0,-0.615627,0,0,0,0,0,0,0,0,0,0,0,1,0,0,0,0,0,0,0,0,1,0,0,0,0,0,0,0,0,0,0,0,0,0,0,0,0,0,0,0,0,0,0,-0.414682,0,0,-0.738998,0,0,0,0,0,0,0,1,0,0,0,1
0,0,0,0,0,0,0,-0.834186,0,0,0,0,0,0,0,0,-0.682538,0,0,0,0,0,0,0,0,0,0,0,0,0,0,0,1.02568,0,0,0,0,0,0,0,0.667458,0,0,-0.624053,0,0,0,0,0,0,0,0,0,0,1,1,0,0,0,0,0,0,0,0,0,0,0,0,0,0,0,0,0,0,0,0,0,0,0,0,0,0,0,0,0,0,0,-0.701991,0,0,-0.61655,0,0,0,0,0,0,0,0,0,0,0,1
0,0,0,0,0,0,0,-0.711927,0,0,0,0,0,0,0,0,-0.675371,0,0,0,0,0,0,0,0,0,0,0,0,0,0,0,0.94618,0,0,0,0,0,0,0,0.72546,0,0,-0.680611,0,0,0,0,0,0,0,0,0,0,0,0,0,1,0,0,0,1,0,0,0,0,0,0,0,0,0,0,0,0,0,0,0,0,0,0,0,0,0,0,0,0,0,-0.787987,0,0,-0.724673,0,0,0,0,0,0,0,0,0,0,0,1
0,0,0,0,0,0,0,-0.779788,0,0,0,0,0,0,0,0,-0.748124,0,0,0,1,0,0,0,0,0,0,0,0,0,0,0,0.70169,3,0,0,0,0,1,0,2.208686,0,0,-0.572119,0,0,0,0,0,0,0,0,0,0,0,0,0,0,0,0,0,0,0,1,0,0,0,0,0,0,0,0,0,0,0,0,0,0,0,0,0,0,0,0,0,0,0,-0.560072,0,0,-0.648082,0,0,0,0,0,0,0,0,0,0,1,1
0,0,0,0,0,0,0,-0.82469,0,0,0,0,0,0,0,0,-0.777326,0,0,0,0,0,0,0,0,0,0,0,0,0,0,0,0.89459,2,0,0,0,1,0,0,1.135465,0,0,-0.618496,0,0,0,0,0,0,0,0,0,0,0,0,0,0,0,0,0,0,0,0,1,0,0,0,0,0,0,0,0,0,0,0,1,0,0,0,0,0,0,0,0,0,0,-0.649502,0,0,-0.668087,0,0,0,0,0,0,0,1,0,0,1,1
0,0,0,0,0,0,0,-0.708584,0,0,0,0,0,0,0,0,-0.656415,0,0,0,0,0,0,0,0,1,0,0,0,0,0,0,1.72216,3,0,0,0,0,0,0,0.674318,0,0,-0.80672,0,0,0,0,0,0,0,0,0,0,0,0,0,0,0,0,0,0,0,0,0,0,0,0,0,1,0,0,0,0,0,0,0,0,0,0,0,0,0,0,0,0,0,-0.312307,0,0,-0.558809,0,0,0,0,0,1,0,0,0,0,1,1
0,0,0,0,0,0,0,-0.462723,0,0,0,0,0,0,0,0,-0.593185,0,1,0,0,0,0,0,0,0,0,0,0,0,0,0,0.45054,0,0,0,0,0,0,0,0.700473,0,0,-0.32591,0,0,0,0,0,0,0,0,0,0,0,0,0,0,0,0,0,0,0,0,0,0,0,0,0,0,0,0,0,0,0,0,0,0,0,0,0,0,0,1,0,0,0,-0.63537,0,0,-0.357359,0,0,0,0,0,0,0,0,0,0,0,1
0,0,0,0,0,0,0,-0.806288,0,0,0,1,0,0,0,1,-0.322301,0,0,0,0,0,0,0,1,0,0,0,0,0,0,0,1.39304,4,0,0,0,1,0,0,1.159941,0,0,-0.761588,0,0,0,0,0,0,0,0,0,0,0,0,0,0,0,0,0,0,0,0,0,0,1,0,0,0,1,0,0,0,0,0,0,0,1,1,0,0,0,0,0,0,0,-0.685997,0,0,-0.742648,0,0,0,0,0,0,0,0,0,0,1,1
0,0,0,0,0,0,0,-0.760532,0,0,0,0,0,0,0,0,-0.555139,0,0,0,0,0,0,0,0,0,1,0,0,0,0,0,1.50971,3,0,0,0,1,0,0,0.18759,0,0,-0.800981,0,0,1,0,0,0,0,0,0,0,0,0,0,0,0,0,0,0,0,0,0,0,0,0,0,0,0,0,0,0,0,0,0,1,0,0,0,0,0,0,0,0,0,-0.484858,0,0,-0.472005,0,0,0,0,0,0,0,0,0,0,0,1
0,0,1,0,0,0,0,-0.655085,0,0,0,0,0,0,1,0,-0.643144,0,0,0,0,0,0,0,0,0,0,0,0,0,1,0,1.51723,5,0,0,0,1,0,0,0.704353,0,0,-0.861132,0,0,0,0,0,0,0,0,0,0,1,0,0,0,0,0,0,1,0,0,0,0,0,0,0,0,0,0,0,0,0,0,0,0,0,0,0,0,0,0,0,0,0,-0.813564,0,0,-0.685719,0,0,0,0,0,0,0,0,0,0,1,1
0,0,0,0,0,0,0,-0.470813,0,0,0,0,0,0,0,1,-0.681967,0,0,0,0,0,0,0,1,0,0,0,0,0,1,0,1.45528,1,0,0,0,0,0,0,1.089707,0,0,-0.75374,0,0,0,0,0,0,0,0,0,0,1,0,0,0,0,0,0,0,0,0,0,0,1,0,0,0,0,0,0,0,0,0,0,0,0,0,0,0,0,0,0,0,0,-0.738776,0,0,-0.705191,0,0,0,0,0,0,0,0,0,0,0,1
0,0,0,0,0,0,0,-0.77074,0,0,0,0,0,0,0,0,-0.697105,1,0,0,0,0,0,0,0,0,0,0,0,0,0,0,0.499,1,0,0,1,0,0,0,1.244619,0,0,-0.392824,0,0,0,0,0,0,0,0,0,0,0,0,0,0,0,0,0,0,0,0,0,1,0,0,0,0,0,0,0,0,0,0,0,0,0,0,0,0,0,0,0,0,0,-0.68137,0,0,-0.422844,0,0,0,0,0,0,0,1,0,1,0,1
0,0,0,0,0,0,0,-0.615852,0,0,0,0,0,0,0,0,-0.299803,0,0,1,0,0,0,0,0,0,0,0,0,0,1,0,1.02646,0,0,0,0,0,0,0,0.378304,0,0,-0.697053,0,0,0,0,0,0,0,0,0,0,0,0,0,0,0,0,0,0,0,0,0,1,0,0,0,0,0,0,0,0,0,0,0,0,0,0,0,1,0,0,0,0,0,-0.462064,0,0,-0.5436,0,0,0,0,0,0,0,0,0,0,0,1
0,0,0,0,0,0,0,-0.69278,0,0,0,0,0,0,0,0,-0.53353,0,0,0,0,0,0,0,0,0,0,0,0,0,0,0,0.81263,3,0,0,0,0,0,0,1.877191,1,0,-0.627677,0,0,0,0,0,0,0,0,0,0,0,0,0,0,0,0,0,0,0,0,1,1,0,0,0,0,0,0,0,0,0,0,1,0,0,0,0,1,0,1,0,1,0,-0.514274,0,0,-0.809842,0,0,0,0,1,0,0,0,0,0,1,1
0,0,0,0,0,0,0,-0.663967,0,0,0,0,0,0,0,0,8.511649,0,0,0,0,0,0,0,1,0,0,0,0,0,0,0,1.155,2,0,0,0,0,0,0,1.227837,0,0,-0.701263,0,0,0,0,0,0,0,1,0,0,0,0,0,0,0,0,0,0,0,0,0,0,0,0,0,0,1,0,0,0,0,0,0,0,0,0,0,0,0,0,0,0,0,-0.72416,0,0,-0.650712,0,0,1,0,0,0,0,0,0,0,1,1
0,0,0,0,0,0,0,-0.407855,0,0,0,0,0,0,0,0,-0.593722,0,0,0,0,0,0,0,0,0,0,0,0,0,1,0,1.1564,1,0,0,0,0,0,0,0.395459,0,0,-0.704854,0,1,0,0,0,0,0,0,0,0,0,1,0,0,0,0,0,0,0,0,0,0,0,0,0,0,0,0,0,0,0,0,0,0,0,0,0,0,0,0,0,0,0,-0.62292,0,0,-0.771776,0,0,0,0,0,0,0,0,0,0,0,1
0,0,0,0,0,0,0,-0.745618,0,0,0,0,0,0,0,0,-0.75141,0,0,0,0,0,0,0,0,0,0,0,0,0,0,0,0.93453,1,0,0,0,0,0,0,1.833613,0,0,-0.629209,0,0,0,0,0,0,0,0,0,0,0,0,0,0,0,0,0,0,0,0,0,0,0,0,0,0,0,0,0,0,0,0,0,0,0,1,0,0,0,0,0,1,0,-0.529739,0,1,-0.738816,0,0,0,0,0,1,0,0,0,0,1,1
0,0,0,0,0,0,0,-0.656857,0,0,0,0,0,0,0,0,-0.604966,0,0,0,0,0,0,0,0,0,0,0,0,0,1,0,0.79297,1,0,0,0,0,0,0,1.604589,0,0,-0.560912,0,0,0,0,0,0,0,0,0,0,1,0,0,0,0,0,0,0,0,0,0,0,0,0,0,0,0,0,0,0,0,0,0,0,0,0,0,0,0,0,0,0,0,-0.540116,0,0,-0.515076,0,0,0,0,0,0,0,0,0,0,0,1
0,0,0,0,0,0,0,-0.69279,0,0,0,0,0,0,0,0,-0.668057,0,0,1,0,0,0,0,0,0,0,0,0,0,0,0,0.70034,0,0,0,0,0,0,0,0.782936,0,0,-0.316967,0,0,0,0,0,0,0,0,1,0,0,0,0,0,0,0,0,0,0,1,0,0,0,0,0,0,0,0,0,0,0,0,0,0,0,0,0,0,0,0,0,0,0,-0.713455,0,1,-0.52846,0,0,0,0,0,1,0,0,0,0,0,1
0,0,0,1,0,0,0,-0.570885,0,0,0,0,0,0,0,0,-0.428977,0,0,1,0,0,0,0,0,0,0,0,0,0,0,0,1.13077,2,0,0,0,0,0,0,1.315608,0,0,-0.67565,0,0,1,0,0,0,0,0,0,0,0,1,0,0,0,0,0,0,0,0,0,0,0,0,0,0,0,0,0,0,0,0,0,0,0,0,0,0,0,0,0,0,0,-0.579554,0,0,-0.857143,0,0,0,0,0,0,0,0,0,0,0,1
0,0,0,0,0,0,0,-0.579163,0,0,0,0,0,0,0,0,-0.66481,0,0,0,0,0,0,0,0,0,0,0,0,0,0,0,0.79261,0,0,0,0,0,0,0,1.040539,0,0,-0.57993,0,0,0,0,0,0,0,0,0,0,0,0,0,0,0,0,0,0,0,0,1,0,0,0,0,0,0,0,0,0,0,0,0,0,0,0,0,0,0,0,0,0,0,-0.529891,0,0,-0.752862,0,0,0,0,0,0,0,0,0,0,0,1
0,0,0,0,0,0,0,-0.560854,0,0,0,0,0,0,0,0,-0.734146,0,0,0,0,0,0,1,0,0,0,0,0,0,1,0,0.92368,4,0,0,0,0,0,0,1.243043,0,0,-0.655399,0,0,0,0,0,0,0,0,0,0,1,0,0,0,0,0,0,0,0,0,0,1,0,0,0,0,0,0,0,0,0,0,1,0,0,0,0,0,0,0,0,0,0,-0.846154,0,0,-0.439899,0,0,0,0,0,0,0,0,0,0,1,1
0,0,0,0,0,0,0,-0.803402,0,0,0,0,0,0,0,0,-0.729015,0,0,0,0,0,0,0,0,0,0,0,0,0,0,0,1.18424,3,0,0,0,0,0,0,2.299919,0,0,-0.727491,0,0,1,0,0,0,0,0,0,0,0,0,0,0,0,0,0,0,0,0,0,0,1,0,0,0,0,0,1,1,0,0,0,0,0,0,0,0,1,0,0,0,0,-0.688747,0,0,-0.751032,0,0,0,0,0,0,0,0,0,1,1,1
0,0,0,0,0,0,0,-0.723812,0,0,0,0,0,0,0,1,-0.672795,0,0,0,0,0,0,1,0,0,0,0,0,0,0,0,1.29272,1,0,0,0,0,0,0,0.784513,0,0,-0.740188,0,0,0,0,0,0,0,0,0,0,0,0,0,0,0,0,0,0,0,0,0,0,0,0,0,0,0,0,0,0,0,0,0,0,0,0,0,0,0,0,0,0,0,-0.597463,0,0,-0.416707,0,0,0,0,0,0,0,0,0,0,1,1
0,0,0,0,0,0,0,-0.607687,0,0,1,0,0,0,0,0,-0.804711,0,0,0,0,0,0,0,0,0,0,0,0,0,1,0,0.90203,4,0,0,0,1,0,0,1.379859,0,0,-0.665451,0,0,0,0,0,0,0,0,0,0,1,0,0,0,0,0,0,0,0,0,0,0,1,0,0,0,0,0,0,0,0,0,0,0,0,0,0,0,0,0,0,0,0,-0.769812,0,0,-0.583483,0,0,0,0,0,0,0,0,0,0,1,1
0,0,0,0,0,0,0,-0.599778,0,1,0,0,0,0,0,0,-0.625118,0,0,0,0,0,0,0,0,1,0,0,0,0,1,0,1.40531,1,0,0,0,0,0,0,0.863329,0,0,-0.755551,0,0,0,0,0,0,0,0,0,0,0,0,0,0,0,0,0,0,0,0,0,0,0,0,0,0,0,0,0,0,0,0,0,0,0,0,0,0,0,0,0,0,0,-0.61069,0,0,-0.687841,0,0,0,0,0,0,0,0,0,0,1,1
0,0,0,0,0,0,0,-0.490355,0,0,0,0,0,0,0,0,-0.329389,0,0,0,1,0,0,0,0,0,0,0,0,0,0,0,1.3296,2,0,0,0,0,0,0,0.484071,0,0,-0.751978,0,0,0,0,0,0,0,0,0,0,1,0,0,0,0,0,0,0,0,0,0,0,0,0,0,0,0,0,0,0,0,0,0,0,1,0,0,0,0,0,0,0,0,-0.631523,0,0,-0.657677,0,0,0,0,0,0,0,0,0,0,0,1
0,0,0,0,0,0,0,-0.756489,0,0,0,0,0,0,0,0,-0.66297,0,0,0,0,0,0,0,0,0,0,0,0,0,0,0,1.24671,5,0,0,1,0,0,0,1.348011,0,1,-0.730807,0,0,0,0,0,0,0,0,0,0,0,0,0,0,0,0,0,0,0,0,1,0,0,0,0,0,0,0,0,0,0,0,0,0,0,0,0,1,0,0,0,0,0,-0.774943,0,0,-0.54034,0,0,0,0,0,0,0,1,1,0,1,1
0,0,0,0,0,0,0,-0.741801,0,0,0,0,0,0,0,1,-0.709558,0,0,0,0,0,0,0,0,1,0,0,0,0,0,0,1.24575,1,0,0,0,0,0,0,0.994607,0,0,-0.720008,0,0,0,0,0,0,1,0,0,0,0,0,0,0,0,0,0,0,1,0,1,0,0,0,0,0,0,0,0,0,0,0,0,0,0,0,0,0,0,0,0,0,0,-0.74751,0,0,-0.641378,0,0,0,0,0,0,0,0,0,0,0,1
0,0,0,1,0,0,0,-0.474438,0,0,0,0,0,0,0,0,-0.658982,0,0,0,0,0,0,0,0,0,0,0,0,0,0,0,1.34331,1,0,0,0,0,0,0,0.238095,0,0,-0.737884,0,0,0,0,0,0,0,0,0,0,0,0,0,0,0,0,0,0,0,1,0,0,1,0,0,1,0,0,0,0,0,0,0,0,0,0,0,0,0,0,0,0,0,-0.840893,0,0,-0.691953,0,0,0,0,0,1,0,1,0,0,0,1
0,0,0,0,0,0,0,-0.622922,0,0,0,0,0,0,0,1,-0.530037,0,0,0,0,0,0,0,0,0,0,0,0,0,0,0,1.11672,1,0,0,0,0,0,0,0.690263,0,0,-0.688026,0,0,0,0,0,0,0,0,0,0,0,0,0,0,0,0,0,0,0,0,0,0,0,0,0,0,0,0,0,0,0,0,0,0,0,0,0,0,0,0,0,0,0,-0.454451,0,0,-0.622757,0,0,0,0,0,0,0,0,0,0,1,1
0,0,0,0,0,0,0,-0.363822,0,0,0,0,0,0,0,0,-0.720471,0,0,0,0,0,0,0,0,0,0,0,0,0,0,0,1.05924,2,0,0,0,0,0,0,0.958787,0,0,-0.700114,0,0,0,0,0,0,0,0,1,0,0,0,0,0,0,0,0,0,0,0,0,0,1,0,0,0,0,0,0,0,0,0,0,0,0,0,0,0,0,0,0,0,0,-0.668267,0,0,-0.680179,0,0,0,0,0,0,0,0,0,0,0,1
0,0,0,0,0,0,0,-0.803769,0,0,0,0,1,0,0,0,-0.620923,0,0,1,0,0,0,0,0,0,0,0,0,0,0,0,1.53346,5,0,1,0,0,0,0,1.473552,0,0,-0.774825,0,0,0,0,0,0,0,0,0,0,0,0,0,1,0,0,0,0,0,0,0,0,0,0,0,0,0,0,0,0,0,0,0,0,0,0,0,0,0,0,0,0,0,-0.693365,0,0,-0.61808,1,0,0,0,0,0,0,0,0,0,1,1
0,0,0,0,0,0,0,-0.595536,0,0,0,0,0,0,0,0,-0.681355,0,0,0,0,0,0,1,0,0,0,0,0,0,0,0,2.81338,3,0,1,0,0,0,0,0.898982,0,0,-0.865731,0,0,0,0,0,0,0,0,0,1,0,0,0,0,0,0,0,0,0,0,0,0,0,0,0,0,0,0,0,0,0,0,0,0,0,0,0,0,0,0,0,0,0,-0.719992,0,0,9.222941,0,0,0,0,0,0,0,0,1,0,0,1
0,0,0,0,0,0,0,-0.753517,0,0,0,0,0,0,0,0,-0.666363,0,1,0,0,0,0,0,0,0,0,0,0,0,0,0,0.89295,0,0,0,0,1,0,0,0.233333,0,0,-0.565763,0,0,0,0,0,0,0,0,0,0,1,0,0,0,0,0,0,0,0,0,0,0,0,0,0,1,0,0,0,0,0,0,0,0,0,0,0,0,0,0,0,0,0,-0.701974,0,0,-0.565004,0,0,0,0,0,0,0,0,0,0,0,1
0,0,0,0,0,0,0,-0.725342,1,0,0,0,0,0,0,0,-0.539785,0,0,0,0,0,0,0,0,0,0,0,0,0,0,0,1.54999,2,0,0,0,0,0,0,1.203944,0,0,-0.775373,0,0,0,0,0,0,0,0,0,0,0,0,0,0,0,0,0,0,0,1,0,0,0,0,0,0,0,0,0,0,0,0,0,0,0,1,0,0,0,0,0,0,0,-0.646605,0,0,-0.714186,0,0,0,0,1,0,0,0,0,0,1,1
0,0,0,0,0,1,0,-0.636214,0,0,0,1,0,0,0,1,-0.320986,0,0,0,0,0,0,0,0,0,1,0,0,0,0,0,1.69022,2,0,0,0,0,0,0,0.516667,0,0,-0.825254,0,0,0,0,0,0,0,1,0,0,0,0,0,0,0,0,0,0,0,0,0,0,1,0,0,0,0,0,0,0,0,0,0,0,0,0,0,0,0,0,0,0,0,-0.578621,0,0,-0.756966,0,0,0,0,0,0,0,0,0,0,1,1
0,0,0,0,0,0,0,-0.626603,0,0,0,0,0,0,0,0,-0.67752,0,0,0,0,0,0,0,0,0,1,0,0,0,0,0,0.84073,2,0,0,0,0,0,0,1.52766,0,0,-0.623039,0,0,0,0,0,0,0,0,0,0,0,0,0,0,0,0,0,0,0,0,1,1,0,0,0,0,0,0,0,0,0,0,0,0,0,0,0,0,0,0,0,0,0,-0.571129,0,0,-0.082899,0,0,0,0,0,1,0,0,0,0,0,1
0,0,1,0,0,0,1,-0.52772,0,0,1,0,0,0,0,1,-0.772816,0,0,0,0,0,0,0,0,0,0,0,0,0,0,0,1.05911,3,0,0,0,0,0,0,1.629442,0,0,-0.683023,0,0,0,0,0,0,0,0,0,0,0,0,0,0,0,0,0,0,0,0,0,0,0,0,0,0,0,0,0,0,0,0,0,0,0,0,0,0,0,0,0,0,0,-0.59352,0,0,-0.637589,0,0,0,0,0,0,0,0,0,0,1,1
0,0,0,0,0,0,0,-0.426372,0,0,0,0,0,0,0,0,-0.699925,0,0,0,0,0,0,0,0,0,0,0,0,0,0,0,1.09159,1,0,0,0,1,0,0,0.593175,0,0,-0.731662,0,0,0,0,0,0,0,0,0,0,0,0,0,0,0,0,0,0,0,0,0,0,0,0,0,0,0,0,0,0,0,0,0,0,0,0,0,0,0,0,0,0,0,-0.659316,0,0,-0.511371,0,0,0,0,0,0,0,0,0,0,1,1
0,0,0,0,0,0,0,-0.624565,0,0,0,0,0,0,0,0,-0.705565,0,0,0,0,0,0,0,0,0,0,0,0,0,0,0,0.94934,3,0,0,0,0,0,0,0.410923,0,0,-0.646701,0,0,0,0,0,0,0,0,0,0,0,0,0,0,0,0,0,0,0,0,0,0,0,0,0,0,1,0,0,0,0,0,0,1,0,0,0,0,0,0,0,1,0,8.720336,0,0,-0.666655,0,0,0,0,0,1,0,0,1,0,0,1
0,0,0,0,0,0,0,-0.714632,0,0,0,0,0,0,0,0,-0.671951,0,0,0,0,0,0,0,0,0,0,0,0,0,0,0,1.68649,8,0,1,1,0,0,0,2.874855,0,0,-0.798729,0,1,1,0,0,1,0,0,0,0,0,0,0,0,0,0,0,0,0,1,1,0,0,0,0,0,0,0,0,0,0,0,0,0,0,0,0,0,0,0,0,1,0,-0.654756,0,0,-0.62539,0,0,0,0,0,0,0,0,0,0,1,1
0,0,0,1,0,0,0,-0.656584,0,0,0,0,0,0,0,0,-0.404387,0,0,0,0,0,0,0,0,0,0,0,0,0,0,0,2.02547,2,0,0,0,0,0,0,0.623101,0,0,-0.886957,0,0,0,0,1,0,0,0,0,0,0,0,0,0,0,0,0,0,0,0,0,0,0,0,0,0,0,0,0,0,0,0,0,0,0,0,0,0,0,0,0,0,0,-0.604088,0,0,-0.707057,0,0,0,0,0,0,0,0,1,0,1,1
0,0,0,0,0,0,0,-0.692151,0,0,0,0,0,0,0,0,-0.674336,0,0,0,0,0,0,0,0,0,0,0,0,0,0,0,0.95095,0,0,0,0,0,0,0,0.222689,0,0,-0.612468,0,0,0,0,0,0,0,0,0,0,0,0,0,0,0,0,0,0,0,0,0,0,0,0,0,0,0,0,0,0,0,0,0,0,0,0,0,0,0,0,0,0,0,-0.719374,0,0,-0.679037,0,0,0,0,0,0,0,0,0,0,0,1
0,0,0,0,0,0,0,-0.546747,0,0,0,0,0,0,0,0,-0.744681,0,0,0,0,0,0,0,0,0,0,0,0,0,0,0,0.90778,0,0,0,0,0,0,0,0.21875,0,0,-0.632711,0,0,0,0,0,0,0,0,0,0,0,0,0,0,0,0,0,0,0,0,0,0,0,0,0,0,0,0,0,0,0,0,0,0,0,0,0,0,0,0,1,0,0,-0.259909,0,0,-0.484487,0,0,0,0,0,0,0,0,0,0,0,1
0,0,0,0,0,0,0,-0.370061,0,0,0,0,0,0,0,0,-0.792548,0,0,0,0,0,0,0,0,0,0,0,0,0,1,0,0.75332,2,0,0,0,0,0,0,1.315076,0,0,-0.54868,0,0,0,0,0,0,0,0,0,0,1,0,0,0,0,0,0,0,0,0,0,0,0,0,0,0,0,0,0,0,0,0,0,0,0,0,0,0,0,1,0,0,0,-0.747593,0,0,-0.570825,0,0,0,0,0,0,0,0,0,0,0,1
0,0,0,0,0,0,0,-0.725925,0,0,0,0,0,0,0,0,-0.698408,0,0,0,0,0,0,0,1,0,0,0,0,0,0,0,0.89723,0,0,0,0,0,0,0,0.526438,0,0,-0.607934,0,0,0,0,0,0,0,0,0,0,0,0,0,0,0,0,0,0,0,0,0,0,0,0,0,0,0,0,0,0,0,0,0,0,0,0,0,0,0,0,0,0,0,-0.737702,0,0,-0.735918,0,0,0,0,0,0,0,0,0,0,0,1
0,0,0,0,0,0,0,-0.576773,0,0,0,0,0,0,0,0,-0.713471,0,0,0,0,0,0,0,0,0,0,0,0,0,0,0,1.03475,0,0,0,0,0,0,0,0.986429,0,0,-0.69141,0,0,0,0,0,0,0,0,0,0,0,0,0,0,0,0,0,0,0,0,0,0,0,0,0,0,0,0,0,0,0,0,0,0,0,0,0,0,0,0,0,0,0,-0.720288,0,0,-0.676902,0,0,0,0,0,0,0,0,0,0,1,1
0,0,0,0,0,0,0,-0.685024,0,0,0,0,0,0,0,0,-0.535609,0,0,0,0,0,0,0,0,0,0,0,0,0,0,0,1.42119,5,0,0,0,0,0,0,1.264355,0,0,-0.758974,0,0,0,0,0,0,0,0,0,0,0,0,0,1,0,0,0,0,0,0,0,0,0,0,0,0,0,0,0,0,0,0,1,0,0,0,0,0,0,0,0,0,0,-0.597081,0,0,-0.660493,0,0,0,0,0,1,0,0,0,0,1,1
0,0,0,0,0,0,0,-0.718478,0,0,0,0,0,0,0,0,-0.655681,0,0,0,0,0,0,0,0,0,0,0,0,0,0,0,1.11249,1,0,0,0,0,0,0,1.669309,0,0,-0.699737,0,0,0,0,0,0,0,0,0,0,1,0,0,0,0,0,0,0,0,0,0,0,0,0,0,0,0,0,0,0,0,0,0,0,0,0,0,0,0,0,0,0,0,-0.688864,0,0,-0.738893,0,0,0,0,0,0,0,0,0,0,1,1
0,0,0,0,0,0,0,-0.593306,0,0,0,0,0,0,0,0,-0.66742,0,0,0,1,0,0,0,0,0,0,0,0,0,0,0,0.88421,0,0,0,1,0,0,0,0.462745,0,0,-0.634259,0,0,0,0,0,0,0,0,0,0,1,0,0,0,0,0,0,0,0,0,0,0,0,0,0,0,0,0,0,0,0,0,0,0,0,0,0,0,1,0,0,0,0,-0.670937,0,0,-0.558985,0,0,0,0,0,0,0,0,0,0,0,1
0,0,0,0,0,0,0,-0.694993,0,0,0,0,0,0,1,0,-0.472449,0,0,0,0,0,0,0,0,0,0,0,0,0,0,0,1.3816,0,0,0,0,0,0,0,0.833026,0,0,-0.753495,0,0,0,0,0,0,0,0,0,0,0,0,0,0,0,0,0,0,0,0,0,0,0,0,0,0,1,0,0,0,0,0,0,0,0,0,0,0,0,0,0,0,0,-0.739348,0,0,-0.73365,0,0,0,0,0,0,0,0,0,0,0,1
0,0,0,0,0,0,0,-0.713392,0,0,0,0,0,0,0,0,-0.635394,0,0,1,0,0,0,0,0,0,0,0,0,0,0,0,1.37196,4,0,0,0,0,0,0,0.931286,0,0,-0.749984,0,0,0,0,0,0,0,0,0,0,0,0,0,0,0,0,0,0,0,0,0,1,0,0,0,0,0,0,0,0,0,0,0,0,0,0,0,0,0,0,0,0,0,-0.68659,0,0,-0.846606,0,0,0,0,0,0,0,1,0,0,1,1
0,0,0,0,0,0,0,-0.49127,0,0,0,0,0,0,0,0,-0.586472,0,0,0,0,0,0,0,0,0,0,0,0,0,0,0,1.34734,0,0,0,0,0,0,0,0.191354,0,0,-0.72159,0,0,0,0,0,0,0,0,0,0,0,0,0,0,0,0,0,0,0,0,0,0,0,0,0,0,1,0,1,0,0,0,0,0,0,0,0,0,0,0,0,0,0,-0.723269,0,0,-0.648687,0,0,0,0,0,0,0,0,0,0,0,1
0,0,0,0,0,0,0,-0.876986,0,0,0,0,0,0,0,1,-0.549665,0,0,0,0,0,0,0,0,0,0,0,0,0,0,0,0.74243,0,0,0,1,0,0,0,0.802765,0,0,-0.574986,0,0,0,0,0,0,0,0,0,0,0,1,0,0,0,0,0,0,0,0,0,0,0,0,0,0,0,0,0,0,0,0,0,0,0,0,0,0,0,0,0,0,0,-0.157779,0,0,-0.702999,0,0,0,0,0,0,0,0,0,0,0,1
0,0,0,0,0,0,0,-0.524769,0,0,0,0,0,0,0,0,-0.683007,0,0,0,0,0,0,0,0,0,0,0,0,0,0,0,0.68529,2,0,0,0,0,0,0,1.788955,0,0,-0.523846,0,1,0,0,0,0,0,0,0,0,0,0,0,0,0,0,0,0,0,0,1,0,0,0,0,0,0,0,0,0,0,0,0,0,0,0,0,0,0,0,0,0,0,-0.65803,0,0,-0.67964,0,0,0,0,0,0,0,1,0,1,1,1
0,0,0,1,0,0,0,-0.689331,0,0,0,0,0,0,0,0,-0.758093,0,0,0,0,0,0,0,0,0,0,0,0,0,0,0,1.68436,3,0,0,0,0,0,0,0.646525,0,0,-0.797372,0,0,0,0,0,0,0,0,0,0,0,0,0,0,0,0,0,0,0,1,0,0,0,0,0,0,0,0,0,0,0,0,0,0,0,0,0,0,0,0,0,0,0,-0.719908,0,0,-0.713613,0,0,0,0,0,0,0,0,1,0,1,1
0,0,0,0,0,0,0,-0.703753,0,0,0,0,0,0,0,0,-0.6103,0,0,0,0,1,0,0,0,0,0,0,0,0,0,0,1.25142,5,0,0,0,0,0,0,0.242874,0,0,-0.695166,0,0,0,0,0,0,0,0,0,0,0,0,0,0,0,0,0,0,0,0,0,0,0,0,0,0,0,0,1,0,0,0,0,0,0,0,0,0,0,0,0,0,0,-0.75424,0,0,-0.704964,0,0,0,0,0,0,0,1,0,0,1,1
0,0,0,1,0,0,0,-0.796331,0,0,0,0,0,0,0,0,-0.731546,0,0,0,1,0,0,0,0,0,0,0,0,0,0,0,1.27854,1,0,0,0,0,0,0,1.178093,0,0,-0.439268,0,0,0,0,0,0,0,0,0,0,1,0,0,0,0,0,0,0,0,0,0,0,0,0,0,0,0,0,0,0,0,0,0,0,0,0,0,0,0,0,0,0,0,-0.66156,0,0,-0.708548,0,0,0,0,0,0,0,1,0,1,0,1
0,0,0,0,0,0,0,-0.663997,0,0,0,0,0,0,0,0,-0.576799,0,0,0,0,0,0,0,0,0,0,0,0,0,1,0,1.14939,3,0,0,0,0,0,0,3.149157,0,0,-0.700859,0,0,0,0,0,0,0,0,0,0,0,0,0,0,0,0,0,0,0,0,0,0,0,0,0,0,0,0,0,0,0,0,0,0,0,0,0,0,0,0,0,0,0,-0.702632,0,0,-0.628053,0,0,0,0,0,0,0,0,1,0,1,1
0,0,0,0,0,0,0,-0.77693,0,0,0,0,1,0,0,0,-0.747226,0,0,0,0,0,0,0,0,0,0,0,0,0,0,0,1.02299,4,0,0,1,0,0,0,2.55364,0,0,-0.67719,0,0,0,0,0,0,1,0,0,0,0,0,1,0,0,0,0,0,0,0,0,0,1,0,0,0,0,0,0,0,0,0,0,0,0,0,0,0,0,1,0,0,0,-0.682323,0,0,-0.853734,0,0,0,0,0,0,0,0,0,0,1,1
0,0,0,0,0,0,0,-0.772717,0,0,0,0,0,0,0,0,-0.644299,0,0,0,0,0,0,0,0,0,0,0,0,0,0,0,1.04382,2,0,0,0,0,0,0,1.676832,0,0,-0.618312,0,0,0,0,0,0,0,0,0,0,0,0,0,0,0,0,0,0,0,0,0,0,0,0,0,0,0,0,0,0,0,0,1,0,0,0,0,0,0,0,0,0,0,-0.428187,0,0,-0.588802,0,1,0,0,0,0,0,0,0,0,0,1
0,0,0,0,0,0,0,-0.576127,0,0,0,0,0,0,1,0,-0.678102,0,0,0,0,0,0,0,0,0,0,0,0,0,0,0,1.51294,9,0,0,0,0,0,0,1.799278,0,0,-0.764522,0,0,0,0,0,0,0,0,0,0,0,0,0,0,0,0,0,0,1,1,0,0,0,0,0,0,0,0,0,0,0,0,0,0,0,0,0,0,0,0,0,0,0,-0.692837,0,0,-0.561682,0,0,0,0,0,1,0,0,0,0,1,1
0,0,0,0,0,0,0,-0.695993,0,0,0,0,0,0,0,0,-0.701064,0,0,0,1,0,0,0,0,1,0,0,0,0,0,0,1.09507,1,0,0,0,0,0,0,0.520085,0,0,-0.70431,0,0,0,0,0,0,0,0,0,0,0,0,0,0,0,0,0,0,0,0,0,0,0,0,0,0,0,0,0,0,0,0,0,0,0,0,0,0,0,0,0,0,0,-0.756098,0,1,-0.585849,0,0,0,0,0,0,0,0,0,0,1,1
0,0,0,0,0,0,0,-0.485082,0,0,0,0,0,0,0,0,-0.779496,0,0,0,1,0,0,0,0,0,0,0,0,0,0,0,0.83485,0,0,0,0,0,0,0,0.842762,0,0,-0.601851,0,0,0,0,0,0,0,0,0,0,1,0,0,0,0,0,0,0,0,0,0,0,0,0,0,0,0,0,0,0,0,0,0,0,0,0,0,0,0,0,0,0,0,-0.687344,0,0,-0.63318,0,0,0,0,0,0,0,1,0,0,0,1
0,0,0,0,0,0,0,-0.372869,0,0,0,0,0,0,0,0,-0.729041,0,0,0,0,0,0,0,0,0,0,0,0,0,0,0,1.69832,3,0,0,0,0,0,0,0.682739,0,0,-0.802725,0,0,0,0,0,0,0,0,1,0,0,1,0,0,0,0,0,0,0,0,0,0,0,0,0,0,1,0,0,0,0,0,0,0,0,0,0,0,0,0,0,0,0,-0.758357,0,0,-0.625129,0,0,0,0,0,0,0,0,0,0,1,1
0,0,0,0,0,0,0,-0.634455,0,1,0,0,1,0,0,0,-0.731003,0,0,0,0,0,0,0,0,0,0,0,0,0,0,0,1.61081,3,0,0,0,0,0,0,1.114507,0,0,-0.773129,0,0,0,0,0,0,0,0,0,0,1,0,0,0,0,0,0,0,0,0,0,1,0,0,0,0,0,0,0,0,0,0,0,0,0,0,0,0,0,0,0,0,0,-0.595547,0,0,-0.616652,0,0,0,0,0,0,0,0,0,0,1,1
0,0,0,0,0,0,0,-0.624238,0,0,0,0,0,0,0,1,-0.529574,0,0,0,0,0,0,0,0,0,0,0,0,0,0,0,1.39705,2,1,0,0,0,0,0,0.740405,0,0,-0.759578,0,0,0,0,0,0,0,0,0,0,0,0,0,0,0,0,0,0,0,0,0,0,0,0,0,0,0,0,0,0,0,0,0,0,0,0,0,0,0,0,0,0,0,-0.563842,0,0,-0.565501,0,0,0,0,0,0,0,0,0,0,1,1
0,0,0,0,0,0,0,-0.684216,0,0,0,0,0,0,1,0,-0.533105,0,0,0,0,0,0,0,0,0,0,0,0,0,0,0,0.5416,2,0,0,0,0,0,0,1.575971,0,0,-0.717244,0,0,0,0,0,0,0,0,0,0,0,1,0,0,0,0,0,0,0,0,0,1,0,0,0,0,0,0,0,0,0,0,0,0,0,0,0,0,0,0,0,0,0,-0.258444,0,0,-0.679988,0,0,0,0,0,0,0,0,0,0,0,1
0,0,0,0,0,0,0,-0.580552,0,0,0,0,0,0,0,0,-0.613819,0,0,0,1,0,0,0,0,0,0,0,0,0,0,0,1.4617,5,0,0,0,0,0,0,1.240292,0,0,-0.773372,0,0,0,0,0,0,0,0,0,0,0,0,0,0,0,0,0,0,0,0,0,0,1,0,0,0,0,0,0,0,0,0,0,0,0,0,0,0,0,0,0,0,0,-0.737837,0,0,-0.746735,0,0,0,0,0,0,0,0,0,0,1,1
0,0,0,0,0,0,0,-0.722017,0,0,0,0,0,0,0,0,-0.744744,0,0,0,0,0,0,0,0,0,0,0,0,0,0,0,1.32964,0,0,0,0,0,0,0,0.605416,0,0,-0.74289,0,0,0,0,0,0,0,0,0,0,0,0,0,0,0,0,0,0,0,0,0,0,0,0,0,0,0,0,0,0,0,0,0,0,0,0,0,0,0,0,0,0,0,-0.664843,0,0,-0.75024,0,0,0,0,0,0,0,0,0,0,1,1
0,0,0,0,0,0,0,-0.587332,0,0,0,0,0,0,0,0,-0.769062,0,0,1,0,0,0,0,0,0,0,0,0,0,0,0,1.81236,0,0,0,0,0,0,0,0.36622,0,0,-0.812265,0,0,0,0,0,0,0,0,0,0,0,0,0,0,0,0,0,0,0,0,0,0,0,0,0,0,0,0,0,0,0,0,0,0,0,0,0,0,0,0,0,0,0,-0.314541,0,0,-0.70184,0,0,0,0,0,0,0,0,0,0,0,1
0,0,0,0,0,0,0,0.859499,0,0,0,0,0,0,0,1,-0.469325,0,0,0,0,0,0,0,0,0,0,0,0,0,0,0,1.0605,0,0,0,0,0,0,0,0.480743,0,0,-0.642728,0,0,0,0,0,0,0,0,0,0,0,0,0,0,0,0,0,0,0,0,0,0,0,0,0,0,0,0,0,0,0,0,0,0,0,0,0,0,0,0,0,0,0,-0.754598,0,0,-0.113831,0,0,0,0,0,0,0,0,0,0,0,1
0,0,0,0,0,0,0,-0.738438,0,0,0,0,0,0,0,0,-0.675254,0,0,1,0,0,0,0,0,0,1,0,0,0,0,0,1.73425,0,0,0,0,0,0,0,0.989827,0,0,7.850436,0,0,0,0,0,0,0,0,1,0,0,1,0,0,0,0,0,0,0,1,1,0,0,0,0,0,0,0,0,0,0,0,0,0,0,0,0,0,0,0,0,0,0,-0.728628,0,0,-0.598991,0,0,0,0,0,1,0,0,0,0,1,1
0,0,0,1,0,0,0,-0.656311,0,0,0,0,0,0,0,0,-0.587641,0,0,0,0,0,0,0,0,0,0,0,0,0,0,0,1.54186,1,0,0,0,0,0,0,1.083105,0,0,-0.697053,0,0,0,0,0,0,0,0,0,0,0,0,0,0,0,0,0,0,0,0,0,0,0,0,0,1,0,0,0,0,0,0,0,0,0,0,0,0,0,0,0,0,0,-0.597577,0,0,-0.268289,0,0,0,0,0,1,0,0,0,0,1,1
0,0,0,0,0,0,0,-0.743146,0,0,0,0,0,0,0,0,-0.555168,0,0,0,0,0,0,0,0,0,0,0,0,0,0,0,1.49483,3,0,0,0,0,0,0,0.42143,1,0,-0.735856,0,0,0,0,0,0,0,0,0,0,0,0,1,0,0,0,0,0,0,0,0,0,0,0,0,0,1,0,0,0,0,0,0,0,0,0,0,0,0,1,0,1,0,-0.669076,0,0,-0.495231,0,0,0,0,0,0,0,0,0,1,0,1
0,0,0,1,0,0,0,-0.65805,0,0,0,0,0,0,0,0,-0.703567,0,1,0,0,0,0,0,0,0,0,0,0,0,0,0,0.84649,1,0,0,1,0,0,0,1.881855,0,0,-0.659831,0,0,0,0,0,0,0,0,0,0,0,0,0,0,0,0,0,0,0,0,0,0,0,0,0,0,0,0,0,0,0,0,0,0,0,0,0,0,0,0,0,0,0,-0.691687,0,0,-0.427795,0,0,0,0,0,0,0,1,0,0,0,1
0,0,0,0,0,0,0,-0.588764,0,0,0,0,0,0,0,0,-0.7368,0,0,0,0,0,0,0,0,0,0,0,0,0,0,0,1.77071,4,0,0,0,0,0,0,1.051828,0,0,-0.815228,0,0,0,0,0,0,0,0,0,0,0,0,0,0,0,0,0,0,0,0,0,0,0,0,0,0,0,0,0,0,0,0,0,0,0,0,0,0,0,0,0,0,0,-0.658061,0,0,-0.602881,0,0,0,0,0,0,0,0,0,1,1,1
0,0,0,0,0,0,0,-0.540986,0,0,0,0,0,0,0,0,-0.442342,0,0,0,0,0,0,0,0,0,0,0,0,0,0,0,1.58608,2,0,0,0,0,0,0,0.612901,0,0,-0.687943,0,0,0,0,0,0,0,0,0,0,0,1,0,0,0,0,0,0,0,0,0,0,0,0,0,0,1,0,0,0,0,0,0,0,0,0,0,0,0,0,0,0,0,-0.605282,0,0,-0.373659,0,1,0,0,0,1,0,0,0,0,1,1
0,0,0,0,0,0,0,-0.688456,0,0,0,0,0,0,0,1,-0.645083,0,0,0,0,0,0,0,0,0,0,0,0,0,0,0,0.98118,1,0,0,0,1,0,0,0.799303,0,0,-0.656135,0,0,0,0,0,0,0,0,0,0,0,1,0,1,0,0,0,0,0,0,0,0,0,0,0,0,0,0,0,0,0,0,0,0,0,0,0,0,0,1,0,0,0,-0.682552,0,0,-0.727237,0,0,0,0,0,0,0,0,0,0,0,1
0,0,0,0,0,0,0,-0.451281,0,1,0,0,0,0,0,0,-0.620361,0,0,0,0,0,0,0,0,0,0,0,0,0,0,0,1.08445,3,0,0,0,1,0,0,1.190216,0,0,-0.661626,0,0,0,0,1,0,0,0,0,0,0,0,0,0,0,0,0,0,0,0,0,0,0,0,0,0,0,0,1,0,0,0,0,0,0,0,0,0,0,0,0,0,0,-0.669151,0,0,-0.552237,0,0,0,0,0,0,0,0,0,0,1,1
0,0,0,0,0,0,0,-0.466814,0,0,0,0,0,0,0,0,-0.762759,0,0,0,0,0,0,0,0,0,0,0,0,0,0,0,1.42315,4,0,0,0,0,0,0,1.376755,0,0,-0.767264,0,0,0,0,0,0,0,0,0,0,0,0,0,0,0,0,0,0,0,0,0,0,0,0,0,0,0,0,0,0,0,0,0,0,0,0,0,0,0,0,0,0,0,-0.795959,0,0,-0.754364,0,0,0,0,0,0,0,1,0,0,1,1
0,0,0,0,0,0,0,-0.630516,0,0,0,0,0,0,0,0,-0.652352,0,0,0,0,0,0,0,0,0,0,0,0,0,0,0,2.97762,9,0,0,0,0,0,0,0.821526,0,0,-0.877221,0,0,0,0,0,0,0,0,0,0,0,1,0,0,0,0,0,0,0,0,0,0,0,0,0,1,0,0,0,0,0,0,0,0,0,0,0,0,0,0,0,0,0,-0.714382,0,0,-0.832163,0,0,0,0,1,0,0,0,0,0,0,1
0,0,0,0,0,0,1,-0.857149,0,0,0,0,0,0,0,0,-0.655215,0,0,0,0,0,0,1,0,0,0,0,0,0,0,0,0.99036,1,0,0,0,0,0,0,1.395598,0,0,-0.634632,0,0,0,0,0,0,0,0,0,0,0,0,0,0,0,0,0,0,0,0,0,0,0,0,0,0,1,0,0,0,0,0,0,0,0,0,0,0,0,0,0,0,0,-0.48426,0,0,-0.684516,0,0,0,0,0,0,0,0,0,0,1,1
0,0,0,0,0,0,0,-0.587871,0,0,0,0,0,0,0,1,-0.603263,0,0,0,0,0,0,0,0,0,0,0,0,0,1,0,0.9792,1,0,0,1,0,0,0,1.671422,0,0,-0.644462,0,0,0,0,0,0,0,0,0,0,0,0,0,0,0,0,0,0,0,0,0,0,0,0,0,0,0,0,0,0,0,0,0,0,0,0,0,0,0,0,0,0,0,-0.590474,0,0,-0.64927,0,0,0,0,0,0,0,0,0,0,1,1
0,0,0,0,0,0,0,-0.614567,0,0,0,0,0,0,0,0,-0.533688,0,0,0,0,0,0,0,0,0,0,0,0,0,0,0,1.57296,2,0,0,0,0,0,0,0.786216,0,0,-0.835956,0,0,0,0,0,0,0,0,0,0,1,0,0,0,0,0,0,0,0,0,1,0,0,0,0,0,0,0,1,0,0,0,0,0,0,0,0,0,0,0,0,0,0,1.317737,0,0,-0.613139,0,0,0,0,0,0,0,0,0,0,1,1
0,0,0,0,0,0,0,-0.399987,0,0,0,0,0,0,0,0,-0.773927,0,0,0,0,0,0,0,0,0,0,0,0,0,0,0,0.71324,0,0,0,0,0,0,0,0.788345,0,0,-0.520759,0,0,0,0,0,0,0,0,0,0,0,0,0,0,0,0,0,0,0,1,1,0,0,0,0,0,0,0,0,0,0,0,0,0,0,0,0,0,0,0,0,0,0,-0.75137,0,0,-0.799112,0,0,0,0,0,1,0,0,0,0,0,1
0,0,0,0,0,0,0,-0.795438,0,0,0,0,0,0,0,0,-0.732336,0,0,0,0,0,0,0,0,0,0,0,0,0,0,0,1.18414,2,0,0,0,0,0,0,0.311791,0,0,-0.711551,0,0,0,0,0,0,0,0,0,0,0,0,0,0,0,0,0,0,0,0,0,0,0,0,0,0,0,0,0,0,0,0,0,0,0,0,0,0,0,0,0,0,0,-0.676242,0,0,-0.625657,0,0,0,0,0,0,0,0,0,0,0,1
0,0,0,0,0,0,0,-0.650819,0,0,0,0,0,0,0,0,-0.727618,0,0,1,1,0,0,0,0,0,0,0,0,0,0,0,2.00086,3,0,0,0,0,0,0,1.107131,0,0,-0.83709,0,1,0,0,0,0,0,0,0,0,0,0,0,0,0,0,0,0,0,0,1,1,0,0,0,0,0,0,0,0,0,0,0,0,0,0,0,0,0,0,0,0,1,-0.618601,0,0,2.16733,0,1,0,0,0,0,0,1,0,1,0,1
0,0,0,0,0,0,0,-0.813754,0,0,0,0,0,0,0,0,-0.635115,0,0,0,0,0,0,0,0,0,0,0,0,0,0,0,1.21786,0,0,0,0,0,0,0,0.475884,0,0,-0.716223,0,0,0,0,0,0,0,0,0,0,0,0,0,0,0,0,0,0,0,0,0,0,0,0,0,0,0,0,0,0,0,0,0,0,0,0,0,0,0,0,0,0,0,-0.663527,0,0,-0.802193,0,0,0,0,0,0,0,0,0,0,1,1
0,0,0,0,0,0,0,-0.647997,0,0,0,0,0,0,0,0,-0.605516,0,0,0,0,1,0,0,0,0,0,0,0,0,0,0,1.33279,2,0,0,1,0,0,0,2.265092,0,0,-0.749047,0,0,1,0,0,0,0,0,0,0,0,0,0,0,0,0,0,0,0,0,0,0,0,0,0,0,0,0,0,0,0,0,0,0,0,0,0,0,0,0,0,0,0,-0.62269,0,0,-0.649729,0,0,0,0,0,1,0,0,0,0,1,1
0,0,0,0,0,0,0,-0.650017,0,0,0,1,0,0,0,0,-0.651686,0,0,0,0,0,0,0,0,0,0,0,0,0,0,0,1.32769,2,0,0,0,0,0,0,1.290498,0,0,-0.731973,0,0,0,0,0,0,0,0,0,0,1,0,0,0,0,0,0,0,0,0,1,0,0,0,0,0,0,0,0,0,0,0,0,0,0,0,0,0,0,0,0,0,0,-0.757822,0,0,-0.791562,0,0,0,0,0,0,0,0,0,0,0,1
0,0,0,0,0,0,0,-0.734827,0,0,0,0,0,0,0,0,-0.660908,0,0,0,0,0,0,0,0,0,0,0,0,0,0,0,0.88998,0,0,0,0,0,0,0,0.23173,0,0,-0.606917,0,0,0,0,0,0,0,0,0,0,0,0,0,0,0,0,0,0,0,0,0,0,1,0,0,0,0,0,0,0,0,0,0,0,0,0,0,0,0,0,0,0,0,-0.780516,0,0,-0.588265,0,0,0,0,0,0,0,0,0,0,0,1
0,0,0,0,0,0,0,-0.770865,0,0,0,0,0,0,0,0,-0.573915,0,0,1,0,0,0,0,0,0,0,0,0,0,0,0,1.5313,4,0,0,0,0,0,0,1.151204,0,0,-0.761936,0,0,0,0,0,0,0,0,0,0,0,0,0,0,0,0,0,0,0,0,0,1,0,0,0,0,0,0,0,0,0,0,0,0,0,0,0,0,0,0,0,0,0,-0.78942,0,0,-0.466788,0,0,0,0,0,0,0,0,1,1,0,1
0,0,0,0,0,0,0,-0.624666,0,0,0,0,0,0,0,0,-0.632709,0,0,0,0,0,0,0,0,0,0,0,0,0,0,0,1.14472,2,0,0,0,0,0,0,1.431272,0,0,-0.676819,0,0,0,0,0,0,0,0,1,0,0,0,0,0,0,0,0,0,0,0,0,1,0,0,0,0,0,0,0,0,0,0,0,0,0,0,0,0,0,0,0,0,0,-0.774285,0,0,-0.73596,0,0,0,0,0,1,0,0,0,0,1,1
0,0,0,0,0,0,0,-0.769024,0,0,0,0,0,0,0,0,-0.807899,0,0,0,0,0,0,0,0,0,0,0,0,0,0,0,0.74253,0,0,0,1,0,0,0,0.501854,0,0,-0.553971,0,0,0,0,0,0,0,0,0,0,0,0,0,0,0,0,0,0,0,1,0,0,0,0,0,0,0,0,1,0,0,0,0,0,0,0,0,0,0,0,0,0,0,-0.60611,0,0,-0.471217,0,0,0,0,0,0,0,0,0,0,0,1
0,0,0,0,0,0,0,-0.655302,0,0,0,0,0,0,0,0,-0.658397,0,0,0,0,0,0,0,0,0,0,0,0,0,0,0,1.19909,0,0,0,0,1,0,0,0.213104,0,0,-0.717243,0,0,0,0,0,0,0,0,0,0,0,0,0,0,0,0,0,0,0,0,0,0,0,0,0,0,0,0,0,0,0,0,0,0,0,0,0,0,0,0,0,0,0,-0.648511,0,0,-0.807196,0,0,0,0,0,1,0,0,0,0,0,1
0,0,0,0,0,0,0,-0.564989,0,0,0,0,0,0,0,1,-0.649931,0,0,0,1,0,0,0,0,0,0,0,0,0,0,0,0.8458,0,0,0,0,0,0,0,0.498933,0,0,-0.59272,0,0,0,0,0,0,0,0,0,0,0,0,0,0,0,0,0,0,0,0,0,0,0,0,0,0,0,0,0,0,0,0,0,0,0,0,0,0,0,0,0,0,0,-0.398465,0,0,-0.29631,0,0,0,0,0,1,0,0,0,0,0,1
0,0,0,0,0,0,0,-0.483277,0,0,0,0,0,0,0,0,-0.612176,0,0,0,0,0,0,0,0,0,0,0,0,0,0,0,0.97872,0,0,0,0,0,0,0,1.313493,0,0,-0.660504,0,0,0,0,0,0,0,0,0,0,0,0,0,0,0,0,0,0,0,0,0,0,0,0,0,1,0,0,0,0,0,0,0,0,0,0,0,0,0,0,0,0,0,-0.636643,0,0,-0.540235,0,0,0,0,0,0,0,0,0,0,1,1
0,0,0,0,0,0,0,-0.364817,0,0,0,0,0,0,0,0,2.243477,0,0,0,0,0,0,0,0,0,1,0,0,0,0,0,1.18996,0,0,0,0,0,0,0,0.344707,0,0,-0.701697,0,0,0,0,0,0,0,0,0,0,0,0,0,0,0,0,0,0,0,0,0,0,0,0,0,0,1,0,0,0,0,0,0,0,0,0,0,1,0,0,0,0,0,-0.71382,0,0,-0.734966,0,0,0,0,0,0,0,0,0,0,0,1
0,0,0,0,0,1,0,-0.471353,0,0,0,0,0,0,0,0,-0.815056,0,0,0,0,0,0,0,0,0,0,0,0,0,0,0,0.97229,7,0,0,0,0,0,0,2.392765,0,0,-0.662078,0,1,0,0,0,0,0,0,0,1,0,0,0,0,0,0,0,0,0,0,0,0,0,0,0,0,0,0,0,0,0,0,0,0,0,0,0,0,0,1,0,0,0,-0.654609,0,0,-0.6798,0,0,0,0,0,0,0,0,0,0,0,1
0,0,0,0,0,0,0,-0.681379,0,0,0,0,0,0,0,0,-0.561779,0,0,0,0,0,0,0,0,0,0,0,0,0,1,0,0.64787,0,0,0,0,1,1,0,1.253633,0,0,-0.478039,0,0,0,0,0,0,0,0,0,0,0,1,0,0,0,0,0,0,0,0,1,0,0,0,0,0,0,0,0,0,0,0,0,0,0,0,0,0,0,0,0,0,0,-0.81491,0,0,-0.828352,0,0,0,0,0,0,0,0,0,0,0,1
0,0,0,0,0,0,0,-0.799722,0,0,0,0,0,0,0,0,-0.62008,0,0,0,0,0,0,0,0,0,0,0,0,0,0,0,1.25434,0,0,0,0,0,0,0,0.293773,0,0,-0.731812,0,0,0,0,0,0,0,0,0,0,0,0,0,0,0,0,0,0,0,0,0,0,0,0,0,0,1,0,0,0,0,0,0,0,0,0,0,0,0,0,0,0,0,-0.655751,0,0,-0.66481,0,0,0,0,0,0,0,1,0,1,0,1
0,0,0,0,0,0,0,-0.697617,0,0,0,0,0,0,0,0,-0.679252,0,0,1,0,0,0,0,0,0,0,0,0,0,1,0,1.08093,2,0,0,0,0,0,0,0.853141,0,0,-0.652065,0,1,0,0,0,0,0,0,0,0,0,0,0,0,0,0,0,0,0,0,0,0,0,0,0,0,0,0,0,0,0,0,0,0,0,0,0,0,0,1,0,0,0,-0.692526,0,0,-0.62327,0,0,0,0,0,0,0,0,1,0,1,1
0,0,0,0,1,0,0,-0.672322,0,0,0,0,0,0,0,0,-0.601808,0,0,0,0,0,0,0,0,0,0,0,0,0,0,0,1.07581,1,0,0,1,0,0,0,0.744795,0,0,-0.675754,0,0,0,0,0,0,0,0,0,0,0,0,0,0,0,0,0,0,0,0,1,0,0,0,0,0,0,0,0,0,0,0,0,0,0,0,0,0,0,0,0,0,0,-0.630554,0,0,-0.724828,0,0,0,0,0,0,0,0,0,0,1,1
0,0,0,0,0,0,0,-0.562547,1,0,0,0,0,0,0,0,-0.739172,0,0,0,0,0,0,0,0,0,0,0,0,0,0,0,2.0638,6,0,0,0,0,0,0,0.208693,0,0,-0.785717,0,0,0,0,1,0,0,0,0,0,0,0,0,0,0,0,0,0,0,0,0,0,0,0,0,0,0,0,0,0,0,0,0,0,0,0,0,0,0,0,0,0,0,-0.711295,0,0,-0.590803,0,0,0,0,0,0,0,0,0,0,1,1
0,0,0,0,0,0,0,-0.621323,0,0,0,0,0,0,0,0,-0.637051,0,0,0,0,0,0,0,0,0,0,0,0,0,0,0,0.94938,0,0,0,1,0,0,0,0.838098,0,0,-0.639849,0,0,0,0,0,0,0,0,0,0,0,0,0,0,0,0,0,0,0,0,1,0,0,0,0,0,0,0,0,0,0,0,0,0,0,0,0,0,0,0,0,0,0,-0.706163,0,1,-0.605952,0,0,0,0,0,0,0,0,0,0,1,1
0,0,0,0,1,0,0,-0.607617,0,0,0,0,0,0,0,0,-0.65213,0,0,1,0,0,0,0,0,0,0,0,0,0,0,0,0.62678,2,0,0,0,0,0,0,2.646827,0,0,-0.528715,0,0,0,0,0,0,0,0,0,0,0,0,0,0,0,0,0,0,0,0,0,0,0,0,0,0,0,0,0,0,0,0,0,0,0,0,0,0,0,0,0,0,0,-0.613035,0,0,-0.602227,0,0,0,0,0,0,0,0,0,0,1,1
0,0,0,0,0,0,0,-0.535688,0,0,0,0,0,0,0,0,-0.715107,0,0,0,0,0,0,0,0,0,0,0,0,0,0,0,0.9526,4,0,0,0,0,0,0,2.073014,0,0,-0.626972,0,0,0,0,0,0,0,0,0,0,0,1,0,0,0,0,0,0,0,0,0,0,0,0,0,0,0,0,0,0,0,0,0,0,1,0,0,0,0,0,0,0,0,-0.691444,0,0,-0.651757,0,0,0,0,0,0,0,0,0,0,1,1
0,0,0,0,0,0,0,-0.763715,0,0,0,0,0,0,0,0,-0.53178,0,0,0,0,0,0,0,0,0,0,0,0,0,0,0,1.08403,2,0,0,0,0,0,0,0.510288,0,0,-0.656147,0,0,0,0,0,0,0,0,0,0,0,1,0,0,0,0,0,0,0,0,0,0,0,0,0,0,0,0,0,0,0,0,0,0,0,0,0,0,0,0,0,1,0,-0.762058,0,0,-0.623668,0,0,0,0,0,0,0,0,0,0,0,1
0,0,0,0,0,0,0,-0.631966,0,0,0,0,0,0,0,0,-0.747102,0,0,0,0,0,0,0,0,0,0,0,0,0,0,0,1.45331,5,0,0,0,0,0,0,1.204977,0,0,-0.773487,0,0,0,0,0,0,0,0,0,0,0,0,0,0,0,0,0,0,0,0,0,0,0,0,0,0,0,0,0,0,0,0,1,0,0,0,0,0,0,0,0,0,0,-0.692286,0,1,-0.646049,0,0,0,0,0,1,0,0,0,0,1,1
0,0,0,0,0,0,0,-0.364806,0,0,0,0,0,0,0,0,-0.884638,0,0,0,0,0,0,0,0,0,0,0,0,0,0,0,0.78912,0,0,0,0,0,0,0,1.067637,0,0,-0.580377,0,0,0,0,0,0,0,0,0,0,0,0,0,0,0,0,0,0,0,0,0,0,0,0,0,0,0,0,0,0,0,0,0,0,0,0,0,0,0,0,0,0,0,-0.642008,0,0,-0.667874,0,0,0,0,0,0,0,0,0,0,0,1
0,0,0,0,1,0,1,-0.775709,0,0,0,0,0,0,0,1,-0.81342,0,0,0,0,0,0,0,0,0,0,0,0,0,0,0,1.3151,1,0,0,0,0,0,0,1.441173,0,0,-0.755591,0,0,0,0,0,0,0,0,0,0,1,0,0,0,0,0,0,0,0,0,0,0,0,0,0,0,0,0,0,0,0,0,0,0,0,0,0,0,0,0,0,0,0,-0.814534,0,0,-0.852377,0,0,0,0,0,1,0,1,0,0,1,1
0,0,0,0,0,0,0,-0.695661,0,0,0,0,0,0,0,0,-0.606595,0,0,0,0,0,0,0,0,0,0,0,0,0,1,0,0.57948,0,0,0,0,0,0,0,0.770751,0,0,-0.489293,0,0,0,0,0,0,0,0,0,0,0,0,0,0,0,0,0,0,0,0,1,0,0,0,0,0,0,0,0,0,0,0,0,0,0,0,0,0,0,0,0,0,0,-0.751365,0,0,-0.602657,0,0,0,0,0,0,0,0,0,0,0,1
0,0,0,0,0,0,0,-0.641949,0,0,0,0,0,0,0,0,-0.498627,0,0,0,0,0,0,0,0,0,0,0,0,0,0,0,0.80319,0,0,0,0,0,0,0,1.385975,0,0,-0.56156,0,0,0,0,0,0,0,0,0,0,0,0,0,0,0,0,0,0,0,0,0,0,0,0,0,0,0,0,0,0,0,0,0,0,0,1,0,0,0,0,0,0,0,-0.612381,0,0,-0.644843,0,0,0,0,0,0,0,0,0,0,0,1
0,0,0,0,0,0,0,-0.857358,0,0,0,0,0,0,0,0,-0.61595,0,1,0,0,0,0,0,0,0,0,0,0,0,0,0,1.55709,1,0,0,0,0,0,0,0.517031,0,0,8.009917,0,0,0,0,0,0,0,0,0,0,0,0,0,0,0,0,0,0,0,1,0,0,0,0,0,0,0,0,0,0,0,0,0,0,1,0,0,0,0,0,0,0,0,-0.685788,0,0,-0.687043,0,0,0,0,0,0,0,1,0,0,1,1
0,0,0,0,0,0,0,-0.726367,0,0,0,0,0,0,0,0,-0.572321,0,0,0,0,0,0,0,0,0,0,0,0,0,0,0,0.7974,0,0,0,0,0,0,0,0.942586,0,0,-0.595187,0,0,0,0,0,0,0,0,0,0,0,0,0,0,0,0,0,0,0,0,0,0,0,0,0,0,0,0,0,0,0,0,0,0,0,0,0,0,0,0,0,0,0,-0.506163,0,0,-0.612722,0,0,0,0,0,0,0,0,0,0,0,1
0,0,0,0,0,0,0,-0.589185,0,0,0,0,0,0,0,0,-0.63335,0,0,1,0,0,0,0,0,0,0,0,0,0,0,0,1.26652,0,1,0,0,0,0,0,1.120521,0,0,-0.728565,0,0,0,0,0,0,0,0,0,0,0,0,0,0,0,0,1,0,0,0,0,0,0,0,0,0,0,0,0,0,0,0,0,0,0,0,0,0,0,0,0,0,0,-0.718493,0,0,-0.529616,0,0,0,0,0,0,0,0,0,0,0,1
0,0,1,0,0,0,1,-0.793103,0,0,0,0,0,0,0,1,-0.667341,0,0,0,0,0,0,0,0,0,0,0,0,0,0,0,1.72075,1,0,0,0,0,0,0,1.073894,0,0,-0.819262,0,0,1,0,0,1,0,0,0,0,0,0,0,0,0,0,0,0,0,0,0,0,0,0,0,0,0,0,0,0,0,0,0,0,0,0,0,0,0,0,0,0,0,-0.691725,0,0,-0.650201,0,0,0,0,0,0,0,0,0,0,1,1
0,0,0,0,0,0,0,-0.769208,0,0,0,0,0,0,0,0,-0.605911,0,0,0,0,0,0,0,0,1,0,0,0,0,0,0,0.88379,3,0,0,0,0,0,0,0.503494,0,0,-0.606186,0,0,0,0,0,0,0,0,0,0,1,0,0,0,0,0,0,0,0,0,0,1,0,0,0,0,0,0,0,0,0,0,0,0,0,0,0,0,0,0,0,0,0,-0.721805,0,0,-0.725709,0,0,0,0,0,0,0,0,0,0,0,1
0,0,0,0,0,0,0,-0.81094,0,0,0,0,0,0,0,0,-0.637554,0,0,1,0,0,0,0,0,1,0,0,0,0,0,0,1.09904,2,0,1,0,0,0,0,2.378701,0,0,-0.655524,0,1,0,0,0,0,1,0,0,0,0,0,0,0,0,0,0,0,0,0,0,0,0,0,0,0,0,0,0,0,0,0,0,0,0,0,0,0,0,0,0,0,0,-0.609338,0,0,-0.80961,0,0,0,0,0,0,0,0,0,0,0,1
0,0,0,0,0,0,0,-0.585947,0,0,0,0,0,0,0,0,-0.600904,0,0,0,0,0,0,0,0,0,0,0,0,0,0,0,0.88251,0,0,0,0,0,0,0,0.218658,0,0,-0.615031,0,0,0,0,0,0,0,0,0,0,0,0,0,0,0,0,0,0,0,0,0,1,0,0,0,0,0,0,0,0,0,0,0,0,0,0,0,0,0,0,0,0,0,-0.855043,0,0,-0.685767,0,0,0,0,0,0,0,0,0,0,0,1
0,0,0,0,0,0,0,-0.625764,0,0,0,0,0,0,0,0,-0.618463,0,0,0,0,0,0,0,0,0,0,0,0,0,0,0,1.02584,6,0,0,0,0,0,0,2.608787,0,0,-0.653427,0,0,0,0,0,0,0,0,0,0,0,0,0,0,0,0,0,0,0,0,0,0,0,0,0,0,1,0,0,0,0,0,0,0,0,0,0,0,0,0,0,0,0,-0.82405,0,0,-0.850528,0,0,0,0,0,0,0,0,0,1,1,1
0,0,0,0,0,0,0,-0.71381,0,0,0,0,0,0,0,0,-0.721192,0,0,0,0,0,0,0,0,0,0,0,0,0,0,0,0.97627,3,0,0,0,0,0,0,0.778681,0,0,-0.643265,1,0,0,0,0,0,0,0,0,0,1,0,0,0,0,0,0,1,0,0,0,0,0,0,0,0,0,0,0,0,0,0,0,0,0,0,0,0,0,0,0,0,0,-0.597264,0,0,-0.28096,0,0,0,0,0,0,0,0,0,0,0,1
0,0,0,0,0,0,0,-0.583485,0,0,0,0,0,0,0,0,-0.731694,0,0,0,0,0,0,0,0,0,0,0,0,0,0,0,0.98518,0,0,0,0,0,0,0,0.941581,0,0,-0.689731,0,0,0,0,0,0,0,0,0,0,0,1,0,0,0,0,0,0,0,0,0,1,0,0,0,0,0,0,0,0,0,0,0,0,0,0,0,0,0,0,0,0,0,-0.599402,0,0,-0.688706,0,0,0,0,1,0,0,0,0,0,0,1
0,0,0,0,0,0,0,-0.556512,0,0,0,0,0,0,0,0,-0.760466,0,0,0,0,0,0,0,0,0,0,0,0,0,0,0,0.9414,2,0,0,0,0,0,0,1.871608,0,0,-0.644387,1,0,0,0,0,0,0,0,0,0,0,0,0,0,0,0,1,0,0,0,1,0,1,0,0,0,0,0,0,0,0,0,0,0,0,0,0,0,0,0,0,0,0,-0.595868,0,0,-0.691269,0,0,0,0,0,0,0,0,0,0,1,1
0,0,0,0,0,0,0,-0.495201,0,0,0,0,0,0,0,0,-0.821528,0,0,0,1,0,0,0,0,0,0,0,0,0,0,0,0.77903,0,0,0,0,0,0,0,0.32397,0,0,-0.560018,0,0,0,0,0,0,0,0,0,0,0,0,0,0,0,0,0,0,0,0,0,0,0,0,0,0,1,0,0,0,0,0,0,0,0,0,0,0,0,0,0,0,0,-0.61465,0,0,-0.612561,0,0,0,0,0,0,0,0,0,0,0,1
0,0,0,0,0,0,0,-0.609067,0,0,0,0,0,0,0,0,-0.724618,0,0,1,0,0,0,0,0,1,0,0,0,0,0,0,1.10305,2,0,0,0,1,0,0,2.026425,0,0,-0.686409,0,0,0,0,0,0,0,0,0,0,0,0,0,0,0,0,0,0,0,0,1,1,0,0,0,0,0,0,0,0,0,0,0,0,0,0,0,0,0,0,0,0,0,-0.692754,0,0,-0.742306,0,0,0,0,0,0,0,0,1,0,0,1
0,0,0,0,0,0,0,-0.744182,0,0,0,0,0,0,0,0,-0.695581,0,0,0,0,0,0,0,0,0,0,0,0,0,0,0,0.85378,0,0,0,0,0,0,0,0.295871,0,0,-0.608342,0,0,0,0,0,0,0,0,0,0,0,0,0,0,0,0,0,0,0,0,0,0,0,0,0,0,0,0,0,0,0,0,0,0,0,0,0,0,0,0,0,0,0,-0.506611,0,0,-0.562545,0,0,0,0,0,0,0,0,0,1,0,1
0,0,0,0,0,0,0,-0.707787,0,1,0,0,0,0,0,0,0.175696,0,0,0,0,0,0,0,0,0,0,0,0,0,0,0,1.00156,1,0,0,0,0,0,0,2.322698,0,0,-0.686079,0,0,0,0,0,0,0,0,0,0,0,0,0,0,0,0,0,0,0,0,0,0,0,0,0,0,0,0,0,0,0,0,0,0,0,0,0,0,0,0,0,0,0,-0.55364,0,0,-0.621901,0,0,0,0,0,0,0,0,0,0,1,1
0,0,0,0,0,0,0,-0.599098,0,0,0,0,0,0,0,0,-0.571547,0,0,0,0,0,0,0,0,0,0,0,0,0,0,0,0.58694,1,0,0,0,0,0,0,2.099132,0,0,-0.44131,0,0,0,0,0,0,0,0,0,0,0,0,0,0,0,0,0,0,0,0,1,0,1,0,0,0,0,0,0,0,0,0,0,0,0,0,0,0,0,0,0,0,0,-0.626097,0,0,-0.877213,0,0,0,0,0,0,0,0,0,0,1,1
0,0,0,0,0,0,0,-0.540739,0,0,0,0,0,0,0,0,-0.652224,0,0,0,1,0,0,0,0,0,0,0,0,0,0,0,1.93103,2,0,0,1,0,0,0,1.001503,0,0,-0.821687,0,0,0,0,0,0,0,0,0,0,0,0,0,0,0,0,0,0,0,0,0,0,0,0,0,0,0,0,0,0,0,0,0,0,0,0,0,0,0,0,0,0,0,-0.672327,0,0,0.961654,0,0,0,0,0,0,0,0,0,0,1,1
0,0,0,0,0,0,0,-0.44356,0,0,0,0,0,0,0,0,-0.789981,0,0,0,0,0,0,0,0,0,0,0,0,0,0,0,0.82123,0,0,0,0,0,0,0,0.187096,0,0,-0.628464,0,0,0,0,0,0,0,0,0,0,0,0,0,0,0,0,0,0,0,0,0,0,0,0,0,0,0,0,0,0,0,0,0,0,0,0,0,0,0,0,0,0,0,-0.777381,0,0,-0.687819,0,0,0,0,0,0,0,0,0,0,0,1
0,0,0,1,0,0,0,-0.838593,0,0,0,0,0,0,0,0,-0.648044,0,0,0,1,0,0,0,0,0,0,0,0,0,0,0,1.37153,0,0,0,0,0,0,0,0.957998,0,0,-0.697568,0,0,0,0,0,0,0,0,0,0,0,0,0,0,0,0,0,0,0,0,0,0,0,0,0,0,0,0,0,0,0,0,0,0,0,1,0,0,0,0,0,0,0,-0.633358,0,0,-0.589988,0,0,0,0,0,0,0,0,0,0,0,1
0,0,0,0,0,0,0,-0.607518,1,0,0,0,0,0,0,0,-0.750466,0,1,0,0,0,0,0,0,0,0,0,0,0,0,0,1.46533,0,0,0,0,0,1,0,1.228925,0,0,-0.76982,0,0,0,0,0,0,0,0,0,0,0,0,0,0,0,0,0,0,0,0,0,0,0,0,0,0,0,0,0,0,0,0,0,0,0,0,0,0,0,1,0,0,0,2.097184,0,0,-0.774765,0,1,0,0,0,0,0,0,0,0,1,1
0,0,0,0,0,0,0,-0.646375,0,0,0,1,0,0,0,0,-0.586167,0,0,0,0,0,0,0,0,0,0,0,0,0,0,0,1.50609,3,0,0,0,0,1,0,1.508106,0,0,-0.784311,0,0,0,0,0,0,0,0,0,0,0,0,0,0,0,0,0,0,0,1,0,1,0,0,0,0,0,0,0,0,0,0,0,0,0,0,0,0,0,1,0,0,0,2.666077,0,0,-0.576942,0,0,0,0,0,0,0,0,1,0,1,1
0,0,0,0,0,0,0,-0.193972,0,0,0,0,0,0,0,0,-0.534663,0,0,0,0,0,0,0,0,0,0,0,0,0,0,0,0.68363,2,0,0,0,0,0,0,0.954441,0,0,-0.513336,0,0,0,0,0,0,0,0,0,0,0,0,0,0,0,0,0,0,0,0,0,1,0,0,0,0,0,0,0,0,0,0,0,0,0,0,0,0,0,0,0,0,0,-0.706433,0,0,-0.500351,0,0,0,0,0,0,0,0,1,0,0,1
0,0,0,1,0,0,0,-0.630807,0,0,0,0,0,0,0,0,-0.693074,0,0,0,0,0,0,0,0,0,0,0,0,0,0,0,1.08008,2,0,0,0,0,0,0,0.625054,0,0,-0.59806,0,0,0,0,0,0,0,0,0,0,0,0,1,0,0,0,0,0,0,0,0,0,0,0,0,0,0,0,0,0,0,0,0,0,0,0,0,0,0,0,0,0,0,-0.620027,0,0,-0.724413,0,0,0,0,0,0,0,0,0,0,0,1
0,0,0,0,0,0,0,-0.624101,0,0,0,0,0,0,0,0,-0.611317,0,0,1,0,0,0,0,0,0,0,0,0,0,0,0,1.0299,2,0,0,0,0,0,0,1.466952,0,0,-0.727495,0,0,0,0,0,0,0,0,0,0,0,0,0,0,0,0,0,0,0,0,0,0,0,0,0,0,0,0,0,0,0,0,0,0,0,0,0,0,0,0,0,0,0,-0.606963,0,0,-0.609015,0,0,0,0,0,0,0,0,0,1,0,1
0,0,0,0,0,0,0,-0.776789,0,0,0,0,0,0,0,0,-0.598279,0,0,0,0,0,0,0,1,0,0,0,0,0,0,0,1.41591,1,0,0,0,1,0,0,0.531178,0,0,-0.756641,0,0,0,0,0,0,0,0,0,0,0,0,0,0,0,0,0,0,0,0,0,0,0,0,0,0,0,0,1,0,0,0,0,0,0,0,0,0,0,0,0,0,0,-0.63238,0,0,-0.691436,0,0,0,0,0,0,0,0,0,0,1,1
0,0,0,0,0,0,0,-0.78607,0,0,0,0,0,0,0,0,-0.364758,0,0,0,0,0,0,0,0,0,0,0,0,0,0,0,0.81035,0,0,0,0,0,0,0,0.238475,0,0,-0.584994,0,0,0,0,0,0,0,0,0,0,1,0,0,0,0,0,0,0,0,0,0,0,0,0,0,0,0,0,0,0,0,0,0,0,0,0,0,0,0,0,0,0,0,-0.727401,0,0,-0.768409,0,0,0,0,0,0,0,0,0,0,0,1
0,0,0,0,0,0,0,-0.72462,0,0,0,0,0,0,0,0,-0.745954,0,0,1,1,1,0,0,0,0,0,0,0,0,0,0,0.65781,2,0,0,0,0,0,0,2.770217,0,0,-0.514106,0,0,0,0,0,0,0,0,0,0,0,0,0,1,0,0,0,0,0,0,0,1,0,0,0,0,0,0,0,0,0,0,0,0,0,0,0,0,0,0,0,0,0,-0.781105,0,0,-0.54507,0,0,0,0,0,0,0,0,0,0,0,1
0,0,0,0,0,0,0,-0.715127,0,0,0,0,0,0,0,0,-0.723892,0,0,0,0,0,0,0,0,0,0,0,0,0,0,0,1.27812,1,0,0,0,0,0,0,0.960774,0,0,-0.730343,0,0,0,0,0,0,0,0,0,0,0,0,0,0,0,0,0,0,0,0,0,0,0,0,0,0,0,0,0,0,0,0,0,0,0,0,0,0,0,0,0,0,0,-0.728761,0,0,-0.747088,0,0,0,0,0,0,0,0,0,0,0,1
0,0,0,0,0,0,1,-0.832637,0,0,0,0,0,0,0,0,-0.501316,0,0,0,0,0,0,0,0,0,1,0,0,0,0,0,1.89607,6,0,0,0,0,0,0,0.99657,0,0,-0.820144,0,0,0,0,0,0,0,0,0,0,0,0,0,0,0,0,0,0,0,0,0,1,0,0,0,0,0,0,0,0,0,0,0,0,0,0,0,0,0,0,0,0,0,-0.755208,0,0,-0.7046,0,0,0,0,0,0,0,0,0,0,1,1
0,0,0,0,0,0,0,-0.60114,0,0,0,0,0,0,0,0,-0.531048,0,0,0,0,0,0,0,0,0,0,0,0,0,0,0,1.35947,1,0,0,0,0,0,0,0.831936,0,0,-0.725293,0,0,0,0,0,0,0,0,0,0,0,0,0,0,0,0,0,0,0,0,1,0,1,0,0,0,0,0,0,0,0,0,0,0,1,0,0,0,0,0,0,0,0,-0.648403,0,0,-0.906357,0,0,0,0,0,0,0,1,0,0,0,1
0,0,0,0,0,0,0,-0.662881,0,0,0,0,0,0,0,0,-0.610134,0,0,0,0,0,0,0,0,0,0,0,0,0,0,0,1.50754,2,0,0,0,0,0,0,1.300602,0,0,-0.796917,0,0,0,0,0,0,0,0,1,0,0,0,0,0,0,0,0,0,0,0,0,0,0,0,0,0,0,0,0,0,0,0,0,0,0,0,0,1,0,0,0,1,0,-0.761974,0,0,-0.794682,0,0,0,0,0,1,0,0,0,0,0,1
0,0,0,0,0,0,0,-0.686679,0,0,0,0,0,0,0,0,-0.665664,0,0,0,1,0,0,0,0,0,0,0,0,0,0,0,0.99527,2,0,0,0,0,0,0,1.181748,0,0,-0.658826,0,0,0,0,0,0,0,0,0,0,0,0,0,0,0,0,0,0,0,0,0,0,0,0,0,0,0,0,0,0,0,0,0,0,0,0,0,0,0,0,0,0,0,-0.732952,0,0,-0.720363,0,0,0,0,1,0,0,0,0,0,1,1
0,0,0,0,0,0,0,-0.563979,0,0,0,0,0,0,0,0,-0.667009,0,0,0,0,0,0,0,0,0,0,0,0,0,0,0,1.00113,1,0,0,0,0,0,0,0.79702,0,0,-0.671974,0,0,0,0,0,0,0,0,0,0,1,1,0,0,0,0,0,0,0,1,0,0,0,0,0,0,0,0,0,0,0,0,0,0,0,0,0,0,0,0,0,0,0,-0.699443,0,0,-0.75385,0,0,0,0,0,0,0,0,0,0,0,1
0,0,0,0,1,0,0,-0.867042,0,0,0,0,0,0,0,0,-0.779953,0,0,1,0,1,0,0,0,0,0,0,0,0,0,0,0.72847,0,0,0,0,0,0,0,0.749612,0,0,-0.550036,0,0,0,0,0,0,0,0,1,0,0,0,0,0,0,0,0,1,0,0,0,0,0,0,0,0,0,0,0,0,0,0,0,0,0,0,0,0,0,0,0,0,0,-0.846371,0,0,-0.557112,0,0,0,0,0,0,0,0,0,0,1,1
0,0,0,0,0,0,0,3.00304,0,0,1,0,0,0,0,0,-0.758705,0,0,0,0,0,0,0,0,0,0,0,0,0,0,0,1.56162,2,0,0,0,0,0,0,0.595985,0,0,-0.795507,0,0,0,0,0,0,0,0,0,0,0,0,0,0,1,0,0,0,0,0,0,0,0,0,0,0,0,0,0,0,0,0,0,0,0,0,0,0,0,1,0,0,0,-0.755084,0,0,-0.626609,0,0,0,0,0,0,0,0,0,0,1,1
0,0,0,0,0,1,0,-0.768467,0,0,0,0,0,0,0,0,-0.557083,0,0,0,0,0,0,0,0,0,1,0,0,0,0,0,1.63226,6,0,0,0,0,0,0,1.285625,0,0,-0.784323,0,0,0,0,0,0,0,0,0,0,0,0,0,0,0,0,0,0,0,1,1,0,0,0,0,0,0,0,0,0,0,0,1,0,0,0,0,0,0,0,0,0,0,-0.360291,0,0,-0.782986,0,0,0,0,0,0,0,0,0,0,1,1
0,0,0,0,0,0,0,-0.818833,0,0,0,0,0,0,0,0,-0.791018,0,0,1,0,0,0,0,0,0,0,0,0,0,0,0,0.64792,1,0,0,0,0,0,0,1.945915,0,0,-0.594925,0,0,0,0,0,0,0,0,0,0,0,0,0,0,0,0,1,0,0,0,0,0,0,0,0,0,0,0,0,0,0,0,0,0,0,0,0,0,0,0,0,0,0,-0.790667,0,0,-0.710183,0,0,0,0,0,0,0,0,1,0,0,1
0,0,0,0,0,0,0,-0.869233,0,0,0,0,0,0,0,1,-0.714621,0,0,0,0,0,0,0,0,0,0,0,0,0,0,0,1.06062,3,0,0,0,0,0,0,2.148824,0,0,-0.63681,0,0,0,0,0,0,0,0,0,0,0,0,0,0,0,0,0,0,0,0,0,0,0,0,0,0,0,0,1,0,0,0,0,0,0,0,0,0,0,0,0,0,0,-0.77767,0,0,-0.57534,0,0,0,0,0,0,0,0,0,0,1,1
0,0,0,0,0,0,0,-0.541201,0,0,0,0,0,0,0,0,-0.74625,0,0,0,0,0,0,0,0,0,0,0,0,0,0,0,0.6234,3,0,0,0,0,0,0,2.099561,0,0,-0.436565,0,0,0,0,0,0,0,0,0,0,0,1,0,0,0,0,0,0,0,0,0,0,0,0,0,0,0,0,0,0,0,0,0,0,1,0,0,0,0,0,0,0,0,-0.709858,0,0,-0.58174,0,0,0,0,0,0,0,0,0,0,0,1
0,0,0,0,0,0,0,-0.733388,0,0,0,0,0,0,0,0,-0.614095,0,0,0,0,0,0,0,0,0,0,0,0,0,0,0,0.93488,0,0,0,0,0,0,0,0.582792,0,0,-0.618813,0,0,0,0,0,0,0,0,0,0,1,0,0,1,0,0,0,0,0,0,0,0,0,0,0,0,0,0,0,0,0,0,0,0,0,0,0,0,0,0,0,0,0,-0.57552,0,0,-0.670462,0,0,0,0,0,0,0,0,0,0,0,1
0,0,0,0,0,0,0,-0.261207,0,0,0,0,0,0,0,0,-0.539539,1,0,0,0,0,0,0,0,0,0,0,0,0,0,0,1.16082,0,0,0,0,0,0,0,0.720083,0,0,-0.668593,0,0,0,0,0,0,0,0,0,0,0,0,0,0,0,0,1,0,0,0,0,0,0,0,0,0,0,0,0,0,0,0,0,0,0,0,0,0,0,0,0,0,0,3.159531,0,0,-0.476644,0,0,0,0,0,0,0,0,0,0,0,1
0,0,0,0,0,0,0,-0.577921,0,0,0,0,0,0,0,0,-0.578561,0,0,0,1,0,0,0,0,0,1,0,0,0,0,0,0.91443,4,0,0,0,1,0,0,1.462928,0,0,-0.629037,0,1,0,0,0,0,0,0,0,0,0,0,1,0,0,0,0,0,0,1,0,0,0,0,0,0,0,0,0,0,0,0,0,0,0,0,0,0,0,0,0,1,0,-0.640188,0,0,-0.71846,0,0,0,0,0,0,0,0,0,0,1,1
0,0,0,0,0,0,0,-0.646193,0,0,0,0,0,0,0,0,-0.492507,0,0,0,0,0,0,0,0,0,0,0,0,0,0,0,0.86494,5,0,0,0,0,0,0,1.703891,0,0,-0.575549,0,0,0,0,0,0,0,0,0,0,0,0,0,0,0,0,0,0,0,0,0,0,1,0,0,0,0,0,0,0,0,0,0,0,0,0,0,0,0,0,0,0,0,-0.85349,0,0,-0.65557,0,0,0,0,0,0,0,0,0,0,1,1
0,0,0,0,0,0,0,-0.725091,0,0,0,0,0,0,0,0,-0.716058,0,0,0,1,0,0,0,0,0,0,0,0,0,0,0,1.16221,0,0,0,0,0,0,0,0.540094,0,0,-0.70437,0,0,0,0,0,0,0,0,0,0,0,0,0,0,0,0,0,0,0,0,0,0,0,0,0,0,0,0,0,0,0,0,0,0,0,0,0,0,0,0,0,0,0,-0.810093,0,0,-0.808166,0,0,0,0,0,0,0,1,0,0,0,1
0,0,0,0,0,0,0,-0.688952,0,0,0,0,0,0,0,0,-0.602442,0,0,0,0,0,0,0,0,0,0,0,0,0,0,0,1.08841,4,0,0,0,0,0,0,1.688452,0,0,-0.685533,0,0,0,0,0,0,0,0,0,0,0,0,0,1,0,0,0,0,0,0,0,0,0,0,0,0,0,0,0,0,0,0,0,0,0,0,0,0,0,0,0,0,0,-0.64096,0,0,-0.846912,0,0,0,0,0,0,0,0,0,0,1,1
0,0,0,0,0,0,0,-0.777691,0,0,0,0,0,0,0,0,-0.779271,0,0,0,0,0,0,0,0,1,0,0,0,0,0,0,1.33175,2,0,0,0,0,0,0,1.28174,0,0,-0.746894,0,0,0,0,0,0,0,0,0,0,0,0,0,0,0,0,0,0,0,0,0,0,1,0,1,0,0,0,0,0,0,0,0,0,0,0,0,0,0,0,0,1,0,-0.654139,0,0,-0.847525,0,0,0,0,0,0,0,0,1,1,1,1
0,0,0,0,0,0,0,-0.595259,0,0,0,0,0,0,0,0,-0.695638,0,0,0,0,1,0,0,0,0,0,0,0,0,0,0,1.32085,1,0,0,0,0,0,0,0.354568,0,0,-0.738577,0,0,0,0,0,0,0,0,0,0,0,0,0,0,0,0,0,0,0,0,0,0,0,0,0,0,0,0,0,0,0,0,0,0,0,0,0,0,0,0,0,0,0,-0.722393,0,0,-0.789953,0,0,0,0,0,0,0,0,0,0,0,1
0,0,0,0,0,0,0,-0.692157,0,0,0,0,0,0,0,0,-0.715167,0,0,0,0,0,0,0,0,0,0,0,0,0,0,0,0.85759,0,0,0,0,0,0,0,0.230986,0,0,-0.597185,0,0,0,0,0,0,0,0,0,0,0,0,0,0,0,0,0,0,0,0,0,0,0,0,0,0,0,0,0,0,0,0,0,0,0,0,0,0,0,1,0,0,0,-0.699162,0,0,-0.837838,0,0,0,0,0,1,0,0,0,0,0,1
0,0,0,0,0,0,0,-0.564202,0,0,0,0,0,0,0,0,-0.667406,0,0,0,0,0,0,1,0,0,0,0,0,0,0,0,1.14575,2,0,0,0,0,0,0,1.266555,0,0,-0.700707,0,0,0,0,0,0,0,0,0,0,0,0,0,0,0,0,0,0,0,0,0,0,0,0,0,0,0,0,0,0,0,0,0,1,0,0,0,0,0,0,0,0,0,-0.664418,0,0,-0.613217,0,0,0,0,0,0,0,0,0,0,1,1
0,0,0,0,0,0,0,-0.572818,0,0,0,0,0,0,0,0,-0.62835,0,0,0,0,0,0,0,0,0,0,0,0,0,0,0,0.76924,5,0,0,0,0,0,0,2.219312,0,0,-0.547233,0,0,0,0,0,0,0,0,0,0,0,0,0,0,0,0,0,0,0,0,0,0,0,0,0,1,0,0,0,0,0,0,0,0,0,0,0,0,0,0,0,0,0,-0.748833,0,0,-0.573028,0,0,0,0,0,0,0,0,1,0,1,1
0,0,0,1,0,0,0,-0.657145,0,0,0,0,0,0,0,0,-0.558439,0,1,0,0,0,0,0,0,0,0,0,0,0,1,0,1.2082,1,0,0,0,0,0,0,1.066006,0,0,-0.713317,0,0,0,0,0,0,0,0,0,0,0,0,0,0,0,0,0,0,0,0,0,0,0,0,0,0,1,0,1,0,0,0,0,0,0,0,0,0,0,1,0,0,0,-0.635176,0,0,-0.759327,0,0,0,0,0,0,0,0,1,0,0,1
0,0,0,0,0,0,0,-0.696831,0,0,0,0,0,0,0,0,-0.575515,0,0,0,0,0,0,0,0,0,0,0,0,0,0,0,1.33436,3,0,0,0,0,0,0,0.854648,0,0,-0.774506,0,0,0,0,0,1,0,0,0,0,0,0,0,0,0,0,0,0,0,0,0,0,0,0,0,0,0,0,0,0,0,0,0,0,0,0,0,0,0,0,0,0,0,-0.762452,0,0,-0.724716,0,0,0,0,0,0,0,1,1,0,1,1
0,0,0,0,0,0,0,-0.678113,0,0,0,0,0,0,0,0,-0.52271,0,0,1,0,0,0,0,0,0,0,0,0,0,0,0,0.80164,0,0,0,0,0,0,0,0.951782,0,0,-0.673963,0,0,0,0,0,0,1,0,0,0,0,0,0,0,0,0,0,0,0,0,0,0,0,0,0,0,0,0,0,0,0,0,0,0,0,0,0,0,0,0,0,0,0,-0.601187,0,0,-0.723896,0,0,0,0,0,0,0,0,0,0,0,1
1,0,0,0,0,0,0,-0.740976,0,0,0,0,0,0,0,0,-0.667818,0,0,0,0,0,0,0,0,0,0,0,0,0,0,0,1.87674,1,0,0,0,0,0,0,0.549995,0,0,-0.803628,0,1,0,0,0,0,0,0,0,0,0,0,0,0,0,0,0,1,0,0,0,0,0,0,0,0,0,0,1,0,0,0,0,0,0,0,0,0,0,0,0,0,0,-0.618007,0,0,-0.802845,0,0,0,0,0,0,0,0,0,0,1,1
0,0,0,0,0,0,0,-0.687249,0,0,0,0,0,0,0,0,-0.739869,0,0,0,0,0,0,0,0,0,0,0,0,0,0,0,0.5786,2,0,0,0,0,0,0,1.184426,0,0,-0.460866,0,0,0,0,0,0,0,0,0,0,0,0,0,0,0,0,0,0,0,0,0,0,0,0,0,0,0,0,0,0,0,0,0,0,0,0,0,0,0,0,0,0,0,-0.675571,0,0,-0.715382,0,0,0,0,0,0,0,0,0,0,0,1
0,0,0,1,0,0,0,-0.511933,0,0,1,0,0,0,0,0,-0.594911,0,0,0,0,0,0,0,1,0,0,0,0,0,0,0,1.86016,0,0,0,0,0,0,0,0.734071,0,0,-0.834623,0,0,0,0,0,0,0,0,0,0,0,0,0,0,0,0,0,0,0,0,0,1,0,0,0,0,0,0,0,0,0,0,0,0,0,0,0,0,0,0,0,0,0,-0.858194,0,0,-0.637934,0,0,0,0,0,0,0,0,0,0,0,1
0,0,0,0,0,0,0,-0.748917,0,0,0,0,0,0,0,0,-0.58928,0,0,0,0,0,0,0,0,0,0,0,0,0,0,0,1.09883,0,0,0,0,0,0,0,2.420483,0,0,-0.684068,0,0,0,0,0,0,0,0,0,0,0,0,0,0,0,0,0,0,0,0,0,0,0,0,0,0,0,0,0,0,0,0,0,0,0,0,0,0,0,0,0,0,0,-0.598338,0,0,-0.727498,0,0,0,0,0,0,0,0,0,0,1,1
0,0,0,0,0,0,0,-0.661124,0,0,0,0,0,0,0,0,-0.68206,0,0,0,1,0,0,0,0,0,0,0,0,0,0,0,0.82824,0,0,0,0,1,0,0,1.474029,0,0,-0.581958,0,0,0,0,0,0,0,0,1,0,0,0,0,0,0,0,0,0,0,0,0,0,0,0,0,0,0,0,0,0,0,0,0,0,0,0,0,0,0,0,0,0,0,-0.732352,0,0,-0.63748,0,0,0,0,0,0,0,0,0,0,0,1
0,0,0,0,0,0,0,1.355982,0,0,0,1,0,0,0,1,-0.620467,0,0,1,0,0,0,0,0,0,0,0,0,0,0,0,1.52412,2,0,0,0,0,0,0,0.494913,0,0,-0.758058,0,0,0,0,0,0,0,1,0,0,0,0,0,0,0,0,0,0,0,0,0,0,0,0,0,0,0,1,0,0,0,0,1,0,0,0,0,0,0,0,0,0,0,-0.634552,0,0,8.424073,0,0,0,0,0,0,0,0,0,0,0,1
0,0,0,0,0,0,0,-0.640759,0,0,0,0,0,0,0,0,-0.832968,0,0,0,0,0,0,0,0,1,0,0,0,0,0,0,1.08378,1,0,0,0,0,0,0,1.321097,0,0,-0.666346,0,0,0,0,0,0,0,0,0,0,0,0,0,0,0,0,0,0,0,0,0,0,0,0,0,0,0,0,0,0,0,0,0,0,0,0,0,0,1,0,0,0,0,-0.636153,0,0,-0.747435,0,0,0,0,0,0,0,0,0,0,1,1
0,0,0,0,0,0,0,-0.87709,0,0,1,0,1,0,0,0,-0.57936,1,0,0,0,0,0,0,0,0,0,0,0,0,0,0,1.17497,1,0,0,0,0,1,1,1.681471,0,0,-0.695523,0,0,0,0,0,0,0,0,0,0,0,0,0,0,0,1,0,0,0,0,0,0,0,0,0,0,0,0,0,0,0,0,0,0,0,0,0,0,0,0,0,0,0,-0.543963,0,0,-0.714679,0,0,0,0,0,0,0,0,0,0,0,1
0,0,0,0,0,0,0,-0.683473,0,0,0,0,0,0,0,0,-0.709527,0,0,0,0,0,0,0,0,1,0,0,0,0,0,0,1.04167,2,0,0,0,0,0,0,0.68086,1,0,-0.657403,0,0,0,0,0,0,0,0,0,0,0,0,0,0,0,0,0,0,0,0,0,0,0,0,0,0,0,0,0,0,0,0,0,1,0,0,0,0,0,0,0,0,0,-0.693438,0,0,-0.73252,0,0,0,0,0,0,0,0,0,0,0,1
0,0,0,0,0,0,0,-0.737562,0,0,0,0,0,0,0,0,-0.59294,0,0,0,0,0,0,0,0,0,0,0,0,0,0,0,0.99226,2,0,0,0,0,0,0,1.105351,0,0,-0.645504,0,0,0,0,0,0,0,0,0,1,1,0,0,0,0,0,0,0,0,0,0,0,0,0,0,0,0,0,0,0,0,0,0,1,0,0,0,0,0,0,0,1,0,-0.792131,0,0,-0.450559,0,0,0,0,0,0,0,0,0,0,1,1
0,0,0,0,0,0,0,-0.609314,0,0,0,0,0,0,0,0,-0.538467,0,0,0,0,0,0,0,0,0,0,0,0,0,0,0,1.05461,11,0,0,0,0,0,0,2.930139,0,0,-0.660416,0,0,0,0,0,0,0,0,0,0,0,0,0,0,0,0,0,0,0,0,0,0,0,0,0,0,0,0,0,0,0,0,0,0,0,0,0,0,0,0,0,0,0,2.249395,0,0,-0.649961,0,0,0,0,0,0,0,0,0,0,0,1
0,0,0,0,0,0,0,-0.579991,0,0,0,1,0,0,0,0,-0.58161,0,0,0,1,0,0,0,0,0,0,0,0,0,0,0,0.88189,3,0,0,0,0,0,0,0.700053,0,0,-0.61455,0,0,0,0,0,0,1,0,0,0,1,0,0,1,0,0,0,0,0,0,0,0,0,0,0,0,0,0,0,0,0,0,0,0,0,0,0,0,0,0,0,0,0,-0.648971,0,0,-0.688394,0,0,0,0,0,0,0,0,0,0,0,1
0,0,0,0,0,0,0,-0.609524,0,0,0,0,0,0,0,0,-0.609653,0,0,0,0,0,0,0,0,0,0,0,0,0,0,0,0.68732,2,1,0,0,0,0,0,1.370868,0,0,-0.473973,0,0,0,0,0,0,0,0,0,1,0,0,0,0,0,0,0,0,0,0,0,0,0,0,0,0,0,0,1,0,0,0,0,0,0,0,0,0,0,0,0,0,0,-0.492961,0,0,-0.635913,0,0,0,0,0,0,0,1,0,0,1,1
0,0,0,0,0,0,0,-0.895073,0,0,0,0,0,0,0,0,-0.818548,0,0,0,0,0,0,0,0,0,0,0,0,0,1,0,0.67702,0,0,0,0,1,0,0,0.869596,0,0,-0.511214,0,0,0,0,0,0,0,0,0,0,0,0,0,0,0,0,0,0,0,0,0,0,0,0,0,0,0,0,0,0,0,0,0,0,0,0,0,0,0,0,0,0,0,-0.812425,0,0,-0.614076,0,0,0,0,0,0,0,0,0,0,0,1
0,0,0,0,0,0,0,-0.485166,0,0,0,0,0,0,0,0,0.029678,0,0,0,0,1,0,0,0,0,0,0,0,0,0,0,1.62811,2,0,0,0,0,0,0,0.519047,0,0,-0.783711,0,0,0,0,0,0,0,0,0,0,0,0,0,0,0,0,0,0,0,0,0,0,0,0,0,1,0,0,0,0,0,0,0,0,0,0,0,0,0,0,0,0,0,-0.763314,0,0,-0.586665,0,0,0,0,0,0,0,0,0,0,1,1
0,0,0,0,0,0,0,-0.615029,0,0,0,0,0,0,0,0,-0.698012,0,0,0,0,0,0,0,0,0,0,0,0,0,0,0,1.75962,3,0,0,0,0,0,0,0.737301,0,0,-0.782694,0,0,0,0,0,0,0,0,0,0,0,0,0,0,0,0,0,0,0,0,0,0,0,0,0,0,0,0,1,0,0,1,1,0,0,0,0,0,0,0,0,1,0,-0.765683,0,0,-0.63478,0,0,0,0,0,0,0,0,0,1,1,1
0,0,0,0,0,0,0,-0.102317,0,0,0,0,0,0,0,0,-0.754139,0,0,0,1,0,0,1,0,0,0,0,0,0,0,0,0.77715,0,0,0,0,0,0,0,1.595425,0,0,-0.551486,0,0,0,0,0,0,0,0,0,0,0,0,0,0,0,0,0,0,0,0,0,0,0,0,0,0,0,0,0,0,0,0,0,1,0,0,0,0,0,0,0,0,0,-0.8383,0,0,-0.31214,0,0,0,0,0,0,0,0,0,0,1,1
0,0,0,0,0,0,0,-0.585297,0,0,0,0,0,0,0,0,-0.784261,0,1,0,0,0,0,0,0,0,1,0,0,0,0,0,1.37932,3,0,0,0,0,0,0,1.256531,0,0,-0.745164,0,0,0,0,0,0,0,0,0,0,0,0,0,0,0,0,0,0,0,0,0,0,0,0,0,0,0,0,0,0,0,0,0,0,0,1,0,0,0,0,0,0,0,-0.611852,0,0,-0.605648,0,0,0,0,0,0,0,1,0,0,0,1
0,0,0,0,0,0,0,-0.42998,0,0,0,0,0,0,0,0,-0.795105,0,0,0,0,0,0,0,0,0,0,0,0,0,0,0,0.98171,0,0,0,0,0,0,0,0.538782,0,0,-0.627528,0,0,0,0,0,0,0,0,0,0,0,0,0,0,0,0,0,0,0,0,0,0,0,0,0,0,0,0,1,0,0,0,0,0,0,0,0,0,0,0,0,0,0,-0.607759,0,0,-0.649576,0,0,0,0,0,0,0,0,0,0,0,1
0,0,0,1,0,0,0,-0.511893,0,0,0,0,0,0,0,0,-0.292053,0,0,0,0,0,0,0,0,0,0,0,0,0,0,0,1.12667,0,0,0,0,0,0,0,1.127612,0,0,-0.692339,0,0,0,0,0,0,0,0,0,0,0,0,0,0,0,0,0,0,0,1,0,0,0,0,0,0,0,0,1,0,0,0,0,0,0,0,0,0,0,0,0,0,0,-0.42982,0,0,8.021275,0,0,0,0,0,0,0,0,0,0,0,1
0,0,0,0,0,0,0,-0.646738,0,0,0,0,0,0,0,0,-0.630554,0,0,0,0,0,0,0,0,0,0,0,0,0,0,0,0.76752,0,0,0,0,0,0,0,0.527969,0,0,-0.519062,0,0,0,0,0,0,0,0,0,0,0,0,0,0,0,0,0,0,0,0,1,0,0,0,0,0,0,0,0,0,0,0,0,0,0,0,0,1,0,0,0,0,0,-0.62269,0,0,-0.757485,0,0,0,0,0,0,0,0,0,1,0,1
0,0,0,0,0,0,0,-0.707301,0,1,0,0,0,0,0,0,-0.680635,0,0,0,0,0,0,0,0,0,0,0,0,0,0,0,1.19294,1,0,0,0,0,1,0,1.854573,0,0,-0.709938,0,0,0,0,0,0,0,0,0,0,0,0,0,0,0,0,0,0,0,0,0,0,0,0,0,0,0,0,0,0,0,0,0,0,0,0,0,0,0,0,0,0,0,-0.629673,0,0,-0.621548,0,0,0,0,0,0,0,0,0,0,0,1
0,0,0,0,0,0,0,-0.680079,0,0,0,0,0,0,0,0,-0.570922,0,0,0,0,0,0,0,0,0,0,0,0,0,0,0,0.53843,2,0,0,0,0,0,0,1.653337,0,0,-0.403615,0,0,0,0,0,0,0,0,0,0,0,0,0,0,0,0,0,0,0,0,0,0,1,0,0,0,0,0,0,0,0,0,0,0,0,0,0,0,0,0,0,0,0,-0.624342,0,0,-0.64581,0,0,0,0,0,0,0,0,0,0,0,1
0,0,0,0,0,0,0,-0.707612,0,0,0,0,0,0,0,0,-0.596631,0,0,0,0,0,0,0,0,0,0,0,0,0,0,0,1.32101,1,0,0,0,0,0,0,0.686686,0,0,-0.735465,0,0,0,0,0,0,0,0,0,0,0,0,0,0,0,0,0,0,0,0,0,0,0,0,0,0,1,0,0,0,0,0,0,0,0,0,0,0,0,0,0,0,0,-0.538228,0,0,-0.782343,0,0,0,0,0,0,0,0,0,0,1,1
0,0,0,0,0,0,0,-0.613839,0,1,0,0,0,0,0,0,-0.29441,0,0,0,0,0,0,0,0,0,0,0,0,0,1,0,1.53087,4,0,0,0,0,0,0,1.632927,0,0,-0.754958,0,0,0,0,0,0,0,0,0,0,1,0,0,0,0,0,0,0,0,0,0,0,0,0,0,0,0,0,0,0,0,0,0,0,0,0,0,0,0,0,0,0,0,-0.612118,0,0,-0.685547,0,0,0,0,0,0,0,0,0,0,1,1
0,0,0,0,0,0,0,-0.752795,0,0,0,0,0,0,0,0,-0.567225,0,0,0,0,0,0,0,0,0,0,0,0,0,0,0,1.29796,3,0,0,0,0,0,0,0.794833,0,0,-0.737235,0,1,0,0,0,0,0,0,0,0,0,0,0,0,0,0,0,0,0,0,0,0,0,0,0,0,1,0,0,0,0,0,0,0,0,0,0,0,0,1,0,0,0,-0.695482,0,0,-0.603441,0,0,0,0,0,1,0,0,0,0,1,1
0,0,0,0,0,0,0,-0.650023,0,0,0,0,0,0,0,0,2.124977,0,0,0,0,0,0,0,0,0,0,0,0,0,0,0,0.92628,0,0,0,0,0,0,0,0.936333,0,0,-0.696401,0,0,0,0,0,0,0,0,0,0,0,0,0,0,0,0,0,0,0,0,0,0,0,0,1,0,0,0,0,0,0,0,0,0,0,0,0,0,0,0,0,0,0,-0.868859,0,0,-0.552403,0,0,0,0,0,0,0,0,0,0,0,1
0,0,0,0,0,0,0,-0.651623,0,0,0,0,0,0,0,0,-0.726907,0,0,0,0,1,0,0,0,0,0,0,0,0,0,0,1.12196,2,0,0,0,0,0,0,1.777809,0,0,-0.677748,0,0,0,0,0,0,0,0,0,0,0,1,0,0,0,0,0,0,0,0,0,0,0,0,0,0,0,0,0,0,0,0,0,1,0,0,0,0,0,0,0,0,0,-0.67589,0,0,-0.431273,0,0,0,0,0,0,0,0,0,0,0,1
0,0,0,0,0,0,0,-0.579301,0,0,0,0,0,0,0,0,-0.833333,0,0,0,0,0,0,0,0,0,0,0,0,0,0,0,1.06961,0,0,0,0,0,0,0,0.562327,0,0,-0.656358,0,0,0,0,0,0,0,0,0,0,0,0,0,0,0,0,0,0,0,0,0,1,0,0,0,0,0,0,0,0,0,0,0,0,0,0,0,0,0,0,0,0,0,-0.598722,0,0,-0.705552,0,0,0,0,0,0,0,0,0,0,0,1
0,0,0,0,0,0,0,-0.791146,0,0,0,0,0,0,0,0,-0.638605,0,0,0,0,0,0,0,0,0,0,0,0,0,0,0,1.54236,2,0,0,0,0,0,0,0.782472,0,0,-0.783269,0,0,0,0,0,0,0,0,0,0,0,1,0,0,0,0,0,0,0,0,0,1,0,0,0,0,0,0,1,0,0,0,0,0,0,0,0,0,0,0,0,0,0,-0.621808,0,0,-0.618742,0,0,0,0,0,0,0,0,1,0,1,1
0,1,0,0,0,0,1,-0.786124,0,0,0,0,0,0,0,0,-0.679184,0,0,0,0,0,0,0,0,0,0,0,0,0,0,0,1.73311,0,0,0,0,0,0,0,0.864565,0,0,-0.828055,0,0,0,0,0,0,0,0,0,0,0,0,0,1,0,0,0,0,0,0,0,0,0,0,1,1,0,0,0,0,0,0,0,0,0,0,0,0,0,0,0,0,0,-0.545444,0,0,-0.616046,1,0,0,0,0,0,0,0,0,0,0,1
0,0,0,0,0,0,0,-0.767691,0,0,0,0,0,0,1,0,-0.657201,0,0,0,0,0,0,0,0,0,0,0,0,1,0,0,0.48142,2,0,0,0,0,0,0,1.250496,0,0,-0.365897,0,0,0,0,0,0,0,0,0,0,0,0,0,0,0,0,0,0,0,0,0,0,0,0,0,0,0,0,0,0,0,0,0,0,0,0,0,0,0,0,0,0,0,-0.673998,0,0,-0.657847,0,0,0,0,0,0,0,0,0,0,0,1
0,0,0,0,0,0,0,-0.661708,0,0,0,0,0,0,0,0,-0.74028,0,0,0,0,0,0,1,0,0,0,0,0,0,0,0,1.26592,5,0,0,0,1,0,0,2.111784,0,0,-0.719738,0,0,0,0,0,0,0,0,0,0,0,0,0,0,0,0,0,0,0,0,0,1,0,0,0,0,0,0,0,0,0,0,0,0,0,0,0,0,0,0,0,0,0,-0.741196,0,0,-0.629099,0,0,0,0,0,0,0,0,0,0,0,1
0,0,0,0,0,0,0,-0.524212,0,0,0,0,0,0,0,0,-0.683563,0,0,0,0,0,0,0,0,0,0,0,0,0,0,0,0.87891,4,0,0,0,0,1,0,2.462893,1,0,-0.5969,1,0,0,1,0,0,0,0,0,0,0,0,0,0,0,1,0,0,0,0,1,0,0,1,0,0,0,1,0,0,0,0,1,0,0,0,0,0,0,0,0,0,1,-0.729901,0,0,7.311973,0,0,0,0,0,0,1,0,0,0,1,1
0,0,0,1,0,0,0,-0.775254,0,0,0,0,0,0,0,0,-0.669163,0,0,0,0,0,0,0,0,0,0,0,0,0,0,0,1.59302,0,0,0,0,0,0,0,0.531155,0,0,-0.776239,0,0,0,0,0,0,0,0,0,0,0,0,0,0,0,0,0,0,0,0,0,0,0,0,0,0,0,0,0,0,0,0,0,0,0,0,0,0,0,0,0,0,0,-0.559746,0,0,-0.63816,0,0,0,0,0,1,0,0,0,0,1,1
0,0,0,0,0,0,0,-0.60007,0,0,0,0,0,0,0,0,-0.804346,0,0,0,0,0,0,0,0,0,0,0,0,0,0,0,1.13212,2,0,0,0,0,0,0,0.692129,0,0,-0.706733,0,0,0,0,0,0,0,0,0,0,1,0,0,0,0,0,0,0,0,0,1,0,0,0,0,0,0,0,0,0,0,0,0,0,0,0,0,0,0,0,0,1,0,-0.672102,0,0,-0.663274,0,0,0,0,0,0,0,0,0,0,0,1
0,0,0,0,0,0,0,-0.414269,0,0,0,0,0,0,0,0,-0.709014,0,1,0,0,0,0,0,0,0,0,0,0,0,0,0,0.89974,0,0,0,0,0,0,0,0.414034,0,0,-0.38008,0,0,0,0,0,0,0,0,0,0,0,0,0,0,0,0,0,0,0,0,0,0,0,0,0,0,0,0,0,0,0,0,0,0,0,0,0,0,0,0,0,0,0,-0.608705,0,0,-0.606772,0,0,0,0,0,0,0,0,0,0,0,1
0,0,0,0,0,0,0,-0.850014,0,0,0,0,0,0,0,0,-0.57751,0,0,0,0,0,0,0,0,0,0,0,0,0,0,0,0.99007,0,0,0,0,0,0,0,0.56332,0,0,-0.732431,0,0,0,0,0,0,0,0,0,0,0,0,0,0,0,0,0,0,0,0,0,0,0,0,0,0,0,0,0,0,0,0,0,0,0,0,0,0,0,0,0,0,0,-0.596227,0,0,-0.630365,0,0,0,0,0,0,0,0,0,0,0,1
0,0,0,0,0,0,0,-0.798194,0,0,0,0,0,0,0,0,-0.608004,0,0,0,0,0,0,0,0,0,0,0,0,0,0,0,0.94527,0,0,0,0,0,0,0,2.130506,0,0,-0.650708,0,0,0,0,0,0,0,0,0,0,0,0,0,1,0,0,0,0,0,0,0,0,0,0,0,0,0,0,1,0,0,0,0,0,0,0,0,0,0,0,0,0,0,-0.850456,0,0,-0.584581,0,0,0,0,0,0,0,0,0,0,0,1
0,0,0,0,0,0,0,-0.791306,0,0,0,0,0,0,0,0,-0.732622,0,0,0,0,0,0,0,0,0,0,0,0,0,1,0,1.23822,5,0,0,1,0,0,0,1.711116,0,0,-0.685131,1,0,0,0,0,0,0,0,0,0,0,0,0,0,0,0,0,0,0,1,0,0,0,0,0,0,0,0,0,0,0,0,0,1,0,0,0,1,0,0,1,0,0,-0.667874,0,0,-0.599429,0,0,0,0,0,0,0,0,0,0,0,1
0,0,0,0,0,0,0,-0.693878,0,0,0,0,0,0,0,0,-0.800752,0,0,0,0,1,0,0,0,0,0,0,0,0,0,0,1.23834,1,0,0,0,0,0,0,1.856823,0,0,-0.746725,0,0,0,0,0,0,0,0,0,0,0,0,0,0,0,0,0,0,0,0,0,0,0,0,0,0,0,0,0,0,0,0,0,0,0,0,0,0,0,0,0,0,0,-0.764919,0,0,-0.706838,0,0,0,0,0,0,0,0,0,0,1,1
0,0,0,0,0,0,0,-0.559,0,0,0,0,0,0,0,0,-0.104473,0,0,0,0,0,0,0,0,0,0,0,0,0,0,0,0.91891,0,0,0,0,0,0,0,1.675137,0,0,-0.613964,0,0,0,0,0,0,0,0,0,0,0,1,0,0,0,0,0,0,0,0,0,1,0,0,0,0,0,0,0,0,0,0,0,0,0,0,0,0,0,0,0,0,0,-0.712736,0,0,-0.720318,0,0,0,0,0,0,0,0,0,0,0,1
0,0,0,0,0,0,0,-0.636657,0,0,0,0,0,0,0,0,-0.724313,0,0,0,0,0,0,0,0,1,0,0,0,0,0,0,1.21374,2,0,0,0,0,0,0,0.739422,0,0,-0.698117,0,0,0,0,0,0,0,0,0,0,0,0,0,0,0,0,0,0,0,0,0,0,0,0,0,0,0,0,0,0,0,0,0,0,0,0,0,0,0,0,0,0,0,-0.74406,0,0,-0.676645,0,0,0,0,0,0,0,0,0,0,0,1
0,0,0,0,0,0,0,-0.637613,0,0,0,0,0,0,0,0,-0.630388,0,0,0,0,0,0,0,0,0,0,1,0,0,0,0,0.81317,6,0,0,0,0,0,0,2.486162,0,0,-0.706941,0,0,0,0,0,0,0,0,0,0,0,0,0,0,0,0,0,0,0,0,0,0,0,0,0,0,0,1,0,0,0,0,0,0,0,0,0,0,0,0,0,1,0,-0.714892,0,0,-0.799916,0,1,0,0,0,0,0,0,0,0,1,1
0,0,0,0,0,0,0,-0.69478,0,0,0,0,0,0,0,0,-0.687363,0,0,0,0,0,0,0,0,0,0,0,0,0,0,0,0.95189,2,0,0,1,0,0,0,1.770241,0,0,-0.632521,0,0,0,0,0,0,0,0,0,0,0,0,0,0,0,0,0,0,0,0,0,1,0,0,0,0,0,0,0,0,0,0,0,0,0,0,0,0,0,0,0,0,0,-0.752922,0,0,-0.601903,0,0,0,0,0,0,0,0,0,0,1,1
0,0,0,1,0,0,0,-0.651089,1,0,0,0,0,0,0,0,-0.592589,0,0,0,0,0,0,0,0,0,0,0,0,0,0,0,0.91578,3,0,0,0,0,0,0,1.659021,0,0,-0.61904,0,1,0,0,0,0,0,0,0,0,0,0,0,0,0,0,0,0,0,0,0,0,0,0,0,0,0,0,0,0,0,0,0,0,0,0,0,1,0,0,0,0,0,-0.613693,0,0,-0.624166,0,0,0,0,0,0,0,0,0,0,1,1
0,0,0,0,0,0,0,-0.588247,0,0,0,0,0,0,0,0,-0.635586,0,0,0,0,0,0,0,0,0,0,0,0,0,1,0,1.22137,0,0,0,0,0,0,0,1.290843,0,0,-0.686193,0,0,0,0,0,0,0,0,0,0,0,0,0,0,0,0,0,0,0,0,0,0,0,0,0,0,0,0,1,0,0,0,0,0,0,0,0,0,0,0,0,0,0,-0.821182,0,0,-0.731225,0,0,0,0,0,0,0,1,0,0,1,1
0,0,0,0,0,0,0,-0.698772,0,0,0,0,0,0,0,0,-0.764632,0,0,0,0,0,0,0,0,0,0,0,0,0,1,0,1.21366,2,0,0,0,1,0,0,1.198441,0,0,-0.58413,0,0,0,0,0,0,0,0,0,0,0,1,0,0,0,0,0,0,0,0,0,0,0,0,0,0,1,0,0,0,0,0,0,0,0,0,0,0,0,0,0,0,0,-0.652097,0,0,-0.775525,0,0,0,0,0,0,0,0,1,0,0,1
0,0,0,0,0,0,0,-0.647012,0,0,0,0,0,0,0,0,-0.694899,0,0,0,0,0,0,0,0,0,0,0,0,0,0,0,1.48407,3,0,0,0,0,0,0,1.308757,0,0,-0.765213,0,0,0,0,0,0,0,0,0,0,0,0,0,0,0,0,0,0,0,0,0,0,0,0,0,0,0,0,0,0,0,0,0,0,0,0,0,0,0,0,0,0,0,-0.609701,0,0,-0.587611,0,0,0,0,0,0,0,0,0,0,1,1
0,0,0,0,0,0,1,-0.805618,0,0,0,0,0,0,0,0,-0.561044,0,1,0,1,0,0,0,0,0,0,0,0,0,0,0,1.62039,0,0,0,0,0,0,0,0.658782,0,0,-0.774961,0,0,1,0,0,0,0,0,0,0,0,0,0,0,0,0,0,0,0,0,0,0,0,0,0,0,1,0,0,0,0,0,0,0,0,0,0,0,0,0,0,0,0,-0.739687,0,0,-0.908172,0,0,0,0,0,0,0,1,0,0,0,1
0,0,0,0,0,0,0,-0.620317,0,0,0,0,0,0,0,0,-0.73063,0,0,0,0,0,0,0,0,0,0,0,0,0,0,0,0.95465,1,0,0,0,0,0,0,1.320946,0,0,-0.595376,0,0,0,0,0,0,0,0,0,0,0,0,0,0,0,0,0,0,0,0,0,0,0,0,0,0,0,0,0,0,0,0,0,0,0,0,0,0,0,1,0,0,0,-0.636275,0,0,-0.601953,0,0,0,0,0,0,0,0,0,0,1,1
0,0,0,1,0,0,0,-0.790794,0,0,0,0,0,0,0,0,-0.615682,0,0,0,0,0,0,0,0,0,0,0,0,0,0,0,0.7841,1,0,0,0,0,0,0,1.142521,0,0,-0.571064,0,0,0,0,0,0,0,0,0,0,0,0,0,0,0,0,0,0,0,0,0,0,0,0,0,0,0,0,0,0,0,0,0,0,0,0,0,0,0,0,0,0,0,-0.710791,0,0,-0.673886,0,0,0,0,0,0,0,0,0,0,0,1
0,0,1,0,0,0,0,-0.680604,0,1,1,0,0,0,0,1,-0.332922,0,0,0,0,0,0,0,0,0,0,0,0,0,0,0,1.44486,1,0,0,0,0,0,0,0.654257,0,0,-0.772916,0,0,1,0,0,0,0,0,0,0,0,0,0,0,0,0,0,1,0,0,0,0,0,0,0,0,0,0,0,0,0,0,0,0,0,0,0,0,0,0,0,0,0,-0.799483,0,0,7.753125,0,0,0,0,0,0,0,0,0,0,0,1
0,0,0,0,0,0,0,-0.437286,0,0,0,0,0,0,0,0,-0.391968,0,0,0,0,0,0,0,0,0,0,0,0,0,1,0,1.24718,0,0,0,0,0,0,0,0.477979,0,0,-0.727271,0,0,0,0,0,0,0,0,0,0,0,1,0,0,0,0,0,0,0,1,0,0,0,0,0,0,0,0,0,0,0,0,0,0,0,0,0,0,0,0,0,0,0,-0.698523,0,0,-0.702161,0,0,0,0,0,0,0,0,0,0,1,1
0,0,0,0,0,0,0,-0.459887,0,0,0,0,0,0,0,0,-0.698712,0,0,0,0,0,0,0,0,0,0,0,0,0,0,0,1.53931,3,0,0,0,0,0,0,1.158741,0,0,-0.734892,0,0,0,0,0,0,0,0,0,0,0,0,0,0,0,0,0,0,0,0,0,0,0,0,0,0,0,0,0,0,0,0,0,0,0,0,0,0,0,1,0,0,0,-0.458136,0,0,-0.757724,0,0,0,0,0,0,0,1,0,0,0,1
0,0,0,0,0,0,0,-0.576995,0,0,0,0,0,0,0,0,-0.606697,0,0,1,0,0,0,1,0,0,0,0,0,0,0,0,0.93619,1,0,0,0,0,0,0,0.896668,0,0,-0.65185,0,0,0,0,0,0,0,0,0,0,0,0,0,0,0,0,0,0,0,1,0,0,1,0,0,0,0,0,0,0,0,0,0,0,0,0,0,0,0,1,0,0,0,-0.721039,0,0,-0.676457,0,0,0,0,0,0,0,0,0,0,1,1
0,0,0,0,0,0,0,-0.622664,0,0,0,0,0,0,0,0,-0.586207,0,0,0,0,0,0,0,0,0,0,0,0,0,0,0,1.5517,0,0,0,0,0,0,0,0.492571,0,0,-0.803385,0,0,0,0,0,0,0,0,0,0,0,0,0,0,0,0,0,0,0,0,0,0,0,0,0,0,0,0,0,0,0,0,0,0,0,0,0,0,0,0,0,0,0,-0.595449,0,0,-0.635681,0,0,0,0,0,1,0,0,0,0,1,1
0,0,0,0,0,0,0,-0.508448,0,0,0,0,0,0,0,0,-0.589236,0,0,0,0,0,0,0,0,0,0,0,0,0,0,0,1.26143,3,0,0,1,1,0,0,1.717247,0,0,-0.733489,0,0,0,0,0,0,0,0,0,0,0,0,0,0,0,0,0,0,0,0,0,0,0,0,0,1,0,0,0,0,0,0,0,0,0,1,0,1,0,0,0,0,0,-0.546998,0,0,-0.619151,0,0,0,0,0,0,0,0,0,0,1,1
0,0,0,0,0,0,0,-0.624607,0,0,0,0,0,0,0,0,-0.482178,0,0,0,0,0,0,0,0,0,0,0,0,0,0,0,0.73512,1,0,0,0,0,0,0,1.163723,0,0,-0.455615,0,0,0,0,0,0,0,0,0,0,0,0,0,0,0,0,0,0,0,0,0,1,0,0,0,0,0,0,1,0,0,0,0,0,0,0,0,0,0,0,0,0,0,-0.757884,0,0,-0.67806,0,0,0,0,0,1,0,0,0,0,0,1
0,0,0,0,0,0,0,-0.736837,0,1,0,0,0,0,0,0,-0.597444,0,0,0,0,0,0,0,0,0,0,0,0,0,0,0,1.00079,2,0,0,0,0,0,0,1.143833,0,0,-0.636243,0,0,0,0,0,0,0,0,0,0,0,0,0,0,0,0,0,0,0,0,0,0,0,0,0,0,0,0,0,0,0,0,0,0,0,0,0,0,0,0,0,0,0,-0.74796,0,0,-0.651378,0,0,0,0,0,0,0,0,0,0,1,1
0,0,0,0,0,0,0,-0.579676,1,0,0,0,0,0,0,0,-0.713436,0,0,0,0,0,0,0,0,0,0,0,0,0,0,0,0.93611,2,0,0,0,0,0,0,1.668419,0,0,-0.604869,0,0,0,0,0,0,0,0,0,0,0,0,0,0,0,0,0,0,0,1,0,0,0,0,0,0,0,0,0,0,0,0,0,0,0,0,0,0,0,0,0,0,0,-0.651248,0,0,8.668789,0,0,0,0,0,0,0,0,0,0,0,1
0,0,0,0,0,0,0,-0.722254,0,0,0,0,0,0,0,0,-0.68944,1,0,0,0,0,1,0,0,0,0,0,0,0,0,0,1.04114,3,0,0,0,0,0,0,1.848889,0,0,-0.637972,0,0,0,0,0,0,0,0,0,0,0,0,0,0,0,0,0,0,0,0,0,0,0,0,0,1,0,1,0,0,0,0,0,0,0,0,0,0,0,0,0,0,0,8.538892,0,0,-0.710104,0,0,0,0,0,0,0,0,1,0,1,1
0,0,0,1,0,0,0,-0.469065,0,0,0,0,0,0,0,0,-0.585232,0,0,0,0,0,0,0,0,0,0,0,0,0,0,0,1.49825,2,0,0,0,0,0,0,1.514171,0,0,-0.697253,0,0,0,0,0,0,0,0,0,0,0,0,0,0,0,0,0,0,0,1,1,0,0,0,0,0,0,0,0,0,0,0,0,0,0,0,0,0,0,0,0,0,0,-0.440773,0,0,-0.529689,0,0,0,0,0,0,0,0,0,0,1,1
0,0,0,0,0,0,0,-0.601162,0,0,0,0,0,0,0,0,-0.723537,0,0,0,0,0,0,0,0,0,0,0,0,0,0,0,1.29187,7,0,0,0,0,0,0,0.8249,0,0,-0.734182,0,0,0,0,1,0,0,0,0,0,0,0,0,0,0,0,0,0,0,0,0,0,0,0,0,0,0,0,0,0,0,0,0,0,0,0,0,0,0,0,0,0,0,-0.667228,1,0,-0.887995,0,0,0,0,0,0,0,0,0,0,1,1
0,0,0,0,0,0,0,-0.674039,0,0,0,0,0,0,0,0,0.886183,0,0,0,0,0,0,0,0,0,0,0,0,0,0,0,1.17186,6,0,0,0,0,0,0,1.356066,0,0,-0.688203,0,0,0,0,0,0,1,0,0,0,0,1,0,0,0,0,0,0,0,0,1,1,0,0,0,0,0,0,0,0,0,0,0,0,0,0,0,0,0,0,0,0,0,-0.653085,0,0,-0.653774,0,0,0,0,0,0,0,0,0,0,0,1
0,1,0,0,0,0,1,-0.402692,0,0,0,0,0,0,0,0,-0.672493,0,1,0,0,0,0,0,0,0,0,0,0,0,1,0,1.11984,13,0,0,0,0,0,0,2.951203,0,0,-0.703198,0,0,0,0,0,0,0,0,0,0,0,0,0,0,0,0,0,0,0,0,0,0,0,0,0,0,0,0,0,0,0,0,0,0,0,0,0,0,0,0,0,0,0,-0.583293,0,0,-0.635308,1,0,0,0,0,0,0,0,0,0,1,1
0,0,0,0,0,0,0,-0.824007,0,0,0,0,0,0,0,0,-0.642753,0,0,1,0,0,0,0,0,0,0,0,0,0,0,0,1.06787,0,0,0,0,0,1,0,1.316077,0,0,-0.666039,0,0,0,0,0,0,0,0,0,0,0,0,0,0,0,0,0,0,0,0,0,0,0,0,0,0,0,0,0,0,0,0,0,0,0,1,0,1,0,0,0,0,0,-0.562408,0,0,-0.370856,0,0,0,0,1,0,0,1,1,0,0,1
0,0,0,0,0,0,0,-0.739532,0,0,0,0,0,0,0,0,-0.696988,0,0,0,0,0,0,0,0,0,0,0,0,0,0,0,1.59726,2,0,0,0,0,0,0,1.124762,0,0,-0.73468,0,0,0,0,0,0,0,0,0,0,0,0,0,0,0,0,0,0,0,0,0,1,0,0,0,0,0,0,0,0,0,0,0,0,0,0,0,0,0,0,0,0,0,-0.736845,0,0,-0.626709,0,0,0,0,0,0,0,0,0,0,1,1
0,0,0,0,0,0,0,-0.621099,0,0,0,0,0,0,0,0,-0.681707,0,0,0,0,0,0,0,0,0,0,0,0,0,0,0,1.00255,3,0,0,0,0,1,0,1.576585,0,0,-0.562294,0,0,0,0,0,0,0,0,0,0,0,0,0,0,0,0,0,0,0,0,0,0,1,0,0,0,0,0,0,0,0,0,0,0,0,0,0,0,0,0,0,1,0,1.677575,0,0,-0.438071,0,0,0,0,0,0,0,0,0,0,1,1
0,0,0,0,0,0,0,-0.742341,0,0,0,0,0,0,0,0,-0.822705,0,0,0,1,0,0,0,0,0,0,0,0,0,0,0,0.87443,1,0,0,0,0,1,0,0.895252,0,0,-0.593201,0,0,0,0,0,0,0,0,0,0,0,0,0,1,0,0,0,0,0,0,0,0,0,0,0,0,0,0,0,0,0,0,0,0,0,0,0,0,0,0,0,1,0,-0.690938,0,0,-0.63902,0,0,0,0,1,0,0,0,1,0,1,1
0,0,0,1,0,0,0,-0.694423,0,0,0,0,0,0,0,0,-0.565069,0,0,0,1,0,0,0,0,0,0,0,0,0,1,0,1.6696,2,0,0,0,0,0,0,0.705215,0,0,-0.791861,0,0,0,0,0,0,0,0,0,0,0,0,0,0,0,0,0,0,0,0,0,0,1,0,0,0,1,0,0,0,0,0,0,0,0,0,0,0,0,1,0,0,0,-0.680049,0,0,-0.354893,0,0,0,0,0,0,0,0,0,1,1,1
0,0,0,0,0,0,0,-0.584525,0,0,0,0,0,0,0,0,-0.272553,0,0,0,0,0,0,0,0,0,0,0,0,0,0,0,1.68352,2,0,0,0,0,0,0,0.981636,0,0,8.61025,0,0,0,0,0,0,0,0,0,1,0,0,0,0,0,0,0,0,0,0,1,0,0,0,0,0,0,0,0,0,0,0,0,0,0,0,0,0,0,0,0,0,0,-0.632527,0,0,-0.584046,0,0,0,0,1,0,0,0,0,0,1,1
0,0,0,0,0,0,0,-0.700938,0,0,0,0,0,0,0,0,-0.666529,0,0,0,0,0,0,0,0,0,0,0,0,0,0,0,0.65274,2,0,0,0,0,1,0,1.590719,0,0,-0.470368,0,0,0,0,0,0,0,0,0,0,0,0,0,0,0,0,0,0,0,0,0,0,0,0,0,0,0,0,0,0,0,0,0,0,0,0,0,0,0,0,0,0,0,-0.58768,0,0,-0.479643,0,0,0,0,0,0,0,0,0,0,0,1
0,0,0,0,0,0,0,-0.510137,1,0,0,0,0,0,0,0,-0.756774,0,0,0,0,0,0,0,0,0,0,0,0,0,1,0,1.40688,2,0,0,0,0,0,0,0.817078,0,0,-0.764713,1,0,0,0,0,0,0,0,0,0,0,0,0,0,0,0,0,0,0,0,1,0,0,0,0,0,0,0,0,0,0,0,0,0,0,0,0,0,0,0,0,0,0,-0.593354,0,0,-0.431774,0,0,0,0,0,0,0,0,0,0,1,1
0,0,0,0,0,0,0,-0.738669,0,0,0,0,0,0,0,0,-0.60059,0,0,0,0,0,0,0,0,0,0,0,0,0,1,0,0.81589,0,0,0,0,1,0,0,1.23604,0,0,-0.610423,0,0,0,0,0,0,1,0,0,0,0,0,0,0,0,0,0,0,0,0,0,1,0,0,0,0,0,0,0,0,0,0,0,0,0,0,0,0,0,0,0,0,0,-0.711522,0,0,-0.732469,0,0,0,0,0,0,0,0,0,0,0,1
0,0,1,0,0,0,1,-0.775011,0,0,0,0,0,0,0,0,-0.609718,0,0,0,0,1,0,0,0,0,0,0,0,0,0,0,1.22415,0,0,0,0,0,0,0,0.559609,0,0,-0.730145,0,0,0,0,0,0,0,0,0,0,0,0,0,0,0,0,0,0,0,0,0,1,0,0,0,0,0,0,0,0,0,0,0,0,0,0,0,0,0,0,0,0,0,-0.599487,0,0,-0.668463,0,0,0,0,0,0,0,0,1,0,0,1
0,0,0,0,0,0,0,-0.739855,0,0,0,0,0,0,0,0,-0.763418,0,0,0,0,0,0,0,0,0,0,0,0,0,0,0,1.87091,3,0,0,0,0,0,0,0.805371,0,0,-0.821769,0,0,0,0,0,0,0,0,0,0,0,0,0,1,0,0,0,1,0,0,0,0,0,0,0,0,0,0,0,0,0,0,0,0,0,0,0,0,0,0,0,1,0,-0.678583,0,0,-0.539228,0,0,0,0,0,0,0,0,0,0,1,1
0,0,0,0,0,0,0,-0.517668,0,0,0,0,0,0,0,0,-0.574537,0,0,0,0,0,0,0,0,0,0,0,0,0,0,0,1.325,0,0,0,0,0,0,0,0.342324,0,0,-0.787169,0,1,0,0,0,0,0,0,0,0,0,1,0,0,0,0,0,0,0,0,1,0,0,0,0,0,0,0,0,0,0,0,0,0,0,0,0,0,0,0,0,0,0,-0.722884,0,0,-0.693782,0,0,0,0,0,0,0,0,0,0,0,1
0,0,0,1,0,0,0,-0.735127,0,0,0,0,0,0,0,0,-0.489406,0,0,0,1,0,0,0,0,0,0,0,0,0,0,0,1.78851,3,0,0,0,0,0,0,1.573214,0,0,-0.825361,0,0,1,0,0,0,0,0,0,0,0,0,0,0,0,0,0,0,0,0,0,0,0,0,0,0,0,0,0,0,0,0,0,0,0,0,0,0,0,1,0,0,0,-0.763595,0,0,-0.626568,0,0,0,0,0,0,0,0,1,0,0,1
0,0,0,0,0,0,0,-0.637679,0,0,0,0,0,0,0,0,-0.804267,0,0,0,0,0,0,0,0,1,0,0,0,0,0,0,0.8305,1,0,0,0,0,0,0,1.269517,0,0,-0.591326,0,0,0,0,0,0,0,0,0,0,0,0,0,0,0,0,0,0,0,0,0,0,0,0,0,0,0,0,0,0,0,0,0,0,0,0,0,0,0,0,0,0,0,-0.794766,0,0,-0.780809,0,0,0,0,0,0,0,0,0,0,0,1
0,0,0,0,0,0,0,-0.585845,0,0,0,0,0,0,0,0,-0.664435,0,0,0,0,0,0,0,0,0,0,0,0,0,0,0,0.89624,0,0,0,0,0,0,0,0.513971,0,0,-0.569369,0,0,0,0,0,0,0,0,0,0,0,0,0,0,0,0,0,0,0,0,0,0,0,0,0,0,0,0,0,0,0,0,0,0,0,0,0,0,0,1,0,0,0,-0.390136,0,0,-0.542408,0,0,0,0,0,0,0,0,0,0,0,1
0,0,0,0,0,0,0,-0.710351,0,0,0,0,0,0,0,0,-0.809524,0,0,0,0,0,0,0,0,0,0,0,0,0,0,0,0.85601,0,0,0,0,0,0,0,0.233134,0,0,-0.592344,0,0,0,0,0,0,0,0,0,0,0,0,0,1,0,0,0,0,0,0,0,0,0,0,0,0,0,0,0,0,0,0,0,0,0,0,0,0,0,0,0,0,0,-0.563347,0,0,-0.773806,0,0,0,0,0,0,0,0,0,0,0,1
0,0,0,0,0,0,0,-0.743055,0,0,0,0,0,0,0,0,-0.59414,0,0,0,0,0,0,0,0,0,0,0,0,0,0,0,1.06092,5,0,0,0,0,0,0,0.497304,0,0,-0.672465,0,0,0,0,0,0,0,0,0,0,0,0,0,0,0,0,0,0,0,0,0,0,0,0,0,0,0,0,0,0,0,0,0,0,0,0,0,0,0,0,0,0,0,-0.747261,0,0,-0.531356,0,0,0,0,0,0,0,0,0,0,1,1
0,0,0,0,0,0,0,-0.716872,0,0,0,0,0,0,0,0,-0.728884,0,0,0,0,0,0,0,0,0,0,0,0,0,0,0,0.87286,0,0,0,0,1,0,0,0.519821,0,0,-0.589016,0,1,0,0,0,0,1,0,0,0,0,0,0,0,0,0,0,0,0,1,0,0,0,0,0,0,0,0,0,0,0,0,0,0,0,0,0,0,0,0,0,0,0,-0.572564,0,0,-0.32387,0,0,0,0,0,0,0,0,0,0,0,1
0,0,0,0,0,0,0,-0.634248,0,0,0,0,0,0,0,0,-0.637274,0,0,0,0,0,0,0,0,0,0,0,0,0,0,0,0.74769,1,0,0,0,0,0,0,1.502399,0,0,-0.532769,0,0,0,0,0,0,0,0,0,0,0,0,0,0,0,0,0,0,0,0,0,0,0,0,0,0,0,0,0,0,0,0,0,0,0,0,0,0,0,0,0,0,0,-0.577108,0,0,-0.831982,0,0,0,0,0,0,0,0,0,0,1,1
0,0,0,0,0,0,0,-0.714579,0,0,0,0,0,0,0,0,-0.701993,0,0,0,0,0,0,0,0,0,0,0,0,0,0,0,0.81321,0,0,0,0,0,0,0,1.167138,0,0,-0.562458,0,0,0,0,0,0,0,0,0,0,0,0,0,0,0,0,0,0,0,0,0,0,0,0,0,0,0,0,0,0,0,0,0,0,0,0,0,0,0,1,0,0,0,-0.847822,0,0,-0.625303,0,0,0,0,0,0,0,0,0,0,0,1
0,0,0,0,0,0,0,-0.775376,0,0,0,0,0,0,0,0,-0.694617,0,0,0,0,0,0,0,0,0,0,0,0,0,0,0,1.57698,3,0,0,0,0,0,0,0.458469,0,0,-0.786096,0,0,0,0,0,0,0,0,0,0,0,0,0,0,0,0,0,0,1,0,0,1,0,0,0,0,0,0,1,0,0,0,0,0,0,0,0,0,0,0,0,0,0,-0.5945,0,0,-0.451559,0,0,0,0,0,1,0,0,0,0,1,1
0,0,0,1,0,0,0,-0.575715,0,0,0,0,0,0,0,0,-0.768693,0,0,1,0,0,0,0,0,0,0,1,0,0,0,0,1.17148,6,0,0,0,0,0,0,0.989956,0,0,-0.696638,0,1,0,0,0,0,0,0,0,0,0,0,0,0,0,0,0,0,0,1,0,0,0,0,0,0,0,0,0,0,0,0,0,0,0,0,0,0,0,0,0,0,0,-0.677688,0,0,-0.699908,0,0,0,0,0,0,0,0,0,0,1,1
0,0,0,0,0,0,0,-0.701998,0,0,0,0,0,0,0,0,-0.666349,0,0,0,0,0,0,0,0,0,0,0,0,0,0,0,1.38181,1,0,0,0,0,0,0,0.867326,0,0,-0.7747,0,0,0,0,0,0,0,0,0,0,0,0,0,0,0,0,0,0,0,0,0,1,0,0,0,1,0,0,0,0,0,0,0,0,0,0,0,0,0,0,0,0,0,-0.698872,0,1,-0.627463,0,0,0,0,0,0,0,0,0,0,1,1
0,0,0,0,0,0,0,-0.692649,0,0,0,0,0,0,0,0,-0.420545,0,1,0,0,0,0,0,0,0,0,0,0,0,0,0,1.14345,0,0,0,0,0,0,0,0.738857,0,0,-0.706248,0,0,0,0,0,0,0,0,0,0,1,0,0,0,0,0,0,0,0,0,1,0,0,0,0,0,0,0,0,0,0,0,0,0,0,0,0,1,0,0,0,0,0,-0.911859,0,0,-0.539307,0,0,0,0,0,1,0,0,0,0,1,1
0,0,0,0,0,0,0,-0.811072,0,0,0,0,0,0,0,0,-0.69878,0,0,0,0,0,0,0,0,0,0,0,0,0,0,0,1.02839,0,0,0,0,0,0,0,0.712496,0,0,-0.672129,0,0,0,0,0,0,0,0,0,0,0,0,0,0,0,0,0,0,0,0,0,0,1,0,0,0,0,0,0,0,0,0,0,0,0,0,0,0,1,0,0,0,0,-0.704881,0,0,-0.726652,0,0,0,0,1,0,0,0,1,0,0,1
0,0,0,0,0,0,0,-0.773597,0,0,0,0,0,0,0,0,-0.599365,0,0,0,0,0,0,0,0,0,0,0,0,0,0,0,0.83369,1,0,0,0,0,0,0,0.592835,0,0,-0.560171,0,0,0,0,0,0,0,0,0,0,0,1,0,0,0,0,0,0,0,0,0,0,0,0,0,0,0,0,0,0,0,0,0,0,0,0,0,0,0,0,0,0,0,-0.561003,0,0,-0.709168,0,0,0,0,0,0,0,0,0,0,1,1
0,0,0,0,0,0,0,-0.643312,0,0,0,0,0,0,0,0,-0.712143,0,0,0,0,0,0,0,0,0,0,0,0,0,0,0,0.57658,1,0,0,0,0,0,0,0.54188,0,0,-0.422028,0,0,0,0,0,0,0,0,0,0,0,0,0,0,0,0,0,0,0,0,0,0,0,0,0,0,0,0,0,0,0,0,0,0,0,0,0,0,0,0,0,0,0,-0.705938,0,0,-0.80431,0,0,0,0,0,0,0,0,0,0,0,1
0,0,0,0,0,0,0,-0.700866,0,1,0,0,0,0,0,0,-0.731826,0,1,0,0,0,0,0,0,0,0,0,0,0,0,0,2.03562,2,0,0,0,0,0,0,1.257142,0,0,-0.824814,0,0,1,0,1,0,0,0,0,0,0,0,0,0,0,0,0,0,0,0,0,0,0,0,0,0,0,0,0,0,0,0,0,0,0,0,0,0,0,0,0,0,0,-0.790232,0,0,-0.569281,0,1,0,0,0,0,0,0,0,1,1,1
0,0,0,0,0,0,0,-0.727364,0,0,0,0,0,0,0,0,-0.740696,0,0,0,1,0,0,0,0,0,0,0,0,0,0,0,1.21612,0,0,0,0,0,0,0,0.713167,0,0,-0.712135,0,0,0,0,0,0,0,0,0,0,0,0,0,0,0,0,0,0,0,0,0,0,0,0,0,0,0,0,0,0,0,0,0,0,0,0,0,0,0,0,0,0,0,-0.709593,0,0,-0.780573,0,0,0,0,0,1,0,0,0,0,1,1
0,0,0,0,0,0,0,-0.742987,0,0,0,0,0,0,0,0,-0.640837,0,0,0,0,0,0,0,0,0,0,0,0,0,0,0,0.95314,0,0,0,0,0,0,0,0.72699,0,0,-0.543236,0,0,0,0,0,0,0,0,0,0,0,0,0,0,0,0,0,0,0,0,0,0,0,0,0,0,0,0,0,0,0,0,0,0,0,0,0,0,0,1,0,0,0,-0.689862,0,0,-0.66492,0,0,0,0,0,0,0,1,0,0,0,1
0,0,0,0,0,0,0,-0.450714,0,0,0,0,0,0,0,0,-0.607323,0,0,0,0,0,0,0,0,0,0,0,0,0,1,0,0.84806,0,0,0,0,0,0,0,0.477597,0,0,-0.624497,0,0,0,0,0,0,0,0,0,0,0,0,0,0,0,0,0,0,0,1,0,0,0,0,0,0,0,0,0,0,0,0,0,0,0,0,0,0,1,0,0,0,0,-0.574908,0,0,-0.675756,0,0,0,0,0,0,0,0,0,0,0,1
0,0,0,0,0,0,0,-0.844762,0,0,0,0,0,0,0,0,-0.631181,0,0,0,1,0,0,0,0,0,0,0,0,0,0,0,1.3634,1,0,0,0,0,0,0,0.844619,0,0,-0.755669,0,0,0,0,0,0,0,0,0,0,0,0,0,1,0,0,1,0,0,0,0,0,0,0,0,0,0,0,0,0,0,0,0,0,0,0,0,0,0,0,0,0,0,-0.656906,0,0,-0.475795,0,0,0,0,0,1,0,0,0,0,1,1
0,0,0,0,0,0,0,-0.591752,0,0,0,0,0,0,0,0,-0.594864,0,0,0,0,0,0,0,0,0,0,0,0,0,0,0,0.78533,2,0,0,0,0,0,0,1.198498,0,0,-0.662818,0,0,0,0,0,0,0,0,0,0,0,0,0,0,0,0,0,0,0,0,0,0,0,0,0,0,0,0,0,0,0,0,0,0,0,0,0,0,0,0,0,0,0,-0.60512,0,0,-0.529443,0,0,0,0,0,0,0,0,0,0,1,1
0,0,0,0,0,0,0,-0.578904,0,0,0,0,0,0,0,0,-0.717562,0,0,0,0,0,0,0,0,0,0,0,0,0,1,0,1.29034,1,0,0,0,0,0,0,0.600405,0,0,-0.681023,0,0,0,0,0,0,0,0,0,0,0,0,0,0,0,0,0,0,0,0,0,0,0,0,0,0,1,0,0,0,0,0,0,0,0,1,0,0,0,1,0,0,0,-0.788656,0,0,-0.654929,0,0,0,0,0,0,0,0,0,0,0,1
0,0,0,0,0,0,0,-0.717137,0,0,0,0,0,0,0,0,-0.649682,0,0,0,0,0,0,0,0,0,0,0,0,0,0,0,1.17431,2,0,0,0,1,0,0,1.753578,0,0,-0.690489,0,0,0,0,0,0,0,0,0,0,0,0,0,0,0,0,0,0,0,0,0,0,0,0,0,0,0,0,0,0,0,0,0,0,0,0,0,0,0,0,0,0,0,-0.419363,0,0,-0.73841,0,0,0,0,1,0,0,0,1,0,1,1
0,0,0,0,0,0,0,-0.583979,0,0,0,0,0,0,0,0,-0.685489,0,0,0,0,0,0,0,0,0,0,0,0,0,1,0,1.24631,3,0,0,0,0,0,0,1.854036,0,0,-0.724226,0,1,0,0,0,0,0,0,0,0,1,0,0,0,0,0,0,0,0,0,0,0,0,0,0,1,0,0,0,0,0,0,0,0,0,1,0,1,0,1,0,0,0,-0.641384,0,0,-0.61415,0,0,0,0,0,0,0,0,0,0,1,1
0,0,0,0,0,0,0,-0.608873,0,0,0,0,0,0,0,0,-0.690504,0,0,0,0,0,0,0,0,0,0,0,0,0,0,0,1.12733,1,0,0,0,0,0,0,0.616466,0,0,-0.739298,0,0,0,0,0,0,0,0,0,0,0,0,0,0,0,0,0,0,0,1,0,0,0,0,0,0,0,0,0,0,0,0,0,0,0,0,0,0,0,0,0,0,0,-0.745409,0,0,-0.825132,0,0,0,0,0,0,0,0,1,0,1,1
0,0,0,0,0,0,0,-0.772149,0,0,0,0,0,0,0,0,-0.6085,0,0,0,0,0,0,0,0,0,0,0,0,0,0,0,1.32563,0,0,0,0,0,0,0,0.918122,0,0,-0.720305,0,0,0,0,0,0,0,0,0,0,0,0,0,0,0,0,0,0,0,1,0,0,0,0,0,0,0,0,0,0,0,0,0,0,0,0,0,0,0,0,0,0,0,-0.454366,0,0,-0.665896,0,0,0,0,0,0,0,0,0,1,0,1
0,0,0,1,0,0,0,-0.728862,0,0,0,0,0,0,0,0,-0.667414,0,0,0,0,0,0,0,0,0,0,0,0,0,1,0,0.82577,3,0,0,0,0,0,0,2.91541,0,0,-0.52526,0,0,0,0,0,0,0,0,0,0,0,0,0,0,0,0,0,0,0,0,0,0,0,0,0,0,0,0,0,0,0,0,0,0,0,0,0,0,0,0,0,0,0,-0.734735,0,0,-0.856504,0,0,0,0,0,0,0,0,0,0,1,1
0,0,0,0,0,0,0,-0.763483,0,0,0,0,0,0,0,0,-0.60579,0,0,0,0,0,0,0,0,0,0,0,0,0,0,0,1.71155,2,0,0,0,0,0,0,0.608117,0,0,-0.81027,0,0,0,0,0,0,0,0,0,0,0,1,0,0,0,0,0,0,0,0,1,0,0,0,0,0,0,0,0,0,0,0,0,0,0,0,0,0,0,0,0,0,0,-0.746401,0,0,-0.737371,0,0,0,0,1,0,0,0,0,0,1,1
0,0,0,0,0,0,0,-0.58594,0,0,0,0,0,0,0,0,-0.648714,0,0,0,0,0,0,0,0,0,0,0,0,0,0,0,0.52871,0,0,0,0,0,0,0,0.551993,0,0,-0.329266,0,0,0,0,0,0,0,0,0,0,0,1,0,0,0,0,0,0,0,0,1,0,0,0,0,0,0,0,1,0,0,0,0,0,0,0,0,0,0,0,0,0,0,-0.723818,0,0,-0.736938,0,0,0,0,0,1,0,0,0,0,0,1
0,0,0,0,0,0,0,-0.84918,0,0,0,0,0,0,0,1,-0.712616,0,0,0,0,0,0,0,0,0,0,0,0,0,0,0,0.83468,0,0,0,0,0,0,0,1.141593,0,0,-0.61294,0,0,0,0,0,0,0,0,0,0,1,0,0,0,0,0,0,0,0,1,0,0,0,0,0,0,0,0,0,0,0,0,0,0,0,0,0,0,0,0,0,0,0,-0.591853,0,0,-0.681933,0,0,0,0,0,0,0,0,0,0,1,1
0,0,0,0,0,0,0,-0.674819,0,0,0,0,0,0,0,0,-0.641318,0,0,0,0,0,0,0,0,0,0,0,0,0,0,0,0.71665,1,0,0,0,0,0,0,1.436256,0,0,-0.634872,0,0,0,0,0,0,0,0,0,0,0,0,0,0,0,0,0,0,0,0,0,0,0,0,0,0,0,0,0,0,0,0,0,0,0,0,0,0,0,0,0,0,0,-0.64196,0,0,-0.534017,0,0,0,0,0,0,0,0,0,0,1,1
0,0,0,0,0,0,0,-0.68926,0,0,0,0,0,0,0,0,-0.646024,0,0,0,0,0,0,0,0,0,0,0,0,0,0,0,0.6917,0,0,0,0,0,0,0,0.765072,0,0,-0.421832,0,0,0,0,0,0,0,0,0,0,0,0,0,0,0,0,0,0,0,0,0,0,0,0,0,0,0,0,0,0,0,0,0,0,0,0,0,0,0,0,0,0,0,-0.582254,0,0,-0.18564,0,0,0,0,0,0,0,0,0,0,0,1
0,0,0,0,0,0,1,-0.737301,0,0,0,0,0,0,0,0,-0.439601,0,0,0,0,0,0,0,0,0,0,0,0,0,0,1,1.18157,7,0,0,0,0,0,0,1.714135,0,0,-0.704754,1,0,0,0,0,0,0,0,0,0,0,0,0,0,0,0,0,0,0,0,0,0,0,0,0,0,0,0,0,0,0,1,0,0,0,0,0,0,0,0,0,0,0,-0.366672,0,0,-0.747847,0,0,0,0,0,0,1,0,0,0,1,1
0,0,0,0,0,0,0,-0.783459,0,0,0,0,0,0,0,0,-0.584454,0,0,0,0,0,0,0,0,0,0,0,0,0,0,0,0.8237,1,0,0,0,0,0,0,0.840743,0,0,-0.570985,0,0,0,0,0,0,0,0,0,0,0,0,0,0,0,0,0,0,0,0,0,0,0,0,0,1,0,0,0,0,0,0,0,0,0,0,0,0,0,0,0,0,0,-0.646641,0,0,-0.712068,0,0,0,0,0,1,0,0,0,0,0,1
0,0,0,0,0,0,0,-0.539887,0,1,0,0,0,0,0,0,-0.719831,0,0,0,1,0,0,0,0,0,0,0,0,0,0,0,1.33702,2,0,0,0,0,0,0,1.202342,0,0,-0.695139,0,0,0,0,0,0,0,0,0,0,0,0,0,0,0,0,1,0,0,0,0,0,0,0,0,0,1,0,0,0,0,0,0,0,0,0,0,0,0,0,0,0,0,-0.642988,0,0,-0.714586,0,0,0,0,0,0,0,0,0,0,1,1
0,0,0,0,0,0,0,-0.757818,0,0,0,0,0,0,0,0,-0.761375,0,0,0,1,0,0,0,0,0,0,0,0,0,0,0,0.90839,1,0,0,0,0,0,0,0.668874,0,0,-0.61615,0,0,0,0,0,0,0,0,0,0,0,0,0,0,0,0,0,0,0,0,0,0,0,0,0,0,0,0,0,0,0,0,0,0,0,1,0,0,0,0,0,0,0,-0.648656,0,0,-0.675654,0,0,0,0,0,0,0,0,0,0,0,1
0,0,0,0,0,0,0,-0.815282,0,0,0,0,1,1,0,0,-0.631596,0,0,0,0,0,0,0,0,0,0,0,0,0,0,0,0.91335,2,0,1,0,0,0,0,2.046621,0,0,-0.655661,0,0,0,0,0,0,0,0,0,0,0,0,0,0,0,0,0,0,0,0,0,0,0,0,0,0,0,0,0,0,0,0,0,0,0,0,0,0,0,0,0,0,0,-0.774975,0,0,5.747457,0,0,0,1,0,0,0,0,0,0,1,1
0,0,0,0,0,0,0,-0.516798,0,0,0,0,1,0,0,0,-0.719787,0,0,0,0,0,0,0,0,0,0,0,0,0,0,0,1.18812,0,0,0,0,0,0,0,1.144443,0,0,-0.705224,0,0,0,0,0,0,0,0,0,0,0,0,0,0,0,0,0,0,0,0,0,1,0,0,0,0,0,0,0,0,0,0,0,0,0,0,0,0,0,0,0,0,0,-0.591733,0,0,-0.556592,0,0,0,0,0,0,0,0,0,1,0,1
0,0,0,0,1,0,0,-0.650536,0,0,1,0,0,0,0,0,-0.637272,0,0,0,0,0,0,0,0,0,0,0,0,0,1,0,0.6779,0,0,0,0,0,0,0,1.991618,0,0,-0.536958,0,0,0,0,0,0,0,0,0,0,0,0,0,0,0,0,0,0,0,0,0,0,1,0,0,0,0,0,0,0,0,1,0,0,0,0,0,0,0,0,0,0,0,-0.645384,0,0,-0.553023,0,0,0,0,0,0,0,0,0,0,0,1
0,0,0,0,0,0,0,-0.630667,0,0,0,0,0,0,0,0,-0.550682,0,0,0,0,0,0,0,0,0,0,0,0,0,0,0,0.80605,0,0,0,0,0,0,0,0.80673,0,0,-0.571223,0,0,0,0,0,0,0,0,0,0,0,0,0,0,0,0,0,0,0,0,1,0,0,0,0,0,0,0,0,0,0,0,0,0,0,1,0,0,0,0,0,0,0,-0.880229,0,0,-0.794302,0,0,0,0,0,1,0,0,0,0,0,1
0,0,0,0,0,0,0,-0.605663,0,0,0,0,0,0,0,0,-0.596426,0,0,0,0,0,0,0,0,0,0,0,0,0,0,0,0.67476,3,0,0,0,0,0,0,1.734546,0,0,-0.553295,0,0,0,0,0,0,0,0,0,0,0,0,0,0,0,0,0,0,0,0,0,0,0,0,0,0,0,0,1,0,0,0,0,0,0,0,0,0,0,0,0,0,0,-0.65732,0,0,-0.745883,0,0,0,0,0,0,0,0,0,0,1,1
0,0,0,0,0,0,0,-0.657325,0,0,0,0,0,0,0,0,-0.553795,0,0,0,0,0,0,0,0,0,0,0,0,0,0,0,0.6847,0,0,0,0,0,0,0,0.721211,0,0,-0.436638,0,0,0,0,0,0,0,0,0,0,0,0,0,0,0,0,0,0,0,0,0,0,0,0,0,0,0,0,0,0,0,0,0,0,0,0,0,0,0,0,0,0,0,-0.583313,0,0,-0.6354,0,0,0,0,0,0,0,0,0,0,0,1
0,0,0,0,0,0,0,-0.760412,0,0,0,0,0,0,0,0,-0.655335,0,0,0,0,0,0,0,0,0,0,0,0,0,0,0,1.09654,1,0,0,0,0,0,0,1.05188,0,0,-0.430615,0,0,0,0,0,0,0,0,0,0,0,0,0,0,0,0,0,0,0,0,0,0,0,0,0,0,0,0,0,0,0,0,0,0,0,0,0,0,0,0,0,0,0,-0.690165,0,0,-0.683606,0,0,0,0,0,0,0,1,0,0,1,1
0,0,0,0,0,0,0,-0.786125,0,0,0,0,0,0,0,0,-0.672968,0,0,0,1,0,0,0,0,0,0,0,0,0,0,0,1.46725,0,0,0,0,0,0,0,0.709662,0,0,-0.748303,0,0,0,0,0,0,0,0,0,0,0,0,0,0,0,0,0,0,0,0,0,0,0,0,0,0,0,0,0,0,0,0,0,0,0,0,0,0,0,0,0,0,0,-0.583604,0,0,-0.707362,0,0,0,0,0,0,0,0,0,1,0,1
0,0,0,0,0,0,0,-0.582996,0,0,0,0,0,0,0,0,-0.565548,0,0,0,0,0,0,0,0,0,0,0,0,0,0,0,1.05439,1,0,0,0,1,0,0,0.292715,0,0,-0.676138,0,0,0,0,0,0,0,0,0,0,0,0,0,0,0,0,0,0,0,0,0,0,0,0,0,0,1,0,0,0,0,0,0,0,0,0,0,0,0,0,0,0,0,-0.51944,0,0,-0.620635,0,0,0,0,0,1,0,0,0,0,0,1
0,0,0,0,0,0,0,-0.698969,0,0,0,0,0,0,0,0,-0.397217,0,0,0,0,0,0,0,0,0,0,0,0,0,0,0,0.87764,3,0,0,0,0,0,0,2.312967,0,0,-0.621716,0,0,0,0,0,0,0,0,0,0,0,0,0,0,0,0,0,0,0,0,0,0,0,0,0,0,0,0,0,0,0,0,0,0,0,0,0,1,0,0,0,0,0,-0.666823,0,0,-0.736583,0,0,0,0,0,0,0,0,0,0,1,1
0,0,0,0,0,0,0,-0.726053,0,0,0,0,0,0,0,0,-0.477388,0,0,0,0,0,0,0,0,0,0,0,0,0,0,0,0.62686,0,0,0,0,0,0,0,0.690666,0,0,-0.448592,0,0,0,0,0,0,0,0,0,0,0,0,0,0,0,0,0,0,0,0,0,0,0,0,0,0,0,0,0,0,0,0,0,0,0,0,0,0,0,1,0,0,0,-0.813604,0,0,-0.857143,0,0,0,0,0,0,0,0,0,0,0,1
0,0,0,1,0,0,0,-0.70602,0,0,0,0,0,0,0,1,-0.755037,0,0,1,0,1,0,0,0,0,0,0,0,0,0,0,1.72075,2,0,0,0,0,0,0,0.698771,0,0,-0.799636,0,0,0,0,0,0,0,0,0,0,0,0,0,0,0,0,0,0,0,0,0,0,0,0,0,0,0,0,0,0,0,0,0,0,0,1,0,0,0,0,0,0,0,-0.862481,0,0,-0.63175,0,0,0,0,0,0,0,0,0,1,1,1
0,0,0,0,0,0,0,-0.551794,0,0,0,0,0,0,0,0,-0.412242,0,0,0,1,0,0,0,0,0,0,0,0,0,0,0,1.24433,0,0,0,0,0,1,0,0.90392,0,0,-0.587822,0,0,0,0,0,0,0,0,0,0,0,1,0,0,0,0,0,0,0,1,0,0,0,0,0,0,0,0,0,0,0,0,0,0,0,0,0,0,0,0,0,0,0,-0.331011,0,0,-0.701801,0,0,0,0,0,0,0,0,0,0,1,1
0,0,0,0,0,0,0,-0.702823,0,0,0,0,0,0,0,0,-0.626768,0,0,0,0,0,1,0,1,0,0,0,0,0,0,0,3.82979,4,0,0,0,0,0,0,0.486239,0,0,-0.839294,0,0,0,0,0,0,1,0,0,0,0,0,0,0,0,0,0,0,0,0,0,0,0,0,0,0,0,0,0,0,0,0,0,0,0,0,0,0,0,0,0,0,0,-0.751586,0,0,-0.732733,0,0,0,0,0,0,0,0,0,0,1,1
0,0,0,0,0,0,0,-0.731227,0,0,0,0,0,0,0,0,-0.668595,1,0,0,0,0,0,0,0,0,0,0,0,0,0,0,1.27836,0,0,0,0,0,0,0,0.773454,0,0,-0.758929,0,0,0,0,0,0,0,0,0,0,1,0,0,0,0,0,1,0,0,0,0,0,0,1,0,0,0,0,0,0,0,0,0,0,0,0,0,0,0,0,0,0,0,-0.338012,0,0,-0.725434,0,0,0,0,0,0,0,0,0,0,0,1
0,0,0,0,0,0,0,-0.693401,0,0,0,0,0,0,0,0,-0.736333,0,0,0,0,0,0,0,0,0,0,0,0,0,0,0,0.57143,0,0,0,0,0,0,0,0.907368,0,0,-0.367731,0,0,0,0,0,0,1,0,0,0,0,0,0,0,0,0,0,0,0,0,0,0,0,0,0,0,0,0,0,0,0,0,0,0,0,0,0,0,0,0,0,0,0,-0.782699,0,0,-0.570375,0,0,0,0,0,0,0,0,0,0,0,1
0,0,0,0,0,0,0,-0.769583,0,0,0,0,0,0,0,0,-0.714536,0,0,0,0,0,0,0,0,0,0,0,0,0,0,0,1.73734,5,0,0,0,0,0,0,0.557764,0,0,-0.803131,0,0,0,0,0,0,0,0,0,0,0,0,0,0,0,0,0,0,0,0,0,0,0,0,0,0,0,0,0,0,0,0,0,0,0,0,0,0,0,0,0,0,1,-0.600659,0,0,-0.51989,0,0,0,0,0,0,0,0,0,1,1,1
0,0,0,0,0,0,0,-0.684363,0,0,0,0,0,0,0,0,-0.773,0,0,0,0,0,0,0,0,0,0,0,0,0,0,0,1.67845,3,0,0,0,0,0,0,0.559366,0,0,-0.798442,0,0,0,0,0,0,0,0,0,0,0,0,0,0,0,0,0,0,0,0,0,0,0,0,0,1,0,0,0,0,0,0,0,0,1,0,0,0,0,1,0,0,0,-0.691481,0,0,-0.712676,0,0,0,0,0,0,0,0,0,0,1,1
0,0,0,0,0,0,0,-0.447194,0,0,0,0,0,0,0,0,-0.706319,0,0,0,1,0,0,0,0,0,0,0,0,0,0,0,1.34503,4,0,0,0,0,0,0,1.554241,0,0,-0.749167,0,0,0,0,0,0,0,0,0,0,1,0,0,0,0,0,0,0,0,0,0,0,0,0,0,0,1,0,1,0,0,0,0,0,0,0,0,0,0,0,0,0,0,-0.572797,0,0,-0.427009,0,0,0,0,0,0,0,0,0,0,1,1
0,0,0,0,0,0,0,-0.623062,0,0,0,0,0,0,0,0,-0.698144,0,0,0,0,0,0,0,0,0,0,0,0,0,0,0,1.15413,0,0,0,0,0,0,0,0.374044,0,0,-0.691223,0,0,0,0,0,0,0,0,0,0,0,0,0,0,0,0,0,0,0,0,0,0,0,0,0,0,0,0,0,0,0,0,0,0,0,0,0,0,0,0,0,0,0,-0.591356,0,0,-0.811247,0,0,0,0,0,1,0,0,0,1,0,1
0,0,0,0,0,0,0,-0.624584,0,0,1,0,0,0,0,0,-0.68818,0,0,0,0,0,0,0,0,1,0,0,0,0,0,0,1.54847,0,0,0,0,0,0,0,1.230355,0,0,-0.810611,0,0,0,0,0,0,0,0,0,0,0,0,0,0,0,0,0,0,0,0,0,0,0,0,0,0,0,0,0,0,0,1,0,0,0,0,0,1,0,0,0,0,0,-0.723903,0,0,-0.769468,0,0,0,0,0,0,0,1,1,0,1,1
0,0,0,0,0,0,0,-0.684144,0,0,0,0,0,0,0,0,-0.648694,0,0,0,0,0,0,0,0,0,0,0,0,0,0,0,1.33968,6,0,0,0,0,0,0,1.753382,0,0,-0.768465,0,0,0,0,0,0,1,0,0,0,0,0,0,0,0,0,0,0,0,0,1,0,0,0,0,0,0,0,0,0,0,0,0,0,0,0,0,0,0,0,0,0,0,-0.579199,0,0,-0.68832,0,0,0,0,0,0,0,0,0,0,0,1
0,0,0,0,0,0,0,-0.651686,0,0,0,0,0,0,0,0,-0.647887,0,0,0,0,0,0,0,0,0,0,0,0,0,0,0,1.63555,0,0,0,0,0,0,0,0.537699,0,0,-0.807373,0,0,1,0,0,0,0,0,0,0,0,0,0,0,0,0,0,0,0,0,0,0,0,0,0,0,0,0,0,0,0,0,0,0,0,0,0,0,0,0,0,0,0,-0.586592,0,0,-0.657305,0,0,0,0,0,0,0,0,0,0,0,1
0,0,0,1,0,0,0,-0.767447,0,0,0,0,0,0,0,1,-0.813696,0,0,0,1,0,0,0,0,0,0,0,0,0,0,0,1.15216,4,0,0,0,0,0,0,0.755592,0,0,-0.583543,0,0,0,0,0,0,0,0,0,0,0,0,1,0,0,0,0,0,0,0,0,0,0,0,0,0,0,0,0,0,0,0,0,0,0,0,0,0,0,0,0,0,0,-0.338968,0,0,-0.688428,0,0,0,0,0,1,0,0,0,0,0,1
0,0,0,0,0,0,0,-0.656858,0,0,0,0,0,0,0,0,-0.520778,0,0,0,1,0,0,0,0,0,0,0,0,0,1,0,1.28766,3,0,0,0,0,0,0,1.383283,0,0,-0.744562,0,0,0,0,1,0,0,0,0,0,0,0,0,0,0,0,0,0,0,0,0,0,0,0,0,0,1,0,0,0,0,0,0,0,0,0,0,0,0,0,0,0,0,-0.530246,0,0,-0.696382,0,0,0,0,0,0,1,0,0,0,1,1
0,0,0,0,0,0,1,-0.8065,0,0,0,0,0,0,0,0,9.55422,0,0,0,0,0,0,0,0,0,0,0,0,0,0,0,1.11297,0,0,0,0,0,1,0,1.701799,0,0,-0.696735,0,0,0,0,0,0,0,0,0,0,0,0,0,0,1,0,1,0,0,1,1,0,0,0,0,0,0,0,0,0,0,0,0,0,0,0,0,0,0,0,0,0,0,-0.4038,0,0,-0.676835,0,0,0,0,0,0,0,1,0,0,0,1
0,0,0,0,0,0,0,-0.590931,0,0,0,0,0,0,0,0,-0.677261,0,0,0,0,0,0,0,0,0,0,0,0,0,0,0,1.03553,2,0,0,0,0,0,0,0.978121,0,0,-0.676783,0,0,0,0,0,0,0,0,0,0,0,0,0,0,0,0,0,0,0,0,0,0,0,0,0,0,0,0,0,0,0,0,0,0,0,0,0,0,0,0,0,0,0,-0.647033,0,0,-0.686654,0,0,0,0,0,0,0,0,0,0,0,1
0,0,0,1,0,0,0,-0.844666,0,0,0,0,0,0,0,0,-0.646227,0,0,0,0,0,0,0,0,0,0,0,0,0,0,0,1.67791,3,0,0,0,1,0,0,1.02887,0,0,-0.785259,0,0,0,0,0,0,0,0,0,0,1,0,0,0,0,0,0,0,0,0,0,0,0,0,0,0,0,0,0,0,0,0,0,0,0,0,0,1,0,0,0,0,0,-0.77073,0,0,-0.561512,0,0,0,0,0,0,0,0,0,0,1,1
0,0,0,0,0,0,0,-0.476321,0,0,0,0,0,0,0,0,-0.782444,0,0,0,0,0,0,0,0,0,0,0,0,0,0,0,1.03297,0,0,0,0,0,0,0,0.730198,0,0,-0.667784,0,0,0,0,0,0,0,0,0,0,0,0,0,0,0,0,0,0,0,0,0,0,1,0,0,0,0,0,0,0,0,0,0,0,0,0,0,1,0,0,0,0,0,-0.76274,0,0,-0.773275,0,0,0,0,0,0,0,0,0,1,1,1
0,0,0,0,0,0,0,-0.686764,0,0,0,0,0,0,0,0,-0.717681,1,0,0,1,0,0,0,1,0,0,0,0,0,0,0,1.15284,2,0,0,0,0,0,0,2.091861,0,0,-0.81196,0,0,1,0,0,0,0,0,0,0,0,0,0,0,0,0,0,0,0,0,1,0,0,0,0,0,0,0,0,0,0,0,0,0,0,0,0,0,0,1,0,0,0,-0.735824,0,0,-0.769191,0,0,0,0,0,0,0,0,0,0,1,1
0,0,0,0,0,0,0,-0.620149,0,0,0,0,1,0,0,0,-0.766532,0,0,0,0,0,0,0,0,0,0,0,0,0,0,0,0.70078,2,0,0,0,0,0,0,1.467502,0,0,-0.645018,0,0,0,0,0,0,0,0,0,0,0,0,1,0,1,0,0,0,0,0,0,0,0,0,0,0,0,0,0,1,0,0,0,0,0,0,0,0,0,0,0,0,0,-0.587143,0,1,-0.761597,0,0,0,0,0,0,1,0,0,0,0,1
0,0,0,1,0,0,0,-0.427915,0,0,0,0,0,0,0,0,-0.523691,0,0,0,0,0,0,0,0,0,0,0,0,0,0,0,1.08474,1,0,0,0,0,0,0,2.005826,0,0,-0.651256,0,0,0,0,0,0,0,0,0,0,0,1,1,0,0,0,0,0,0,0,0,0,0,0,0,0,0,0,0,0,0,0,0,0,0,0,0,0,0,0,0,0,0,-0.595495,0,0,-0.50808,0,1,0,0,0,0,0,0,0,1,0,1
0,0,0,0,0,0,0,-0.65846,0,0,0,0,0,0,0,0,8.002774,0,0,0,1,0,0,0,0,0,1,0,0,0,1,0,1.20026,2,0,0,0,0,0,0,1.316038,0,0,-0.703794,0,0,0,0,0,0,0,0,0,0,0,1,0,1,0,0,0,0,0,0,0,0,0,0,0,0,0,0,0,0,0,0,0,0,0,0,0,0,0,0,0,0,0,-0.657546,0,0,-0.73666,0,0,0,0,0,0,0,0,0,0,1,1
0,0,0,0,0,0,0,-0.739338,0,0,1,0,0,0,0,0,-0.73903,0,0,0,0,0,0,0,0,0,0,0,0,0,0,0,1.15482,2,0,0,0,0,0,0,1.085499,0,0,-0.705751,0,0,0,0,0,0,0,0,0,0,0,0,0,0,0,0,0,0,0,0,0,0,0,0,0,0,0,0,0,0,0,0,0,0,0,0,0,0,0,0,1,0,0,-0.681907,0,0,-0.599575,0,0,0,0,0,0,0,0,1,0,0,1
0,0,0,0,0,0,0,-0.542552,0,0,0,0,0,0,0,0,-0.721068,0,0,0,0,0,0,0,0,0,0,0,0,0,0,0,1.20014,4,0,0,0,0,0,0,1.040733,0,0,-0.713128,0,0,0,0,1,0,0,0,0,0,1,0,0,0,0,0,0,0,0,0,0,1,0,0,0,0,0,0,0,0,0,0,0,0,0,0,0,0,0,0,0,1,0,-0.5869,0,0,-0.638403,0,0,0,0,0,1,0,0,0,0,1,1
0,0,0,0,0,0,0,7.998452,0,0,0,0,0,0,0,0,-0.647547,0,0,0,0,0,0,0,0,0,0,0,0,0,0,0,0.96576,0,0,0,0,0,0,0,0.300172,0,0,-0.618851,0,0,0,0,0,0,0,0,0,0,0,0,0,0,0,0,0,0,0,0,0,0,0,0,0,0,0,0,0,0,0,0,0,0,0,0,0,0,0,0,0,0,0,-0.543002,0,0,-0.365898,0,0,0,0,0,0,0,0,0,0,0,1
0,0,0,0,0,0,0,-0.82053,0,0,0,0,0,0,0,0,-0.55677,0,0,0,0,0,0,0,0,0,0,0,0,0,0,0,0.99946,0,0,0,0,0,0,0,0.742112,0,0,-0.663807,0,0,0,0,0,0,0,0,0,0,0,0,0,0,0,0,0,0,0,0,0,0,0,0,0,0,0,0,0,0,0,0,0,0,0,0,0,0,1,0,0,0,0,-0.749616,0,0,-0.623547,0,0,0,0,0,0,0,0,0,0,0,1
0,0,0,0,0,0,0,-0.614282,0,0,0,0,0,0,0,0,-0.694074,1,0,0,0,0,0,0,0,0,0,0,0,0,0,0,0.83381,2,0,0,1,0,0,0,0.859002,0,0,-0.580251,0,0,0,0,0,0,0,0,0,0,0,0,0,0,0,0,0,0,0,0,0,0,0,0,0,0,0,0,1,0,0,0,0,0,0,0,0,0,0,0,0,0,0,-0.625558,0,0,-0.623282,0,0,0,0,0,0,0,0,0,0,0,1
0,0,0,0,0,0,0,-0.615219,0,0,0,0,0,0,0,0,-0.837251,0,0,0,0,0,0,0,0,0,0,0,0,0,0,0,1.23354,2,0,0,0,0,0,0,1.190396,1,0,-0.718897,0,0,0,0,0,0,0,0,0,0,0,1,0,0,0,0,0,0,0,1,0,0,0,0,0,0,0,0,1,0,0,0,0,0,0,0,0,0,0,0,0,0,0,-0.645961,0,0,-0.780102,0,0,0,0,0,0,0,1,0,0,1,1
0,0,0,0,0,0,1,-0.595142,0,0,0,0,0,0,0,0,-0.735823,0,0,0,1,0,0,0,0,0,0,0,0,0,0,0,1.39983,5,0,0,0,0,0,0,1.333685,0,0,-0.739501,0,0,0,0,0,0,0,0,0,0,0,0,0,1,0,0,0,0,0,0,0,1,0,0,0,0,0,0,0,0,0,0,0,0,0,0,0,0,0,0,0,0,0,-0.661764,0,0,-0.651579,0,0,0,0,0,0,0,0,0,0,0,1
0,0,0,0,0,0,0,-0.491492,0,0,0,0,0,0,0,0,-0.716409,0,0,0,0,0,0,0,0,0,0,0,0,0,0,0,1.42333,4,0,0,1,0,0,0,1.527821,0,0,-0.733209,0,0,0,0,0,0,0,0,1,0,0,0,0,0,0,1,0,0,0,0,0,0,0,0,0,0,0,0,0,0,0,0,0,0,0,0,0,0,0,0,0,0,0,-0.637563,0,0,-0.697135,0,0,0,0,0,0,0,0,0,0,1,1
0,0,0,0,0,0,0,-0.626579,1,0,0,0,0,0,0,0,-0.653279,0,0,0,0,0,0,0,0,1,0,0,0,0,0,0,1.78851,3,0,0,0,0,0,0,0.810712,0,0,-0.785315,0,0,0,0,0,0,0,0,0,0,0,0,0,1,0,0,0,0,0,0,0,0,0,0,0,0,0,0,0,0,0,0,0,0,0,0,0,0,0,0,0,0,0,-0.691399,0,0,-0.532955,0,0,0,0,0,1,0,0,0,0,1,1
0,0,0,0,0,0,0,-0.577693,0,0,0,0,0,0,0,0,-0.599395,0,0,0,0,0,0,1,0,0,0,0,0,0,0,0,1.15357,3,0,0,0,0,0,0,0.988219,0,0,-0.706848,0,0,0,0,0,0,0,0,0,0,0,0,0,0,0,0,0,0,0,0,0,0,0,0,0,0,0,0,0,0,0,0,0,0,0,0,0,0,0,0,0,0,0,-0.750993,0,0,-0.567023,0,0,0,0,0,0,0,0,0,0,1,1
0,0,0,0,1,0,0,-0.600734,0,0,0,0,0,0,0,0,-0.636711,0,0,0,0,0,0,0,0,0,0,0,0,0,1,0,1.61003,1,0,0,0,0,0,0,0.731447,0,0,-0.78929,0,0,0,0,0,0,0,0,0,0,0,0,0,0,0,0,0,0,0,0,0,0,0,0,0,0,0,0,0,0,0,0,0,0,0,0,0,0,0,0,0,0,0,-0.643973,0,0,-0.79901,0,0,0,0,0,0,0,0,1,0,1,1
0,0,0,0,0,0,0,-0.68531,0,0,0,0,0,0,0,0,-0.739626,0,0,1,0,0,0,0,0,0,0,0,0,0,0,0,1.73504,4,0,0,0,0,0,0,1.28415,0,0,-0.782886,0,0,0,0,0,0,0,0,0,0,0,0,0,0,0,0,0,0,0,0,0,0,0,0,0,0,0,0,0,0,0,0,0,1,0,0,0,0,0,0,0,0,0,-0.174866,0,0,-0.707033,0,0,0,0,0,0,0,0,0,0,1,1
0,0,0,0,0,1,0,-0.743547,1,0,0,0,0,0,0,0,-0.783487,0,0,0,0,0,0,0,0,0,0,0,0,0,1,0,0.69754,8,0,0,0,0,0,0,2.298599,0,0,-0.676988,0,0,0,0,0,0,0,0,0,1,0,1,0,0,0,0,0,0,0,0,1,0,0,0,0,0,0,0,0,0,0,0,0,0,0,0,0,0,0,0,0,0,0,-0.761144,0,0,-0.716988,0,0,0,0,0,0,0,1,0,1,1,1
0,0,0,0,0,0,0,-0.752205,0,0,0,0,0,0,0,0,-0.69909,0,0,0,0,0,0,0,0,0,0,0,0,0,0,0,1.47965,4,0,0,1,0,0,0,1.190653,0,0,-0.764944,0,0,0,0,0,0,0,0,0,0,0,0,0,0,0,0,0,0,1,0,0,0,0,0,0,0,1,0,0,0,0,0,0,0,0,0,0,0,0,1,0,0,0,-0.613186,0,0,-0.565888,0,0,0,0,0,0,0,0,0,0,1,1
0,0,0,0,0,0,0,-0.67181,0,0,0,0,0,0,0,0,-0.623363,0,0,0,0,0,0,0,0,0,1,0,0,0,0,0,0.96431,0,0,0,0,0,0,0,1.010958,0,0,-0.643763,0,0,0,0,0,0,0,0,0,0,0,1,0,0,0,0,0,0,0,0,0,0,0,0,0,0,0,0,0,0,0,0,0,0,0,0,0,0,0,0,0,0,0,-0.61389,0,0,-0.57401,0,0,0,0,0,0,0,0,1,0,0,1
0,0,0,0,0,0,0,-0.747033,0,0,0,0,0,0,0,1,-0.643362,0,0,0,0,0,0,0,0,0,0,0,0,0,0,0,1.3725,0,0,0,0,0,0,0,0.275868,0,0,-0.724169,0,0,0,0,0,0,0,0,0,0,0,0,0,0,0,0,0,0,0,0,0,0,0,0,0,0,0,0,0,0,0,0,0,0,0,0,0,0,0,0,0,0,0,-0.715829,0,0,-0.633429,0,0,0,0,0,0,0,0,0,0,0,1
0,0,0,0,0,0,0,-0.678119,0,0,0,0,0,0,0,0,-0.727089,0,0,1,0,0,0,0,0,0,0,0,0,0,0,0,0.57462,0,0,0,0,0,0,0,0.682326,0,0,-0.516057,0,0,0,0,0,0,0,0,0,0,0,0,0,0,0,0,0,0,0,0,0,1,0,0,0,0,0,0,0,0,0,0,0,0,0,0,0,0,0,0,0,0,0,-0.659943,0,0,-0.681903,0,0,0,0,1,0,0,0,1,0,0,1
0,0,0,0,0,1,0,-0.585244,0,0,0,0,0,0,0,0,-0.671111,0,0,0,0,0,0,0,0,0,0,0,0,0,0,0,1.53425,3,0,0,0,0,0,0,2.059344,0,0,-0.753829,0,0,0,0,1,0,0,0,0,0,0,0,0,0,0,1,0,0,0,0,0,0,0,0,0,0,0,0,0,0,0,0,0,0,0,0,0,0,1,0,0,0,0,-0.615231,0,0,-0.72907,0,0,0,0,0,0,0,0,0,0,0,1
0,0,0,0,0,0,0,-0.573981,0,0,0,0,0,0,0,0,-0.61267,0,0,0,0,0,0,0,0,0,0,0,0,0,0,0,1.05819,4,0,0,0,0,0,0,1.370562,0,0,-0.682786,0,0,0,0,0,0,0,0,0,0,0,0,0,0,0,0,0,0,0,0,1,0,0,0,0,0,0,0,0,0,0,0,0,0,0,0,0,1,0,0,0,0,0,-0.293103,0,0,-0.400003,0,0,0,0,0,0,0,0,0,0,1,1
0,0,0,1,0,0,0,-0.533298,0,0,0,0,0,0,0,0,-0.630544,0,0,0,0,0,0,0,0,0,0,0,0,0,1,0,1.148,6,0,0,0,0,0,0,2.075727,0,0,-0.713407,0,0,0,0,0,0,0,1,0,0,0,0,0,0,0,0,0,0,0,1,0,0,0,0,0,0,0,0,0,0,0,0,0,0,0,0,0,0,0,0,0,0,1,-0.580123,0,0,-0.761062,0,0,0,0,0,0,0,0,0,0,1,1
0,0,0,0,0,0,0,-0.358171,0,0,0,0,0,0,0,0,8.4994,0,0,0,0,0,0,0,0,0,0,0,0,0,1,1,1.12027,5,0,0,0,0,0,0,1.064589,1,1,-0.646049,1,0,0,0,0,0,0,0,0,0,0,0,1,0,0,1,1,0,0,0,0,0,0,0,0,0,0,0,0,1,0,0,0,0,0,0,1,0,0,0,0,1,0,-0.498462,0,0,-0.767315,0,0,0,0,0,0,1,0,0,0,1,1
0,0,0,0,0,0,0,-0.454318,0,0,0,0,0,0,0,0,-0.622021,0,0,0,0,0,0,0,0,0,0,0,0,0,0,0,0.73585,0,0,0,1,0,1,0,2.66677,0,0,-0.632554,0,0,0,0,0,0,0,0,0,0,0,0,0,0,0,0,0,0,0,0,1,0,0,0,0,0,0,0,0,0,0,0,0,0,0,0,0,1,0,0,0,0,0,-0.72904,0,0,-0.693581,0,0,0,0,0,0,0,0,0,0,0,1
0,0,0,1,0,0,0,-0.476529,0,0,0,1,0,0,0,0,-0.751045,0,0,0,0,0,0,0,0,0,0,0,0,0,0,0,1.20889,5,0,1,0,0,0,0,2.531824,0,0,-0.725939,0,0,0,0,0,0,0,0,0,0,0,0,0,0,0,0,0,0,0,0,0,0,0,0,0,0,0,0,0,0,0,0,0,0,0,0,0,0,0,0,0,0,0,-0.807027,0,0,-0.57626,0,0,0,0,0,1,0,0,0,0,1,1
0,0,0,0,0,0,0,-0.60188,0,0,0,0,0,0,0,0,-0.644229,0,0,0,1,0,0,0,0,0,0,0,0,0,0,0,0.84679,0,0,0,0,1,0,0,0.241756,0,0,-0.58697,0,0,0,0,0,0,0,0,0,0,0,0,0,0,0,0,0,0,0,0,0,0,0,0,0,1,0,0,1,0,0,0,0,0,0,0,0,0,0,0,0,0,0,-0.743068,0,0,-0.664559,0,0,0,0,0,0,0,0,1,0,0,1
0,0,0,0,0,0,0,-0.534173,0,0,0,0,0,0,0,0,-0.356542,0,1,0,0,0,0,0,0,0,0,0,0,0,0,0,0.85673,0,0,0,0,0,0,0,0.74895,0,0,-0.582381,0,0,0,0,0,0,0,0,0,0,0,0,0,0,0,0,0,0,0,0,0,0,0,0,0,0,0,0,0,0,0,0,0,0,0,0,0,0,0,0,0,0,0,-0.691002,0,0,-0.693737,0,0,0,0,0,0,0,0,0,1,1,1
0,0,0,0,0,0,0,-0.680071,0,0,0,0,0,0,0,0,-0.705021,0,0,0,0,0,0,0,0,0,0,0,0,0,0,0,0.51157,0,0,0,0,0,0,0,0.881767,0,0,-0.473924,0,0,0,0,0,0,0,0,0,0,0,0,0,1,0,0,0,0,0,0,1,0,0,0,0,0,0,0,0,0,0,0,0,0,0,0,0,0,0,0,0,0,0,-0.878021,0,0,-0.676357,0,0,0,0,0,0,0,0,0,1,0,1
0,0,0,0,0,0,0,-0.456054,0,0,0,0,0,0,0,0,-0.714427,0,0,0,0,0,0,0,0,0,0,0,0,0,0,0,0.59137,2,0,0,0,0,0,0,1.180212,0,0,0.021818,0,0,0,0,0,0,0,0,0,0,1,1,0,0,0,0,0,0,0,0,1,0,0,0,0,0,0,0,0,0,0,0,0,0,0,0,0,0,0,0,0,0,0,-0.823912,0,0,-0.651951,0,0,0,0,0,0,0,0,0,0,1,1
0,0,0,0,0,0,0,-0.581794,0,0,0,0,0,0,0,1,-0.440621,0,0,0,0,0,0,0,0,0,0,0,0,0,0,0,1.73914,4,0,0,0,0,0,0,1.268652,0,0,-0.808017,0,0,0,0,0,0,0,0,1,0,0,0,0,0,0,0,0,0,0,0,0,0,0,0,0,1,0,0,0,0,0,0,0,0,1,0,0,0,0,0,0,0,0,-0.820735,0,0,0.121189,0,0,0,0,0,0,0,0,0,0,1,1
0,0,0,0,0,0,0,-0.677155,0,0,0,0,0,0,0,1,-0.460948,0,1,0,0,0,0,0,0,0,0,0,0,0,1,0,1.07682,0,0,0,0,0,0,0,0.369615,0,0,-0.658376,0,0,0,0,0,0,0,0,0,0,0,0,0,0,0,0,0,0,0,0,0,0,0,0,0,0,0,0,0,0,0,0,0,0,0,0,0,0,0,0,0,0,0,-0.682997,0,0,-0.375622,0,0,0,0,0,0,0,0,0,0,0,1
0,0,0,0,0,0,0,-0.545922,0,0,0,0,0,0,0,0,-0.741117,0,0,0,0,0,0,0,0,0,0,0,0,0,0,0,0.70468,0,0,0,0,0,0,0,0.418512,0,0,-0.576233,0,0,0,0,0,0,0,0,0,0,0,0,0,0,0,0,0,0,0,1,0,0,0,0,0,0,0,0,0,0,0,0,0,0,0,0,0,0,0,0,0,0,0,-0.553592,0,0,-0.606946,0,0,0,0,0,0,0,0,1,0,0,1
0,0,0,0,0,0,0,-0.605807,0,0,0,0,0,0,0,0,-0.436993,0,0,0,0,0,0,0,0,0,0,0,0,0,0,0,1.64731,3,0,0,0,0,0,0,0.682973,0,0,-0.755249,0,0,0,0,0,0,0,0,0,0,0,1,0,0,0,0,0,0,0,0,0,0,0,0,0,0,0,0,0,0,0,0,0,0,0,0,0,0,0,0,0,0,0,-0.481969,0,0,-0.122591,0,0,0,0,0,0,0,0,0,0,1,1
0,0,0,0,0,0,0,-0.677174,0,0,0,0,0,0,0,0,-0.874397,0,0,0,1,0,0,0,0,0,0,0,0,0,0,0,0.8678,2,0,0,0,0,0,0,0.635642,0,0,-0.610274,0,0,0,0,0,0,0,0,0,0,0,0,0,0,0,0,0,0,0,0,0,0,0,0,1,0,0,0,0,0,0,0,0,0,0,0,0,0,0,0,0,0,0,-0.612954,0,0,-0.723327,0,0,0,0,0,0,0,0,0,0,0,1
0,0,0,0,0,0,0,-0.540944,1,0,1,1,0,0,0,0,-0.64209,0,0,1,0,0,0,0,0,0,0,0,0,0,1,0,0.66175,2,0,0,0,0,0,0,3.288907,0,0,-0.469562,0,1,0,0,0,0,0,0,0,0,0,0,0,1,0,0,0,0,0,0,0,0,0,0,0,0,0,0,0,0,0,0,0,0,0,0,0,0,0,0,0,0,0,-0.562396,0,0,-0.536995,0,0,0,0,0,0,0,0,0,0,1,1
0,0,0,0,0,0,0,-0.764781,0,0,0,0,0,0,0,0,-0.636557,0,0,0,0,0,0,0,0,0,0,0,0,0,1,0,1.28645,0,0,0,0,0,0,0,0.254915,0,0,-0.720233,0,0,0,0,0,0,0,0,0,0,0,0,0,0,0,0,0,0,0,0,0,0,0,0,0,0,0,0,1,0,0,0,0,0,0,0,0,0,0,0,0,0,0,-0.76832,0,0,-0.693142,0,0,0,0,0,0,0,0,0,0,0,1
0,0,0,0,0,0,0,-0.784361,0,0,0,0,0,0,0,0,-0.614922,0,0,0,0,1,0,0,0,0,0,0,0,0,0,0,1.21426,0,0,0,1,0,0,0,0.715671,0,0,-0.727198,0,0,0,0,0,0,0,0,0,0,0,0,0,0,0,0,0,0,0,0,0,0,0,0,0,0,0,0,0,0,0,0,0,0,0,0,0,0,0,0,0,0,0,-0.486826,0,0,-0.713107,0,0,0,0,0,0,0,0,0,0,1,1
0,0,0,0,0,0,0,-0.721861,0,0,1,0,0,0,0,1,-0.535413,0,0,0,0,0,0,0,0,1,0,0,0,0,0,0,1.20784,1,0,0,0,0,0,0,1.032914,0,0,-0.795941,0,0,0,0,0,0,0,0,0,0,0,0,0,0,1,0,0,0,0,0,0,0,0,0,0,0,0,0,0,0,0,0,0,0,0,0,0,0,0,0,0,0,0,-0.543821,0,0,-0.741356,0,1,0,0,0,0,0,0,0,0,0,1
0,0,0,0,0,0,0,-0.863947,0,0,0,0,0,0,0,0,-0.767183,0,0,0,0,0,0,0,0,0,1,0,0,0,0,0,1.32141,2,0,0,0,0,0,0,1.675124,0,0,-0.748458,0,0,0,0,0,0,0,0,0,0,0,0,0,0,0,0,0,0,0,0,0,0,0,0,0,0,0,0,0,0,0,0,0,0,0,0,0,1,0,1,0,0,0,-0.817627,0,0,-0.648503,0,0,0,0,0,1,0,0,0,0,1,1
0,0,0,0,0,0,0,-0.783245,0,1,0,0,0,0,0,0,-0.746208,0,0,0,0,0,0,0,0,0,0,0,0,0,0,0,1.47089,1,0,0,0,0,0,0,0.736845,0,0,-0.760438,0,0,0,0,0,0,0,0,0,0,0,0,0,0,0,0,0,0,0,0,0,0,0,0,0,0,0,0,0,0,0,0,0,0,1,0,0,0,0,0,0,0,0,-0.69258,0,0,-0.704728,0,0,0,0,0,0,0,0,0,0,1,1
0,0,0,0,0,0,0,-0.62295,0,0,0,0,0,0,0,0,-0.65242,0,0,0,0,0,0,0,0,0,0,0,0,0,0,0,1.05228,0,0,0,0,0,0,0,0.255224,0,0,-0.666859,0,0,0,0,0,0,0,0,0,0,0,0,0,0,0,0,0,0,0,0,0,0,0,0,0,0,0,0,0,0,0,0,0,0,0,0,0,0,0,0,0,0,0,-0.724303,0,0,-0.680604,0,0,0,0,0,0,0,0,0,0,0,1
0,0,0,0,0,0,0,-0.587882,0,0,0,0,0,0,0,0,-0.561503,0,0,0,0,0,0,0,0,0,0,0,0,0,0,0,1.00355,2,0,0,0,0,1,0,0.591229,0,0,-0.666703,0,0,0,0,1,0,0,0,0,0,0,0,0,0,0,0,0,0,0,0,0,1,0,0,0,0,0,0,0,0,0,0,0,0,0,0,0,0,0,0,0,0,0,-0.758757,0,0,-0.539743,0,0,0,0,0,0,0,0,1,0,1,1
0,0,0,0,0,0,0,-0.485822,0,0,0,0,0,0,0,0,-0.672482,0,0,0,0,0,0,0,0,0,0,0,0,0,0,0,1.03074,0,0,0,0,0,0,0,0.190972,0,0,-0.678423,0,0,0,0,0,0,0,0,0,0,0,0,0,1,0,0,0,0,0,0,1,1,0,0,0,0,0,0,0,0,0,0,0,0,0,0,0,0,0,0,0,0,0,-0.661283,0,0,-0.70822,0,0,0,0,0,0,0,0,0,0,0,1
0,0,0,0,0,0,0,8.42008,0,0,0,0,0,0,0,0,-0.76209,0,0,0,0,0,0,0,0,1,0,0,0,0,0,0,0.94866,0,0,0,0,0,0,0,0.234176,0,0,-0.629878,0,0,0,0,0,0,0,0,0,0,0,1,0,1,0,0,0,0,0,1,0,0,0,0,0,0,0,0,0,0,0,0,0,0,0,0,0,0,0,0,0,0,0,-0.655865,0,0,-0.702516,0,0,0,0,0,0,0,0,0,0,0,1
0,0,0,0,0,0,0,-0.692381,0,0,0,0,0,0,0,0,-0.748831,0,0,0,0,0,0,0,0,0,0,0,0,0,0,0,1.72656,3,0,0,0,0,0,0,0.921799,0,0,-0.781147,0,0,0,0,0,0,0,0,0,0,0,0,0,0,0,0,0,0,0,0,0,0,0,0,0,0,0,0,1,0,0,0,0,0,0,0,0,0,0,0,0,0,0,-0.60671,0,0,-0.718298,0,0,0,0,0,0,0,0,0,0,0,1
0,0,0,0,0,0,0,-0.574434,0,0,0,0,0,0,0,0,-0.717016,0,0,0,0,0,0,0,0,0,0,0,0,0,0,0,0.90676,0,0,0,0,0,0,0,0.41168,0,0,-0.734967,0,0,0,0,0,0,0,0,0,0,0,0,0,0,0,0,0,0,0,0,0,0,0,0,0,0,0,0,0,0,0,0,0,0,0,0,0,0,0,0,0,0,0,-0.757439,0,0,-0.547869,0,0,0,0,0,0,0,0,0,1,0,1
0,0,0,1,0,0,0,-0.698982,0,0,0,0,0,0,0,0,-0.58753,0,0,0,0,0,0,0,0,0,0,0,0,0,1,0,0.76811,2,0,0,0,0,0,0,1.670339,0,0,-0.552538,0,0,0,0,0,0,0,0,0,0,0,1,0,0,0,0,0,0,0,0,0,0,0,0,0,0,0,0,0,0,0,0,0,0,0,0,0,0,0,0,0,0,0,-0.625287,0,0,-0.547339,0,0,0,0,0,0,0,0,0,0,1,1
0,0,0,0,0,0,0,-0.802861,0,0,0,0,0,0,0,0,-0.790613,0,0,0,0,0,0,0,0,0,0,0,0,0,0,0,1.17412,0,0,0,0,0,1,0,0.764071,0,0,-0.748327,0,0,0,0,0,0,0,0,0,0,0,0,0,0,0,0,1,0,0,0,1,0,0,0,0,0,0,0,0,0,0,0,0,0,0,0,0,0,0,0,0,0,0,-0.757996,0,0,-0.666605,0,0,0,0,0,0,0,0,0,0,0,1
0,0,0,0,0,0,0,-0.697622,0,0,0,0,0,0,0,0,-0.471801,1,0,0,0,0,0,0,0,0,0,0,0,0,0,0,0.66362,0,0,0,0,1,0,0,0.913781,0,0,-0.478322,0,0,0,0,0,0,0,0,0,0,0,0,0,0,0,0,0,0,0,0,0,0,0,0,0,1,0,0,0,0,0,0,0,0,0,0,0,0,0,0,0,0,0,-0.775231,0,0,-0.35642,0,0,0,0,0,0,0,0,0,0,0,1
0,0,0,0,0,0,0,-0.510111,0,0,0,0,0,0,0,0,-0.776917,0,0,1,0,0,0,0,0,1,0,0,0,0,0,0,0.81183,0,0,0,0,0,0,0,1.161376,0,0,-0.593755,0,0,0,0,0,0,0,0,0,0,0,0,0,0,0,0,0,0,0,0,0,0,1,0,0,0,1,0,0,0,0,0,0,0,0,0,0,0,0,0,0,0,0,-0.796415,0,0,-0.549149,0,0,0,0,0,0,0,0,0,0,0,1
0,0,0,0,0,0,0,-0.832775,0,0,0,0,0,0,0,0,-0.582486,0,0,0,0,0,0,0,0,0,0,0,0,0,0,0,0.87591,2,0,0,0,0,0,0,1.713282,0,0,-0.554271,1,0,0,0,0,0,0,0,0,0,0,0,0,0,0,0,0,0,0,0,0,0,0,0,0,0,0,0,0,0,0,0,0,0,0,0,0,0,0,0,0,0,0,-0.683978,0,0,-0.71989,0,0,0,0,0,0,0,0,0,0,0,1
0,0,0,0,0,0,0,-0.680261,0,0,0,0,0,0,0,0,-0.670123,0,0,0,0,0,0,0,1,0,0,0,0,0,0,0,1.67264,3,0,0,1,0,0,0,1.167869,0,0,-0.793258,0,0,0,0,0,0,0,0,0,0,0,0,0,0,0,0,0,0,0,0,0,1,0,0,0,0,0,0,0,0,0,0,0,0,0,0,0,0,0,0,0,0,0,-0.485526,0,0,-0.517444,0,0,0,1,0,0,0,0,0,0,1,1
0,0,0,0,0,0,0,-0.589807,0,0,0,0,0,0,0,0,-0.771885,0,0,1,0,0,0,0,0,0,0,0,0,0,0,0,1.19927,0,0,0,0,0,0,0,0.265598,0,0,-0.731646,0,0,0,0,0,0,0,0,0,0,1,0,0,0,0,0,0,0,0,0,1,0,0,0,0,0,0,0,0,0,0,0,0,0,0,0,0,0,0,0,0,0,0,-0.656034,0,0,-0.495039,0,0,0,0,0,0,0,0,1,0,0,1
0,0,0,1,0,0,0,-0.687759,0,0,1,0,0,0,1,0,-0.627214,0,0,0,0,0,0,0,0,0,0,0,0,0,1,0,1.5483,0,0,0,0,0,0,0,0.771899,0,0,7.855177,0,0,0,0,0,0,0,0,0,0,0,0,0,0,0,0,0,0,0,0,0,0,0,0,0,1,0,0,0,0,0,1,0,0,0,1,0,0,0,0,0,0,0,-0.760126,0,0,-0.55223,0,0,0,0,0,0,0,0,0,0,0,1
0,0,0,0,0,0,0,-0.738591,0,0,0,0,0,0,0,1,-0.205655,0,0,0,0,0,0,0,0,0,0,0,0,0,0,0,0.55,1,0,0,0,0,0,0,1.378456,0,0,-0.360576,0,0,0,0,0,0,0,0,0,0,0,0,0,0,0,0,0,0,0,0,0,0,0,0,0,0,0,0,1,0,0,0,0,0,0,0,0,0,0,0,0,0,0,-0.434749,0,0,-0.622747,0,0,0,0,0,0,0,0,0,0,1,1
0,0,0,0,0,0,0,-0.676703,0,0,0,1,0,0,0,0,-0.676434,0,0,0,0,0,0,0,0,0,0,0,0,0,0,0,1.1369,6,0,1,0,0,0,0,2.111729,0,0,-0.697513,0,0,0,0,0,0,0,0,0,0,0,0,0,0,1,0,0,0,0,0,0,0,0,0,0,0,0,0,0,0,0,0,0,0,0,0,0,0,0,0,0,0,0,-0.603927,0,0,-0.716602,0,0,0,0,0,0,0,0,0,1,1,1
0,0,0,0,0,0,0,-0.648852,0,0,0,0,0,0,0,0,-0.679181,0,0,0,0,0,0,0,0,0,0,0,0,0,0,0,1.36235,3,0,0,0,0,0,0,1.324419,0,0,-0.74417,0,0,0,0,0,0,0,0,0,0,0,1,0,0,0,0,0,0,0,0,0,0,0,0,0,0,0,0,1,0,0,0,0,0,0,0,0,0,0,0,0,0,0,-0.731838,0,0,-0.594907,0,0,0,0,1,0,0,0,0,0,1,1
0,0,0,1,0,0,0,-0.750251,0,0,0,0,0,0,0,1,-0.771331,0,0,0,0,0,0,0,0,0,0,0,0,0,0,0,1.31051,4,0,0,0,0,0,0,2.290113,0,0,-0.735275,0,0,0,0,0,0,0,0,0,0,0,0,0,0,0,0,0,0,0,0,0,0,0,0,0,0,0,0,0,0,0,0,0,0,0,0,0,0,0,0,0,0,0,-0.585779,0,0,-0.421942,0,0,0,0,0,0,0,0,0,0,1,1
0,0,0,0,1,0,0,-0.403881,0,0,0,0,0,0,0,0,-0.736009,0,0,0,0,0,0,0,0,1,0,0,0,0,0,0,1.44845,1,0,0,0,0,1,0,0.56431,0,0,-0.759067,0,0,0,0,0,0,0,0,0,0,0,0,0,0,0,0,0,0,0,0,0,0,0,0,0,0,0,0,1,0,0,0,0,0,0,0,0,0,0,0,0,0,0,-0.622987,0,0,-0.656677,0,0,0,0,0,0,0,1,0,0,0,1
0,0,0,1,0,0,0,-0.720115,0,0,0,0,0,0,0,0,-0.622294,0,0,0,0,0,0,0,0,0,0,0,0,0,0,0,1.37028,3,0,0,0,1,0,0,2.04433,0,0,-0.752255,0,0,0,0,0,0,0,0,0,0,0,0,0,0,0,0,0,0,0,0,0,1,0,0,0,0,0,0,0,0,0,0,0,0,0,0,0,0,0,0,0,0,0,-0.63346,0,0,-0.603533,0,0,0,0,0,0,0,1,0,0,1,1
0,0,0,0,0,0,0,2.415506,0,1,0,0,0,0,0,0,-0.647746,0,0,1,0,0,0,0,0,0,0,0,0,0,0,0,1.2277,0,0,0,0,0,0,0,0.747254,0,0,-0.719101,0,1,0,0,0,0,0,0,0,0,0,0,0,0,0,0,0,0,0,0,0,0,1,0,0,0,0,0,0,0,0,0,0,0,0,0,0,0,0,0,0,0,0,-0.379847,0,0,-0.675279,0,0,0,0,0,0,0,0,0,0,0,1
0,0,0,0,0,0,0,-0.685439,0,0,0,0,0,0,0,1,-0.711669,0,0,0,0,0,0,0,0,0,0,0,0,0,0,0,1.14908,0,0,0,0,0,0,0,1.373277,0,0,-0.704716,0,0,0,0,0,0,0,0,0,0,0,0,0,0,0,0,0,0,0,0,0,0,0,0,0,0,0,0,0,0,0,0,0,0,0,0,0,0,0,1,0,0,0,-0.698694,0,0,-0.551445,0,0,0,0,0,0,0,0,0,0,0,1
0,0,0,0,0,0,0,-0.638336,1,0,0,0,0,0,0,0,-0.710467,0,0,0,0,0,0,0,0,0,0,0,0,0,0,0,0.76095,5,0,0,1,0,0,0,2.029298,0,0,-0.502692,0,0,0,0,0,0,0,0,0,0,0,0,0,0,0,0,0,1,0,0,1,0,0,0,0,0,0,0,0,0,0,0,0,1,0,0,0,0,0,0,0,0,0,-0.632438,0,0,-0.309432,0,0,0,0,0,0,0,0,0,0,1,1
0,0,0,0,0,0,0,0.432993,0,0,0,0,0,0,0,0,-0.721101,0,0,0,0,1,0,0,0,0,0,0,0,0,0,0,1.26709,1,0,0,0,0,0,0,1.016128,0,0,-0.718704,0,0,0,0,0,0,0,0,0,0,0,0,0,0,0,0,0,0,0,0,0,0,0,0,0,0,1,0,0,0,0,0,0,0,0,0,0,0,0,0,0,0,0,-0.571718,0,0,-0.569653,0,0,0,0,0,0,0,0,0,0,1,1
0,0,0,0,0,1,0,-0.637445,0,0,0,0,0,0,1,0,-0.760473,0,0,0,0,0,0,0,0,0,0,0,0,1,0,0,2.17702,7,0,0,0,0,0,0,1.316273,0,0,-0.842671,0,0,0,0,0,0,0,1,0,0,0,0,0,0,0,0,0,0,0,0,0,0,0,0,0,0,0,0,0,0,0,0,0,0,0,0,0,0,0,0,0,0,0,-0.657993,0,0,-0.537259,0,0,0,0,0,0,0,0,0,0,0,1
0,0,0,0,0,0,0,-0.657328,0,0,0,0,0,0,0,0,-0.613814,0,0,0,0,0,0,0,0,0,0,0,0,0,0,0,1.60661,4,0,0,0,0,0,0,1.422427,0,0,-0.790518,0,0,0,0,0,0,0,0,0,0,0,0,1,0,0,0,0,0,0,0,0,0,1,0,0,0,0,0,0,0,0,0,0,0,0,0,0,0,0,0,0,0,0,-0.732343,0,0,-0.62669,0,0,0,0,0,0,0,0,0,0,1,1
0,0,0,0,0,0,0,-0.706461,0,0,0,0,0,0,0,0,-0.748352,0,0,0,0,0,0,0,0,0,0,0,0,0,0,0,1.01099,0,0,0,0,1,0,0,0.410453,0,0,-0.623275,0,0,0,0,0,0,0,0,0,0,0,0,0,0,0,0,0,0,0,0,0,0,0,0,0,0,1,0,0,0,0,0,0,0,0,0,0,0,0,0,0,0,0,-0.459039,0,0,-0.325875,0,0,0,0,0,0,0,0,0,0,0,1
0,0,0,0,0,0,0,-0.749351,0,0,0,0,0,0,0,1,-0.633324,0,0,0,0,0,0,0,0,0,0,0,0,0,0,0,0.91736,3,0,0,0,0,0,0,0.507167,0,0,-0.597449,0,0,0,0,0,0,0,0,0,0,0,0,0,0,0,0,0,0,0,0,0,0,0,0,0,0,0,0,0,0,0,0,0,0,0,0,0,0,0,0,0,0,0,-0.698039,0,0,-0.819169,0,0,0,0,1,1,0,0,0,1,0,1
0,0,0,0,0,0,0,-0.723051,0,0,0,0,0,0,0,0,-0.803089,0,0,1,1,1,0,0,0,0,0,0,0,0,0,0,1.20187,1,0,0,0,0,0,0,0.783483,0,0,-0.714699,0,0,0,0,0,0,0,0,0,0,0,0,0,0,0,0,0,0,0,0,0,0,0,0,0,0,0,0,0,0,0,0,0,0,0,0,0,0,0,0,0,0,0,-0.670076,0,0,-0.747575,0,0,0,0,1,0,0,0,0,0,0,1
