V1,V6,V7,V9,V10,V11,V12,V13,V14,V15,V17,V18,V19,V20,V21,V22,V23,V24,V25,V26,V27,V30,V33,V34,V35,V36,V37,V38,V39,V40,V41,V42,V43,V45,V46,V47,V48,V53,V54,V55,V56,V57,V58,V59,V60,V63,V67,V70,V72,V74,V75,V76,V77,V78,V79,V80,V82,V83,V84,V86,V88,V91,V92,V93,V95,V97,V99,V100,V102,V103,V105,V106,V107,V108,V109,V110,V111,V112,V113,V114,V117,V118,V119,V120,V122,V123,V125,V126,V129,V130,V131,V132,V133,V134,V135,V137,V138,V139,V140,V141,V142,class,single_out
1,0,0,1,0,0,0,-0.682628,0,0,0,0,0,0,0,1,-0.678369,0,-1,0,1,1,1,0,0,0,1,0,0,0,0,-1,2.01919,6,-1,0,0,1,1,1,1.045166,0,0,-0.778504,1,0,0,-1,0,0,1,0,1,0,0,0,0,0,0,3,0,0,0,1,0,0,2,0,0,1,0,0,0,0,0,0,0,0,0,0,1,-3,0,-1,0,-2,0,-0.82612,0,1,-0.61303,-1,0,0,2,0,0,1,0,0,0,1,1
1,1,0,0,0,3,0,-0.514603,0,0,0,0,0,0,-3,0,-0.477543,-1,0,0,0,0,1,-1,0,0,0,0,0,-1,0,0,1.52983,1,0,1,-3,1,1,1,1.029542,-1,0,-0.851711,0,0,0,0,-2,0,0,0,0,-1,0,0,0,0,3,0,0,0,0,0,-2,2,0,1,0,0,0,0,0,0,0,0,0,2,0,0,1,1,0,0,0,0,0,-0.733333,0,0,-0.638947,0,0,0,0,0,0,1,0,1,0,1,1
1,1,0,1,-1,0,2,-0.556602,0,0,-1,0,0,0,0,1,-0.168036,0,0,0,0,0,0,0,0,0,0,0,3,2,0,0,1.81219,11,0,1,1,0,1,1,1.118201,3,0,-0.833116,0,0,-2,0,0,-2,0,0,0,-1,-2,1,0,0,3,0,0,0,0,2,0,-1,0,1,0,-1,0,0,-1,0,0,0,-4,0,0,1,0,0,0,0,0,0,0,-0.725428,0,0,-0.642282,0,0,0,0,1,0,0,0,1,0,1,1
0,0,0,0,0,2,2,-0.613904,0,0,0,1,2,0,1,1,-0.215352,0,0,0,0,0,0,3,0,0,0,0,0,0,1,0,0.88884,3,0,0,2,0,1,0,1.573316,0,0,-0.746922,0,0,-1,0,0,0,1,0,0,0,0,0,0,0,-1,1,0,0,1,0,0,0,0,0,-1,0,0,0,-1,0,0,0,0,2,0,0,0,1,0,0,0,0,0,-0.39246,0,0,-0.44092,0,0,0,0,0,0,0,1,0,2,1,1
0,1,0,1,0,0,1,-0.520052,0,0,0,0,1,-2,0,1,-0.851852,0,0,0,0,0,0,4,0,0,0,0,0,5,0,0,1.00899,6,0,0,0,0,-1,0,1.526677,0,0,-0.659298,0,0,-1,0,0,0,1,0,0,0,1,0,0,0,0,0,0,0,0,0,0,0,1,-1,4,0,0,1,3,0,0,0,0,1,1,1,0,0,0,0,0,0,0,-0.525925,0,0,-0.630536,3,0,-1,1,0,1,1,0,1,0,1,1
0,0,0,0,-1,0,0,3.252245,0,0,-1,1,-1,1,0,0,-0.874135,0,0,0,0,0,0,1,0,0,0,0,0,0,-1,0,1.10816,1,0,-1,-1,1,0,0,1.400135,1,0,-0.633484,-1,0,0,0,0,0,0,0,0,0,0,1,0,-1,0,0,0,0,0,0,0,1,0,0,3,0,1,-1,2,1,0,0,1,0,1,0,-1,0,0,0,0,0,-1,-0.580061,-1,0,-0.612903,0,0,0,0,0,0,0,0,0,0,1,1
0,0,1,-1,-1,0,1,-0.301914,-1,0,0,0,0,0,1,0,-0.654186,-1,0,-3,0,0,0,0,0,0,0,0,0,0,1,0,0.86858,0,0,0,0,-1,0,0,0.212121,2,0,-0.78263,0,1,0,0,0,0,0,0,0,0,0,2,-1,3,0,0,0,0,0,0,0,1,0,0,0,0,0,0,0,-4,0,0,0,1,0,0,0,0,0,0,0,1,0,-0.797852,0,-1,-0.780884,-1,0,2,0,1,0,1,1,0,1,0,1
0,0,-1,0,0,0,0,-0.625505,-2,0,-2,0,-1,0,-1,-1,-0.671954,0,0,0,-1,1,0,-1,0,1,0,0,0,-2,0,0,1.47232,7,0,0,0,0,0,0,0.976421,0,0,-0.636364,0,-2,0,0,0,-2,0,0,0,0,0,0,1,0,0,-1,1,-1,0,-1,0,1,-1,0,-1,1,-2,0,0,0,0,1,-4,0,0,0,0,0,0,0,0,0,0,-0.864554,0,1,-0.118562,0,0,0,1,0,0,0,0,-4,0,0,1
0,0,0,2,0,-3,0,-0.591707,0,0,-1,0,0,0,0,-3,-0.709837,0,0,2,0,0,1,1,0,0,0,0,-1,0,1,0,0.46464,8,0,1,0,0,0,0,0.212121,0,0,-0.636364,0,0,0,0,0,0,0,0,1,0,0,0,0,0,1,0,-1,-1,7,0,1,1,-3,0,0,0,0,0,0,0,0,0,0,4,1,0,0,0,1,0,0,0,0,-0.854787,-1,0,-0.696736,0,0,0,0,0,0,0,1,0,0,0,1
0,0,0,0,0,1,0,-0.705566,0,0,0,0,-1,0,0,-1,-0.703635,0,1,0,0,-1,0,0,0,0,-1,0,-1,-2,0,0,0.8167,2,0,0,0,0,0,0,0.25,0,0,-0.892397,0,0,0,0,0,1,0,0,-1,0,0,0,0,0,-1,0,1,0,0,1,2,0,0,0,2,0,1,0,-1,-1,0,0,0,0,0,0,0,0,0,1,0,0,0,-0.856704,0,0,-0.637623,4,0,0,3,0,0,0,-1,1,0,0,1
0,0,0,0,1,0,0,-0.390931,0,0,1,-2,0,-3,0,0,-0.733333,0,0,0,0,0,0,-1,0,0,-2,1,0,0,-1,0,0.57352,9,0,0,0,-2,1,0,0.266681,0,0,-0.630248,-1,0,0,0,1,0,0,0,0,0,0,0,0,0,0,0,0,0,1,0,0,1,-1,0,0,1,1,0,0,1,0,-1,0,-1,1,0,0,1,0,0,0,0,0,-0.716006,0,1,-0.099703,0,0,0,1,0,1,0,0,-1,1,0,1
0,0,1,1,-1,0,0,-0.178566,0,1,1,-1,1,0,0,0,-0.733333,0,0,0,0,0,0,-2,0,0,0,0,0,0,1,-1,0.65436,-16,0,0,0,-6,0,0,0.250488,-1,2,-0.638953,0,-1,0,0,0,0,-1,0,-2,2,-2,0,1,0,0,-2,0,0,2,0,3,0,-1,0,0,0,3,0,0,1,0,0,0,0,0,0,0,1,0,0,0,0,0,-0.698598,0,0,-0.674949,0,0,1,0,0,0,0,0,0,1,0,1
0,0,0,0,0,0,-1,-0.751911,0,0,3,0,0,0,-1,0,0.388497,0,0,3,1,0,0,0,1,0,0,0,0,2,1,0,1.68894,15,0,0,0,0,0,0,0.353709,-1,0,-0.761359,0,1,2,0,0,0,0,0,0,0,0,0,0,0,0,0,0,0,1,-1,0,3,0,0,1,0,0,0,0,-4,0,0,-1,0,0,0,0,0,0,-2,0,0,0,-0.648379,0,-1,-0.260794,0,0,0,0,0,0,0,1,0,-1,1,1
-1,2,0,0,0,-1,0,-0.746426,0,0,0,0,1,0,0,1,-0.538462,0,0,0,1,0,0,0,1,0,1,0,0,0,1,-1,1.65358,2,0,0,2,1,0,0,0.790456,-2,0,-0.748546,1,0,0,0,0,2,0,0,1,0,0,-1,0,0,0,2,0,0,1,-2,0,-1,0,0,1,0,0,0,0,0,0,1,0,2,0,0,-1,0,0,-1,0,0,-1,-0.770903,0,0,-0.501863,0,1,0,0,0,0,0,0,0,0,1,1
0,0,0,0,0,0,0,-0.820255,2,1,0,0,0,1,0,0,-0.538462,0,-1,-1,0,0,0,0,1,0,1,0,2,0,0,0,1.55721,1,0,0,2,0,0,0,0.837365,0,2,-0.792314,0,1,0,0,0,0,0,0,0,0,0,0,0,0,-1,-3,0,0,0,0,0,0,0,0,0,1,0,-1,-1,1,0,0,0,0,0,0,0,0,0,0,0,-1,0,-0.637882,0,0,-0.764427,0,0,0,0,0,1,0,1,0,0,1,1
0,0,0,0,0,0,0,-0.666667,0,0,0,0,-1,-1,0,1,-0.581393,0,0,1,1,0,0,0,-1,0,-1,0,2,0,0,0,0.698,3,-1,0,1,0,1,0,0.679265,0,0,-0.610619,0,-1,0,0,0,0,0,0,0,-1,0,0,0,1,0,1,-1,0,-1,0,0,0,0,0,0,0,-1,0,1,-3,0,0,0,0,0,0,0,0,0,0,0,0,0,-0.705512,0,0,-0.214383,0,0,0,0,0,-1,1,0,-1,1,1,1
1,0,0,1,0,0,0,-0.666667,2,1,1,0,0,-3,0,0,-0.712779,0,0,1,1,0,-1,0,0,0,0,0,1,0,0,1,1.48,2,0,0,1,3,1,0,0.321308,1,0,-0.386831,0,0,0,0,0,0,0,0,0,0,-1,0,-1,-1,0,0,-1,1,0,0,-2,2,-2,0,0,2,1,0,0,0,2,0,1,0,0,0,0,0,0,0,0,0,0,-0.320423,0,0,0.031953,0,0,0,0,1,0,0,2,0,1,1,1
-1,0,0,1,1,-1,1,-0.756333,0,0,0,0,0,0,0,0,-0.897827,0,1,-1,-1,-1,0,1,0,1,0,0,-2,0,1,2,0.92063,2,0,0,0,0,1,0,1.368125,0,-1,-0.625433,0,0,-2,0,0,0,0,-1,0,0,0,0,0,0,0,1,2,0,0,0,0,-2,0,0,0,0,1,-1,0,0,2,0,0,0,0,0,0,0,0,0,-1,2,0,-0.789262,0,0,-0.656621,0,0,0,0,3,0,-1,0,0,1,1,1
0,0,0,0,1,0,0,-0.886923,0,1,-2,1,0,0,0,0,-0.589406,0,1,2,0,0,-1,1,0,0,0,2,0,0,0,0,0.64828,1,0,0,0,0,0,0,1.967544,-1,0,-0.691936,0,0,1,0,0,0,0,0,-1,-1,0,0,0,-1,0,-1,0,-1,0,1,1,0,1,0,0,1,0,0,0,0,2,0,1,-1,0,0,0,0,1,0,0,-2,0,-0.908342,0,0,-0.655689,0,0,2,0,0,0,0,0,0,0,1,1
-4,0,0,0,0,0,0,0.130822,-1,0,1,0,1,1,0,0,-0.440964,0,0,0,1,1,0,-3,0,0,0,0,1,0,0,-1,0.65218,1,0,0,0,0,0,0,0.939225,0,-1,-0.687947,0,0,1,1,1,-1,-1,0,0,0,1,7,1,-1,0,0,0,0,0,0,1,0,1,-1,0,0,-2,0,0,1,0,0,0,0,0,1,0,0,0,0,0,0,0,-0.652705,0,0,-0.642528,0,0,0,0,0,0,-1,0,0,0,1,1
0,0,-1,0,0,-2,0,-0.626306,0,1,0,1,0,0,2,0,-0.906551,0,1,1,0,-2,0,0,0,0,-1,0,-2,0,-1,0,0.56067,4,0,0,0,1,0,-1,1.239973,0,0,-0.653476,2,0,-1,0,0,0,0,0,0,0,1,0,1,-2,0,0,0,-1,0,1,0,-1,1,0,0,0,0,-1,0,-1,0,0,0,2,0,0,0,0,1,1,0,0,0,-0.721184,0,0,-0.647059,0,0,2,0,0,0,0,0,0,0,1,1
0,0,0,0,0,0,0,-0.539343,-1,0,0,0,0,0,0,0,-0.794306,0,0,0,0,0,0,1,0,0,0,0,0,0,0,0,1.85051,8,0,0,0,1,-1,0,0.649637,0,1,0.965387,0,0,0,0,0,0,0,-1,0,0,0,0,1,0,0,0,0,-1,0,6,0,0,0,0,0,0,0,0,0,0,0,0,0,0,0,1,2,0,0,0,0,0,0,-0.7884,0,0,-0.277483,0,0,3,0,0,0,0,1,0,1,1,1
0,0,2,0,0,0,0,-0.436413,0,0,0,0,0,0,0,1,-0.427554,-1,0,0,0,0,0,0,2,0,0,0,0,0,3,1,3.96762,3,0,-1,1,1,-1,0,1.590053,0,1,4.906895,0,-2,0,2,0,0,0,0,0,0,0,0,1,0,-1,0,0,0,0,-2,0,0,1,0,3,0,0,2,0,0,0,0,0,0,0,1,0,0,0,0,0,0,1,-0.451025,0,0,-0.787845,0,1,0,0,0,0,0,1,0,-1,1,1
0,0,0,0,0,0,1,-0.720739,-1,0,0,0,1,1,0,0,-0.793897,0,0,0,0,-1,0,0,-1,0,0,1,0,3,0,0,1.76684,1,0,0,0,2,0,0,1.650287,0,0,-0.791401,4,0,0,0,0,2,-1,0,0,0,-1,1,0,1,1,0,0,0,0,-1,0,0,-2,1,0,0,0,0,0,0,2,1,0,0,-1,1,0,0,0,0,0,0,0,-0.692587,0,-2,-0.760109,0,0,0,1,0,0,0,0,0,0,1,1
0,0,-4,1,0,0,2,-0.615439,0,0,1,0,0,-1,-1,0,-0.602595,0,0,0,0,0,0,0,0,0,0,-1,0,0,0,0,0.89511,1,0,0,1,1,0,0,0.666667,0,-1,-0.565045,0,0,0,0,0,0,0,0,0,0,0,0,2,1,-2,0,0,0,-3,0,1,1,-1,0,0,0,4,0,0,1,0,0,2,0,0,0,0,0,0,0,0,0,0,-0.411747,0,-1,-0.398233,0,0,1,0,0,1,0,0,-1,0,0,1
0,0,0,1,0,0,0,-0.324974,0,0,-2,0,0,0,5,0,-0.635321,0,0,0,0,-1,-3,1,0,0,0,2,-1,2,0,1,0.51294,5,0,0,0,0,0,0,0.435629,2,0,-0.747367,0,0,0,0,0,1,0,0,0,0,0,0,-2,0,-1,0,0,0,0,1,0,1,0,0,0,0,0,0,0,-2,-1,0,0,0,0,0,0,0,0,0,0,0,0,-0.483323,0,0,-0.036201,0,0,0,0,0,1,0,0,-1,5,0,1
0,0,0,0,0,1,0,0.020262,0,0,0,0,-1,1,0,0,-0.89929,0,0,0,-1,0,0,0,1,0,0,0,0,-3,1,0,1.3406,0,0,-1,0,1,0,0,0.888061,-1,0,-0.728017,0,-1,0,-1,0,2,-1,0,0,1,0,1,2,0,0,0,0,0,0,1,-3,0,0,2,0,0,0,0,0,0,0,0,-1,2,1,0,1,0,0,0,0,0,0,-0.894953,0,0,-0.811116,0,0,0,0,0,1,-1,1,0,-5,0,1
0,0,0,1,0,0,0,-0.359465,0,0,0,0,-2,0,1,1,-0.825458,0,0,0,2,1,0,0,0,0,0,0,-3,0,0,-1,0.87387,2,0,-1,0,0,1,0,0.735264,0,0,-0.602,0,0,0,0,1,0,1,0,0,0,0,-1,1,0,-1,1,0,-2,0,0,0,3,0,0,0,1,0,0,-2,-1,0,0,0,1,0,0,0,0,0,-2,0,0,0,-0.646116,0,-1,-0.52,0,0,0,1,2,1,0,0,-1,2,1,1
1,-1,0,1,0,2,0,0.121686,2,0,0,0,0,0,0,0,-0.606276,0,0,0,0,0,-2,1,0,0,0,0,0,0,0,0,0.79648,2,0,-1,0,0,0,0,0.451773,0,1,-0.543726,0,0,0,0,0,-1,1,0,0,0,0,0,1,1,0,0,0,1,0,0,0,4,0,-1,-1,0,1,0,-1,0,2,0,0,0,0,0,-1,0,0,0,0,0,0,-0.883116,-1,0,-0.490751,0,0,-1,0,0,0,-1,1,0,0,1,1
0,0,0,1,-2,0,0,-0.651078,0,0,0,0,0,-1,0,2,-0.032324,0,-1,0,1,1,-1,0,0,0,0,0,-3,0,0,0,0.85714,5,0,1,0,0,0,0,0.655752,0,0,-0.50384,0,0,0,0,0,0,1,0,0,0,0,0,1,1,0,0,0,0,0,1,0,2,1,0,0,1,0,0,0,0,0,0,-1,0,0,0,0,1,0,0,0,0,0,-0.538462,-1,0,-0.648839,0,0,0,0,0,0,0,1,0,0,1,1
0,0,0,0,0,0,0,-0.848295,0,0,0,0,0,0,0,0,-0.325858,0,0,2,0,0,0,0,0,1,0,0,0,0,0,0,3.72289,4,0,0,1,0,2,0,1.9228,0,0,-0.819352,0,0,0,0,0,0,1,0,2,0,0,0,0,0,2,0,1,0,0,0,0,0,1,0,0,0,1,0,0,-2,0,0,1,1,0,0,0,2,0,0,0,0,-2,-0.634541,0,0,-0.818898,0,0,0,0,1,0,0,1,-1,0,1,1
0,0,2,1,-1,0,0,-0.73938,0,0,0,0,0,0,0,0,-0.76184,0,0,0,0,-1,0,0,0,0,0,0,2,0,0,0,0.5783,0,0,0,0,0,2,0,1.549399,0,0,-0.753429,0,1,0,1,1,0,1,0,0,0,0,2,2,0,0,0,0,0,0,0,0,0,1,0,0,0,0,3,0,0,3,0,0,0,0,0,0,0,0,0,0,0,0,-0.660822,0,0,-0.461026,2,0,0,0,1,0,0,0,0,0,1,1
1,3,0,-1,0,0,0,-0.678541,0,0,1,0,0,0,0,0,-0.736527,0,0,0,-1,0,0,0,0,0,0,3,0,2,0,0,1.65714,8,0,0,0,0,0,0,1.17241,2,0,-0.648236,0,-2,0,3,0,-1,0,0,3,0,0,1,0,0,-1,0,0,-1,-3,0,0,0,0,0,3,0,0,-1,-2,2,0,0,0,0,0,0,0,0,0,0,1,0,0,-0.690073,0,0,-0.671486,0,1,0,0,1,1,0,0,0,0,1,1
0,0,0,0,0,0,0,-0.605824,0,0,1,0,0,0,1,-2,-0.52,0,0,0,1,0,0,0,1,1,0,0,0,1,1,0,1.71429,3,0,0,0,0,0,0,0.678883,0,0,-0.216115,0,1,2,1,0,2,0,0,0,0,2,-3,2,0,0,0,0,0,-1,0,0,0,-1,0,0,0,1,1,-1,0,0,0,1,-1,0,1,0,0,0,0,0,0,0,-0.703956,0,0,-0.920775,0,0,0,0,0,0,0,0,1,0,1,1
0,1,1,1,0,0,1,-0.323371,0,0,1,0,0,0,0,0,-0.639226,0,1,0,1,-1,0,0,1,-1,0,0,1,0,0,0,1.38654,2,0,0,0,0,0,0,0.647982,0,1,-0.835326,0,1,1,1,0,1,0,0,0,0,0,1,1,-1,1,-2,0,0,0,0,0,0,0,-1,-1,0,0,0,-2,1,0,0,0,0,0,0,0,0,0,0,0,0,0,-0.842786,0,0,-0.52373,0,0,1,0,0,0,0,0,0,-1,1,1
0,0,0,0,0,0,0,0.318168,0,0,1,2,0,0,1,0,-0.50729,0,0,0,1,0,0,0,1,0,0,0,-2,1,1,-2,1.25555,3,0,0,1,0,0,1,0.65,0,0,-0.8,0,1,0,0,1,0,0,0,0,-1,0,1,0,0,-1,0,0,1,0,0,0,0,0,0,0,0,0,0,0,0,0,0,1,1,0,0,0,0,0,0,0,0,0,-0.824325,0,0,-0.743726,0,0,5,-1,0,-1,0,0,-2,0,1,1
0,0,0,0,0,0,0,-0.613865,-1,0,0,0,1,0,0,0,-0.547633,1,0,-2,1,0,0,0,0,0,0,0,0,0,-1,0,1.35963,2,0,0,-4,0,0,-1,0.563553,1,0,-0.692229,0,-1,0,0,0,0,0,0,0,0,-2,0,-1,1,0,0,0,0,3,0,0,0,-1,0,0,0,0,0,1,0,0,0,0,0,0,0,0,1,0,0,0,-1,0,-0.702781,-1,-1,-0.784584,0,-1,-1,-1,0,0,0,1,0,2,1,1
0,0,-1,1,0,0,0,-0.290264,0,0,0,0,0,0,2,0,-0.855849,0,0,-2,3,1,0,0,0,-1,0,2,-1,-1,0,0,1.3061,6,0,0,0,0,0,1,0.575,0,0,-0.70661,0,0,0,0,-1,0,0,0,0,-2,1,1,0,1,-1,0,0,0,0,0,1,0,0,-1,2,0,0,-1,0,0,0,-2,0,0,0,0,1,1,-1,0,0,0,0,-0.656419,1,0,-0.78475,-2,-1,0,-1,0,0,0,0,1,-1,1,1
0,0,0,0,0,0,0,-0.633318,0,0,-1,0,0,0,0,-1,-0.437679,0,2,0,1,0,0,0,0,0,0,0,0,0,0,-1,1.54646,2,0,-1,0,-1,0,0,1.103433,0,0,-0.665564,4,0,-1,0,0,1,0,0,0,0,1,0,0,1,0,0,0,0,3,0,0,0,1,0,0,0,0,0,1,0,0,0,1,0,1,0,0,1,0,1,0,1,0,-0.684211,0,0,-0.586368,0,0,1,0,0,0,0,1,1,0,1,1
0,0,3,0,0,0,0,-0.571429,0,0,0,0,2,-1,1,1,-0.657618,0,0,0,0,0,2,0,0,0,0,2,0,1,2,0,1.82857,5,0,0,0,0,0,-1,0.200064,2,-1,-0.8125,0,0,0,0,0,1,0,0,0,0,0,1,0,0,0,0,0,0,1,2,0,1,0,0,0,0,1,0,0,0,0,0,0,0,0,0,0,0,0,0,0,0,0,-0.728663,0,0,-0.701769,0,0,0,1,0,0,0,0,2,0,1,1
0,1,0,0,0,0,2,-0.61794,0,0,0,0,2,0,0,0,-0.744681,0,0,0,1,0,0,0,0,0,0,-1,0,2,1,0,0.97519,6,0,0,0,0,0,0,1.120317,0,0,-0.529262,-1,1,0,0,0,-1,0,0,0,0,0,1,0,0,2,0,0,0,0,1,1,1,0,-1,0,-1,1,0,0,0,-1,0,0,0,0,0,0,0,0,0,0,0,2,-0.556432,0,0,-0.680165,0,0,0,0,0,0,0,0,0,1,1,1
0,-1,0,1,1,0,0,-0.54954,0,0,1,0,0,0,1,1,-0.667418,0,-1,0,-1,0,0,0,0,0,0,0,0,1,0,0,1.22137,13,0,0,0,0,0,0,1.449697,0,0,-0.8125,0,0,0,0,-2,0,0,0,0,0,0,0,0,0,0,0,0,0,1,2,0,0,0,1,0,0,1,0,0,0,0,0,-1,0,0,-1,0,0,0,0,0,0,1,-0.222067,0,0,-0.671749,0,0,0,1,0,-1,0,0,0,0,1,1
1,0,0,1,0,0,1,-0.899021,0,0,0,0,0,4,0,0,-0.601025,0,-2,0,0,-1,0,1,0,0,0,0,0,-1,0,-1,1.7795,3,0,0,1,2,0,0,0.949443,0,0,-0.796883,1,0,0,0,0,0,0,-1,0,2,0,1,0,-1,5,0,0,0,-1,-1,0,1,0,0,0,0,-1,0,1,1,0,1,0,0,0,0,0,-1,0,2,0,1,0,-0.280106,0,-1,-0.549695,0,1,0,0,0,-1,0,0,0,0,0,1
0,0,-1,0,0,1,1,-0.773585,0,0,0,1,0,0,0,0,-0.900205,0,0,0,0,0,0,0,0,0,0,-1,-1,0,2,-4,0.49826,3,0,2,0,1,0,0,2.109531,0,3,-0.701525,0,1,1,0,0,1,0,0,0,1,0,0,-1,3,0,0,0,0,0,0,0,0,0,0,0,0,1,0,1,0,0,-1,0,4,0,0,0,0,0,0,0,1,0,-0.343577,0,0,-0.657143,0,0,0,0,0,1,1,1,0,1,0,1
0,1,0,1,0,1,-3,-0.790001,0,0,1,1,-2,0,0,0,-0.509921,0,0,0,1,1,0,0,0,0,0,0,0,1,0,1,1.75916,1,0,0,0,2,0,0,0.666084,1,0,-0.806898,1,1,0,0,0,-1,0,0,0,0,-1,0,0,0,0,2,0,0,0,0,0,1,0,0,0,0,0,0,2,0,0,0,1,2,0,1,0,-4,0,1,0,0,-1,-0.43261,0,0,-0.660609,0,0,0,0,-3,0,0,1,0,1,0,1
0,0,0,0,-2,1,0,-0.567244,0,0,0,0,0,0,0,2,-0.737774,0,0,0,-1,3,-1,0,0,-2,1,0,0,1,1,0,0.49795,1,0,1,-2,0,-1,1,0.674838,0,0,-0.393887,0,0,0,0,0,0,0,0,0,0,0,0,0,0,-1,0,1,0,0,0,0,0,1,-1,-1,-1,0,0,-1,0,3,0,0,0,0,1,0,0,0,0,0,0,0,-0.722405,0,0,-0.637678,0,0,0,-1,0,0,0,1,-1,0,0,1
-1,0,0,0,0,0,0,-0.578278,0,-1,-3,1,0,-1,0,0,-0.850072,0,0,0,-2,1,-1,0,0,0,1,0,0,0,1,0,1.69719,14,0,-1,1,1,0,1,0.541522,-1,0,-0.207512,-1,0,0,1,0,0,-1,0,0,0,0,0,0,0,0,0,1,0,0,2,0,0,0,-3,0,0,1,-1,0,-3,0,0,-1,0,0,1,0,0,0,0,-1,0,0,0.682545,0,0,-0.567729,3,0,1,0,0,-1,0,1,0,0,0,1
-1,-2,0,0,-1,0,1,-0.826374,0,0,0,0,1,0,-1,0,-0.8,0,0,0,1,0,0,0,-2,0,1,0,0,0,-1,0,1.93916,3,0,0,0,1,1,0,0.701808,0,0,2.955383,0,-2,0,-1,0,0,0,0,0,0,1,0,0,0,0,0,1,0,-1,1,0,2,0,0,0,0,0,1,0,0,0,0,1,0,0,1,1,2,0,-1,0,0,0,-0.587614,0,0,-0.008695,0,0,0,0,-1,0,0,1,0,0,0,1
0,-1,0,0,-1,1,0,-0.645062,-1,0,0,0,0,0,0,0,-0.478261,0,0,0,0,0,0,0,0,3,0,4,2,0,0,0,1.71263,3,0,0,0,0,0,0,0.564516,0,0,-0.830711,1,0,0,0,0,0,0,0,0,0,1,0,0,-1,0,0,0,0,0,0,1,0,0,0,-1,-1,0,0,0,1,0,0,-2,0,0,1,0,0,0,0,0,-1,0,-0.885242,0,0,-0.796833,0,0,0,0,1,0,0,-3,1,0,1,1
0,0,0,0,-2,0,0,-0.814719,0,0,-1,0,0,0,0,0,-0.768692,0,1,0,2,0,0,1,0,0,0,4,0,0,0,0,2.01936,4,0,0,0,0,0,0,0.586703,0,0,-0.792034,0,0,0,0,0,0,0,0,0,0,0,0,1,0,0,0,0,0,0,0,0,0,0,0,0,-3,1,0,0,0,0,0,0,0,0,1,0,0,0,0,0,0,0,-0.809749,0,0,-0.833438,0,0,0,-1,0,0,0,0,1,1,1,1
0,0,0,0,0,0,0,-0.783282,-2,0,0,0,0,0,2,0,-0.478261,0,0,0,0,0,0,0,0,0,0,0,0,0,0,0,1.76277,3,0,0,0,-2,0,0,0.555939,2,0,-0.799265,0,0,0,0,0,0,0,0,-1,0,1,0,-1,0,0,0,0,0,-1,0,1,1,0,-1,1,0,0,1,0,-1,2,0,0,0,0,1,0,0,0,0,0,0,1,-0.613358,0,0,-0.753171,3,-1,2,1,0,0,0,2,0,0,1,1
0,0,0,0,0,0,0,0.754705,0,0,1,0,0,-1,0,0,-0.686835,-1,0,-1,0,0,1,0,0,0,0,0,0,0,0,-1,0.75284,2,0,0,-1,0,0,0,1.25926,0,0,-0.518688,2,-2,0,0,0,0,0,0,0,0,4,0,0,0,0,0,0,0,0,0,0,0,2,0,0,1,0,0,0,0,0,0,-3,0,0,0,0,5,0,0,0,0,-1,-0.636364,0,-1,2.323665,0,0,1,0,0,0,0,0,2,2,0,1
0,2,0,0,0,0,0,-0.603967,0,1,0,0,0,0,0,0,-0.651427,0,0,1,1,-1,0,-2,-2,0,0,0,0,0,0,0,0.63816,7,0,0,0,0,0,0,1.25926,0,0,-0.613559,1,0,0,0,0,0,0,-1,0,0,0,0,-3,0,-1,0,0,0,0,-1,0,-1,0,0,4,1,-1,0,0,-1,0,0,0,0,1,0,0,1,0,0,0,0,0,-0.640211,0,0,-0.785057,0,0,-1,0,0,1,0,0,0,-1,0,1
0,0,0,-1,0,0,3,-0.783208,0,0,0,0,0,0,0,-1,-0.618542,1,0,0,0,0,0,0,0,1,0,0,0,0,0,0,0.77143,0,0,0,-1,0,0,0,1.658178,0,0,-0.633635,0,1,0,-1,0,-1,0,0,0,1,2,-3,0,0,0,0,0,0,0,0,0,0,0,0,-1,0,0,0,0,0,0,0,0,0,1,0,0,1,0,0,-1,1,0,-0.638108,0,0,-0.626608,0,0,0,1,0,0,0,0,0,0,0,1
0,0,-1,0,0,-1,-1,-0.775847,1,0,0,0,0,-2,0,1,-0.848267,0,-1,0,0,0,0,3,0,0,-1,0,0,0,2,0,1.2186,13,0,0,-1,0,2,0,0.79756,4,0,-0.690003,0,3,0,0,0,0,-1,0,0,0,0,0,0,0,-2,0,0,0,0,1,0,0,0,-1,0,0,0,0,0,-1,2,0,-1,0,0,0,0,0,0,0,0,1,0,0.550431,1,0,-0.868841,3,1,0,1,0,1,0,0,-1,1,1,1
0,0,0,0,0,0,-1,-0.813647,0,-1,0,0,-2,0,1,0,-0.745511,1,0,0,0,1,1,0,1,0,0,0,4,1,0,0,1.2,6,0,0,-1,1,0,0,0.517138,1,0,-0.714286,1,0,0,0,0,0,0,0,0,1,1,0,0,0,1,1,0,0,0,1,0,0,0,0,-1,0,0,0,2,0,-3,0,0,0,-1,0,1,0,1,0,0,0,0,-0.711967,0,0,-0.672292,0,0,0,0,0,3,1,0,-1,0,1,1
-1,1,0,0,0,-2,0,-0.68474,0,-1,0,0,-1,0,0,1,-0.827913,0,0,1,0,-1,2,0,0,0,0,3,0,2,0,0,0.44005,1,0,0,-1,0,0,0,0.847634,0,0,-0.536321,2,0,0,0,0,0,0,0,0,1,0,0,2,-1,0,0,0,-1,0,1,0,2,0,0,2,0,2,0,0,0,0,-1,-1,0,0,2,0,-1,0,0,0,1,0,-0.714286,0,0,-0.461403,2,1,2,0,0,0,0,1,0,1,1,1
0,0,0,0,0,0,0,-0.576619,0,0,-1,0,0,1,0,0,0.030919,1,0,0,1,0,0,0,0,0,0,1,2,0,0,0,1.13035,4,0,0,0,0,0,0,2.413747,2,0,-0.702925,0,0,1,0,0,0,1,0,0,0,0,0,0,0,0,1,0,0,0,2,3,1,1,-1,0,0,0,0,0,0,0,0,0,0,0,0,0,-1,0,0,0,0,1,-0.501937,-2,0,0.062002,0,0,1,0,0,0,1,0,-2,0,0,1
0,0,-1,0,0,0,0,-0.381683,0,0,-1,2,0,0,0,3,-0.333333,0,0,0,0,0,0,0,1,1,0,0,2,0,0,0,1.15004,1,0,0,-1,0,0,0,1.342003,0,0,-0.671229,0,0,0,0,0,0,0,0,1,0,0,0,0,0,0,0,0,0,0,-2,3,0,1,0,0,0,1,1,-3,0,1,0,-1,0,0,0,1,0,0,0,0,-3,0,-0.718451,0,0,-0.595442,0,0,1,0,0,0,0,0,0,0,0,1
0,0,0,0,0,0,0,-0.59449,0,0,-1,1,0,0,0,1,0.440469,0,0,2,0,0,0,1,0,0,0,0,2,1,0,0,2.93738,5,1,0,0,0,1,0,0.297297,1,0,-0.605713,-3,0,0,0,-1,-1,0,0,0,0,0,0,0,2,0,0,0,0,0,2,0,1,1,0,2,0,0,0,1,0,0,0,0,0,-1,0,0,3,0,-1,0,0,0,-0.779713,0,0,-0.543929,1,0,3,0,0,-2,0,1,2,-2,0,1
0,0,0,0,1,0,0,-0.685323,0,0,0,0,0,2,-1,0,-0.470429,0,0,0,0,0,0,0,0,0,0,0,4,-1,0,0,1.15796,2,0,0,2,0,0,0,0.920102,3,0,-0.729193,4,0,0,0,0,0,1,0,0,0,0,0,0,0,0,0,0,0,0,0,0,0,0,0,0,0,0,-1,1,0,0,0,2,0,0,0,0,0,0,0,0,1,-2,-0.365721,0,0,-0.40384,-1,0,0,0,0,1,0,-1,0,0,1,1
0,1,0,0,1,6,0,-0.691865,0,0,0,0,0,1,0,1,-0.764706,0,0,0,0,0,1,0,0,0,1,0,0,-3,2,0,1.15542,5,0,0,0,-2,0,0,1.098424,0,0,-0.714526,1,0,0,0,0,0,-2,-1,0,0,0,0,0,0,0,0,0,1,0,0,-1,0,0,0,-2,3,0,0,3,2,0,0,0,0,0,-1,0,0,-1,0,0,0,0,-0.523479,0,0,-0.830416,0,0,0,0,1,1,0,1,0,-1,1,1
1,0,0,1,0,0,0,-0.373207,0,0,0,0,0,0,0,1,-0.69929,0,0,0,-1,0,0,0,0,0,0,0,0,0,0,0,0.45043,3,0,1,0,0,0,0,1.20869,0,0,-0.72746,0,1,0,0,0,0,0,0,0,0,0,0,0,0,0,-1,0,0,0,0,0,3,-1,5,0,0,0,0,1,0,2,0,0,0,0,0,0,0,0,-2,0,1,0,-0.59102,0,0,-0.880984,0,1,3,0,0,0,1,1,0,0,1,1
0,0,0,0,0,0,0,-0.657143,0,0,0,-1,1,0,0,0,-0.160721,0,0,0,0,0,0,2,-2,0,1,0,0,0,0,-1,2.20943,3,0,0,0,0,0,0,1.769751,0,0,1.056715,0,-2,0,1,-1,0,1,1,0,0,0,0,0,0,2,0,0,0,1,0,-2,1,0,0,0,0,0,0,0,3,0,0,0,0,0,0,0,0,0,-1,0,0,0,-0.538462,0,0,-0.369682,0,-1,0,0,1,1,2,0,0,0,0,1
0,1,0,1,-1,0,-1,-0.738885,0,0,0,0,0,0,-1,0,-0.058841,0,0,-1,0,0,0,-1,0,0,0,0,0,0,0,0,1.08885,7,0,2,0,0,0,0,0.307972,0,-2,-0.757485,0,0,0,-1,0,0,0,0,0,0,0,0,0,-1,0,0,0,0,0,1,-1,2,-1,-2,0,0,0,1,0,0,0,0,-2,0,0,0,1,-1,0,0,0,0,0,-0.500765,0,0,-0.657143,4,0,0,0,0,0,0,0,0,1,0,1
0,0,0,0,0,-1,0,-0.65928,0,0,0,0,0,0,-3,1,-0.11079,0,0,-1,0,0,2,2,0,1,0,0,0,0,-1,0,1.60158,4,0,0,0,0,-1,0,0.27665,0,0,-0.739499,0,0,0,0,0,0,0,-1,0,-1,0,0,0,0,0,1,0,0,0,1,0,1,0,0,-2,0,0,0,0,0,0,-1,0,3,0,0,-2,0,0,0,1,0,0,-0.3424,-1,0,-0.52105,0,0,0,0,0,1,0,0,0,6,0,1
0,0,0,0,0,0,0,-0.723057,1,-1,-2,0,0,0,3,0,-0.851266,0,0,-1,0,0,1,0,-1,0,0,0,2,1,1,0,0.90468,3,0,1,0,0,0,0,0.970178,1,1,-0.646751,0,0,0,0,0,0,0,0,0,-2,0,0,0,1,1,0,0,0,0,3,1,0,1,0,0,0,0,0,1,0,3,0,1,0,0,0,0,0,0,0,0,-1,0,0.059223,0,-1,-0.793103,2,0,-2,0,1,1,0,1,1,0,1,1
-1,0,0,0,0,0,0,-0.52,1,0,0,0,0,0,0,2,-0.674264,0,-2,0,0,0,0,0,0,0,0,0,0,0,1,-1,0.89017,3,0,1,0,-1,5,0,1.52941,-1,0,-0.643948,-1,0,0,0,2,0,0,0,0,3,0,0,0,0,0,0,0,0,0,-1,0,1,1,1,0,0,0,-1,1,0,0,0,0,1,1,0,0,-1,0,-2,1,0,1,-0.633186,0,0,-0.822525,2,0,2,1,0,0,0,0,0,0,1,1
0,-4,0,0,0,0,0,-0.542981,0,-1,0,0,0,0,1,0,-0.635752,0,0,0,0,0,0,3,0,1,1,1,0,4,1,-1,1.04326,0,0,0,1,-2,0,0,0.204561,0,0,-0.621278,0,0,0,0,0,0,0,0,0,1,-1,0,-3,0,3,0,0,0,1,0,0,0,1,0,0,0,4,0,1,-1,0,0,0,0,0,0,0,0,0,0,0,0,-1,-0.642831,0,0,-0.219005,0,0,2,1,1,0,0,0,0,0,1,1
0,0,2,0,0,0,0,-0.598058,0,0,0,1,0,0,0,-1,-0.77375,0,1,2,0,0,0,-1,0,1,-1,0,-1,0,0,0,0.80942,13,0,0,0,0,-1,0,1.911619,0,1,-0.764706,0,-3,0,0,0,0,0,0,0,-1,2,-1,-1,-1,0,0,-1,0,0,0,0,1,0,0,0,-3,0,1,1,0,0,0,0,0,0,0,0,0,0,0,1,0,0,-0.553252,1,0,-0.66805,0,-1,2,0,-1,0,0,0,1,0,1,1
0,1,0,0,0,0,0,-0.620469,-1,0,0,0,0,0,0,2,5.6016,0,1,1,0,0,0,0,0,0,0,1,0,3,0,-1,2.01538,8,-1,0,0,0,0,0,1.267053,0,0,-0.698933,2,0,0,1,1,-1,-2,0,0,-2,1,1,0,3,0,0,0,-3,0,0,0,0,0,0,0,-1,0,0,1,-1,0,0,0,0,0,0,0,0,0,-5,0,0,0,-0.409006,0,0,-0.567553,2,0,0,0,0,1,0,1,0,0,1,1
0,0,0,0,0,-1,-1,-0.543134,3,0,0,0,0,0,0,0,0.160856,0,1,0,0,0,0,0,-1,0,0,1,0,3,0,0,2.17345,1,0,0,-1,-3,0,0,1.368289,0,0,-0.632265,0,0,0,1,0,1,0,0,0,0,1,0,0,0,2,0,0,-1,0,0,2,0,1,0,0,0,0,0,0,0,-3,0,0,0,0,0,0,0,2,2,0,-1,0,-0.590094,0,1,-0.241616,0,0,0,0,0,0,0,0,0,0,1,1
0,1,0,0,0,-2,0,-0.118266,0,-1,0,0,0,0,0,0,-0.67618,0,-1,0,0,0,0,0,0,-1,0,3,0,2,2,0,1.14785,3,0,0,0,0,0,0,1.559136,0,0,-0.741247,1,0,0,-1,0,0,0,0,0,0,0,0,0,0,1,1,1,1,3,1,2,0,0,2,0,0,0,0,3,-1,2,0,0,0,0,0,0,0,0,0,0,1,0,-0.348657,0,0,-0.718679,0,0,0,0,0,0,-2,0,1,0,1,1
0,0,0,0,0,1,0,0.309157,1,0,0,0,0,-1,0,0,-0.888298,0,0,0,2,0,0,0,0,-1,0,0,0,2,1,0,1.90145,12,0,0,0,1,0,0,2.452924,-2,0,-0.707317,0,0,-1,0,0,-2,0,0,-1,1,0,0,0,1,0,0,0,0,0,2,0,0,0,0,0,0,0,0,0,0,0,0,0,-1,-1,0,0,0,0,-1,0,3,0,-0.625,0,0,-0.404996,0,0,0,1,1,1,-1,0,1,1,1,1
0,1,0,0,0,0,0,-0.781818,0,0,0,-1,0,0,1,3,-0.692981,1,0,0,0,0,0,1,1,0,0,0,0,1,0,0,1.15627,2,0,0,0,0,0,-1,1.558331,0,0,-0.557253,0,0,0,0,0,0,0,0,0,1,1,0,2,0,0,-2,0,0,0,0,0,0,0,0,0,0,0,0,-1,6,0,0,1,0,0,-1,0,0,0,0,0,0,1,-0.664536,0,0,-0.817554,2,0,0,0,0,0,1,0,0,2,1,1
0,0,-5,0,0,-2,0,-0.70297,0,0,0,-1,0,0,0,0,-0.66608,0,0,1,1,0,0,0,0,0,0,-1,0,-1,0,0,0.94286,0,0,0,0,0,0,0,0.467146,-2,0,-0.464087,0,0,0,0,0,-1,-1,0,0,-2,0,0,0,0,0,0,0,0,-1,0,0,0,1,0,0,0,0,0,3,1,-1,0,0,0,0,2,0,1,0,0,0,0,2,-0.479301,0,0,-0.481065,0,0,0,-1,0,0,-1,0,1,0,0,1
0,0,0,0,0,0,0,-0.133376,0,0,0,0,0,0,2,0,-0.637547,0,-1,0,-1,0,0,0,1,-1,0,0,0,0,2,1,0.94286,4,1,0,0,0,-1,0,1.222039,0,0,-0.636364,0,0,0,1,0,1,0,0,0,0,0,1,0,1,0,0,0,0,0,1,0,0,1,0,0,1,0,1,0,-1,0,1,0,0,0,1,0,0,0,1,0,0,0,-0.518613,0,0,-0.528183,-1,0,1,0,0,0,0,0,1,2,0,1
0,0,0,0,0,1,0,-0.826659,0,-1,0,-1,-2,0,-1,0,-0.727273,0,0,1,0,0,0,0,0,0,1,0,1,0,0,0,1.95094,1,0,0,0,0,0,0,1.404313,0,0,-0.702597,0,0,0,0,0,0,0,0,0,0,-1,1,0,0,0,0,0,0,-2,1,0,0,1,0,0,0,3,0,0,1,0,0,0,0,0,1,0,1,0,1,-1,-1,0,-0.635914,0,0,-0.555556,0,0,2,0,-1,0,0,0,-1,-1,0,1
0,2,0,0,0,1,0,-0.633181,0,0,0,0,0,0,0,1,-0.4,0,0,0,0,0,0,0,0,-2,0,1,0,0,1,1,1.01561,0,0,0,0,0,0,0,0.578947,0,0,-0.903293,0,0,0,0,-1,0,1,1,-1,-1,-1,0,0,0,0,0,0,1,0,-2,0,0,3,0,0,1,0,-1,1,-1,1,0,0,-1,0,0,0,0,0,0,0,-1,0,1.666618,0,0,-0.622154,-1,0,0,0,-2,0,0,0,0,-2,0,1
0,0,1,0,0,0,1,-0.672162,0,0,0,0,1,1,0,3,0.844214,0,-1,0,0,0,0,0,0,0,-1,2,0,0,1,0,1.05688,0,0,0,0,0,0,0,1.040708,1,0,-0.777923,0,0,0,0,0,0,3,1,0,0,-2,0,-1,0,0,0,1,0,0,0,0,1,0,0,0,0,0,0,1,0,1,0,0,0,0,0,0,-1,0,0,0,1,0,0.215617,0,1,-0.694666,0,0,-2,-2,0,0,0,0,0,-2,0,1
0,0,0,0,0,0,0,-0.629791,0,0,0,0,0,0,0,1,-0.4,0,0,-2,0,1,1,1,0,0,0,0,-1,2,0,0,0.96501,0,-1,0,0,0,0,0,0.652037,2,0,-0.486154,-1,0,0,0,0,0,1,0,0,0,0,0,1,0,0,0,1,0,0,-1,0,0,1,0,0,0,0,0,1,0,0,1,0,0,0,0,1,0,0,1,0,0,0,0.100014,0,0,-0.699649,0,0,-1,2,0,0,0,0,0,0,0,1
0,2,-1,-1,0,0,0,-0.75,0,0,0,2,0,0,0,0,-0.694894,0,0,0,0,0,0,0,1,0,0,0,-1,1,0,0,0.83524,2,1,0,0,-1,0,0,0.225028,0,-2,-0.660498,0,0,0,0,0,0,0,0,0,0,0,0,0,0,-1,-1,0,0,-2,1,1,0,1,0,0,1,0,0,-1,0,1,0,0,0,0,1,0,0,0,1,0,1,0,-0.69193,0,0,-0.590822,0,-2,0,0,-1,1,0,0,0,0,0,1
0,7,0,0,0,1,0,-0.464703,0,0,0,0,0,0,0,0,-0.777082,0,0,2,0,0,0,0,0,0,-1,0,0,0,0,0,0.75062,0,0,0,0,0,0,0,0.275836,-1,0,-0.752597,0,0,1,0,0,1,0,0,0,1,0,0,0,0,0,0,0,1,1,1,0,3,0,0,0,0,0,0,1,0,0,0,0,0,-1,1,0,0,0,0,0,0,0,-0.734331,0,0,-0.644123,0,-1,-1,-1,0,0,0,0,0,0,0,1
0,0,0,0,0,0,-4,-0.75,0,0,-1,0,0,0,0,0,-0.523133,0,0,1,0,1,0,0,0,0,0,0,1,0,0,0,0.88571,0,0,0,-1,0,0,0,0.26262,0,0,-0.612843,1,-1,0,1,1,-1,0,1,0,0,-2,0,0,0,0,0,0,0,0,0,2,0,0,0,-4,0,0,-2,0,0,0,1,0,-1,0,1,0,0,0,0,-1,-1,0,-0.384927,0,0,0.115807,0,1,1,0,0,1,0,1,3,0,0,1
0,0,0,0,0,0,0,-0.55604,0,0,0,0,0,0,0,0,-0.403854,0,1,0,0,0,0,0,1,0,1,0,-1,0,0,-3,3.10071,3,0,0,0,0,0,0,0.405797,0,0,7.970485,0,0,2,0,0,1,1,0,1,0,-1,0,0,0,0,0,0,0,-2,1,2,1,0,0,1,0,0,0,0,1,2,0,5,0,0,0,0,0,0,0,1,0,0,-0.475144,0,0,-0.721636,2,0,0,0,1,1,-1,0,1,1,0,1
-1,0,2,1,1,-2,2,-0.57561,0,0,0,0,0,0,0,1,-0.382122,0,0,0,1,0,-6,0,0,1,0,0,0,0,0,0,1.97143,9,1,-2,0,0,0,0,0.405797,0,0,2.82609,0,-1,0,0,0,1,0,1,1,0,0,0,0,1,0,0,2,0,0,0,0,0,0,0,1,0,0,1,0,0,0,0,0,1,0,1,0,0,0,0,0,0,0,-0.59753,0,0,-0.785714,1,0,0,0,1,1,0,0,0,1,0,1
0,0,0,1,0,3,1,-0.586207,0,0,0,0,2,2,0,0,-0.723615,0,0,-5,0,0,0,1,0,0,0,0,0,0,0,0,3.40554,3,0,0,0,1,0,0,2.28279,2,0,2.82609,1,-1,0,-1,0,1,0,1,1,0,0,0,-1,2,0,0,0,0,1,0,2,1,0,0,2,0,0,3,0,1,0,0,0,2,0,0,0,0,0,0,1,0,0,-0.878449,0,0,-0.785714,0,0,0,0,0,0,0,0,0,0,0,1
0,0,0,0,1,1,0,-0.605006,1,-1,0,0,2,2,0,0,-0.666667,0,0,0,-3,0,1,0,0,0,0,0,1,0,0,0,0.80077,0,1,0,-2,0,0,-1,1.871218,-1,0,-0.23745,0,1,0,0,0,0,0,0,0,0,4,0,-2,0,0,0,0,-2,0,1,0,0,0,0,2,-3,0,0,2,0,-1,0,0,0,0,0,0,0,0,-2,1,0,0,-0.465804,0,0,0.201173,0,1,0,2,0,0,0,0,0,0,0,1
0,2,0,-1,0,0,0,-0.522537,0,0,0,1,0,-2,-1,0,-0.768392,0,0,0,0,0,0,0,0,0,0,0,0,0,0,0,0.84721,1,1,0,0,-2,0,-1,1.507409,0,0,-0.541576,0,0,0,-1,-1,-1,0,0,0,1,0,0,0,1,0,1,0,0,0,0,0,1,0,0,0,0,0,1,5,-2,0,0,0,0,0,0,0,0,0,0,1,-2,0,-0.569194,-1,0,-0.703862,0,0,0,0,0,0,1,0,0,0,0,1
0,-1,0,0,0,-1,0,1.425228,1,0,-1,1,0,1,0,0,-0.497709,0,0,0,0,0,0,0,0,0,1,0,-2,0,0,1,0.84963,2,0,0,0,0,0,0,1.781869,0,0,-0.587084,0,1,0,0,1,0,1,0,0,0,0,0,0,1,0,0,-1,0,0,0,0,0,2,1,0,-1,0,1,-2,0,0,0,0,0,0,0,0,0,0,0,1,1,0,-0.76293,-1,0,-0.58502,0,0,0,0,0,0,0,0,0,0,0,1
0,0,0,0,0,0,-1,1.167411,0,0,0,0,1,0,2,0,-0.674246,0,0,-2,0,0,0,-1,0,-1,0,-1,0,0,0,0,1.31429,0,0,0,0,0,0,0,1.024432,0,0,-0.77553,0,0,0,0,0,-1,0,0,0,1,0,0,0,0,1,0,0,0,0,0,1,0,0,0,2,0,0,-1,0,0,0,0,0,0,0,0,0,0,0,0,0,0,0,-0.8125,0,0,-0.760395,0,0,0,1,1,4,-1,0,0,0,1,1
0,1,0,0,0,2,2,-0.821721,0,0,0,0,0,0,2,0,-0.81996,0,0,0,0,0,0,0,1,0,0,0,0,0,0,1,1.36016,1,0,1,0,0,1,0,3.813485,-2,0,-0.693316,0,0,0,0,-1,0,-1,0,0,0,0,0,0,0,2,0,0,0,1,0,1,1,0,0,-2,0,1,-1,0,0,4,-1,0,0,0,-1,0,0,0,0,0,0,0,-0.8125,0,0,0.305087,0,0,0,0,0,0,0,0,1,0,1,1
0,0,0,0,0,0,0,-0.54985,0,0,1,0,1,0,0,0,0.051597,-1,0,1,2,0,0,0,0,0,1,0,-1,0,0,0,1.61151,2,0,1,0,0,0,0,2.244146,0,0,-0.610383,0,1,0,1,0,0,0,0,0,0,0,0,3,2,0,0,0,0,0,0,0,1,0,0,0,0,1,0,0,2,3,0,1,-2,0,0,0,0,1,0,2,-1,0,-0.600171,0,0,-0.714286,3,0,2,0,0,0,0,-2,1,0,1,1
0,1,0,1,0,0,0,-0.401447,0,0,1,0,1,0,0,0,-0.30383,0,0,2,0,0,0,0,0,0,0,0,2,0,0,1,1.85714,3,0,1,-1,0,0,0,1.630904,0,0,-0.80964,-1,0,0,0,1,0,0,1,0,0,0,0,1,0,1,0,0,0,0,0,0,2,0,0,-1,0,0,0,0,0,0,0,0,2,0,0,0,0,-1,-1,0,0,0,-0.786752,0,0,-0.555556,0,0,-1,0,0,0,0,0,0,-2,0,1
0,0,-1,1,0,0,0,-0.294644,1,0,1,0,1,0,0,3,-0.317439,0,1,0,0,0,0,0,0,0,0,2,0,0,0,1,1.31153,9,0,1,0,0,0,0,1.491137,0,0,-0.815385,0,0,0,0,0,0,0,0,1,3,0,-1,0,0,1,0,1,0,0,1,1,0,0,0,0,0,-1,0,0,0,0,0,0,0,0,0,1,0,0,2,0,-1,0,-0.367263,0,-1,0.077685,0,0,0,0,0,1,0,2,0,0,0,1
0,0,-1,1,0,0,-1,-0.507558,1,0,0,0,1,1,0,0,-0.6,0,0,0,0,1,0,-1,0,0,-1,2,2,2,0,1,2.01775,5,0,1,0,1,3,0,1.04615,0,0,-0.618113,0,3,0,0,1,0,0,0,0,0,0,-1,0,2,1,0,0,0,0,1,0,0,1,2,-1,0,-2,0,1,1,0,0,0,-3,0,0,0,0,0,-1,0,-2,0,-0.718181,0,0,-0.555556,0,0,2,0,0,-1,1,0,2,0,0,1
0,0,3,-2,2,2,0,-0.571429,0,0,0,0,0,0,-1,0,-0.741243,0,0,1,0,0,0,0,0,0,1,0,0,0,1,0,1.21097,13,0,1,0,0,0,0,2.62222,0,0,-0.839776,2,0,0,0,0,1,0,0,1,-2,2,0,2,0,0,0,0,0,0,2,0,0,0,0,4,0,0,1,1,0,0,0,0,0,1,0,0,0,0,0,0,0,0,-0.68935,0,0,-0.478794,0,0,0,0,0,0,0,1,0,0,1,1
0,0,1,0,1,1,0,0.906363,1,0,0,0,0,0,1,1,-0.797912,0,0,0,0,0,2,0,0,0,0,0,3,1,0,2,1.56633,9,0,0,1,-1,0,0,2.62222,0,1,-0.724776,2,0,0,2,0,0,0,2,1,1,5,1,0,0,0,0,0,1,3,1,0,0,1,0,3,0,0,1,1,0,3,0,1,0,0,0,0,0,0,0,0,0,0,-0.701237,0,0,-0.585598,3,0,0,0,1,2,0,1,0,0,1,1
0,0,0,-1,0,0,0,-0.361525,0,0,0,0,1,0,1,0,-0.751783,0,-1,0,0,0,0,1,0,0,0,2,0,0,1,0,2.93302,15,1,0,0,0,0,0,2.62222,-1,0,-0.859904,0,0,0,0,-3,-1,0,0,1,3,0,0,4,0,2,0,0,0,-1,2,0,0,1,-3,3,0,0,1,1,-2,0,0,0,0,0,-1,0,-1,0,0,0,0,1,-0.651525,0,0,-0.259595,0,0,0,0,1,0,0,0,1,0,1,1
0,0,0,0,0,0,0,-0.625,0,0,0,0,0,0,0,1,-0.722624,-1,0,0,0,0,0,0,0,0,-1,0,0,2,0,0,0.82754,2,0,-1,0,0,1,0,1.853355,2,0,-0.719375,0,0,0,0,0,0,0,0,0,0,0,0,0,1,0,0,0,0,0,0,0,1,1,0,0,0,0,0,3,0,0,0,0,0,0,0,0,0,0,0,0,0,0,-0.717448,0,0,-0.630158,2,0,0,2,0,0,0,0,1,3,1,1
0,0,0,0,0,1,0,-0.625,0,0,-2,0,0,0,0,1,-0.695022,-1,0,0,1,-1,1,0,0,0,0,0,2,2,0,0,0.94923,3,0,0,0,0,1,0,0.676974,0,4,-0.721512,0,0,0,0,0,1,0,0,0,0,1,-2,0,2,0,-1,0,0,0,0,1,0,0,-1,0,0,0,0,0,0,2,0,0,0,0,0,0,0,0,-4,0,2,0,-0.581692,0,0,-0.69209,8,0,0,0,0,-1,0,1,0,0,1,1
0,1,1,0,0,0,0,-0.65366,0,-1,0,0,1,0,0,1,-0.652536,0,0,0,1,0,0,0,-1,0,0,0,0,2,0,0,1.37213,2,-1,0,0,0,0,0,1.19048,0,0,-0.610417,0,0,0,0,0,0,0,0,0,-1,0,-1,0,0,0,0,0,0,0,0,1,0,1,-3,0,0,0,1,-2,0,3,0,0,0,0,0,0,0,0,-1,0,-1,0,-0.630329,0,0,-0.7,0,1,0,0,0,0,-1,0,0,0,1,1
0,-2,1,0,1,0,1,-0.806452,-2,0,0,0,2,0,2,1,-0.711011,0,0,1,1,0,0,0,0,3,0,0,0,0,1,0,1.13069,10,0,0,1,0,0,1,0.680851,0,1,-0.781561,0,0,0,0,0,0,0,0,1,0,0,1,0,0,0,-4,0,0,0,0,0,0,1,0,-1,0,-2,0,0,0,0,0,-1,0,0,0,0,0,0,3,0,0,0,-0.51555,0,0,-0.610963,2,0,0,0,0,0,0,0,0,0,0,1
0,1,1,0,0,0,1,-0.806452,0,0,-1,0,0,0,0,0,-0.674706,0,0,0,0,0,0,0,0,0,1,0,0,0,0,0,1.10485,2,-1,0,0,0,0,0,0.803659,0,0,-0.744681,4,0,0,0,0,0,0,0,0,0,0,0,1,0,0,1,0,0,0,0,1,0,0,1,0,0,0,0,0,0,2,0,0,0,0,0,0,1,1,0,0,0,0,-0.568574,0,1,-0.544971,0,0,0,2,0,0,0,2,0,0,0,1
0,0,0,0,0,0,1,-0.806452,0,1,0,1,0,0,0,1,-0.635227,0,0,1,1,0,0,0,-1,0,2,0,0,0,1,0,1.63885,0,0,0,1,0,0,0,0.749941,0,0,-0.612432,-1,0,1,0,5,0,0,0,1,0,0,1,0,0,0,-2,0,0,0,0,3,0,0,0,-1,0,0,1,1,0,0,0,0,-1,0,1,0,0,1,-1,0,0,0,-0.619722,0,0,-0.657143,-1,0,0,0,0,-1,-2,0,0,1,0,1
0,0,1,0,0,0,-1,-0.784321,0,0,1,0,0,0,2,0,0.116303,0,0,0,0,0,-1,0,5,-1,0,0,0,3,0,1,2.48615,4,-1,-1,0,-1,0,0,0.984015,0,1,-0.8125,0,0,0,0,0,0,0,0,-3,-2,0,0,0,0,0,1,0,0,0,0,0,-1,-2,0,0,0,0,0,1,0,0,0,0,2,0,0,0,0,0,0,0,1,0,-0.622436,1,0,-0.27922,0,0,0,0,0,0,0,1,1,0,1,1
0,0,1,0,1,0,1,-0.544342,-1,0,1,0,-1,1,0,0,-0.696189,0,0,0,0,0,0,0,1,0,0,0,0,0,1,0,1.82857,0,0,0,0,0,0,1,0.782422,2,1,-0.810652,0,1,0,0,0,-1,-1,0,0,0,0,0,0,0,0,1,0,1,0,0,0,2,0,0,0,1,0,0,0,0,0,0,0,0,0,0,0,-3,0,0,0,1,1,-0.599964,0,1,-0.655368,0,0,0,-1,0,0,0,0,0,0,1,1
0,-2,1,0,0,-1,0,-0.808522,-1,0,0,0,0,0,0,0,-0.840025,0,0,0,1,0,0,0,0,0,0,0,0,3,-1,0,1.82857,2,0,0,0,0,1,1,0.980997,4,1,-0.739447,0,0,0,0,0,0,-1,0,0,0,0,0,0,0,0,1,0,1,0,0,0,1,0,0,0,1,0,0,0,-1,0,0,0,0,0,0,-2,0,0,0,0,1,0,-0.299965,0,1,-0.136114,0,0,0,-1,1,0,0,-1,0,0,1,1
0,0,0,0,-2,1,0,-0.668474,0,0,-1,0,0,0,0,1,-0.766562,0,0,0,0,0,0,0,0,2,0,-1,0,0,0,0,0.76858,1,0,-1,0,-1,0,0,0.444687,0,0,-0.655419,0,1,0,0,0,0,0,0,0,0,0,0,0,4,1,1,0,0,0,0,1,0,-1,2,1,0,-1,1,1,0,2,0,0,0,0,0,-1,0,0,0,0,-1,0,-0.639036,0,0,-0.863512,1,0,0,0,0,0,0,-2,0,0,0,1
1,0,0,0,0,0,0,-0.77368,0,0,0,0,2,0,0,0,-0.8,1,-1,0,0,0,0,0,0,0,0,0,0,1,0,0,0.62116,10,0,0,0,1,1,0,0.198006,0,0,-0.574772,0,0,0,0,0,0,0,0,0,1,0,-1,0,1,0,1,0,-1,-1,0,3,0,0,2,0,0,1,0,0,0,0,0,0,0,0,0,0,-1,0,0,0,0,0,-0.630919,0,0,-0.671044,0,0,-3,-1,1,0,1,0,-1,0,0,1
0,0,2,0,0,0,0,-0.566781,0,0,0,-1,1,0,1,0,-0.792502,0,0,0,0,0,0,0,0,0,0,0,-3,0,0,0,0.58056,2,0,0,0,0,0,0,1.076836,1,0,-0.810409,0,1,2,0,0,0,0,0,0,-1,0,0,3,0,1,0,0,0,2,0,1,-2,0,5,0,-1,0,0,0,-1,0,0,0,1,1,0,0,0,0,0,0,0,0,-0.637612,0,-1,-0.743114,-1,0,0,0,0,0,0,2,0,0,0,1
0,0,0,0,0,0,0,-0.571429,0,0,0,1,0,0,0,-1,-0.072404,0,0,0,1,0,0,0,0,3,0,0,0,0,-2,0,0.93974,4,-1,0,0,0,0,1,0.718317,0,0,-0.46895,0,1,0,0,1,0,0,0,0,0,-1,0,0,0,2,0,1,0,-1,2,0,0,-2,0,-1,0,2,0,0,1,0,0,0,0,0,1,0,0,0,0,0,0,0,-0.588742,0,0,-0.434258,0,2,1,0,0,0,0,-2,0,0,0,1
0,0,0,0,0,0,2,-0.62934,-1,0,0,0,0,0,-2,0,0.168778,0,0,0,1,0,0,0,0,0,0,-3,1,0,0,0,1.09968,0,0,0,0,-3,-2,-2,0.893832,0,-1,-0.55228,2,1,0,0,0,0,0,0,0,0,1,2,0,0,0,0,0,0,0,0,0,0,0,0,-1,0,0,0,0,0,1,0,0,0,1,-1,0,0,0,0,0,1,-1,-0.778411,0,0,-0.610601,1,0,0,0,0,0,0,0,-2,1,0,1
0,0,0,0,0,0,1,-0.540297,0,2,0,3,0,0,0,-1,-0.600689,0,0,1,0,0,0,0,0,0,0,-1,0,0,1,2,1.25042,3,1,0,-1,0,1,0,0.888618,0,0,-0.657143,0,2,0,0,0,0,0,0,0,0,0,0,0,0,0,0,0,0,2,0,0,-1,1,0,-1,0,1,0,1,-1,0,0,2,1,0,0,0,0,0,0,0,0,0,-0.586575,0,0,-0.469726,0,0,-3,0,0,1,0,0,-1,3,0,1
0,0,0,-1,0,0,0,-0.639627,0,0,0,0,0,2,0,1,0.364754,0,0,1,0,0,0,0,-3,0,1,0,-2,0,0,1,0.7545,7,0,0,0,0,0,0,1.540728,1,0,-0.706578,0,0,0,-3,0,0,0,0,0,0,0,4,0,0,0,-1,0,0,0,0,0,0,0,-2,0,1,0,0,-1,1,0,0,0,0,0,0,0,0,0,0,0,0,0,-0.639822,0,-1,-0.674918,0,0,0,0,0,-2,-2,0,1,-1,1,1
0,0,0,0,0,0,0,-0.688782,0,0,0,0,0,0,0,2,-0.574456,0,0,0,0,0,0,4,0,0,0,0,0,3,1,0,1.09888,5,0,1,0,0,0,0,0.934224,0,0,2.917805,-1,0,0,0,0,0,0,0,0,0,0,0,1,0,0,-3,1,0,3,0,1,0,-1,0,3,1,0,0,0,0,0,0,3,0,0,0,0,0,0,0,2,2,-1,-0.711884,0,0,-0.559534,0,0,0,0,0,1,0,0,0,0,1,1
0,0,0,0,0,0,0,-0.812244,0,0,2,-1,0,2,1,0,-0.762145,0,0,0,-2,0,0,0,-1,0,0,0,0,-1,0,0,1.18124,1,0,0,-1,0,0,0,1.089791,0,1,-0.670913,0,0,0,1,0,0,0,0,0,0,1,0,0,0,0,0,1,0,0,0,1,-1,1,0,0,1,0,0,1,1,0,0,0,0,1,-1,1,0,0,0,0,2,0,-0.452257,0,0,-0.596847,0,-1,-3,0,0,0,0,0,0,0,1,1
0,-3,0,0,0,0,-1,-0.60179,0,0,0,1,0,0,0,0,-0.696532,-1,0,0,2,0,0,0,0,0,0,0,0,0,0,0,1.06152,3,-1,0,1,-1,1,0,0.874953,0,0,-0.734818,0,1,0,0,1,0,0,0,-1,2,3,-2,-1,0,1,0,0,0,3,2,0,0,0,0,-1,-1,0,0,0,0,0,0,-1,0,0,0,-1,-1,0,1,0,-1,0,-0.586207,0,0,-0.636248,0,0,2,-1,1,0,0,0,0,0,1,1
0,1,1,0,0,0,1,-0.760951,0,1,0,0,-1,1,-1,0,-0.521214,0,1,1,1,1,0,0,1,0,0,0,-2,0,0,0,1.6048,8,-1,1,0,2,0,0,1.268317,0,0,-0.737121,0,1,0,0,0,0,0,-1,0,0,0,2,0,0,-1,1,0,0,0,-2,1,0,0,-1,0,1,-1,0,0,-1,0,0,-1,0,0,0,0,2,0,0,0,1,0,-0.586207,0,0,-0.290875,4,0,0,0,1,-2,2,0,0,1,1,1
-1,0,-1,2,0,0,1,-0.625003,0,0,-1,0,0,0,0,1,-0.765304,0,0,0,1,1,0,0,0,0,-3,0,0,3,2,0,1.45714,6,0,0,-1,-1,0,0,1.256359,0,-1,0.263119,-1,0,0,-1,0,2,0,0,0,0,0,0,0,-1,-1,0,-1,0,2,0,0,0,-1,1,0,1,1,0,0,0,0,0,0,0,0,0,0,0,0,0,0,0,0,-0.330606,-1,1,-0.703703,0,0,0,1,1,2,0,-1,1,0,1,1
0,0,2,0,0,1,0,-0.829126,0,0,0,-1,2,4,0,4,-0.202393,0,0,2,0,0,0,0,0,1,1,0,4,3,0,0,2.18465,7,1,0,-3,-2,0,0,2.91692,0,0,-0.733121,0,-4,0,0,1,0,0,0,1,1,0,0,2,1,0,1,-1,0,0,0,0,1,0,1,0,0,0,0,1,0,0,0,-1,0,0,0,0,1,0,0,0,0,0,-0.737561,0,0,-0.878087,0,0,2,0,0,-1,0,0,0,0,1,1
0,0,0,0,-1,1,0,-0.578248,0,0,3,0,0,0,2,0,-0.613217,0,0,0,0,0,0,0,1,0,1,0,0,0,0,0,1.45714,5,1,1,0,1,0,0,1.402187,0,0,-0.81696,0,0,3,0,1,0,0,0,0,0,1,0,0,1,0,1,0,0,1,-1,0,0,0,0,0,2,0,0,1,0,0,0,0,0,0,0,0,0,0,0,0,0,0,-0.353783,0,2,0.279008,0,0,2,0,0,0,0,0,0,0,1,1
1,3,0,1,1,0,0,0.808533,0,0,-2,1,0,0,0,1,0.578725,0,0,2,1,0,0,2,0,1,1,0,0,0,1,0,0.83967,9,0,0,0,-2,0,2,1.016622,0,0,2.75252,0,1,-1,0,1,0,0,0,0,0,0,0,0,1,0,0,0,0,1,0,0,0,0,0,0,0,4,0,1,0,2,0,0,0,-2,0,0,0,0,1,0,0,0,-0.19042,0,0,-0.909768,0,0,0,0,-1,0,0,0,0,0,1,1
0,0,0,0,0,0,1,0.818501,0,0,-1,1,0,1,-2,2,-0.493019,0,0,1,1,1,-1,2,0,0,0,0,-1,0,-1,0,1.17159,1,0,0,1,0,0,0,0.18195,0,0,-0.666372,-1,0,0,0,0,0,1,0,0,1,1,0,0,1,0,0,0,-1,1,0,1,0,1,-1,2,0,0,0,1,1,-1,0,0,0,0,0,0,-1,0,0,-1,1,0,-0.667829,0,0,-0.842105,0,0,0,0,0,1,0,0,-3,0,0,1
0,0,-2,0,0,1,0,-0.546792,0,0,0,1,0,0,0,0,-0.671668,0,0,0,0,1,0,-1,0,1,0,0,0,1,1,0,0.78542,24,1,-1,0,3,0,0,0.611594,-1,-1,-0.633379,-1,1,0,0,0,0,0,0,0,0,1,1,0,1,2,0,0,-1,0,0,-1,0,0,0,0,-1,0,0,0,-1,0,1,0,0,0,0,0,-1,0,1,0,2,0,-0.714286,0,0,-0.893193,0,-1,-1,0,-1,0,0,0,1,0,0,1
1,0,0,1,0,-1,0,-0.70341,0,0,2,-1,-1,0,0,0,-0.449985,0,0,0,1,2,-2,-1,0,0,-1,0,0,3,0,1,0.78359,10,0,0,0,1,0,0,0.641108,-2,-1,-0.471345,0,0,0,0,-1,-1,0,1,-1,-1,1,-1,0,0,0,0,0,0,0,0,-2,0,1,2,0,0,0,0,0,0,0,0,-1,3,0,0,0,1,0,1,0,0,0,-0.5707,0,0,-0.842105,1,0,0,0,0,3,0,1,0,0,0,1
0,0,0,-2,0,3,0,-0.733333,0,0,0,-1,0,0,2,0,-0.718651,0,0,0,0,0,0,-1,0,1,0,0,4,0,1,0,2.01947,4,2,0,0,0,-1,0,0.733513,-1,0,-0.735327,0,0,0,0,2,0,0,0,1,0,1,0,-1,0,0,0,0,0,0,1,5,0,-1,0,0,0,0,0,0,0,0,0,0,0,0,0,3,-1,0,-3,0,0,0,-0.578108,0,0,-0.402676,0,0,0,-1,2,0,0,1,0,0,1,1
0,0,0,0,0,2,2,-0.371642,0,1,2,0,0,0,0,2,-0.623915,1,1,-1,0,0,0,0,0,0,0,0,0,0,1,0,1.44092,0,0,-1,1,0,0,0,1.2989,0,0,-0.751645,2,0,0,0,1,0,-1,0,2,0,0,-1,2,0,0,0,1,0,0,1,0,2,0,0,0,0,0,0,0,0,0,0,0,0,0,1,1,-1,0,1,0,3,0,-0.648371,0,0,-0.307783,0,0,0,1,-1,0,0,-1,0,0,1,1
-1,0,0,0,0,0,0,-0.733333,0,1,0,0,0,0,0,0,-0.764706,1,0,0,1,0,1,0,0,0,0,0,2,0,0,0,1.6565,4,0,0,0,-1,0,0,0.871505,0,0,-0.758035,4,2,0,0,0,0,0,0,0,0,0,-2,0,0,0,0,0,-1,-1,0,0,2,1,-2,3,0,0,-1,0,0,0,0,0,1,0,0,0,2,1,0,0,2,0,-0.369526,0,0,-0.531745,0,0,0,-1,0,0,0,0,0,0,1,1
0,1,0,0,0,0,0,-0.79661,0,0,0,0,0,0,2,1,0.530184,0,0,0,0,1,0,0,1,0,0,0,0,0,1,0,2.89642,3,0,0,1,1,0,0,2.8676,0,0,-0.832134,-1,0,0,1,-1,0,0,0,0,0,1,0,0,0,0,1,0,0,0,1,0,1,0,0,0,0,0,0,0,0,0,0,0,0,0,0,-1,0,0,0,0,0,2,0.861404,0,1,-0.654068,0,1,0,0,0,1,-1,1,1,0,1,1
0,0,1,0,0,0,0,-0.764939,0,0,0,0,1,-1,0,0,-0.614621,1,0,0,0,1,0,-2,1,0,0,0,0,0,0,0,1.12987,9,0,1,1,0,0,0,2.500126,2,0,-0.571429,0,0,0,0,0,0,0,0,0,0,1,0,0,0,1,0,0,0,-3,1,0,0,0,-1,0,0,0,0,0,0,0,0,6,0,0,1,0,0,0,-1,0,0,0,-0.781818,0,2,-0.646815,3,1,0,1,0,1,0,2,1,0,1,1
0,0,0,0,0,2,0,-0.04739,0,0,3,0,0,0,0,0,-0.593269,0,0,-4,-2,0,0,1,1,0,0,0,0,0,1,2,0.8,1,0,0,1,1,0,0,3.25,-1,0,-0.666236,2,0,0,0,0,0,1,-1,1,0,0,1,0,0,0,0,-1,0,0,0,1,0,0,0,0,-1,0,0,0,0,0,0,0,3,0,0,0,0,0,0,-1,-1,-2,-0.236383,0,-2,-0.6,0,2,0,0,0,0,0,0,1,0,1,1
0,0,0,0,0,1,0,-0.622699,0,0,0,0,0,0,-2,3,-0.552435,-1,1,1,0,0,2,0,-1,0,0,0,1,0,1,0,1.10221,19,0,0,1,0,1,0,0.411168,0,0,-0.821255,0,0,0,0,1,0,0,0,0,-1,0,0,0,-2,0,-1,0,-1,-1,0,0,2,0,0,0,0,0,1,0,0,0,1,0,0,0,0,0,1,0,2,1,3,0,-0.519213,-1,-1,-0.618955,2,0,-1,0,0,0,-1,0,0,0,1,1
0,0,0,0,0,-1,1,-0.586207,0,0,0,0,0,0,1,0,-0.545217,0,0,3,0,0,0,0,0,0,0,0,-2,0,1,0,2.12497,1,-1,0,-1,-1,1,0,0.600107,1,-1,2.741094,0,1,0,0,1,-1,-2,0,0,0,0,0,0,0,3,0,0,0,0,1,0,0,0,1,0,1,4,-3,0,-1,0,0,0,0,0,0,0,0,1,0,1,0,0,-0.278107,0,-1,-0.913247,0,1,0,0,-1,0,0,0,0,-1,1,1
0,0,0,0,0,0,0,0.085256,0,0,-1,0,0,0,0,-1,-0.23704,0,1,1,0,0,0,-1,0,-1,0,0,-1,0,-1,-1,0.98965,3,0,0,0,0,1,0,0.50097,2,0,-0.756326,0,-1,-1,0,0,-1,0,0,0,0,0,0,0,1,0,0,0,1,0,0,0,0,2,-1,0,1,-1,-1,0,0,0,-1,0,-1,0,0,0,1,0,-1,1,4,0,-0.820896,0,0,-0.632322,0,0,0,0,0,0,0,0,0,1,1,1
0,0,-1,1,0,0,2,-0.15732,0,0,0,0,0,0,0,1,-0.290185,0,0,1,5,1,0,0,1,1,0,0,0,0,2,0,1.31429,4,-1,0,0,1,0,0,0.885013,0,-1,-0.693296,1,0,1,0,0,0,-1,0,0,0,1,2,1,0,0,-1,0,0,0,0,1,0,0,0,0,1,0,0,0,0,2,0,0,0,0,0,0,0,0,0,0,2,0,-0.676681,0,0,-0.534117,0,0,0,0,0,-2,0,0,0,1,1,1
0,0,0,1,0,0,-1,-0.542264,0,0,0,1,0,0,0,0,-0.424948,0,2,0,0,0,0,0,1,0,0,0,-1,0,-1,0,1.31429,8,0,0,5,1,-1,0,1.215147,0,0,-0.798847,1,-1,0,0,0,0,0,0,2,0,0,0,1,0,0,0,0,0,-1,0,1,0,0,0,-3,0,0,0,1,0,0,0,0,0,0,1,0,0,0,0,0,2,0,-0.685947,0,0,-0.435635,3,0,0,0,0,-2,0,0,0,1,1,1
0,0,0,0,0,0,-1,-0.629251,0,0,-1,0,0,0,-1,0,-0.432672,0,0,0,1,0,0,2,0,0,0,0,0,-2,0,0,1.33372,7,0,0,3,1,0,0,0.780522,0,0,-0.716216,0,2,0,1,2,0,0,1,0,0,1,1,1,0,0,0,0,0,0,1,1,1,0,0,0,0,0,0,3,0,0,0,0,0,0,0,0,-4,0,1,0,-1,0,-0.641104,0,0,1.689703,0,1,0,0,0,0,0,0,0,0,1,1
0,0,-2,-1,0,0,-1,2.78947,0,0,1,0,0,1,-1,0,-0.70583,0,0,-2,0,0,-1,0,1,0,0,0,1,0,0,0,0.63446,1,0,0,0,0,2,0,0.25,0,0,-0.512861,0,1,0,-1,0,0,0,0,0,0,0,0,-1,0,0,0,0,0,0,-1,0,0,0,0,0,0,2,-1,1,0,0,0,-1,0,0,0,-1,1,0,1,1,0,0,-0.647059,0,0,-0.793103,0,0,0,0,-1,0,0,0,1,1,0,1
0,0,0,-1,0,3,0,2.78947,0,0,0,0,0,-1,0,0,-0.701733,0,0,0,3,0,1,-3,0,0,0,0,-1,0,0,0,0.57232,0,0,0,0,0,0,0,0.25,0,0,-0.521883,0,0,0,0,0,0,0,0,0,0,0,0,0,0,0,0,0,0,0,0,-1,0,1,0,-1,1,2,0,1,0,0,0,0,0,-1,0,0,1,0,0,0,-3,0,-0.628807,0,0,-0.188345,1,0,1,0,0,0,0,0,1,0,0,1
0,2,-2,-3,0,1,0,2.78947,0,0,0,0,0,0,0,0,-0.51948,0,0,0,0,0,2,-3,1,2,0,1,0,1,0,0,0.68263,7,0,-2,0,0,0,0,0.524121,0,0,-0.479897,0,-3,0,-1,0,0,0,0,0,1,0,0,0,0,0,0,0,0,0,-1,1,0,2,0,0,0,0,-1,1,0,0,2,-1,0,0,0,0,1,0,0,1,0,-1,-0.773687,0,0,-0.793103,0,0,2,0,0,-1,0,0,1,0,0,1
0,0,0,3,0,2,1,-0.823529,0,0,0,-1,0,0,0,0,-0.619044,0,1,-1,0,0,1,0,0,0,0,0,0,0,-1,0,0.97143,1,0,0,0,0,0,0,0.458344,0,0,-0.71793,0,0,0,0,-1,0,-1,1,0,0,0,0,0,0,1,0,0,0,0,2,0,1,1,1,0,0,0,-1,0,1,0,0,-2,-4,0,0,0,1,0,0,-1,0,0,-0.774946,0,0,0.062911,0,0,0,0,0,0,0,-2,0,0,1,1
0,1,0,0,0,0,0,-0.731592,0,0,0,0,0,0,0,0,-0.658046,0,1,1,0,-2,1,0,0,-1,0,0,0,2,0,0,0.89176,1,1,0,0,0,-1,0,1.509758,0,-1,-0.654666,0,1,0,0,0,0,0,0,0,0,0,0,-1,0,0,3,0,0,0,0,1,1,0,0,2,0,0,0,0,0,0,0,1,0,0,0,0,1,0,0,0,2,0,-0.861985,3,0,-0.598686,0,0,0,0,0,0,-1,0,0,0,1,1
0,0,0,0,0,3,0,-0.820818,1,0,0,0,-2,0,0,3,-0.663856,-1,0,1,0,0,0,1,0,0,-2,0,0,0,-2,0,1.36882,8,0,0,-3,1,0,0,0.202328,-2,0,-0.659856,0,0,1,0,-1,0,0,-1,0,0,0,0,-3,0,-1,0,0,0,0,0,-3,2,0,-2,0,1,0,-1,0,-1,0,0,0,1,0,-1,0,-2,0,0,0,-5,0,-0.788752,0,0,0.202374,2,0,1,0,0,1,1,2,0,0,1,1
0,2,2,-1,1,0,0,-0.660557,0,0,0,0,0,0,0,0,-0.612467,0,-2,1,0,0,0,0,0,0,1,0,0,0,0,0,2.16686,0,0,0,1,0,0,0,0.239456,0,0,-0.643187,0,-1,0,0,-3,0,0,0,0,0,1,1,-2,0,0,0,-1,0,-2,-1,0,0,-1,0,2,0,2,-3,2,0,1,-1,0,-1,0,1,0,0,1,0,0,0,0,-0.41555,1,0,-0.625,1,0,0,0,0,0,1,0,0,0,0,1
0,0,-1,3,0,0,-1,-0.670336,0,1,0,0,0,0,0,0,-0.625092,0,0,1,0,0,1,0,0,0,0,-1,0,1,0,0,1.23544,1,0,0,0,0,0,0,0.204545,1,0,-0.821263,0,0,0,-1,1,0,0,1,0,1,1,0,0,0,0,0,0,0,0,0,0,0,0,0,0,-1,-3,0,2,0,-1,0,0,0,0,0,0,0,0,1,0,0,0,-0.726069,0,0,-0.489369,0,0,0,0,1,-1,0,0,0,2,0,1
0,-1,-2,0,0,0,0,-0.641478,0,0,0,0,0,-2,0,0,-0.668604,0,1,1,0,0,0,0,0,0,1,-2,1,1,0,0,2.54395,1,1,-2,1,0,0,0,0.472429,0,0,-0.529074,2,0,0,1,0,0,0,0,0,0,2,0,0,0,1,0,0,0,0,3,0,0,1,0,-2,0,-1,0,1,1,0,0,-1,0,1,0,2,0,0,0,0,1,0,-0.546339,0,0,-0.554494,0,0,0,0,-1,1,0,0,0,0,0,1
0,0,3,0,0,0,0,0.32953,0,0,0,0,0,0,2,1,-0.719481,0,0,0,0,0,0,1,0,0,0,0,0,0,0,0,1.56837,4,0,0,0,0,0,0,3.217588,0,0,-0.795012,0,0,-1,0,1,0,-1,0,0,0,1,0,1,0,-3,-1,0,0,0,1,0,1,1,0,3,0,0,0,0,-2,0,0,1,0,0,1,0,1,0,1,0,1,0,-0.78501,0,0,-0.656591,2,0,0,0,0,0,0,0,1,0,1,1
0,0,0,0,0,0,-1,-0.769331,0,0,0,-1,0,0,0,0,-0.713054,1,0,1,-1,0,0,1,1,0,0,-1,-1,0,1,0,1.11429,8,0,0,0,0,1,0,2.869192,2,0,-0.911331,0,-1,0,1,2,1,0,0,0,2,1,2,0,0,0,2,0,0,0,1,0,1,0,0,0,-1,1,0,0,0,0,1,0,-2,0,0,0,0,0,1,1,0,0,-0.668348,0,0,-0.002882,2,0,0,0,0,1,1,0,1,-1,1,1
0,0,-1,0,0,2,0,-0.520102,0,0,-1,0,0,0,0,1,-0.711259,0,0,0,0,0,0,1,0,0,0,2,0,0,1,0,0.6818,8,-1,0,0,0,0,0,3.667031,0,0,-0.906808,0,0,0,0,-2,0,-1,0,1,0,1,0,1,1,2,0,0,0,0,1,1,1,1,0,0,0,2,-1,0,2,0,0,1,0,0,1,0,0,0,1,0,0,-1,-0.657143,0,0,-0.719211,0,0,0,-2,1,0,3,0,1,0,1,1
0,0,-2,1,-1,1,0,-0.550664,-1,0,0,0,-2,0,0,0,-0.719405,0,1,1,0,0,0,2,0,0,0,0,3,0,0,0,1.13351,5,0,0,0,-2,1,0,2.58854,0,1,-0.72331,0,0,0,0,3,2,0,-1,0,1,0,0,0,1,0,1,0,0,0,0,-1,0,0,0,4,0,1,-1,1,0,0,0,0,0,0,0,0,0,0,0,0,1,1,-0.592636,0,0,-0.793103,0,0,0,-1,0,0,0,1,1,1,1,1
0,-1,0,1,0,1,-1,-0.705908,0,0,0,0,0,0,0,0,-0.823628,0,1,1,2,0,-2,0,0,0,-3,0,0,0,0,0,0.70201,3,1,0,0,0,2,0,2.081656,0,1,-0.208858,0,1,0,0,0,1,-1,0,0,1,0,-2,0,0,0,1,0,0,1,1,1,-4,1,-1,0,0,2,0,1,0,0,0,0,0,0,0,0,1,0,0,0,0,0,-0.779316,0,0,-0.645119,0,0,0,0,0,0,0,0,0,0,1,1
-1,0,1,0,0,1,0,-0.709578,0,-1,0,0,0,0,0,0,-0.364247,0,1,1,0,0,0,0,0,0,1,-1,-1,0,0,-1,0.98469,7,1,0,0,0,0,0,1.025958,0,1,-0.64058,0,0,0,0,0,0,0,0,0,1,1,0,0,0,0,0,-1,1,0,0,0,0,0,0,0,1,1,-1,1,0,0,0,0,-1,0,1,0,0,0,0,0,0,0,-0.652349,0,0,-0.793103,0,0,0,0,0,0,0,-1,0,0,1,1
0,0,0,-1,0,-2,-1,-0.579625,0,0,0,0,0,0,0,0,-0.873915,0,0,3,0,1,0,0,0,0,0,0,2,0,1,0,0.96591,1,0,0,1,0,0,0,0.783895,0,0,-0.683964,-2,0,0,0,0,0,0,0,0,-1,0,1,0,0,0,1,0,0,0,-1,0,0,0,0,1,1,-2,0,0,0,0,0,0,0,0,0,0,0,0,1,0,3,0,-0.277506,1,0,-0.625,0,0,-1,0,1,0,0,0,3,3,0,1
0,-1,-1,0,-1,0,0,-0.663121,0,0,0,0,2,0,0,0,1.548069,0,0,0,0,0,-1,0,0,0,0,0,0,0,0,0,2.26215,0,0,0,1,1,0,0,0.484634,0,-1,-0.683841,1,0,0,0,0,0,0,1,-1,0,0,0,0,0,2,0,0,0,0,0,0,0,0,0,0,0,0,-1,0,1,-1,0,0,0,0,0,0,0,0,1,0,0,0,-0.778698,0,0,-0.72665,0,0,0,0,1,0,-1,0,1,0,0,1
0,0,0,0,0,0,0,-0.796353,0,0,0,1,0,0,0,0,-0.647059,0,0,0,0,0,0,0,1,0,0,0,-1,-1,0,0,1.28139,8,0,0,0,0,-1,0,0.566154,0,0,-0.689685,0,0,-1,0,0,0,0,0,0,0,0,0,-2,0,0,0,0,0,0,1,1,0,0,0,0,0,0,2,-1,0,2,0,0,-4,0,0,-1,3,0,1,0,1,-1,-0.725379,0,0,-0.625,0,-1,0,0,0,0,0,1,2,0,0,1
0,0,0,2,0,0,0,0.805635,0,0,0,-2,0,0,0,0,1.45955,-1,0,0,1,0,0,0,0,0,0,0,0,-2,2,-1,0.5321,2,0,0,1,-1,0,0,0.291263,0,-2,-0.651788,1,0,0,0,-4,0,1,0,1,0,-1,0,0,0,-2,0,0,0,0,0,0,0,0,0,0,-1,1,0,0,2,0,0,0,0,0,0,0,0,0,0,0,0,1,-0.586207,0,1,-0.608374,1,0,0,0,0,0,0,1,1,0,0,1
0,2,-1,1,0,-5,0,-0.810774,0,-1,-1,0,0,0,-3,0,-0.763458,-2,-1,0,0,0,0,2,0,0,0,0,0,0,0,0,0.85714,1,0,0,1,0,0,0,0.2,0,-1,-0.62631,-2,-1,0,0,-2,0,0,0,0,2,1,0,0,0,0,0,0,1,1,0,0,0,-3,0,2,0,0,-1,-2,-1,2,0,0,-3,0,0,0,0,0,0,0,0,0,-0.515205,0,0,-0.888219,0,0,0,1,0,1,0,0,2,0,0,1
0,0,2,1,0,2,0,-0.689473,1,1,0,1,0,0,1,0,-0.907361,-1,0,0,0,-1,0,0,0,0,0,0,0,1,-1,0,0.85714,0,0,0,0,2,0,0,0.179835,0,0,0.14129,2,1,0,0,0,0,2,0,0,0,0,0,1,0,0,-1,0,1,0,0,0,1,0,0,0,1,0,0,-1,0,-1,0,-1,1,0,0,0,-2,0,0,0,-1,-1,-0.599784,-2,1,-0.706371,0,-1,4,1,0,1,0,3,0,1,0,1
0,0,0,3,0,0,0,-0.414443,0,0,0,0,0,0,0,0,-0.876356,-1,0,1,1,0,1,0,0,0,0,2,0,0,-2,0,0.96059,3,-2,0,0,1,0,0,1.37143,-2,0,-0.752767,0,0,0,0,0,2,1,0,0,-1,0,-1,2,0,0,-1,0,0,1,0,0,1,1,1,0,0,1,0,3,0,-1,0,0,0,0,1,0,1,0,0,0,0,0,-0.362025,0,0,-0.419915,3,0,0,0,0,0,0,0,0,1,0,1
0,0,0,0,0,-2,0,-0.443834,0,0,0,0,3,2,0,2,-0.570513,0,0,0,0,0,0,-3,0,2,0,-1,0,0,0,0,1.24443,4,0,0,2,0,-2,-1,1.72932,0,0,-0.577026,0,0,0,0,0,0,1,0,0,0,0,0,0,0,0,0,0,0,0,0,0,1,0,0,1,0,-1,0,0,0,0,0,1,1,0,1,0,1,0,0,0,0,0,-0.751309,0,-1,-0.618165,0,0,0,0,0,0,-1,0,0,0,0,1
0,0,4,0,-2,0,0,-0.88385,-1,0,0,0,0,0,0,1,-0.571429,0,-3,0,-1,0,0,0,0,-1,1,0,0,-1,0,0,1.41336,3,0,0,1,1,0,0,2.651302,0,0,-0.390261,0,0,0,0,0,-2,0,0,0,0,0,0,0,0,2,0,0,0,1,0,0,0,0,0,0,0,0,0,0,0,0,0,3,0,0,1,0,-1,0,0,0,0,1,-0.755102,0,0,-0.233457,0,0,0,0,0,0,0,0,0,1,0,1
0,1,0,0,0,-1,0,-0.703136,0,-2,0,0,0,0,2,-2,-0.840808,0,0,0,1,0,-1,0,0,0,0,0,0,0,0,0,0.93409,0,0,0,0,0,0,0,0.205882,0,0,-0.596834,0,-3,0,0,2,0,0,0,-1,-3,-4,3,0,0,0,0,0,0,1,0,0,0,0,1,0,0,1,0,0,0,0,0,0,0,0,0,0,1,1,0,0,0,0,-0.425619,0,0,8.802601,0,0,0,0,0,3,0,0,0,0,0,1
0,0,0,0,0,0,0,-0.427255,0,0,0,0,-1,0,0,0,-0.73913,0,0,-1,0,0,-1,0,0,1,0,0,0,0,0,0,0.97143,0,0,0,0,-1,1,0,0.216121,1,0,-0.357913,0,0,0,0,0,0,0,0,0,-1,0,1,0,0,0,0,1,0,0,0,0,0,0,2,0,0,0,0,0,5,1,0,0,2,0,0,0,0,0,-1,0,0,0,-0.275022,-1,0,8.81818,1,0,1,2,1,0,0,3,0,1,0,1
0,0,0,-1,0,0,0,0.501758,-1,1,0,2,0,0,-1,1,-0.329808,0,0,1,0,0,0,0,0,1,0,0,2,0,0,1,0.45409,5,0,0,0,0,1,0,0.195638,0,0,-0.867731,0,0,0,0,0,1,2,-3,0,1,0,1,-2,0,0,1,0,0,2,0,0,0,0,0,0,0,0,0,0,0,1,0,0,0,0,0,0,0,1,0,0,-2,0,-0.727273,0,0,8.653458,3,0,2,0,0,0,1,-1,0,0,0,1
0,0,0,0,0,0,0,-0.227623,0,0,0,0,0,2,-1,0,-0.848371,0,1,-2,0,0,0,0,0,0,0,0,0,-2,0,0,1.1844,2,0,1,-1,0,0,0,1.082924,0,0,-0.79652,0,0,0,0,0,2,0,0,1,0,0,0,0,0,0,1,0,0,1,1,2,0,1,1,3,0,0,0,0,0,3,0,0,0,0,0,0,0,0,1,0,0,0,-0.46139,0,0,-0.705028,0,0,-2,0,0,0,-1,1,1,0,1,1
0,1,0,1,0,0,0,0.129319,0,0,0,0,0,0,0,0,-0.702602,0,1,0,0,0,0,0,0,0,-1,0,0,0,0,0,1.27301,1,0,0,0,-1,0,0,0.881886,0,0,-0.790242,0,0,0,0,0,0,0,1,1,0,0,0,0,0,0,0,2,0,0,0,0,0,0,-1,0,-1,4,0,-2,0,0,0,0,0,0,0,0,0,0,0,1,0,0,-0.586207,0,0,-0.693004,0,0,0,1,0,0,-1,0,1,1,1,1
0,0,0,-2,0,2,0,-0.397557,2,0,-1,3,0,0,2,1,-0.800963,0,1,0,0,0,-1,0,3,0,0,0,0,0,0,0,0.75835,2,0,0,1,0,0,0,0.473529,1,0,-0.7686,0,-1,0,0,1,1,-2,0,0,0,0,0,0,0,0,0,0,1,0,0,0,0,1,0,0,-1,0,1,0,0,3,0,0,0,0,1,0,0,0,0,0,0,1,-0.852564,0,0,-0.649004,0,1,0,0,1,0,0,1,0,0,1,1
1,1,0,0,0,-2,0,-0.713745,2,0,0,0,0,0,0,0,-0.722916,-1,0,0,0,0,0,0,0,0,1,0,0,0,0,2,0.98553,4,0,0,0,0,0,2,0.928113,1,0,-0.660024,1,1,0,0,1,0,0,0,0,0,0,0,0,-1,-1,0,0,0,-1,0,0,0,0,0,0,0,0,0,0,2,2,-1,0,0,0,0,0,1,0,1,0,2,-1,-0.733993,1,0,-0.591165,0,1,0,0,1,0,1,1,0,2,0,1
0,0,-1,1,0,0,0,-0.727273,0,0,0,0,-1,0,0,0,-0.770661,0,0,3,-5,0,0,1,0,0,0,0,0,0,0,0,0.97143,4,0,0,0,-1,0,0,1.0,1,0,-0.341817,1,-3,0,0,0,-1,0,0,-1,0,0,2,4,0,-2,0,0,0,0,0,0,0,0,0,0,0,0,0,1,0,0,-1,-1,0,0,0,0,0,0,-1,0,1,0,-0.72376,-1,0,-0.523573,-1,0,0,0,1,0,0,0,2,0,0,1
0,0,0,-1,0,-1,0,-0.727273,0,0,0,-1,0,0,0,0,-0.659816,0,-1,0,0,-1,0,0,0,0,0,0,0,-1,0,0,0.8146,1,0,-2,1,0,0,0,1.72171,0,0,-0.258362,1,0,0,-1,0,0,0,0,0,0,0,0,0,0,0,1,0,0,0,0,-4,0,0,0,0,0,0,0,1,0,0,0,1,0,0,0,1,0,0,-1,0,0,0,-0.543901,1,0,-0.566758,-2,0,0,0,1,2,1,0,0,0,0,1
0,-2,0,1,0,0,-1,-0.73913,-1,-1,0,0,-1,0,0,2,-0.650867,0,0,0,1,0,0,0,0,0,0,0,0,0,0,0,0.94118,3,0,-2,1,1,0,0,1.146495,0,-1,-0.624323,0,0,-1,-1,2,0,0,-1,0,0,0,3,-1,0,1,0,0,-1,0,0,0,1,0,-3,-1,0,0,-1,0,1,0,0,0,1,0,0,0,-1,0,4,0,0,0,-0.505051,1,-3,-0.636364,0,0,0,0,1,0,1,0,0,2,0,1
0,0,0,1,0,0,0,-0.73913,0,0,2,1,0,0,0,0,-0.535911,0,0,0,0,-1,0,0,0,0,1,0,2,0,0,0,1.14643,2,0,0,1,1,0,0,0.752809,-1,1,-0.292267,-1,0,-1,0,0,0,0,-1,0,0,0,0,0,0,0,0,0,-1,0,0,-1,-2,0,0,2,1,0,0,0,0,0,0,0,0,0,0,0,0,0,-1,0,0,0,-0.907016,0,-1,-0.628136,0,0,1,0,1,0,0,1,-1,4,0,1
0,0,-1,3,0,0,-2,-0.793122,0,0,0,0,-1,0,0,1,-0.571429,0,0,0,0,0,0,0,0,-1,0,-1,1,-1,0,0,1.31075,5,0,-2,1,0,0,0,0.805477,0,0,-0.614359,3,1,1,0,0,0,0,1,0,0,0,0,1,0,0,0,0,0,0,2,0,0,0,-1,0,0,0,-1,0,0,2,0,0,-1,0,0,0,0,0,0,0,0,0,0.050981,0,0,-0.686626,0,0,0,0,1,0,-1,0,0,0,0,1
0,-2,0,0,0,0,0,0.263614,0,1,0,0,0,-1,0,0,-0.749165,0,0,0,0,1,0,0,1,0,0,0,0,0,0,1,0.53532,0,1,0,2,0,0,1,0.266667,0,0,8.482462,1,1,0,0,0,0,-1,0,1,0,1,0,0,0,0,0,0,0,0,1,-2,2,0,0,0,0,1,0,1,0,0,0,1,0,0,0,0,0,0,0,0,0,1,-0.707317,0,0,-0.844156,0,1,0,0,0,0,0,0,0,0,0,1
0,0,2,2,0,-1,3,-0.538462,0,0,0,0,0,0,0,-2,-0.707317,1,0,0,0,1,1,0,1,-2,1,-1,1,-1,0,0,1.28571,7,0,0,0,1,0,0,0.266667,-1,1,8.06667,0,0,0,1,1,0,1,0,1,0,0,0,-1,0,0,0,0,0,0,0,-1,2,0,2,-4,-1,2,0,0,0,0,0,0,0,0,0,0,-1,0,0,1,1,-2,-0.710168,0,0,-0.719348,-1,1,0,0,-1,2,0,3,0,0,0,1
0,0,2,0,0,-2,2,-0.038081,0,0,1,0,0,0,0,0,-0.849426,0,0,0,0,1,1,0,1,0,0,0,1,0,0,0,1.39342,5,1,0,0,0,2,0,0.196839,0,0,7.42218,0,1,1,-1,0,-1,0,0,0,1,1,0,0,1,2,1,-1,0,1,-1,0,0,0,2,0,0,0,4,1,-1,0,0,1,0,0,0,0,0,0,0,0,-3,0,-0.793507,0,0,0.484122,0,1,3,0,0,1,0,0,0,0,0,1
0,0,-3,0,0,-1,0,-0.557797,0,0,-1,0,-1,0,0,1,-0.119888,0,0,0,1,-1,2,0,0,0,0,0,0,-1,1,0,1.72404,3,0,0,1,2,0,0,1.615626,0,0,-0.84231,-2,0,1,0,-1,1,0,-1,0,1,-1,1,0,0,1,0,0,0,0,0,0,0,0,2,3,-2,0,1,0,1,0,0,0,0,0,0,0,-1,0,1,0,0,0,-0.825317,0,0,-0.779678,0,0,1,1,0,0,0,0,0,0,0,1
0,0,0,0,0,0,0,-0.586207,0,1,3,0,0,0,0,0,-0.634938,0,0,0,1,-1,0,0,0,0,0,0,1,0,-4,0,0.91171,5,0,0,0,0,0,-1,1.886274,1,0,-0.728407,0,0,0,0,0,0,1,0,-1,1,0,0,-1,0,-1,0,0,0,0,0,3,0,0,0,2,0,1,-1,1,1,0,0,0,0,0,0,0,-2,0,1,-1,-1,0,-0.59919,-2,0,-0.729965,0,0,2,0,0,1,0,1,1,0,0,1
0,0,0,0,0,-4,0,0.33328,1,0,1,0,-1,0,0,0,-0.428571,0,0,0,-1,-1,0,0,0,0,0,0,2,0,3,0,0.88317,7,0,0,0,0,0,0,1.44793,0,0,-0.686632,-1,0,0,0,0,0,1,1,0,-1,1,0,0,0,0,0,1,0,2,0,0,0,0,0,0,0,0,0,1,0,0,0,0,-1,0,0,0,0,0,1,0,1,0,-0.511737,0,0,-0.728824,0,0,0,0,0,-1,-1,1,0,-2,0,1
0,0,0,1,0,0,0,-0.224197,0,1,0,0,0,0,0,2,-0.574676,0,0,0,0,1,0,0,1,0,0,0,2,2,-2,-1,1.14478,5,0,0,1,2,0,0,3.737702,0,0,-0.738738,0,1,0,0,0,0,0,0,0,0,0,0,0,-1,0,0,0,0,-1,-4,0,0,0,0,0,0,0,1,1,0,-1,0,1,2,0,0,0,1,0,0,0,1,1,0.118093,0,0,-0.219982,0,0,0,3,0,1,0,0,1,1,1,1
0,1,2,0,0,0,0,-0.290526,0,0,0,0,0,1,-1,1,-0.480214,0,0,1,2,0,-2,0,0,1,0,1,2,0,-1,0,1.28113,4,1,1,2,0,0,1,1.443092,2,0,-0.835307,0,1,0,0,0,0,0,0,0,0,1,1,0,2,0,0,0,0,0,0,0,1,0,1,0,0,0,0,0,0,0,0,0,0,-1,0,0,1,0,-2,0,-1,1,-0.62887,0,0,-0.705845,2,0,0,0,0,1,3,0,0,1,1,1
0,2,0,0,0,0,0,-0.459459,0,1,0,1,0,0,0,0,-0.602962,0,0,0,0,1,1,0,1,0,0,-1,0,2,0,0,1.82857,3,0,1,0,0,1,0,1.077886,2,0,-0.8125,0,0,0,0,0,0,0,0,0,0,0,1,0,0,3,1,0,0,-1,1,-1,1,0,0,0,0,0,4,0,0,-1,0,0,0,0,0,0,0,0,0,0,0,0,-0.666667,-1,-1,-0.08542,-4,0,4,0,0,0,0,-1,0,1,1,1
0,0,0,0,0,0,0,-0.476908,-1,0,-1,0,1,0,0,0,-0.430968,0,3,0,0,1,0,0,0,0,0,0,0,2,0,0,1.38285,4,0,0,0,1,1,0,2.403138,0,1,-0.644208,0,0,0,0,-1,0,1,0,-1,-1,1,2,0,-1,0,0,1,0,0,0,0,1,-1,0,0,-1,0,0,0,0,0,0,0,0,2,0,0,1,0,-5,0,0,0,-0.686397,1,0,-0.749158,0,0,0,0,0,-2,0,0,1,2,1,1
0,-2,0,0,-1,0,0,-0.568306,0,0,-2,0,0,0,-2,0,-0.07578,0,0,0,-4,1,0,-1,0,1,0,0,0,0,0,0,1.27048,0,2,0,0,3,-1,0,1.391471,0,0,-0.551432,0,0,0,0,0,0,1,0,0,0,1,1,0,0,0,0,1,0,2,1,1,0,0,0,2,-1,0,0,-2,0,0,0,0,0,0,0,0,0,0,0,0,2,0,-0.863843,0,0,-0.707541,0,0,4,2,0,0,1,0,0,1,1,1
0,0,1,0,0,0,0,-0.586207,0,0,0,0,0,2,0,0,-0.570037,0,0,-1,0,1,0,0,0,1,0,0,0,0,-1,0,1.42498,0,0,0,1,2,0,0,1.038545,0,0,-0.655776,0,0,0,0,1,0,0,0,0,0,1,1,0,0,2,1,1,0,-1,0,1,0,1,0,3,0,0,0,0,0,2,0,0,-2,0,0,0,0,-1,0,0,0,1,-0.684211,-2,-1,-0.647897,0,0,0,-1,0,0,0,4,0,1,1,1
0,0,-2,0,2,0,0,-0.250348,0,-1,-1,0,0,0,5,0,-0.896737,0,0,0,0,0,0,0,0,0,0,0,0,0,0,0,0.83703,2,0,0,0,0,0,-1,1.313319,0,0,-0.835046,0,0,0,0,-1,0,0,0,0,0,0,3,-1,-1,0,0,0,0,2,1,1,0,1,2,0,0,1,0,0,0,2,0,0,3,0,0,-1,0,0,0,0,-1,1,-0.83066,1,0,-0.746856,2,1,0,0,0,0,0,0,0,-1,1,1
0,-1,0,0,0,0,0,-0.585379,1,1,-1,-1,0,-1,0,0,-0.762669,0,0,0,1,0,0,0,0,0,0,0,0,3,-1,0,1.46944,5,0,0,0,0,0,0,2.341946,-2,0,-0.816582,0,0,0,0,0,0,0,0,0,0,0,0,0,-1,0,0,0,0,0,0,0,0,1,0,0,0,1,0,0,0,2,0,0,3,0,0,0,0,0,2,1,0,1,-0.774572,0,0,-0.571227,0,0,0,-1,0,0,0,0,1,0,1,1
0,0,0,1,0,0,1,-0.518439,0,0,0,0,0,0,0,0,-0.41271,0,0,0,1,0,0,0,0,0,0,0,0,5,0,0,1.38375,9,0,0,0,0,-1,0,0.473946,1,0,-0.891382,0,0,0,1,0,0,0,0,0,2,0,0,0,0,-1,0,0,0,0,-1,0,0,1,2,0,0,1,0,-1,0,0,0,0,0,0,0,-1,1,0,0,0,-2,0,-0.855276,-1,-1,-0.725619,0,0,0,0,0,0,0,0,1,0,1,1
0,-1,0,0,-1,0,0,-0.7,1,-2,0,-1,1,0,0,0,-0.699041,0,1,0,0,1,0,0,0,1,0,0,0,0,-1,0,1.18138,8,0,0,0,0,0,-1,1.491715,2,0,-0.631705,0,1,0,0,0,-1,0,0,0,0,1,-1,0,0,2,0,0,-1,2,1,3,1,1,-1,0,0,-1,2,0,2,0,0,1,0,1,0,0,0,0,0,0,2,0,-0.785475,0,0,-0.719524,0,0,0,1,0,2,0,0,0,-4,1,1
0,0,0,0,-1,0,0,-0.861537,1,-1,0,0,1,0,0,3,-0.447229,0,1,0,0,1,0,3,0,0,-1,0,0,2,0,2,1.24916,7,0,0,0,0,0,0,1.412771,4,0,-0.730553,0,0,0,0,0,0,0,0,0,0,0,-1,0,0,0,0,1,0,0,0,0,0,1,-1,0,0,0,0,0,-2,0,0,1,0,-1,0,0,1,0,0,0,0,0,-0.870071,2,0,-0.930657,0,0,0,1,0,0,0,0,0,0,1,1
0,1,0,1,0,1,0,-0.7,1,0,1,0,1,0,0,0,-0.484212,0,1,0,-1,1,0,0,0,0,0,4,0,0,0,0,1.52655,2,0,0,0,0,0,0,1.358542,0,0,-0.821338,0,1,0,0,0,0,0,-1,0,0,0,1,0,0,2,0,-1,0,0,1,0,1,1,0,0,0,2,0,1,0,0,0,0,0,0,0,0,1,0,0,0,0,-1,-0.336244,0,0,-0.768408,-1,0,3,0,0,0,0,0,0,0,1,1
0,0,0,0,0,0,0,-0.531945,0,0,0,0,0,0,0,0,-0.557642,0,0,0,-1,0,0,0,0,0,0,0,0,0,0,1,1.43034,0,1,0,0,0,0,0,1.114177,0,0,-0.858047,0,0,0,0,0,0,0,0,0,0,1,0,3,0,0,0,0,0,0,-2,1,-1,0,0,0,0,2,0,0,0,0,0,0,0,0,0,0,0,0,-1,0,-2,0,-0.375392,0,0,-0.691643,0,0,0,0,0,1,2,1,0,0,1,1
0,0,0,0,0,2,0,-0.498437,0,1,1,0,1,0,0,0,-0.657143,0,0,0,0,0,-1,-3,0,0,0,0,0,2,0,0,1.84971,7,0,0,-1,1,0,-1,1.294823,2,0,-0.85224,3,0,1,0,0,0,0,0,0,0,0,4,0,0,0,0,0,0,0,2,0,0,1,0,0,-1,1,0,0,0,0,0,0,-1,0,0,0,1,0,0,0,0,-1,-0.393808,0,0,-0.62422,-3,0,0,0,0,1,0,0,0,1,1,1
0,0,1,0,0,0,0,-0.499625,0,0,0,1,0,0,-3,0,-0.651959,0,0,0,0,0,-1,0,0,0,0,0,0,0,2,0,1.9649,2,0,0,-2,2,0,0,1.129136,2,0,-0.684774,0,0,0,0,3,0,0,0,0,0,1,0,0,0,0,0,0,0,0,-3,0,0,-2,-2,0,0,0,-1,0,0,3,0,1,0,0,0,0,0,0,0,0,0,0,-0.538462,0,0,-0.59476,0,0,3,0,0,1,0,1,0,4,1,1
0,0,0,-1,0,0,0,-0.607755,0,0,0,1,-2,0,0,0,-0.588264,0,0,0,0,0,0,1,0,-2,0,0,0,0,1,-1,1.59984,14,-1,0,0,1,0,0,0.566832,2,0,-0.656869,0,0,0,1,0,0,2,1,0,0,0,0,-1,-1,0,0,0,0,0,1,-1,-1,-1,1,0,0,0,0,0,1,0,0,0,0,0,0,0,0,0,1,0,0,0,-0.555556,0,0,-0.684211,0,0,2,0,0,0,1,-2,-2,0,0,1
0,0,0,2,0,2,0,-0.469028,0,0,0,1,1,0,0,0,-0.679688,0,0,0,0,-1,0,1,0,0,0,2,1,0,0,-1,0.88055,4,0,0,0,0,0,0,0.397038,0,0,-0.268657,0,0,-2,0,0,0,0,0,1,1,0,0,0,0,0,0,1,0,0,1,0,-1,0,2,0,0,-1,0,-5,1,-1,0,0,0,0,0,0,0,0,0,0,0,0,-0.615394,0,0,0.509149,0,0,0,0,0,1,0,0,0,0,0,1
0,-1,0,0,0,-2,0,-0.614404,0,-1,0,0,0,0,0,0,-0.625778,0,0,0,0,0,0,0,1,0,0,0,-5,0,0,-2,0.91429,7,0,0,-1,0,0,0,0.430167,-2,1,-0.874177,0,-2,0,0,1,0,0,0,0,2,0,0,1,1,2,0,0,-1,0,0,0,0,1,0,0,1,-3,1,0,0,0,0,0,1,0,0,0,0,-2,0,-1,0,-1,-0.026915,-1,0,-0.564897,0,0,0,0,0,-1,0,0,0,0,0,1
0,0,0,0,0,0,0,-0.511493,0,2,0,1,0,0,2,0,-0.783805,0,0,0,0,0,0,0,0,0,0,1,0,0,0,0,0.8,5,0,0,0,1,0,0,0.857143,0,1,0.05768,0,1,0,0,0,0,0,1,0,0,0,0,0,0,0,0,0,0,0,0,0,1,0,0,0,0,0,0,0,0,0,0,0,0,0,0,3,0,0,1,0,0,-1,-0.612903,1,0,-0.647488,2,0,0,0,0,3,1,0,0,0,0,1
0,-1,0,0,0,0,-1,-0.819582,1,0,0,0,-1,0,0,0,-0.664225,-2,0,0,0,0,0,0,0,1,0,0,0,0,0,0,1.10656,2,0,0,1,0,1,0,0.714935,-1,-1,-0.477091,0,0,0,0,0,0,1,0,-1,0,1,0,0,0,0,1,0,0,1,0,1,2,0,0,0,0,1,0,0,2,0,0,0,0,0,1,0,1,0,-2,0,0,0,-0.638293,0,1,-0.731111,0,0,-1,2,0,0,-1,0,0,3,0,1
0,0,3,-5,0,0,0,0.077989,0,1,0,0,0,0,0,0,-0.684211,0,0,0,0,0,1,0,0,0,-1,0,0,0,0,-2,1.07862,3,1,0,0,0,2,0,0.665329,0,0,-0.571429,2,1,0,0,0,0,0,0,0,0,0,0,1,0,-2,0,0,0,0,-1,1,0,0,0,0,0,1,0,0,0,-1,0,0,0,0,4,0,0,0,0,0,1,0,-0.398861,0,0,-0.707317,-1,0,1,0,0,0,0,-2,0,3,0,1
0,0,0,0,-1,0,-1,7.831625,1,0,0,0,0,0,1,0,0.402926,0,0,0,0,0,0,0,0,-1,1,1,0,1,-1,0,1.47144,1,-2,0,0,1,0,1,1.152115,3,-1,-0.72218,0,1,0,-2,0,0,0,0,0,0,1,0,0,0,0,0,0,0,1,0,0,1,1,0,0,0,0,0,0,0,0,0,0,0,-1,0,0,0,0,0,0,0,0,-0.479934,-3,1,-0.586207,0,0,0,0,1,0,0,1,0,0,0,1
0,0,-1,0,0,0,0,8.21052,0,-1,0,0,0,0,1,1,-0.642173,0,0,0,0,0,0,0,0,0,0,1,0,1,-1,0,1.11231,0,0,0,1,1,-1,0,1.15909,0,0,-0.727273,0,0,0,0,0,-1,0,0,0,0,1,0,1,0,0,0,0,0,1,0,0,0,0,0,1,0,0,0,0,0,1,0,0,0,0,0,0,0,0,0,0,0,0,-0.25,0,1,-0.825777,1,0,-2,0,0,0,0,0,1,0,0,1
0,0,0,0,0,3,-3,7.72727,-1,-1,0,0,0,2,0,1,-0.651481,0,1,0,0,0,1,-1,0,0,0,0,0,0,0,0,1.11427,4,0,2,0,1,0,0,1.220681,1,0,-0.743409,0,0,0,0,-1,0,0,0,0,0,1,-1,0,0,0,0,0,-1,0,0,0,1,1,0,0,0,0,-1,0,0,0,-1,0,3,-1,0,0,0,0,0,0,0,0,0.806029,0,2,-0.722181,0,0,0,0,0,0,-1,0,1,0,0,1
0,1,0,-1,0,0,1,-0.388425,0,0,0,0,0,0,-3,2,-0.64118,0,0,0,0,0,0,0,1,0,0,0,-1,0,0,0,1.0886,6,1,0,1,0,0,0,1.000207,-2,0,-0.73913,0,0,1,1,0,0,1,0,0,0,0,3,0,0,-1,0,0,0,0,0,2,4,0,0,0,0,1,0,1,1,2,0,0,2,0,1,0,0,0,0,0,0,-2,-0.727371,0,0,1.0,0,0,0,0,0,0,0,0,0,0,1,1
-1,0,0,0,-1,1,1,-0.563392,0,0,0,0,-1,0,-1,0,-0.714889,0,0,0,0,0,2,0,0,0,0,0,0,0,1,0,1.67853,4,0,0,1,0,0,0,0.465685,0,0,-0.699214,0,1,0,0,-1,-1,0,0,0,1,-1,1,0,2,-1,-1,0,0,0,0,0,0,0,1,0,0,0,0,1,0,0,0,0,-4,0,1,0,0,0,0,0,0,-2,-0.513606,-1,0,0.148623,0,0,-1,1,0,0,0,3,-1,1,1,1
0,1,0,0,0,0,0,-0.789501,0,0,-1,0,0,0,0,1,-0.813995,0,0,1,0,0,1,0,1,0,-1,0,0,0,-3,0,1.31429,3,0,-1,0,0,0,0,0.355,-4,-1,-0.759398,0,0,-1,0,0,0,0,1,0,0,1,0,1,0,0,0,1,0,-1,0,-1,-1,0,0,0,1,1,0,0,0,0,0,0,-1,-1,1,0,1,0,2,1,0,0,-0.692434,1,0,-0.769585,2,0,0,0,0,0,-1,-1,0,0,1,1
0,1,-2,-1,0,0,0,-0.835616,-1,0,-2,0,0,0,0,-1,-0.646174,0,1,-2,1,0,0,0,0,0,0,2,-1,0,0,-1,1.07785,1,0,2,0,0,1,-1,0.971268,0,0,-0.67362,2,0,0,0,0,-1,0,-1,0,0,1,1,-2,0,0,0,0,0,0,0,0,1,2,-1,0,0,-1,1,0,0,0,0,0,2,0,0,1,-1,0,0,0,0,-1,-0.814535,-1,1,-0.272064,0,-1,0,-1,0,1,0,0,0,0,0,1
0,1,1,0,1,-3,0,-0.835616,0,1,0,0,0,0,-1,0,-0.207755,-1,0,0,0,0,0,0,0,0,0,0,-1,4,3,0,2.06696,4,0,0,0,0,1,0,1.32432,0,0,3.027274,-1,0,0,-2,0,0,0,0,0,-1,0,0,-1,1,-2,0,-1,0,0,0,0,0,1,-1,-1,0,1,0,0,1,0,0,-1,0,0,-1,-2,0,0,0,1,0,0,-0.219487,0,0,-0.850066,3,-1,-1,0,0,0,0,0,1,0,0,1
1,0,0,0,0,0,0,-0.835616,0,0,-1,1,0,1,0,0,-0.807044,0,0,0,0,0,0,1,1,0,0,0,0,0,0,-2,1.17669,0,0,0,0,0,1,1,3.960874,0,0,5.823294,0,0,0,0,0,0,0,0,0,0,0,0,0,0,-4,1,0,0,0,1,0,0,0,0,0,0,1,0,0,-1,0,0,0,-1,0,0,0,0,0,0,0,0,-2,-0.8387,0,0,-0.453958,0,-1,0,-1,0,1,0,0,1,0,0,1
0,5,2,0,0,0,0,-0.68277,0,0,0,0,1,0,1,0,0.286241,0,1,0,0,0,1,4,0,0,0,0,0,0,-8,0,2.69037,7,3,0,-3,0,0,0,2.465254,2,0,-0.714286,0,0,0,0,0,0,-1,0,-1,0,0,0,0,0,-1,0,0,-1,0,0,0,1,0,0,-1,0,1,1,0,-1,2,0,2,0,0,0,-1,0,0,0,1,5,1,-0.502326,0,0,-0.189625,0,0,0,0,0,0,1,0,-1,1,1,1
0,0,0,0,2,0,0,-0.765372,0,0,0,0,-1,0,0,0,-0.374838,0,0,0,0,0,-2,0,0,0,0,0,4,-1,0,0,1.09826,2,0,3,0,1,0,0,1.725725,1,0,-0.694766,0,0,0,0,0,0,0,2,2,2,0,1,0,0,0,0,-2,0,1,1,1,0,0,-1,0,0,1,0,-1,1,0,-1,0,0,0,0,-2,0,0,0,1,0,0,-0.553186,0,0,2.572852,3,0,-1,0,0,0,0,0,0,0,1,1
0,0,0,0,-1,0,0,-0.708917,2,1,0,1,0,-2,0,0,-0.714286,0,0,0,0,0,-1,0,0,0,0,0,0,-2,2,0,1.2,3,0,0,0,0,0,0,1.90476,0,0,-0.715472,0,-1,3,0,0,0,-1,0,1,0,3,0,0,0,0,0,0,0,-1,0,0,1,0,-1,0,1,1,1,0,3,0,0,0,2,0,0,-2,0,0,0,1,0,0,-0.149014,0,0,-0.6091,0,0,3,0,-1,0,0,0,0,0,1,1
1,0,-1,0,0,0,0,-0.679525,0,0,0,0,0,0,-1,0,-0.361418,0,1,0,0,0,2,0,0,0,0,0,0,0,-1,0,0.81936,1,0,0,-1,0,1,0,0.47717,0,0,-0.695412,0,2,0,0,0,0,0,0,0,0,0,0,1,0,-2,0,0,1,-2,0,0,0,0,0,0,0,0,0,1,0,0,0,0,0,0,0,0,0,0,2,0,0,0,-0.558657,0,0,-0.827687,0,1,0,0,0,1,0,0,0,1,0,1
-1,0,0,0,0,1,0,-0.681322,0,0,0,0,0,0,0,0,-0.605895,0,0,0,0,0,0,2,-1,0,0,0,0,0,0,0,0.63067,0,0,-1,0,0,0,0,0.228571,0,1,-0.338097,0,0,0,0,0,0,0,0,0,0,0,0,0,0,0,0,0,1,2,3,0,0,0,0,0,1,-4,1,-1,0,1,0,-1,1,0,0,0,0,0,-1,0,1,2,-0.785326,0,1,-0.923036,0,0,0,0,0,1,0,1,0,1,0,1
0,0,-1,0,1,0,0,-0.727273,-1,1,0,1,0,0,2,2,-0.572707,0,-1,0,0,0,0,1,0,1,0,1,2,1,0,-2,1.0,4,0,0,1,0,1,0,0.22047,0,0,-0.881331,0,0,0,0,0,0,-2,0,0,0,-1,0,-1,0,0,0,0,0,2,0,3,0,0,0,1,0,0,0,0,-2,0,0,0,0,0,0,0,0,-1,0,0,0,0,-0.776783,0,0,-0.643543,0,0,0,0,0,1,0,0,0,0,0,1
0,0,0,0,0,2,0,-0.539439,0,0,0,0,0,0,0,0,-0.357543,-1,0,2,1,0,0,2,0,0,0,0,0,2,1,0,0.88571,5,0,0,0,0,0,1,2.22581,0,0,-0.232314,0,-2,0,0,-1,1,1,0,-2,2,0,-1,-1,-1,0,0,-1,0,0,1,0,2,0,0,2,0,4,0,0,2,0,0,0,0,0,0,0,-2,0,0,0,0,0,-0.821041,0,0,-0.707317,0,1,0,0,0,1,0,0,0,0,1,1
0,0,0,0,0,0,0,-0.658809,0,0,0,-1,0,0,0,0,-0.519109,0,0,1,0,0,0,1,2,0,0,0,0,0,2,0,1.58246,6,0,0,0,0,0,0,2.22581,1,0,-0.612903,0,0,0,0,0,-1,0,1,0,0,-3,0,0,0,0,0,0,0,-2,1,0,0,0,0,0,0,1,1,-1,0,0,0,1,-2,0,0,0,0,-1,0,0,-4,-1,-0.414952,0,0,-0.698546,0,0,0,0,0,0,0,-1,0,0,1,1
-1,0,-1,0,0,0,0,-0.372973,0,0,0,0,0,1,0,0,-0.451205,0,1,3,0,2,0,-1,-1,2,0,3,0,0,0,0,0.88571,4,0,0,0,1,-1,0,2.22581,0,0,-0.666016,1,0,-1,0,0,0,0,0,0,2,0,-2,-1,0,0,0,0,0,2,0,0,1,-1,0,0,0,0,0,0,1,0,0,0,0,0,0,0,0,0,0,0,0,-2,-0.625,0,0,-0.652593,0,0,0,0,0,0,0,0,0,1,1,1
0,0,0,1,1,4,-2,-0.660009,0,0,0,0,0,0,0,0,-0.513725,0,0,0,0,1,0,1,3,0,0,0,0,0,0,0,1.06077,3,0,0,-2,0,0,0,0.865623,0,0,-0.719301,1,0,0,1,0,0,0,0,0,0,1,-2,0,0,1,0,0,0,-6,0,0,0,1,0,0,-1,-1,0,1,1,0,0,0,0,0,0,0,0,0,0,-1,0,0,-0.751539,0,0,-0.72317,0,-1,2,0,0,1,5,0,0,0,1,1
0,1,0,0,0,0,1,-0.52321,0,0,0,0,0,0,0,-1,-0.683794,1,1,0,1,0,1,0,1,1,1,0,0,0,0,0,1.98203,13,0,0,-2,0,-1,0,1.46667,4,2,-0.727014,1,0,0,0,1,-1,0,0,-1,-2,0,0,0,0,-2,0,1,0,2,0,0,0,0,0,0,-1,0,-1,0,0,0,0,0,2,0,0,0,0,0,0,0,-1,0,-0.379122,0,0,-0.58256,0,0,0,0,0,0,0,0,2,1,1,1
0,0,-1,1,0,0,0,-0.648828,0,0,0,0,0,0,-1,0,-0.291855,0,0,0,0,0,0,0,0,0,0,2,3,0,0,0,1.86857,4,-1,-1,0,0,0,0,1.224841,0,0,-0.710913,0,-1,0,0,0,0,0,0,-1,0,1,0,-2,0,0,0,0,0,0,-2,2,0,0,1,0,-2,0,0,1,0,0,1,0,0,0,-2,0,0,0,0,0,0,3,-0.736975,0,0,-0.221829,0,1,2,0,-1,1,0,0,0,0,1,1
0,-2,0,0,0,0,0,-0.726345,0,1,0,0,0,-1,4,0,-0.785714,0,0,0,0,0,0,0,-1,0,0,0,1,0,0,0,1.44602,14,0,0,0,0,1,0,0.938285,1,0,-0.468586,0,0,0,-1,2,0,1,0,0,0,0,0,0,0,0,0,0,0,2,-4,0,1,-1,-1,0,1,3,0,0,0,0,0,0,0,0,0,0,1,0,0,1,1,0,-0.186402,0,1,0.136434,0,0,1,-1,0,0,0,0,0,2,0,1
0,0,-2,0,0,0,0,-0.357086,0,0,0,0,0,0,0,0,-0.89765,0,1,0,0,0,0,0,0,0,0,-2,0,4,0,1,1.02234,1,0,0,0,0,1,0,1.692005,0,0,-0.586207,4,0,0,0,0,0,0,0,0,0,1,0,-1,0,0,0,0,0,0,0,1,0,0,1,0,-1,0,1,1,-3,2,0,0,0,0,0,0,1,1,0,0,0,0,-0.5,0,1,-0.541652,0,0,0,-1,0,0,-1,0,0,0,0,1
0,0,1,2,0,-1,0,-0.726555,0,1,-3,0,0,0,4,0,-0.785714,0,0,0,0,0,0,0,0,1,0,0,0,0,0,0,1.1071,0,0,0,0,0,1,-1,1.75862,0,0,-0.586207,0,0,0,0,0,0,0,0,0,0,1,0,1,0,0,0,-1,0,-1,0,0,3,0,0,-3,0,0,0,0,0,0,0,2,0,0,0,1,0,0,1,0,0,0,-0.644005,-1,0,-0.707434,2,0,-1,-1,0,0,0,0,0,1,0,1
1,0,0,2,0,0,0,-0.789474,0,0,0,0,0,2,3,0,-0.899887,1,0,0,0,0,0,-1,1,0,0,0,0,2,0,0,1.14888,6,0,1,0,2,1,0,2.0,-2,0,-0.704468,0,0,0,0,-2,0,0,0,0,0,1,0,0,0,-1,-1,0,0,0,-1,1,2,0,0,0,0,0,0,0,-1,2,1,-1,0,0,-1,0,0,0,-2,0,0,1,-0.542758,0,0,-0.632722,2,0,0,0,0,0,0,0,1,0,1,1
0,0,0,0,0,0,0,-0.789474,0,0,0,0,0,4,0,0,-0.727273,0,0,0,1,0,0,0,-1,0,0,0,0,0,0,0,1.57616,0,0,1,1,1,0,0,1.488917,0,-1,0.040379,0,0,-3,-1,1,0,0,0,1,0,0,0,1,0,0,2,0,0,0,-1,0,-1,0,0,2,0,0,0,1,1,0,0,0,0,0,0,0,0,0,0,0,1,0,-0.515603,0,0,-0.71767,0,0,0,-1,2,1,0,0,-1,3,1,1
0,-2,0,0,1,2,0,-0.789474,0,-1,0,0,0,0,0,0,-0.576009,-1,-1,0,1,0,0,-2,0,2,0,3,0,0,0,0,1.02552,1,-1,1,1,0,0,0,3.725641,0,0,-0.733517,0,0,0,0,0,0,-1,0,1,0,0,0,-1,0,0,0,0,-1,0,0,0,0,0,0,3,0,0,0,1,0,0,0,0,0,0,0,0,0,0,0,0,1,0,-0.571429,0,0,-0.725306,0,0,0,2,0,1,1,2,-1,0,1,1
-1,0,1,0,0,0,0,-0.769231,0,0,0,0,0,0,1,0,-0.80315,0,1,0,0,-1,0,0,1,-1,0,0,0,-1,1,0,1.27045,19,0,0,0,0,1,0,0.638587,0,0,-0.744373,0,0,-1,0,0,0,0,0,0,0,1,0,0,0,0,0,-1,0,0,0,0,3,0,0,0,0,1,0,1,0,0,0,-1,0,1,0,1,0,1,0,0,1,0,-0.654979,0,-1,-0.704597,0,0,0,-1,2,1,0,0,0,2,1,1
0,0,0,1,0,0,0,-0.799663,0,0,0,0,0,1,0,0,-0.243676,0,1,0,0,0,0,0,-2,0,0,0,0,4,1,0,1.31658,9,0,0,-1,1,1,0,1.113182,0,0,-0.746353,0,0,1,-1,0,0,0,0,0,0,0,0,0,0,2,0,0,0,0,0,2,0,0,0,0,0,1,0,1,1,0,0,0,3,1,1,-1,0,0,0,0,0,0,-0.644141,0,0,-0.767454,0,0,-5,0,-1,-2,-2,0,0,0,1,1
0,-1,-1,0,0,0,0,-0.862992,0,0,0,0,0,1,0,0,-0.869558,0,1,1,0,1,0,0,0,0,0,0,0,0,6,0,1.66045,2,0,0,-1,0,0,0,0.555839,5,0,-0.664906,0,0,0,-1,1,-1,0,0,0,0,1,0,0,0,-2,0,0,0,2,0,-1,1,0,0,0,0,1,0,0,0,0,0,-1,0,1,0,0,-1,0,3,0,0,1,-0.871832,0,0,-0.72082,0,0,0,0,1,0,0,0,0,0,1,1
0,0,0,2,-1,0,-2,-0.719012,0,0,0,0,0,0,0,1,-0.793103,1,0,0,0,0,0,-1,-1,0,0,0,0,0,0,0,1.65737,7,0,0,0,0,0,0,0.90355,0,0,-0.625,-5,-1,0,0,0,0,0,0,0,2,0,1,-1,1,3,0,2,0,0,0,0,-3,1,0,0,-4,0,0,0,0,0,0,-1,0,0,0,0,-1,0,-1,0,1,0,-0.489982,0,0,-0.73913,-4,0,0,0,0,1,0,0,1,1,1,1
1,1,0,0,0,1,0,-0.135053,0,0,1,0,0,0,0,0,-0.543845,0,-2,-1,0,0,3,1,1,0,0,0,-2,0,0,0,0.60436,2,0,0,0,5,0,0,1.474236,-1,0,-0.616911,0,0,0,0,0,0,0,0,1,0,1,0,1,1,0,1,0,0,0,2,0,0,1,0,1,0,0,1,0,0,0,0,0,3,0,0,-1,0,0,-1,0,0,0,-0.755102,0,0,-0.725452,0,0,1,0,0,1,0,1,1,1,1,1
0,0,0,0,-1,0,0,-0.123622,0,0,0,0,0,0,0,1,-0.724975,0,0,0,0,0,0,-1,-3,-3,0,0,-4,0,0,0,1.72053,9,0,-1,0,0,0,0,0.971418,-2,0,-0.523215,-1,0,0,0,0,0,1,0,-1,1,1,1,0,1,0,0,0,0,0,0,0,-1,1,0,0,-1,0,0,0,0,0,0,0,0,0,0,0,0,0,0,0,1,0,-0.755102,0,0,-0.728531,0,1,-2,1,0,1,0,1,1,1,1,1
0,0,1,0,0,0,1,-0.59162,0,0,0,1,1,0,1,-1,-0.720242,0,0,0,0,0,0,3,0,0,0,0,0,2,1,-1,0.97143,5,0,1,0,-1,0,0,0.846188,-1,0,-0.44351,0,-1,0,0,-1,0,1,0,0,0,0,-1,0,-1,1,0,0,1,0,0,-1,0,-1,0,0,0,0,1,3,1,0,-1,0,0,0,0,0,-1,0,2,2,-1,0,-0.668706,0,0,-0.340631,0,0,0,0,0,1,0,0,1,1,0,1
0,0,0,1,0,0,0,0.111966,0,0,0,0,0,0,-1,0,-0.432401,0,0,0,-1,0,0,0,0,1,0,-4,-1,0,1,0,0.80428,8,0,0,-1,-1,0,0,0.453844,0,-1,-0.613656,1,0,1,0,1,0,0,0,0,-1,0,0,0,0,4,0,0,0,0,-1,0,0,2,0,0,0,0,0,1,0,0,0,0,0,0,0,0,0,0,-2,0,0,0,-0.539121,0,0,-0.612903,3,0,-1,0,1,-1,0,0,1,3,0,1
-1,0,0,0,0,0,2,0.0571,0,0,0,-1,5,2,0,0,-0.450233,0,0,0,0,0,0,2,0,1,-4,0,0,0,1,0,0.99496,0,0,-1,0,0,-1,0,0.547994,0,0,-0.554789,0,0,0,0,0,0,0,0,0,2,0,0,-2,0,2,-2,0,0,0,0,1,0,1,3,1,-2,0,0,1,0,-1,0,2,1,1,0,0,0,0,0,0,-2,0,-0.675865,0,0,-0.612903,-1,0,3,-1,2,0,0,1,1,0,0,1
1,0,0,0,0,1,0,-0.796689,0,0,1,-1,0,0,3,0,-0.714617,0,1,0,0,0,0,3,-1,0,0,2,-1,2,0,0,1.03945,5,0,2,0,3,0,0,3.45944,1,0,-0.825384,0,0,0,0,0,0,0,0,0,0,0,0,0,0,0,-2,0,0,0,-1,0,0,0,0,0,0,-1,-1,0,0,0,0,0,0,0,1,0,-1,0,0,0,0,0,-0.647546,0,0,-0.465462,2,-1,1,1,1,0,0,0,0,2,0,1
0,2,2,1,0,0,1,-0.613392,0,0,0,0,2,0,0,0,-0.729452,0,-1,3,0,0,0,0,0,-1,0,0,0,0,0,0,1.31429,1,0,0,0,1,0,0,0.698313,1,0,-0.499244,0,0,1,0,1,0,-1,0,2,-1,1,0,1,0,0,0,0,-1,1,-4,0,1,0,4,0,0,0,0,-1,0,3,0,0,0,0,0,0,0,0,1,0,0,0,-0.656091,0,0,-0.774191,4,0,0,0,1,-1,0,0,1,0,0,1
0,0,0,0,0,0,2,-0.671282,0,0,0,0,0,0,0,0,-0.681272,0,0,0,0,1,0,0,0,0,0,-4,-1,0,1,0,1.31429,0,0,-1,-1,-2,0,0,0.804348,-1,0,-0.73913,0,1,0,0,0,0,0,0,1,-1,0,0,0,0,-1,-1,0,0,0,1,0,0,-1,-1,0,-3,0,0,0,0,0,0,0,-1,0,1,2,1,-3,1,0,-1,-1,-0.587714,0,0,-0.744681,0,0,0,0,1,1,1,1,0,1,0,1
0,0,1,-1,2,0,0,-0.260909,0,0,0,0,1,0,0,0,-0.767562,-1,0,0,0,0,0,0,0,0,0,0,1,3,1,0,0.85843,1,-1,0,1,1,0,0,0.842126,0,0,-0.720448,0,0,0,0,1,0,0,0,0,0,-2,0,0,0,-2,1,0,0,0,0,0,0,1,0,0,0,0,0,0,0,-1,0,0,-1,0,0,-1,0,0,0,0,0,0,-0.790177,0,0,-0.579864,2,0,-3,0,1,0,0,0,0,0,0,1
0,2,0,0,0,0,0,-0.80531,0,0,-2,0,0,-1,0,0,-0.844001,0,0,-1,0,0,0,0,0,0,1,0,0,0,1,0,1.76108,21,0,0,1,0,0,0,0.25772,1,0,-0.716085,0,0,0,0,0,0,0,0,0,0,0,-6,2,1,0,0,0,0,0,0,0,0,0,0,1,-1,0,0,0,-2,0,-1,0,0,0,0,0,1,0,0,0,0,0,-0.511702,0,1,-0.684211,-1,0,0,-2,0,0,0,0,-1,0,0,1
0,5,-1,0,0,0,-1,-0.701135,0,1,0,0,0,0,0,0,-0.878188,1,0,1,-1,0,0,0,0,1,0,0,3,0,1,0,0.56721,0,0,0,0,0,0,0,0.320435,0,0,-0.637978,0,1,0,0,1,0,0,0,0,0,0,0,0,0,0,0,1,0,-2,1,0,2,1,0,2,0,1,0,-1,0,0,0,0,0,0,0,0,0,0,0,0,-2,0,-0.411021,0,0,-0.676881,0,0,-1,0,0,0,0,0,0,0,0,1
0,0,0,0,0,-2,0,-0.651949,0,0,0,0,0,0,0,2,-0.708084,0,0,0,0,1,0,1,0,1,1,0,0,0,0,-1,2.70888,1,0,0,0,0,2,1,1.925245,3,0,0.977423,0,0,0,-1,0,-1,0,-1,0,0,-1,-1,-2,-1,0,0,0,0,0,0,0,0,0,0,-2,-1,1,0,1,0,0,0,0,0,0,0,0,0,0,1,0,-1,0,-0.45794,0,0,-0.738938,-2,0,0,0,0,0,0,0,0,0,0,1
0,0,0,0,0,0,0,-0.724782,-1,0,0,1,0,0,1,4,-0.795088,0,0,1,0,0,0,0,0,0,0,0,0,0,0,0,0.95165,3,0,0,0,0,0,0,1.395764,-1,0,-0.450457,0,0,0,0,0,1,0,0,0,0,-3,1,0,0,0,0,0,0,1,0,2,0,1,0,0,0,0,0,0,-3,2,0,0,4,0,0,0,0,1,0,0,0,0,-0.331037,0,0,-0.705702,0,0,0,0,0,0,-1,0,1,1,0,1
2,0,1,0,0,0,0,-0.625,0,0,0,0,0,0,0,0,-0.769231,0,-1,-1,1,0,0,3,1,-2,0,2,2,0,0,0,0.82286,2,0,-3,0,0,2,0,1.444143,0,0,-0.54038,0,0,0,0,0,0,0,0,0,-5,0,0,0,2,1,0,0,0,0,-2,0,0,0,0,-1,0,0,-1,2,0,0,0,0,1,0,0,0,0,0,1,1,0,0,-0.557812,0,0,-0.858707,0,0,0,-1,0,0,-1,1,0,0,0,1
0,0,0,0,2,0,-4,-0.658309,0,0,0,1,-1,0,0,0,-0.454545,0,0,0,0,1,0,0,0,0,-1,-1,0,-1,1,0,0.66775,0,0,0,3,2,1,0,0.243623,0,-1,-0.659944,3,0,1,1,0,-1,0,0,0,0,1,0,1,0,1,0,0,1,-2,-1,-2,1,0,0,-1,0,0,0,0,0,0,0,0,0,0,0,1,0,0,0,0,0,0,-0.680801,0,-2,2.148551,0,0,0,0,1,0,3,0,0,1,0,1
0,0,0,0,0,0,0,-0.76,-1,0,0,1,0,2,0,0,-0.422994,0,2,0,0,1,0,0,0,0,1,0,0,1,0,0,1.12393,0,0,0,1,0,0,0,0.227688,0,0,-0.677355,-2,-1,0,0,0,0,0,0,0,-2,1,0,0,0,0,0,0,0,0,1,0,0,0,0,3,0,0,0,0,0,1,0,0,0,0,0,0,-2,0,1,0,1,0,-0.377495,0,0,-0.747753,0,1,-1,1,0,1,0,5,1,0,0,1
0,-1,-1,0,0,0,0,-0.884085,0,2,-1,0,1,1,0,1,-0.366883,0,0,0,0,1,0,0,1,0,1,1,0,2,3,0,0.91688,1,0,0,1,0,0,0,0.243243,2,-2,-0.637202,2,-1,0,1,0,0,0,0,2,-2,0,0,0,0,-2,0,0,1,0,1,0,0,0,0,0,0,1,0,-2,0,0,0,0,0,-1,1,0,0,0,-1,0,1,-1,-0.675676,1,-1,-0.717204,2,0,0,0,0,0,1,0,1,0,0,1
0,2,0,0,0,-1,0,-0.788705,0,0,0,0,0,0,1,0,-0.52,0,0,3,0,0,0,-1,2,0,0,4,0,1,0,0,1.31661,1,-1,0,0,0,0,0,0.2,-2,2,-0.6365,0,0,0,0,0,0,0,0,0,0,0,0,0,0,0,0,0,0,0,-4,0,0,0,0,0,0,0,1,2,0,0,0,0,0,0,0,0,1,-1,0,1,0,-2,-0.609954,0,0,-0.801569,0,0,3,0,-1,0,0,-2,-1,0,0,1
0,0,-1,-1,0,0,0,-0.726849,0,-1,-2,0,0,0,1,0,-0.511732,0,0,0,0,0,0,0,0,1,0,0,0,1,-2,1,0.75178,0,0,1,-1,0,0,0,0.18387,0,0,-0.622879,1,-1,-1,-2,0,0,0,0,0,0,0,0,0,0,0,0,0,0,0,0,0,1,0,0,1,0,1,0,1,-1,0,0,1,-1,0,0,0,1,0,0,0,-2,0,-0.571429,0,0,-0.680227,0,0,-1,0,0,0,0,0,0,0,0,1
0,-1,-1,0,0,0,-1,-0.776141,0,0,-1,0,0,0,0,0,-0.06993,0,0,1,0,0,0,0,0,-1,0,-1,2,-1,1,1,1.0432,3,0,0,0,1,0,0,0.2,0,0,-0.651313,1,0,0,0,0,0,0,0,-1,0,0,0,0,0,0,1,0,-2,-3,0,3,0,0,4,0,0,0,0,-1,0,2,0,2,0,0,0,-1,0,0,0,-1,-1,0,-0.430222,0,0,-0.560923,1,1,2,1,0,0,0,0,1,0,0,1
0,0,0,-1,-1,0,2,2.27273,0,0,1,0,1,0,0,0,-0.607631,0,0,0,0,0,-1,0,-1,0,0,0,0,0,0,2,0.85067,6,0,0,0,0,0,0,2.461263,3,0,-0.676879,1,0,0,0,-3,0,0,-2,0,0,0,0,0,0,0,0,0,0,-1,0,-1,3,0,0,0,0,4,0,-1,0,0,0,0,0,-1,0,4,-2,0,2,0,0,0,-0.098103,2,0,-0.783221,0,0,0,0,0,0,0,0,0,1,1,1
0,0,0,0,0,-1,0,2.27273,0,0,1,0,0,1,0,-5,-0.789474,0,0,0,0,0,0,2,0,0,0,0,0,0,1,0,1.04924,3,0,0,0,0,0,0,2.10811,0,0,-0.70882,0,0,-2,0,0,0,0,0,0,0,0,0,0,0,0,2,1,0,0,0,1,0,3,0,0,0,0,1,0,0,0,0,2,0,0,0,0,-3,0,1,0,2,2,-0.856709,0,0,-0.7134,0,-1,0,0,0,0,0,0,0,0,1,1
0,2,0,1,0,0,0,3.067511,-1,0,0,0,-2,0,-1,-1,-0.688706,0,0,0,0,0,5,0,1,0,0,0,2,0,1,0,1.05714,11,0,0,0,0,1,0,1.513671,2,0,-0.383647,0,0,0,2,0,1,0,1,0,0,0,1,0,2,0,0,0,0,-1,0,-1,1,0,0,0,0,1,0,1,0,0,0,0,0,0,-1,1,0,0,0,0,0,0,-0.538462,0,0,-0.668634,0,0,4,-1,-1,0,0,1,0,1,1,1
0,-1,0,0,0,-1,0,-0.489104,0,0,0,0,0,-1,-1,0,0.187458,1,0,0,0,0,0,0,0,0,0,2,0,0,1,0,1.16581,1,0,0,0,0,0,0,0.536009,-2,0,-0.740893,0,0,1,0,-1,0,-2,0,0,0,0,0,0,2,-2,0,-1,0,0,0,0,-4,1,-4,-1,0,0,1,1,0,3,0,0,0,0,0,0,-3,0,1,0,2,0,-0.465777,0,0,-0.750671,0,0,0,-1,0,1,0,-1,-2,2,1,1
0,0,1,0,0,1,0,-0.742176,-2,1,0,0,0,-1,0,2,-0.089791,0,0,0,0,0,1,0,0,0,0,0,0,0,1,0,0.72053,10,0,0,0,1,0,0,0.539136,0,0,-0.783192,0,1,0,0,0,0,0,0,0,0,0,1,-2,0,0,0,0,0,0,0,0,0,0,0,3,0,1,0,0,0,0,0,-1,-1,0,-1,0,1,0,2,0,0,0,-0.345525,0,-1,-0.487517,0,0,0,0,0,0,0,0,0,0,1,1
0,1,0,-1,0,-1,0,-0.446378,2,0,0,-2,0,0,0,0,-0.478261,0,0,0,0,0,0,1,0,0,0,4,2,0,0,1,1.22857,12,0,0,-2,0,2,0,0.475367,1,0,-0.697828,0,2,0,0,0,0,0,0,0,0,0,1,0,0,1,-1,-4,0,1,5,0,0,2,0,0,0,-1,0,2,3,0,0,0,-3,0,-1,0,1,0,1,0,3,0,-0.647059,0,0,-0.713471,0,-2,1,0,0,0,-1,0,2,0,1,1
0,0,2,-2,0,0,0,-0.836555,1,0,1,0,1,0,0,0,-0.838039,0,0,-1,0,0,0,1,0,0,0,0,1,0,0,0,1.12792,1,0,0,0,4,0,0,1.75418,1,0,-0.676218,1,0,0,-2,0,0,0,2,0,0,3,0,1,0,0,0,0,0,-1,0,-3,0,0,0,0,0,0,0,0,1,0,1,0,3,0,0,0,1,0,0,0,0,0,-0.683984,0,0,-0.7,2,0,0,0,0,1,0,1,1,0,1,1
0,0,0,0,0,0,0,-0.619616,2,-1,0,0,1,-1,0,0,-0.456971,0,0,0,1,0,0,0,1,0,1,2,2,0,1,0,0.98132,1,1,0,0,1,0,0,1.436753,2,0,-0.77491,1,0,0,0,1,0,-1,0,1,0,0,0,3,0,0,1,0,1,0,2,0,-1,1,1,0,0,0,0,0,0,0,0,0,0,0,0,0,0,0,2,-1,0,0,-0.7,0,0,-0.69964,0,0,0,0,0,-1,0,1,-7,0,1,1
0,0,0,3,0,0,0,-0.72093,0,0,-1,0,0,0,0,-1,-0.21356,0,1,0,0,1,0,0,0,0,0,0,0,2,2,0,0.9716,8,1,-1,0,1,0,0,1.178135,0,-1,-0.761748,0,0,0,-1,0,-1,0,0,0,0,0,2,1,1,3,2,0,0,0,-1,-1,1,0,0,0,0,-2,0,0,0,0,0,1,0,0,0,1,1,0,0,0,0,0,-0.693575,0,0,-0.862083,0,0,0,0,0,0,-1,0,0,0,1,1
2,0,0,1,0,0,0,-0.72093,0,0,0,1,0,0,0,0,-0.851478,0,0,2,2,0,-3,0,0,0,0,0,0,-1,0,0,1.13445,0,0,1,0,1,0,0,0.216734,0,-1,-0.45044,0,1,0,-1,0,0,0,0,0,0,0,0,0,0,0,0,-1,0,1,0,0,0,0,0,0,0,0,0,0,0,0,0,0,0,0,0,0,2,0,0,0,1,0,0.268458,0,0,-0.505084,0,0,0,0,0,-1,0,1,0,0,0,1
0,0,-1,0,0,1,0,-0.851032,2,1,-1,0,-1,0,0,0,-0.72093,0,0,0,0,0,0,1,0,0,0,0,0,1,0,0,0.42269,14,0,0,0,-1,0,0,0.894737,0,0,-0.567294,0,1,-1,0,0,0,0,0,0,0,0,0,0,0,0,0,-1,-3,1,1,0,2,0,0,0,0,0,0,0,0,1,0,0,-1,0,0,0,0,0,1,0,1,-1,-0.451288,0,0,-0.52751,0,0,0,0,0,0,-1,1,0,0,0,1
1,-3,0,1,1,0,0,-0.684244,1,0,-1,0,0,0,-1,0,-0.57559,1,0,2,2,0,0,0,-1,0,0,0,3,1,-1,-1,0.90258,16,1,-1,0,1,0,0,0.894737,-1,0,-0.688854,0,1,0,0,0,0,0,0,0,1,0,0,0,0,-1,-1,0,0,0,0,0,2,0,0,0,0,0,1,3,-1,0,0,0,0,0,0,0,0,0,2,0,0,0,-0.220608,0,0,0.083985,-1,0,0,0,0,-1,2,1,0,-1,0,1
-1,0,1,1,0,0,1,-0.623325,3,1,1,-3,0,0,0,0,-0.833588,1,-1,0,0,0,1,0,0,0,0,0,1,0,-1,0,0.72405,10,0,0,1,0,0,0,0.739644,0,0,0.089295,0,0,0,0,0,-1,0,0,1,0,0,0,-2,0,2,-1,0,0,0,0,1,0,-2,0,1,4,0,0,1,0,0,0,0,0,1,0,0,0,0,0,0,1,0,-0.539605,0,0,0.781183,0,0,0,0,0,0,-1,0,1,0,0,1
0,0,1,0,0,0,-1,-0.663525,-1,0,0,0,0,1,0,1,-0.603496,0,0,0,0,0,-2,0,0,0,0,0,0,-1,0,0,0.53193,3,0,-1,1,0,-2,0,0.802055,-1,0,-0.340313,0,0,0,0,0,0,0,0,1,0,0,0,0,0,0,-3,0,0,1,1,1,0,0,-1,0,1,-1,0,0,0,3,0,0,0,1,0,0,0,0,0,0,0,0,-0.072991,0,0,-0.597328,2,-1,0,0,0,0,0,0,0,1,0,1
0,0,0,0,0,0,0,0.158769,0,0,-1,0,0,0,0,0,-0.80776,1,0,0,0,0,0,0,1,0,0,0,0,0,0,1,1.18232,3,0,0,1,-1,0,-1,0.914607,1,0,-0.438466,1,0,1,-3,1,0,1,0,2,0,0,0,0,0,0,1,0,1,0,1,0,-2,0,-2,-1,0,0,0,0,0,0,-1,0,1,1,0,-1,0,0,-2,-1,1,0,-0.579918,0,0,-0.449812,1,1,0,-1,0,0,0,-1,0,1,0,1
0,1,0,0,0,0,0,-0.515532,0,0,0,1,0,0,-1,0,-0.8125,0,0,0,-3,0,0,1,-1,0,0,0,0,0,0,0,1.56989,1,0,0,0,-2,0,0,1.106815,-1,0,-0.737567,0,0,0,0,0,1,0,0,0,0,1,1,1,0,0,0,0,0,0,0,0,-1,0,1,0,0,1,0,0,1,0,0,0,0,0,0,0,0,0,0,0,-3,0,-0.733333,0,0,-0.663008,0,0,0,0,0,-3,-1,0,1,-1,1,1
0,-1,0,0,0,0,-1,-0.687546,0,0,0,0,2,2,0,0,-0.8125,0,1,1,1,0,0,0,0,0,0,0,0,1,1,0,1.77833,7,0,0,0,1,0,0,0.621127,0,0,-0.798754,0,0,0,2,0,0,0,0,0,0,0,0,0,-1,-1,0,0,0,3,-1,0,0,5,0,-3,0,0,0,0,-1,0,1,-2,0,0,0,0,0,0,0,1,0,0,-0.733333,0,0,-0.295854,0,0,0,0,0,0,0,1,0,0,1,1
0,-1,0,1,0,0,0,-0.545288,1,0,0,0,0,0,1,0,-0.125662,0,1,1,1,-2,0,0,0,0,0,0,2,0,1,0,2.00102,4,0,-1,1,-2,0,0,0.353052,1,0,-0.740697,0,0,0,0,1,1,0,-2,0,0,0,0,0,-2,0,-2,0,0,0,-1,0,0,0,0,-7,0,0,0,0,0,0,0,0,0,0,1,0,0,0,-1,0,0,0,-0.854222,-1,0,-0.753078,3,1,-1,0,0,0,0,-1,0,0,1,1
0,0,0,0,-1,-2,-1,-0.681758,-1,0,0,-1,0,-2,0,0,-0.569144,0,1,0,2,0,0,0,0,-1,0,1,0,0,0,0,0.4,1,0,0,0,0,0,0,2.0,-1,0,-0.142857,0,0,0,0,0,0,0,0,0,2,0,0,0,0,1,1,0,0,0,1,0,0,0,0,0,0,0,0,0,1,0,0,0,0,0,0,0,1,0,1,0,0,0,-0.179439,0,0,-0.669463,0,0,1,0,0,0,0,0,1,0,0,1
0,0,2,0,0,0,0,-0.769231,0,1,0,0,0,-1,-3,0,0.054606,0,0,0,0,0,0,0,1,-1,-1,-5,-1,1,0,0,1.13755,2,0,0,0,0,0,0,2.0,0,0,-0.142857,1,-1,0,0,0,0,0,0,0,0,2,2,1,0,0,0,-1,0,-1,1,2,1,0,0,0,0,1,-2,0,2,-1,0,0,0,0,-4,0,1,0,1,0,0,0,1.410611,0,0,-0.63665,0,-1,0,2,4,0,0,0,1,0,0,1
0,0,0,-1,0,6,1,-0.83204,0,0,0,0,0,0,0,0,-0.591014,0,0,0,0,0,0,0,-1,0,1,0,-1,1,1,1,1.55467,8,0,0,0,3,0,0,2.093565,0,0,-0.296652,0,0,0,0,-1,0,-1,0,0,-2,-2,2,0,0,0,0,0,0,0,0,0,1,0,0,0,0,0,0,0,1,0,0,0,0,0,0,0,1,0,1,0,1,0,0.15934,0,0,-0.646908,1,0,0,0,1,0,-2,1,1,0,0,1
0,-1,-1,0,0,0,0,-0.74465,1,0,0,0,0,0,0,0,-0.666667,0,0,0,2,0,0,0,-1,0,0,0,3,0,0,0,2.31064,1,0,0,0,1,1,-1,0.624714,0,2,-0.845947,4,0,0,0,0,2,-1,0,0,-1,0,0,0,2,0,0,0,0,-1,2,0,0,1,0,0,1,0,0,0,-1,0,0,-1,0,0,1,0,0,0,0,0,-1,0,-0.25756,0,0,-0.646574,0,0,0,0,2,0,0,0,0,1,1,1
2,-1,0,0,0,4,0,-0.757792,0,0,0,0,0,1,2,0,-0.653228,0,0,0,1,0,0,0,1,0,-2,0,0,0,1,0,2.44757,0,0,0,-1,1,0,0,0.915697,-1,0,-0.793681,0,0,0,0,-1,2,2,0,0,0,0,1,0,3,5,0,0,1,0,0,0,0,0,0,0,1,1,0,0,0,0,0,0,0,-1,-1,0,0,0,1,0,0,0,-0.196433,0,0,-0.463765,0,0,2,0,0,0,-1,0,0,1,1,1
0,0,0,1,0,0,0,-0.667722,0,0,0,0,0,0,0,-2,-0.814878,0,0,0,0,0,0,0,-1,0,0,0,0,-2,1,0,1.80803,0,0,0,0,0,1,0,0.634619,2,0,-0.817321,0,0,0,0,0,0,0,0,0,0,0,0,0,0,2,0,1,0,0,0,0,-3,0,3,0,0,0,1,0,0,0,0,1,3,0,0,0,0,0,0,0,3,1,-0.38997,0,0,-0.565465,0,0,0,0,0,-1,0,0,0,3,1,1
0,0,0,0,0,2,0,-0.453385,0,0,0,0,0,0,0,0,-0.848479,1,0,0,0,0,0,0,1,0,0,0,0,0,-1,0,2.00578,1,0,1,1,0,0,0,0.732143,0,0,-0.758553,0,0,0,0,0,0,0,0,1,0,0,-2,-3,1,0,0,0,-1,1,-1,0,1,2,0,2,0,0,0,3,0,3,0,0,0,0,0,1,1,0,0,0,0,1,-0.707966,0,0,-0.806452,0,0,0,0,0,0,-1,0,0,4,1,1
0,-1,0,0,0,0,1,-0.733084,-1,-1,0,0,0,-1,-1,0,-0.625,0,-2,0,0,0,0,0,0,3,0,0,0,2,1,0,1.19079,21,0,0,0,0,0,0,1.772925,0,0,-0.814491,0,0,0,1,0,2,-1,0,1,0,0,0,2,1,0,-1,-1,0,0,0,0,2,1,0,2,0,1,0,0,-2,0,0,-2,-1,0,0,0,0,1,1,0,1,0,-0.713692,0,0,-0.780687,0,1,0,0,0,1,0,0,0,0,1,1
0,2,0,0,0,-1,0,-0.793955,0,0,2,1,-1,-1,0,0,-0.452565,0,0,0,0,0,0,0,0,0,0,3,0,0,0,0,1.7053,5,0,0,-1,0,-1,0,1.729738,1,-1,-0.746279,0,0,0,0,0,-1,0,0,0,0,0,0,0,1,0,0,0,1,1,-1,0,0,1,0,2,1,0,-1,0,1,0,-1,-4,0,0,0,0,0,0,0,0,0,0,0.508152,0,0,-0.749687,0,1,0,0,0,0,0,0,0,0,1,1
0,0,1,0,0,0,0,-0.789474,1,0,0,0,0,-1,0,0,-0.875322,0,0,0,0,0,0,0,0,0,1,3,0,-1,0,0,1.19461,1,-1,0,0,0,0,0,1.629813,0,0,-0.573308,0,0,-2,0,1,0,0,0,0,0,0,0,-7,1,-1,0,0,0,-2,0,0,0,0,-1,0,1,0,0,1,0,3,0,0,0,0,1,0,0,0,0,0,0,0,-0.567971,0,0,-0.75,3,0,2,0,0,0,0,0,0,0,1,1
0,-2,0,0,0,0,-1,-0.789474,0,0,0,0,0,0,0,1,-0.558689,0,0,0,0,0,-1,1,0,2,0,0,0,0,-2,-1,1.57478,0,0,0,0,0,0,0,1.0,0,0,-0.578945,0,0,0,-1,0,0,0,0,0,0,0,0,-5,0,1,0,0,0,0,-1,0,4,0,0,0,0,1,-1,0,0,0,0,0,0,0,0,0,-2,0,0,-1,1,0,-0.645785,0,0,-0.546653,0,0,0,0,0,0,0,0,1,0,1,1
0,0,0,-1,0,2,0,-0.789474,0,-1,0,0,-1,0,2,0,-0.518925,0,0,0,0,0,0,1,0,0,0,0,0,-2,0,0,0.44037,1,0,-2,0,-1,0,0,1.780241,0,0,-0.612089,0,0,-1,0,0,0,0,0,0,2,0,0,0,0,0,0,0,0,0,0,2,0,0,0,0,0,0,0,0,0,0,0,0,2,0,0,0,-2,0,0,0,1,1,-0.588345,0,1,-0.925962,-3,0,0,0,0,0,0,0,0,0,1,1
0,0,0,0,0,2,1,-0.666667,0,0,1,0,2,-1,0,0,-0.135295,0,1,0,0,-2,0,0,0,0,0,2,0,-2,-1,0,0.85367,1,0,0,0,0,0,0,0.195054,0,0,-0.554119,0,0,0,0,0,0,0,0,0,0,0,0,0,2,0,-1,0,0,1,0,1,0,0,0,0,0,0,0,0,2,0,0,1,0,1,0,0,1,0,0,0,-1,0,-0.463224,0,0,-0.547894,0,0,0,0,0,0,0,0,-1,0,0,1
0,0,1,1,0,0,0,-0.666667,0,0,0,1,0,0,0,0,1.130147,0,0,0,1,-1,0,2,0,0,0,0,0,0,0,0,0.74286,6,0,0,0,4,0,-1,0.230769,0,0,-0.483773,0,0,0,-1,0,0,0,0,0,0,0,1,0,1,-2,0,0,0,0,0,0,1,0,0,1,0,1,0,0,0,0,1,-1,0,0,0,0,0,0,-1,0,0,0,-0.782744,0,0,-0.663632,0,0,0,0,0,0,0,0,0,1,0,1
1,0,3,0,0,0,0,-0.649805,0,0,0,0,0,0,-1,0,-0.381571,-1,0,0,0,0,-2,0,0,0,0,1,1,0,0,0,0.849,7,0,0,0,0,0,0,0.230769,0,0,-0.825034,1,0,0,0,0,0,0,0,0,0,0,0,0,0,-1,3,0,0,0,1,0,1,0,-1,0,2,0,0,0,0,0,0,-1,0,0,0,0,0,0,0,0,0,0,-0.78421,0,0,-0.525142,-1,0,0,1,0,-1,0,0,0,0,0,1
0,0,-3,0,-1,-1,0,-0.547936,0,-3,0,0,1,-1,3,0,0.320938,0,0,-1,0,0,0,1,1,0,0,0,0,0,-1,0,1.37143,0,0,-1,0,0,0,0,0.922079,0,0,-0.75,0,0,0,-2,0,-1,0,0,0,-1,1,0,1,0,0,0,2,0,0,0,0,1,0,3,-2,0,0,-1,0,0,0,-1,0,1,0,0,0,0,1,0,0,0,0,0.496504,0,0,-0.670809,0,0,-3,0,0,0,0,0,0,0,0,1
0,0,0,0,0,0,0,-0.518745,0,1,0,0,-1,1,-2,0,-0.126524,1,0,0,-1,0,0,0,0,0,0,0,0,0,-1,0,1.37143,0,0,0,1,0,0,0,0.437411,0,-1,-0.86758,-1,0,0,1,0,0,-1,0,1,1,1,0,0,1,-1,0,-1,0,0,0,2,0,-2,1,3,0,0,0,0,0,0,0,0,0,0,0,1,0,0,0,0,0,0,-0.469357,0,0,-0.612802,0,0,-1,0,0,0,0,1,0,0,0,1
0,0,0,1,1,0,0,-0.460202,0,0,0,0,0,0,0,1,-0.651893,0,1,0,1,1,1,-1,0,1,0,0,1,3,0,0,1.47058,7,0,-1,0,0,0,0,0.485893,0,-2,-0.720568,1,0,0,2,0,0,0,1,0,1,1,1,0,0,0,0,0,0,0,0,-1,2,0,1,2,0,0,0,-3,0,0,2,1,0,0,0,1,0,1,0,0,1,0,-0.625,0,0,-0.758756,0,0,0,0,0,0,0,-1,0,0,0,1
0,2,0,1,0,2,0,-0.2892,0,0,0,0,0,2,0,0,-0.850156,1,0,1,0,-1,0,1,0,1,0,2,5,0,0,0,3.3299,1,0,0,0,2,0,0,0.3625,0,0,-0.85,-1,1,0,0,-1,3,0,0,0,0,0,0,0,0,0,0,1,0,0,1,1,1,0,0,0,0,1,1,-1,0,0,0,0,0,0,1,0,0,0,1,0,1,0,-0.75,0,0,-0.85049,0,0,0,0,0,0,-1,0,0,0,1,1
2,0,2,0,1,0,0,-0.585056,1,-1,0,0,0,0,0,-1,-0.574298,0,0,0,0,-1,0,0,1,0,0,0,0,0,0,0,2.84797,3,0,0,0,0,0,0,0.967224,0,0,-0.475008,0,2,0,0,0,0,0,0,0,0,0,1,0,1,0,0,1,0,-1,1,1,1,0,0,0,0,0,1,0,0,3,0,0,0,0,0,0,0,0,1,0,2,1,-0.75,1,0,-0.815385,0,0,0,0,-1,0,0,0,0,0,1,1
0,0,1,1,0,-1,0,-0.451445,1,1,0,0,1,1,0,0,-0.671347,0,0,0,1,1,0,0,2,0,0,2,0,0,0,0,2.28571,4,0,0,0,-2,0,-1,0.3625,-1,0,0.573297,-2,0,0,0,0,0,0,0,0,2,0,1,0,-1,1,0,0,0,0,1,0,0,0,0,0,0,0,1,0,0,0,0,-1,0,0,0,0,0,0,0,0,0,1,-0.191394,0,0,-0.459669,0,0,0,1,0,1,0,-1,0,0,1,1
0,0,0,0,0,0,0,-0.239042,0,0,0,0,0,1,0,0,-0.33411,1,1,-2,0,0,0,0,0,0,0,0,0,0,1,0,2.73743,5,0,0,0,0,0,-1,0.291497,0,0,-0.320674,0,0,1,-2,0,0,0,0,0,0,-1,0,2,0,0,0,0,0,1,-1,2,0,-2,1,0,0,0,0,0,0,0,0,-1,0,0,0,0,1,0,1,0,0,0,-0.254918,0,0,8.869164,0,0,0,1,1,1,0,0,1,1,0,1
0,0,0,0,0,0,0,-0.74751,0,0,1,0,2,0,0,0,-0.600403,0,0,0,2,0,-1,-1,0,0,0,0,0,0,0,-1,1.05948,10,0,0,0,0,-2,0,0.192143,0,0,-0.776108,0,1,-1,0,-4,0,0,0,1,-1,0,0,0,0,0,0,0,0,0,0,1,0,0,0,0,0,2,0,0,0,0,-1,0,1,0,0,0,1,0,0,0,0,-1,-0.110311,0,0,8.67164,0,0,1,-1,0,0,1,1,1,0,0,1
0,0,1,0,0,-1,-1,-0.806607,0,0,1,2,0,0,0,0,-0.528584,0,0,0,0,0,0,0,1,0,0,0,0,0,2,0,0.99314,5,0,0,0,1,0,0,0.174067,1,1,-0.845783,0,0,0,0,0,0,0,0,1,0,0,0,0,0,0,2,0,0,1,0,1,-1,-1,0,-1,0,-2,-2,1,1,0,0,0,0,0,0,0,1,0,-1,0,-1,2,-0.399723,0,0,8.67164,0,0,-3,0,0,0,0,0,1,0,0,1
0,0,1,0,0,0,0,-0.609331,0,0,0,0,0,0,0,0,-0.734247,1,0,0,0,0,0,0,-2,0,0,0,-4,0,1,0,1.45828,1,0,0,0,1,0,1,1.296897,0,1,-0.740245,-4,-1,0,0,0,0,0,0,0,0,0,0,0,-1,1,0,-1,1,0,0,1,2,0,3,0,0,1,3,0,1,-1,0,0,0,0,0,0,0,0,0,0,0,-1,-0.825538,0,0,-0.424549,0,0,1,0,1,0,-1,0,0,0,1,1
0,0,0,0,0,0,0,-0.546182,0,0,-1,0,-1,0,0,0,-0.681613,0,0,0,-2,0,0,1,0,0,0,0,0,0,1,0,1.42668,7,0,-1,1,0,1,0,0.743615,0,0,-0.666542,-1,0,0,0,0,0,0,0,0,2,0,1,3,0,-1,0,0,0,0,2,1,0,2,0,0,-1,0,0,0,0,0,0,0,0,0,0,0,0,0,0,0,0,0,-0.731765,0,0,-0.631908,0,-1,-1,0,0,0,0,0,0,1,1,1
0,0,0,0,0,0,1,-0.568347,-1,0,0,1,2,0,0,0,-0.445642,-1,1,0,0,0,-1,0,0,0,0,0,-1,0,1,0,1.1625,-17,0,0,0,0,-2,0,0.555287,0,0,-0.730742,1,0,0,1,0,0,0,0,-1,-1,0,0,0,-1,-1,0,0,0,1,3,0,0,0,0,0,0,0,0,0,1,0,3,0,-2,0,0,0,1,-1,0,0,0,0,-0.819384,0,0,-0.464602,2,0,-3,0,-1,0,-1,-1,0,1,1,1
0,0,0,-1,-2,0,0,0.353477,-1,0,0,0,0,0,0,1,-0.026696,-1,0,0,-1,0,0,0,1,0,1,0,0,0,0,0,1.79247,3,0,0,1,0,-1,0,1.232897,0,0,-0.623895,-2,1,0,0,0,-1,0,1,0,0,0,0,0,0,-2,0,0,0,0,0,0,1,0,2,0,0,0,0,0,1,2,-1,0,0,1,1,0,0,1,0,0,-1,0,-0.562062,-1,0,0.154915,0,0,0,0,0,0,-1,0,2,0,0,1
0,0,0,0,0,0,0,-0.627318,-1,2,0,-2,-1,0,0,-1,-0.766661,-1,0,0,0,0,0,0,0,0,0,0,0,0,1,0,1.58914,3,0,0,1,0,0,0,1.473038,1,0,-0.605547,1,0,-1,0,0,0,0,0,0,-3,0,1,2,0,1,1,-1,0,0,0,0,0,1,0,0,0,0,0,-2,3,0,0,1,0,0,0,0,0,1,0,0,0,1,-0.632421,0,0,-0.402804,3,-1,0,0,-1,0,0,1,1,0,0,1
0,1,-2,0,0,0,0,-0.6,0,0,1,0,0,0,0,0,-0.832474,0,0,3,-1,0,1,1,-1,0,-1,0,2,0,0,0,1.08571,5,0,0,-1,0,0,0,0.822597,1,3,-0.431162,-1,0,0,0,0,0,0,0,0,-2,0,1,0,-1,0,0,-1,0,0,-3,0,0,0,0,0,0,0,1,1,3,0,0,1,0,1,0,0,0,1,0,0,0,0,-0.698669,0,0,-0.837242,0,0,0,-1,0,-1,0,0,1,0,0,1
0,0,0,0,0,1,0,-0.714998,1,0,0,0,0,0,0,1,-0.745204,0,0,0,0,0,0,-1,0,-1,-1,2,0,0,1,0,1.14195,5,0,1,1,1,0,0,1.113347,0,0,-0.827649,0,0,0,0,0,0,0,0,0,0,2,0,1,0,0,-1,-1,0,1,1,1,0,0,0,4,0,0,0,-2,0,0,0,1,2,0,0,-1,0,0,0,0,0,-1,-0.779311,0,0,-0.574042,0,0,-1,1,0,0,0,1,0,1,0,1
0,0,0,0,0,0,0,-0.803025,1,0,0,0,1,0,0,1,-0.840028,0,0,1,0,0,0,0,0,0,-1,0,0,0,0,0,1.97843,1,0,2,-1,1,0,0,0.718599,1,0,-0.81373,0,0,0,0,0,0,0,-1,0,0,0,0,0,-1,0,0,0,0,1,1,0,0,0,-2,0,2,0,0,0,0,0,0,0,0,0,-1,1,0,1,-1,1,0,0,-0.757192,1,0,-0.720831,0,1,2,0,0,1,-1,0,0,1,0,1
0,0,1,0,0,0,0,-0.653077,2,0,0,0,0,0,0,0,-0.624138,0,0,0,-1,0,0,0,0,0,0,2,1,0,0,1,2.16368,5,0,0,0,3,0,0,0.555483,0,0,-0.810971,1,2,1,0,-1,0,1,0,0,0,-2,0,0,0,1,0,0,0,1,-1,1,0,-1,0,3,-1,0,0,0,0,2,0,0,-1,0,0,0,1,0,1,0,0,1,-0.772976,0,0,-0.73913,0,0,0,0,0,0,0,1,0,0,0,1
0,2,0,0,0,1,0,-0.326367,0,0,5,0,2,0,3,0,-0.764706,0,0,0,1,1,0,0,0,0,0,0,0,0,1,0,0.91129,2,-2,0,0,0,0,0,1.254387,0,-1,-0.696494,2,0,0,0,0,0,0,-1,0,0,0,0,2,0,0,-1,2,0,9,0,0,1,0,0,0,0,0,0,0,0,-1,0,-2,2,1,-1,0,0,0,1,0,0,0,-0.522926,0,1,-0.807367,0,0,3,0,0,0,0,0,0,0,0,1
0,1,1,0,0,-1,0,-0.574982,0,0,1,0,1,1,1,0,-0.595075,-1,0,2,0,1,0,0,1,0,0,0,0,1,0,0,1.2,8,0,0,-2,1,1,0,1.371945,1,0,-0.263202,1,0,0,0,0,0,0,0,0,0,0,0,-2,0,1,0,0,1,2,0,0,2,1,1,-1,0,0,-1,0,0,0,0,1,0,0,-1,0,-1,0,0,0,0,0,-0.714286,0,1,-0.65785,0,0,0,1,0,1,0,0,0,1,0,1
1,-3,2,0,0,0,0,-0.415568,0,0,1,0,0,0,0,0,-0.60092,0,0,0,0,1,0,0,0,1,3,0,0,2,0,0,1.19369,9,0,0,0,0,0,0,1.181159,0,1,-0.680445,0,-1,0,0,0,0,0,0,0,3,0,0,0,0,0,0,0,0,0,0,0,0,0,0,0,0,0,-1,0,0,0,0,0,3,0,1,0,0,-1,1,0,0,-2,-0.100276,0,0,-0.844595,2,0,0,0,0,0,0,0,1,0,0,1
0,0,0,0,0,1,-3,-0.732861,0,0,0,0,-1,0,0,1,-0.810044,0,0,0,0,1,2,-2,0,0,0,0,0,0,0,1,1.00319,17,0,0,-1,0,1,0,0.971486,0,0,-0.684211,0,0,1,0,0,0,0,0,-1,0,-1,0,0,0,0,0,0,0,0,0,0,0,0,1,0,-1,-1,0,1,-1,0,0,0,2,0,0,1,0,-1,2,0,1,0,-0.633335,0,0,-0.781607,0,0,3,0,0,0,-1,0,0,0,1,1
0,0,4,-1,0,0,0,-0.49745,0,0,-1,0,0,-1,3,1,-0.528916,0,0,1,0,2,-3,-1,0,1,0,0,0,0,1,0,1.0322,8,-1,0,0,0,1,0,1.805248,2,0,-0.475143,-2,-1,0,-2,0,0,1,0,0,0,0,0,0,0,3,2,1,0,0,1,-1,0,0,0,0,1,0,-1,0,-2,0,0,0,1,0,0,-1,0,0,0,0,0,1,0.059263,0,0,-0.848796,0,0,-2,0,0,1,1,1,0,0,1,1
1,0,-2,0,0,1,0,-0.815385,0,0,2,0,0,0,0,0,-0.633362,1,0,0,0,-1,0,0,1,0,0,0,-2,0,0,0,1.29264,0,0,0,1,0,0,0,2.118496,0,0,-0.854036,0,0,0,1,0,0,1,0,0,0,0,0,1,0,0,0,0,0,0,0,0,0,-1,2,0,0,0,2,0,1,0,0,0,0,0,0,1,0,0,1,0,0,0,-0.634233,0,0,-0.676715,0,0,0,0,1,0,0,0,0,0,1,1
0,0,2,-1,0,0,0,-0.182225,0,0,0,0,1,0,0,0,-0.757665,0,0,1,-2,0,0,0,0,0,0,0,0,0,0,0,1.82082,5,-2,0,0,0,1,0,1.089779,1,0,-0.341845,0,0,0,0,0,0,0,0,1,0,1,0,0,0,0,0,0,0,1,0,-1,0,1,0,-1,0,1,1,0,0,0,0,0,0,0,0,0,1,0,0,0,0,0,-0.61906,0,0,-0.739035,-2,0,2,0,0,0,0,0,1,1,1,1
0,0,0,0,0,2,0,-0.30886,0,0,0,1,0,-1,0,1,-0.109156,-2,0,0,0,-1,0,0,0,0,0,0,0,-1,0,0,3.76355,2,0,0,0,0,0,0,0.945455,2,0,-0.752616,0,0,0,0,0,0,0,0,1,1,1,0,-1,0,0,0,0,0,1,0,0,1,0,0,-1,0,0,0,-1,0,0,0,0,0,0,1,0,1,0,0,0,0,0,-0.599706,0,0,-0.626256,2,0,4,0,1,2,0,0,0,0,1,1
-1,0,0,0,0,-1,1,-0.446097,-1,0,2,1,0,0,2,0,-0.739515,2,0,0,0,-1,0,1,1,1,1,0,0,0,0,0,0.58862,10,0,-1,0,0,2,0,1.420597,-1,0,-0.781818,0,1,3,0,0,2,0,0,1,1,1,0,2,0,0,1,0,0,1,2,0,1,0,0,1,0,0,0,0,0,0,0,0,-1,0,1,0,0,0,0,1,0,0,-0.792969,0,-1,-0.755102,0,0,-1,0,0,0,0,-3,0,0,1,1
0,-2,1,0,-2,0,-2,-0.354694,0,0,0,0,1,0,0,0,-0.682971,0,0,1,3,-1,0,1,-1,0,0,4,0,3,0,0,0.5436,5,0,0,0,6,1,0,0.926758,0,0,-0.688899,0,0,1,0,0,0,0,0,0,0,0,0,0,0,0,0,0,0,2,0,0,0,0,0,0,0,1,0,1,0,2,0,0,0,0,0,1,0,0,0,0,0,0,1.4,0,0,-0.669832,0,0,0,0,1,0,0,0,1,-6,1,1
0,0,4,0,0,-1,0,0.636985,0,0,0,0,0,0,0,0,-0.625,0,0,0,0,0,0,0,0,0,0,0,0,2,1,0,0.76888,22,0,-1,0,0,0,0,1.741837,0,0,-0.705289,0,0,-1,0,0,0,0,0,-1,0,3,0,0,0,0,1,0,0,3,1,1,1,0,0,2,-1,1,0,1,0,2,0,0,0,0,0,0,0,0,0,0,1,0,-0.21581,0,0,-0.798769,0,0,-1,0,1,0,0,4,0,1,1,1
0,0,0,-1,0,0,0,-0.454545,0,-2,1,0,0,-1,0,0,-0.651411,0,-1,0,0,0,0,0,0,0,-1,0,0,0,4,0,1.03807,0,0,0,0,1,1,0,1.449752,0,0,-0.609196,-1,1,0,0,0,0,-1,0,0,2,-1,-1,0,0,0,1,1,0,0,0,1,0,2,0,0,0,0,0,1,0,0,0,0,0,1,0,0,0,0,0,0,1,0,0.272415,0,0,-0.612903,2,0,0,0,0,1,0,1,0,2,1,1
0,0,0,0,0,0,0,-0.617099,0,0,0,0,0,0,2,4,0.814026,0,1,1,1,0,0,0,0,0,0,0,-2,0,0,0,3.49097,2,0,0,0,0,0,0,0.816327,0,0,-0.749715,2,0,0,0,1,0,0,0,1,0,0,0,-3,1,0,0,0,-1,-1,0,0,0,0,0,0,2,0,0,0,0,0,0,-3,0,0,0,0,0,0,0,0,-1,0,-0.368098,0,-1,-0.613164,0,0,0,-2,0,0,0,1,0,1,1,1
0,0,0,1,0,0,0,-0.419253,0,2,0,0,-2,0,2,3,-0.85,0,0,0,0,0,0,0,0,0,0,0,0,0,0,0,1.38582,2,0,1,1,0,0,-1,0.316028,2,0,-0.752252,0,1,0,0,1,-1,0,2,0,0,0,0,-1,0,0,0,0,0,0,1,0,0,0,0,0,1,-1,0,1,2,0,0,0,0,0,0,0,-1,0,-1,0,0,-1,-0.784387,0,0,-0.361712,0,0,3,0,1,0,0,1,-1,1,1,1
1,0,0,0,0,0,0,-0.718257,0,-1,0,0,0,0,1,0,-0.85,0,0,0,1,0,1,0,0,0,0,0,0,2,0,0,1.4,8,0,0,0,-1,0,0,0.675703,0,0,-0.557759,0,1,0,0,1,0,0,1,0,-1,-1,0,0,4,0,0,0,-1,0,1,-3,-1,0,0,0,1,0,-1,0,0,5,-1,5,0,0,1,0,0,0,0,1,-1,0,-0.649276,0,1,-0.294138,0,0,0,0,1,0,0,1,1,1,1,1
0,4,0,0,0,1,0,-0.829558,0,0,0,0,1,-2,-1,1,-0.52751,0,0,1,0,0,0,0,0,0,0,0,0,2,2,0,1.39572,6,0,-1,1,0,1,0,0.904762,1,1,-0.354518,2,1,0,-1,0,0,0,1,0,0,-1,2,-1,0,-4,0,0,0,-1,0,0,0,1,3,0,-1,0,1,0,0,0,0,4,0,0,1,0,1,0,0,0,-1,0,-0.76,0,0,-0.651799,1,0,1,1,0,1,0,0,0,0,0,1
0,0,0,0,-1,0,0,-0.683437,1,0,-2,0,1,-1,1,1,-0.607421,0,0,0,0,2,0,0,0,0,0,0,0,0,0,0,0.6,5,-1,0,1,-1,0,1,0.660028,1,0,0.856188,-1,0,0,0,0,0,0,0,0,0,1,0,-2,0,0,0,0,0,-1,0,0,0,0,0,-3,0,0,0,0,0,0,0,0,-2,0,1,0,0,0,0,0,0,3,-0.01075,0,0,-0.697384,-1,0,0,-2,0,1,0,-1,-1,0,0,1
0,0,0,-1,-1,0,0,-0.657739,-2,1,0,0,0,0,-1,1,-0.651532,-1,0,1,0,0,1,0,0,-1,-1,-2,0,0,0,1,1.76639,4,1,0,1,1,0,-1,1.12409,1,0,-0.629776,0,1,0,0,0,0,0,1,0,0,0,0,0,0,0,0,-1,0,0,0,1,0,2,2,1,0,0,1,0,1,-4,0,0,-1,0,1,0,0,0,-1,0,0,0,-0.127123,0,0,-0.662063,0,0,0,0,0,1,0,0,0,3,0,1
0,0,0,0,0,0,0,-0.769231,0,0,0,0,1,0,0,0,-0.506215,0,0,0,0,0,-1,-3,0,0,1,3,0,0,2,0,1.10289,3,0,0,1,0,0,0,0.513514,0,0,-0.773604,0,0,0,0,2,0,0,0,0,0,0,0,0,0,0,0,0,0,0,0,0,1,-1,0,0,0,0,0,0,0,0,0,0,0,0,0,0,1,0,0,0,0,0,-0.430111,1,0,-0.481827,0,0,1,0,0,-2,0,0,0,0,1,1
0,0,0,-1,0,0,-1,-0.727417,0,-1,1,0,0,0,0,1,-0.272785,-1,0,-2,1,0,0,0,1,0,1,0,0,0,0,0,1.38817,4,0,1,-3,0,0,0,0.410298,1,1,-0.633525,0,0,0,-2,0,0,0,0,0,0,3,4,0,2,0,0,0,0,0,0,0,1,0,1,-1,0,1,2,0,2,0,0,1,0,0,0,1,0,0,-1,0,0,0,-0.636449,0,0,-0.398075,0,-1,1,0,0,0,-1,0,0,0,1,1
0,-1,0,0,1,2,-2,-0.777206,0,0,-2,0,-1,0,0,0,0.731828,1,0,0,3,0,-1,0,0,0,1,0,0,0,0,0,1.35867,1,1,0,0,0,0,0,0.513514,0,0,-0.76542,1,0,1,0,0,0,0,0,0,0,0,0,-1,0,0,0,0,-1,0,2,0,1,1,0,1,0,1,-1,0,0,3,0,0,0,0,0,0,0,0,0,0,0,1,-0.669774,0,0,-0.682432,0,0,0,0,0,0,0,-1,0,0,1,1
0,1,0,1,-1,0,0,-0.584833,0,0,0,0,3,0,0,1,-0.785776,0,0,-1,0,0,0,-1,0,0,0,0,0,2,0,0,1.93768,4,0,1,-1,0,0,0,1.649596,2,-2,-0.714385,-1,0,2,0,0,0,0,0,0,0,1,0,0,0,2,0,0,0,3,1,0,0,0,-2,0,0,1,0,0,0,0,-1,0,0,0,1,0,2,0,0,0,-1,1,0.511859,0,0,-0.888889,2,0,0,3,0,0,0,0,0,1,0,1
0,2,0,1,0,0,0,-0.625,0,0,0,0,0,0,0,1,-0.289749,-1,-1,0,0,0,1,-2,0,0,0,0,0,0,0,0,1.01864,5,0,0,0,0,0,0,1.9697,0,0,-0.232076,0,0,0,0,0,0,0,0,-1,0,1,3,0,0,0,0,0,0,0,1,0,0,-1,-1,3,-1,0,1,1,-1,0,0,-2,0,1,1,0,0,0,0,0,1,0,-0.62979,0,0,-0.865663,0,0,0,0,0,1,2,1,0,1,0,1
0,0,0,1,0,2,0,-0.600978,0,0,0,0,0,0,0,0,-0.750657,0,0,0,0,0,2,3,0,0,0,0,6,0,-1,0,0.94388,4,0,1,0,0,0,0,1.768484,0,0,-0.753605,0,0,0,1,0,0,0,0,0,0,0,0,0,0,0,3,-1,1,0,0,1,0,0,0,0,-1,0,1,0,0,0,0,0,2,2,1,0,0,0,0,0,-1,0,-0.707317,0,0,-0.888889,2,0,0,0,-1,0,0,0,0,1,0,1
0,0,0,0,0,0,0,-0.226326,0,-1,0,0,0,0,0,0,-0.745549,0,0,1,0,0,0,1,0,0,0,0,-1,0,0,0,2.9132,2,0,0,0,1,0,0,0.559272,0,-1,-0.733333,0,0,0,0,0,0,0,0,-1,-1,0,0,0,0,2,-1,1,0,3,1,0,1,1,0,0,2,1,0,1,-1,0,0,0,0,0,0,1,0,0,1,0,-4,0,-0.869488,0,0,-0.670578,0,-1,0,0,0,0,0,0,1,2,1,1
0,0,2,0,1,0,0,-0.646645,0,0,0,0,0,0,0,0,-0.802563,0,1,0,0,0,0,0,-1,0,1,2,0,0,0,0,1.96782,12,0,1,4,2,0,0,0.957276,-1,0,-0.338937,0,0,0,0,0,0,0,-1,0,0,0,1,0,-1,0,-1,0,0,-1,-1,0,1,1,0,2,2,-1,0,1,1,0,0,0,0,0,2,-1,-1,0,0,0,0,0,-0.070834,0,0,1.018102,0,0,0,1,0,0,-1,-1,0,0,1,1
0,0,0,0,0,0,1,-0.780669,0,0,0,0,0,0,0,1,-0.387149,0,0,-1,0,0,0,0,0,0,0,-2,0,0,0,0,1.69267,2,0,0,0,2,0,0,1.05432,0,0,0.03905,-1,0,0,0,-1,0,0,0,0,0,0,0,-1,-1,2,3,0,1,2,-2,0,1,1,0,0,0,0,-1,1,0,0,0,0,0,0,0,-1,0,0,3,1,0,1,-0.765746,1,0,-0.692308,-1,0,0,0,0,0,-3,0,0,0,1,1
0,0,0,1,0,1,0,-0.650105,0,0,0,0,0,0,0,0,-0.157458,0,0,-1,1,0,0,0,0,1,0,2,0,0,0,0,0.88571,4,0,1,2,0,0,0,1.640243,0,0,0.267247,0,-1,0,2,0,0,0,0,0,1,0,0,0,1,0,0,0,0,0,0,1,1,0,1,1,0,1,0,0,0,0,0,0,0,0,0,0,0,0,-2,0,2,-1,-0.660899,0,0,-0.703197,0,0,0,0,3,0,0,0,0,0,0,1
0,0,0,1,-1,1,1,-0.634098,0,0,0,1,0,0,0,0,-0.764706,0,0,0,0,0,0,0,0,0,0,0,0,0,0,0,0.88571,2,0,1,0,0,0,1,1.769804,0,0,-0.707997,0,0,1,0,0,0,0,0,0,1,0,1,0,0,-1,0,0,0,0,0,0,1,0,4,0,0,0,1,1,0,0,1,1,0,0,0,0,2,0,-3,0,0,0,-0.466292,0,0,-0.754522,3,0,4,0,0,1,0,0,0,0,0,1
0,0,0,1,0,1,0,-0.676834,1,1,0,0,0,0,0,0,-0.36835,0,0,0,1,0,0,0,0,0,0,0,-1,0,0,0,0.58773,5,0,1,3,-2,0,0,1.485019,0,0,-0.513373,0,1,0,0,1,2,0,0,0,1,0,0,0,0,1,0,-1,0,0,0,0,0,1,0,0,-1,1,0,1,0,0,0,-1,-1,0,0,0,0,0,0,0,0,0,-0.601659,0,0,-0.689766,0,0,2,0,1,-1,0,1,3,2,0,1
0,1,0,0,1,0,1,-0.741746,0,0,0,0,1,0,0,0,-0.836598,1,0,0,0,0,0,0,0,1,0,0,0,0,0,2,1.46341,14,0,0,0,1,0,0,1.551641,0,0,-0.809524,0,-1,3,0,0,0,0,0,0,0,1,0,0,1,0,0,0,0,0,3,0,1,0,-1,4,0,0,1,-1,0,0,1,1,0,1,1,0,0,0,0,-1,0,1,-0.641929,0,0,-0.811746,0,0,0,0,3,-1,0,0,0,0,1,1
2,0,0,0,0,0,-2,-0.096307,0,0,0,0,0,0,1,0,-0.614565,0,1,0,0,-1,0,0,1,0,0,0,0,1,0,1,1.25314,8,0,0,-1,0,-1,0,1.753806,0,1,-0.154558,0,1,0,0,0,0,-1,0,0,3,1,-1,4,1,0,1,0,0,0,0,0,0,1,1,0,0,0,0,0,1,0,1,0,3,0,1,1,1,0,-1,0,1,0,-0.78827,0,0,-0.75957,0,0,0,0,1,0,0,0,0,3,1,1
0,0,0,0,1,3,-1,-0.441544,0,0,0,0,0,0,0,0,-0.676446,1,0,-4,0,0,0,0,0,0,0,0,0,0,0,0,1.92599,7,0,0,0,-1,0,0,1.893096,2,1,-0.81045,0,0,1,0,0,0,0,0,0,0,0,0,0,1,2,-1,0,0,1,0,0,1,0,1,1,2,0,0,0,0,2,1,0,0,0,1,0,0,0,0,0,0,0,-0.7,1,0,-0.725759,-2,0,0,0,0,2,0,2,0,1,1,1
0,0,0,0,0,0,0,-0.479826,0,-1,0,0,2,0,0,4,-0.333333,0,0,0,0,0,0,0,0,0,0,-1,0,0,1,0,0.95369,1,0,-2,0,0,0,0,1.52941,0,0,-0.678635,1,2,0,0,0,0,0,0,0,0,0,0,0,0,0,0,0,0,0,0,0,1,0,3,5,0,1,-1,0,-4,0,0,0,1,0,1,0,0,0,0,-2,0,0,-0.383691,0,0,-0.652379,0,-1,0,0,0,0,0,2,0,0,0,1
0,0,0,-1,0,0,0,-0.016455,0,0,0,-1,1,0,1,0,-0.60333,-1,1,0,1,0,0,-1,0,2,0,0,0,0,0,-1,0.97948,0,0,0,0,0,0,0,3.549757,0,-1,-0.619334,2,1,0,0,1,0,0,0,0,3,0,0,0,0,2,0,0,-1,0,0,0,0,0,0,0,0,1,0,0,0,2,0,0,4,0,0,0,0,1,0,0,3,2,-0.606894,-1,0,-0.76,0,0,0,1,-1,0,0,-1,0,0,0,1
0,0,-2,0,0,1,-1,-0.539781,0,0,1,0,-1,0,1,-1,-0.075326,0,0,0,1,0,0,0,0,0,0,0,1,0,2,0,0.77361,1,0,0,0,0,-1,0,1.774912,0,0,-0.658054,0,0,0,0,-1,0,0,0,-1,0,2,0,0,0,0,-1,0,0,0,6,0,0,0,0,0,0,1,0,0,-1,0,0,2,2,0,1,0,0,0,0,0,-1,0,-0.622298,0,1,-0.76,2,0,0,0,0,0,0,0,1,0,0,1
0,2,-1,0,0,2,0,-0.710769,0,0,0,-1,0,1,0,0,-0.597679,0,0,-1,-1,0,0,3,0,0,0,0,0,0,0,0,1.54169,7,-3,0,0,2,0,0,0.725151,0,0,1.777793,0,0,0,0,0,0,0,0,0,0,0,0,0,-1,0,-1,0,0,2,5,-2,0,0,-2,2,0,0,0,0,0,0,0,-1,0,0,0,1,1,0,0,0,1,0,-0.737736,0,0,-0.454545,0,0,0,0,1,0,0,1,0,1,1,1
0,2,0,0,0,0,0,-0.70711,1,1,0,-1,0,0,0,0,-0.697576,0,0,0,0,0,0,1,1,0,1,0,0,0,0,0,1.31854,0,0,0,0,0,0,1,0.505945,1,0,-0.75,1,0,0,-1,0,0,0,0,1,0,0,2,0,0,0,0,0,0,0,0,0,0,0,1,0,0,1,0,0,0,0,0,0,0,0,0,-1,1,1,-1,0,-1,1,-0.629534,0,0,-0.528495,0,0,0,0,0,-1,1,0,0,0,1,1
0,0,-1,0,1,0,0,-0.840471,0,3,0,0,0,0,0,0,-0.650558,0,0,0,0,1,0,0,1,0,0,0,0,0,0,0,1.38568,2,0,0,1,1,0,0,0.855246,0,-1,-0.748871,0,1,0,0,0,0,0,0,0,0,0,0,0,1,0,1,0,0,4,0,0,-1,0,-1,-1,0,0,0,0,-1,0,0,1,0,0,-2,0,0,0,0,-1,0,0,-0.744681,0,0,-0.637046,2,0,0,0,1,0,0,0,1,1,1,1
0,0,0,0,0,1,0,-0.730734,1,0,2,0,0,0,0,0,-0.661147,0,1,0,1,1,-1,0,0,0,0,0,0,1,0,0,1.0688,1,0,0,0,1,0,0,1.95652,-4,0,-0.748398,0,1,1,0,0,-1,1,0,0,1,0,0,0,0,0,1,0,0,0,0,-1,0,0,0,0,0,1,0,0,0,2,0,0,0,0,0,0,1,0,0,0,-1,0,1.795451,0,0,-0.907984,0,0,0,0,0,0,2,0,0,0,1,1
0,0,0,1,0,1,1,-0.703944,0,0,0,1,0,0,0,0,-0.486189,0,0,0,1,0,0,0,-1,0,0,0,1,3,4,0,1.37584,2,0,0,0,1,-1,0,2.399116,0,0,-0.56926,0,0,0,0,0,0,0,0,0,1,-1,1,0,0,3,0,1,1,0,0,2,1,0,0,0,-3,0,1,1,0,0,0,0,1,0,0,0,0,0,0,0,0,0,-0.145438,0,0,-0.867956,0,1,1,1,-1,0,0,-1,1,0,1,1
0,0,0,1,0,0,0,-0.708998,0,2,0,2,0,0,-2,-3,-0.726083,0,1,1,0,0,0,0,0,0,0,0,1,0,1,0,2.05148,1,0,0,0,0,-2,1,1.95652,-1,1,-0.746608,0,0,0,-1,0,0,0,0,0,2,0,0,-4,-1,0,0,0,0,1,0,0,0,0,0,0,0,0,-1,2,1,1,0,-3,1,0,0,0,1,0,0,1,0,0,-0.170901,0,1,-0.593325,0,0,1,1,0,0,3,0,1,0,1,1
-1,-1,1,0,-1,0,0,-0.613575,1,0,-1,0,0,0,0,1,-0.321856,0,-1,1,0,0,0,0,0,0,0,0,0,0,0,-1,2.0,3,0,0,0,0,0,0,0.183823,0,0,-0.828571,0,1,0,0,0,2,1,-1,0,-1,0,0,0,1,0,0,0,0,0,0,0,1,-3,0,0,0,-2,0,0,4,0,0,-1,0,0,0,0,0,0,0,0,0,1,-0.83016,0,-1,-0.668118,4,0,2,0,0,0,0,-1,0,3,1,1
0,0,-3,0,0,0,0,-0.656699,1,1,2,0,1,1,0,1,-0.703409,1,0,1,0,0,0,0,0,0,0,2,0,-2,0,1,2.0,5,0,0,0,0,0,0,0.871429,0,0,-0.828571,0,1,0,0,0,0,1,0,0,0,0,1,0,1,1,0,0,-3,0,0,0,0,1,1,3,0,0,0,0,0,0,0,0,0,0,1,0,0,0,-1,0,1,1,-0.571429,0,0,-0.624497,0,0,0,1,0,-1,2,-4,0,-1,1,1
0,0,0,0,0,0,2,-0.667955,1,-1,-1,0,0,0,0,1,-0.728008,0,0,1,1,0,0,1,0,0,0,0,0,0,1,0,3.29173,1,0,0,0,0,0,0,1.761922,0,0,-0.828571,0,1,0,0,0,0,1,0,0,-2,0,2,3,0,0,2,0,0,1,0,1,0,-2,0,1,0,-1,0,0,0,0,0,1,0,0,0,2,0,0,0,0,0,0,-0.199177,0,0,-0.464197,0,0,0,0,0,0,0,2,0,0,1,1
0,0,0,1,0,0,0,1.65232,1,0,0,0,1,0,-3,2,-0.608842,0,0,0,0,0,1,0,0,0,0,0,0,0,1,-1,0.44538,6,0,-1,-1,0,-1,0,1.208527,-1,0,-0.75051,0,0,0,-1,-1,0,0,0,0,1,1,0,0,0,1,0,0,0,0,0,0,-1,1,0,1,0,0,0,1,2,0,1,0,-1,0,0,0,0,0,0,0,0,0,-0.593006,0,0,-0.666787,0,0,-3,0,0,-1,0,0,1,-1,0,1
0,0,0,0,0,5,2,-0.211898,1,0,0,2,2,0,0,0,-0.684211,0,0,1,0,0,-5,0,-1,0,0,0,0,0,-1,-1,1.69594,0,0,0,0,0,0,0,1.631556,0,0,-0.630095,3,0,0,0,0,0,0,0,0,0,1,0,0,0,0,1,0,0,-1,0,2,0,0,0,-2,-1,0,-1,0,0,-2,0,0,0,0,0,0,0,0,0,0,0,0,-0.563249,0,1,-0.625902,-1,0,0,0,0,0,0,-1,0,0,0,1
0,0,0,0,0,0,0,-0.368421,0,0,0,0,0,0,2,1,-0.718532,0,0,0,0,0,1,0,0,2,0,0,0,0,0,0,1.6424,3,0,0,0,0,0,0,1.17647,0,0,-0.386769,1,0,0,0,1,1,0,0,0,0,1,0,0,0,2,-3,0,-1,0,0,0,-1,2,0,0,0,0,0,0,0,2,0,0,-2,0,0,1,0,0,0,0,0,0,-0.535236,0,1,-0.726927,1,0,0,3,0,1,0,0,1,0,0,1
0,0,0,0,0,1,0,-0.428571,0,0,-3,0,0,0,0,-4,-0.859517,0,0,-3,0,0,0,-1,0,0,0,0,-1,0,3,0,1.1305,4,0,0,0,-2,0,0,0.764577,0,0,-0.656412,1,0,0,-1,-1,0,0,0,0,-1,0,0,0,0,0,-1,0,0,-2,0,0,0,0,1,0,0,2,0,-1,0,0,-1,0,0,0,0,0,0,0,0,0,-1,1,2.370248,0,0,-0.401309,0,0,-1,0,0,1,0,1,-1,0,1,1
0,0,0,0,0,-1,0,-0.489761,0,0,0,0,0,2,0,0,-0.729139,0,1,0,0,1,-1,0,-1,0,-1,0,0,0,-1,0,1.23506,4,0,0,0,3,0,0,0.865227,0,0,-0.706607,0,0,1,0,0,0,0,0,0,-1,0,0,0,0,0,0,0,0,1,-1,-1,0,-1,2,0,0,0,0,0,0,0,0,-1,-2,0,0,0,-1,0,0,0,0,0,0.088658,1,0,-0.586207,0,0,0,0,0,0,0,1,0,-1,1,1
0,-1,-1,0,0,0,-1,-0.587639,1,0,-1,0,0,-1,0,0,1.289193,0,0,0,0,-1,0,0,1,0,0,0,1,-1,0,1,1.29233,2,0,0,1,0,0,0,0.667094,0,0,-0.664589,1,0,0,0,0,1,0,0,0,0,1,0,0,-1,0,0,1,0,2,0,0,0,0,0,0,0,0,0,0,1,0,-1,0,0,0,0,0,0,0,0,0,0,0,-0.627266,0,0,-0.64051,0,0,-1,0,2,-2,0,0,0,0,1,1
0,3,0,1,0,-1,0,2.13043,0,1,0,-1,-2,0,-2,0,-0.832918,0,0,-1,0,0,0,-1,0,0,0,-1,0,0,0,0,0.97143,8,0,-1,0,-1,0,0,0.235294,0,0,-0.906702,0,-1,0,0,0,0,0,0,0,-2,1,0,0,0,0,0,0,0,-1,0,0,0,1,2,0,0,0,0,0,1,0,0,-1,0,0,0,0,1,0,0,0,0,0,-0.710912,0,0,-0.690641,0,0,0,-2,0,1,0,-2,0,0,0,1
0,0,-2,1,0,0,0,2.13043,0,0,-1,0,0,0,-1,0,-0.777778,-1,0,1,-2,0,0,2,0,0,0,0,-3,0,0,0,1.522,6,0,0,0,0,1,0,0.644299,1,1,-0.74577,0,0,0,0,0,0,0,0,0,0,0,0,-1,0,1,0,0,-1,0,-1,0,0,0,0,0,0,0,0,0,1,-1,0,-1,0,1,0,-2,0,0,0,0,-1,0,6.549311,1,1,-0.527844,-1,0,-1,0,0,0,0,0,1,1,0,1
0,6,0,0,0,0,0,6.383625,0,1,0,0,0,1,1,0,-0.819655,0,0,0,0,0,0,-2,0,0,0,0,0,0,1,0,1.00408,4,0,0,0,1,1,0,3.362066,-1,0,-0.69212,0,0,1,0,1,1,0,0,0,0,1,1,1,0,0,-2,0,0,0,0,0,0,0,0,2,0,0,0,0,2,0,0,1,0,0,0,0,0,0,0,0,0,0,-0.72469,0,0,-0.651488,-1,0,0,0,0,0,0,-1,0,0,0,1
0,3,1,0,0,0,2,0.468648,1,0,1,0,1,1,-2,0,-0.643602,0,0,1,0,0,-1,0,0,0,0,-1,-2,-1,0,0,1.53004,4,-1,1,0,-1,0,0,1.584238,0,0,-0.748541,0,0,0,-1,0,0,0,0,-1,0,0,1,-1,1,0,-1,0,0,0,0,0,0,0,0,1,0,2,0,0,0,0,0,0,0,1,0,1,2,0,0,0,0,-1,-0.443556,0,0,-0.707638,0,0,-1,0,-1,1,0,0,0,0,0,1
0,0,-2,0,0,0,1,0.798681,0,0,0,0,1,0,0,1,-0.708896,0,0,1,0,0,-1,0,0,1,0,2,-2,0,1,-1,0.86079,11,0,0,2,0,0,0,0.703852,0,0,-0.666667,0,0,0,0,0,0,0,0,0,0,0,0,0,1,-1,0,-1,0,0,0,0,1,0,0,-1,-1,1,1,0,2,0,0,0,-1,0,0,0,0,0,0,0,0,0,0.281706,0,1,-0.49649,2,1,0,0,0,0,0,0,0,1,0,1
0,0,0,0,0,-1,0,-0.478261,0,0,0,0,0,0,0,1,-0.296147,0,0,1,0,0,0,0,0,1,0,0,0,0,0,0,0.86026,0,1,0,-1,1,0,0,2.152592,0,0,-0.846138,1,0,0,0,0,0,0,0,0,0,0,0,0,1,0,0,0,1,0,0,0,0,0,0,4,1,0,0,1,0,-1,0,0,1,1,0,0,0,-1,0,0,0,-1,-0.677464,0,1,-0.617288,-1,0,0,0,0,0,0,0,0,4,0,1
0,2,0,-2,-1,0,3,-0.144956,0,1,0,0,0,1,1,1,-0.222947,0,0,0,0,0,0,0,1,0,-1,0,0,0,0,0,2.02379,5,0,0,-4,0,0,-1,1.431261,-1,0,7.34783,1,-1,0,0,1,0,1,0,-1,0,0,0,0,1,0,0,0,0,-2,1,0,0,0,2,0,0,0,0,1,0,0,1,-1,0,0,0,-1,0,0,0,0,0,0,-0.738537,0,0,-0.454545,2,0,0,0,0,0,0,1,-2,0,0,1
0,1,0,0,0,-1,0,-0.552646,0,1,1,0,0,1,1,0,-0.589039,1,1,-2,0,1,0,0,0,0,0,0,1,0,-2,0,1.73328,3,0,-1,0,0,0,0,0.639691,5,-1,5.011044,0,0,2,0,1,0,1,0,0,0,0,1,1,0,0,0,0,0,0,-1,0,-1,1,-2,0,0,1,0,2,2,0,1,0,0,1,0,0,0,0,0,0,3,0,-0.629308,0,0,0.151122,0,0,1,0,0,0,0,0,0,-1,0,1
0,-1,0,0,0,0,0,-0.6,0,1,0,0,0,0,0,1,-0.592838,1,0,0,1,0,0,0,0,0,0,0,0,0,0,0,1.00925,5,0,0,2,0,0,0,0.867144,0,0,7.34783,0,-2,1,0,0,0,0,0,0,-2,1,0,0,-1,0,-1,0,0,0,0,0,0,0,0,0,0,1,0,0,0,2,0,0,0,0,0,0,0,0,0,0,0,0,-0.646932,1,0,-0.609314,0,0,2,0,0,0,0,2,1,0,0,1
0,2,1,1,0,0,0,-0.362182,0,0,0,0,1,1,0,0,-0.504704,0,1,1,1,0,0,1,-1,1,1,-2,0,0,1,0,0.52977,4,0,0,1,-3,0,0,0.853965,1,0,-0.490051,0,0,0,0,0,0,4,0,0,0,0,0,0,-1,1,-1,0,0,0,2,4,0,0,0,0,0,2,0,1,0,-1,1,1,1,0,0,0,0,0,0,0,0,0,-0.818182,0,0,-0.75,0,0,0,0,0,0,0,1,0,3,0,1
0,0,1,2,1,0,1,-0.653901,1,1,1,0,1,1,5,0,-0.550945,0,0,0,1,0,0,0,0,0,0,-1,0,0,1,0,0.90849,1,-1,1,-1,0,0,0,0.436763,0,0,-0.708793,0,0,-1,0,4,0,1,0,0,0,0,1,-1,0,1,0,1,0,-1,0,0,1,0,0,1,1,1,0,1,0,0,1,0,0,1,0,0,0,-1,0,0,0,-1,-0.88387,0,0,-0.869852,0,0,0,0,0,0,0,-2,2,1,0,1
0,2,3,1,1,-2,2,-0.453379,0,1,0,0,0,0,0,0,-0.599692,0,0,2,0,0,2,0,0,0,0,0,0,2,1,0,0.86292,1,1,0,-1,1,0,-1,0.401676,0,0,-0.455767,0,2,0,0,0,0,0,0,1,-3,0,0,0,-1,3,0,0,0,2,0,0,0,5,0,1,1,0,-1,1,0,0,1,0,0,1,0,0,1,0,0,0,1,0,-0.874278,0,-1,-0.75,-1,0,-1,0,0,2,0,0,0,0,0,1
0,0,0,0,0,-3,-1,-0.872883,0,0,0,0,0,0,-1,0,-0.815385,1,-1,0,0,2,1,-1,0,0,0,0,-4,0,1,0,1.4129,3,0,0,0,-2,0,0,0.180544,2,0,-0.58867,-1,0,0,0,-1,0,0,0,0,0,0,1,0,1,1,-1,1,0,1,1,1,0,-1,0,0,2,0,0,0,1,0,-1,0,0,-1,0,0,-2,0,0,0,0,0,-0.72718,0,0,-0.510167,0,1,0,0,0,1,0,1,2,-1,0,1
0,-2,0,0,1,0,0,-0.726401,0,0,0,0,0,-1,0,1,-0.815385,0,1,0,1,0,0,0,0,0,-2,0,0,1,0,0,1.10234,0,1,0,0,1,0,0,0.447775,2,0,-0.439211,-3,0,0,0,0,0,0,0,0,-1,0,1,-1,0,1,0,0,0,2,2,0,0,0,2,-1,1,2,0,-1,0,0,0,0,-1,0,0,-1,0,0,0,0,0,0,-0.764771,0,0,-0.636364,0,0,1,0,0,0,0,1,0,0,0,1
0,-1,0,1,0,0,0,-0.51089,2,0,0,0,0,0,0,0,-0.815385,-2,0,0,1,0,0,0,0,0,0,0,1,0,1,0,0.86375,4,1,0,1,0,0,0,1.161141,1,0,-0.630323,0,0,0,0,-1,0,0,0,1,-1,0,1,0,0,1,0,0,1,0,2,1,2,0,0,1,1,-1,0,1,0,0,0,0,0,0,0,0,1,1,2,-1,1,0,-0.707059,0,0,-0.71972,0,0,1,0,0,1,2,1,0,0,0,1
0,-1,0,0,0,0,0,-0.588554,0,1,-1,0,0,1,0,1,-0.764706,0,0,1,1,-1,0,1,0,0,0,0,2,0,1,-1,1.86161,3,-1,0,1,1,0,0,1.428289,1,0,8.37816,0,0,0,0,1,0,0,0,0,0,0,0,0,0,0,0,0,-1,-1,0,0,0,0,1,0,2,0,0,1,0,2,0,1,0,0,0,0,0,0,-1,0,0,-1,-0.504492,0,1,-0.404371,-1,0,2,1,0,0,-1,-1,1,0,1,1
0,-2,0,0,0,0,0,-0.52912,0,0,-1,0,0,0,1,1,-0.751859,0,0,0,1,0,0,-2,1,0,0,0,0,1,1,0,0.99773,3,0,0,0,1,0,0,1.720758,0,0,8.14286,1,0,0,0,1,0,0,0,0,0,2,0,0,-2,-1,2,0,0,-1,1,1,2,2,0,0,0,0,-2,0,0,0,0,1,0,0,0,0,-1,0,1,0,0,0,-0.737972,0,1,-0.342799,2,0,0,0,1,0,-1,0,1,1,1,1
0,-1,0,0,0,-5,0,-0.662549,0,0,0,1,0,0,1,5,-0.764706,0,0,1,1,1,0,0,0,0,0,0,2,1,3,0,1.42667,1,0,0,0,1,0,0,1.376676,1,0,9.200075,1,-2,-1,0,1,-2,0,-1,-1,1,0,0,0,0,0,0,0,0,0,0,1,3,-1,0,0,0,0,0,0,0,2,-1,1,0,0,0,0,1,0,0,0,0,0,-0.533036,0,1,-0.689806,0,0,2,0,1,-1,0,0,1,-3,1,1
0,1,-1,0,0,0,0,-0.803279,0,0,0,0,2,0,1,0,-0.298803,0,0,0,0,0,0,0,0,2,0,0,0,0,0,0,2.44888,12,0,0,2,0,1,0,0.493827,0,0,-0.871106,0,0,0,0,1,0,0,0,0,0,-1,3,0,0,0,0,0,0,0,0,1,2,1,0,0,0,0,0,0,0,0,0,0,2,0,0,0,-2,0,0,0,0,0,-0.621032,0,0,-0.897549,0,0,0,0,0,0,0,0,0,1,0,1
0,0,-1,1,0,1,1,-0.822859,1,0,0,0,-1,1,0,2,-0.820903,0,0,0,1,0,0,2,0,1,0,0,-1,0,0,0,2.6777,9,0,0,0,1,0,0,0.390931,0,0,-0.895681,1,0,0,0,0,0,0,-1,0,1,1,0,0,0,0,0,-1,0,1,-1,1,0,0,-3,-2,2,0,0,0,0,0,0,0,1,-2,-1,0,-1,0,0,0,0,0,-0.736804,0,0,-0.837838,0,1,-1,0,0,2,0,0,0,1,0,1
0,0,-2,2,0,0,0,0.238355,0,0,0,0,0,1,0,0,-0.723817,0,2,0,0,0,0,0,0,1,0,0,0,0,1,0,2.96522,6,0,0,0,1,0,-1,0.493827,0,-1,-0.86227,0,0,0,1,0,0,0,0,0,0,0,0,0,0,0,2,-1,0,0,0,1,0,0,0,1,0,0,-1,1,0,0,0,0,0,0,0,0,0,0,0,0,-1,0,-0.667518,0,1,-0.837554,0,1,-1,0,0,0,0,0,0,0,0,1
0,0,3,0,0,0,-1,-0.444522,-1,0,0,0,0,1,0,1,-0.113373,0,0,0,0,-1,0,0,0,0,0,3,0,0,1,0,1.70322,6,0,0,0,1,0,0,0.62269,0,1,-0.779084,0,-1,0,0,-1,0,0,0,0,0,1,1,-1,0,0,0,0,-1,-4,0,0,0,0,0,0,0,0,-1,1,0,0,0,0,0,-1,0,0,0,0,1,0,0,0,-0.267234,0,0,-0.55144,0,1,0,0,0,0,0,0,0,0,0,1
1,0,0,-1,0,0,0,-0.587457,0,0,3,0,0,1,0,0,-0.369937,0,0,0,2,0,0,2,0,0,0,0,0,0,0,0,1.92967,6,0,0,0,0,-1,1,1.67391,0,0,-0.710165,0,1,0,0,0,2,0,0,0,2,1,0,0,0,0,3,0,0,0,0,2,0,0,-2,0,0,-1,0,0,0,0,0,-1,1,0,0,0,0,0,1,1,0,0,-0.698954,0,0,-0.632088,0,1,-2,0,0,0,0,1,0,0,0,1
0,0,0,0,0,0,0,-0.533188,1,0,1,0,0,0,0,0,-0.864271,0,0,0,1,0,0,0,0,0,0,0,0,0,1,2,1.32453,6,0,0,0,0,0,1,1.045588,0,0,-0.716417,1,-1,-1,0,-2,0,0,0,0,0,1,0,0,0,0,0,0,0,0,0,0,-2,0,0,0,0,0,0,0,2,0,0,0,0,0,1,0,0,0,4,0,3,0,-0.730264,0,0,-0.656063,0,0,0,0,0,0,-1,0,0,-1,0,1
0,0,0,0,0,0,0,-0.755155,0,0,1,0,0,-1,0,0,-0.697691,-1,0,0,0,-1,0,0,0,0,0,0,0,2,0,0,1.72613,6,0,0,0,0,0,0,2.047483,2,0,-0.732602,-5,0,0,0,1,0,0,0,0,0,0,0,0,0,0,0,0,0,0,1,1,0,0,1,0,0,0,0,1,0,0,0,0,0,0,0,0,0,0,1,0,0,0,-0.659799,0,0,-0.755102,0,0,0,0,0,0,0,3,-1,0,1,1
0,0,0,1,0,2,0,0.157479,-1,-1,-1,0,1,0,0,0,-0.865122,0,0,-1,1,0,0,-1,0,0,2,0,0,0,0,0,1.66785,3,0,1,1,0,-1,0,1.957093,0,0,-0.744834,0,0,0,0,0,-4,0,0,0,0,0,3,1,0,0,3,0,1,0,1,1,0,0,0,0,0,0,0,2,0,2,0,2,0,0,0,0,0,0,0,0,0,0,-0.573612,0,-1,-0.755102,-2,0,0,0,0,0,0,0,-1,0,1,1
0,0,0,1,1,0,1,-0.752,0,-1,2,0,0,1,0,0,-0.675614,0,-2,1,0,0,0,0,0,0,0,0,0,0,0,-1,1.78078,18,0,0,1,0,0,1,2.080621,0,0,-0.707006,0,1,0,1,0,-3,0,0,0,-2,1,0,-1,0,0,0,0,0,0,0,0,0,-1,0,0,-1,0,1,0,0,0,0,0,0,0,0,0,-1,0,0,0,1,0,-0.748846,0,0,-0.638367,0,1,0,0,0,0,0,4,2,1,1,1
0,1,0,1,0,0,0,-0.489847,0,0,0,0,0,0,0,3,-0.508462,0,0,1,1,0,0,0,0,-1,0,-1,0,0,1,0,0.86648,2,2,0,0,0,0,0,3.269783,-1,0,-0.559121,0,1,1,0,0,-1,0,0,0,0,0,4,2,0,0,0,1,-1,0,0,0,0,0,0,0,1,0,2,3,0,0,0,0,0,0,1,0,0,0,2,0,0,3,-0.52,0,-1,-0.634134,0,0,0,0,0,0,0,0,0,1,0,1
0,-4,0,0,0,-1,0,-0.430559,0,1,-1,0,0,0,0,0,-0.219414,0,0,0,0,0,0,0,0,0,0,0,0,0,1,0,1.38228,6,0,0,0,1,1,0,1.591941,0,0,-0.62839,0,0,0,0,0,-2,1,-1,0,0,0,0,3,0,-1,0,0,0,0,1,0,0,1,0,0,1,0,0,1,0,0,0,3,-1,0,0,0,1,1,0,-1,1,-1,-0.238671,0,0,-0.400877,0,0,0,0,-1,1,0,0,1,1,0,1
0,1,0,-1,0,0,0,0.567241,0,0,0,0,-3,0,0,3,-0.583839,0,0,-2,0,0,0,0,-1,-2,0,0,0,0,1,0,1.33283,-21,0,0,-1,0,1,0,1.553918,-1,0,-0.638237,0,1,0,-4,0,1,1,0,0,0,0,0,2,0,-1,-1,0,0,0,0,1,0,1,-2,0,1,0,0,1,0,4,0,1,0,0,0,1,0,0,0,0,1,0,-0.350446,0,0,-0.618743,0,0,0,0,0,1,-3,0,1,1,0,1
0,0,0,0,0,0,0,-0.735171,0,0,0,0,2,0,0,1,-0.702522,0,0,0,1,0,0,0,0,-1,0,0,2,3,1,0,0.78203,1,-1,-1,0,1,0,0,1.094746,2,0,-0.614591,0,0,0,0,0,0,0,0,0,0,2,0,0,0,0,2,0,0,-1,0,-1,1,1,0,-2,0,-4,0,0,3,0,0,0,0,0,-1,0,0,0,0,-1,0,0,-0.823529,-1,0,-0.506468,0,0,0,0,-1,0,0,-1,0,0,0,1
0,-1,0,1,0,3,0,-0.371321,1,-2,0,0,-3,0,0,0,-0.83947,0,0,0,0,0,0,3,0,0,0,0,2,0,0,0,0.77143,4,0,0,0,1,0,0,0.991514,0,0,-0.446688,0,0,-1,0,0,0,0,0,-1,7,0,0,0,0,0,0,0,-1,0,0,-1,1,0,0,0,0,1,0,0,0,5,0,0,-1,0,-1,0,1,0,0,0,2,0,-0.858467,0,0,-0.77493,3,0,-1,0,0,-1,0,0,1,0,0,1
0,0,0,0,1,1,0,-0.394427,0,0,0,0,0,0,-1,0,-0.793092,0,0,0,0,0,0,3,0,1,0,0,3,-6,0,0,0.42466,14,0,0,0,1,1,1,1.7037,-1,0,-0.651713,0,0,0,0,0,1,0,-1,0,0,1,0,0,0,0,0,0,0,0,0,0,0,0,0,0,0,1,0,0,0,0,0,0,0,0,0,0,0,0,0,0,0,0,-0.823529,1,0,-0.793582,0,0,0,0,0,0,0,0,0,0,0,1
0,3,0,-1,0,-1,2,-0.456037,0,0,1,0,0,0,0,0,-0.785714,-1,-1,0,0,0,0,0,0,0,0,0,0,-3,-1,1,1.21857,3,1,0,0,0,0,0,0.330034,0,0,-0.657106,0,0,0,0,1,0,0,0,0,0,0,0,1,1,0,1,0,-1,0,0,0,0,0,0,2,0,0,1,0,0,0,-2,0,0,0,0,0,1,1,0,0,3,0,-0.601239,1,0,-0.180749,0,0,1,0,0,-2,0,-1,0,0,0,1
0,0,3,1,0,0,0,-0.353707,0,1,0,0,0,0,0,0,-0.903238,0,0,0,0,-2,0,-1,1,-1,0,1,0,0,1,0,1.77862,3,-2,0,0,1,0,-1,0.47673,1,0,-0.483236,0,0,0,0,0,0,0,0,0,0,0,0,2,0,0,0,0,0,0,0,0,0,-1,0,-2,0,0,0,0,0,0,0,1,0,0,0,0,0,1,0,0,0,0,-0.14511,0,0,-0.809524,-1,0,-1,0,-1,0,-1,0,0,0,0,1
0,-2,1,0,0,0,0,-0.280486,0,0,0,0,-1,0,0,2,-0.241608,0,0,0,1,0,0,0,0,-1,1,0,1,0,0,0,1.88202,1,0,0,0,0,0,0,2.602982,-1,0,1.689186,0,0,0,0,0,0,1,0,-1,0,0,0,-2,0,0,-2,0,0,-1,0,0,2,0,0,0,0,0,0,1,0,-1,0,0,0,0,1,0,0,1,0,1,0,0,-0.614203,0,0,-0.840605,-1,-1,0,0,0,0,0,0,0,0,0,1
1,1,1,0,-1,-2,0,-0.771405,0,0,0,2,0,0,0,0,-0.470435,1,1,0,-2,0,0,-1,1,0,-1,0,0,2,0,0,0.64501,2,1,1,0,0,0,0,0.607143,0,0,-0.834097,1,-1,0,0,0,0,0,0,0,-1,1,5,0,0,0,1,1,1,-3,-1,0,4,0,0,0,0,1,0,0,0,0,0,0,0,0,0,0,-1,0,0,0,-1,0,-0.574937,0,0,-0.649642,-1,-1,-1,0,1,0,1,0,0,2,0,1
0,0,0,0,0,0,0,-0.707317,0,0,0,0,0,1,-2,0,-0.75812,1,0,2,0,0,0,0,1,0,0,0,3,0,1,0,0.99075,6,0,-2,1,0,0,0,0.607143,0,0,-0.596333,0,0,2,1,0,0,-1,0,1,-2,2,0,2,0,0,1,1,0,0,0,0,0,0,0,0,0,1,0,0,0,0,0,0,0,1,1,0,0,0,0,0,-1,0,-0.855316,0,0,-0.743355,0,0,2,1,1,0,1,1,0,0,0,1
0,1,0,0,0,-1,-1,-0.61641,1,0,0,0,1,0,0,0,-0.717062,1,1,0,0,0,0,0,1,0,0,2,0,0,0,0,1.43466,4,1,0,1,-1,-1,0,3.722793,0,0,-0.88959,2,-1,0,0,0,1,0,-2,0,0,1,0,0,0,0,3,1,0,0,0,0,0,0,1,0,0,0,0,0,2,0,0,0,-1,1,0,0,-1,0,0,-1,0,-2,-0.72968,0,0,-0.762149,0,0,0,1,0,0,0,0,0,0,0,1
0,0,0,1,1,0,0,-0.426588,-1,0,-4,0,0,0,0,1,-0.799273,-1,0,3,-1,0,0,0,0,0,-1,0,0,0,1,0,1.50137,3,1,1,0,0,2,0,0.238274,1,0,-0.812942,1,0,0,0,2,0,1,0,0,-1,-1,0,0,0,0,0,0,0,0,0,-1,0,0,0,0,-1,0,1,0,0,0,0,0,0,0,0,0,-1,0,0,0,2,0,-0.63178,0,1,-0.675676,0,2,4,0,0,0,1,1,1,2,1,1
0,-1,0,0,0,0,0,-0.687865,1,0,0,0,0,2,0,1,-0.590828,0,0,0,-1,0,0,0,0,0,1,0,0,0,1,1,1.55538,3,0,0,0,-1,0,0,0.553415,1,2,-0.8,1,0,0,4,0,2,1,0,0,0,0,0,0,0,-2,0,0,0,0,0,0,4,0,-1,-2,0,0,0,0,1,3,0,-1,0,0,0,0,1,0,-1,0,0,0,-0.642058,0,1,-0.603062,0,0,3,0,0,0,0,1,0,0,1,1
1,0,0,0,1,3,0,-0.569732,-1,0,1,0,0,1,0,0,-0.56031,0,1,0,0,0,0,0,0,0,0,0,0,0,0,1,1.34581,0,0,1,0,0,2,0,0.546526,1,0,-0.793451,1,0,0,0,0,1,1,0,0,0,0,0,-1,-1,1,0,0,0,-1,0,0,0,-2,1,0,0,1,0,4,1,0,0,0,0,0,0,0,0,0,0,0,0,0,-0.6581,0,1,-0.707123,2,0,0,0,0,0,0,0,2,0,1,1
0,1,0,0,0,0,0,0.186864,0,0,0,0,1,0,0,0,-0.516925,0,0,1,0,0,0,0,0,0,0,0,0,0,0,-1,2.10273,4,0,1,0,0,2,0,1.133537,1,1,-0.517885,0,0,0,0,0,0,0,0,1,0,0,0,0,0,1,1,1,0,1,0,0,0,1,0,2,0,0,1,1,-1,0,0,1,3,0,1,0,0,0,0,0,0,0,-0.507448,-1,1,-0.678941,0,0,0,0,0,0,1,0,0,1,1,1
0,0,0,1,0,0,0,-0.657143,0,0,1,0,-2,0,3,0,-0.739588,0,0,1,0,-2,1,1,0,0,0,2,0,0,-2,0,2.46131,2,0,1,0,0,0,0,2.404987,0,1,-0.764706,0,0,0,0,0,0,0,1,1,0,0,0,0,0,1,1,1,0,0,0,0,0,1,0,3,0,0,1,0,1,0,0,1,2,0,0,0,0,0,0,0,0,1,-0.812078,0,0,-0.590824,0,0,0,0,0,-1,3,0,0,1,1,1
0,0,0,1,0,0,0,-0.883942,0,0,1,0,0,0,-1,0,-0.649812,0,0,1,3,0,0,0,0,0,0,0,2,0,0,0,1.48683,6,-1,1,0,2,0,0,0.907303,1,1,-0.863818,-1,1,0,0,0,0,0,1,1,0,0,-1,1,0,1,0,0,0,1,0,-1,0,1,1,0,0,0,1,0,0,0,0,1,5,0,0,0,1,0,0,0,0,1,-0.135267,1,0,-0.611445,0,0,0,0,0,0,0,0,0,1,1,1
1,0,0,0,0,-2,2,-0.428494,0,0,1,0,1,0,0,0,4.943101,0,0,0,0,0,0,-1,1,1,0,0,-2,0,0,0,1.1499,3,0,0,0,1,0,0,0.751339,0,0,-0.627176,-1,0,0,1,0,0,0,1,0,4,1,0,0,-1,0,0,-1,0,1,0,1,1,0,0,0,1,0,-2,0,0,-1,0,0,2,0,0,0,0,0,-1,0,0,0,-0.584502,0,0,-0.3808,0,0,1,0,0,1,0,0,0,1,0,1
0,2,0,-1,-1,0,0,-0.658756,0,0,0,0,0,0,0,0,-0.278744,0,0,2,-2,0,-1,0,0,1,0,0,0,0,1,0,0.65881,17,0,0,1,0,1,0,1.045652,0,0,-0.276471,0,0,-1,0,1,0,2,0,0,1,1,2,2,1,-1,0,0,0,0,0,1,1,0,0,0,0,0,1,-1,0,2,0,-2,1,0,0,0,0,0,0,0,-1,0,-0.92022,0,0,-0.72093,1,0,1,0,0,1,0,0,0,1,0,1
0,0,-1,0,0,-4,1,-0.650054,0,0,-2,1,1,0,2,-4,-0.447401,0,0,1,0,1,0,0,0,2,-1,0,0,0,-1,0,2.07352,4,1,0,0,-1,0,0,1.136568,2,0,-0.743793,0,0,1,0,0,1,1,0,0,0,0,-1,0,0,-4,0,0,1,-1,1,1,0,1,0,0,0,0,0,0,0,2,0,0,0,0,0,0,0,0,0,0,0,0,1.507682,0,0,3.920894,0,0,0,0,0,1,-1,0,0,1,0,1
0,0,0,0,0,0,2,-0.799012,0,0,-1,0,0,1,0,0,-0.620941,0,0,-3,0,0,0,0,0,0,-1,0,0,0,0,0,1.22958,5,1,0,0,0,0,0,1.41593,2,-2,-0.820996,0,1,0,0,1,0,0,0,0,0,1,2,0,0,0,0,0,1,2,1,0,1,0,-1,0,0,1,1,0,0,2,0,0,0,0,0,2,0,0,1,0,-2,1,-0.723525,0,0,-0.86519,0,0,0,0,0,0,0,1,0,1,1,1
0,-1,0,0,0,2,0,-0.519853,0,0,0,0,0,0,1,-1,-0.371191,0,0,2,0,0,0,0,0,-1,0,0,2,0,0,0,1.65898,5,0,0,0,0,0,0,0.890909,0,0,-0.789882,0,0,0,0,0,2,0,0,0,0,0,1,0,0,0,0,0,0,0,0,0,0,0,0,0,1,0,0,1,3,0,0,0,0,0,0,0,-1,0,0,1,0,0,-0.785711,0,0,-0.563989,0,0,0,0,0,0,2,2,0,0,1,1
0,0,0,1,0,0,3,-0.75,0,0,0,1,0,0,1,-1,-0.612903,0,0,-1,-1,0,0,0,0,0,0,0,0,0,-3,0,0.83529,11,0,0,0,0,0,0,0.547412,0,0,-0.797953,2,0,0,1,2,-1,0,0,0,0,0,-1,0,-1,0,0,0,0,1,-1,0,-1,1,0,0,0,0,0,0,0,0,0,1,0,1,0,0,0,0,1,0,0,0,-0.454912,0,0,-0.849722,0,0,0,0,0,0,-1,1,-1,0,1,1
0,-2,0,0,0,0,0,-0.478261,0,-1,0,0,0,0,0,1,-0.73913,0,0,0,0,-2,0,0,0,0,0,0,0,0,1,0,1.29389,8,0,-2,0,0,0,1,1.306958,5,0,-0.571373,0,0,1,0,0,-1,0,0,0,0,1,1,-3,0,0,0,0,-1,-3,0,0,1,1,0,0,1,1,0,0,0,0,0,0,1,0,-1,0,0,-2,0,0,0,2,-0.341961,0,0,-0.669201,0,0,0,0,-1,0,2,2,0,1,1,1
0,1,0,0,0,0,0,0.17876,0,0,0,0,0,0,0,0,-0.726902,0,1,0,-4,0,0,0,0,0,0,0,0,0,0,0,3.01919,6,0,1,0,0,0,0,1.25581,0,0,-0.539367,0,0,0,-1,0,0,0,0,0,-2,1,1,0,0,0,0,0,0,2,0,-1,1,0,-1,0,1,-1,-2,1,0,0,0,0,1,0,-1,0,0,0,0,0,6,0,-0.428571,-1,0,-0.092143,0,0,0,0,0,0,0,0,1,2,1,1
0,0,0,0,0,0,0,-0.616778,2,0,0,0,-1,0,0,0,-0.766673,0,0,1,0,0,2,2,0,0,0,0,0,0,0,0,1.22857,1,-1,0,0,1,0,0,1.25581,0,0,-0.72093,0,0,0,0,0,0,0,0,0,0,1,0,0,1,-1,0,-2,1,0,0,-1,1,1,0,0,0,0,0,1,0,2,0,0,1,0,0,0,-3,0,0,0,-1,0,-0.476275,-1,1,-0.871203,2,0,0,-1,0,0,0,0,1,-1,1,1
0,2,2,-1,0,2,0,-0.528667,0,0,0,0,0,0,0,0,-0.197685,0,1,0,0,-1,0,0,0,0,0,0,0,-1,1,0,2.0472,13,0,0,0,1,0,-1,1.064258,0,0,-0.803575,0,1,0,1,1,0,0,0,1,0,-1,1,0,0,0,0,0,0,2,0,0,1,0,-3,0,1,0,0,0,0,0,0,0,0,-1,0,0,0,0,1,0,1,0,-0.773053,0,0,-0.730145,0,0,0,0,0,0,0,0,0,1,1,1
0,0,3,1,0,2,0,-0.661013,0,0,0,0,1,0,0,0,-0.350554,0,0,0,0,0,0,2,0,0,1,0,0,0,0,-1,1.95034,5,0,0,0,1,-1,0,0.962408,0,2,-0.830856,2,2,0,0,1,0,0,0,0,0,0,0,0,0,0,0,0,-1,2,0,0,1,1,0,0,1,0,1,1,0,0,0,0,-1,0,0,0,-1,0,1,0,0,0,-0.817448,0,0,-0.709117,0,0,2,0,0,0,0,0,0,4,1,1
0,0,3,0,1,0,0,-0.727273,0,0,0,0,0,0,0,2,0.575187,-1,0,0,0,0,0,0,0,0,0,3,0,2,0,0,1.11916,4,0,0,1,0,-1,0,0.913793,0,0,-0.793103,0,0,0,0,1,0,1,0,0,0,-1,0,0,0,0,0,0,0,0,0,0,1,0,-2,0,0,0,-1,0,0,0,0,0,0,0,0,-1,-2,0,1,0,0,0,-0.703933,1,0,-0.727273,0,2,-1,0,-1,-1,0,0,0,2,1,1
-1,0,1,0,0,2,1,-0.190018,0,0,0,0,1,-2,0,1,-0.545855,0,0,2,0,0,0,-1,0,0,1,2,-2,0,0,0,1.50699,5,0,0,0,0,1,0,0.470702,0,0,-0.566246,1,0,0,0,-1,0,0,0,1,0,0,0,-1,0,-1,0,0,0,0,4,0,0,0,0,0,2,-1,0,0,0,0,0,1,0,0,0,-1,0,0,1,0,0,0,-0.84207,0,1,-0.839862,0,0,0,0,0,1,1,0,-2,0,1,1
0,0,0,0,0,0,0,-0.571564,-1,0,0,0,0,0,0,2,-0.73913,1,0,0,0,0,0,0,0,0,1,0,0,0,0,0,1.51747,4,0,0,2,1,2,0,1.35849,1,0,-0.726673,1,0,0,0,2,0,0,-1,1,0,0,0,0,0,3,1,0,1,0,0,1,0,0,0,0,0,0,0,0,0,0,0,-3,0,0,0,0,2,0,2,0,0,-1,-0.308226,-1,0,-0.333333,-1,-1,0,0,0,1,0,0,0,1,1,1
0,2,0,0,0,0,-2,-0.50895,1,0,0,0,0,0,0,1,-0.595104,0,-1,0,0,0,1,1,0,-1,0,0,0,0,0,1,1.49081,19,0,0,0,0,2,0,1.116464,0,0,-0.773585,0,0,0,-1,0,0,0,0,1,0,5,2,0,2,-2,0,0,1,0,1,-1,-1,0,1,0,0,0,0,-1,0,-1,0,0,0,0,0,0,0,0,3,1,0,-1,-0.736897,0,4,0.384792,0,0,-2,0,0,0,-2,0,0,0,1,1
0,0,0,0,0,0,0,-0.189651,0,0,0,0,0,0,0,1,-0.815188,0,0,0,0,1,0,0,0,-2,0,0,0,0,0,0,2.74009,3,0,0,0,0,0,0,0.497163,2,0,-0.764706,0,0,0,0,0,-1,0,0,-2,0,1,0,0,1,3,0,0,0,0,0,0,0,0,0,2,0,0,-1,0,0,0,0,1,-1,1,-1,0,0,0,0,0,0,0,-0.402985,0,1,-0.916938,0,0,0,0,0,0,-1,1,0,0,1,1
0,1,0,0,0,3,0,-0.571429,-1,0,-1,0,0,0,0,0,-0.869053,0,0,0,0,1,2,0,0,0,0,4,0,0,0,-1,1.88615,3,0,0,0,0,0,0,1.13725,0,0,-0.805149,0,2,-1,0,0,0,0,0,0,0,0,0,0,0,0,0,0,0,0,0,0,-1,-2,-1,0,0,0,0,0,0,2,0,0,0,1,0,0,0,0,-1,0,1,0,-0.70438,0,0,-0.706292,0,0,0,0,0,1,0,1,0,1,1,1
0,-1,0,0,0,0,-2,-0.424748,0,0,0,0,-1,0,0,0,-0.877099,-1,0,0,0,1,0,0,0,0,0,0,-1,0,-3,0,0.98774,7,0,0,0,0,0,0,1.559231,0,0,-0.77912,0,-1,0,0,0,0,-1,0,0,-1,1,0,5,1,0,0,0,0,0,0,0,0,1,0,0,0,0,0,0,0,0,0,1,0,1,0,0,0,0,0,-1,0,-2,-0.733747,0,0,-0.77261,0,0,0,-2,0,0,0,1,-1,0,1,1
0,0,0,0,0,-1,1,-0.756316,0,0,0,0,0,0,0,-1,-0.736977,0,1,0,1,0,0,0,0,0,0,0,0,-3,0,0,2.68433,3,0,0,-1,1,1,0,1.424294,-3,0,-0.669078,0,0,0,0,-1,0,0,0,0,0,1,1,0,0,-3,0,0,0,0,0,0,1,0,0,0,0,0,-1,0,2,0,0,0,-1,-1,0,-1,0,-2,0,0,0,0,-0.503783,-3,-1,-0.628794,0,0,0,0,0,2,0,1,1,1,0,1
0,1,0,0,0,0,1,-0.675676,1,1,0,0,0,0,0,0,-0.669637,0,-1,0,1,0,0,0,0,0,0,-1,0,-1,-1,0,1.45847,2,0,0,-2,1,0,0,1.907831,0,0,-0.74373,-1,-2,0,0,0,0,0,-1,0,-1,1,1,0,0,0,0,0,0,0,0,0,0,0,0,2,1,0,0,0,0,0,0,0,0,0,0,0,1,0,4,0,0,-1,-0.657143,0,0,-0.634322,0,0,0,0,0,-1,0,1,1,0,0,1
0,-1,0,0,0,2,0,-0.697792,0,0,0,0,0,1,0,0,-0.823034,0,0,0,0,0,0,0,0,0,0,0,2,0,0,0,1.83243,2,0,0,0,0,0,0,0.708617,0,0,-0.733333,0,0,0,0,0,0,0,0,0,0,0,1,0,0,0,-1,0,2,0,0,0,0,-1,1,0,1,1,3,0,0,-5,1,0,0,0,0,2,0,0,0,0,1,1,-0.191178,-1,0,-0.886553,0,0,0,0,0,0,0,0,1,1,0,1
-1,-2,0,1,0,3,0,0.34625,0,1,0,0,-1,0,0,0,-0.3881,0,-1,1,0,0,0,0,0,-1,0,0,0,0,4,0,1.40516,1,0,0,1,0,0,0,0.705931,2,0,-0.575782,0,0,0,0,0,2,-2,0,0,-1,1,0,0,0,1,0,0,0,0,0,0,0,0,0,0,1,0,0,0,0,0,0,0,0,0,0,0,0,0,0,0,0,0,-0.57193,0,0,-0.486604,-1,0,0,-1,0,0,0,0,0,0,1,1
0,0,0,0,0,0,0,-0.754643,0,1,0,0,-1,0,-4,-1,-0.748245,0,-1,-1,1,0,0,0,0,0,0,0,2,0,0,1,1.28479,12,0,0,1,0,0,0,1.447821,0,0,-0.764182,0,0,0,0,-1,0,0,0,0,-3,0,0,0,0,0,0,0,0,0,0,0,0,-1,0,0,1,0,0,0,2,0,-1,0,0,1,0,0,0,0,0,0,0,0,-0.442913,0,1,-0.346545,2,0,2,0,0,0,0,0,0,0,1,1
2,0,0,0,2,-1,1,-0.4,0,1,0,0,3,0,0,0,-0.555993,0,0,0,1,0,0,0,-1,0,-1,0,0,0,-1,0,1.52212,5,0,0,1,1,0,0,1.751054,0,0,-0.745367,0,0,0,0,0,0,0,0,0,0,1,0,0,1,-1,0,0,2,0,0,0,0,0,0,-3,1,0,0,3,0,0,0,0,0,0,0,0,0,0,0,0,0,0,-0.718537,0,0,-0.53124,3,0,0,-1,0,0,0,0,1,0,1,1
0,0,0,0,0,0,0,-0.532595,-1,0,0,0,-1,1,0,0,0.53815,-2,0,1,0,0,-1,0,-1,-1,0,0,-2,0,0,0,1.24063,1,0,0,0,0,1,-1,0.73913,0,0,-0.870309,2,5,0,0,0,2,0,0,0,0,1,0,0,0,0,-1,1,0,0,1,-4,1,0,0,2,0,0,0,0,1,0,0,-2,0,0,0,0,0,0,0,0,0,0,-0.693186,0,0,-0.669843,0,0,0,0,0,0,0,-2,0,3,0,1
0,0,0,0,0,0,0,-0.357209,0,0,-1,0,0,0,0,0,-0.778014,0,0,0,1,0,0,0,0,0,0,0,0,1,0,0,1.37518,2,0,0,1,0,0,0,2.544181,0,0,-0.755778,0,0,-1,0,0,0,0,1,0,0,1,2,0,0,0,0,0,0,0,1,0,0,0,0,0,0,0,0,1,0,0,0,-1,0,0,1,0,0,0,0,0,0,-1,-0.7,0,-1,-0.693657,0,0,-1,0,0,0,0,0,0,0,0,1
0,0,0,0,0,0,1,-0.321264,0,0,0,0,0,0,1,0,-0.774305,0,0,1,0,0,-1,0,0,0,0,2,0,0,0,1,1.25475,5,0,0,1,1,0,0,0.73913,-1,0,-0.775031,0,0,0,1,0,-1,2,0,-1,6,1,0,0,1,0,-1,2,0,0,1,0,0,0,-1,0,0,0,0,3,0,0,0,0,0,0,0,0,-2,0,0,0,-1,0,-0.7,0,1,-0.683683,0,-1,0,0,0,0,0,0,-2,2,0,1
0,0,0,2,0,0,2,-0.762322,0,0,1,0,0,0,0,1,-0.598547,0,0,0,0,0,-1,0,-1,1,0,0,-2,1,1,0,0.98319,8,0,0,0,1,0,0,1.41258,0,0,-0.460565,0,-1,0,0,-1,1,0,0,0,0,0,0,2,2,0,0,0,0,0,0,-1,1,0,0,0,0,2,0,1,0,0,0,0,0,1,0,0,0,0,0,0,0,0,-0.773585,0,0,-0.759701,0,0,0,0,0,1,0,0,0,0,0,1
0,0,0,1,0,0,0,-0.724049,0,0,0,0,0,0,0,-1,-0.555457,0,0,0,1,0,0,0,0,-1,0,0,0,0,1,0,1.04843,3,0,0,0,1,0,0,1.021502,1,0,-0.599163,-1,0,0,0,0,-1,0,0,0,1,0,0,0,0,-1,0,0,0,0,0,0,1,2,0,0,0,-1,-3,1,0,2,0,2,0,1,0,0,0,0,-1,0,0,0,-0.354391,-2,0,-0.524377,0,0,4,0,0,1,1,0,0,0,0,1
0,0,-1,0,0,0,0,0.989254,0,0,0,0,0,0,0,0,-0.5437,0,0,0,0,0,0,0,0,0,0,0,2,2,1,0,0.50069,5,0,0,0,0,0,1,2.89219,0,0,-0.802471,0,0,-1,0,0,0,-1,0,0,1,-3,0,0,1,2,-1,0,1,0,1,0,1,0,1,0,-2,0,0,0,0,0,0,0,0,0,0,0,0,0,-1,0,0,0,-0.88578,0,0,-0.569639,0,0,0,0,0,0,1,0,0,0,0,1
1,2,1,1,0,0,0,-0.511895,0,0,0,0,0,0,0,0,-0.712351,0,1,-1,-1,-1,0,1,0,0,0,2,0,0,0,0,1.80068,2,0,0,0,-4,0,0,0.762985,0,-1,-0.585144,0,1,0,1,0,0,1,0,0,0,1,0,0,0,-1,-1,0,0,1,-1,0,4,0,0,0,-2,0,0,1,0,0,0,2,0,0,0,0,0,-2,2,0,0,-1,-0.886221,0,0,-0.712866,0,0,0,0,0,-1,0,0,2,0,1,1
0,0,0,-1,0,0,0,-0.645738,0,0,0,0,0,0,2,0,-0.566857,0,1,0,0,0,-1,1,0,0,-1,0,0,0,0,1,0.67353,6,0,1,0,0,1,0,1.381048,0,0,-0.720453,2,0,-1,0,-2,0,0,0,0,0,1,2,0,0,0,1,0,0,0,0,1,0,0,0,2,0,0,4,1,0,0,0,0,0,1,0,1,0,0,1,0,0,0,-0.859433,1,0,-0.707317,0,0,0,0,1,0,0,0,1,-2,1,1
0,-1,-1,0,0,0,0,-0.230853,0,0,0,0,1,0,0,0,-0.773233,0,0,0,0,0,0,0,0,0,0,4,0,0,0,0,1.0473,6,0,0,1,0,0,0,1.11364,0,0,-0.670351,0,1,0,1,-2,0,1,0,0,2,1,0,2,0,0,0,0,1,3,0,0,0,-2,0,0,0,2,2,1,0,0,0,0,0,0,0,-1,0,0,1,0,-1,0,-0.781818,0,0,-0.793809,2,0,0,0,0,0,-1,-1,0,0,1,1
0,0,0,0,0,0,0,-0.614608,0,0,0,0,0,0,-3,1,-0.278179,0,0,0,0,0,0,0,0,0,0,0,0,-2,0,0,1.3403,11,0,0,0,0,1,1,0.535009,0,0,-0.682169,0,0,0,-1,0,0,-1,0,0,0,1,2,0,2,0,-1,0,0,0,0,0,0,0,0,0,0,0,0,0,0,0,0,0,0,0,0,0,0,0,0,0,0,0,-0.719841,0,-1,-0.690765,0,2,0,-1,2,0,-1,0,0,1,0,1
0,-2,0,1,0,0,1,0.097501,0,0,0,0,2,0,1,0,-0.608597,0,0,1,3,1,1,0,0,0,0,0,0,1,0,0,1.32935,2,0,0,0,-1,-4,0,0.746392,0,0,-0.265865,1,0,0,0,0,0,0,0,0,1,0,0,0,0,0,0,0,0,1,2,0,0,-1,-1,0,3,0,0,0,0,0,0,0,0,0,0,0,-1,0,0,0,0,0,-0.815898,1,0,-0.639683,0,0,0,0,0,0,1,1,2,-1,0,1
0,0,0,2,0,0,0,-0.506843,0,0,0,0,1,0,0,0,-0.530149,0,0,-2,0,-2,0,3,0,0,0,2,0,0,0,0,0.98835,2,0,0,0,0,0,0,0.692308,0,0,-0.696883,0,0,-1,1,0,0,0,0,-2,0,2,3,0,-1,0,1,0,0,1,0,0,2,0,0,3,2,0,0,0,0,0,0,0,0,0,0,0,-2,0,0,0,0,0,-0.466845,0,0,-0.67385,2,0,0,1,1,0,0,0,0,0,0,1
0,0,0,0,0,0,0,-0.390858,0,0,0,0,0,-1,0,1,-0.855498,0,-1,0,0,0,0,0,0,-1,0,0,0,-1,1,0,2.18517,-16,0,0,0,3,1,0,0.775248,0,-1,-0.76,0,0,0,0,0,0,0,1,1,0,0,3,0,0,2,1,0,0,0,1,2,0,0,0,0,0,0,2,0,0,-1,0,0,0,0,-1,0,0,0,-2,1,0,0,-0.79661,0,1,-0.62812,-3,0,0,0,0,0,0,1,0,0,0,1
0,0,1,0,0,1,1,-0.559479,0,-1,2,0,1,0,0,0,-0.436411,0,0,0,0,0,-2,-1,0,0,0,0,0,0,0,0,1.52486,0,0,0,0,1,0,0,0.9,0,0,-0.780062,0,0,0,0,0,0,0,0,0,1,0,0,0,0,1,1,-1,0,0,1,-2,2,0,4,1,0,0,0,0,0,1,0,0,0,0,1,-1,0,0,0,0,0,1,-0.798421,0,1,-0.655924,0,-1,0,0,0,1,0,0,0,0,0,1
-1,0,1,0,1,0,1,-0.079902,0,0,1,0,2,0,0,0,-0.402047,0,0,0,0,0,0,0,0,0,0,1,0,0,0,0,3.08152,2,0,0,0,0,0,0,0.957469,0,0,-0.700319,0,1,0,0,0,0,-1,0,0,0,0,0,-3,1,1,0,0,0,0,1,0,1,0,2,2,0,0,-2,0,0,0,0,1,0,0,0,1,-3,0,0,0,-1,0,-0.454501,0,1,-0.629243,3,0,0,0,0,-4,0,1,0,0,0,1
1,-1,0,0,0,0,0,-0.595546,0,0,0,0,1,0,0,5,-0.773584,0,-1,0,1,-1,0,0,0,0,0,0,0,0,0,0,1.05681,5,0,0,-1,0,1,0,1.917841,-3,0,-0.157785,0,0,0,0,0,2,0,0,0,0,0,0,0,1,0,0,0,0,0,1,0,1,1,0,0,0,0,-2,0,0,0,1,0,0,0,0,0,0,0,1,0,0,0,-0.636364,0,0,-0.744577,2,0,0,0,-1,0,0,0,-1,0,1,1
0,-1,0,0,0,0,0,-0.576496,0,0,0,0,1,0,0,-2,-0.715204,-2,0,0,-1,0,0,-1,0,1,0,2,0,0,0,0,1.09321,-9,0,0,1,0,0,0,3.291525,0,0,1.557719,0,0,0,0,0,0,0,0,0,0,-1,0,0,0,2,0,0,0,0,1,0,1,1,2,2,0,0,0,0,0,0,1,0,1,0,0,0,0,0,1,0,1,0,-0.802201,2,0,-0.770741,-1,0,0,0,0,5,0,0,3,0,1,1
0,0,0,0,0,0,0,-0.580512,0,0,-1,0,1,-1,0,0,-0.777376,-1,0,8,0,0,1,0,1,0,0,0,0,4,0,0,0.72733,3,0,0,0,0,1,0,2.48276,-2,0,2.401272,0,0,2,0,0,0,-1,0,0,0,0,0,0,0,0,2,3,-1,0,1,0,1,1,-1,0,0,2,0,0,0,0,0,0,0,0,0,1,0,0,1,0,0,0,0.227006,0,0,-0.617683,-1,0,3,0,0,0,0,-2,0,0,1,1
0,0,0,1,0,4,0,-0.707317,0,0,1,-1,0,-1,0,0,-0.496076,1,0,1,0,0,2,0,0,0,0,0,0,0,0,0,1.13186,3,2,0,-1,0,0,0,1.164274,0,0,-0.497228,0,1,0,1,0,0,0,0,1,0,0,0,1,1,0,0,-1,0,1,0,2,2,0,1,-1,1,1,0,1,0,0,1,0,0,1,0,0,1,0,0,0,0,0,-0.675676,0,3,-0.806452,0,0,3,0,0,0,0,0,0,0,1,1
0,0,0,2,0,0,0,-0.676069,-1,0,0,1,0,0,0,0,-0.572299,0,0,1,0,0,0,0,0,0,0,0,0,0,0,0,1.01022,4,0,0,0,0,0,0,1.756803,2,0,-0.891381,-1,3,0,0,0,0,0,0,1,0,0,0,1,0,0,-1,0,0,0,2,-1,0,0,0,1,0,0,0,-5,0,0,0,0,0,0,1,2,0,0,0,0,1,1,-0.675676,0,-2,-0.750161,2,1,0,0,0,0,0,0,0,0,1,1
0,-2,1,1,0,2,0,-0.217129,0,0,0,-2,-1,-2,2,0,-0.467952,0,0,1,0,0,0,0,0,4,0,0,0,0,-2,0,1.06779,9,-1,0,1,1,2,0,1.412519,0,0,-0.675435,-3,2,0,0,0,0,0,0,1,0,-1,-2,1,1,0,0,1,0,-1,0,0,0,0,0,0,0,1,-1,0,2,0,0,0,0,0,0,0,0,0,1,0,2,0,-0.5561,0,0,-0.806452,0,1,0,0,0,0,0,0,2,0,1,1
0,0,-2,0,-1,0,0,-0.357746,0,0,0,0,0,0,5,0,-0.20144,0,0,-1,0,0,0,0,0,0,0,0,0,0,-1,0,1.2,1,0,0,0,0,0,0,1.7381,0,0,-0.714286,0,1,-1,0,0,0,0,0,0,0,0,0,0,0,0,0,0,0,0,1,0,0,0,0,0,0,0,0,1,0,0,0,0,-1,0,0,0,0,0,0,0,0,0,-0.143923,0,0,-0.904576,0,0,0,0,0,0,1,0,2,-1,0,1
0,0,0,0,0,0,1,-0.833333,0,0,0,0,2,0,2,0,-0.006987,0,1,2,0,1,0,0,0,0,0,0,2,0,0,0,1.4709,2,0,0,0,0,0,1,1.285084,2,0,-0.770764,0,0,0,0,0,0,0,0,0,0,0,0,0,0,0,0,0,0,0,0,0,0,0,0,0,0,2,0,1,-1,0,0,0,3,0,0,0,0,0,0,0,-1,2,-0.567482,0,0,-0.181731,5,0,-2,0,0,0,-2,0,0,-1,0,1
0,1,0,0,0,0,0,-0.627975,0,0,2,0,0,0,0,0,0.073928,0,0,1,0,0,0,2,0,0,0,0,0,3,0,0,1.2,6,-1,0,0,0,0,0,1.716765,1,0,-0.703894,-4,0,0,0,0,0,0,0,0,0,0,-1,1,0,0,0,0,0,0,0,1,0,0,0,0,0,-1,1,1,0,2,1,1,0,0,-1,0,1,0,2,0,0,0,-0.378376,0,0,-0.25438,0,0,0,0,0,0,0,0,0,0,0,1
0,1,0,0,2,0,0,-0.677541,0,0,0,0,0,0,0,-2,-0.344988,0,1,-1,2,0,0,0,0,0,0,0,3,0,0,0,1.42136,4,0,0,0,0,0,0,1.098427,-2,1,-0.781818,-2,0,0,1,0,0,0,0,0,1,-1,0,2,1,0,1,0,0,0,1,3,0,0,1,0,0,-1,-1,0,0,0,0,0,0,0,0,0,0,0,1,0,0,-1,-0.70208,0,1,0.986168,0,0,0,0,0,0,0,0,0,0,1,1
0,1,0,0,0,0,0,-0.79107,-1,0,0,0,0,0,0,1,-0.669255,0,-2,0,1,0,0,2,0,1,0,0,-6,-1,0,0,1.64749,4,0,0,0,-1,0,0,0.456365,0,2,-0.765358,0,0,0,0,0,0,0,0,0,0,0,0,0,1,0,0,0,0,0,0,0,0,0,1,0,0,0,0,-2,3,0,0,0,0,0,0,-1,-1,0,1,0,0,-1,-0.615483,0,0,-0.634866,0,0,0,0,0,2,0,0,0,0,1,1
0,0,0,0,0,0,0,-0.65723,0,0,0,0,0,0,0,1,-0.438123,0,0,0,1,0,0,0,0,0,0,0,3,0,1,0,1.57143,7,0,0,0,0,0,0,1.878908,0,0,-0.813015,0,-1,2,0,1,0,0,0,2,3,-2,0,0,0,0,0,0,0,-1,-1,0,0,0,-2,0,0,0,0,0,0,0,1,0,-2,0,1,0,0,0,0,0,-1,0,-0.462304,0,0,-0.55342,-1,0,0,0,0,1,0,0,0,0,1,1
1,1,0,0,0,0,0,-0.760032,0,0,1,0,0,-1,0,0,-0.669948,0,0,0,0,0,0,1,0,0,0,0,0,0,0,0,1.21647,5,0,0,0,0,0,0,0.945946,0,0,-0.774479,0,1,0,0,0,-1,0,0,0,0,1,1,0,1,2,0,0,0,0,0,0,0,0,3,0,0,1,-1,0,0,0,0,0,0,0,0,0,1,2,0,0,0,3,-0.773585,0,0,-0.592162,0,0,0,0,0,0,0,0,0,3,1,1
0,0,2,0,0,0,1,-0.757092,0,0,1,0,0,0,0,0,-0.236188,0,0,0,0,-1,0,1,0,-1,0,0,0,0,0,1,1.23915,0,0,0,0,0,-1,0,0.945946,2,0,-0.489389,2,0,0,0,-3,0,0,0,0,0,1,1,0,1,0,0,1,0,0,0,0,0,1,1,0,0,1,0,4,2,0,-1,1,1,0,0,0,1,0,0,-1,1,0,-0.542698,0,1,-0.625166,0,0,2,0,0,0,-1,0,0,0,1,1
1,0,-1,0,1,0,-2,-0.755102,0,0,-2,0,0,0,0,0,-0.780103,0,0,0,0,0,0,0,0,0,0,0,0,0,0,1,1.03872,2,2,0,2,1,0,1,1.158777,0,1,-0.652012,0,0,0,0,0,0,0,0,-2,2,1,0,0,0,1,1,0,0,0,-1,0,0,2,-2,0,-2,1,0,0,0,0,0,0,1,0,0,0,0,1,-1,0,1,0,-0.763708,0,0,-0.647059,0,0,0,0,0,-1,0,1,0,0,1,1
0,0,-3,0,0,2,0,-0.8,1,0,0,0,0,1,0,2,-0.640853,0,-1,0,0,-1,-1,0,0,0,0,0,0,0,1,0,1.88754,1,0,-1,0,0,0,0,0.840335,1,0,-0.743805,0,0,0,0,0,0,0,0,-1,0,1,1,1,-2,-2,-1,0,0,0,0,0,1,1,0,0,1,0,1,0,0,0,0,1,0,1,0,0,0,0,0,0,1,0,-0.65048,0,-1,-0.397308,-1,0,0,2,0,0,-1,-2,0,0,1,1
0,0,1,0,-3,0,-1,-0.745628,3,0,2,0,0,0,2,0,-0.639587,0,0,0,0,0,0,0,0,0,0,3,-2,2,0,1,1.93488,5,0,0,0,2,0,1,0.874621,0,0,-0.810577,0,0,0,0,2,1,0,0,0,-2,1,0,0,2,0,1,0,1,0,0,0,0,1,0,0,0,0,1,0,0,0,0,0,0,0,-1,0,0,0,-1,1,1,0,-0.622977,0,0,0.1538,0,0,0,-2,0,0,0,1,0,0,1,1
1,0,4,0,0,0,0,-0.782133,0,0,0,2,0,0,3,0,-0.515235,-1,0,4,0,0,0,0,0,1,0,0,0,0,0,0,2.62981,4,0,0,2,0,0,0,0.276158,0,0,-0.818418,0,0,0,0,0,2,2,0,0,0,0,0,0,0,1,0,0,0,0,0,0,0,1,0,0,0,-1,0,0,0,0,-1,2,0,0,0,0,0,0,0,0,1,0,-0.618924,0,0,-0.454545,0,0,0,0,0,0,-2,0,3,2,1,1
0,0,0,0,0,-1,0,-0.730766,0,0,1,1,0,0,0,0,-0.687841,0,3,0,0,0,0,0,0,-1,0,0,0,0,1,0,0.90327,2,0,0,-1,0,0,-1,0.793672,3,0,-0.631195,-1,0,0,0,0,0,0,0,0,1,1,0,0,1,0,0,0,0,0,0,1,0,-1,0,-1,0,0,-1,0,-2,0,0,0,2,0,0,0,0,0,0,0,0,0,-0.094108,0,1,-0.714286,0,0,3,0,0,0,1,0,0,0,0,1
0,0,-1,0,0,-1,0,-0.263004,1,0,0,0,0,0,2,2,-0.874611,0,0,0,0,1,0,1,-1,-1,0,1,-2,0,0,0,0.76776,1,0,0,0,1,0,0,0.7382,-2,3,-0.613067,0,2,0,0,1,0,0,0,0,0,0,3,0,-1,0,0,0,0,1,0,0,0,0,0,0,0,0,0,0,0,0,0,0,0,0,0,0,-1,0,0,0,0,0,-0.612903,0,0,-0.714286,-3,0,0,0,0,0,0,1,0,-1,0,1
0,0,-2,1,0,-1,0,-0.785768,-4,0,0,0,0,0,0,0,-0.869287,0,0,0,3,0,0,2,0,0,0,0,1,0,0,0,0.89007,6,0,0,0,0,0,0,0.806444,-1,1,-0.603463,0,0,0,0,0,0,0,0,0,0,1,0,0,1,-1,0,1,0,0,0,1,0,0,0,-1,0,0,-1,0,4,0,0,0,-1,2,0,0,1,0,0,0,1,0,-0.511655,1,1,-0.644634,-1,0,-1,1,0,0,0,0,1,0,0,1
0,1,0,1,0,0,-1,-0.7,0,0,0,0,0,0,0,-2,-0.684333,0,0,2,0,0,0,0,1,1,0,0,0,2,0,1,1.03914,7,0,0,1,1,0,0,2.066523,1,-1,-0.097684,0,0,0,-1,0,0,0,0,0,0,0,0,0,1,0,0,0,0,-1,0,2,0,0,0,0,0,0,-2,0,0,0,0,0,5,0,0,0,0,0,1,0,0,0,-0.884695,0,0,-0.596524,2,1,2,0,0,0,0,0,0,1,1,1
0,0,0,0,1,0,0,-0.801704,0,0,0,1,0,0,3,0,-0.647059,0,0,0,0,0,0,0,0,0,0,0,0,0,0,0,0.74286,3,0,0,1,0,0,1,0.244676,0,0,0.305202,0,0,0,0,0,-1,0,0,0,0,0,0,0,0,0,1,1,0,0,1,1,-1,0,0,0,1,0,1,0,-2,0,0,-1,0,0,1,0,-1,-1,0,0,1,-1,-0.733333,0,0,-0.586207,-1,1,2,0,0,-2,0,1,1,0,1,1
0,1,0,1,1,2,1,-0.695718,0,0,0,0,0,0,0,0,-0.625262,0,-1,0,1,0,1,0,1,0,0,0,0,0,0,0,0.75859,4,0,0,0,0,0,0,1.273048,-1,0,-0.350955,0,-1,0,0,0,0,0,0,0,0,1,1,1,0,0,0,0,1,0,0,0,0,0,0,0,0,0,0,0,0,0,0,1,0,0,0,1,0,0,0,0,0,0,-0.420777,0,0,-0.58411,0,1,2,0,0,0,0,1,-1,0,1,1
0,0,1,1,0,1,0,-0.727273,0,-2,2,0,1,-1,0,0,-0.683363,0,0,0,0,0,0,0,0,-1,0,0,0,0,0,0,1.43145,1,0,0,1,1,0,1,0.702664,-1,-2,-0.664466,-1,0,0,0,1,0,0,0,0,0,1,0,0,1,0,0,0,0,0,0,-1,0,0,-1,0,0,1,0,0,-1,0,0,0,-1,0,0,0,0,0,0,-1,0,0,-0.556391,0,-1,-0.506929,2,0,1,0,1,1,0,0,2,0,0,1
0,-3,0,1,0,-2,0,-0.76282,0,0,0,0,2,0,0,1,-0.744972,0,0,0,0,0,-1,0,1,0,0,3,0,0,-1,0,1.4288,3,0,0,1,0,0,-2,1.391544,0,0,-0.629489,0,0,0,1,0,0,0,0,0,-2,1,1,0,0,0,0,0,0,0,1,0,0,0,1,0,0,0,-1,1,0,0,0,-2,1,0,-2,2,1,0,1,-1,0,0,-0.894255,0,0,-0.769231,3,0,-2,0,0,0,-1,0,0,0,0,1
0,3,-2,1,0,0,3,-0.658739,0,0,0,0,0,1,-1,0,-0.680161,0,0,0,0,0,0,0,0,0,0,0,0,0,0,0,0.84172,5,0,0,0,-1,0,0,0.815036,-1,0,-0.636897,0,0,-1,0,0,1,0,0,0,-1,1,0,0,0,0,-1,0,0,-2,0,0,0,-1,0,0,0,1,1,0,1,-1,0,1,0,-1,0,0,2,0,1,0,0,0,-0.616066,0,0,-0.005812,0,-1,0,0,1,1,1,0,0,0,0,1
0,0,-1,1,0,0,0,1.657928,1,0,0,0,0,0,-2,0,-0.754622,0,0,0,0,0,0,0,0,0,-1,-1,0,0,0,0,0.53573,4,0,0,0,0,1,0,0.259259,2,0,-0.342084,0,0,0,0,0,0,0,-1,0,0,1,0,0,-1,0,2,0,0,0,0,-1,-1,1,0,1,2,1,0,2,-1,0,0,0,0,0,0,0,1,1,0,0,-1,0,-0.527526,0,1,-0.606108,1,0,1,0,0,1,0,-1,1,0,0,1
0,0,0,0,0,-1,0,-0.055104,-1,-1,0,0,0,0,0,1,1.054521,1,0,0,0,0,0,0,0,0,0,0,0,0,0,0,0.77143,4,0,0,0,0,1,0,0.259259,-3,0,-0.807682,0,0,0,0,0,0,0,0,0,0,0,0,-1,0,0,0,0,0,4,3,0,2,0,0,0,1,0,0,0,-2,1,0,1,-1,0,-1,1,0,0,0,1,0,0,-0.548721,1,-1,-0.507104,0,0,0,0,0,0,1,0,0,0,0,1
0,2,-1,1,0,0,0,-0.333549,-1,0,0,0,0,-1,0,0,4.800008,0,0,-1,0,1,1,0,0,0,0,-1,0,0,0,0,0.83523,0,0,0,0,0,1,0,0.913022,0,0,-0.501548,0,0,0,0,0,0,0,1,1,-1,1,2,0,0,0,0,3,0,2,-1,0,-1,0,0,1,0,0,1,-5,0,0,0,0,0,0,0,0,0,1,0,0,0,0,0.686453,0,0,-0.525574,0,0,0,0,0,1,0,0,1,0,0,1
0,-1,1,0,0,0,0,-0.511837,0,0,0,0,-1,1,-1,0,-0.667009,0,0,0,0,0,1,0,1,1,0,0,2,0,0,0,1.17143,3,0,0,-1,0,0,0,1.100604,0,0,-0.89839,0,0,0,1,0,0,1,0,0,0,1,0,0,0,0,0,0,0,0,0,-1,-5,0,0,0,1,1,0,0,3,0,0,0,0,0,0,0,0,-1,0,0,-1,1,-0.661298,0,-1,-0.73913,0,0,0,0,1,0,0,0,0,0,0,1
0,0,0,0,0,0,0,-0.000672,0,0,1,0,0,1,-2,0,-0.628854,0,0,1,0,0,1,-3,1,0,0,0,0,0,0,0,1.24626,3,0,0,-1,0,0,-1,1.616356,0,0,-0.717533,0,0,0,1,1,0,0,-1,0,0,1,0,0,0,0,0,1,0,0,3,0,1,0,0,0,1,1,1,0,0,0,0,0,0,0,0,0,0,1,0,0,0,0,-0.695892,0,0,-0.523749,0,0,0,0,0,-3,0,0,1,0,0,1
0,0,0,0,0,0,0,-0.862069,0,0,0,0,0,0,-4,1,-0.876256,0,0,2,1,1,0,1,1,0,-1,0,0,0,-1,0,1.49492,3,0,0,0,0,1,0,1.43902,0,0,-0.663217,0,0,0,1,0,0,0,0,0,0,0,1,4,-1,1,0,0,0,0,0,-1,0,1,2,0,0,0,0,0,0,2,0,-2,-2,0,0,-1,0,0,0,0,0,0,-0.630247,0,1,-0.664065,0,0,0,0,0,0,0,0,0,0,0,1
0,0,0,-2,0,0,0,-0.613684,0,-1,0,0,3,0,0,-3,-0.827788,0,0,-1,0,0,0,0,0,0,0,0,4,0,0,0,0.97255,4,-1,1,0,0,-1,0,1.876259,0,0,-0.722951,-2,0,0,0,0,0,0,0,0,0,0,0,0,0,0,0,0,0,1,0,0,1,0,0,0,-1,0,0,0,0,2,0,0,0,-1,-2,1,0,0,0,0,0,0,-0.52,0,0,-0.508604,-1,0,0,0,0,0,0,0,0,0,1,1
0,-2,0,0,0,-1,2,-0.433111,0,0,0,0,0,0,2,0,-0.736461,0,0,0,0,0,0,0,0,0,0,0,0,-1,0,0,1.22625,9,0,0,1,0,0,0,0.199882,0,0,-0.824985,0,0,0,0,0,-1,1,0,0,0,0,2,2,0,0,0,0,0,1,0,0,1,1,2,0,0,0,-1,0,0,0,0,0,0,0,0,0,-1,0,0,-1,0,0,-0.675179,0,-1,-0.632363,2,0,0,0,0,0,-1,-2,0,1,1,1
0,0,0,0,0,-2,0,-0.72093,-1,0,0,0,0,0,-1,0,-0.684211,0,0,-2,1,0,0,-1,0,0,0,0,2,1,0,0,1.21752,3,0,0,1,0,0,1,1.732755,0,0,-0.716943,-1,0,-1,1,0,0,0,0,0,1,0,0,2,0,0,-3,0,0,1,0,0,1,1,-1,0,0,0,0,0,0,0,0,0,0,0,0,0,0,0,0,0,0,0,-0.25287,0,0,-0.633827,0,0,0,0,1,0,0,0,0,1,1,1
0,0,-2,0,0,-1,-1,-0.507501,0,0,0,-1,0,0,0,0,-0.524757,0,0,0,0,0,0,0,0,0,0,2,0,0,0,-1,1.08203,0,0,0,0,1,-1,0,0.479076,0,0,-0.571429,1,0,0,0,-1,-1,0,0,0,0,1,0,0,0,0,0,0,1,0,-1,0,0,0,2,0,0,1,0,0,0,0,0,0,0,0,0,2,0,0,0,0,2,0,8.016113,0,1,-0.657143,3,0,0,0,0,-2,1,2,0,1,1,1
0,0,0,0,0,0,0,-0.728324,0,0,0,0,0,0,-1,0,-0.705814,0,0,1,1,0,0,1,0,0,0,0,0,0,0,0,1.00572,2,-1,0,0,2,1,0,1.683965,0,0,0.14044,0,1,1,-1,0,0,0,-1,0,0,1,0,1,0,-1,0,0,1,0,0,0,0,1,0,0,0,0,0,0,0,0,-1,0,0,0,-1,0,1,0,0,0,1,0,7.857676,0,1,-0.671645,0,0,0,0,0,0,3,1,0,1,1,1
1,0,0,0,1,0,0,-0.7219,0,0,0,0,0,0,1,0,0.375462,0,0,0,0,0,1,1,0,0,0,0,0,-1,0,0,1.49034,5,0,0,-1,1,0,0,2.14286,0,0,-0.374853,0,0,-1,0,0,0,0,1,0,0,1,0,0,0,0,0,0,1,0,0,0,1,1,0,0,-1,0,-1,0,0,2,0,0,0,0,0,1,0,0,0,0,0,0,8.310642,0,1,-0.652246,0,0,0,0,0,0,-1,3,1,1,1,1
0,0,0,0,0,0,0,-0.632262,0,0,1,1,0,-1,2,0,-0.707317,0,0,0,1,0,0,0,0,0,0,0,-1,0,-1,0,1.72252,3,0,1,0,0,0,0,0.748803,0,0,-0.778631,-2,1,0,0,0,0,0,0,0,0,1,0,0,1,1,2,0,0,0,0,0,0,0,1,0,0,0,0,-1,-3,0,1,-1,0,0,0,1,0,0,1,0,1,0,-0.620058,0,0,-0.73913,0,0,0,0,-1,0,-1,0,1,-1,1,1
0,1,0,0,0,0,0,-0.719721,1,1,0,1,-3,0,0,4,-0.673494,0,0,0,0,0,0,0,0,0,1,0,2,4,0,1,1.44421,3,0,1,-1,0,0,0,2.886881,0,0,-0.874557,0,0,0,0,0,0,0,0,0,0,0,0,0,0,1,0,2,1,0,1,0,1,0,1,0,0,0,0,0,0,0,-1,0,0,0,0,0,0,0,0,0,0,0,-0.516329,1,0,-0.689873,0,0,0,-1,0,0,0,0,1,0,1,1
0,0,0,0,0,0,-1,-0.7,0,0,0,0,-1,0,0,2,-0.343042,0,0,-1,1,0,0,0,1,0,0,0,0,0,0,0,2.25913,3,0,1,0,1,0,0,0.596491,0,1,-0.620785,0,0,0,0,0,0,0,0,0,0,0,2,0,1,0,1,0,0,0,1,0,-1,0,1,0,2,-2,0,0,0,0,0,0,0,0,0,0,-4,0,0,0,3,1,-0.655105,0,0,-0.368686,0,0,3,0,1,0,3,1,2,1,1,1
0,0,0,1,0,1,-1,-0.524517,0,1,-1,0,1,0,1,0,0.091128,0,0,2,0,-1,-1,1,0,0,-1,-2,0,0,0,0,2.18206,5,0,0,0,0,0,0,1.11538,0,0,-0.538462,0,0,0,0,0,0,0,0,0,2,0,1,-1,0,0,1,0,0,-1,0,0,-1,0,0,2,0,0,-1,-1,-1,0,0,-2,0,0,0,0,-1,-1,1,0,1,1,-0.13651,0,0,-0.851604,0,0,-1,0,0,0,0,0,0,0,0,1
0,0,0,0,-1,0,0,-0.596531,0,0,0,1,0,-1,-2,-1,-0.889892,0,0,-1,-5,-1,0,0,0,0,0,0,-1,-1,0,0,1.01444,2,1,1,0,0,1,0,1.120255,1,0,-0.606762,-1,0,0,0,0,0,0,0,0,0,1,2,0,0,1,0,0,0,3,0,1,0,0,0,-1,0,-1,-2,2,0,2,0,-1,0,0,1,0,0,0,0,0,-1,2,-0.538873,0,0,-0.579145,0,0,4,0,0,0,0,1,1,0,0,1
0,2,-1,0,-1,-1,0,-0.7192,0,0,-1,0,1,-1,1,0,-0.75,0,0,2,1,1,0,0,0,0,2,0,0,-5,-2,0,1.50932,3,0,0,0,0,0,0,1.11538,0,1,1.086328,0,1,1,0,0,0,-1,-2,0,1,0,1,0,0,0,-1,0,-1,-1,0,1,0,1,0,-1,0,0,0,0,0,0,0,1,1,-1,0,0,0,0,0,0,0,0,0.507675,0,0,-0.534595,0,-1,0,0,0,0,1,0,0,0,0,1
0,0,0,0,0,0,0,-0.776058,-2,0,0,-1,0,0,0,0,-0.714286,1,0,0,0,0,0,0,0,1,0,0,0,0,0,0,1.40517,5,0,0,0,0,0,0,0.190606,0,0,-0.811783,0,0,0,0,0,0,0,0,0,1,0,0,0,0,0,0,0,0,0,1,0,3,1,2,0,0,1,0,2,-1,0,0,0,2,0,1,0,0,0,0,0,0,0,-0.77689,-1,0,-0.72093,0,0,0,-1,0,0,0,0,0,-3,1,1
0,0,0,0,0,2,0,-0.701645,0,0,-1,0,-2,0,0,0,-0.717849,0,0,0,0,-2,0,0,0,1,2,0,2,0,0,0,0.94989,-13,0,0,0,1,1,0,1.057037,0,0,-0.676694,1,-1,-2,0,0,0,0,-1,0,0,0,0,3,-2,2,0,2,0,-1,1,0,0,1,0,0,1,0,0,0,0,0,0,0,0,1,1,0,0,1,0,0,0,-1,-0.731619,0,0,-0.802456,0,0,3,0,-1,0,0,0,0,0,1,1
0,0,1,0,0,0,0,-0.874504,1,0,0,0,0,2,0,1,-0.521873,0,0,2,0,3,0,0,0,1,0,4,0,1,0,0,1.52413,9,1,0,1,0,0,0,1.03585,0,0,-0.541809,0,0,1,0,0,0,1,0,0,0,1,-2,0,0,0,0,-1,0,0,2,0,0,1,5,0,0,-2,0,-2,3,4,0,1,0,-1,0,0,1,0,0,0,0,0,-0.685606,0,0,-0.768811,0,0,0,0,0,-1,0,0,0,0,1,1
0,0,1,0,-2,2,0,-0.302596,3,0,0,-2,0,0,0,1,-0.602107,0,0,1,0,1,0,-1,0,0,0,0,0,0,1,1,0.75362,4,0,0,-4,1,0,1,0.586932,0,-1,-0.39054,1,0,0,0,0,0,0,1,-2,0,1,1,1,0,0,0,0,0,0,0,0,0,1,0,-2,0,0,0,0,0,1,-1,0,0,0,0,0,0,0,0,0,0,0,-0.692308,0,1,-0.774716,0,0,-1,0,0,2,0,0,0,1,0,1
0,0,4,0,0,0,0,-0.108117,0,1,0,0,0,-1,0,0,-0.62432,0,0,0,0,0,0,2,0,0,0,0,0,0,1,0,3.57144,2,0,1,0,2,1,0,0.406412,0,-2,-0.637129,0,0,1,0,0,0,0,-1,0,1,1,0,0,1,0,0,-1,0,0,3,2,0,0,0,0,0,3,0,0,0,0,1,0,0,-1,0,0,0,0,0,0,-1,0,-0.539216,0,0,-0.209752,0,0,0,0,0,0,0,1,0,2,0,1
1,0,1,0,0,0,0,-0.719734,0,0,2,0,0,0,0,0,-0.632675,0,0,1,0,-1,0,-1,2,0,0,0,0,0,1,0,1.18751,6,0,0,0,1,0,-1,0.527778,0,0,-0.48993,0,1,0,0,0,0,0,0,0,0,1,1,0,0,0,0,0,0,-1,0,0,0,-1,0,0,1,0,0,-1,0,0,0,0,0,0,0,0,0,3,0,0,0,0,-0.692308,0,0,-0.453199,2,0,-1,0,0,0,-1,0,0,1,0,1
0,0,0,0,0,0,0,-0.745191,0,1,0,0,0,0,0,0,-0.797361,-2,0,0,0,2,-1,0,0,0,0,0,1,0,1,0,1.72762,20,0,0,-1,1,0,0,1.429215,2,0,-0.76,-1,0,0,0,1,0,1,-3,0,0,-1,1,1,0,0,0,0,1,2,1,0,0,2,0,2,2,1,0,1,1,0,0,0,0,0,0,0,0,0,0,1,0,2,-0.596203,0,1,-0.373769,-1,0,3,0,0,-1,0,0,1,1,1,1
0,0,0,-1,0,1,0,-0.850422,0,0,0,1,0,2,0,0,-0.525406,-1,0,1,0,0,0,0,0,-1,0,0,0,0,1,0,1.42857,3,0,0,0,0,0,0,2.116848,-1,1,0.490569,0,0,0,0,0,0,0,-1,0,0,1,1,0,-2,-1,0,0,1,0,0,0,0,0,-2,2,0,1,0,1,-3,0,1,0,0,-1,0,0,0,0,0,1,0,0,-0.632448,0,1,-0.807771,0,0,1,0,0,0,0,0,0,1,1,1
0,0,0,2,0,0,2,-0.475506,0,0,0,0,0,0,1,0,-0.652273,0,0,1,0,2,1,0,-1,0,0,0,0,1,1,0,1.62883,1,0,0,0,0,0,0,2.875669,0,0,-0.78081,0,-1,1,1,0,0,-1,0,1,0,0,1,0,1,0,0,0,0,0,0,-1,0,0,-3,0,0,0,0,0,0,2,0,0,0,-1,0,0,0,0,0,0,0,0,-0.776595,-1,1,-0.724924,0,0,0,0,-1,0,0,-1,1,0,1,1
0,0,0,1,-1,-1,0,-0.813382,0,0,1,1,0,0,0,0,-0.70501,0,0,0,-2,0,0,0,0,0,0,0,2,0,0,0,1.45853,12,-1,0,1,2,0,0,0.895838,1,1,-0.72558,1,0,-1,0,-2,1,0,0,0,0,-1,0,0,0,-3,1,2,0,0,1,0,0,0,-1,0,-1,2,-1,0,0,4,0,1,0,0,-1,1,0,1,1,0,0,0,-0.777031,1,0,-0.312603,0,0,0,0,0,1,1,0,0,3,0,1
0,0,0,0,0,1,0,-0.600599,0,0,-1,0,0,0,0,3,-0.625,0,0,0,0,0,0,0,0,0,0,1,0,-2,1,0,1.20257,5,0,0,1,0,0,0,1.086008,0,0,-0.746321,0,1,0,0,1,0,0,0,0,0,0,0,0,0,0,0,0,0,0,0,0,0,0,1,2,0,1,2,3,0,2,-1,0,0,0,1,0,0,1,1,-1,1,0,-0.79661,0,0,-0.70416,2,0,0,0,0,0,0,0,0,0,0,1
-1,-1,0,1,0,0,0,-0.618982,0,0,0,0,0,0,2,1,-0.625,-1,-1,1,0,0,-2,5,0,0,1,0,0,0,1,0,1.4702,7,0,0,1,0,0,0,1.089583,3,0,-0.695427,0,0,0,0,0,0,0,0,0,0,-2,0,1,0,0,3,0,0,0,0,0,2,0,0,0,0,0,1,0,0,0,0,0,0,1,0,0,0,1,1,0,1,0,-0.381512,0,0,-0.289345,-3,0,0,0,0,1,0,0,-2,1,0,1
0,0,0,0,0,0,0,-0.842834,-2,0,0,0,1,0,0,0,-0.713142,1,0,-2,-1,1,1,1,0,0,0,0,0,0,0,0,2.69376,2,0,0,0,1,0,0,1.257929,0,0,-0.78997,0,0,0,0,0,0,2,0,2,0,1,1,0,1,0,0,0,0,2,0,0,1,0,0,0,0,0,0,0,1,0,1,-3,0,0,-2,0,0,0,0,0,1,0,-0.8,0,0,-0.663997,0,0,0,0,0,0,0,0,0,0,0,1
1,3,0,0,0,1,0,-0.455178,-1,0,1,0,1,1,-1,0,-0.495936,1,1,0,0,1,0,2,0,0,0,4,0,1,1,0,1.62453,4,0,0,0,3,0,0,1.076548,1,-2,-0.823529,0,0,0,0,0,0,0,1,0,-2,1,0,0,0,3,2,0,0,1,0,0,0,0,1,0,0,2,0,0,0,0,0,0,0,0,0,0,0,0,-1,0,0,0,-0.8,0,-1,-0.531191,0,0,0,1,0,0,0,1,0,0,0,1
0,1,0,0,0,0,-1,-0.65828,-2,0,0,0,0,0,0,0,-0.52412,1,0,1,3,1,-1,0,0,0,0,0,0,0,0,0,1.94286,4,0,-1,0,1,-2,-1,1.556254,0,0,-0.823529,0,0,1,0,0,1,1,1,0,0,1,0,1,0,0,0,0,0,0,0,0,1,0,0,2,0,0,0,0,1,0,0,0,0,0,0,0,0,0,1,0,0,0,-0.736529,0,0,-0.551175,0,0,0,0,0,0,-1,0,0,0,0,1
0,0,0,0,0,0,0,-0.608193,1,0,0,0,0,0,-1,0,-0.827149,0,0,0,1,0,1,0,0,0,0,0,0,0,0,0,1.27969,3,0,0,1,0,0,0,0.484668,0,0,-0.713483,0,0,0,0,0,0,0,0,0,0,0,0,0,0,0,0,0,0,1,0,0,0,0,4,0,0,0,0,0,0,0,0,0,0,0,0,0,1,0,0,0,0,0,-0.817826,0,0,-0.606183,0,0,0,0,1,0,0,0,1,1,0,1
0,0,4,0,0,0,0,-0.680884,-1,0,0,0,0,1,0,-2,-0.75,-1,0,1,0,0,0,0,0,0,1,1,0,1,1,0,1.2148,0,0,2,1,0,0,0,0.375115,0,0,-0.72093,0,0,0,0,0,1,-1,0,0,0,-1,2,0,0,0,0,0,0,0,0,0,1,4,0,0,0,-1,0,1,0,2,0,0,0,0,0,0,0,0,0,0,1,0,-0.605639,0,0,-0.553817,0,-1,0,-1,1,-3,0,0,1,0,0,1
0,2,2,-2,-1,0,0,-0.619163,0,0,1,0,0,1,0,1,-0.770306,0,0,0,1,0,0,1,0,-2,0,0,0,0,0,-1,0.85277,3,-1,0,1,0,0,0,0.186047,0,0,-0.736389,0,0,0,0,0,1,0,0,1,0,0,0,0,0,0,0,0,0,0,0,-1,0,1,3,0,0,0,0,0,0,1,1,0,-2,0,0,-1,0,0,0,0,-1,0,-0.64529,0,0,-0.664781,0,0,0,-1,0,0,0,0,0,1,0,1
0,0,0,0,0,0,0,-0.529056,1,0,0,0,0,3,1,0,0.107033,1,1,0,0,0,1,1,0,0,1,0,0,0,1,0,0.77143,0,0,0,0,-1,0,0,0.291872,-1,0,1.134475,0,1,0,2,0,0,1,0,0,1,0,0,0,0,-1,0,0,0,1,0,0,0,0,-1,0,0,0,0,1,1,0,0,0,0,1,0,0,0,0,0,0,0,0,-0.678182,0,0,0.800374,0,0,1,0,0,0,0,1,0,0,0,1
0,0,0,0,0,0,-1,-0.691536,0,0,-1,0,0,0,-1,1,-0.380103,0,1,1,0,0,0,-1,0,0,1,-1,0,0,-1,0,0.67166,11,1,0,1,0,0,0,0.341908,0,0,-0.512409,0,2,0,1,0,0,0,0,0,0,1,-1,-3,1,0,0,0,-1,0,0,1,0,2,0,0,0,0,-1,0,0,-1,0,0,2,1,-1,0,0,0,0,0,1,0,-0.758466,0,0,-0.812815,0,0,0,1,0,0,0,0,-2,0,0,1
0,0,0,0,0,-1,0,-0.500245,0,0,1,0,-1,0,0,0,-0.766234,0,1,0,0,0,1,0,-2,-1,1,-1,3,0,2,0,0.79882,1,0,0,1,0,0,0,0.259259,2,0,-0.532644,0,0,0,0,-1,0,1,0,0,0,1,0,0,0,0,0,0,0,2,0,2,0,0,0,0,0,-1,0,0,-1,0,0,0,-1,0,0,0,0,0,2,0,0,0,-0.593422,0,0,-0.826087,-1,0,0,0,1,0,0,1,0,-1,0,1
0,0,0,1,0,-1,3,-0.862182,0,0,0,0,0,-1,-1,0,-0.512245,0,0,1,0,0,0,-2,0,0,0,0,-1,0,-1,0,0.51429,7,0,0,-1,0,0,0,1.72222,0,0,-0.180111,0,-3,0,0,0,0,0,0,0,-2,-2,-2,0,0,0,0,0,0,1,0,0,0,-1,0,0,2,0,0,0,0,0,0,0,0,0,0,0,0,0,0,0,0,1,-0.565681,0,-1,-0.761103,0,0,0,0,0,0,0,-1,1,0,0,1
-1,0,0,0,0,-1,0,-0.735253,0,0,-1,0,0,0,-2,0,-0.72093,0,0,0,0,0,0,0,0,0,0,0,0,0,0,-1,0.51429,0,0,0,0,0,2,1,2.494718,1,0,-0.124324,0,0,0,0,0,0,0,0,0,0,-3,0,0,0,0,0,0,-1,0,2,-1,0,-4,3,0,2,2,0,0,0,0,0,0,-1,0,0,-2,0,0,0,0,0,-1,-0.571618,0,0,-0.692308,0,0,4,0,0,0,-2,0,0,0,0,1
0,0,-2,1,0,2,-1,-0.630697,0,0,0,1,0,0,1,-2,-0.72093,0,2,0,0,-1,0,0,-1,0,0,-1,0,2,0,0,0.51429,2,0,0,0,1,1,0,3.385908,4,0,-0.737566,0,0,0,0,0,0,0,0,0,0,0,0,0,0,0,-1,0,0,0,1,0,2,0,0,0,0,0,0,0,0,-2,0,0,-2,0,0,0,0,0,1,0,0,0,-0.586207,0,0,-0.64277,1,0,-3,0,0,0,0,0,0,0,0,1
0,0,0,3,0,0,0,-0.842997,0,0,1,1,0,1,2,0,-0.636364,0,0,0,0,0,0,-1,1,0,0,0,0,0,1,0,1.29885,2,0,0,0,5,0,0,0.459955,0,0,-0.72093,0,0,0,0,2,0,-2,0,0,0,1,3,0,0,3,0,0,1,0,1,0,1,1,0,0,0,0,-1,-1,-2,0,0,1,0,-1,0,0,1,0,0,0,1,0,-0.533638,0,1,-0.478145,2,0,-1,-1,0,1,-1,0,0,0,0,1
-1,0,2,0,0,0,0,-0.469032,1,0,-1,0,0,0,0,0,-0.58751,0,0,0,2,0,0,0,0,0,-1,0,0,2,0,0,0.807,3,0,0,0,0,0,0,2.612544,0,0,-0.809017,0,1,0,0,1,1,0,0,0,0,0,0,0,-1,0,0,0,0,1,1,1,0,0,2,0,-1,0,0,0,2,0,0,0,2,-1,0,0,0,-2,0,0,0,0,-0.065355,0,0,-0.595811,0,0,0,0,0,0,-2,1,0,0,0,1
0,1,0,0,0,1,3,-0.666667,-1,0,0,0,0,0,0,1,-0.655732,-2,0,1,0,0,0,0,1,-1,0,0,0,2,0,0,2.02957,0,0,0,0,0,1,0,1.123909,0,0,-0.714837,0,0,0,0,0,0,0,0,1,0,1,0,0,0,0,0,0,0,1,1,1,-2,0,2,0,0,0,0,0,0,0,0,0,0,0,3,-1,0,0,0,0,0,0,-0.586166,0,0,-0.873636,0,0,0,0,0,1,0,0,0,1,0,1
0,2,0,0,0,-1,1,-0.244084,0,0,0,-1,0,3,-1,0,-0.322471,0,0,-1,-6,0,0,0,0,0,0,0,0,0,0,0,0.84697,10,0,0,-1,1,1,0,1.161209,0,0,-0.410169,0,0,0,0,1,0,0,0,-1,-1,0,0,0,0,1,0,0,2,2,0,1,1,-1,0,0,0,0,0,0,1,0,0,0,2,-1,0,0,0,1,0,0,0,0,-0.647059,0,0,-0.05114,0,0,0,0,0,0,0,1,0,0,0,1
0,0,3,3,0,2,0,-0.76,0,0,-2,0,-1,1,0,0,-0.662581,0,0,0,0,0,0,2,0,0,0,0,0,-1,0,0,0.76235,1,0,0,0,1,1,0,2.787694,0,0,-0.607837,-2,0,0,0,0,-1,0,0,0,-2,0,0,0,0,0,0,0,0,0,0,0,1,-2,0,0,0,0,0,-1,0,0,0,0,0,0,0,0,0,0,0,0,0,0,-0.441309,0,0,0.751507,-1,0,0,0,0,0,0,0,0,2,0,1
0,0,0,0,-1,0,-1,-0.794341,0,0,0,0,0,0,1,0,-0.325725,0,2,0,0,0,0,-1,0,0,0,1,0,0,0,0,0.99915,0,0,0,0,0,0,-1,0.527697,-1,0,-0.892664,1,0,0,1,0,0,0,0,1,0,1,6,0,0,0,4,0,0,0,-2,0,-1,0,0,0,1,1,0,0,0,-1,0,0,1,0,0,-1,0,0,0,0,0,0,-0.622805,0,1,-0.572592,0,-1,1,0,0,1,0,0,0,1,0,1
-1,0,0,0,0,0,0,0.119702,0,0,1,0,1,0,-2,0,-0.718902,0,0,1,0,0,0,2,0,0,-1,0,0,0,1,0,0.77143,12,0,0,0,0,1,1,0.684609,0,0,-0.555556,2,0,0,0,0,1,0,-1,1,0,1,-1,0,0,-1,0,0,1,2,1,1,0,0,0,0,0,1,0,0,0,0,0,1,0,0,0,0,0,0,1,0,0,1,-0.566304,1,0,-0.8125,1,0,0,-1,-1,0,0,5,0,0,0,1
2,0,0,2,0,0,0,-0.570705,0,0,0,-1,1,0,0,-1,-0.721184,0,0,0,0,0,0,1,0,-1,0,0,2,0,0,0,0.6189,4,0,0,0,0,0,0,1.535751,1,0,1.0772,1,0,0,0,0,-1,0,0,0,0,0,0,0,0,0,0,0,1,0,-1,0,0,0,0,0,0,1,0,0,-4,0,1,1,-1,0,0,0,0,0,0,0,0,0,-0.635144,0,0,-0.8125,0,0,0,-1,0,1,-1,1,0,0,0,1
0,1,0,0,0,0,0,-0.571429,0,0,0,0,0,0,0,0,-0.781818,0,0,0,5,0,0,1,0,0,-1,0,0,1,0,0,0.86223,2,0,0,-1,1,0,0,0.555512,1,0,1.618476,1,-3,0,0,-1,1,2,0,0,0,2,0,0,0,1,0,0,1,0,1,0,0,0,0,0,-1,0,0,0,2,0,0,1,0,0,0,0,0,0,0,0,0,2,-0.389374,0,0,-0.797367,0,0,0,0,0,1,0,1,0,0,0,1
0,0,0,0,0,0,0,-0.605145,0,0,0,0,0,0,0,0,-0.675676,0,0,0,0,0,0,0,0,0,0,0,0,-2,-1,0,1.34316,2,0,0,0,0,-1,0,2.494219,0,0,-0.70494,0,0,0,0,0,0,0,0,0,2,1,0,0,1,0,0,0,0,0,0,0,3,0,0,0,0,0,0,0,0,0,0,0,0,0,2,0,0,0,0,0,0,0,-0.76,0,0,-0.546986,0,0,0,1,0,0,-1,0,0,1,1,1
0,0,0,1,1,0,1,-0.661523,0,0,2,1,1,2,0,1,-0.752802,0,-1,-2,0,0,-1,1,0,0,0,0,0,0,1,0,0.88576,5,0,-1,1,0,0,0,1.163152,0,0,-0.73913,0,0,-1,0,1,0,0,0,1,0,0,0,0,-1,0,-2,1,0,-1,0,0,1,0,0,0,0,0,1,-2,2,0,0,0,0,0,0,0,0,0,0,0,4,0,-0.702189,0,0,-0.668879,0,0,0,0,0,0,0,0,-2,0,1,1
0,0,0,1,0,0,0,-0.692308,0,0,0,0,0,0,-1,-1,-0.723794,0,0,1,-2,0,-1,2,0,0,1,0,0,2,0,0,1.38325,2,-1,0,0,0,0,1,0.649442,0,0,-0.725286,0,0,0,0,0,0,0,-1,0,1,1,0,0,1,-1,0,0,0,0,0,-1,0,0,0,0,-1,0,0,-1,0,0,0,0,3,0,0,0,0,0,-2,0,1,0,-0.306682,0,0,-0.421307,3,0,-2,-2,0,2,0,1,0,1,1,1
0,-1,2,0,0,0,0,-0.682245,0,0,0,0,0,0,0,0,-0.334404,0,0,0,0,0,0,0,1,1,0,2,0,0,0,1,2.03045,2,0,0,0,1,0,0,0.821745,0,0,-0.784386,3,0,0,0,0,0,2,0,0,0,0,0,0,0,2,0,0,0,0,-1,1,-1,0,0,0,-1,1,0,0,-1,0,0,0,2,1,-1,0,0,0,1,0,0,0,-0.803401,0,-1,-0.580592,0,0,0,0,0,0,0,0,-1,0,1,1
0,0,0,0,0,0,0,-0.757827,1,1,0,0,0,0,2,2,-0.582294,-1,0,0,0,0,0,-1,1,1,0,0,0,3,-1,0,0.79622,11,0,0,0,1,0,0,1.25706,0,0,-0.867781,0,0,0,2,0,0,0,0,0,0,0,0,-1,0,0,0,0,0,0,0,0,0,0,-1,1,-2,1,0,0,-2,0,0,0,-2,1,0,0,0,1,1,0,2,-1,-0.704431,0,0,-0.618018,0,0,0,1,0,0,1,0,2,0,1,1
0,-1,0,1,0,0,0,-0.594669,0,-1,0,0,0,0,0,0,-0.551354,0,0,-1,0,0,0,1,1,0,1,0,0,3,0,0,1.0,9,0,1,0,1,-2,0,1.957911,0,0,-0.646332,0,0,-1,0,0,0,0,0,0,0,2,1,0,-1,0,-2,0,0,1,-2,1,0,-1,0,1,0,1,0,0,0,0,0,0,0,1,-1,-1,0,1,0,0,0,0,-0.755656,0,-1,-0.569971,3,-2,0,0,-1,0,-1,0,2,0,1,1
0,0,1,0,0,0,0,-0.755102,0,0,0,0,0,0,3,0,-0.366389,1,-1,0,0,0,0,0,0,0,0,0,0,0,2,0,2.61099,2,0,-1,1,0,0,0,0.399005,0,0,-0.715733,3,1,1,0,-1,0,0,0,-1,0,1,1,0,0,0,0,0,0,0,0,1,0,0,0,0,0,0,0,1,0,0,0,0,-4,0,0,0,1,1,-2,0,0,0,-0.382502,0,0,-0.72093,-1,0,-1,0,0,0,-1,0,2,0,0,1
0,0,0,0,0,-1,0,-0.755102,-1,0,-1,0,2,0,0,-1,-0.342849,0,0,0,0,0,1,0,0,1,0,2,0,-2,0,0,1.38351,0,0,0,1,0,0,0,0.181308,-1,0,-0.741104,0,0,0,0,0,0,0,0,0,0,1,0,0,0,0,0,0,0,0,1,1,0,1,0,-1,0,0,0,0,0,0,0,0,-1,0,0,0,0,0,0,-1,0,0,-0.707317,0,0,0.18967,0,0,0,0,0,0,0,-1,0,0,0,1
0,0,-1,0,0,0,0,-0.239433,3,-1,0,0,0,0,0,0,-0.475781,0,-1,0,0,0,0,0,0,0,0,1,0,1,0,-2,1.39492,6,0,0,1,1,0,0,0.204082,0,-1,-0.762205,0,0,0,-1,0,0,0,1,0,0,0,0,1,0,1,0,1,1,0,1,1,0,1,3,0,0,2,0,0,1,0,0,1,1,0,0,0,-1,1,0,0,1,0,-0.904825,0,0,-0.913161,1,-1,1,0,0,0,0,0,0,0,0,1
0,-1,1,0,2,0,2,-0.439471,1,0,0,-1,0,2,0,0,-0.665976,0,0,0,0,0,0,-1,0,1,0,-2,-1,0,0,0,0.57096,1,0,0,0,1,0,0,0.333283,0,0,-0.422909,0,1,0,0,0,0,0,0,0,0,0,0,0,0,0,0,1,0,0,0,1,0,0,0,0,0,0,0,-1,0,-3,0,0,0,0,0,0,0,0,0,0,-1,0,-0.721716,0,0,-0.707236,0,0,0,1,0,0,0,1,0,0,0,1
0,0,0,0,0,0,0,-0.793103,-2,0,-1,-1,1,0,0,1,-0.714286,0,0,0,1,0,0,0,0,1,0,0,0,0,0,0,0.6,5,0,0,0,3,0,0,0.901311,0,-2,-0.428571,1,0,0,0,0,0,0,0,-1,0,1,0,0,0,0,0,0,0,0,0,0,0,2,0,0,-3,1,0,2,0,0,0,0,1,0,1,-1,-2,0,-1,0,0,-1,-0.723083,0,0,0.651747,0,0,0,0,0,0,0,1,-2,0,0,1
0,2,0,0,0,0,1,-0.600041,0,0,0,0,0,0,0,1,-0.784886,2,0,0,1,1,2,0,-1,0,0,1,-1,1,0,0,0.72054,21,0,0,0,0,0,0,0.987573,0,0,-0.783945,0,0,0,0,1,0,0,0,0,0,0,-1,0,-1,-1,0,0,0,-1,0,0,0,-1,0,-1,0,1,1,0,0,0,0,0,0,-1,0,0,-2,0,-2,0,0,0,-0.712561,0,0,7.197211,0,0,0,0,0,0,0,1,0,0,0,1
0,0,0,0,1,1,0,0.234384,0,0,0,1,1,0,3,-1,-0.744681,0,1,1,1,0,0,-2,0,0,0,0,0,0,0,0,0.95739,3,0,0,0,1,0,1,0.777595,2,0,-0.288395,0,0,0,0,0,0,0,0,0,0,4,0,1,0,-1,0,0,0,0,-3,0,1,0,-1,1,0,0,0,0,1,0,0,0,0,0,0,-1,1,0,0,0,0,1,0.749231,0,0,-0.829078,0,0,0,0,0,0,0,0,-1,0,1,1
0,0,-1,0,0,0,0,-0.809524,-1,0,-1,0,0,0,0,1,-0.744681,0,0,1,1,0,0,0,1,0,0,0,2,0,1,0,0.48,8,0,0,2,1,-1,0,0.749887,0,0,-0.670035,0,0,1,0,0,0,0,-2,0,1,0,1,0,0,-1,0,1,0,0,0,-1,0,0,1,0,0,6,0,0,0,0,0,0,2,1,-1,1,1,0,0,0,0,0,-0.410618,0,0,-0.568426,0,2,0,0,0,-1,-2,-1,0,0,1,1
0,0,0,0,0,1,0,-0.801751,0,0,0,0,0,0,0,0,-0.903021,0,1,0,3,0,0,0,0,0,0,0,0,0,0,-1,0.61,5,0,0,0,0,0,0,0.423291,0,0,-0.6,0,2,0,0,0,0,-1,0,0,0,0,2,0,0,-1,0,0,0,0,1,0,1,0,0,0,0,0,0,2,1,0,0,0,-1,1,0,0,1,0,2,1,0,0,-0.428571,0,0,-0.751464,0,-1,0,0,0,0,0,0,-2,0,1,1
0,0,0,2,1,0,-1,-0.875069,0,0,-3,0,1,-1,0,0,0.78868,0,0,0,1,0,0,0,0,0,0,0,0,1,1,0,1.55485,0,0,1,1,1,0,0,1.817403,0,0,-0.154305,-1,0,0,0,0,0,-2,0,-2,-2,0,0,0,0,0,0,0,0,-3,0,0,0,0,0,2,0,-6,-1,2,0,-1,0,-4,0,0,1,0,0,0,0,0,2,0,-0.570945,0,1,-0.74661,0,0,0,0,2,-1,0,0,0,0,0,1
0,0,1,0,0,0,0,-0.846827,1,1,0,0,1,0,-1,0,-0.649923,0,2,0,0,1,0,1,0,0,0,0,0,1,0,0,1.08869,2,0,0,0,1,0,0,1.176046,-1,0,-0.661523,1,0,0,0,0,0,0,0,0,0,0,0,-6,0,0,1,0,0,0,0,0,0,-1,0,0,-1,1,0,0,0,0,0,-1,-1,0,0,0,1,0,0,0,-1,0,1.923966,0,0,-0.657143,0,0,0,0,0,0,0,0,0,0,0,1
0,0,0,2,0,0,0,-0.639835,0,1,0,0,0,0,0,0,-0.671175,0,0,0,0,0,0,0,0,0,0,0,0,0,-1,0,3.91121,4,0,0,0,0,0,-1,0.28576,0,-1,-0.211157,0,-1,0,0,0,0,0,0,0,0,0,0,0,0,-1,0,0,0,0,0,0,0,0,0,0,-1,6,0,0,-1,0,0,-1,1,0,0,0,1,0,-1,0,1,0,-0.830973,0,1,-0.688803,2,0,2,0,0,0,0,1,0,0,0,1
0,0,0,0,0,1,1,-0.794098,0,0,0,0,0,0,0,3,-0.696209,0,0,0,0,1,0,0,-1,0,0,0,0,0,1,0,2.58302,7,0,0,0,0,0,0,1.45455,-1,0,-0.454545,1,0,0,0,-2,0,0,0,0,0,0,0,2,0,1,-1,0,0,3,0,-5,0,0,0,0,1,0,-1,0,0,0,1,0,0,0,0,0,-1,0,0,0,0,0,-0.538462,0,0,-0.5823,-2,0,0,-1,0,0,2,0,0,0,0,1
2,0,0,0,0,-1,0,-0.446593,0,0,0,-2,0,0,0,0,-0.746178,0,0,3,0,1,0,0,0,0,0,0,0,-1,1,0,1.09592,4,0,0,0,0,0,1,1.315832,3,1,-0.454545,0,0,0,0,0,0,-1,0,0,0,0,1,0,0,0,0,0,-1,0,0,0,0,0,0,0,0,2,0,0,-1,0,0,-3,-1,0,-1,0,0,0,0,0,0,1,0.114173,0,0,-0.739492,-1,0,0,0,1,0,0,0,1,0,0,1
0,0,0,0,0,0,0,-0.636245,-1,0,0,0,0,-2,-2,1,-0.704428,0,0,0,1,1,-2,0,0,0,0,-2,0,0,0,0,0.62857,0,0,0,0,2,0,0,1.45455,-1,0,-0.261021,0,0,-2,0,0,0,0,0,0,1,-1,0,0,0,1,0,0,0,0,0,0,0,0,0,0,0,0,0,0,3,0,0,3,2,-1,0,0,-1,0,0,0,0,0,-0.4385,0,0,-0.598592,0,0,0,0,0,-1,0,0,0,0,0,1
0,0,1,0,0,0,0,-0.547338,0,0,1,0,0,1,0,0,-0.762861,0,0,1,0,0,0,0,0,0,-1,0,0,0,0,0,1.27375,7,0,1,2,0,0,0,2.28,0,0,-0.772033,0,0,0,0,0,1,0,0,0,4,0,1,0,0,1,0,0,0,0,0,1,0,0,0,0,0,0,1,0,-3,0,1,0,0,0,0,1,-2,0,0,0,1,1,-0.644102,0,-1,-0.671,0,0,0,0,0,0,3,0,0,0,0,1
0,0,1,0,1,1,0,-0.03681,0,0,1,-1,-1,0,0,0,-0.678322,0,0,0,0,0,0,0,0,-2,0,2,0,0,0,0,1.42857,3,0,2,0,0,1,0,2.28,-1,0,-0.823922,0,1,-1,0,-4,1,2,0,0,-1,1,1,3,1,0,0,0,0,1,0,-1,2,0,0,0,0,1,0,1,0,0,1,0,0,0,0,0,2,0,0,0,0,1,-0.732133,0,0,-0.851952,0,0,0,0,1,0,0,0,0,0,0,1
0,-2,1,0,0,0,0,-0.744604,0,0,0,0,0,0,0,0,-0.7,0,1,0,0,0,0,1,0,0,0,0,4,0,0,0,1.49708,11,0,0,0,2,1,0,2.28,0,1,-0.783609,0,-2,-1,0,0,0,1,0,1,-1,1,1,2,0,0,2,0,0,0,0,1,-1,2,-1,0,0,0,0,1,0,0,1,1,0,0,0,0,1,0,0,0,1,0,-0.468203,0,0,-0.611916,0,-1,0,0,0,0,0,0,0,0,0,1
0,0,0,0,-1,-1,0,-0.625063,0,0,0,0,0,-1,0,-1,-0.267138,0,1,0,0,0,0,0,0,0,1,0,0,1,0,0,1.28274,2,0,0,0,0,0,0,0.706193,-1,0,-0.697414,0,0,0,-1,0,0,0,1,0,0,0,0,0,0,0,0,0,0,0,0,0,1,0,0,-1,0,0,0,-1,0,0,-2,0,0,0,0,0,0,0,1,1,0,-2,-0.714286,0,0,-0.795673,-3,-1,2,0,0,0,0,0,0,0,0,1
0,0,0,0,0,-2,0,-0.692364,1,0,0,1,-1,1,0,0,-0.789474,0,1,0,0,0,0,0,0,1,1,0,0,-1,0,0,0.50153,2,0,0,0,-1,0,0,0.566242,0,0,-0.86661,1,0,0,-1,0,0,0,0,0,0,0,0,0,0,0,0,0,0,0,0,2,0,1,0,0,0,1,0,0,-1,0,0,0,1,0,0,0,3,0,1,0,0,0,-0.779871,0,0,-0.688465,0,1,-1,-1,0,0,-1,0,0,1,0,1
0,0,0,0,2,1,0,-0.500634,0,0,0,0,1,0,0,1,-0.789474,0,1,0,-4,0,0,0,0,0,1,-1,1,0,0,0,0.82857,3,0,0,0,1,1,0,1.833559,1,0,-0.544552,0,1,0,1,0,0,0,0,-1,0,0,0,4,1,1,0,-1,1,0,0,1,0,0,3,0,0,0,0,0,0,2,-1,0,0,0,0,0,-1,-1,1,0,-2,0,-0.67477,0,0,-0.758158,0,0,-1,0,1,0,0,0,0,3,0,1
0,0,1,1,0,0,0,-0.276669,-1,0,0,0,1,1,-1,0,1.404162,0,0,0,0,-2,0,0,0,0,0,0,0,-1,0,0,1.94561,0,0,0,0,0,0,0,0.621403,0,2,-0.846661,0,1,0,0,0,0,0,0,1,0,1,0,0,0,0,0,0,0,0,1,0,0,0,0,0,0,0,0,1,0,0,1,0,0,0,0,0,0,0,0,0,0,0,-0.508422,0,0,-0.766176,0,0,2,1,0,0,0,0,1,0,1,1
0,-1,1,4,0,0,1,-0.684367,0,0,2,0,1,0,0,0,-0.577444,0,0,1,1,0,0,0,-1,0,0,0,0,-1,0,1,2.90481,7,0,0,0,1,0,-1,1.813893,1,1,-0.747019,1,0,0,0,0,0,2,0,0,0,0,1,1,0,0,0,2,0,3,1,0,0,0,0,0,0,-1,0,1,0,4,0,1,0,0,0,1,0,0,3,0,1,0,-0.6766,0,0,-0.599715,0,0,0,1,0,0,0,0,0,1,1,1
0,2,1,0,0,0,0,-0.1091,0,0,0,0,1,0,5,0,2.109451,0,0,1,3,0,0,0,0,0,0,3,0,0,0,0,1.35339,12,0,0,-2,1,0,0,1.30159,0,2,-0.816565,1,0,0,0,1,0,0,0,1,0,0,0,1,0,0,0,0,-1,0,1,0,0,0,0,0,0,3,1,1,2,0,0,0,0,0,0,0,0,-1,0,0,0,-1,-0.691398,0,0,-0.757827,0,1,0,1,0,2,0,0,0,0,1,1
1,0,0,0,-2,0,0,-0.673226,0,0,1,0,1,0,0,-6,-0.591193,0,0,0,0,0,0,0,1,1,0,-1,2,3,0,0,0.99535,9,1,-1,0,0,0,2,0.21875,0,0,-0.574726,0,1,0,0,0,0,0,0,0,1,0,0,1,0,0,0,0,-1,-1,0,0,-1,0,2,-1,0,0,0,1,-2,0,0,0,0,0,0,0,0,0,0,0,0,0,-0.355817,0,-1,-0.803714,0,0,0,1,0,0,0,0,2,1,0,1
0,0,1,0,0,0,0,-0.654257,0,0,0,1,0,1,0,0,-0.495791,0,0,0,0,0,0,0,2,1,1,0,0,0,0,1,0.75305,0,0,0,0,0,1,0,2.743464,-1,0,-0.834902,0,0,0,-1,0,0,0,0,2,0,1,0,5,-1,0,0,0,1,0,0,-4,0,0,0,0,0,-1,0,0,0,-1,2,0,0,0,1,0,0,0,0,0,-1,0,-0.468482,0,0,-0.812619,2,1,-1,-1,-1,-1,0,0,0,0,0,1
0,0,0,0,0,-2,-2,-0.696232,0,0,0,0,-3,0,0,0,-0.398113,0,0,1,0,0,0,0,1,1,0,-1,0,0,-1,0,0.46732,3,0,1,0,1,0,0,1.234971,1,0,-0.774682,-1,0,0,0,0,0,1,2,2,0,-2,0,1,-1,1,-1,0,0,-3,0,0,-3,0,0,-1,0,0,-1,-1,-2,0,0,0,0,0,0,0,0,0,0,0,0,0,-0.808917,1,0,-0.695975,0,0,0,0,0,0,0,1,0,0,0,1
0,0,0,1,0,0,0,-0.717752,-1,0,0,0,0,0,0,1,-0.586207,0,0,-2,0,1,0,-1,1,2,0,0,0,0,3,0,1.81132,3,0,0,0,0,0,0,1.659304,-1,0,-0.702158,0,0,0,0,0,0,0,0,0,0,0,0,1,0,0,0,0,0,5,1,0,1,0,1,0,0,0,0,0,0,0,0,0,2,0,0,0,1,0,0,0,-1,0,0.07005,0,0,-0.842744,0,-1,0,0,0,0,-2,0,0,1,1,1
0,1,0,0,0,0,1,-0.618695,0,-1,0,1,0,0,0,1,-0.586207,1,-3,-1,0,1,0,0,1,0,0,0,0,-1,0,0,1.96291,3,0,0,0,0,1,0,1.625,0,0,-0.487664,0,0,-1,0,0,0,0,0,1,-1,0,4,0,0,0,0,0,0,0,1,0,-2,0,0,0,0,0,0,0,-1,0,0,0,3,0,0,0,1,2,0,0,-1,0,1.531762,0,-1,-0.877733,2,0,0,0,0,0,0,0,0,0,1,1
0,0,0,1,0,0,0,-0.648058,-1,0,0,0,0,0,0,1,-0.537951,0,0,1,0,1,0,0,1,0,0,0,0,2,-2,0,1.14972,8,0,-3,0,1,1,0,1.609161,0,0,-0.827429,0,0,0,-1,-1,0,0,0,0,0,1,0,0,0,2,0,0,0,0,0,-3,1,0,0,0,0,-2,-1,0,-1,0,2,0,0,0,0,-1,1,0,0,0,0,0,-0.561847,0,-1,-0.744681,2,-1,0,0,0,-3,-1,0,0,1,1,1
0,0,0,-3,0,0,0,-0.238369,1,0,0,1,0,0,0,0,-0.707317,-1,0,0,0,1,-1,0,0,0,0,0,0,0,0,0,1.45192,6,1,0,0,1,0,0,1.196788,0,0,4.600138,4,1,0,0,-1,0,1,0,0,1,1,1,0,0,0,0,0,0,-1,0,0,0,0,2,3,-2,0,1,1,1,2,0,0,0,0,0,0,-1,0,-1,0,-5,0,-0.43643,0,0,-0.803354,0,0,0,0,0,0,0,1,-1,0,1,1
0,1,0,1,0,0,0,-0.556987,0,-1,0,0,0,0,4,4,-0.774366,0,-1,1,1,0,0,0,0,4,0,0,0,0,0,0,0.94539,2,0,1,0,0,0,0,3.332165,-1,0,-0.615004,0,1,0,0,-1,0,0,0,0,-1,1,2,0,1,0,0,0,0,0,0,1,1,0,0,0,-1,0,0,2,0,0,0,0,0,0,0,0,0,0,0,0,0,0,-0.736614,-1,0,-0.767794,0,0,2,0,-1,0,0,0,-2,0,1,1
0,-2,0,2,0,0,-1,-0.561156,1,0,0,0,-1,0,0,0,-0.55844,0,0,0,0,1,0,3,1,0,0,0,0,0,0,0,0.73572,3,0,0,0,1,0,0,1.672492,2,0,0.133778,0,1,0,1,0,0,1,0,1,1,1,1,0,0,0,0,1,-1,0,0,1,0,0,0,2,0,0,-1,1,1,0,0,-1,0,0,0,0,0,0,2,0,-1,0,-0.638359,0,0,-0.799071,4,0,0,0,0,0,-1,1,0,1,1,1
0,3,-1,2,0,1,-1,-0.675281,0,0,1,0,0,0,0,0,-0.626787,0,1,0,1,0,0,0,0,0,0,-1,1,0,0,0,1.45867,6,1,2,2,-1,-1,1,1.607606,0,1,-0.755102,3,1,0,0,0,0,0,0,0,1,1,1,2,0,0,2,0,0,0,0,1,0,0,0,0,0,-1,0,0,0,0,0,0,1,0,0,0,0,0,1,0,0,0,-0.665733,-1,0,-0.491948,0,0,1,0,0,2,0,0,-2,0,0,1
0,0,0,1,0,0,1,-0.702014,0,0,0,1,0,0,0,1,-0.615856,0,0,0,0,0,0,-2,1,1,1,0,0,0,0,0,3.44311,4,0,0,0,1,0,0,0.938776,1,0,-0.62881,0,0,0,0,0,0,0,-1,0,2,0,1,0,0,0,0,0,0,0,-1,1,0,0,0,0,0,-2,0,0,0,0,0,0,0,0,0,1,0,0,0,-1,-1,0,-0.422508,0,0,-0.384367,0,0,0,0,0,0,0,1,2,0,0,1
0,0,0,0,0,0,0,-0.887107,0,0,2,1,3,0,0,1,-0.642159,0,0,0,0,0,0,0,0,0,0,0,0,0,0,0,1.4,1,0,0,-1,0,0,0,0.45957,0,0,-0.755102,0,0,0,0,-1,0,0,0,0,3,0,1,0,-1,0,0,0,0,0,0,1,0,0,0,2,-3,1,0,3,4,0,0,0,3,0,0,0,0,0,0,0,0,0,-0.703927,0,0,-0.843651,0,0,0,0,0,-5,0,0,-1,0,0,1
0,1,-1,0,0,0,1,-0.674505,0,0,0,0,-1,0,0,1,-0.72352,0,0,-3,0,0,0,0,0,0,0,-1,1,0,-2,0,1.47157,2,0,0,0,0,0,0,1.037265,2,0,-0.74089,0,0,0,0,0,0,0,0,0,0,0,0,0,0,0,0,0,1,0,0,0,0,-1,0,0,0,-1,-1,0,3,0,0,-2,2,0,0,0,0,-1,0,0,1,0,-0.669015,0,0,-0.617,0,0,0,0,0,1,0,1,0,0,0,1
1,2,-1,0,0,-1,2,-0.787015,0,0,2,-1,1,0,0,0,-0.509824,0,-5,0,-2,0,0,0,0,0,0,0,0,0,0,0,2.88164,1,1,0,0,0,0,-1,0.777778,0,0,-0.262467,0,2,0,0,0,0,0,0,0,2,-3,0,0,0,4,0,0,0,0,0,0,0,-1,0,0,0,0,0,0,0,2,0,0,0,0,0,0,0,0,0,0,0,0,-0.862954,0,0,-0.523172,0,0,0,0,0,1,0,0,0,1,0,1
0,0,0,0,0,1,1,-0.688438,0,0,1,0,1,0,0,1,0.405456,0,0,0,0,0,0,0,0,0,-1,0,1,0,1,0,1.38268,1,1,1,0,0,1,0,1.160265,0,0,-0.779999,2,-1,1,0,0,0,0,0,-1,1,2,0,0,-1,1,0,0,0,2,0,0,1,0,0,0,1,2,0,0,0,0,0,-3,0,0,0,0,-1,0,0,0,1,0,-0.694907,0,0,-0.669337,3,0,0,1,-1,1,0,0,1,0,0,1
0,0,1,0,0,-1,0,-0.245669,0,0,-1,0,0,-1,0,3,-0.476211,0,-1,0,0,0,0,1,1,0,0,0,0,0,0,0,2.40483,7,0,0,2,0,0,-1,0.906977,2,0,-0.72093,0,1,1,-1,1,0,0,0,0,-1,-1,0,2,2,0,-1,1,0,0,1,1,0,1,1,0,0,1,-1,0,0,0,1,0,0,0,0,0,0,0,0,0,1,2,-0.692585,1,0,-0.541683,0,0,0,0,0,0,0,0,0,0,1,1
0,0,-2,0,0,0,1,1.505469,0,0,0,0,0,0,0,0,-0.562644,0,0,0,0,0,0,-2,1,-1,0,0,0,0,0,0,1.20488,8,0,0,1,0,0,0,0.251399,-1,1,-0.660705,2,1,0,0,0,0,0,0,0,0,0,0,3,0,-2,-2,0,0,0,0,0,2,0,0,0,1,1,-1,0,0,-3,0,2,0,0,0,0,0,0,-1,0,0,0,-0.82832,0,0,-0.262177,0,1,0,1,1,0,-1,0,0,1,1,1
0,0,0,0,0,-2,0,-0.610292,0,0,0,0,0,0,0,0,-0.384473,0,0,0,0,0,0,1,1,0,0,0,3,2,0,-1,1.18915,3,0,0,1,0,-1,0,0.906977,0,1,-0.692948,0,1,0,0,0,0,0,-1,1,3,2,0,0,0,1,0,1,0,-3,1,0,0,-3,1,0,0,1,0,0,2,0,0,0,0,0,0,0,0,0,1,0,0,0,-0.663108,0,0,-0.213463,0,1,0,0,1,1,0,0,0,1,1,1
0,0,0,2,0,1,0,-0.809524,0,0,0,0,0,0,0,0,-0.755102,0,-1,0,0,0,0,0,0,0,0,0,0,0,0,0,1.755,10,0,0,1,0,1,0,1.253296,0,0,-0.74552,0,1,0,0,0,-1,0,0,-1,1,0,0,0,1,0,0,0,1,0,-1,0,0,0,0,0,1,1,0,0,0,1,0,1,0,0,0,0,0,0,0,0,1,0,-0.707421,0,0,-0.882815,0,0,0,0,1,0,0,0,0,0,1,1
0,-1,1,0,0,0,1,-0.819651,0,0,2,0,0,1,0,0,-0.755102,0,0,1,2,0,0,0,0,0,0,0,0,0,-1,-1,2.11748,1,0,0,0,1,0,1,0.974204,0,0,-0.780788,0,0,0,0,0,1,0,0,2,0,0,-1,0,0,2,-1,0,0,3,2,0,0,1,-1,1,0,1,0,1,0,-1,0,0,0,0,0,0,0,0,0,0,0,1,-0.630219,0,0,-0.85512,0,0,0,0,1,0,0,0,0,0,1,1
1,0,0,0,0,1,0,-0.385375,0,0,0,0,0,0,0,0,-0.643774,0,0,0,0,0,0,0,0,0,1,0,-1,0,0,0,2.287,8,0,0,1,0,0,0,0.538266,1,0,-0.867049,0,0,2,0,0,2,0,0,-1,1,0,0,0,1,2,0,0,1,0,0,0,0,0,0,-1,1,1,0,0,0,0,0,1,-3,0,0,0,0,0,0,0,1,0,-0.706713,0,0,-0.647059,0,0,0,0,1,0,0,0,0,1,1,1
0,1,0,0,0,0,1,-0.50392,0,0,0,1,0,0,0,0,-0.70407,0,0,-3,0,0,-1,1,0,0,0,0,-1,0,0,0,3.15981,4,0,0,0,0,0,0,0.531915,0,-1,-0.726793,0,0,2,0,0,0,0,0,-2,0,0,0,0,1,0,0,0,0,0,-1,1,0,0,-1,0,0,0,0,0,-4,0,0,0,0,0,0,0,0,0,0,0,0,0,-0.457037,0,0,-0.343746,0,0,1,0,1,0,1,0,1,0,0,1
0,0,-1,0,2,0,0,-0.416335,0,0,1,0,0,0,0,-2,-0.691226,0,2,-2,0,0,-2,0,0,0,1,1,0,0,0,-1,1.75466,3,0,0,-2,0,0,1,3.775567,-2,0,-0.744681,-1,0,0,0,0,0,0,-1,0,0,0,0,0,0,0,1,0,0,0,0,0,0,0,0,0,-1,0,0,0,0,1,0,0,-1,0,1,0,1,0,0,0,1,0,-0.477704,0,0,-0.548323,1,2,0,0,0,0,-1,0,0,1,0,1
0,0,0,-1,-1,0,0,-0.81337,0,0,0,0,0,0,0,0,-0.734336,1,0,0,0,0,0,0,0,1,0,3,1,0,0,0,2.48649,1,0,0,0,1,0,0,0.431166,0,-1,-0.721732,0,0,1,0,0,0,0,0,-1,0,0,0,0,0,0,0,0,0,-1,0,1,1,-2,0,0,0,0,0,0,2,0,0,0,1,0,-1,0,0,0,1,0,0,0,-0.608714,0,0,-0.490886,0,0,0,0,1,-1,0,0,0,2,0,1
0,0,0,4,0,0,0,-0.282283,0,0,0,0,0,1,0,1,-0.587961,0,0,0,0,0,0,-1,0,0,0,0,0,0,0,0,2.2972,2,1,0,0,1,-1,0,0.638198,0,0,0.015764,0,0,1,0,0,0,0,0,0,0,0,0,1,0,0,0,0,0,0,0,0,0,1,0,1,0,0,0,1,-1,3,0,0,-3,1,0,1,0,1,1,0,0,0,-0.640449,0,-1,-0.654554,-1,0,0,0,0,1,0,1,0,1,0,1
0,1,-4,0,0,0,0,-0.539327,0,0,0,1,0,2,2,1,-0.698083,0,0,0,0,0,0,0,1,-1,-2,0,0,0,2,0,0.51429,12,1,0,0,1,0,0,0.241416,0,0,1.950207,0,0,0,0,0,0,0,0,0,0,0,0,0,0,0,0,3,0,0,-2,5,0,0,0,1,0,0,1,1,0,0,1,-1,0,0,1,0,0,1,0,0,-1,-1,-0.664328,1,0,-0.663693,-1,0,1,0,-1,-2,0,0,0,1,0,1
0,0,-1,0,0,-2,-1,-0.400264,0,0,0,0,0,0,1,0,-0.678204,1,1,0,0,0,0,0,0,0,0,0,-2,0,0,0,0.51429,14,0,0,0,1,0,0,0.666667,0,1,-0.493913,1,0,1,0,0,0,0,-1,0,0,0,0,0,0,0,0,-1,0,-1,0,0,0,0,0,2,0,0,-1,0,0,0,0,-1,0,-1,0,0,0,1,1,0,0,0,-0.885026,0,1,-0.652574,-1,0,-2,0,0,0,0,1,0,1,0,1
0,0,0,0,1,1,0,-0.63037,0,1,3,0,0,0,1,1,-0.571429,0,0,0,0,0,0,0,0,0,-2,2,0,1,0,0,0.40052,2,0,0,2,0,0,0,0.944981,0,0,-0.832197,0,0,0,0,1,0,0,0,0,-1,0,0,0,1,0,0,1,0,0,0,0,0,0,1,0,0,0,0,0,-3,0,0,0,0,0,1,0,0,0,0,0,-1,0,-0.785714,0,1,4.651634,0,0,0,0,0,0,0,0,0,0,1,1
1,0,0,3,2,0,0,-0.346389,0,1,2,0,0,2,0,1,0.205342,0,0,0,1,0,0,-1,1,0,0,0,0,0,1,-1,1.25421,10,0,0,-1,2,0,1,0.75,1,2,4.940662,0,1,-2,0,0,1,0,1,0,0,0,0,0,0,0,0,-1,0,0,0,1,1,0,1,0,0,0,1,0,1,0,0,0,0,1,0,0,0,0,1,0,0,1,-0.777792,-1,0,-0.578971,0,1,0,2,0,0,-1,0,0,0,1,1
1,0,3,5,0,0,1,-0.509958,0,0,0,0,0,0,0,0,0.919808,0,0,0,1,0,2,-1,-1,0,-2,0,0,0,1,0,1.04874,2,0,0,-1,2,-1,1,0.910488,0,0,1.791471,0,1,0,0,0,0,0,0,0,0,0,0,0,0,0,0,0,0,2,0,1,1,0,1,0,0,0,1,0,0,0,0,0,2,0,0,0,0,0,1,3,-2,1,-0.785714,0,0,-0.73913,0,1,3,0,0,3,-1,0,1,0,1,1
0,0,0,0,1,0,0,0.185073,0,0,0,1,0,0,0,0,-0.736291,0,0,1,0,0,1,0,0,0,1,2,-1,0,1,0,1.15614,4,0,2,-1,0,1,0,1.197316,5,0,-0.692037,0,-1,0,2,0,0,0,0,0,0,0,1,2,0,3,0,0,0,0,0,-1,0,0,0,5,0,0,0,1,0,0,0,0,0,0,2,-1,0,0,0,1,0,0,-0.561772,0,0,-0.911453,3,0,0,1,0,1,2,0,0,0,0,1
0,0,0,0,0,0,0,-0.76066,-1,1,0,0,0,-1,0,2,-0.606726,0,0,1,0,0,0,0,-1,0,0,0,-1,0,1,1,1.25714,4,-1,0,0,0,0,0,2.529792,0,1,-0.727273,1,0,0,-1,0,0,-3,0,0,0,0,2,1,0,0,1,0,-1,2,5,1,0,0,0,0,0,-1,0,1,0,0,0,0,0,0,-1,0,0,0,0,1,-3,0,-0.205189,0,0,-0.572737,0,0,0,0,0,1,1,0,0,0,0,1
0,1,1,0,1,2,0,-0.750621,0,0,3,1,0,0,0,0,-0.42525,1,0,2,0,0,0,0,0,0,0,-1,3,0,0,1,2.36102,9,0,0,0,0,0,-2,4.087719,0,0,-0.783021,0,0,1,0,0,1,0,0,-1,0,-4,2,1,0,0,-1,0,0,0,0,0,2,0,0,0,1,0,0,0,0,0,-1,0,2,0,0,0,0,0,0,0,0,1,-0.589061,0,0,-0.634333,0,-1,0,1,0,0,0,0,1,0,0,1
0,0,2,0,0,1,0,-0.670829,-1,0,1,0,-1,0,3,2,0.184658,0,-1,0,0,0,0,0,0,2,0,0,2,0,0,0,2.4151,4,0,0,0,-2,0,0,2.06122,0,0,-0.755102,2,0,1,0,0,0,0,0,0,0,0,1,2,0,1,1,1,0,0,0,0,-1,0,0,2,-1,0,0,1,0,0,0,0,0,0,0,0,1,0,0,0,2,-1,-0.421221,0,0,-0.820833,0,0,2,0,0,0,0,0,4,1,0,1
0,0,0,1,0,0,0,-0.541577,0,0,1,1,0,0,0,0,-0.681336,0,0,1,-2,0,0,2,0,0,0,0,0,0,0,-2,1.5105,10,0,1,0,1,-1,-1,2.06122,0,0,-0.808546,0,0,0,0,0,0,0,0,0,-1,-2,1,1,0,1,0,1,0,0,0,1,5,0,0,0,0,0,1,0,2,0,0,1,0,0,0,0,0,0,0,0,0,0,-0.58215,-1,0,-0.266782,0,1,2,0,0,0,1,1,0,0,0,1
0,2,0,1,1,1,0,-0.585649,0,0,0,1,0,0,0,1,-0.695973,0,1,0,0,0,0,0,1,0,0,0,4,0,1,0,1.05529,4,-2,1,0,1,0,0,1.617525,0,0,-0.572124,0,1,0,-1,0,0,0,0,0,0,-1,0,0,-1,0,1,0,0,0,0,1,0,0,0,0,-1,0,0,1,0,0,0,0,0,0,0,0,0,0,0,0,0,0,-0.432758,-1,0,-0.680554,0,0,0,0,0,0,1,0,0,0,0,1
0,0,0,0,1,0,0,-0.605814,0,1,0,0,0,0,0,0,-0.749733,0,0,0,0,0,2,0,0,0,0,0,-1,0,0,0,1.81799,6,0,0,0,0,0,0,0.953488,1,-1,-0.759796,1,0,1,0,0,0,0,0,0,0,0,0,0,0,0,0,2,0,0,0,0,1,0,1,0,0,0,0,-2,-2,0,0,0,0,0,0,0,-1,0,0,0,0,1,-0.339803,0,0,-0.842105,-1,0,2,0,0,1,0,0,0,0,0,1
0,0,-3,0,0,0,0,-0.733333,0,0,0,0,0,-2,0,0,-0.56972,-1,0,0,0,-1,0,0,0,0,0,0,0,0,0,0,1.2097,1,0,0,0,0,0,0,1.479147,0,2,-0.714077,-1,0,1,0,0,1,0,-1,0,0,0,2,0,0,1,0,0,1,0,0,0,0,0,0,0,-1,2,1,0,0,2,0,1,0,0,0,0,0,0,0,2,0,0,-0.751946,0,0,-0.842105,0,0,0,0,0,1,0,0,1,0,0,1
0,0,-2,-1,0,-1,3,-0.583605,0,0,0,0,0,0,0,0,-0.745833,0,0,3,-2,0,1,0,0,0,0,0,0,-1,0,0,1.11297,0,0,0,0,1,0,0,1.229992,1,0,-0.69541,0,1,0,0,1,-1,0,0,2,0,0,0,0,0,0,1,0,1,0,0,0,1,0,0,0,0,0,1,0,-1,0,0,0,0,0,0,0,0,-1,0,0,0,-1,0.377469,-1,0,-0.881619,0,-1,0,0,0,1,0,1,3,0,0,1
0,0,0,0,0,0,0,-0.617418,0,0,2,0,0,0,-1,1,-0.773585,0,0,1,0,1,0,0,0,1,0,0,2,0,0,0,1.10214,0,0,0,-2,0,1,0,1.334615,0,0,-0.730221,0,0,0,0,0,0,0,0,0,-1,0,0,0,0,2,0,0,0,-1,0,0,0,1,0,-1,0,0,0,0,0,0,0,0,0,0,0,1,0,0,2,1,0,0,-0.753667,0,0,0.173234,2,0,0,0,0,0,0,0,6,0,1,1
0,1,0,1,-1,1,0,0.953242,0,0,-2,0,0,0,1,-2,-0.703158,0,-1,1,0,0,0,0,0,1,0,0,2,0,0,0,1.18603,11,1,0,0,0,1,0,1.128508,0,-1,-0.757698,0,-1,0,0,0,0,0,0,0,0,0,1,0,0,0,-1,0,0,0,0,0,0,0,0,1,0,1,1,0,0,0,0,0,0,0,0,0,0,0,-3,0,0,0,-0.710767,-1,-1,0.094146,2,0,0,-1,0,0,0,0,0,0,1,1
0,0,0,1,0,-2,0,-0.559806,0,0,0,0,0,0,1,1,-0.783767,0,-1,0,0,0,0,0,0,0,0,0,0,1,0,1,1.47705,3,0,0,0,0,0,0,0.882779,-1,0,-0.744681,0,0,0,0,0,0,0,2,0,3,0,1,0,0,-1,0,0,1,0,0,1,2,1,2,2,-1,0,0,0,0,0,0,0,0,-1,0,0,0,0,0,0,0,0,-0.614922,0,-1,-0.785423,0,0,0,0,0,0,0,0,3,0,1,1
0,0,0,0,1,0,0,-0.655832,0,0,0,0,0,0,2,2,-0.273817,0,0,1,0,0,0,0,-3,0,0,0,0,3,0,0,1.78173,5,0,0,2,-1,0,0,0.939152,0,0,-0.755376,0,0,0,0,0,1,0,0,0,2,0,-3,0,0,-1,0,0,0,0,4,1,0,-6,0,1,0,0,0,-1,0,0,0,0,0,1,0,0,0,0,0,0,0,0,-0.836043,1,-1,-0.67572,0,1,0,0,0,0,0,0,0,0,0,1
0,0,0,0,0,0,0,-0.690893,0,0,0,0,-1,-2,0,-5,0.158409,0,0,1,0,0,0,0,0,0,0,0,0,0,2,0,1.38347,8,0,1,0,4,0,0,3.180413,0,0,-0.733832,0,0,0,0,1,0,0,0,0,2,0,0,0,1,0,0,-1,-2,0,0,0,-2,0,0,0,0,-1,0,-2,0,0,0,0,0,0,0,0,0,0,0,0,1,0,-0.823529,0,-1,-0.290863,0,1,0,0,0,-1,0,0,0,0,0,1
0,0,0,0,0,0,0,-0.762233,0,0,2,1,0,1,1,4,-0.564587,0,0,1,0,0,2,0,0,0,0,0,0,0,-1,1,2.28236,5,1,1,3,0,0,0,1.5,0,1,-0.840666,0,0,0,0,1,0,0,0,0,0,4,0,0,1,1,2,0,-2,0,0,3,-2,0,-4,0,0,0,0,0,0,0,0,0,0,0,0,0,0,1,0,0,1,0,-0.823529,0,0,-0.511269,0,0,0,0,-1,0,0,0,0,0,0,1
0,0,2,0,-4,0,0,-0.63876,0,0,-2,0,0,0,-3,0,-0.692308,0,-1,2,0,1,-1,0,0,0,0,0,0,0,0,0,0.71105,2,0,0,0,0,0,0,0.3,0,0,-0.482176,0,0,1,0,0,0,0,0,0,-2,0,0,0,0,-1,0,0,0,0,0,1,0,0,0,2,1,0,0,0,0,0,0,0,-1,0,0,0,0,0,1,-1,0,0,-0.731731,0,-1,-0.714286,0,0,0,2,0,0,0,0,1,-2,0,1
0,0,2,0,0,0,0,-0.383078,0,0,0,0,-1,0,0,2,-0.320657,0,0,1,-3,0,0,0,-2,0,0,0,0,1,-3,0,1.06446,1,-1,0,0,0,0,0,0.623231,-1,2,-0.865387,0,0,0,0,0,2,0,0,1,1,-1,0,0,0,-1,0,0,0,1,0,1,1,0,0,1,0,0,1,1,5,-3,0,1,0,0,0,0,0,0,1,0,0,0,-0.517621,0,0,-0.714774,1,0,3,0,0,0,0,0,0,0,0,1
0,0,0,0,0,2,0,-0.504441,0,0,-1,0,0,0,0,0,-0.692308,0,0,0,0,0,-2,-2,0,-2,0,0,0,0,0,0,1.14286,0,-1,0,0,-7,0,1,0.217548,0,0,-0.367087,1,-1,0,0,0,0,1,0,0,-1,0,3,1,0,0,1,0,0,0,0,0,0,0,0,-1,0,0,0,-2,0,0,-1,0,-2,0,1,0,0,0,1,0,0,0,-0.715272,0,0,-0.557411,1,0,0,0,0,-1,0,0,0,1,0,1
0,0,0,0,0,0,1,-0.634662,0,0,-1,0,0,0,0,0,-0.818182,0,0,0,2,0,1,-1,0,0,1,0,3,0,0,0,0.87973,9,0,0,1,-1,0,0,1.81818,0,0,-0.636364,0,0,0,0,0,0,-1,0,1,0,0,1,0,0,0,0,0,0,0,0,-2,1,0,0,3,1,0,0,0,-1,0,1,0,0,0,0,0,0,-1,0,0,1,0,-0.745727,0,0,-0.691378,0,0,0,0,0,0,0,0,0,0,1,1
0,0,0,0,0,0,2,0.783251,0,0,0,0,0,0,0,0,-0.305358,0,0,-1,-1,0,0,4,0,1,0,0,0,3,-2,0,0.85211,3,0,-1,0,0,0,0,1.81818,0,0,-0.41884,0,0,0,0,0,0,0,1,0,0,0,0,0,-1,0,0,-1,0,0,1,1,0,0,1,2,2,0,0,1,0,0,-2,0,0,0,0,0,1,1,0,0,-3,0,-0.470438,0,0,-0.72439,0,1,3,0,0,1,0,0,0,1,1,1
-1,-3,-1,0,0,0,0,-0.477752,0,0,0,0,-1,0,0,0,-0.491009,0,-1,0,1,-2,0,-1,0,-1,0,0,0,0,1,0,1.11127,8,-1,0,0,0,0,0,2.126387,0,0,-0.387195,0,0,0,0,0,0,0,0,0,0,0,0,-1,1,0,0,-1,-1,0,-1,0,0,0,0,0,-3,0,0,1,0,0,0,0,0,0,0,0,0,0,0,0,0,0,-0.773408,0,0,-0.150836,0,1,0,0,0,3,1,0,-1,0,1,1
0,3,0,0,0,-1,-1,-0.626229,0,0,0,-2,-1,1,0,0,-0.085327,0,0,0,0,0,-1,0,0,0,0,2,0,0,0,0,0.94286,1,0,0,1,0,-1,0,1.298738,0,0,-0.633618,0,0,0,0,1,0,0,0,0,0,1,0,-1,1,0,0,0,0,2,0,0,0,0,0,0,1,2,0,0,-1,-4,0,0,2,0,-1,0,0,0,0,0,0,-1,-0.694393,0,0,-0.34842,0,0,2,0,1,0,0,0,0,0,0,1
0,0,0,1,1,0,0,-0.538462,0,0,1,0,-1,0,0,0,-0.296724,0,0,2,-1,-1,0,0,0,0,0,0,0,0,-1,0,0.8475,0,0,0,1,-1,0,0,1.06061,0,0,-0.593568,0,0,0,0,0,0,0,0,0,0,1,0,0,-1,3,0,0,0,0,0,-2,1,0,0,2,1,0,0,4,0,0,0,0,1,0,0,0,0,0,0,1,0,0,-0.667001,-1,0,-0.626323,3,0,0,1,0,1,-1,0,1,0,0,1
0,0,-2,1,0,-1,0,-0.717532,0,0,0,0,0,0,0,3,-0.705522,0,0,0,1,0,-1,1,0,0,-1,0,-1,0,0,0,0.94286,2,0,1,1,-3,0,0,1.106398,-2,0,-0.636364,0,1,0,0,0,0,0,0,0,-1,1,0,0,1,0,0,0,0,2,0,0,0,0,2,0,1,0,0,0,0,0,0,1,0,0,0,0,1,0,0,0,-1,0,-0.646125,0,0,0.149611,0,0,0,0,0,1,2,0,-1,0,0,1
1,0,1,2,0,0,1,-0.645447,0,-1,0,0,1,1,-1,0,-0.87919,-1,0,0,0,0,0,0,0,0,0,0,0,0,0,0,1.05714,3,0,3,0,0,1,0,1.365308,0,0,-0.067436,-1,0,1,0,0,0,0,0,0,4,2,0,0,1,1,0,0,0,0,1,0,0,0,0,1,0,0,-1,1,0,2,0,0,0,0,0,1,0,0,0,0,3,0,-0.062972,0,1,-0.636364,1,0,1,0,0,0,0,0,0,1,0,1
0,-4,1,0,1,0,0,-0.673223,-4,0,0,1,0,-1,2,0,-0.7,0,0,-1,1,0,0,0,0,0,0,0,0,2,2,0,0.88069,4,0,0,0,0,0,0,0.631561,0,0,-0.724997,0,0,1,0,0,0,0,0,0,0,0,2,1,0,1,0,0,-1,0,0,0,0,0,0,1,0,0,0,1,0,0,0,1,0,0,-1,0,1,0,0,0,0,0,1.308695,0,0,-0.212691,1,0,1,0,0,-2,-1,0,0,1,0,1
0,0,0,0,0,1,3,-0.492037,0,0,-1,0,0,1,0,0,0.641246,0,0,0,-1,0,-1,0,0,0,0,0,1,0,-2,0,1.09867,10,0,0,0,0,0,0,1.89189,-2,0,-0.70174,-3,0,0,0,0,0,2,0,0,0,1,0,1,0,0,0,0,0,0,-3,-1,0,0,0,0,0,1,0,1,1,0,0,0,0,0,0,0,2,0,0,-1,1,0,0.099176,0,0,-0.582823,-3,0,0,2,1,0,-1,0,1,2,0,1
0,1,2,0,0,0,0,-0.681438,0,0,0,0,1,0,1,0,-0.494632,0,0,1,1,0,0,0,0,0,0,0,0,0,0,0,1.13436,7,0,0,0,0,0,0,1.12963,0,0,8.767396,0,0,-1,-1,0,0,0,0,0,0,2,0,0,3,0,0,0,0,0,0,1,0,1,0,0,0,0,-1,1,3,0,0,0,0,-1,0,0,1,0,0,0,0,0,-0.475578,0,0,-0.6,0,0,0,0,0,1,0,-1,0,0,1,1
0,0,0,1,0,1,0,-0.826425,0,0,0,0,1,0,0,0,-0.042169,0,0,0,2,0,0,0,0,-1,0,0,0,0,0,1,-1.24239,6,0,0,1,1,1,0,0.955409,2,0,6.437868,0,0,0,0,0,0,0,2,0,1,0,0,2,0,0,0,0,0,0,0,1,0,1,0,0,0,0,0,1,0,2,0,-2,-1,-1,0,-1,1,0,0,1,0,0,-0.684881,0,-1,-0.606054,-2,0,0,0,0,1,0,0,0,0,1,1
0,1,0,0,0,0,1,-0.60372,0,0,-2,-2,1,0,0,0,-0.608919,0,1,-1,1,-1,0,0,0,0,0,1,-3,0,0,0,0.88359,3,-1,0,0,0,0,0,1.125018,0,0,8.556106,0,0,0,1,0,0,0,0,0,0,4,0,0,0,1,0,-1,0,2,0,0,0,0,0,2,0,0,-2,2,0,-1,0,3,0,0,0,0,0,0,0,0,2,0,-0.675676,0,0,-0.654309,0,0,0,0,0,1,0,1,0,0,1,1
-1,0,0,0,0,0,0,-0.713899,0,-1,0,0,0,0,4,1,-0.665886,0,1,0,0,0,0,0,0,-1,0,0,0,0,0,0,0.68571,1,2,0,1,2,0,0,3.000005,0,0,-0.286903,0,0,0,0,0,0,0,-1,1,-3,0,-1,0,0,0,0,0,0,0,1,1,0,0,0,0,0,0,0,0,0,0,0,0,0,1,0,0,0,-2,1,0,-1,0,-0.571429,0,0,-0.647603,4,0,0,2,0,-1,0,0,-1,0,0,1
0,0,0,1,0,1,1,-0.500531,2,0,-1,0,0,-2,-1,0,-0.790512,1,1,0,3,0,0,0,0,0,0,0,0,0,0,-1,0.68756,6,-1,0,0,0,0,0,1.669723,0,1,-0.487464,2,0,0,0,0,0,0,0,1,1,0,0,0,1,0,0,0,0,0,0,0,0,0,0,0,0,0,0,0,0,0,0,0,0,1,0,0,0,1,0,0,-1,1,-0.310919,0,1,-0.840603,-1,0,0,0,0,-1,0,0,0,0,0,1
0,0,0,1,0,-1,1,0.072024,0,0,-1,0,0,0,0,0,-0.791425,0,1,0,-1,0,0,0,0,0,0,0,0,0,0,0,0.61418,15,0,-2,0,0,0,0,1.875397,3,-1,-0.454642,0,0,-1,1,0,1,1,-1,0,0,0,0,0,0,-1,0,0,0,0,0,0,0,0,0,0,0,1,0,0,0,0,0,0,0,1,0,0,0,1,3,0,0,0,-0.562996,0,0,-0.651035,0,0,0,0,0,0,0,0,0,0,0,1
0,0,0,0,0,-2,-2,0.033816,0,0,-2,0,-3,0,3,-1,-0.620782,0,0,0,0,0,-1,0,1,0,0,0,-1,-1,0,0,0.86066,4,0,-1,1,0,0,0,0.330417,0,0,-0.582019,0,0,0,0,0,0,0,0,0,0,1,3,-1,0,-2,0,-1,0,0,1,0,0,0,0,0,0,0,1,0,-1,0,0,0,2,0,0,0,0,1,0,-1,0,0,-0.48347,0,0,-0.750901,0,0,2,0,0,2,0,0,1,1,0,1
0,3,0,2,-1,1,-1,-0.610587,0,0,0,0,0,0,0,0,-0.559132,0,3,0,1,0,-1,-1,0,0,0,2,-1,0,0,0,2.43678,0,0,0,0,-2,0,0,0.25,0,1,-0.556125,0,-2,-2,0,0,0,-1,0,-1,0,0,0,0,0,-2,-1,0,0,0,-1,0,0,-1,0,1,0,0,1,0,2,-1,0,0,0,1,0,0,0,1,0,0,0,0,-0.545046,0,0,-0.694548,7,0,0,1,-1,0,0,1,0,2,0,1
0,0,-1,1,0,-1,0,-0.476863,0,0,0,0,0,-1,-2,0,-0.752164,0,0,0,4,0,1,0,0,0,0,-2,0,0,-1,-1,0.90381,11,0,0,-1,0,0,0,0.209699,0,1,-0.630813,0,1,0,0,0,0,0,0,0,0,-2,1,0,0,0,0,0,0,0,0,0,0,0,0,0,0,0,-1,0,-1,0,-1,0,-3,0,0,0,0,1,0,1,-1,0,-0.62457,0,0,-0.727914,-2,0,-2,0,0,0,0,1,0,1,0,1
0,0,0,0,0,0,0,-0.612903,0,0,0,1,0,0,0,0,-0.8,0,1,1,1,0,1,0,0,0,0,0,0,0,0,0,1.1527,4,0,-1,0,0,0,0,0.670583,-3,0,-0.679412,-1,0,0,0,-1,0,0,0,-1,-2,0,1,0,0,-4,0,1,0,3,-2,0,0,0,0,0,0,0,0,3,0,0,1,-1,0,2,0,-1,0,0,-1,0,0,0,-0.413008,-1,1,-0.744681,0,0,1,0,0,-2,-1,1,0,1,1,1
0,0,0,0,0,0,0,-0.558251,2,-1,0,1,-1,0,-1,0,-0.8,0,0,0,0,0,0,0,0,0,0,-1,0,-2,0,0,1.17143,2,0,0,-1,-2,1,0,1.001302,-1,0,-0.807032,0,0,1,0,0,0,0,0,0,0,0,0,-1,0,-2,2,0,0,0,-2,-1,0,0,0,3,1,1,0,-1,0,-1,0,0,-1,1,0,0,0,1,0,-1,0,0,-0.697275,0,0,-0.673351,0,0,-1,0,0,0,0,1,-4,2,1,1
0,-1,0,0,0,0,0,-0.682471,0,1,0,0,-2,0,0,0,7.612029,0,0,0,0,1,0,-1,0,0,0,0,0,0,0,0,1.07387,1,0,-3,0,2,0,0,0.953392,-1,0,-0.72455,0,0,0,0,0,0,1,0,0,0,-1,2,0,-3,0,0,0,0,0,0,0,0,2,0,0,0,1,0,2,0,0,0,-1,-1,1,1,0,0,0,0,0,0,0,-0.586207,0,0,-0.787265,0,0,2,2,0,0,0,1,-1,0,1,1
0,1,1,0,0,1,1,-0.586207,0,0,0,0,1,1,2,3,-0.402112,0,0,0,0,0,0,0,-1,0,0,0,-1,0,2,0,1.22629,10,0,0,0,0,-1,0,0.790841,0,-1,0.006519,1,0,1,0,1,0,0,-1,1,1,0,0,0,0,0,0,0,0,0,0,0,0,0,0,-2,0,0,1,1,2,0,0,0,0,0,0,-1,0,0,1,0,0,0,-0.655754,0,0,-0.146988,0,0,-3,1,0,0,1,0,0,3,0,1
0,1,0,-1,0,1,0,-0.306008,1,0,0,1,1,1,0,-2,-0.511107,0,0,0,0,0,0,0,1,1,0,2,0,2,2,1,1.68571,0,0,0,0,0,0,0,0.775623,0,0,-0.884873,0,0,0,0,1,-1,0,0,0,1,1,0,1,0,3,-1,0,0,0,-1,0,-2,0,1,0,-1,0,0,2,0,0,0,0,-2,1,0,-1,0,0,0,0,-1,1,-0.624347,0,0,-0.655765,0,0,2,0,0,0,-1,2,0,0,0,1
1,1,0,-1,0,0,0,-0.371083,0,0,0,1,1,1,0,0,-0.724685,0,-1,-1,0,1,0,0,0,0,0,0,2,0,0,0,1.57245,7,-2,0,-3,0,0,0,3.44444,-3,0,-0.755731,0,-1,0,0,0,0,0,0,0,1,-3,1,0,0,0,2,1,0,1,0,0,1,0,0,2,0,1,0,1,-1,0,-1,0,-2,0,0,-2,0,0,0,0,0,-3,0.22745,0,0,-0.682008,0,0,0,0,0,0,0,0,0,1,0,1
0,0,0,1,0,-1,0,-0.605725,0,0,-1,0,0,0,1,0,-0.294118,0,0,-2,0,1,0,0,-1,0,1,0,0,2,0,0,0.81739,2,0,-1,0,1,-1,0,1.488869,0,0,1.531939,1,-1,0,0,0,0,-1,0,0,3,0,0,0,0,-3,-1,0,0,0,0,-6,0,0,0,3,1,0,0,1,1,0,0,0,4,0,0,0,1,1,0,0,0,0,-0.64038,1,0,-0.806748,4,0,0,0,0,0,0,0,0,-3,1,1
0,-3,1,1,0,0,-2,-0.639838,1,0,1,0,0,0,0,0,-0.385398,0,-1,-1,0,-1,0,0,0,0,0,2,0,0,0,0,3.07577,4,0,1,0,0,0,0,1.381437,1,0,-0.663208,-1,0,0,0,1,0,0,0,-1,2,-5,0,3,0,0,1,0,0,0,0,0,0,0,0,0,0,1,0,0,0,0,0,0,3,0,0,0,0,1,0,0,1,0,-0.586207,0,0,-0.856266,0,0,-1,0,0,0,0,1,0,0,1,1
-1,-2,0,0,0,0,0,-0.874726,0,0,0,0,0,0,2,0,-0.294118,0,0,0,0,0,-1,0,0,0,0,0,0,0,0,0,0.8205,4,0,0,0,1,0,0,0.211654,-1,2,-0.500188,-1,0,0,0,1,0,0,0,0,0,1,0,0,0,-1,-2,0,0,0,0,-1,2,1,0,0,1,0,0,0,1,0,-1,0,0,0,0,0,0,1,0,0,0,0,-0.577518,0,0,-0.769231,0,0,0,0,0,-1,0,0,0,0,1,1
0,0,0,0,0,0,3,0.1129,0,0,0,-1,0,1,2,0,-0.60121,0,0,0,0,0,0,4,0,0,0,0,0,0,0,0,0.89492,10,0,-1,-1,0,0,-1,2.147125,1,0,-0.775663,1,1,1,0,0,0,0,-1,0,0,0,0,1,0,0,1,0,0,0,-1,1,0,0,0,0,0,2,0,0,0,0,0,0,-8,1,0,1,0,0,0,0,1,0,-0.6,0,0,-0.626072,0,0,2,0,0,-1,0,1,1,0,1,1
0,0,0,1,1,0,0,-0.495108,0,0,2,0,-1,1,0,0,-0.268973,0,0,0,1,0,0,-1,0,0,0,0,0,0,0,0,1.22143,3,0,0,0,0,0,0,2.08803,-1,0,-0.606042,-1,-1,0,0,0,0,0,0,0,0,0,0,-1,-2,0,0,0,0,0,0,2,0,0,0,0,0,0,0,0,-1,0,0,-1,-3,1,0,0,0,0,0,0,1,1,3.483739,0,0,-0.613706,0,0,0,0,0,0,0,0,1,0,1,1
0,0,0,1,0,0,0,0.089261,0,-1,0,0,0,0,0,0,-0.592571,0,0,0,1,0,0,0,0,0,0,0,-1,0,0,0,1.00851,9,0,0,1,0,0,1,1.086472,0,0,-0.677093,0,0,1,-1,0,0,0,0,0,0,1,0,1,0,0,0,-1,0,0,2,1,0,0,0,0,0,1,0,0,0,0,0,0,2,0,0,0,0,0,0,0,0,0,-0.6,0,0,-0.67554,0,0,0,0,1,0,-1,1,1,0,1,1
0,0,0,0,-1,1,1,-0.552968,0,0,3,1,0,0,0,0,-0.845209,0,0,0,0,0,0,0,0,-1,-1,0,1,0,0,0,1.0692,1,-1,0,0,1,0,0,0.791946,0,0,-0.798474,0,0,0,0,0,-2,0,0,0,1,0,0,0,0,0,0,0,0,0,1,0,0,0,1,-1,0,0,0,0,0,0,0,0,1,1,0,0,0,0,0,0,1,0,-0.177866,0,-5,-0.814485,0,0,0,0,0,2,0,0,0,1,1,1
0,-1,0,0,0,0,-1,2.185586,0,0,0,0,-3,0,0,0,-0.586207,1,1,0,0,0,0,0,-1,0,0,0,2,2,1,0,2.05748,7,0,0,1,1,-3,1,0.412578,0,0,-0.698707,0,1,0,0,1,0,0,0,-1,0,0,1,0,0,0,0,-1,1,0,1,1,0,0,2,0,0,0,0,0,3,0,0,3,0,0,1,-1,-1,0,0,0,1,1,-0.116659,0,0,-0.444904,0,0,3,0,0,-1,0,0,1,0,1,1
0,2,0,-4,0,0,0,-0.496158,0,0,1,1,0,0,0,3,-0.549658,0,0,0,0,0,0,0,0,0,0,0,0,0,-1,0,1.28571,1,0,0,1,0,0,0,2.02749,0,0,-0.045355,-2,0,0,-1,1,0,0,0,0,2,0,0,0,1,1,0,0,0,0,0,1,0,0,2,0,0,0,0,1,0,0,0,0,0,0,0,-1,0,0,1,0,1,0,-0.050253,0,0,-0.109176,0,-1,0,0,0,1,1,1,1,2,1,1
0,-1,1,1,0,0,1,0.715376,0,0,0,0,2,0,1,0,-0.63804,0,0,0,0,0,0,0,0,0,0,0,0,1,0,0,1.82857,2,0,0,1,1,0,0,0.509054,-1,1,-0.435723,-5,1,0,0,0,0,-1,0,0,0,0,0,-1,0,0,-2,0,0,0,0,1,0,0,-2,0,0,0,0,0,0,0,1,-1,-2,2,0,0,0,0,0,0,0,-1,-0.764453,0,0,0.687942,0,0,0,1,-1,0,0,4,0,0,0,1
0,0,-2,1,0,0,0,-0.8125,0,0,-1,-1,1,0,0,-1,-0.675676,0,0,0,0,0,0,0,0,0,-1,1,1,0,-1,-1,1.37702,0,0,0,1,0,0,0,0.921875,0,0,-0.739657,0,0,0,0,0,0,-1,0,0,0,-1,0,0,0,-1,0,0,0,0,0,1,0,0,0,0,0,0,1,0,1,0,0,0,1,0,0,0,0,0,1,1,0,0,-0.588103,0,0,-0.576407,0,0,1,0,0,0,0,0,0,3,0,1
0,-1,0,1,0,0,0,-0.639674,0,1,0,0,0,0,0,0,-0.675676,0,0,0,-1,0,0,0,0,0,1,0,2,0,1,0,0.96047,5,0,0,1,3,0,0,0.921875,0,0,-0.806026,1,0,-2,0,0,0,0,0,0,1,0,-2,0,0,2,-1,2,1,0,-1,1,0,1,0,3,0,0,0,0,0,0,0,0,1,0,-1,0,1,0,1,0,1,0,-0.649223,0,0,-0.563007,0,0,0,0,3,-1,0,0,-3,-1,0,1
0,-2,-1,1,0,0,0,8.583122,1,0,1,0,0,1,0,0,-0.729233,0,0,0,0,0,0,2,0,1,1,0,0,0,0,0,0.49356,1,0,0,0,0,3,1,2.281295,0,0,-0.738248,3,0,0,0,0,-1,0,0,0,0,1,0,0,0,1,1,0,0,0,0,1,2,1,-1,0,-1,1,-1,0,0,0,0,3,0,0,-1,0,0,0,1,-1,1,0,-0.895074,-1,0,-0.646645,0,1,0,0,1,2,0,0,-1,0,1,1
0,0,0,0,0,1,0,0.772259,0,1,0,0,0,0,0,0,-0.659319,0,0,1,0,0,0,1,0,1,1,0,0,0,0,1,0.91429,2,0,0,0,0,0,-1,3.199433,0,0,-0.725569,0,0,0,-1,0,2,0,1,-1,0,0,1,0,0,0,0,0,0,0,0,0,2,-1,0,0,1,0,0,1,0,2,0,2,-1,0,0,0,1,0,1,0,0,-1,-0.678727,0,0,-0.48217,0,0,0,0,0,0,0,0,0,0,1,1
0,0,0,0,0,0,0,2.431208,1,0,0,1,0,0,0,0,-0.853978,-1,0,0,1,0,-1,0,0,1,0,2,0,0,0,0,0.91429,10,-1,0,-4,0,0,0,2.25,0,0,-0.529809,0,0,0,0,0,-5,0,0,0,0,2,1,2,0,-1,-1,-1,0,1,0,1,1,0,0,0,0,0,2,1,0,0,0,0,0,0,0,0,1,0,0,0,0,0,-0.646819,0,0,-0.589681,0,0,2,0,0,0,0,0,-1,1,1,1
0,0,0,0,0,1,0,-0.805563,0,0,0,0,-1,-2,1,0,-0.417673,0,0,0,1,0,0,0,0,0,1,-1,0,1,0,0,2.54662,4,0,0,0,2,0,0,2.607134,1,1,6.274028,1,0,0,0,0,0,1,0,0,0,1,0,0,0,0,0,0,0,1,0,0,0,0,0,0,0,0,0,0,2,0,0,0,0,0,0,-2,2,0,0,0,0,1,-0.183835,0,1,-0.313754,0,-1,0,0,0,1,1,2,-1,1,1,1
0,-1,0,0,0,0,0,-0.045279,0,1,0,0,0,0,0,-5,0.147742,0,0,0,0,1,1,0,0,0,0,0,0,0,1,0,1.52608,2,0,0,-1,-2,-1,0,3.271802,1,1,7.789214,1,0,0,0,2,0,1,1,0,0,1,0,-1,1,5,1,1,0,1,1,0,0,0,0,0,0,0,0,0,1,0,0,-1,3,0,-1,0,0,0,0,-1,0,0,0.30613,0,0,-0.595835,0,0,0,0,0,1,1,0,0,1,1,1
0,0,0,0,0,0,0,-0.40373,0,0,0,0,0,0,0,0,-0.759978,0,1,-1,-3,1,0,0,0,1,0,0,2,0,1,1,1.77931,4,-1,0,0,1,0,0,1.61905,0,1,7.52928,1,0,0,-2,0,0,1,0,0,0,0,0,0,0,0,1,0,-2,0,0,0,0,0,0,0,1,0,0,0,1,0,-1,1,0,0,0,0,0,1,0,0,0,0,-0.680503,0,-1,-0.631275,0,0,0,0,0,4,0,0,0,2,1,1
0,0,0,0,0,0,0,-0.590002,1,0,0,-1,0,0,3,0,-0.647059,0,0,-1,0,0,-1,-1,0,0,0,0,0,0,-1,0,0.54286,4,-2,0,0,0,1,0,0.418339,0,0,-0.751739,-2,0,0,0,1,0,0,0,0,-1,0,0,0,0,0,0,0,0,2,0,0,0,0,0,0,-1,0,0,1,0,-1,0,0,2,1,0,0,0,0,0,0,2,0,2.24324,0,0,-0.623359,0,0,0,0,-2,0,0,-3,0,0,0,1
0,0,0,1,0,-2,0,-0.73913,0,0,1,0,0,0,2,0,-0.491171,0,0,1,3,0,0,2,0,0,0,2,-4,0,1,0,0.54286,0,0,0,0,0,0,0,3.367299,0,0,-0.368421,-3,0,0,0,0,0,-2,-1,-1,0,0,0,0,1,2,-1,0,0,0,0,1,0,0,0,-3,0,0,0,0,0,0,1,1,0,0,0,0,0,0,0,0,0,0,2.24324,0,-1,-0.538986,0,0,0,-1,0,1,-1,0,0,1,0,1
0,0,-1,0,0,0,0,-0.74093,0,0,0,1,0,-2,0,3,-0.146606,0,0,5,0,0,0,-1,0,0,0,-1,0,2,0,0,0.54286,1,0,0,0,0,0,0,2.198455,0,0,-0.587629,0,0,0,0,0,0,0,-1,0,-1,1,0,-2,0,0,-1,0,0,0,0,3,0,0,0,0,0,1,0,0,0,-1,0,-1,0,0,0,0,0,0,0,0,0,0,4.901047,0,0,-0.535363,0,0,0,0,0,1,0,0,0,0,0,1
0,0,0,1,0,0,0,-0.758008,0,1,1,0,0,0,-1,2,-0.666667,1,0,4,0,0,-1,-1,0,0,0,0,0,-6,0,0,2.10277,4,0,0,0,0,0,0,1.091213,0,0,-0.355847,0,0,0,0,0,0,0,0,1,2,-2,0,1,0,0,0,0,0,0,-1,0,0,-1,0,-1,1,0,0,1,2,0,-1,4,-1,0,0,0,0,0,1,0,0,-3,-0.846405,-1,-1,-0.875239,0,0,0,0,0,0,1,0,0,0,0,1
0,0,0,1,0,0,0,-0.76,0,1,1,0,0,-2,-2,0,-0.635848,1,0,0,0,0,0,0,0,0,-1,0,0,0,0,0,1.8,8,0,0,0,5,0,0,0.368319,0,0,-0.411285,0,1,0,0,0,0,0,0,0,0,0,0,1,0,0,0,-1,1,-1,1,0,0,0,0,0,1,0,2,0,-1,-1,0,0,-2,0,0,0,0,0,0,0,1,0,-0.744287,0,0,-0.704106,-2,1,0,0,0,0,0,0,0,0,0,1
0,0,0,1,0,-1,0,-0.76,1,1,0,0,0,0,0,1,-0.450618,0,0,0,0,0,0,0,0,0,0,0,0,1,-1,0,2.13786,3,0,0,-1,0,0,0,0.678076,1,0,-0.848724,0,0,0,0,0,0,0,0,0,1,-4,0,0,0,0,-1,0,0,0,0,0,0,1,0,-1,1,0,-2,2,-2,0,1,0,0,0,1,0,1,-1,1,1,1,0,-0.866036,0,0,-0.745429,0,1,0,0,0,0,0,0,1,0,0,1
0,0,0,0,0,1,0,-0.291766,0,0,1,0,2,0,-1,0,-0.6,2,0,1,0,0,-1,0,-1,1,0,2,1,0,0,0,1.37802,4,1,-2,2,1,0,0,0.88,0,0,-0.784387,0,0,0,0,0,0,0,0,0,0,0,0,0,2,0,0,0,0,0,-1,0,1,0,0,2,0,0,0,-3,0,3,0,0,1,0,0,0,0,0,0,0,0,0,-0.77894,0,0,-0.670101,0,0,0,0,0,0,0,0,0,0,0,1
0,0,-1,0,0,2,0,-0.365736,0,1,0,0,0,-2,-1,0,-0.562723,0,0,0,0,0,0,0,-1,-1,0,-2,-1,-1,0,0,1.60069,5,0,0,2,1,0,0,1.531521,-2,0,-0.495868,1,0,0,-1,0,0,-1,0,0,1,0,4,-1,0,0,0,1,0,0,0,2,1,0,0,0,-1,0,0,0,0,0,0,1,-1,0,0,0,-1,0,0,0,0,0,-0.626436,1,0,-0.849533,1,0,0,0,0,0,0,1,0,0,0,1
-1,0,0,0,0,0,-1,-0.526522,1,1,1,0,0,0,0,0,-0.322135,0,-1,0,2,0,0,0,1,0,0,0,0,-2,0,0,1.1986,10,0,0,0,1,1,0,0.88,3,0,-0.620558,0,1,0,0,0,0,1,0,0,0,0,0,0,0,0,0,0,0,0,1,0,0,-3,3,-1,0,0,0,7,1,0,0,0,0,0,0,-2,0,0,0,1,0,0,-0.806452,0,0,-0.612741,0,0,0,0,0,1,0,0,1,0,0,1
0,0,0,0,0,2,0,-0.503938,-1,1,1,0,-1,0,0,0,-0.755521,1,0,0,0,0,0,0,0,0,0,0,0,0,0,0,0.61727,6,0,1,0,-1,0,0,1.548287,0,0,-0.248647,0,0,0,0,0,0,1,0,1,0,0,0,1,-1,0,0,0,0,0,0,1,0,-3,0,0,-3,-2,0,1,0,0,0,0,0,0,0,0,0,0,-1,0,1,0,-0.829676,0,1,-0.718935,0,0,0,0,0,0,0,0,0,1,1,1
1,0,0,1,0,6,0,-0.851588,0,1,0,0,0,0,3,0,-0.72093,1,0,2,0,0,4,0,0,0,0,0,4,0,0,-1,0.87052,9,0,0,0,0,1,0,1.891338,0,-1,-0.786139,-1,0,1,0,1,1,0,0,0,0,0,-1,0,0,0,0,-2,0,0,1,0,0,0,0,0,0,0,0,1,0,0,0,0,0,0,0,0,0,0,1,0,1,0,-0.814941,-1,1,-0.746583,0,0,0,0,0,0,0,0,-1,1,1,1
0,0,1,0,0,0,0,-0.715402,-1,1,0,0,0,0,0,0,1.17016,0,0,0,0,0,1,0,0,0,0,0,0,0,0,0,2.66514,8,0,0,-1,2,1,0,1.54717,0,0,-0.773585,0,0,0,1,0,-1,1,0,0,0,0,0,2,0,-1,0,0,-1,0,0,1,0,-1,0,0,0,1,0,0,0,0,0,-1,4,0,0,1,0,0,1,0,0,0,-0.782359,0,0,-0.481521,0,-1,0,0,2,0,1,0,0,0,1,1
0,0,0,0,0,1,1,-0.608468,0,0,0,0,1,0,1,-1,-0.679784,0,0,0,0,2,0,1,-1,0,-1,0,0,0,-1,0,1.29298,2,0,1,0,0,0,1,0.74723,1,0,-0.874197,0,0,0,0,0,0,0,0,2,-2,-2,0,0,0,1,0,0,0,0,0,0,1,0,-1,0,1,1,1,0,1,1,1,0,0,0,0,0,1,0,1,0,0,0,-0.776448,0,0,-0.810387,0,0,0,0,0,0,0,0,0,0,0,1
0,0,1,-1,0,-1,0,-0.455378,0,0,0,0,1,0,-1,0,-0.510391,0,1,0,0,0,0,-1,0,0,-1,0,0,-2,3,0,1.59446,14,1,0,0,0,0,0,0.25219,-1,0,-0.599403,0,0,0,0,0,0,0,0,0,0,0,0,0,0,1,0,0,0,0,0,0,1,0,0,0,0,1,2,1,2,0,1,2,0,0,0,0,0,0,-1,0,0,0,-0.714693,0,0,-0.669146,-1,0,0,0,-1,0,0,0,0,0,0,1
0,3,1,0,0,0,1,-0.605143,0,0,0,0,0,0,0,0,-0.742714,0,0,0,0,0,1,-1,0,0,0,0,1,0,0,0,1.26341,1,0,0,-1,0,0,0,1.434549,5,0,-0.569013,0,0,0,0,1,0,0,0,0,0,0,0,0,0,0,0,0,0,0,1,0,1,0,0,1,0,0,0,1,2,0,1,0,0,0,0,0,0,0,0,0,-1,0,-0.777778,0,0,-0.814125,-1,0,2,0,0,0,0,0,0,1,0,1
0,0,0,0,0,1,0,-0.849944,1,0,-1,0,-1,0,0,1,-0.650042,0,0,0,0,0,1,0,1,0,0,0,3,0,0,1,1.75963,9,0,0,-1,0,0,0,1.172596,0,0,-0.813061,0,1,0,0,0,-1,0,0,1,0,-1,0,0,0,3,0,1,0,0,1,0,8,0,0,2,0,0,0,0,0,-2,-2,0,0,0,0,-1,0,0,0,0,0,0,0.223703,0,0,-0.703025,0,0,2,0,0,1,0,0,0,0,1,1
0,0,0,1,0,0,1,-0.731664,0,0,0,-1,0,0,-1,0,-0.692308,0,0,0,-1,0,0,1,1,0,1,0,0,0,-4,0,2.8865,2,-1,0,0,0,-1,1,1.238606,0,0,-0.541627,2,0,0,0,0,2,0,-1,0,2,0,0,1,0,2,0,0,0,1,0,-3,0,0,-1,0,0,0,0,1,0,2,0,-1,1,0,0,0,-1,0,-2,-1,0,0,-0.121329,0,0,-0.612683,0,0,0,0,1,1,0,0,1,0,1,1
0,0,0,1,0,0,1,-0.728973,0,0,0,0,0,0,0,0,-0.656584,0,0,-1,0,-2,-2,0,1,0,-4,0,-2,0,0,0,2.76248,13,0,0,-1,0,0,0,1.963503,-1,0,-0.86857,0,0,0,0,-1,0,0,0,0,-2,0,0,-2,-2,-1,-1,2,0,0,0,0,0,0,0,0,2,0,2,0,0,0,0,0,1,0,2,0,0,0,0,0,0,0,-0.428571,0,0,-0.565809,0,0,0,-2,1,0,1,0,0,0,1,1
0,0,1,0,1,0,0,-0.537119,0,0,0,0,0,1,0,0,-0.692308,0,0,0,0,0,0,0,0,1,0,0,0,1,0,0,1.73727,1,0,0,0,0,0,0,0.863415,0,0,-0.789445,0,0,0,0,0,0,0,-2,1,0,-1,1,0,0,0,0,0,0,1,1,1,0,-1,1,0,0,0,-1,0,0,-1,1,-1,0,0,0,0,0,0,2,0,0,0,-0.56339,0,-2,6.142907,0,0,0,0,0,0,-1,-1,0,0,0,1
1,0,1,0,1,0,0,-0.760592,0,0,0,0,-1,0,2,0,-0.437263,0,0,-1,0,0,1,0,0,1,0,0,-1,0,0,0,1.23887,1,1,1,0,0,0,1,0.833853,0,1,-0.408389,0,0,1,0,0,0,0,0,0,0,1,1,-1,0,0,0,0,0,1,0,0,0,1,0,1,0,0,0,0,0,0,1,0,0,0,0,0,1,0,0,0,0,0,0.200434,-1,1,8.305429,0,0,-1,0,0,0,0,0,0,0,0,1
0,0,1,0,1,1,0,-0.657143,0,0,1,0,0,1,-1,-1,-0.799434,0,0,2,0,0,0,1,0,1,0,0,0,0,-1,0,1.77143,2,1,1,0,1,0,1,1.229732,1,1,-0.694392,-3,0,1,0,0,0,2,0,0,0,0,1,-1,0,0,0,0,0,0,-1,0,0,0,0,0,0,0,0,0,-1,0,1,0,1,0,-1,0,1,0,0,0,0,0,-0.742287,1,2,7.153269,0,0,-3,1,0,0,4,0,0,0,0,1
0,0,0,0,0,0,1,-0.659881,0,-1,1,0,0,0,0,0,-0.730885,0,0,0,0,0,0,1,-1,0,0,0,2,0,0,0,1.19702,1,0,0,1,1,2,0,1.795973,2,0,-0.528009,0,0,1,0,0,1,-1,0,-1,-2,0,0,0,3,1,0,0,0,0,-2,0,0,0,0,0,0,1,-1,-1,2,0,0,0,0,0,0,1,1,0,0,0,1,0,-0.826634,0,0,-0.628342,0,0,-2,0,0,0,0,0,1,0,0,1
0,-1,0,-1,-1,2,1,-0.633361,0,0,0,0,0,0,0,0,-0.640756,0,0,0,1,0,0,0,0,-1,0,0,0,0,0,0,1.0,3,0,0,-1,1,-1,0,1.77143,0,0,-0.733445,0,0,0,0,0,2,0,-2,0,0,0,0,0,-1,-1,0,0,0,0,0,0,0,1,0,0,0,0,-1,0,0,0,-1,0,1,0,0,0,1,0,-1,2,1,0,-0.251513,0,1,-0.255137,0,0,0,0,1,1,5,0,0,0,0,1
0,1,-1,0,0,0,1,-0.687699,0,0,1,0,0,0,0,0,-0.823061,0,0,-1,0,0,0,1,0,0,0,0,2,0,1,-1,1.0,4,0,0,1,1,0,0,1.918478,2,1,-0.673502,0,0,0,0,1,1,0,0,0,1,0,0,0,1,1,0,0,0,0,0,1,0,0,-2,0,1,1,0,0,0,0,0,0,0,0,0,1,1,1,0,0,1,-1,-0.793613,0,0,-0.672496,0,0,0,0,0,0,2,0,0,0,0,1
0,0,1,-3,0,0,1,-0.542022,0,1,0,2,0,0,0,0,-0.328228,0,0,0,0,0,0,0,1,0,0,0,0,-1,1,0,1.19872,10,0,0,1,0,0,-1,2.317055,0,0,-0.70732,-1,0,1,-1,0,1,0,0,0,-2,0,0,0,1,0,0,0,0,0,0,1,-2,0,0,-1,0,0,0,0,0,-1,0,2,0,-1,0,0,0,0,0,0,0,2,-0.579794,0,0,-0.571429,0,0,0,-1,0,0,0,0,3,0,1,1
0,0,0,0,0,0,0,-0.898794,0,1,-1,0,0,0,0,0,0.492135,0,0,0,0,-3,0,2,0,0,0,2,2,-3,0,0,1.03362,3,0,1,1,0,0,0,1.646952,3,1,-0.422727,-5,-1,1,0,-1,1,0,0,0,0,-1,0,0,0,2,1,0,0,0,-1,0,4,-1,0,0,0,0,2,0,0,1,1,0,0,0,0,0,0,0,0,0,1,0,-0.753237,0,0,-0.011094,0,0,0,0,0,1,1,0,0,0,1,1
0,0,0,0,0,1,0,-0.223812,0,1,2,0,1,0,0,-2,-0.368421,0,2,0,0,0,0,0,0,0,0,4,2,0,1,0,1.41057,2,1,0,1,1,-1,0,0.819209,0,1,-0.725695,0,0,2,0,0,0,0,0,0,1,0,0,0,0,0,1,0,0,1,0,0,-1,0,0,2,2,0,1,-2,0,4,1,1,0,0,0,0,0,0,1,0,0,1,-0.63478,-1,0,-0.600401,0,0,0,-1,-1,1,0,0,0,3,1,1
0,0,0,0,-1,0,0,-0.674611,0,0,0,0,0,0,-1,0,6.867397,0,0,2,0,0,1,1,0,-2,1,0,0,0,0,0,1.8351,3,0,0,0,1,1,0,0.924107,0,0,-0.800402,0,0,0,0,0,1,1,0,0,0,0,0,0,0,1,2,0,0,5,0,0,0,0,0,1,0,0,0,0,0,2,0,0,0,0,0,1,0,0,0,0,0,0,-0.87234,0,0,-0.586207,0,0,0,0,0,4,0,0,0,0,0,1
0,0,-1,2,-1,0,0,-0.6188,1,0,0,0,0,0,0,-1,3.753184,1,0,1,0,0,0,0,0,-2,-1,0,0,2,-1,-2,3.16557,4,0,0,0,0,0,0,2.090984,1,0,-0.785714,0,0,1,0,1,1,0,0,0,0,0,1,-1,0,0,1,0,-1,0,0,0,2,0,-1,0,0,-1,0,0,1,0,0,0,2,0,0,0,0,0,0,1,1,0,-0.703048,0,0,-0.586207,0,0,0,0,1,0,1,-1,0,1,0,1
0,0,0,0,0,0,0,-0.325444,2,0,2,0,1,0,1,0,6.92,1,0,0,0,0,0,0,0,0,0,2,0,0,0,0,1.53677,9,0,0,0,0,0,0,1.301373,1,0,-0.771775,0,0,0,0,1,0,0,0,0,0,-2,0,0,0,0,1,1,0,1,1,0,0,0,0,0,0,2,0,0,1,0,0,0,0,0,0,0,2,0,2,0,0,0,-0.87234,0,1,-0.653864,1,0,0,2,0,0,1,0,0,0,0,1
1,0,2,0,1,3,0,-0.692308,-2,0,0,0,-2,0,0,1,-0.723652,0,0,3,0,0,1,0,0,0,0,0,0,0,0,-2,0.91232,1,-1,0,0,-1,0,-1,0.284592,0,0,-0.538671,0,0,-1,0,0,0,0,0,0,-1,0,0,0,-1,-1,-2,0,0,2,0,0,0,0,0,0,0,0,0,0,0,0,1,-1,2,0,0,0,0,0,3,0,0,0,-0.666667,0,0,-0.57641,-3,0,2,2,0,0,0,0,0,1,0,1
0,3,0,0,0,1,0,-0.489899,0,0,1,-2,0,0,-1,0,-0.625,-1,-1,0,0,0,0,0,0,0,0,1,0,2,0,0,0.97527,15,0,0,0,-2,-1,0,0.320368,0,0,-0.661195,0,0,3,0,-1,0,0,0,0,0,0,0,0,0,0,0,0,0,0,0,0,0,0,0,0,0,0,0,0,0,0,0,0,0,0,0,0,1,0,2,0,0,1,-0.666667,0,1,-0.636849,0,0,0,0,1,1,0,0,2,1,0,1
0,0,0,1,-1,1,1,-0.674435,0,0,2,0,0,0,1,1,-0.84055,1,1,0,0,0,-1,0,0,1,0,1,0,0,0,0,1.98647,2,0,-1,4,0,0,0,0.264706,-1,0,-0.025002,0,1,0,0,0,0,-1,0,0,1,0,0,1,0,3,1,0,0,0,1,0,0,0,2,0,0,0,0,0,0,0,0,1,2,-1,0,0,0,0,0,0,0,1,-0.828679,0,0,-0.652856,0,0,0,0,0,-1,0,0,0,1,0,1
0,0,0,-2,0,0,0,-0.742796,0,0,0,0,0,0,0,1,-0.476617,0,0,0,0,0,2,0,0,1,0,0,3,0,0,0,0.57335,3,2,0,0,0,-1,0,0.505197,0,0,1.297314,0,1,2,-1,0,0,0,0,0,0,2,2,0,-1,0,0,0,0,5,4,0,0,0,1,0,1,-1,0,0,0,0,0,0,0,0,0,0,-1,0,0,0,0,0,3.0,0,-1,-0.572947,3,0,0,0,0,0,0,1,-1,0,1,1
0,0,0,0,0,-2,0,-0.519648,0,0,0,1,0,0,3,0,-0.756346,0,0,0,-1,0,0,0,0,1,0,0,0,2,0,0,0.80319,4,0,0,0,1,0,0,2.28571,0,0,-0.487888,0,1,0,0,0,0,0,0,1,0,3,3,0,0,1,0,0,0,0,0,0,4,-1,-1,0,0,1,0,-3,0,0,0,0,0,0,1,1,0,0,0,0,0,0,3.0,0,0,-0.62561,0,0,0,0,0,0,1,1,-1,0,1,1
0,-1,0,1,0,0,0,-0.540956,0,0,0,1,0,0,0,1,-0.380522,1,0,0,0,0,0,0,0,1,0,4,0,4,0,0,0.92489,0,0,0,0,0,0,0,2.28571,2,0,-0.732275,0,1,0,0,0,0,0,1,-2,-1,0,0,0,0,0,0,0,0,0,0,0,0,0,0,0,1,1,0,2,2,0,1,0,-1,0,1,0,0,0,1,0,1,-2,3.0,0,0,-0.73913,0,0,0,0,2,-1,0,1,0,0,1,1
0,0,0,0,1,0,0,-0.475435,0,0,0,-2,0,0,0,0,-0.282785,0,1,0,0,0,1,0,0,0,1,0,0,2,0,0,1.4,4,1,0,0,0,-1,0,1.660015,0,-1,-0.744926,0,-1,1,0,0,0,0,0,0,0,1,1,0,0,0,0,0,0,0,0,0,2,0,0,4,0,0,1,0,0,0,0,-2,0,0,0,1,0,1,0,1,-1,0,-0.884083,1,1,-0.586207,0,0,0,0,0,0,0,0,1,-3,1,1
0,0,0,1,0,2,0,-0.60999,0,0,0,0,0,0,2,0,-0.145221,0,1,0,0,1,0,0,0,0,0,0,0,0,0,0,1.4,4,1,1,0,0,0,0,1.67347,0,0,-0.720751,0,0,-1,1,0,0,-1,0,0,0,1,0,0,0,0,0,-1,0,-1,0,0,1,0,0,2,0,0,2,-2,0,0,0,0,0,0,0,0,0,1,0,0,0,0,-0.842622,0,0,-0.565801,0,0,0,0,0,0,0,0,-2,0,1,1
0,0,0,-1,-1,0,0,0.64075,1,0,1,0,0,0,3,0,-0.360142,1,0,0,0,0,0,-1,0,0,0,0,0,0,0,0,1.01549,10,0,1,0,0,0,0,1.522689,0,0,-0.76947,0,0,1,1,0,0,0,0,0,0,1,2,0,0,3,2,0,0,0,1,-1,0,0,0,3,0,1,-1,1,0,0,0,1,0,0,0,0,0,0,0,0,0,0,-0.740478,0,0,0.020963,2,0,0,2,0,0,0,0,0,1,1,1
0,0,1,0,0,0,0,-0.8463,0,0,0,0,0,0,0,0,-0.731705,0,0,0,0,0,-1,0,0,0,0,0,1,2,3,0,2.124,11,3,0,0,0,0,0,0.978032,1,0,3.384607,0,-1,0,0,0,0,0,0,1,-1,0,0,0,0,1,0,0,0,0,0,1,0,0,0,0,0,0,0,0,1,0,0,1,1,0,0,0,0,0,-1,0,0,-1,-0.670996,0,-2,-0.749422,4,0,1,-1,0,0,-1,0,1,1,0,1
0,0,-1,-1,0,0,0,-0.287546,1,0,0,1,0,0,0,0,-0.829337,1,1,1,0,0,0,0,0,-2,0,0,2,0,0,0,1.04623,2,0,1,0,0,0,0,2.034561,0,0,-0.731502,0,0,0,0,0,0,0,0,0,0,0,0,0,0,1,0,0,0,0,0,1,1,0,0,0,0,1,0,3,-1,0,0,0,0,0,0,0,0,0,0,0,0,0,-0.530572,0,0,0.053545,0,0,0,0,-2,0,0,2,0,2,0,1
0,0,0,0,0,2,0,-0.8125,0,0,-3,0,2,0,0,-2,-0.586537,0,0,0,0,0,0,0,0,0,-1,-2,0,0,-1,0,1.64316,3,0,-1,0,0,0,0,1.425,1,0,3.389853,1,-1,0,0,2,0,1,0,0,0,0,0,2,0,0,0,0,0,0,-2,1,0,0,1,-1,0,0,-1,2,1,0,0,0,0,-1,0,2,0,0,0,0,0,-1,-0.598995,0,0,-0.423258,-1,0,1,0,0,0,0,2,1,1,0,1
0,0,-2,0,0,0,0,-0.882351,-1,1,2,0,0,0,-1,0,-0.761595,0,1,1,0,0,0,2,0,-2,0,0,0,0,0,0,1.11429,6,0,0,-1,0,0,-1,0.846154,0,1,-0.631757,1,1,-1,0,0,0,0,0,0,2,1,0,0,-2,0,0,0,0,0,0,0,0,-2,0,0,-2,0,0,1,5,0,-1,1,0,0,2,0,-1,0,0,0,0,0,-0.765737,-1,0,-0.467677,0,0,2,-2,0,0,-2,-1,1,0,0,1
0,1,2,1,0,-1,-1,-0.578592,-1,0,0,0,0,0,0,1,-0.320667,1,0,0,1,0,0,1,0,0,0,0,2,0,-2,0,2.17835,8,0,-1,0,0,2,0,1.280758,0,0,0.363064,0,0,0,0,0,0,0,0,0,0,1,0,0,0,0,0,0,0,1,0,0,0,0,0,0,-1,-3,0,0,2,0,0,0,1,0,-1,0,0,0,0,0,0,0,-0.52,0,1,-0.604991,0,0,-2,-2,1,1,-1,0,0,0,0,1
0,0,0,1,1,0,0,-0.806452,0,0,0,0,0,0,0,0,-0.237149,0,0,2,1,0,0,1,0,0,0,0,2,0,0,0,0.78742,5,0,0,2,0,-1,0,0.568559,0,0,3.936255,0,0,-1,0,0,0,0,0,-1,-1,1,0,0,0,0,1,0,-2,0,0,1,0,0,0,2,1,0,0,0,2,3,0,0,1,0,1,0,-1,-1,2,0,0,1,-0.52,0,0,-0.469628,0,0,0,0,0,1,0,0,0,0,0,1
0,0,0,0,0,-1,1,-0.602866,1,0,0,0,-1,0,0,0,-0.633348,0,0,1,0,1,2,0,0,0,0,0,6,0,0,0,0.92621,28,0,0,0,0,1,0,2.933897,0,1,-0.644906,0,0,2,0,0,1,1,0,-1,0,0,0,0,-1,0,0,0,0,1,0,0,1,0,0,0,0,0,0,0,0,2,0,0,2,0,0,-1,0,0,0,0,0,0,-0.656989,0,0,-0.820145,0,0,-1,0,0,1,0,0,-1,0,1,1
0,1,0,0,-1,3,2,-0.638998,0,-3,0,0,0,-2,0,3,-0.349748,0,0,0,-1,0,0,0,0,0,0,0,0,0,0,0,0.91429,2,1,-1,1,0,0,0,1.328165,0,0,-0.536921,0,0,0,1,0,0,1,0,1,0,0,1,0,0,0,0,0,1,0,2,-1,3,1,1,0,1,0,0,0,0,0,1,0,-2,0,0,-1,0,0,0,0,0,0,-0.554953,0,0,-0.669624,0,0,0,1,1,1,0,0,0,0,1,1
0,-1,0,0,0,0,0,-0.164338,0,1,0,0,1,0,0,1,-0.525713,0,0,3,3,0,1,-1,0,0,0,0,0,0,0,0,0.91429,0,0,0,0,5,1,1,2.556143,0,-1,-0.570415,0,0,0,0,0,2,0,0,0,0,0,0,0,0,0,0,0,-1,0,-2,0,0,1,4,0,1,0,0,0,0,0,0,0,0,0,0,0,0,0,-1,0,1,0,-0.679877,0,0,-0.289729,0,0,0,0,1,0,0,0,-1,0,1,1
0,0,1,0,0,0,0,-0.482677,0,0,0,0,1,1,-1,1,-0.72093,2,1,1,0,0,0,0,0,1,0,3,0,0,0,0,0.66081,1,0,-2,0,2,1,0,1.480121,0,0,-0.312208,0,1,0,0,1,0,0,0,-1,0,0,1,1,0,1,0,0,0,0,1,1,0,0,0,0,0,4,0,0,1,0,0,0,0,1,0,0,0,0,0,1,0,0,-0.569155,1,0,-0.730835,0,0,0,1,1,-1,0,0,-2,1,1,1
0,0,0,1,-1,-1,0,0.578016,0,0,2,0,0,2,0,0,-0.72093,2,1,3,0,0,0,0,-1,0,0,0,0,0,0,0,0.89415,6,0,0,-2,0,0,0,2.057134,0,0,-0.706579,0,0,-1,0,0,0,0,-2,1,0,0,1,0,0,0,2,0,0,1,0,0,-1,0,2,0,0,0,0,0,-2,0,0,0,5,0,3,0,0,0,0,1,0,1,-0.628504,0,0,-0.890545,0,0,0,0,1,0,0,0,-1,0,1,1
0,0,0,0,0,0,0,-0.398597,0,0,0,0,0,0,0,1,-0.632812,0,1,0,0,0,-2,0,0,0,0,2,0,0,0,0,1.35152,1,0,0,0,1,1,0,1.546753,2,0,-0.67784,0,0,1,-1,1,0,0,0,-1,0,0,1,1,0,0,-1,0,0,0,0,1,0,1,0,0,1,0,2,0,0,0,0,0,0,0,0,0,0,0,-1,1,1,0,-0.543463,0,0,-0.820866,-1,0,0,0,1,0,0,0,0,8,1,1
0,0,0,0,0,0,0,-0.562014,0,0,0,0,0,0,0,0,-0.766739,0,1,0,0,1,-1,0,0,0,0,0,2,0,0,0,1.37143,12,0,0,1,0,0,0,0.931093,1,0,-0.746684,0,0,0,0,-1,0,0,0,-2,0,0,0,-3,0,0,2,0,-2,2,3,1,0,0,0,0,0,0,-1,1,0,0,0,-1,0,0,0,0,0,0,3,0,-1,0,-0.691196,0,0,-0.755102,4,0,0,-1,0,0,-1,4,0,0,1,1
0,-1,1,0,0,0,0,-0.147623,0,0,0,1,0,0,0,0,-0.812878,0,1,0,0,0,0,0,0,0,0,2,2,0,-1,-1,1.37143,5,0,0,0,0,0,0,1.551691,1,0,-0.75,1,0,0,0,0,0,0,0,0,-3,0,0,-2,0,3,-2,0,0,0,1,1,0,0,3,0,0,-3,0,0,1,0,0,0,2,2,0,0,1,0,0,0,0,0,-0.799804,0,0,-0.76123,0,0,0,1,-1,-1,0,0,1,0,1,1
1,1,0,0,1,0,0,-0.223064,0,0,-2,0,0,1,0,0,-0.521449,0,1,0,0,0,0,0,-1,0,0,0,0,0,0,0,0.78589,6,0,0,1,0,0,0,0.909711,0,-1,-0.786432,1,-2,0,0,0,0,0,0,0,0,0,1,0,0,0,0,-1,0,0,1,1,0,0,1,0,0,0,-1,0,0,0,0,0,0,0,0,0,0,0,0,1,3,-2,-0.63041,0,1,-0.456813,0,0,2,0,0,0,1,0,0,0,1,1
0,0,0,2,-2,0,0,-0.784066,0,0,0,0,-1,0,-1,0,-0.612903,0,0,2,0,0,0,0,0,2,0,0,0,0,-1,0,1.64075,6,0,0,0,0,-1,0,1.27217,1,0,-0.762995,0,0,2,0,0,3,0,1,0,0,0,0,0,1,-1,0,0,-1,0,-1,0,0,-1,0,0,0,0,0,0,1,-1,0,0,2,0,-1,0,0,0,1,0,0,1,-0.24342,0,0,-0.695159,0,0,0,0,1,0,0,0,0,-2,1,1
1,0,0,0,-1,0,0,-0.703097,0,0,1,0,0,-1,0,0,0.75402,0,0,0,-3,0,0,0,0,1,0,0,1,0,2,0,1.11462,3,0,0,2,0,3,0,0.473766,0,1,-0.668623,0,0,0,0,1,0,0,0,0,-1,0,0,0,1,0,1,0,0,0,-2,2,0,0,0,0,1,0,0,0,-1,1,0,0,0,0,0,0,-1,0,0,0,0,0,-0.524786,0,0,-0.723298,0,0,0,0,0,0,1,0,-1,0,1,1
0,0,0,0,-1,0,0,-0.898795,-1,0,0,0,0,0,0,0,-0.71499,0,0,1,0,0,0,0,0,1,0,0,0,3,0,0,1.14836,6,0,0,-2,1,0,0,0.423563,1,1,-0.674877,0,0,0,1,0,0,0,0,0,-2,0,0,0,1,-2,2,0,1,0,0,2,1,0,4,0,2,0,0,0,3,1,0,0,1,0,0,1,0,0,1,0,-2,0,-0.387235,0,0,-0.395473,0,0,-1,0,0,-1,-1,0,0,2,1,1
0,0,0,-2,0,0,0,-0.52931,0,0,0,0,0,-1,0,0,-0.677572,0,0,0,2,0,0,0,0,0,0,0,0,-1,1,0,1.10311,8,0,-1,0,0,1,0,2.396969,2,0,-0.68927,2,0,0,0,0,-1,1,0,0,-2,1,1,0,0,-1,0,0,0,0,1,0,1,4,0,0,0,3,0,0,0,-2,-1,0,0,0,0,0,0,1,1,0,0,-1,-0.586207,0,0,-0.773585,0,0,0,0,0,0,0,0,0,-3,1,1
0,-1,1,0,0,-1,0,-0.72215,0,1,0,0,0,0,0,-2,-0.70627,0,0,0,2,0,0,0,0,0,0,2,-2,0,4,0,0.82876,6,0,0,0,0,0,0,1.583428,2,0,-0.687559,0,0,0,2,0,0,1,0,0,0,0,0,0,1,0,0,0,0,0,1,1,1,0,-1,0,-1,1,0,2,2,0,0,-3,0,0,0,0,0,0,1,0,0,1,-0.579902,0,0,-0.712346,0,0,0,0,0,0,-2,6,0,0,1,1
0,0,0,0,0,0,0,-0.63665,0,0,0,0,0,0,0,1,-0.54837,0,0,0,0,0,0,0,0,0,0,0,0,0,0,-1,1.12142,11,0,0,0,0,0,0,0.348339,2,0,-0.637322,0,0,0,0,-1,0,0,0,0,-1,1,1,0,0,2,-1,0,0,-7,1,0,0,0,0,0,3,1,0,0,0,0,0,0,0,1,0,0,0,1,0,0,3,0,-0.343731,0,0,-0.609798,-4,0,0,-2,0,-1,0,1,-3,0,1,1
0,0,-1,0,0,2,1,-0.837838,0,1,-1,0,-1,0,0,4,-0.715031,0,0,0,2,0,0,-1,0,0,0,0,-4,0,0,-5,1.44017,2,0,0,0,0,0,0,0.68,-1,-1,-0.619531,0,0,1,0,0,0,0,0,-1,-3,0,0,2,0,0,0,0,0,-1,0,0,0,-3,0,-1,0,0,0,2,-5,1,0,0,1,0,-1,0,2,0,0,0,0,0,-0.478261,0,1,-0.606227,0,0,0,0,0,-1,-2,1,-1,-2,0,1
0,0,0,0,1,0,0,-0.837838,0,0,0,0,0,1,0,0,-0.809851,0,0,-3,0,0,0,0,0,0,1,0,1,0,0,0,1.75648,5,0,0,0,0,1,0,0.679082,0,0,-0.632025,0,0,0,1,0,1,0,0,1,0,-3,4,0,0,-1,-4,0,0,0,0,0,-1,0,-2,0,0,0,0,3,3,-1,0,1,0,-1,0,0,0,0,0,0,1,0,-0.551854,0,0,-0.626829,0,-1,0,1,-3,0,0,1,1,0,0,1
0,0,1,0,0,0,0,-0.837838,0,-1,-2,0,0,2,0,0,-0.697624,0,0,0,0,0,0,0,0,0,1,0,0,0,0,0,0.72825,0,0,0,0,0,0,0,2.074587,0,0,-0.690219,0,1,2,0,0,0,0,0,0,0,0,0,0,-1,0,0,0,0,-1,0,0,-1,1,0,-1,-1,0,0,0,0,0,0,0,1,0,-1,0,0,0,2,0,0,0,-0.916805,0,0,-0.648563,0,0,0,0,0,0,0,0,0,0,0,1
0,0,0,-1,0,0,0,-0.637417,0,0,-1,0,0,0,0,1,-0.776942,0,0,0,0,0,0,0,0,1,0,0,0,0,0,0,1.11429,9,1,0,0,0,1,0,1.10256,0,0,-0.786916,0,0,0,0,0,-2,0,0,0,0,0,1,0,1,0,0,0,0,0,0,3,-1,0,0,0,0,0,0,0,0,0,0,0,1,0,0,0,0,0,0,0,1,0,-0.745515,0,0,-0.799234,0,0,0,0,0,1,0,0,0,0,1,1
0,-1,0,0,0,0,3,-0.769508,0,0,0,0,0,0,0,0,-0.711795,0,1,0,-1,0,0,0,0,1,0,0,2,0,0,0,1.5343,1,0,2,1,1,1,3,0.735441,0,0,-0.782825,0,0,0,0,0,1,0,0,0,0,4,2,0,1,0,0,-2,0,1,0,2,0,0,0,0,0,0,0,0,0,-1,0,0,1,0,-1,0,-1,1,1,1,0,0,-0.737896,0,0,-0.751223,0,0,4,0,0,0,0,-2,0,-4,1,1
0,0,2,-1,1,0,0,-0.778686,0,0,0,0,0,0,2,0,-0.631418,0,0,0,0,0,1,0,0,1,0,0,-1,2,-1,0,1.34872,0,0,0,1,0,1,0,0.893096,0,0,-0.453299,0,0,0,0,0,0,0,0,0,2,4,0,0,0,0,0,0,0,0,0,0,0,0,0,0,0,0,2,0,0,0,0,0,1,0,0,0,0,0,1,0,-1,0,-0.759958,0,0,-0.826087,0,0,0,3,1,2,0,0,0,0,1,1
0,0,0,0,0,0,0,-0.755322,0,1,0,0,0,1,-1,0,-0.42745,1,0,0,1,0,-1,1,0,-1,-1,0,0,-1,-3,0,2.19436,1,0,0,0,0,0,0,0.972503,0,1,-0.755102,3,-1,0,0,0,-5,0,1,-1,0,1,0,0,1,-1,0,1,0,1,2,0,0,0,1,0,0,0,0,0,0,0,0,0,1,0,0,0,0,0,0,0,0,0,-0.798707,0,0,-0.389111,0,0,0,-1,0,0,2,0,0,3,1,1
0,-1,1,-1,0,1,0,-0.764706,0,1,1,0,0,0,-1,0,-0.670043,1,0,1,1,0,0,0,2,0,0,0,-1,0,1,0,1.22598,6,0,0,0,0,-1,0,0.388477,0,0,-0.777663,0,0,0,-1,2,0,0,0,0,-2,1,0,-1,1,0,0,0,0,0,0,0,0,5,0,0,0,0,0,0,-1,0,0,-1,0,0,0,0,0,0,1,0,0,0,-0.641115,0,0,-0.647183,2,0,6,0,1,0,0,0,0,1,1,1
0,0,0,0,-1,-3,0,-0.695986,0,1,0,0,0,0,0,0,-0.534752,1,0,0,1,1,-1,1,0,1,0,0,0,0,-1,0,3.29857,11,0,0,0,2,-2,0,1.052654,3,1,-0.824048,0,0,0,0,0,0,0,0,0,0,1,1,0,1,0,0,0,-1,1,0,-4,2,-1,0,-1,0,0,-1,0,4,0,0,0,1,0,0,0,0,0,4,0,0,0,-0.789474,0,0,-0.299709,0,0,-3,0,0,0,0,0,0,2,1,1
1,0,0,-1,0,0,0,-0.573563,0,0,0,0,0,2,0,0,-0.571414,1,0,-1,0,1,0,0,-1,0,0,2,0,0,0,0,1.06892,1,0,-1,2,3,-2,1,1.673879,0,1,-0.781332,0,0,0,0,0,0,0,0,0,3,0,0,0,0,0,0,0,0,0,0,0,0,1,0,0,0,-1,0,0,0,0,0,0,0,0,0,0,1,0,1,0,-1,0,-0.72052,0,0,-0.785714,0,0,-2,0,0,0,0,0,0,0,1,1
1,0,0,0,-1,0,0,-0.674988,0,0,1,0,2,0,0,1,-0.555556,-1,0,-1,1,0,0,0,0,-1,-1,0,0,4,0,0,0.78729,5,0,0,1,0,0,1,3.164052,0,0,-0.830068,0,0,0,0,1,0,0,1,0,0,1,0,0,0,2,0,0,2,1,-4,1,1,0,0,0,0,0,0,0,0,-3,0,0,-1,0,-1,1,-1,0,1,0,0,1,-0.818634,-1,0,-0.494279,0,0,0,0,0,0,-1,2,0,0,1,1
1,0,0,0,0,0,0,-0.684211,0,0,0,0,0,0,0,0,-0.530293,0,0,-1,0,-2,0,0,0,0,0,0,0,0,1,0,1.37715,9,0,0,0,0,0,1,0.81202,0,1,-0.455033,1,0,2,0,1,-1,0,0,-2,0,1,0,0,0,3,0,0,0,1,0,0,0,1,2,0,0,1,0,1,2,0,0,0,0,0,0,0,0,0,0,0,0,0,-0.733495,0,0,-0.36176,3,0,0,0,0,0,0,1,0,0,1,1
0,0,1,1,0,0,0,-0.338795,0,0,0,0,0,0,0,0,-0.702178,0,0,2,0,0,0,0,0,0,0,0,0,0,1,0,0.90159,4,0,0,0,1,-1,0,0.616774,1,0,-0.71881,0,0,0,0,-1,0,0,0,0,0,0,0,-1,0,0,1,1,0,2,0,0,0,0,0,-1,0,1,1,1,0,0,0,0,0,0,0,0,0,0,2,1,1,-1,-0.810711,0,0,-0.457816,0,0,2,0,0,0,0,0,-1,0,1,1
-1,3,0,0,0,0,0,-0.478261,0,1,-9,0,0,-1,0,0,-0.846049,1,0,1,0,0,1,0,0,0,-2,0,-1,0,1,0,2.37823,0,0,0,0,0,0,0,1.309835,0,0,-0.779419,0,-1,0,0,0,0,0,0,-2,-1,-2,-1,0,0,0,-5,0,-1,0,1,0,0,2,0,3,0,0,0,0,0,0,0,-3,0,0,0,0,2,0,0,0,2,0,-0.406403,0,0,-0.346688,0,0,0,0,0,0,0,-2,-1,0,1,1
0,0,0,1,0,0,0,-0.39664,0,0,0,0,0,0,0,0,-0.7,-1,0,1,0,0,0,1,0,0,0,0,-1,2,0,0,1.39385,8,0,0,0,0,0,0,0.31574,0,0,-0.786993,0,0,0,0,-1,1,0,0,0,0,0,1,0,2,-1,0,0,0,2,0,0,0,0,1,-1,1,-3,0,0,0,0,0,0,0,0,0,0,0,0,1,1,-1,0,-0.402839,0,0,-0.387036,0,0,0,1,-1,0,0,0,0,0,1,1
0,0,0,0,0,0,0,-0.321333,-1,-1,0,0,0,0,0,0,-0.540471,0,1,0,-1,1,0,0,0,1,0,0,0,0,0,0,1.02129,1,0,0,0,0,0,-1,2.458061,0,0,-0.46768,-1,0,0,0,0,0,0,0,2,0,1,0,-1,0,-1,0,0,0,0,1,2,0,0,0,0,1,0,0,1,0,0,0,0,0,-2,0,0,0,0,1,0,-2,0,-0.750727,0,2,-0.318753,0,0,0,0,0,1,0,-1,0,0,0,1
0,1,-1,-2,0,0,0,-0.72156,0,0,0,0,0,0,0,0,-0.414974,0,0,1,0,1,0,4,0,-1,-1,0,0,2,1,1,0.62857,2,-1,-1,0,0,0,0,2.199548,0,0,-0.084496,0,0,0,0,0,0,-1,0,-3,0,0,1,-1,0,0,0,0,-1,0,0,0,0,0,-1,0,1,1,0,5,0,-1,0,1,0,0,0,0,0,0,2,1,-1,0,-0.625,0,0,-0.831603,0,0,3,1,0,0,0,0,0,0,0,1
0,0,-2,0,0,-1,0,-0.746511,-2,0,0,1,0,0,3,0,-0.633428,2,0,0,0,1,0,-1,0,0,0,0,0,2,1,0,0.73217,4,0,0,-1,0,-2,0,1.930921,0,0,0.55213,0,0,0,0,0,1,0,0,0,0,0,3,-1,-1,0,0,0,0,0,1,0,1,0,0,0,1,1,0,1,3,0,0,0,0,0,0,0,1,0,1,0,0,0,-0.605857,0,0,-0.58268,0,0,2,0,0,0,1,0,-2,1,0,1
0,0,0,0,0,0,0,-0.736305,0,0,0,0,0,0,0,0,-0.555667,1,0,2,1,-1,0,-1,1,0,0,1,0,0,1,0,1.41549,1,0,0,0,0,0,0,0.264437,0,1,-0.582603,0,0,0,0,0,0,0,-1,0,0,2,0,-2,0,0,1,0,0,-1,0,-1,-2,0,0,0,0,0,0,2,0,0,0,0,0,-1,0,0,0,0,0,0,0,-2,-0.807986,0,0,-0.915925,0,0,1,-1,0,0,1,0,1,-2,0,1
0,0,0,0,0,1,0,-0.676847,0,0,1,0,0,-1,0,1,-0.731537,0,0,1,0,0,0,0,0,0,0,1,-1,1,0,1,1.18618,8,0,0,0,0,0,0,0.26087,0,0,0.717688,-1,0,-1,0,0,0,0,0,0,0,0,0,0,0,1,0,0,1,-1,0,0,0,0,0,0,1,0,0,-1,0,0,0,0,1,1,0,0,-1,0,0,0,0,0,-0.666667,0,0,-0.844156,1,-1,0,0,0,-2,-1,0,0,-1,0,1
0,0,0,0,0,0,0,-0.673138,0,0,0,0,0,0,0,0,-0.618941,0,0,1,0,0,0,-1,1,0,0,0,-1,0,0,0,1.12976,15,0,0,0,0,2,0,0.26087,1,0,-0.478261,0,0,0,-2,0,0,0,1,-1,1,0,0,0,-1,0,0,0,-1,-1,0,0,0,0,-1,-1,0,0,0,0,0,0,0,0,-1,0,0,0,1,0,1,0,0,0,-0.673353,0,0,-0.844156,-1,0,0,0,0,0,0,0,1,1,0,1
0,0,1,0,0,-1,0,-0.739114,0,0,1,0,0,0,0,0,-0.545326,0,1,1,1,-1,0,1,0,0,2,2,0,3,0,3,2.34726,5,1,0,0,0,0,0,1.197346,0,0,-0.624248,0,1,1,0,0,1,0,0,0,-1,-1,1,0,0,0,0,0,0,0,0,0,0,0,0,0,0,3,1,0,0,0,0,0,-2,0,0,0,0,0,0,0,4,0,-0.122652,0,0,-0.612538,0,0,3,0,0,1,0,2,1,0,1,1
0,3,2,-2,1,0,0,-0.701192,1,0,2,0,1,0,1,2,-0.578527,1,1,2,1,0,0,0,0,0,1,0,0,1,0,0,1.08571,2,0,0,0,0,0,0,1.924358,1,0,-0.684211,1,1,0,0,0,0,0,0,1,0,0,0,0,0,0,0,0,0,-1,0,-1,1,0,1,-1,0,1,0,0,0,3,0,1,0,0,0,0,0,0,0,0,0,0,-0.428648,0,0,-0.721306,2,0,0,-1,-1,0,1,1,1,0,1,1
-1,1,-2,0,0,0,0,-0.11758,0,0,-2,0,-1,0,2,1,-0.500432,0,0,-1,1,0,0,-1,1,0,0,0,0,-1,3,0,1.08571,2,0,0,0,1,0,0,2.373974,1,0,0.066586,0,1,0,0,0,-1,2,1,0,0,0,1,0,0,0,0,0,0,0,0,0,0,0,0,1,0,0,0,1,0,0,0,1,0,0,0,1,-1,0,0,0,1,0,-0.658089,0,0,-0.681469,0,1,0,0,0,0,1,0,0,0,1,1
0,0,0,0,0,0,-1,-0.706527,0,0,0,0,7,0,0,0,-0.524226,0,0,0,0,0,-1,-1,0,0,0,2,0,0,0,0,1.15366,1,0,1,1,0,0,0,0.923077,-3,0,-0.686008,-1,0,1,0,0,0,0,0,0,0,1,0,0,0,2,-1,0,1,0,1,0,0,0,0,0,-1,0,0,-1,0,1,0,0,-1,0,1,0,0,-1,4,0,0,0,-0.570397,0,0,-0.53097,1,0,0,0,0,0,-1,0,0,0,0,1
0,7,0,0,0,0,0,-0.79661,0,0,0,-1,0,0,-1,0,-0.634008,0,-1,0,0,0,0,-3,0,0,0,0,0,0,1,0,0.94647,1,0,-1,1,0,1,0,0.876351,0,1,-0.739423,1,0,0,0,0,0,0,-2,0,0,0,0,-1,0,2,0,0,2,0,-1,0,0,-2,0,3,0,2,1,0,2,0,0,0,0,0,0,0,0,0,0,0,0,0,-0.884703,0,0,-0.704134,1,-1,0,0,0,1,0,1,0,0,0,1
0,0,1,0,0,0,0,-0.781133,0,0,1,0,0,-1,0,0,0.312353,0,0,0,0,0,0,0,1,0,0,1,0,0,0,-1,1.11429,5,0,-1,0,0,0,0,0.923077,1,0,-0.36585,0,0,1,0,0,0,0,0,0,0,1,0,0,0,1,0,0,1,0,0,0,1,0,0,0,0,0,0,0,0,0,0,0,0,0,0,-1,0,0,0,0,0,0,-0.718889,0,0,-0.737825,0,0,0,0,0,0,0,1,0,0,0,1
0,0,0,0,0,1,0,7.317053,0,0,-3,0,1,0,0,0,0.147086,0,0,2,0,0,0,0,0,1,0,1,0,2,1,0,1.6635,3,-1,0,0,1,1,0,0.814323,0,0,-0.672627,2,0,0,0,-1,0,0,0,0,0,0,0,0,1,0,-1,0,0,2,1,1,0,0,0,0,0,0,-1,0,0,0,0,0,0,0,0,0,1,0,0,0,0,0,0.544342,0,0,-0.780877,2,0,0,1,0,0,2,0,0,0,0,1
0,0,0,1,0,0,0,4.294809,1,0,1,-1,0,0,0,0,-0.580136,-1,0,0,-2,-1,-1,0,0,1,-1,1,0,-1,1,0,1.10749,2,1,0,1,0,0,0,1.214621,0,0,-0.749775,0,0,0,0,0,0,0,0,0,0,0,2,1,0,0,0,0,0,0,0,3,1,0,3,2,1,0,-2,0,0,0,0,0,0,0,0,0,0,0,-2,0,1,0,-0.588744,0,0,-0.355333,2,-1,0,0,0,0,0,0,0,0,0,1
1,-1,1,1,0,3,0,2.16981,0,1,-1,0,0,0,0,0,-0.625,0,0,2,0,0,0,-1,0,0,-1,0,0,0,1,0,1.74666,2,0,0,0,1,0,0,1.150236,0,0,0.197302,0,0,0,0,-1,-1,0,0,0,0,1,3,0,0,0,0,0,0,0,0,1,3,0,1,4,0,0,0,0,0,0,0,0,-3,0,0,2,0,0,0,-1,1,-2,-0.643671,0,-1,0.093887,0,0,-1,0,0,0,1,-1,0,0,0,1
0,-1,0,1,0,0,0,-0.640786,-1,0,0,0,0,3,0,1,-0.609074,0,0,0,0,1,1,0,0,1,0,0,0,0,0,0,1.41084,4,-1,0,1,1,0,0,0.872577,0,-2,-0.842232,0,0,1,-2,0,0,0,0,0,0,0,0,0,1,0,0,0,-1,-2,0,0,0,0,0,0,0,-4,0,0,0,0,0,0,-2,0,0,0,1,0,2,0,0,0,-0.486543,0,0,-0.461468,2,0,0,1,0,0,0,0,1,2,1,1
0,1,-1,1,0,-1,1,-0.681143,0,0,0,0,0,0,-1,0,-0.493394,0,0,0,1,1,0,-2,0,-2,0,0,1,0,0,1,1.42137,3,0,0,0,0,0,0,0.354286,0,1,-0.214067,0,0,0,-1,2,0,0,1,0,0,0,1,-2,0,0,1,0,-1,0,-1,0,2,0,0,0,-1,2,-1,0,-2,0,1,0,0,0,0,-1,0,0,0,0,0,0,-0.476867,0,0,-0.677845,0,0,0,1,0,0,0,0,0,0,1,1
0,-1,0,2,0,0,0,-0.558602,0,0,0,0,0,0,0,0,-0.73151,0,0,0,1,1,-1,0,0,0,0,0,1,0,-2,0,1.31213,1,-1,-1,1,0,0,1,1.095563,2,0,-0.82915,0,0,0,0,0,0,0,0,0,1,0,0,0,1,2,1,0,-1,0,1,0,1,-1,0,0,0,0,0,0,1,0,0,0,0,0,1,0,-1,1,0,0,3,0,-0.503869,-1,-1,-0.766739,0,-1,1,1,0,0,0,0,1,0,1,1
0,0,-2,-1,0,-1,0,-0.267499,0,0,0,0,0,0,0,2,-0.534401,0,0,0,1,-2,0,0,0,-1,0,0,-4,2,0,0,0.5837,2,0,0,-3,0,0,0,0.619332,1,0,-0.327476,0,0,0,0,0,0,0,0,0,1,0,0,0,0,0,0,-1,0,0,-1,0,0,0,0,0,0,3,0,0,0,0,0,0,-3,0,0,0,0,0,2,0,1,0,-0.835377,0,0,-0.29853,0,0,0,0,0,0,0,1,0,0,0,1
0,-3,0,0,0,0,0,-0.511918,0,0,-2,0,0,0,1,0,1.602569,0,0,-3,0,1,0,0,0,0,0,3,0,-3,0,0,0.6,4,0,0,0,2,0,0,0.771039,0,0,0.547194,0,0,0,0,0,1,0,0,0,1,0,1,0,0,0,0,0,0,0,0,0,1,0,1,0,0,0,0,0,0,0,-1,0,0,0,0,-1,0,0,2,0,0,0,-0.73913,0,0,0.175216,1,1,-1,0,-1,0,-1,0,-1,-1,0,1
0,0,1,0,0,1,0,-0.446147,1,1,0,0,1,-2,0,0,-0.165775,0,1,-2,3,-1,0,0,0,-1,0,0,0,-3,0,1,3.31193,3,0,-3,0,0,0,0,0.779733,1,0,-0.489711,0,0,0,0,0,0,0,0,0,0,0,0,1,0,1,-3,0,0,0,-1,-1,1,0,0,-2,0,0,2,0,0,0,0,0,-2,0,0,0,0,0,0,0,0,1,-0.73913,0,0,-0.253343,0,1,0,0,0,0,1,0,0,-1,0,1
0,0,0,0,0,1,0,-0.590895,0,0,1,0,1,0,-1,0,-0.56003,0,1,1,1,0,2,1,0,0,0,0,0,0,1,0,1.2674,0,0,0,0,0,0,0,1.77426,0,-1,-0.444471,0,0,1,0,0,0,-1,0,0,0,0,0,0,0,2,-1,0,1,0,0,1,0,0,3,0,1,0,-2,0,3,0,0,0,-1,1,0,0,0,1,0,0,-1,0,-0.844406,0,-3,-0.610536,0,1,0,-1,0,0,0,0,1,0,0,1
0,0,0,0,0,0,0,-0.57258,0,0,0,0,0,-1,0,1,-0.430916,0,0,0,0,1,0,0,0,0,1,0,0,1,2,-2,1.19461,2,0,0,0,0,0,0,1.125938,0,-2,-0.232777,0,1,0,0,0,0,-1,0,0,0,0,0,0,0,0,0,0,1,0,0,1,0,0,3,1,0,0,0,0,0,1,0,0,-1,0,0,0,0,1,0,0,-1,1,-0.346035,0,0,-0.228052,-2,0,0,0,1,0,0,0,1,0,0,1
0,0,0,-1,0,2,0,-0.590548,0,0,0,0,-2,0,0,1,-0.519662,0,0,4,0,0,0,1,1,1,0,0,-4,0,-2,0,1.69151,0,-1,0,-2,0,0,0,2.136441,0,0,-0.679709,0,1,0,0,0,1,2,0,0,0,-1,0,0,0,0,0,0,1,-1,0,1,0,0,2,-2,0,0,0,0,0,0,0,0,0,0,0,1,3,1,0,-1,0,0,-0.24762,0,0,-0.903163,0,0,0,0,0,2,0,0,1,0,0,1
0,0,0,0,0,1,0,-0.303735,0,0,0,0,0,0,1,0,-0.890347,0,0,3,-1,0,-1,0,0,0,1,0,0,0,0,0,0.77143,6,0,0,0,0,1,0,0.259259,0,1,-0.629559,0,0,0,0,-1,0,0,0,0,0,0,0,0,0,0,0,0,0,0,0,-2,0,1,-1,1,0,1,0,3,0,0,2,0,-1,0,0,0,0,0,0,0,-1,0,0.12379,0,0,-0.793728,0,0,0,1,1,0,0,1,0,0,0,1
0,0,1,2,0,-1,0,-0.524569,0,0,0,0,0,0,0,1,-0.616184,0,0,0,-2,-1,0,0,1,1,0,0,4,0,1,0,0.79054,0,0,0,0,0,1,0,1.955182,0,0,-0.170366,-2,0,0,0,0,0,0,0,0,0,1,2,0,0,0,0,0,0,-1,0,1,1,0,0,-1,1,0,0,0,0,1,0,0,0,0,0,0,-1,0,0,0,2,2,-0.731572,0,0,-0.80735,0,0,1,-1,0,0,1,0,0,0,0,1
-1,4,0,0,0,0,0,-0.635912,0,0,0,-1,0,0,0,0,-0.522244,0,1,-2,0,0,2,1,0,1,0,-1,0,0,0,0,0.4718,7,-1,-1,2,0,1,0,0.259259,1,0,-0.698903,0,-1,-1,0,0,0,1,0,-1,0,0,1,0,0,0,-1,0,0,0,0,1,1,0,0,0,0,2,0,-6,2,0,0,0,0,0,0,1,0,0,0,0,-1,0,-0.788679,0,0,-0.826087,1,0,0,0,0,0,0,0,0,0,0,1
0,0,0,1,0,-1,0,-0.693857,0,0,1,0,0,0,2,0,0.600313,1,0,0,3,1,0,0,0,0,0,0,0,0,0,0,0.8668,4,0,0,0,0,0,0,0.89263,2,0,-0.660886,0,0,0,0,0,0,0,0,0,0,0,0,1,0,0,0,0,0,0,0,0,0,0,0,2,0,0,0,0,1,0,0,0,0,0,0,0,1,0,-2,0,-1,0,-0.869274,0,0,-0.899603,0,0,1,0,0,0,0,0,1,2,1,1
0,-1,0,0,0,0,0,-0.721663,0,0,0,0,-1,0,0,0,0.034158,0,0,0,0,1,0,0,0,-1,1,0,0,-1,0,0,1.08571,13,1,3,0,2,0,0,0.868421,1,0,-0.678865,0,0,0,0,0,1,0,0,0,1,0,1,0,0,1,0,0,0,0,0,0,0,0,0,0,0,1,0,1,0,-1,0,0,-2,-1,0,1,0,0,0,0,-1,0,-0.42452,0,0,-0.659416,0,0,0,0,0,1,0,1,0,0,1,1
0,0,0,1,0,0,2,-0.674464,0,0,0,1,0,0,0,0,0.280582,0,0,0,0,1,0,0,1,0,1,0,-2,0,0,0,1.03503,1,0,0,0,0,0,0,1.126366,0,0,-0.87708,0,0,0,0,0,1,0,0,0,0,-1,1,-2,0,0,0,0,0,0,0,0,0,2,0,0,0,1,0,1,2,0,0,0,0,0,1,0,0,0,0,0,0,-1,0.782734,0,0,-0.846242,0,0,0,0,0,1,-1,1,2,1,1,1
0,0,0,1,0,0,0,-0.809524,0,0,-1,0,0,-1,0,0,-0.563284,0,0,0,-2,0,0,2,0,0,0,0,0,0,1,0,1.36739,5,0,0,0,-1,0,-1,1.267295,0,0,-0.707251,1,0,0,0,-1,0,1,0,0,-5,0,0,2,-1,0,-2,0,0,0,-1,0,0,1,0,0,0,0,1,1,0,0,0,0,1,0,0,0,-2,0,0,0,0,0,-0.540492,0,-1,-0.67052,-1,0,0,0,0,4,0,0,1,0,1,1
0,0,0,0,0,0,0,-0.716221,0,0,0,0,0,1,0,0,-0.361128,0,0,0,0,0,0,0,0,0,-2,0,0,4,0,0,1.00681,5,0,0,1,0,0,0,1.611357,0,0,-0.709355,0,0,0,1,0,0,0,0,0,0,0,0,0,0,0,0,0,0,0,0,1,0,0,-3,0,0,0,0,0,0,0,0,0,0,0,0,0,0,0,1,0,0,0,-0.648618,0,0,0.540389,0,-1,0,0,-2,0,1,1,0,-1,1,1
0,-1,0,2,0,0,2,5.545093,0,1,0,0,-4,-1,0,-2,-0.389871,-1,0,0,0,1,0,0,0,1,0,0,0,0,0,0,1.21459,9,0,0,0,-1,-1,1,0.596914,3,0,-0.665077,1,0,0,0,1,-1,2,0,0,-5,0,3,0,0,-1,0,0,1,0,0,1,0,0,1,-1,0,0,0,1,0,0,0,3,1,0,1,0,0,0,1,0,1,0,-0.692308,0,0,-0.785479,0,0,0,-1,0,0,0,0,0,0,1,1
0,3,2,0,0,0,0,-0.823702,1,0,0,0,0,1,0,0,-0.901463,0,0,0,0,-1,-1,0,0,0,0,2,1,1,0,0,0.58183,1,0,0,1,0,-3,0,1.290263,-1,0,-0.545376,0,0,0,0,0,0,0,0,0,0,0,0,0,0,0,-1,1,0,0,0,1,-1,1,0,0,0,1,-1,0,0,0,0,0,0,0,0,0,0,0,-1,0,0,0,0.188017,0,0,-0.8,0,0,3,0,0,-2,0,1,0,0,0,1
0,2,0,0,0,1,0,-0.774175,0,0,1,0,1,0,-3,-1,-0.840847,0,0,0,1,0,0,-1,0,0,0,0,-1,3,0,0,0.46849,1,0,0,1,0,0,0,1.08,0,0,-0.52,0,0,0,0,0,0,0,0,-1,0,-1,0,1,0,0,1,0,0,0,0,0,0,1,2,0,0,1,0,-1,0,1,0,0,0,0,0,0,2,0,0,0,0,2,-0.167588,0,-1,-0.887368,-3,-1,0,1,2,1,0,0,-1,0,0,1
0,-2,0,-2,0,0,0,-0.834538,0,0,0,0,0,0,-4,0,-0.597306,0,0,0,0,0,0,0,0,0,0,2,0,0,0,0,0.59122,4,0,0,0,0,0,-1,1.08,0,0,-0.602078,0,-3,0,0,-2,0,0,0,0,3,0,0,0,0,0,0,0,0,0,0,0,1,1,0,0,0,1,2,0,-1,0,0,-1,0,0,0,0,1,0,0,0,0,1,1.856271,0,0,-0.8,1,0,-1,-1,2,0,1,1,0,0,0,1
0,0,-2,1,0,0,-2,-0.200264,0,0,0,0,0,0,0,0,-0.840536,0,0,3,-1,1,-2,0,0,0,2,2,3,0,0,0,1.23317,9,0,0,0,1,0,-1,2.147849,0,0,-0.673838,-1,0,0,0,1,0,0,0,0,3,0,0,0,1,-1,0,0,0,0,0,0,1,1,0,-1,-1,0,0,0,0,2,1,1,0,0,0,0,1,0,2,-1,1,0,-0.434199,0,0,-0.382758,2,0,-1,0,0,0,0,0,0,0,1,1
0,0,1,1,0,0,0,-0.179903,0,0,1,0,0,0,0,-2,-0.596549,-1,0,0,0,0,0,0,0,0,0,3,0,0,0,0,0.99877,11,0,0,0,1,0,0,3.190085,0,0,-0.814222,0,0,0,-1,0,1,0,0,0,0,0,0,0,0,0,0,0,0,-1,0,3,0,1,0,0,0,0,0,0,0,0,0,0,0,1,0,0,0,0,-2,0,0,1,-0.222859,0,0,-0.826367,0,0,3,0,0,0,0,0,0,0,1,1
0,0,-1,1,0,0,0,-0.706603,0,0,1,0,0,0,0,0,-0.669939,0,-1,-3,1,-1,0,-1,0,0,1,0,0,0,0,0,1.5717,4,0,-1,-1,0,0,0,1.373979,-1,0,-0.588694,0,0,0,0,-1,0,0,0,0,0,0,0,0,0,0,0,0,-1,0,0,0,0,1,0,0,0,0,0,-3,0,0,0,0,0,0,0,0,1,0,0,0,1,2,0.100976,0,0,-0.79591,0,0,0,0,0,0,0,0,0,0,1,1
0,0,-1,0,1,0,0,-0.684211,0,-1,0,0,0,0,-1,1,-0.647538,0,0,0,-2,0,0,1,0,1,0,0,0,-1,-5,1,1.04607,3,0,0,0,2,0,0,2.049136,0,0,-0.640117,0,1,0,0,0,-2,0,0,0,-2,0,0,0,0,0,0,0,0,1,0,-1,0,0,3,2,0,0,0,0,-1,3,0,0,0,0,0,2,0,1,0,0,-1,0,-0.72093,0,1,-0.861202,0,0,2,0,0,0,0,2,0,0,0,1
0,0,0,4,0,-1,0,-0.847496,0,1,1,0,0,0,0,0,-0.43642,0,0,-2,1,0,1,0,0,0,0,0,0,2,-1,1,1.02329,8,0,0,0,1,0,0,0.324324,0,0,-0.691286,1,0,0,0,0,0,0,0,0,-3,0,0,-3,0,2,0,0,0,0,1,-1,0,0,0,0,0,1,2,1,0,-1,0,0,0,0,0,0,0,1,0,1,0,0,-0.657107,0,0,-0.734482,0,0,1,0,0,0,0,0,0,0,0,1
0,0,0,0,0,0,0,-0.705858,0,0,-1,0,0,0,0,0,-0.631329,0,0,0,2,0,0,0,0,0,0,0,0,1,0,1,1.05714,5,0,0,0,0,0,0,0.371295,0,0,-0.583474,1,0,0,0,0,0,0,2,0,0,0,-2,0,1,0,0,0,-1,0,1,-1,0,0,0,0,0,0,-2,1,0,0,0,0,-1,0,-1,0,0,0,0,0,-1,0,-0.735721,1,0,-0.691465,0,0,0,0,0,1,0,0,0,0,0,1
0,0,2,0,0,-1,-1,-0.52,2,0,-1,0,-2,1,0,0,-0.612903,0,0,0,0,0,0,0,0,0,0,-1,0,0,2,0,0.86311,2,0,0,0,0,0,0,0.678052,0,0,-0.875512,0,0,0,0,2,-1,0,-1,0,1,0,0,2,1,-3,0,0,0,1,0,1,1,1,2,-1,0,1,0,1,-1,0,0,0,0,0,0,2,0,0,0,1,-1,0,1.523297,0,0,-0.654061,0,-1,0,0,0,1,0,1,5,0,0,1
0,0,-1,0,0,0,0,-0.669117,-1,0,0,0,0,0,0,-1,-0.612903,0,0,0,0,0,-1,0,0,0,0,1,0,0,0,0,1.91833,1,0,0,0,-3,0,-1,0.97913,0,0,-0.701941,0,0,0,0,0,0,0,0,0,0,2,-2,-1,0,2,0,0,0,1,0,0,1,1,0,1,0,1,0,0,-1,0,-1,0,0,0,0,-1,-1,0,0,0,2,0,4.895221,0,0,-0.663716,-1,0,0,-1,0,0,0,1,0,0,0,1
0,0,0,-1,0,0,0,-0.493421,0,0,0,0,0,0,0,-2,-0.190735,0,1,0,0,0,0,0,0,-2,0,0,0,-1,0,0,0.98517,5,0,1,0,0,1,0,0.659091,0,0,-0.820331,-1,0,0,0,0,0,0,0,0,0,1,1,2,-2,0,2,0,0,0,0,0,0,0,0,0,0,0,0,0,0,-1,0,0,0,1,0,0,0,0,0,0,1,2,2.42857,0,0,-0.742636,1,0,0,-1,0,0,0,1,-2,0,0,1
0,0,0,0,0,0,0,0.400973,0,0,0,0,0,0,0,0,-0.785349,0,0,0,0,0,0,2,0,-2,0,0,0,0,1,1,0.82857,13,0,0,0,0,0,0,3.949512,0,0,-0.350615,0,0,0,0,0,0,0,0,0,-2,0,0,0,1,0,-1,0,0,0,0,0,0,0,2,1,0,0,-1,0,0,0,0,0,0,0,0,0,0,0,0,0,7,0,-0.573198,0,0,-0.824169,-2,0,0,0,0,1,-1,0,1,0,0,1
0,0,3,1,0,4,0,-0.729259,0,0,0,0,0,-1,0,0,-0.63664,0,0,0,0,0,0,0,0,0,0,2,-1,0,0,0,1.35487,1,0,0,0,0,0,0,2.072218,5,0,-0.738455,2,-1,0,-1,0,0,0,0,0,0,0,0,0,0,0,0,0,0,0,0,0,1,0,0,0,0,0,0,1,0,-1,1,0,2,0,0,-1,1,0,0,-1,0,0,-0.660308,-1,0,-0.635089,-3,0,0,0,0,1,0,0,1,0,0,1
0,0,3,1,0,0,2,-0.40666,0,0,0,0,2,0,1,0,-0.876762,0,0,0,0,1,0,0,-1,0,0,2,4,0,1,0,0.90721,3,0,0,-1,0,0,0,3.101084,-1,0,-0.839289,0,0,0,0,-2,0,0,0,0,2,0,3,0,1,-2,1,0,0,1,0,0,-1,0,2,0,0,0,0,0,0,0,0,1,1,0,0,0,-1,0,0,0,1,0,-0.815037,0,1,-0.359026,0,0,1,0,0,0,0,0,2,0,0,1
0,0,1,0,0,0,0,-0.623563,-1,0,0,0,-1,0,0,1,-0.622333,0,-1,-2,0,0,-1,0,0,0,0,0,0,0,1,0,0.90423,3,0,0,0,0,0,0,0.303332,1,1,-0.719108,0,1,0,0,0,0,1,-1,0,-1,1,1,0,1,-1,1,0,-1,1,0,0,0,0,0,0,-1,1,0,0,0,-1,0,0,0,0,0,0,-1,0,-1,1,0,-1,-0.76,0,0,-0.061808,0,0,0,0,1,0,0,0,1,0,0,1
0,0,0,0,0,1,0,-0.697273,0,1,0,0,2,0,-2,0,-0.525918,0,0,0,0,0,0,0,0,0,0,-2,1,0,1,0,1.71576,0,-2,0,0,1,0,0,0.199691,0,0,-0.782506,0,0,0,1,0,0,0,0,0,0,0,1,0,1,0,-1,0,0,0,0,0,0,1,2,0,0,0,1,0,2,0,0,0,0,0,0,-1,0,0,0,0,-1,0,-0.620205,0,0,0.071556,0,0,0,1,1,0,1,0,0,0,0,1
0,0,0,-2,1,1,0,-0.518641,0,0,0,0,3,0,0,1,-0.6,0,0,0,0,0,0,0,0,0,-1,1,0,0,2,0,0.76921,0,1,0,0,1,-1,0,0.252472,2,-1,-0.319904,0,0,0,0,0,0,0,0,1,0,0,0,0,1,0,0,0,0,0,1,0,0,1,0,0,0,6,0,0,0,1,0,0,-2,0,0,0,0,0,0,0,-1,0,-0.779928,1,0,-0.612903,-1,0,0,2,0,0,0,0,1,0,0,1
0,2,0,0,0,0,0,-0.76,0,0,0,0,0,0,0,1,-0.481549,0,0,2,0,-1,0,0,0,0,0,0,0,2,5,0,0.79487,7,0,0,0,0,-3,0,0.699724,0,0,-0.252254,0,0,0,0,0,-1,0,0,0,1,0,0,0,0,0,2,0,0,0,0,3,1,0,-1,0,0,-1,0,1,0,0,0,2,0,0,0,0,0,0,1,0,0,0,-0.888343,0,0,-0.814,2,0,2,0,0,0,3,1,0,0,1,1
0,0,0,0,-1,1,0,-0.693483,0,0,-1,1,0,0,0,0,-0.295161,-1,-2,0,0,0,0,0,-1,1,0,1,2,1,0,0,1.20616,12,0,3,-3,0,0,0,0.451369,0,0,-0.876255,0,0,-1,0,0,0,0,0,0,1,-1,2,0,-3,-1,0,0,0,0,0,0,1,0,0,0,0,0,0,-1,0,0,0,1,2,0,0,0,0,0,-1,1,0,0,-0.571732,0,0,-0.560901,0,0,0,1,0,1,0,1,0,0,1,1
0,0,0,0,0,0,0,0.278253,0,1,1,-1,0,0,0,0,-0.478261,0,3,0,0,-1,1,0,1,0,0,2,0,0,1,-1,0.91964,5,0,0,0,0,0,0,1.048518,0,2,-0.430277,0,-1,0,0,0,0,-1,0,0,10,0,0,0,-1,1,0,-1,0,0,0,0,-2,0,-1,0,3,0,0,-1,0,0,0,0,0,-2,1,0,0,0,5,0,0,0,-0.243649,0,0,-0.782002,0,0,0,0,1,1,0,0,-1,1,1,1
0,0,0,0,0,2,-1,0.412291,0,0,2,0,0,1,1,2,-0.769728,0,0,0,0,0,0,0,0,1,0,0,-1,0,0,0,0.62857,0,0,0,0,0,0,0,0.73185,0,1,-0.454545,0,0,0,0,0,-2,0,0,1,-2,0,0,0,0,-1,0,0,1,1,0,1,0,0,0,2,0,0,0,0,0,2,0,1,0,0,0,0,0,0,0,0,0,3,0.706385,0,0,-0.733212,-4,0,0,0,0,0,1,1,1,0,0,1
0,0,0,1,0,0,0,-0.372097,1,0,1,0,2,0,0,1,-0.751555,0,0,1,-1,0,0,0,0,-2,0,0,0,0,0,0,0.62857,0,1,0,1,0,0,0,1.167611,0,0,3.31019,0,2,-1,0,0,1,0,-1,0,0,0,0,1,1,-1,0,0,1,2,0,1,0,1,1,0,0,-1,-1,-1,0,0,-1,1,0,0,0,0,0,0,0,0,0,0,-0.458307,0,1,-0.7167,0,0,0,-2,0,0,-2,0,-2,0,0,1
0,0,-2,1,0,1,0,-0.760419,0,0,1,0,0,0,0,1,-0.551541,0,0,1,0,0,0,0,1,1,0,2,2,0,0,0,1.45863,7,0,0,0,0,-1,0,1.307304,1,-1,0.45319,0,-1,1,0,1,-1,0,0,0,1,0,0,0,1,0,0,1,1,0,2,1,0,0,0,0,1,3,0,1,0,0,0,0,-1,0,0,0,0,0,0,0,2,0,-0.319689,0,0,-0.604693,0,0,0,0,0,0,0,0,0,0,0,1
0,0,0,0,0,0,0,4.620927,0,0,0,0,0,0,1,0,0.271309,0,0,1,-1,0,0,0,0,0,0,2,0,1,0,0,2.65066,5,0,0,0,0,0,0,2.192672,0,1,-0.400081,0,1,0,0,1,0,0,0,0,0,0,0,0,1,0,0,1,0,0,0,2,0,-2,0,-1,0,2,1,0,2,0,0,0,1,0,0,0,0,0,0,0,0,-1,-0.796418,0,0,-0.640346,-1,0,0,0,1,-1,0,1,1,0,0,1
0,0,1,0,-2,0,0,8.812079,0,0,1,0,1,0,4,2,-0.589945,0,0,0,-1,0,1,0,0,0,0,3,1,0,0,0,1.41357,7,0,2,0,0,-2,0,2.157823,1,1,-0.862797,1,1,0,1,0,0,0,0,0,1,0,2,-1,1,0,1,1,0,0,1,1,0,0,-4,0,-1,0,1,0,1,-2,0,0,1,0,0,-1,0,0,1,0,1,0,-0.755102,1,0,-0.668026,0,0,1,-1,0,0,1,1,0,0,0,1
0,0,0,0,0,1,-1,7.188389,1,0,0,0,0,0,1,0,-0.722208,0,0,0,0,0,0,0,0,0,0,1,0,1,-1,0,0.55028,7,0,-1,0,0,0,0,1.40351,0,0,-0.798768,1,1,0,1,0,0,-1,0,0,1,1,1,0,1,0,1,0,0,-2,-2,1,0,0,0,2,0,4,1,0,0,0,1,0,0,0,1,0,0,0,1,0,0,0,-0.755102,1,0,-0.727831,-1,0,0,-1,1,2,1,1,0,3,0,1
0,0,1,0,2,0,0,-0.793229,0,0,3,0,-1,-1,0,0,-0.662678,0,0,0,2,0,0,0,0,0,0,0,-1,0,0,0,0.52681,1,0,1,0,0,-2,0,3.758217,0,0,-0.663038,2,0,2,0,1,0,0,0,0,0,-1,0,-1,0,-2,0,0,0,0,0,0,0,-1,2,-1,0,1,-2,0,0,0,0,0,0,0,0,0,0,0,0,0,0,0,-0.873285,0,0,-0.7,0,0,0,0,0,-1,0,0,0,0,0,1
0,0,0,0,0,0,0,-0.365095,0,0,0,0,0,0,0,1,-0.716274,0,0,0,-1,0,0,0,0,0,0,0,-1,0,0,0,0.59612,5,0,0,0,-1,0,-1,0.379023,0,1,-0.610162,0,-2,1,0,0,-1,0,0,0,0,0,0,0,0,0,-2,0,0,0,0,0,0,0,2,0,0,-2,-1,0,0,0,0,-2,2,0,-1,0,3,0,0,0,0,0,-0.780231,0,0,-0.737905,-2,0,-1,0,0,0,1,-1,0,1,0,1
0,-1,2,-1,0,0,1,-0.657143,0,0,-1,0,0,0,0,0,-0.714286,0,0,0,0,0,0,0,0,0,0,0,0,0,0,-1,0.78915,2,0,0,0,0,0,0,0.580392,-1,0,-0.417576,3,0,0,0,-2,0,0,0,0,0,0,0,-2,1,-1,0,0,0,0,-1,0,0,0,3,0,1,1,-1,0,0,0,0,0,0,0,0,0,0,0,0,0,0,0,-0.73913,0,0,-0.730313,-2,0,0,-2,0,0,0,7,0,1,0,1
0,0,-2,0,0,1,1,-0.677209,-1,0,0,0,0,-1,0,0,-0.539786,0,0,1,0,0,0,0,0,0,1,2,0,0,0,0,1.28221,11,0,0,0,0,0,0,0.437001,1,0,-0.769231,0,0,0,0,0,1,0,0,0,-1,-1,0,0,0,0,0,0,1,0,0,0,0,-1,0,0,1,0,1,1,1,2,1,0,0,1,0,0,0,1,0,-1,0,0,-0.778858,0,0,-0.584586,0,0,0,0,-1,-1,0,0,-1,-1,1,1
0,0,0,0,0,0,0,-0.759945,0,0,0,0,0,0,3,0,-0.62334,0,0,1,0,0,0,0,0,0,0,6,0,0,-3,0,0.75654,7,1,-1,0,0,-1,0,0.929802,-2,0,-0.698164,0,1,0,0,2,0,0,0,0,-1,0,0,0,0,0,0,0,0,1,0,0,0,-1,0,2,1,0,0,1,0,0,0,0,-1,0,0,0,1,0,0,0,0,0,-0.849501,0,0,-0.579699,0,0,0,0,0,0,0,1,0,1,1,1
0,0,2,0,0,0,0,-0.727342,1,0,2,0,0,0,0,0,-0.713545,0,-1,1,0,0,0,-1,0,0,0,0,-2,0,1,0,1.32991,1,0,-1,0,0,-1,0,0.764125,3,-1,-0.761395,0,0,2,1,0,0,0,0,0,0,0,0,2,0,0,-1,0,0,-1,1,0,0,0,0,0,1,0,0,1,1,0,0,0,-1,0,0,0,-1,0,2,0,-1,-1,-0.781818,0,0,-0.705928,0,1,0,0,0,0,0,0,0,-1,1,1
0,0,0,-1,0,0,0,-0.530865,0,0,0,1,0,0,-1,1,7.684295,0,0,-1,-1,0,0,-1,0,0,-1,0,0,0,-2,0,1.88083,0,0,0,0,0,0,0,0.310158,2,1,-0.74451,1,0,0,0,0,0,0,1,0,0,1,0,0,0,0,0,0,1,0,-1,1,0,3,-1,0,1,1,0,-2,0,0,0,0,0,0,1,1,0,0,1,0,0,-1,-0.781818,0,0,-0.856496,0,-1,0,0,0,0,0,0,0,2,1,1
0,1,1,0,0,0,0,-0.647059,0,0,0,0,0,-2,0,0,2.798525,0,0,1,1,0,0,0,0,0,0,3,-1,0,0,1,3.09361,4,0,0,0,0,0,0,0.762712,1,1,-0.868132,1,-1,0,0,1,0,0,0,0,0,2,-2,-1,-1,0,1,0,0,0,0,0,1,0,0,0,1,1,1,0,1,0,0,0,0,0,0,0,0,1,0,0,1,0,-0.760784,1,1,-0.746562,0,0,0,0,1,0,1,0,0,2,1,1
-2,-1,0,-1,-1,0,1,-0.824793,0,0,2,0,1,0,0,0,7.29412,0,0,0,0,0,0,0,0,0,0,0,0,0,0,0,1.21145,1,0,0,0,0,0,0,0.762712,0,0,-0.781193,0,0,-1,0,1,0,0,0,0,0,1,0,0,0,-1,0,0,0,0,-1,0,1,0,0,0,0,0,0,0,0,0,0,0,1,-1,1,0,0,0,0,0,1,0,-0.324908,0,1,-0.64284,0,1,2,-1,0,0,0,0,0,0,1,1
0,0,-1,0,0,0,0,-0.624072,0,0,0,0,0,0,1,0,-0.458607,0,0,0,0,0,0,1,0,0,0,2,1,0,1,0,0.82483,0,-1,0,0,4,0,0,0.81734,0,0,-0.625,0,-1,0,0,0,-2,0,0,0,1,0,0,0,0,1,0,0,1,1,0,0,0,0,0,-2,0,0,0,0,0,-1,0,0,0,0,0,0,-1,0,0,0,0,0,-0.69073,0,0,-0.496538,0,0,1,0,0,0,0,0,-1,1,0,1
0,0,0,1,0,0,0,-0.75,0,0,-1,0,0,0,0,0,-0.675676,0,2,-1,0,1,0,0,0,-1,0,-1,2,0,0,0,0.69639,2,0,0,0,0,0,0,0.667117,0,0,-0.594932,0,0,0,0,1,0,0,0,0,0,-1,0,0,0,0,0,0,0,0,0,0,0,0,0,3,0,1,3,2,0,0,0,0,3,0,0,1,0,0,1,0,1,0,-0.728244,0,0,-0.817245,0,0,-1,0,0,0,0,0,1,1,0,1
1,0,0,1,0,-1,0,-0.75,0,0,1,1,0,0,1,0,-0.647431,0,1,0,1,1,0,0,0,0,0,0,0,0,0,0,0.81305,2,0,0,0,1,0,1,0.264041,0,0,-0.230416,0,0,0,0,0,0,0,0,0,-3,4,0,1,0,0,0,1,0,0,1,0,0,0,0,0,0,1,0,3,0,-2,0,0,0,0,0,-3,0,0,1,0,1,2,-0.6164,0,-1,-0.608977,0,0,1,1,0,0,0,1,1,1,0,1
0,0,0,0,0,-2,0,-0.069108,0,0,1,0,1,0,4,0,-0.588525,0,0,-1,4,0,0,0,0,0,1,0,0,1,0,0,1.26309,-22,0,0,0,0,-1,0,0.22567,0,0,-0.853625,0,0,0,0,0,0,-1,0,-1,1,0,0,1,0,1,1,0,0,0,5,0,-1,0,0,0,0,0,0,1,0,0,-1,1,0,0,-1,0,1,0,-1,0,0,0,-0.552609,0,0,-0.566866,-1,0,1,0,0,-1,0,0,0,1,0,1
0,0,0,1,0,2,0,-0.581374,0,0,0,0,-4,0,0,3,-0.836828,0,-1,2,0,-1,-1,1,0,0,0,0,0,0,1,-1,1.10406,3,0,0,0,2,0,0,0.360844,0,0,-0.705527,0,0,2,0,2,0,0,0,0,0,0,4,-4,0,0,1,0,0,2,1,1,0,0,-1,0,0,1,0,-2,0,0,0,-1,-4,0,0,0,0,0,0,0,1,0,-0.732225,0,0,-0.425015,0,1,0,0,0,1,1,0,2,0,0,1
0,0,0,1,0,0,0,-0.685125,1,1,1,0,0,2,0,0,-0.555238,-1,0,0,0,0,0,-1,2,0,0,0,0,0,0,0,0.69428,3,1,0,0,0,0,1,0.20486,0,0,-0.707712,0,0,0,0,2,0,0,0,0,0,0,2,1,0,0,0,0,0,1,1,0,0,0,3,0,2,0,0,0,1,0,0,0,0,0,0,0,0,0,1,0,-1,0,-0.666667,0,0,-0.852106,0,0,0,0,0,0,0,1,-2,0,0,1
0,0,2,-1,-1,0,1,-0.740423,0,0,2,0,0,0,0,-1,-0.717941,0,0,1,0,0,0,-1,0,1,0,0,0,0,1,0,3.47921,3,0,1,0,0,0,0,3.571703,2,0,-0.436914,0,-1,0,0,0,0,0,0,0,0,-3,0,-2,0,-1,2,0,0,0,0,0,1,0,0,0,0,0,0,0,0,0,2,0,0,0,0,0,0,0,1,0,-1,0,-0.684211,0,0,-0.140119,1,0,1,0,-1,1,0,-1,0,-1,0,1
0,0,1,0,0,0,1,-0.771465,-1,0,0,0,0,2,-1,-1,-0.764496,0,-2,1,0,0,0,0,0,1,0,0,1,0,0,1,0.45593,6,0,0,2,4,-1,0,0.520375,0,0,-0.802803,0,0,1,0,1,-1,0,0,0,-2,1,0,0,0,0,0,0,0,0,1,-1,1,-1,1,0,0,1,2,0,-3,0,0,0,0,0,0,0,0,0,0,0,1,4,-0.712237,0,0,0.395261,2,0,0,-1,0,1,0,-2,0,0,0,1
0,1,1,0,0,0,1,-0.676977,0,0,2,0,0,0,0,2,2.465269,0,0,1,0,0,0,0,1,1,0,0,0,0,0,0,1.8,1,1,0,1,-1,0,0,0.285959,0,2,-0.762818,0,-1,1,0,0,0,-1,0,2,-1,1,0,1,0,0,1,0,0,0,0,0,0,0,0,0,-1,0,0,0,0,2,0,-1,0,-1,0,0,0,-1,1,0,1,0,-0.687835,0,0,-0.678608,0,0,0,0,-1,0,2,0,0,0,0,1
1,1,-2,0,0,0,0,-0.60061,0,0,0,0,0,0,0,0,-0.772128,0,0,0,-5,0,0,0,0,0,0,0,0,3,0,0,1.39615,8,-1,0,0,-2,0,0,1.260777,0,0,-0.72575,1,0,1,2,0,1,0,0,0,-1,-1,0,-1,0,0,0,0,0,0,0,0,0,0,0,0,0,1,1,2,0,2,0,1,0,0,0,0,1,0,0,0,-1,-1,-0.601451,1,0,-0.680536,0,0,0,1,0,0,0,1,-1,0,1,1
-1,0,1,-5,0,0,0,-0.444452,1,0,-1,1,-1,0,0,2,-0.823529,0,0,0,0,0,0,0,0,0,0,0,-1,0,0,0,1.32305,3,1,0,0,0,0,0,1.292133,-1,0,-0.729051,0,1,0,0,0,0,0,0,0,0,0,0,0,0,1,0,0,0,0,0,0,0,0,0,0,2,0,0,0,0,0,0,0,0,0,0,0,1,0,0,0,0,0,-0.212989,0,0,-0.723999,0,0,0,0,0,0,0,1,0,0,1,1
-1,0,0,0,0,0,-2,-0.889094,0,1,-1,0,0,0,0,0,-0.664486,0,0,0,3,1,0,0,0,0,0,0,0,2,0,0,1.03157,4,0,0,0,0,0,0,1.018345,1,1,-0.7413,0,0,0,0,0,0,0,0,0,0,0,0,0,0,0,1,0,0,0,-3,0,0,0,0,0,2,0,0,0,0,0,1,-1,0,0,-2,0,0,0,2,0,0,0,-0.470274,0,0,-0.262288,3,0,0,0,0,0,2,1,0,-1,1,1
0,0,0,0,0,-1,0,-0.864707,-1,0,0,0,0,1,1,1,-0.154445,0,0,0,0,0,0,-1,0,-3,0,0,0,0,-1,0,0.86287,2,0,0,0,0,0,0,0.394076,0,0,-0.571868,0,1,0,0,2,-1,1,0,-1,2,0,0,-2,0,-1,0,0,0,-3,0,0,0,0,0,-1,1,-1,1,1,0,1,0,-1,0,0,0,0,-2,-1,0,0,0,0,-0.637114,0,0,-0.675949,0,0,4,0,1,-1,-1,2,0,0,0,1
0,3,0,0,1,-2,0,-0.59015,0,0,3,-2,0,0,0,1,-0.623567,0,1,0,0,0,-1,0,0,0,0,2,0,0,-1,0,0.9435,5,0,0,0,-3,0,-1,0.233048,0,-1,-0.330073,-2,0,0,0,1,0,0,-1,0,0,0,1,0,-2,0,0,0,0,0,1,1,-1,0,0,0,1,0,0,1,-1,0,0,0,0,0,0,0,0,0,0,0,0,-1,-0.636364,0,0,-0.563908,1,0,0,0,0,0,0,0,0,0,0,1
0,0,0,0,0,0,0,-0.8,0,-1,0,0,0,0,0,0,-0.338982,0,0,-1,0,2,0,0,0,0,0,0,0,0,-2,0,0.83992,23,0,0,0,0,0,0,0.214286,0,-1,-0.893799,0,1,0,-1,0,0,1,0,0,0,0,1,0,0,-1,0,0,0,-1,1,0,0,0,0,0,0,1,0,0,0,-1,0,-1,-1,0,0,1,2,0,0,0,-1,-2,-0.72217,0,0,-0.336298,1,0,1,-3,1,0,1,0,0,0,0,1
0,-1,1,0,0,0,0,0.18488,0,0,0,0,0,0,-1,1,-0.618247,-2,0,2,0,0,1,0,0,0,0,0,0,2,0,0,1.82857,1,0,0,0,0,1,0,0.703125,0,0,-0.617088,0,0,0,0,1,0,0,0,0,0,0,0,0,0,0,0,0,0,3,1,1,0,3,0,0,-2,0,0,0,2,0,1,0,1,-1,0,0,0,0,0,0,0,0,-0.649632,0,2,-0.896008,1,0,2,0,1,1,0,-2,0,0,1,1
0,2,0,-2,0,0,0,-0.540634,0,0,0,0,0,0,0,0,-0.600776,0,-1,0,0,0,0,1,0,-1,0,0,3,1,4,0,1.4078,9,0,1,0,0,1,0,0.612869,1,0,-0.8125,1,-1,0,-1,0,0,0,1,0,0,1,2,0,0,-1,0,1,0,-4,1,1,1,1,0,0,0,0,-1,1,0,-1,0,0,1,0,-1,0,0,0,0,0,0,0,-0.588331,0,1,-0.182524,0,0,0,0,1,2,-1,-1,0,0,1,1
0,0,1,0,0,0,0,-0.685321,0,0,0,0,0,0,0,1,-0.528731,0,0,0,2,0,0,3,0,-1,0,0,0,-1,0,1,0.66198,0,0,1,0,0,1,1,3.07028,0,0,-0.8125,0,0,-2,0,0,0,0,0,0,-4,3,0,0,0,0,0,0,0,0,0,1,0,0,0,0,0,1,0,-2,2,0,0,1,1,0,0,-1,0,0,0,0,-1,1,-0.64188,0,0,-0.757961,0,0,0,0,1,3,0,2,0,2,1,1
0,0,2,0,0,0,2,-0.76,0,0,0,0,0,0,1,2,-0.69961,0,-1,1,0,0,0,0,0,0,0,3,-1,0,0,0,1.6,3,0,0,1,0,1,1,1.187488,0,0,-0.738357,-1,-1,-1,0,-2,0,0,0,1,0,0,0,0,0,0,1,0,0,0,0,-3,1,0,0,-1,0,0,0,0,0,-1,0,0,-1,0,0,0,0,0,0,0,1,0,-0.36566,0,0,-0.768707,1,0,0,0,0,1,0,1,0,2,1,1
1,0,0,0,-1,0,0,-0.757253,1,-1,1,0,0,0,0,1,-0.791981,0,-1,4,1,0,1,2,0,0,0,0,0,0,0,0,1.58401,5,0,0,-2,1,0,1,0.871794,0,3,-0.864376,1,-2,0,0,1,0,0,1,1,0,0,0,3,0,0,0,0,0,0,-1,-1,1,0,0,0,0,0,1,0,0,-1,0,0,0,1,0,0,0,0,0,0,0,1,-0.777778,0,0,-0.556618,-2,0,0,0,-1,1,0,2,0,0,1,1
0,3,0,1,0,2,0,-0.730888,0,0,0,0,0,0,0,1,-0.7368,0,0,0,0,0,0,-1,0,0,0,-1,0,0,0,-2,0.91008,2,0,-1,0,-1,-1,0,1.0,0,0,-0.772257,0,2,0,-1,0,0,-1,0,1,0,0,1,0,0,0,3,-1,0,0,0,0,0,0,0,2,0,0,0,0,0,0,0,0,0,1,0,0,0,0,0,0,0,2,-0.771582,0,0,-0.780613,0,0,0,0,0,1,0,0,0,-1,1,1
0,0,0,1,0,0,0,-0.720239,0,0,0,0,0,0,-1,1,-0.566559,0,0,-1,0,-1,0,0,0,0,0,0,-1,0,0,0,1.2,3,0,0,0,0,1,0,1.858908,0,0,-0.714286,-3,0,0,0,0,0,1,0,0,-1,0,1,1,0,0,-2,0,0,0,0,-2,0,1,-2,0,-1,0,1,-2,-2,0,0,0,0,0,0,0,0,0,0,0,0,0,-0.768463,0,0,-0.69069,0,0,0,0,0,0,0,0,0,0,0,1
0,0,0,0,0,1,-1,-0.707636,0,0,0,0,-1,0,0,2,-0.538462,0,0,0,1,0,0,0,0,0,0,0,0,0,-2,0,1.36486,4,1,0,0,0,0,0,0.891671,0,0,-0.636236,-1,1,0,0,0,-2,0,0,-1,0,0,3,0,0,-1,-2,0,1,0,4,0,0,1,0,0,1,0,0,-2,0,0,0,0,0,0,0,0,0,0,0,0,2,0,-0.773585,0,0,-0.221909,0,0,0,-1,0,0,-1,0,0,0,0,1
0,0,0,0,0,0,1,-0.676172,0,0,0,0,-2,1,0,0,-0.256781,0,-1,0,1,0,0,-1,-2,0,0,-1,0,0,0,0,0.84867,5,0,0,0,0,0,0,1.087816,0,0,-0.484105,-1,0,0,0,1,0,0,0,0,0,-1,-2,2,0,0,0,0,0,0,2,0,0,1,0,2,0,0,0,2,-1,0,0,0,-1,0,0,0,0,0,0,0,0,1,-0.206241,1,0,-0.67065,0,-1,-1,-1,0,0,0,0,1,0,0,1
0,0,-1,0,2,0,0,-0.689545,0,0,0,0,0,0,-1,0,-0.844471,0,0,0,1,0,0,0,0,0,0,-1,0,0,0,0,0.5658,10,0,0,0,0,1,0,0.747404,0,-1,0.073937,0,0,-1,0,0,0,2,0,1,0,2,0,0,0,-2,0,0,-1,0,0,0,1,-3,0,0,0,1,-1,1,1,0,0,0,-1,0,0,0,0,0,0,0,0,0,-0.689346,0,1,-0.714286,0,0,0,0,0,1,0,0,1,2,0,1
0,0,0,0,1,1,0,-0.558578,0,0,0,0,-1,0,0,0,-0.715758,0,0,1,0,0,0,0,0,0,0,0,0,0,-1,1,0.54286,0,0,0,2,0,1,0,0.894737,0,0,-0.360767,0,0,0,1,-1,0,2,0,0,-2,0,1,0,0,1,0,0,0,-5,2,-5,0,0,0,0,-4,0,0,0,0,0,0,0,0,0,1,0,0,0,0,1,0,1,-0.744681,0,0,-0.666827,0,0,-1,0,-1,1,0,-3,5,0,0,1
0,0,1,0,1,0,0,-0.368468,0,0,0,0,0,4,0,0,-0.275477,0,-1,0,0,0,2,0,0,0,-2,0,0,0,0,0,1.33365,0,0,0,0,0,0,0,2.03935,0,0,-0.029074,1,0,0,0,0,0,0,1,0,0,0,1,0,0,-1,0,0,0,0,0,0,1,0,0,-1,0,3,1,0,2,0,0,1,0,0,0,0,0,0,0,1,-1,0,-0.741895,-1,0,-0.730515,0,0,2,1,0,0,0,0,0,1,0,1
0,0,0,0,0,-2,0,-0.597691,-2,0,-1,0,0,0,0,0,-0.71106,0,1,1,1,0,0,3,1,0,0,0,0,-3,0,2,0.82726,-7,-1,0,1,0,0,1,1.529415,0,0,-0.780991,0,0,0,0,0,-1,1,0,0,0,1,0,0,-1,0,0,0,0,0,0,0,0,0,1,3,0,1,0,0,0,0,0,0,2,0,1,0,0,0,0,0,2,0,-0.379285,0,0,-0.625,0,0,-1,-1,1,0,0,1,0,0,0,1
0,0,0,-1,0,0,0,-0.880888,0,0,0,0,0,0,0,0,-0.719969,0,1,0,0,0,0,0,1,0,0,2,0,2,0,0,0.85556,8,0,0,5,2,1,0,1.625,0,0,-0.596664,0,0,0,0,0,0,0,-1,0,0,1,0,0,0,0,0,0,1,0,0,0,0,-1,0,2,1,1,2,0,0,0,0,-2,0,0,0,0,0,0,0,0,1,0,-0.557846,0,0,-0.472108,0,0,2,0,1,0,0,0,3,0,0,1
0,0,-2,0,0,0,1,-0.408603,-1,0,0,-1,0,0,0,0,-0.722427,1,1,0,1,0,0,0,1,0,0,2,0,0,0,0,0.92378,2,0,0,0,0,1,0,0.964459,0,0,-0.608495,-2,0,0,0,0,0,0,0,0,0,0,0,2,1,0,0,0,0,0,0,0,0,-1,0,3,2,1,0,0,0,0,0,0,3,0,0,0,0,0,0,0,0,0,-0.776706,0,0,-0.501914,-1,0,2,0,0,0,0,-2,0,0,0,1
1,0,0,0,0,0,0,-0.269973,0,0,0,0,0,0,0,-1,-0.486054,0,0,0,1,1,0,0,0,0,1,0,0,0,0,-1,1.17629,9,0,0,0,2,1,0,0.302127,0,0,-0.684152,1,0,0,0,0,0,0,0,-2,0,-1,0,0,0,0,2,0,0,0,0,0,0,0,0,0,1,1,1,0,0,0,1,0,0,0,1,1,0,0,0,0,4,0,-0.895704,0,1,-0.471237,0,1,0,2,0,0,0,0,0,-2,1,1
0,-4,3,1,1,0,1,-0.58802,0,-1,0,0,0,0,0,0,-0.509754,1,0,0,1,1,1,0,0,-1,0,2,0,0,0,1,1.76756,7,0,0,-3,0,1,0,1.0808,0,0,-0.800654,-1,0,0,0,1,0,1,0,0,0,0,1,0,0,0,0,1,0,0,0,-1,0,0,0,1,1,1,0,-2,3,0,1,0,0,1,0,0,-2,-1,0,0,0,1,-0.358306,0,-1,-0.387702,-1,0,0,0,0,0,0,0,1,0,1,1
1,0,2,1,1,0,0,-0.428571,0,0,0,0,0,0,1,2,-0.719909,1,0,0,1,1,2,0,0,0,1,0,0,0,0,0,0.99065,8,0,0,1,0,1,0,2.839859,0,0,-0.837591,0,0,0,0,0,0,0,0,1,0,0,-2,0,0,0,1,1,1,-2,0,0,-1,0,0,0,1,0,1,0,0,0,0,0,0,0,0,0,-1,0,0,0,0,1,-0.658187,0,0,-0.727273,0,0,0,4,-1,0,0,-1,1,0,1,1
0,0,1,-1,1,0,-1,-0.556054,0,0,3,0,0,0,2,0,-0.661467,0,0,1,0,-1,0,0,0,-1,-1,0,0,3,0,0,0.97339,5,-1,-1,0,-3,0,0,0.46449,0,0,-0.641351,0,0,0,0,0,0,0,0,0,0,0,0,0,-1,0,0,0,0,0,0,0,0,0,-1,0,1,1,-2,0,0,0,0,0,1,0,0,0,0,0,-4,0,0,0,-0.537774,0,-1,-0.699839,0,0,0,2,1,0,0,1,-2,0,1,1
0,0,0,2,0,-1,0,-0.674465,0,0,1,-1,0,1,1,0,0.008608,0,0,0,0,0,0,3,0,0,0,0,0,0,0,0,0.7312,3,-2,0,0,0,-1,0,0.454962,0,0,-0.876804,2,1,0,0,0,-1,0,0,0,0,0,0,0,0,-1,0,0,1,0,0,0,0,1,0,0,1,3,0,1,0,0,0,1,0,0,0,0,0,0,0,0,0,0,-0.146217,0,0,-0.438049,0,1,1,0,0,0,0,0,-1,0,1,1
0,0,-1,0,0,2,0,-0.803842,0,0,0,0,0,0,0,0,-0.820162,0,-1,4,0,0,0,0,0,0,0,0,0,-1,0,0,0.995,0,-1,0,0,0,0,0,0.655237,0,2,-0.76899,0,0,0,1,0,0,-1,0,0,0,0,0,0,0,0,0,0,0,0,0,-3,0,2,0,0,0,1,0,0,0,0,0,1,0,-2,2,-1,1,0,0,0,1,0,-0.612275,-1,-1,-0.485889,0,1,0,0,1,-2,0,-2,0,0,1,1
0,0,0,0,0,1,0,-0.525361,-1,1,0,0,-1,0,0,2,-0.803279,-1,-2,0,0,-1,0,0,0,1,0,0,1,0,0,0,0.82438,0,0,0,0,0,0,0,2.065473,0,0,-0.617906,1,1,0,0,0,0,1,0,0,0,0,2,-2,0,-1,-1,0,0,0,0,4,0,1,0,3,1,0,0,0,1,0,0,0,1,0,-2,1,0,0,1,0,0,0,-0.478394,0,0,-0.613572,2,0,1,0,-2,0,-1,0,0,-3,0,1
0,0,0,0,0,-1,0,-0.765427,0,0,4,0,1,-1,0,4,-0.302236,0,0,-1,0,0,0,0,0,3,0,0,-1,-1,-1,0,0.75809,3,0,0,0,4,0,0,0.948837,0,0,-0.599645,0,1,0,0,0,0,0,0,0,0,-4,0,0,0,-1,-3,0,-3,0,0,2,3,-1,0,0,1,0,1,0,1,0,0,0,2,1,0,0,-3,0,0,0,2,0,-0.549775,0,0,-0.64008,0,0,0,0,0,0,0,0,0,0,0,1
0,0,1,0,0,0,0,0.469939,-2,1,0,0,-3,0,-1,0,-0.874276,0,0,0,0,0,1,-1,-1,0,0,0,0,0,0,0,2.11025,1,0,0,-5,0,-1,0,2.422271,-1,0,1.463789,-1,0,0,0,0,0,0,0,0,0,-1,0,2,0,-1,0,0,0,0,1,1,1,0,2,-1,1,1,0,1,0,1,0,0,0,0,-1,0,0,0,0,0,-1,0,-0.850058,0,0,-0.215638,2,0,-1,2,1,0,-3,-2,-1,0,0,1
0,0,0,0,0,0,0,-0.366882,0,0,-1,0,0,0,0,0,-0.638234,0,0,0,0,0,0,0,1,0,0,0,0,-2,0,0,1.22281,5,0,0,2,1,0,0,0.682927,1,1,-0.245594,0,0,-1,0,0,1,0,0,0,0,0,0,0,0,1,0,0,0,0,0,0,1,0,0,0,0,0,0,1,0,0,0,-4,2,0,0,0,1,0,1,1,-1,0,-0.435972,0,0,-0.7,0,0,0,0,0,2,0,0,1,2,0,1
0,0,0,0,0,0,1,0.779589,-1,1,0,0,0,0,0,0,-0.632973,-1,0,0,0,0,0,-1,0,0,0,0,0,0,0,-1,2.63517,1,0,0,1,0,-2,0,0.682927,0,-1,-0.378319,2,0,0,0,0,0,0,0,0,0,0,0,1,0,0,0,0,0,0,-1,1,0,2,0,0,0,0,0,1,-3,0,-2,1,0,0,-1,0,1,0,0,0,-4,0,-0.604536,0,0,-0.694052,0,-3,2,0,0,1,0,1,1,0,0,1
0,0,-1,1,0,-1,0,-0.490942,1,0,0,0,0,0,2,0,1.462637,0,0,0,0,0,0,0,1,0,0,0,0,0,0,0,0.66392,3,0,0,0,3,0,0,0.682927,1,0,-0.437541,0,0,0,0,2,0,0,0,0,0,-1,0,0,0,0,0,0,0,2,0,1,1,0,0,0,0,0,0,1,1,0,0,2,0,0,0,0,-2,0,0,0,0,0,-0.701551,0,-2,-0.678071,0,0,0,0,0,0,-1,1,0,0,0,1
0,0,0,-1,0,0,1,-0.150489,0,0,-1,0,0,3,0,1,-0.75,0,0,0,1,0,0,0,0,2,-1,0,0,0,0,0,0.61931,2,1,0,2,1,-1,0,0.900543,2,0,-0.76,0,-1,1,1,0,0,0,0,0,2,0,0,0,0,1,0,0,0,0,0,0,0,0,0,3,0,-1,0,0,-2,2,0,0,3,0,0,0,0,0,0,2,-1,1,-0.533295,-2,0,-0.672669,0,0,0,-1,0,0,1,0,1,0,1,1
0,0,0,0,0,2,1,-0.315491,0,2,0,0,0,0,0,0,-0.787007,-1,0,0,1,0,0,0,0,0,0,0,0,2,0,0,0.90288,2,0,0,2,0,0,0,0.485361,0,0,-0.579847,0,0,1,0,0,0,0,0,0,0,0,2,1,0,0,2,0,0,-2,0,1,0,-2,0,0,0,2,0,0,0,0,0,1,0,0,0,0,-1,0,0,0,2,0,-0.145379,0,0,-0.61582,2,0,0,0,0,-1,1,0,0,-1,1,1
0,0,1,-2,0,0,1,-0.481148,0,0,0,0,0,-1,-1,0,-0.789017,0,0,0,0,0,0,1,0,-1,0,-1,0,0,1,0,1.42857,3,-1,0,1,0,-1,0,1.970816,1,0,-0.627457,0,-1,0,0,2,0,0,0,0,1,0,0,0,0,1,0,0,0,0,1,1,0,0,-1,0,0,0,1,0,0,0,0,0,0,0,0,0,-2,-1,1,0,0,0,-0.829754,0,0,-0.689023,5,0,3,0,0,-2,0,1,0,1,1,1
0,0,0,0,0,2,1,-0.804198,0,1,0,0,0,0,0,0,-0.639137,0,0,3,0,0,0,0,-2,0,0,0,0,0,1,0,2.09921,2,0,0,0,0,-1,0,0.589286,3,2,-0.793641,1,0,0,0,1,0,0,0,0,0,-1,0,-4,0,0,1,0,1,0,2,0,-2,0,0,0,0,0,0,0,0,0,0,0,0,0,0,0,0,0,1,0,1,-3,-0.903519,-1,0,-0.586015,0,0,0,1,0,0,1,-1,0,0,1,1
0,0,0,2,0,2,0,-0.649572,0,1,0,0,-1,-1,3,0,-0.079134,0,1,-1,0,0,-1,-1,0,0,0,-1,4,2,0,-1,1.53033,-17,-1,1,0,0,0,1,0.275454,0,0,-0.82021,0,0,0,0,1,0,-1,0,0,0,0,0,0,0,0,0,0,0,0,0,0,0,0,0,0,0,-1,0,0,0,0,0,0,2,0,0,1,0,0,0,0,1,0,-0.727273,0,2,-0.551285,0,-2,0,0,0,0,0,2,1,0,1,1
0,0,0,0,0,0,0,-0.683375,3,0,0,0,0,0,0,0,-0.653048,0,1,0,0,0,0,1,-1,0,0,0,0,-2,1,0,2.34509,1,0,0,0,1,0,0,0.589286,0,0,-0.82858,1,0,0,0,1,0,0,0,0,2,1,-1,0,0,0,0,0,0,1,3,0,0,0,1,0,1,0,0,0,-1,0,0,0,0,0,1,0,0,0,1,1,0,0,-0.345813,0,0,-0.926801,0,0,-2,0,0,-1,0,1,1,0,1,1
0,0,-3,1,0,0,0,-0.296452,0,0,0,0,0,0,0,0,-0.53893,0,1,0,2,0,0,0,1,0,0,0,2,2,1,0,1.13184,0,1,0,0,1,0,-1,1.514234,0,0,-0.586207,0,0,0,0,0,0,1,0,0,0,3,0,0,0,-2,0,0,0,0,0,0,-2,0,0,0,1,1,0,0,-1,-3,0,0,0,0,0,0,0,0,0,0,0,0,-0.497788,0,0,-0.091135,0,0,0,-1,0,0,0,1,0,1,0,1
0,0,0,1,0,0,0,-0.4283,0,0,-2,0,1,0,0,0,-0.513933,1,0,-1,0,0,0,0,1,0,0,0,1,2,1,0,2.18846,0,1,1,0,0,0,0,0.689655,1,0,-0.586207,-1,1,3,0,0,0,0,0,0,0,0,0,0,-1,0,0,0,1,0,0,1,0,1,1,0,1,1,-1,0,1,0,0,0,0,0,0,0,0,0,0,0,0,0,-0.757668,0,0,-0.527849,0,-2,3,0,1,0,-1,0,0,1,0,1
0,0,-4,1,0,0,0,-0.387561,0,0,0,0,0,0,0,2,-0.6,0,1,0,0,0,1,0,1,0,0,0,0,0,0,-1,0.90089,0,1,0,1,0,0,0,0.872876,2,0,-0.663209,0,0,-2,0,-3,0,0,0,0,1,0,0,1,0,0,0,0,1,-1,0,1,0,0,1,0,0,0,0,0,1,0,0,0,1,2,0,0,0,0,0,0,0,0,-0.384544,-1,0,0.251228,2,0,0,0,0,0,0,1,0,2,0,1
0,0,0,1,-1,0,0,-0.289627,0,0,1,0,0,0,2,0,-0.721952,0,0,0,2,0,0,0,0,0,0,0,2,0,1,-1,1.8,5,0,1,0,1,0,1,2.634102,0,-1,-0.769802,0,0,0,-1,0,0,1,0,0,2,0,0,0,0,0,0,0,0,0,0,-2,0,0,0,0,0,0,0,0,-1,0,0,2,-2,0,-1,0,0,0,0,0,0,1,-0.634586,0,1,-0.894583,0,0,0,0,0,0,0,0,0,0,0,1
0,0,0,1,0,0,0,-0.6,0,0,1,0,0,0,0,-1,-0.684211,0,0,1,1,0,0,0,0,0,0,0,-1,0,0,0,1.27143,2,0,1,0,2,1,0,0.535053,0,0,-0.809524,-2,0,0,0,0,0,1,0,0,0,-2,0,-1,0,0,1,1,0,0,0,0,2,0,0,2,6,1,3,-1,0,0,0,0,-1,0,-2,0,-1,0,2,0,1,0,-0.668534,0,0,-0.785163,0,0,0,-2,0,0,0,0,0,0,0,1
0,2,-4,1,0,2,0,-0.61566,0,0,1,0,-1,0,0,0,-0.858699,0,0,1,1,0,1,0,0,2,0,0,0,0,0,0,3.79903,11,1,-1,0,0,0,1,1.255351,0,0,-0.809524,0,0,0,0,0,0,0,0,0,0,0,0,1,0,0,0,0,0,0,0,0,0,0,0,-1,0,0,0,0,0,0,0,0,0,0,0,0,0,0,0,0,0,0,-0.681593,0,0,-0.542302,3,0,0,0,1,0,0,-2,1,0,0,1
1,0,-1,0,0,0,0,-0.647536,0,0,0,0,0,0,0,0,-0.430943,0,0,3,0,0,0,0,0,0,0,2,1,0,0,-1,0.48571,4,1,0,0,0,1,0,0.823529,3,0,-0.252534,0,0,0,0,0,1,-1,0,0,0,-1,0,0,0,0,2,0,0,0,-1,0,-1,0,-1,0,0,0,1,0,3,0,0,0,0,0,0,0,1,0,0,0,1,0,-0.325468,0,0,-0.819463,0,0,-2,0,1,0,0,-1,0,0,0,1
0,0,2,3,0,0,0,-0.573026,-1,0,0,0,1,0,0,0,0.653253,0,1,0,0,0,-1,0,0,0,2,0,0,0,0,0,0.63999,0,0,0,0,0,0,0,0.897221,0,0,-0.214048,-1,0,0,0,0,0,-2,0,0,0,-3,0,0,0,3,0,0,0,0,1,0,-2,2,2,1,0,0,0,0,0,0,0,0,1,0,0,-1,-4,0,-1,0,1,0,-0.278784,0,0,-0.77833,0,0,0,1,0,0,0,0,-3,2,0,1
0,0,0,0,0,0,0,-0.867746,0,0,0,0,0,1,4,0,-0.703545,0,0,0,2,-1,0,1,0,-1,0,0,0,0,1,-1,0.48571,2,0,0,0,1,0,0,0.823529,-2,0,-0.345577,0,0,0,0,0,0,0,0,0,0,3,3,-1,-1,0,0,0,0,-1,0,0,-3,0,-1,0,1,-1,0,0,1,0,-1,1,-1,0,-1,0,-1,0,0,0,0,0,-0.092155,0,-1,-0.917426,0,-1,3,0,0,0,0,0,0,0,0,1
0,0,0,0,0,0,3,-0.573353,0,0,1,1,0,2,2,0,-0.43896,0,1,1,0,0,0,-1,0,0,1,0,0,0,0,0,0.8821,3,0,0,0,3,1,0,0.736215,0,0,-0.54197,0,0,0,0,0,-1,0,0,0,-1,1,0,2,0,-1,0,1,0,0,0,0,0,1,0,-2,0,1,-1,0,0,-2,0,-1,0,1,1,0,1,0,0,0,-1,0,0.101346,0,1,-0.614792,0,0,-2,0,0,0,-1,0,0,3,0,1
-1,1,0,0,1,1,0,-0.800612,0,0,0,1,0,0,0,0,0.934191,0,0,0,0,0,0,-1,0,-1,1,-1,0,0,0,0,0.75254,0,0,2,1,0,-1,-1,0.758621,0,0,-0.39442,0,-2,0,0,4,0,1,1,0,0,0,0,0,1,0,0,1,0,0,0,0,0,1,-2,0,0,0,0,0,-2,0,0,0,0,0,-1,0,0,0,0,0,0,-3,-0.73927,0,0,-0.594395,0,-1,0,0,0,0,0,0,0,0,0,1
0,0,2,0,0,2,0,-0.566832,0,0,0,1,-2,1,0,1,-0.25,0,0,1,0,0,0,1,0,0,1,0,0,2,0,0,0.52001,0,-1,1,1,2,0,0,0.753832,3,0,-0.605361,0,0,0,1,2,0,0,0,0,0,1,0,-1,1,2,0,1,0,3,1,0,0,1,0,-2,0,1,0,0,0,0,0,0,0,0,0,0,1,0,0,0,0,0,-0.459473,1,1,-0.669014,0,0,0,0,2,0,0,0,0,-1,0,1
0,-1,2,1,-1,2,0,-0.772847,1,0,1,0,2,0,0,0,-0.616858,2,0,0,0,0,0,1,1,0,1,0,0,0,0,0,1.18827,9,0,0,0,0,-1,0,1.779979,3,0,-0.721595,0,0,2,0,2,0,0,0,0,0,0,0,0,-1,0,0,0,1,0,0,0,0,-2,0,0,0,0,0,0,-1,0,0,2,1,-1,0,0,0,0,0,0,-4,0,-0.66795,0,0,-0.678276,0,0,0,0,0,0,0,0,0,0,1,1
0,0,0,0,-1,0,0,-0.73913,0,0,0,0,2,0,0,0,-0.824754,0,0,0,1,0,0,1,0,0,1,0,2,-1,-1,0,1.14319,-14,0,0,0,0,0,0,1.777779,0,0,-0.707758,2,0,0,0,0,0,0,1,0,0,-1,0,0,0,0,0,0,0,0,0,0,0,1,1,0,0,1,0,0,2,3,0,0,0,0,0,0,0,0,0,0,1,0,-0.80047,0,0,-0.617578,0,0,0,0,1,0,0,0,0,0,1,1
0,-2,1,0,0,0,0,-0.849175,0,-1,0,0,1,0,0,0,-0.72093,0,0,0,0,2,0,-1,0,0,1,0,0,0,1,0,0.94353,5,0,-1,0,0,0,0,1.5766,-1,0,-0.676647,0,1,0,0,0,0,0,0,0,0,1,0,1,0,1,0,0,1,0,0,0,2,0,1,0,-1,1,0,0,0,0,0,0,0,0,0,0,0,0,-1,0,0,0,-0.519897,0,0,-0.703767,0,0,0,0,1,-1,0,0,0,0,1,1
0,0,0,1,0,0,0,-0.599565,0,0,0,0,0,0,-1,0,-0.802061,0,0,-4,0,0,0,1,0,0,0,3,0,0,0,0,1.98547,3,0,0,-1,0,0,-1,0.709098,0,2,-0.837207,0,0,0,0,0,0,0,0,0,0,4,0,-1,0,-1,0,0,0,0,0,-1,0,2,0,0,-3,1,0,0,0,0,0,1,0,0,0,0,0,0,1,0,0,0,-0.478261,0,0,-0.454545,0,0,0,0,1,-1,0,0,0,0,1,1
0,0,0,1,0,0,2,-0.292636,0,0,2,-1,-1,0,0,0,-0.760874,0,0,0,1,0,-1,0,0,1,0,0,0,0,0,0,2.14286,5,0,1,0,1,0,0,0.68,0,0,-0.805307,0,0,0,0,0,0,0,0,0,1,3,0,0,0,0,0,0,0,0,-1,0,0,-1,0,-2,0,-2,0,1,3,0,0,0,0,0,0,-1,0,0,1,-1,0,0,0.039135,0,0,-0.454545,0,0,0,0,0,0,0,0,-1,0,1,1
0,0,0,1,0,0,0,-0.492624,-1,2,-2,0,0,-1,0,0,-0.739569,0,0,0,0,0,0,0,0,0,0,0,3,2,0,0,2.48055,2,0,0,0,0,0,0,0.68,0,0,-0.84,0,0,-1,0,0,0,0,0,0,1,0,0,1,0,-3,0,0,0,0,0,2,3,0,0,0,0,0,1,1,2,0,0,0,2,2,0,0,-1,0,1,0,0,0,0.835093,0,0,-0.454545,0,0,0,0,0,0,0,0,-1,-1,1,1
0,0,0,0,0,0,0,-0.707769,1,0,1,0,0,0,0,0,-0.59977,2,0,0,1,2,0,0,0,0,0,3,0,-1,-1,-1,0.62833,0,0,0,0,1,0,1,1.200153,0,-1,-0.569282,1,1,0,0,0,0,0,0,0,0,0,0,0,1,0,0,0,-1,1,1,0,1,0,1,0,0,-1,0,1,0,1,1,-1,1,0,0,1,0,0,1,0,0,0,-0.532156,1,0,-0.853842,0,1,2,0,2,0,-1,0,0,-1,1,1
0,0,0,0,0,-1,0,-0.630759,0,0,0,0,2,0,1,0,-0.565001,-1,0,0,0,0,0,0,0,0,0,0,0,0,0,0,1.81142,3,0,-1,1,0,-2,0,1.422425,0,0,-0.465494,1,0,0,-1,0,0,0,0,-2,0,0,0,0,0,0,0,0,0,0,0,0,0,0,0,0,0,0,0,1,-2,-1,0,0,0,0,0,0,1,0,1,0,0,0,-0.481268,0,0,-0.690376,0,0,-1,0,0,1,0,-1,0,1,1,1
0,0,0,0,0,0,0,-0.741632,0,0,0,0,0,0,1,0,-0.629686,0,0,1,1,-1,0,0,0,0,0,0,1,0,0,-1,0.85188,1,0,0,0,2,0,0,1.43478,1,0,-0.613231,1,0,0,-1,0,1,0,0,0,1,0,0,1,0,0,0,0,0,0,0,0,0,1,0,0,0,0,2,0,1,0,0,1,0,-1,0,0,0,0,0,0,0,0,-0.63724,0,0,-0.610793,0,0,1,0,0,0,0,1,1,0,1,1
0,-1,0,0,0,1,-2,-0.620054,0,0,0,0,1,0,0,0,-0.631554,0,0,0,0,0,0,2,0,0,0,0,-1,0,0,-2,1.14888,3,-1,1,1,2,0,1,1.287971,3,-1,-0.750239,0,1,0,0,-1,1,0,0,-2,0,0,0,0,0,0,3,0,0,0,-1,0,0,0,0,0,0,-1,0,1,3,0,0,-1,0,0,0,0,0,0,0,0,-6,-2,-0.914894,0,1,3.845371,2,0,3,0,0,3,2,0,0,1,1,1
0,0,0,1,0,1,0,-0.54083,-1,0,0,0,0,0,0,0,-0.612903,-1,0,0,1,0,0,0,-1,1,1,0,0,0,0,0,1.5173,6,0,1,1,0,0,0,1.020372,0,0,-0.437439,0,1,0,0,0,0,0,0,0,0,0,0,0,0,0,0,0,0,0,0,0,0,0,0,0,0,0,-2,0,-1,0,0,0,-1,0,0,0,1,0,0,0,-2,0,-0.914894,0,0,-0.551239,0,0,0,1,0,0,0,3,-1,1,1,1
0,0,-2,0,0,0,-1,-0.305802,0,0,3,0,0,0,2,-1,-0.732315,0,0,-2,0,0,0,0,0,-3,0,0,6,0,0,0,0.83273,8,0,0,1,1,0,0,1.352805,0,0,-0.714286,0,0,0,0,0,1,0,0,0,0,0,0,0,0,3,0,0,0,1,0,0,0,0,1,1,0,0,0,0,3,0,0,0,0,0,0,0,0,0,3,0,0,0,-0.914894,0,0,-0.663977,0,0,0,0,0,0,0,0,0,0,1,1
0,0,0,0,0,4,0,-0.470784,-1,0,0,0,0,0,1,0,0.120235,0,0,0,1,1,0,0,0,0,0,0,0,0,0,0,1.02534,7,0,0,0,0,0,0,0.886791,0,0,-0.78432,2,1,0,0,0,0,1,0,0,2,0,1,1,0,0,0,1,1,1,1,0,0,1,0,1,0,0,0,0,-2,-1,0,1,0,0,0,0,0,0,0,0,0,0,-0.55387,0,0,-0.465743,0,1,0,0,0,1,0,1,1,-1,1,1
0,-2,0,0,0,0,0,-0.717425,0,0,0,0,0,0,0,1,8.680517,0,0,0,1,0,1,0,0,0,0,0,0,-1,-1,0,2.05519,2,0,0,0,0,0,0,0.979592,1,1,-0.647162,1,0,0,0,0,0,1,1,-1,0,1,1,1,0,0,1,1,0,0,0,2,0,0,-1,0,0,0,0,0,0,0,0,1,0,0,0,0,0,0,3,0,0,0,-0.585226,0,0,0.327938,2,0,0,0,0,-1,0,1,2,1,1,1
0,1,0,0,0,0,0,-0.612116,0,0,0,0,0,-1,0,-2,8.709049,0,0,0,0,-1,0,-1,0,0,0,0,0,2,0,0,1.56457,3,0,0,0,0,0,0,2.056373,1,1,-0.600502,1,1,0,0,0,0,1,0,1,1,0,0,1,0,0,1,1,1,0,0,1,0,0,0,0,0,0,0,0,1,0,0,0,0,0,0,3,0,0,1,0,-1,1,-0.643071,0,0,-0.720352,0,0,0,0,0,-1,1,1,1,1,1,1
0,-2,0,0,0,2,0,-0.612903,0,0,0,0,0,0,0,0,-0.685565,0,0,0,0,0,0,0,-2,1,0,0,2,3,2,0,2.46804,8,1,1,1,0,0,0,2.316256,0,-1,-0.75761,0,2,0,0,0,0,0,0,0,0,0,0,0,0,0,0,0,0,1,0,2,-1,1,0,0,0,0,0,0,0,0,0,-2,0,0,0,0,0,0,0,0,0,0,4.102221,0,-1,-0.167459,2,-2,0,0,0,0,0,0,-1,0,1,1
0,-4,0,0,0,0,0,-0.562389,0,0,0,0,-1,-2,0,0,-0.687342,0,0,4,0,0,0,-1,-1,0,0,0,0,0,0,0,2.45883,10,-1,0,1,0,1,0,1.304465,5,-1,-0.742584,0,0,0,0,0,0,-1,0,0,0,1,0,0,-1,0,0,0,0,0,0,2,0,-1,0,0,0,0,2,0,0,0,0,0,-1,0,-1,0,0,0,0,0,3,0,-0.069285,0,0,-0.727273,0,0,0,0,0,0,0,0,0,0,1,1
0,1,0,1,0,0,1,-0.589503,0,0,0,0,0,0,0,0,-0.759345,0,0,1,-3,0,0,0,0,0,0,0,0,3,-2,0,2.04508,4,0,1,1,0,0,-2,0.968968,0,0,-0.77477,0,2,0,-1,1,1,0,0,0,3,0,-4,0,0,1,0,0,-2,0,0,0,5,-1,0,0,1,-1,2,1,0,0,0,2,-1,0,0,0,1,-1,1,0,1,0,-0.649064,0,0,-0.75802,2,0,0,0,0,0,0,0,0,0,1,1
0,0,0,1,1,-1,-1,-0.778154,-1,0,0,0,0,0,0,0,-0.764013,1,0,0,-1,0,0,0,0,0,0,0,0,0,0,0,0.5619,1,0,0,0,0,1,0,1.738981,0,0,-0.615472,0,0,0,-1,0,0,0,1,0,0,0,0,0,0,0,0,0,0,0,0,0,1,0,-1,0,1,0,0,0,0,0,0,0,-1,0,0,0,0,0,0,-1,0,0,-0.746763,0,0,-0.5341,2,0,0,0,0,0,0,0,1,0,1,1
0,0,-1,0,1,0,0,-0.8,0,0,-2,1,0,0,1,0,-0.815534,1,0,0,0,0,1,2,0,0,0,5,0,0,0,0,1.64114,3,0,0,0,0,-2,0,1.894858,0,0,-0.72382,1,0,0,-1,-2,0,1,1,0,0,1,0,0,0,0,2,0,0,0,0,1,0,0,-1,0,1,0,0,1,0,0,0,0,0,0,0,0,1,0,0,0,0,0,-0.90305,1,0,-0.585154,0,0,0,0,1,0,0,0,1,1,1,1
0,0,0,1,1,0,0,-0.679532,0,0,1,0,0,0,0,2,-0.741509,0,0,0,2,0,0,1,0,0,0,0,0,0,0,0,3.68426,3,2,0,1,0,0,0,2.04348,0,2,-0.642863,0,0,-1,0,-1,0,0,1,0,0,0,0,1,0,0,0,0,-1,2,0,2,1,0,-1,2,1,5,0,0,0,0,0,3,0,-1,0,0,0,0,0,0,0,0,-0.848786,0,0,-0.859097,2,0,3,0,1,1,0,-1,1,2,1,1
0,1,1,1,-1,0,1,-0.680496,1,0,0,-1,0,0,2,1,-0.647731,0,0,0,0,0,0,-2,0,0,1,0,0,0,0,0,1.37015,4,0,0,1,0,2,0,0.674763,0,0,-0.709005,0,1,-1,-1,2,0,0,0,0,2,-1,0,0,1,0,0,0,0,1,0,1,1,0,0,3,0,2,0,1,0,0,0,0,0,1,0,0,0,2,0,0,0,-1,-0.462502,0,0,-0.416634,0,0,0,0,0,-1,0,0,0,1,1,1
0,1,1,1,0,0,0,-0.551229,1,0,0,0,0,0,0,0,-0.675096,0,0,0,0,0,0,0,0,0,0,2,2,0,0,0,1.98922,5,0,0,0,0,0,0,0.310659,0,0,-0.325498,0,0,0,-2,0,0,0,0,1,4,1,0,0,1,0,0,0,0,0,0,0,1,0,0,0,0,0,0,0,1,2,0,-2,5,0,0,1,0,0,0,0,-1,0,-0.763965,0,-2,-0.518471,2,0,0,0,0,1,0,-1,0,1,1,1
0,0,0,1,0,0,0,-0.753851,0,0,0,-1,0,0,0,0,-0.692308,0,0,0,0,0,1,0,0,0,0,0,3,3,0,0,1.22831,0,0,0,0,0,0,0,0.944284,0,0,-0.788393,0,0,-1,0,0,0,-1,0,0,2,1,0,5,1,0,0,0,1,0,0,1,1,0,0,0,0,0,0,0,0,0,0,0,3,0,1,1,1,0,1,0,0,0,-0.543997,0,0,-0.797985,0,0,0,2,0,1,0,0,1,2,1,1
1,0,0,1,0,-1,0,-0.630455,-1,0,-2,0,0,-1,0,0,-0.57473,0,0,0,0,0,0,0,0,2,0,0,0,0,0,0,1.01893,3,0,0,0,0,0,0,0.423036,0,0,-0.708715,0,0,0,0,0,-1,1,1,0,0,1,0,0,0,0,0,2,0,1,1,1,0,0,0,-2,-1,-2,0,0,0,0,0,0,0,0,0,-1,1,1,-1,0,0,0,-0.524379,0,0,-0.532703,0,0,0,0,1,0,0,0,0,1,1,1
-2,0,0,-2,0,0,-1,-0.380124,0,0,0,-1,0,0,-1,0,-0.767859,2,0,0,0,0,0,1,0,0,0,0,0,0,0,0,0.93393,3,0,0,0,0,0,0,0.375975,0,0,-0.778957,2,0,1,0,0,0,0,0,-1,0,0,0,1,0,0,0,0,-2,0,1,0,0,0,0,0,-3,0,-1,0,1,0,0,0,-1,0,0,0,0,0,2,0,0,1,-0.571429,0,0,-0.609641,0,2,1,0,1,0,0,-1,0,0,1,1
1,0,2,0,0,-1,0,-0.567778,0,0,1,0,0,0,1,1,-0.773585,0,0,1,0,0,1,-1,0,-1,0,0,0,0,0,0,1.70651,7,0,0,1,0,1,0,0.531585,0,0,-0.244685,0,0,0,0,0,1,-1,0,-1,0,1,0,0,0,5,0,0,0,0,3,0,0,1,0,0,0,0,0,2,0,0,0,0,0,0,0,-1,0,0,0,1,0,0,-0.779989,0,0,-0.820892,0,0,0,0,1,0,0,0,1,2,1,1
0,1,0,3,1,-1,3,-0.758486,1,0,1,0,1,0,0,0,-0.729034,0,0,1,-1,0,-2,0,0,0,0,0,0,0,1,0,1.52943,0,0,0,-1,0,0,1,0.71966,0,0,8.382503,0,1,0,0,0,0,0,0,0,0,1,4,0,1,2,0,0,0,-1,0,0,0,-1,-1,1,1,0,0,0,0,2,0,-1,0,0,0,0,-1,2,1,0,0,0,-0.905925,0,0,-0.9097,0,-1,1,1,0,0,2,0,0,0,1,1
0,3,0,0,0,0,0,-0.8617,0,0,1,0,0,0,0,0,-0.476523,0,-1,1,1,0,0,0,1,0,0,0,0,1,2,0,1.27773,1,0,0,0,0,1,0,0.391892,0,0,8.694017,-1,0,0,0,0,0,0,0,0,0,-1,1,0,-1,0,0,0,0,-1,0,0,0,-1,0,0,1,1,0,0,0,0,0,0,0,0,0,0,3,0,0,0,0,0,-0.803279,0,0,-0.704038,0,0,0,-1,0,-1,1,0,-1,0,1,1
0,0,0,0,0,1,0,-0.200033,3,0,1,0,-1,0,-1,-1,-0.698394,0,0,1,0,1,0,1,0,0,0,3,0,0,1,0,2.98057,7,0,-1,1,0,0,0,2.245883,1,0,9.049681,2,-1,2,0,0,0,0,0,-1,1,0,0,0,-1,0,0,0,0,0,0,-1,1,-1,0,0,0,1,0,0,0,2,0,-1,1,0,0,-1,-4,0,0,0,4,1,-0.803279,0,0,-0.755102,0,0,1,0,0,0,0,1,0,1,1,1
0,0,0,0,0,0,1,-0.015313,0,-1,2,0,0,1,0,0,-0.796049,0,0,-1,2,-1,-1,0,0,0,0,0,0,0,0,0,1.27814,1,2,0,0,-1,1,0,1.277182,0,0,-0.733373,0,0,1,0,0,0,0,0,0,-1,0,0,-1,0,0,0,0,0,3,0,2,0,0,0,0,0,0,0,0,0,0,0,0,0,0,0,0,1,0,0,0,0,0,-0.666667,-1,1,-0.100828,0,0,0,3,0,0,3,0,1,1,0,1
0,0,0,0,0,0,-1,0.911144,0,0,2,2,0,1,0,0,-0.806452,0,0,0,0,0,-1,0,0,0,0,0,0,0,1,0,1.29379,2,2,0,0,0,1,0,1.270703,0,0,-0.727681,0,0,0,0,0,1,0,-1,0,0,0,0,0,0,2,0,0,0,-1,0,0,-2,-1,0,0,-1,0,0,6,0,0,0,0,0,2,0,0,1,0,0,1,0,1,-0.666667,0,1,-0.633208,0,0,0,0,0,0,0,1,1,1,0,1
0,0,0,0,0,0,1,-0.319818,0,0,0,0,0,0,0,0,-0.806452,0,0,0,2,0,-1,0,-1,0,0,0,3,0,0,0,1.15731,2,0,0,-1,0,-2,0,1.29635,0,-3,-0.721558,0,0,0,0,0,1,0,2,1,0,0,0,0,0,0,1,0,0,2,0,0,0,0,1,0,0,0,0,0,2,0,0,0,0,0,0,0,1,0,0,0,0,0,-0.724527,0,1,-0.566301,0,0,0,0,0,0,3,0,1,1,0,1
0,0,0,0,0,0,0,-0.411808,0,0,1,0,0,0,0,0,3.045461,0,0,0,0,0,0,-2,0,0,0,0,0,0,0,0,0.82857,2,0,0,0,0,0,0,0.200691,0,0,-0.843987,0,0,0,-1,0,-1,0,0,0,0,0,0,0,0,0,0,-1,-1,0,0,0,0,0,2,0,0,0,0,1,-2,0,0,0,0,0,0,0,0,0,0,0,-2,-1,-0.665012,0,0,-0.58763,0,0,1,0,1,2,2,0,0,1,0,1
0,0,0,1,0,-1,0,-0.682107,0,0,0,0,-2,0,0,0,-0.587117,0,0,0,0,0,0,0,0,0,0,0,0,-1,0,0,0.81175,2,0,3,0,0,1,0,2.789251,0,0,-0.510392,0,1,1,0,0,0,0,0,1,0,3,2,-1,0,0,-1,0,0,0,0,-4,0,-1,0,0,-1,5,-1,1,0,-1,0,0,0,0,0,1,0,0,1,1,0,-1,-0.785445,0,0,-0.625234,-2,0,0,0,1,0,0,-1,0,0,0,1
0,2,0,0,-2,0,0,-0.72209,1,0,1,0,0,0,2,3,-0.323036,0,0,0,0,0,0,-1,1,0,0,0,0,-2,1,0,0.9295,11,0,0,0,-1,1,0,0.206897,-1,0,-0.594052,-1,2,0,0,0,0,1,0,1,1,0,0,0,0,0,-4,2,0,3,0,0,0,0,0,1,-2,0,0,1,0,0,0,0,-3,0,0,1,0,0,0,1,1,0,-0.804769,0,0,-0.71676,0,0,0,0,1,0,0,0,1,0,0,1
0,0,1,-1,0,-1,0,-0.764706,0,0,0,0,1,0,0,0,-0.58936,0,0,0,0,0,0,0,0,0,0,-2,0,0,-2,0,0.81835,5,0,0,0,2,0,0,2.497832,1,0,-0.793622,0,-1,1,1,0,1,0,0,0,0,0,0,0,0,0,0,0,0,0,2,0,0,0,-1,2,0,1,-1,0,0,0,0,0,0,0,0,0,2,0,0,0,0,0,-0.610898,-1,0,-0.036459,2,0,-1,0,0,0,0,0,1,0,0,1
0,1,0,-1,-1,0,-2,-0.718035,0,1,1,0,-1,0,0,0,-0.756352,0,0,0,0,0,2,-1,0,0,0,0,0,2,0,0,1.20033,9,0,0,0,0,0,0,0.421053,2,0,-0.673281,0,0,0,0,0,0,0,0,0,0,-1,0,1,-1,0,0,0,0,0,2,1,0,1,1,0,0,0,0,-2,1,0,0,0,1,0,0,0,0,1,0,0,1,0,-0.665405,0,0,-0.309026,2,0,0,0,0,0,0,0,1,0,0,1
0,0,0,0,0,1,0,-0.755295,0,0,0,0,0,0,0,1,-0.384417,0,1,1,0,0,0,1,0,0,0,0,1,0,0,0,0.96106,6,0,0,0,0,0,0,1.127754,1,2,-0.64474,0,0,0,0,0,0,0,1,0,0,0,1,-1,-2,0,1,0,0,0,2,0,0,0,0,-2,0,0,0,0,0,0,0,0,-1,1,0,0,0,0,0,0,0,0,-0.501779,0,0,0.151151,0,0,1,0,0,-1,0,0,0,1,0,1
0,0,0,0,0,-1,1,-0.755194,1,0,2,0,0,0,0,1,-0.590373,0,0,0,0,0,0,0,-1,-1,0,0,1,0,1,0,1.45714,1,0,-2,0,0,0,0,0.698246,1,-1,-0.764706,-2,0,1,0,0,0,0,0,0,0,0,0,1,0,0,0,0,0,0,3,0,3,-2,-1,0,-1,0,0,0,1,0,0,1,0,0,0,1,0,0,0,0,1,0,-0.625,0,0,0.620685,0,0,1,0,-1,0,0,0,-3,1,0,1
-1,0,0,1,0,0,-1,-0.704884,1,0,0,-1,0,0,0,1,-0.70544,0,0,1,0,0,0,1,0,0,0,0,1,2,0,0,0.91794,15,0,0,0,0,0,0,1.250358,1,0,-0.290544,0,1,0,0,-1,0,1,0,0,1,-1,0,1,0,0,0,0,0,0,-2,0,0,0,0,0,0,0,0,4,1,0,-1,0,0,0,0,0,0,0,0,0,1,0,-0.81196,0,0,-0.827523,0,0,1,0,0,1,0,0,0,0,0,1
0,-2,0,0,0,0,0,-0.727681,0,0,0,0,0,0,0,-2,-0.692018,0,0,0,0,0,0,0,0,-1,0,0,0,0,0,0,1.2501,2,0,0,0,0,0,0,0.278702,1,0,-0.505634,0,0,0,0,0,0,0,0,1,0,0,0,0,0,0,0,-1,0,0,0,0,0,-1,0,2,0,0,-1,0,-2,0,0,1,0,0,0,0,-2,1,0,0,0,0,-0.719507,1,0,-0.755659,3,0,0,0,0,0,1,0,0,-1,0,1
0,-1,1,-2,2,1,0,-0.617467,1,0,1,0,2,-1,0,0,-0.630871,0,0,0,0,-1,0,2,0,0,1,1,0,0,0,0,1.28899,7,0,0,0,0,0,0,0.64556,0,0,-0.904915,2,0,1,1,0,0,1,0,0,1,-1,0,0,0,1,2,0,0,0,0,0,0,0,0,1,0,0,1,1,0,0,0,0,0,0,1,0,0,0,2,0,1,1,-0.641264,0,1,-0.728499,0,0,0,0,0,0,0,0,0,-1,1,1
0,0,1,1,0,0,-1,-0.517781,0,0,0,0,2,0,0,0,-0.723748,1,0,-2,0,-1,0,0,-1,0,2,1,0,0,0,0,1.5187,2,0,0,0,0,1,0,0.620272,2,0,-0.797315,0,0,1,0,0,1,1,0,0,0,0,0,0,0,0,0,0,0,-1,1,0,1,-1,0,0,0,0,1,1,0,0,0,-1,0,0,0,1,1,0,0,0,0,1,-0.511368,0,0,-0.687172,0,0,0,0,0,0,0,0,0,0,1,1
0,0,1,0,0,1,0,-0.617605,0,0,1,0,-1,0,0,0,-0.733389,0,1,0,1,-1,0,0,0,-2,0,1,0,0,3,0,1.57143,6,0,0,0,0,0,0,0.364322,-2,0,-0.777314,0,-4,1,1,0,1,1,0,0,1,2,-1,0,-1,1,0,0,0,0,0,1,0,0,-1,0,0,0,0,1,0,-1,0,0,0,1,0,0,0,0,-1,0,1,1,-0.716542,0,-1,-0.379251,0,0,0,0,0,0,0,0,1,-1,1,1
0,0,0,0,0,-1,0,-0.777747,0,0,0,0,-2,1,0,1,-0.410586,1,0,1,2,0,0,0,2,0,0,2,0,0,0,0,1.38421,7,0,1,1,0,1,0,1.58537,0,0,-0.71178,0,0,0,0,0,0,-2,1,0,-2,0,1,0,0,-1,0,-1,0,0,1,0,0,2,0,0,1,0,0,0,-2,0,0,0,0,1,-1,0,-1,0,0,0,1,0,-0.826133,0,0,-0.800201,2,0,2,-1,0,0,0,0,0,0,1,1
0,-1,0,0,0,-1,0,-0.605813,0,-2,0,0,0,0,0,1,-0.867123,1,1,0,0,0,0,0,0,2,0,0,0,0,0,0,1.15507,9,0,0,0,0,0,0,0.735657,0,0,-0.74123,0,0,1,0,0,0,4,1,0,0,1,0,1,1,0,0,0,0,-1,0,0,1,0,0,1,0,0,0,0,0,0,0,0,0,1,0,0,1,0,0,0,0,0,-0.773724,0,0,-0.501437,0,0,5,-1,0,0,2,1,0,0,1,1
0,0,2,0,0,0,0,-0.781475,0,2,0,0,0,0,-1,0,-0.752053,1,0,1,0,0,1,-2,0,0,0,0,-1,-1,1,0,1.66862,0,3,0,0,0,0,0,1.700823,-1,0,-0.673619,0,3,0,-1,1,0,0,0,0,0,-4,0,0,0,0,0,0,0,0,0,0,0,0,0,2,0,2,1,0,0,2,0,0,0,0,0,0,-1,0,0,0,0,0,-0.769231,0,0,-0.308079,0,0,0,0,0,0,0,1,-1,0,1,1
0,0,0,0,0,0,-3,-0.774803,-1,0,0,1,0,0,0,1,-0.718837,0,1,0,1,0,0,0,1,0,-1,2,0,2,0,-1,1.39844,7,0,0,0,1,0,0,0.927257,2,3,-0.756993,0,0,0,0,0,0,0,0,0,0,0,1,0,0,0,3,0,-1,0,3,1,0,0,0,0,-1,0,0,0,0,3,0,0,1,-1,0,0,0,0,0,0,0,0,-0.925,0,0,-0.10308,0,0,0,0,0,1,2,0,0,0,1,1
0,0,0,0,0,0,-1,-0.764706,0,0,1,0,1,0,2,0,-0.792754,0,0,-1,1,0,0,1,1,0,0,0,2,0,1,0,1.57523,3,0,0,0,1,0,0,0.820006,2,0,-0.638063,0,0,0,0,1,0,0,0,0,0,1,0,0,0,1,3,1,0,0,0,0,0,0,1,0,0,0,0,0,0,0,0,1,1,0,-1,0,1,0,2,0,0,1,-0.825678,0,0,-0.456624,-4,0,0,1,0,0,0,0,0,1,1,1
0,2,0,0,0,1,0,-0.850936,0,0,0,0,0,0,0,0,-0.626068,0,0,3,1,0,0,1,1,0,0,0,0,0,0,0,2.67594,1,0,0,-2,2,-2,1,1.541486,0,0,-0.548724,0,0,-1,0,0,0,0,0,0,0,0,0,0,0,0,0,-1,-1,-2,0,1,-1,0,0,0,1,0,0,0,0,0,0,0,1,0,0,0,1,0,0,0,0,0,-0.925,0,0,-0.533042,0,0,0,0,0,0,0,0,0,0,1,1
0,0,0,1,1,0,-1,-0.755102,0,0,0,0,0,1,0,0,-0.75,0,0,0,0,0,0,0,-1,0,0,0,-1,0,0,1,0.85714,3,0,0,0,0,0,0,0.769096,0,1,-0.6,2,0,0,0,0,0,1,1,0,0,0,1,0,1,0,0,1,0,0,0,1,0,0,0,0,-1,0,1,1,0,0,0,0,0,0,0,0,-2,0,0,0,0,0,0.173086,0,0,-0.715785,-1,0,0,0,0,1,0,0,1,0,0,1
0,0,0,0,1,1,0,-0.733694,2,0,0,1,0,0,0,0,-0.733438,-1,-1,3,3,0,0,0,0,0,0,0,-3,0,0,0,0.88971,2,0,-1,0,0,-1,0,1.979816,0,0,-0.906975,1,0,0,0,0,0,0,0,0,0,0,1,0,0,0,0,0,0,0,1,1,0,1,0,0,0,0,0,0,0,0,0,-1,0,0,2,0,-1,0,0,0,1,0,-0.214224,0,0,-0.830601,0,0,0,0,-1,0,-2,0,1,0,0,1
0,2,0,0,1,1,-1,-0.611987,0,0,0,1,0,1,0,0,-0.669503,0,0,0,0,0,0,0,0,0,0,0,0,1,-1,0,2.28246,0,0,1,0,0,0,0,1.763977,0,0,-0.6,0,0,0,0,0,-1,0,0,0,-1,0,0,0,0,-1,0,0,1,0,0,0,1,0,1,0,0,1,0,0,-3,0,0,0,-1,0,0,0,0,0,-1,2,0,0,-0.666667,0,0,-0.8125,0,0,0,1,0,2,0,0,0,1,0,1
0,-2,0,0,0,0,0,-0.648249,0,0,0,0,1,1,1,3,-0.727348,0,0,2,1,0,1,0,0,0,0,2,1,0,0,1,1.42894,9,0,0,0,0,0,0,0.755533,0,0,-0.75423,0,0,-1,-1,0,0,1,0,1,0,1,0,0,0,1,-1,0,0,-1,0,-1,0,0,0,0,-1,0,0,0,-1,0,0,0,0,0,0,0,0,0,0,0,0,0,-0.870224,0,0,-0.678657,0,0,0,1,0,0,0,1,0,0,1,1
0,0,0,0,0,0,0,-0.685294,2,0,0,0,1,0,0,0,-0.709335,0,0,0,0,0,0,0,0,0,0,0,0,-1,1,0,1.63863,1,-1,0,1,0,0,0,0.724685,0,0,-0.74649,-1,0,0,0,0,0,0,1,1,-1,0,0,0,1,-2,0,0,0,0,1,0,0,0,0,2,0,1,0,0,0,2,0,-2,-1,1,0,0,0,0,0,0,0,0,-0.85845,0,0,-0.710638,0,0,0,0,0,0,0,1,-1,0,1,1
0,0,1,0,0,-1,0,-0.719697,0,0,-1,-1,-1,0,1,1,-0.731397,0,0,1,3,0,0,1,0,0,0,0,0,0,0,0,0.73383,5,0,0,0,1,0,-1,1.001233,0,1,-0.789584,0,0,0,0,2,0,0,0,0,0,0,0,0,0,0,2,0,0,1,0,0,0,0,1,2,0,1,2,0,0,0,0,0,1,-1,0,0,0,0,0,0,0,-1,-0.095372,0,0,-0.714286,-1,0,-3,2,0,0,0,0,0,2,1,1
0,3,1,0,0,0,0,-0.537135,0,0,-3,0,0,0,-1,0,-0.61885,0,0,0,0,0,0,0,1,0,0,0,0,0,0,0,0.65852,9,0,0,-1,0,0,0,0.523121,0,0,-0.202179,4,0,0,0,0,0,1,-1,1,0,0,0,0,0,0,0,-1,1,0,0,0,0,0,0,-2,-1,0,0,1,0,1,0,0,0,0,0,0,0,0,3,0,0,0,-0.604917,0,1,-0.778996,0,0,0,0,0,1,0,0,0,0,0,1
0,2,0,-2,0,0,3,-0.670797,3,0,0,-1,-1,0,0,0,-0.804201,0,0,0,0,0,0,-1,1,0,1,0,0,-3,1,0,0.41532,6,0,0,0,0,0,0,0.683703,0,1,-0.468441,3,0,-1,0,0,0,0,0,1,0,0,3,0,3,-1,0,0,0,1,0,0,2,-3,6,0,2,1,-1,1,-1,1,0,0,0,0,0,0,0,0,0,0,0,3,-0.877316,-1,0,-0.561479,2,1,-1,0,2,0,0,0,0,0,0,1
0,0,0,0,0,0,-1,-0.611812,2,0,0,-1,-2,0,-1,-1,-0.684211,0,0,0,-1,0,0,-1,0,0,0,1,1,2,0,0,1.06147,9,0,0,0,1,0,0,0.201328,1,0,-0.41833,0,1,0,1,0,0,0,0,1,0,0,1,0,-1,-2,2,0,1,0,-1,0,0,0,0,0,0,-1,0,-2,0,0,0,0,-3,0,0,0,0,0,0,0,0,0,-0.866557,0,0,-0.783748,0,0,0,0,0,1,2,0,1,0,0,1
0,-1,0,1,0,-2,0,-0.57919,0,0,0,0,3,0,0,-1,-0.624841,0,0,0,-2,0,0,3,0,0,0,0,0,0,0,0,2.51155,3,0,-1,2,1,0,0,0.653801,0,0,-0.815798,0,-1,0,0,0,-1,0,0,0,-2,1,0,0,0,0,1,-1,0,0,0,0,-1,0,0,0,0,1,0,0,0,-2,0,2,0,0,0,0,-2,0,0,0,0,0,0.752861,0,0,-0.762947,0,0,0,0,0,0,1,1,0,0,1,1
0,0,1,1,0,0,1,-0.748599,1,0,0,0,1,0,-1,0,-0.684929,0,0,0,0,0,0,0,0,0,0,0,0,0,0,0,1.62621,5,0,0,-1,0,0,0,1.719296,0,0,-0.721263,0,0,0,0,0,0,0,0,0,1,-2,2,0,0,1,1,0,0,0,1,0,0,0,0,1,-1,0,0,-1,0,0,0,0,1,0,0,1,0,0,3,0,0,-1,-0.74941,0,0,-0.653367,1,0,0,0,0,0,1,1,0,0,1,1
0,0,0,0,0,0,1,-0.789545,0,1,0,0,1,0,0,0,6.287037,0,0,0,-3,-1,0,0,0,0,0,0,3,0,-1,0,0.89794,4,0,-1,0,0,3,0,2.140915,-2,0,-0.677159,0,0,0,0,0,0,0,-1,0,-1,0,1,-1,0,0,1,0,0,-1,0,0,0,-1,1,0,0,0,0,0,2,0,0,2,1,0,0,0,0,0,0,0,0,0,-0.700574,-2,0,-0.68246,2,0,0,0,0,0,0,2,0,0,1,1
1,1,0,0,0,-1,-2,-0.34005,-1,3,0,0,0,0,1,0,-0.438593,0,0,3,0,0,0,0,0,0,0,0,0,0,0,0,3.2,11,0,0,1,0,-1,1,0.732143,0,-2,-0.892857,0,1,0,0,0,-2,0,0,0,0,0,-1,0,0,0,0,0,0,0,0,0,0,1,0,-1,0,0,1,0,-4,0,1,0,1,0,0,1,1,0,0,0,1,0,-0.89404,0,0,-0.366581,-1,0,2,0,0,0,2,0,0,0,1,1
0,2,0,0,0,0,0,-0.623644,3,0,0,0,0,0,-1,0,-0.455666,0,0,0,0,0,0,0,0,1,0,0,0,0,0,0,3.2,11,0,2,1,3,0,1,0.852021,0,0,-0.7201,0,-1,1,0,0,0,0,1,0,0,1,0,4,0,0,2,0,-1,0,-4,0,0,0,-4,0,0,-1,1,0,0,0,0,-1,1,0,0,1,1,0,-1,2,1,0,-0.352208,0,-1,-0.847294,0,0,0,0,-1,0,0,-1,0,4,1,1
0,0,0,0,0,2,-1,2.958711,0,0,2,0,0,0,0,0,-0.777778,0,-1,1,0,0,0,0,0,0,0,3,2,1,-1,0,3.87566,11,0,0,1,0,0,0,0.732143,2,0,-0.726675,0,0,0,0,0,1,0,1,0,0,1,-1,1,1,-1,0,0,0,0,2,0,0,-1,1,0,1,0,0,0,0,0,1,1,3,1,0,0,1,0,1,1,0,0,-0.347652,0,0,-0.636364,0,0,0,0,0,1,0,0,0,0,1,1
-1,0,0,0,0,0,1,-0.603591,1,0,0,0,0,0,0,3,-0.639632,1,0,0,0,0,0,-1,1,0,0,0,0,2,0,0,0.68571,1,0,-1,0,0,0,0,1.153075,0,0,-0.310949,0,1,0,0,-1,0,0,0,0,0,-1,0,0,0,0,0,-1,0,0,0,1,0,0,1,2,0,0,1,0,0,0,0,0,0,0,0,2,0,1,0,0,0,0,-0.816508,0,0,1.57143,0,0,2,0,-2,1,0,0,0,0,0,1
0,3,-4,0,0,0,-2,-0.719345,0,0,0,-1,0,-2,0,1,-0.6,0,0,2,2,0,0,0,0,0,0,0,2,3,0,-1,0.59543,7,0,0,0,0,0,-1,1.66931,0,0,-0.199133,0,-1,0,0,0,0,0,0,0,0,0,0,0,0,-1,2,0,0,0,0,0,1,0,0,0,0,0,0,0,-1,0,0,0,0,-1,0,0,0,0,0,0,0,0,-0.897835,0,0,6.827476,0,0,0,0,0,-1,0,-1,1,0,0,1
0,0,0,-1,0,0,1,-0.612161,-1,0,0,0,1,1,0,1,-0.535674,0,0,1,0,0,0,0,1,0,0,0,0,0,0,-2,0.90373,3,1,0,1,-2,0,0,2.183196,1,0,-0.491025,0,1,0,0,1,0,0,0,0,0,0,2,0,0,0,0,0,0,0,0,3,1,0,0,0,0,0,0,0,0,0,0,0,0,0,0,0,2,0,-2,0,-1,0,-0.706455,0,0,0.553643,0,0,0,0,0,0,2,1,1,0,0,1
0,1,0,1,1,0,3,-0.642447,-1,0,0,0,-1,0,0,1,-0.28151,0,0,0,1,0,0,2,1,0,0,2,0,0,-2,-1,1.14911,2,1,0,0,2,1,1,0.792107,0,1,-0.842134,0,1,0,0,1,0,0,0,0,0,0,0,0,0,0,1,0,1,2,0,0,-1,0,1,0,1,1,0,0,0,0,0,0,2,0,0,0,0,0,1,0,-5,0,-0.364872,-1,0,-0.634242,2,0,0,0,0,0,-1,0,-1,1,0,1
0,0,0,1,0,1,0,-0.565556,0,0,0,1,0,0,0,0,-0.61748,0,0,0,0,3,0,0,0,0,-1,0,0,0,0,0,1.4947,10,0,0,0,-1,1,0,1.38873,1,1,-0.739274,1,0,0,0,0,0,0,0,1,1,0,0,1,1,0,0,0,0,0,0,0,0,0,-1,1,0,1,0,1,1,1,0,0,0,0,0,0,0,0,1,0,0,0,-0.77762,0,0,-0.699467,0,0,0,0,0,0,-1,2,0,1,0,1
0,-1,0,1,-2,0,-1,-0.803279,0,0,4,0,-1,0,0,0,-0.60163,0,0,0,0,-1,-1,-1,0,-1,0,0,0,0,0,0,1.48327,4,0,0,0,0,1,1,1.117159,0,1,-0.735031,1,0,0,0,1,0,0,1,0,0,1,0,0,0,0,1,0,0,0,0,1,0,0,0,0,0,1,0,0,0,0,0,0,0,0,0,0,1,0,1,0,-2,0,-0.8523,0,0,-0.675676,0,0,0,2,0,0,1,1,0,0,0,1
0,0,1,0,0,0,0,-0.48525,0,1,0,0,0,0,0,0,-0.447623,0,0,1,0,1,0,2,0,0,0,0,0,0,1,-1,0.818,5,0,0,0,0,0,0,3.72222,0,0,-0.333333,2,0,0,0,0,0,2,0,-2,0,1,0,0,1,-2,0,0,0,-3,1,0,0,1,1,1,1,0,0,0,0,2,0,0,0,0,0,0,1,0,0,0,2,0,-0.538462,0,0,-0.537717,0,0,0,0,0,0,0,1,0,0,1,1
0,0,0,0,1,0,0,-0.078896,0,1,0,0,0,-2,-1,0,-0.633157,-1,0,1,0,0,0,0,-1,1,0,0,0,0,0,0,0.51429,10,-1,0,0,0,0,0,1.901576,0,0,-0.333333,0,-1,0,0,0,0,0,0,0,0,0,0,0,0,0,0,0,0,0,1,0,0,1,0,0,0,0,0,0,0,0,0,0,-2,1,0,0,1,0,0,0,3,0,-0.301348,0,0,-0.593599,-1,0,2,0,0,-2,0,-1,0,0,1,1
0,0,1,0,1,-1,0,-0.727673,-1,1,0,0,0,0,0,0,-0.750274,0,0,0,0,0,-1,0,0,1,0,0,0,0,0,0,0.51429,7,0,0,0,0,0,-2,3.72222,0,0,-0.025511,0,0,0,-1,1,0,1,0,0,0,0,0,2,0,0,0,0,0,0,1,-2,0,0,0,0,0,0,0,0,0,0,0,0,0,0,0,0,1,0,1,0,0,-1,-0.481392,0,0,-0.610742,0,0,0,0,0,0,0,0,0,1,1,1
0,0,-1,0,0,0,0,-0.74814,0,0,0,0,-1,0,0,0,-0.714286,0,0,0,0,0,0,0,1,0,0,0,-1,-2,0,1,0.84307,3,0,0,0,0,1,0,0.841098,1,0,-0.551964,0,-2,0,-1,0,-1,-1,0,0,0,0,0,0,0,0,0,0,0,0,0,0,0,0,0,0,-1,0,0,1,0,0,0,0,-1,0,0,0,0,0,1,0,0,2,-0.588231,0,0,-0.769231,0,0,0,1,0,0,0,0,0,2,0,1
0,3,0,0,0,0,0,-0.668704,0,0,0,-1,0,0,0,0,-0.662482,0,-2,0,-1,0,0,0,0,0,0,0,-2,2,-4,0,1.21231,4,0,0,0,0,0,0,0.912233,0,0,-0.662377,1,0,0,0,0,-1,0,0,0,0,0,0,0,0,0,0,0,0,0,0,0,0,0,2,1,0,2,1,1,1,0,-1,-1,0,0,0,0,-1,0,0,0,1,0,-0.60961,0,2,0.129139,-1,0,-2,0,0,0,0,0,0,-4,0,1
-1,0,0,1,0,0,0,-0.593532,0,0,0,-1,1,0,0,0,-0.839242,0,0,0,-1,-1,2,0,0,0,0,0,0,1,0,0,0.82719,3,0,0,-1,0,1,0,0.326913,0,0,-0.478326,0,0,0,0,0,0,0,0,0,0,0,0,0,0,-1,-1,0,1,0,0,0,0,0,0,-2,0,0,0,1,0,0,-2,0,0,0,0,0,0,0,0,0,1,0,-0.596155,0,1,-0.621171,0,0,0,0,0,0,0,0,0,0,0,1
0,0,0,-1,1,1,0,0.021689,0,-1,-1,0,0,0,0,-2,-0.756171,0,1,0,0,0,-1,-1,1,0,1,0,0,-1,-1,-1,1.17143,0,0,0,1,0,-1,0,0.219512,-1,0,-0.70866,0,0,0,0,0,0,0,0,1,0,1,3,0,1,0,0,0,0,0,0,3,1,0,0,2,-1,1,0,1,0,1,1,3,0,0,0,0,1,0,0,0,0,0,-0.496975,0,0,-0.500901,-1,0,1,0,0,0,0,0,0,2,0,1
0,0,0,1,0,1,0,0.371846,0,0,0,0,0,-1,0,0,-0.647555,0,0,0,0,1,0,1,2,0,0,0,-2,0,-1,0,1.57948,2,0,0,0,0,0,0,0.219512,0,0,-0.522715,0,0,0,0,-1,0,0,0,0,0,-3,0,0,0,0,0,0,0,0,0,0,1,0,0,-3,0,0,-1,1,0,0,0,0,-1,0,0,-2,1,1,0,1,0,1,-0.164313,0,0,-0.570159,0,0,-4,0,0,0,0,0,0,-1,0,1
0,0,0,1,1,0,0,-0.883263,0,0,0,0,0,0,0,0,-0.652754,0,0,-2,1,0,3,0,1,0,1,0,1,1,0,0,1.2598,1,-1,0,0,0,0,0,0.219512,0,-1,-0.617995,1,0,1,0,0,2,0,-1,2,0,0,1,1,0,-1,1,0,0,2,0,1,1,0,0,2,2,1,2,-3,1,1,0,1,0,0,0,0,1,0,0,0,0,0,-0.574451,0,0,-0.378679,1,0,0,0,0,0,0,1,0,0,0,1
0,0,0,0,1,0,0,-0.75954,1,0,2,2,0,-1,0,0,-0.595133,0,0,0,0,-1,0,0,1,0,0,0,0,0,0,1,0.92227,7,0,0,0,0,0,0,1.896706,0,0,-0.79179,0,0,0,0,0,0,3,0,1,0,-1,0,0,0,-3,0,0,0,0,1,0,1,0,0,2,1,1,0,0,0,0,0,2,2,0,0,0,0,0,0,0,-1,0,-0.403385,0,1,-0.563137,0,0,0,0,-2,1,0,0,0,1,1,1
0,0,0,0,1,4,0,-0.664792,0,1,-2,0,0,0,-1,0,-0.682553,0,-1,0,1,0,0,0,0,2,-1,0,0,0,0,1,0.92331,8,0,0,0,1,1,0,2.318146,0,0,-0.409923,0,-1,0,0,0,0,0,0,1,2,0,0,0,0,0,2,0,-2,0,0,-2,1,5,0,0,0,1,0,0,0,0,1,1,0,0,0,-1,0,0,0,1,0,-1,-0.595021,0,1,-0.608677,0,0,0,0,0,3,2,1,0,0,1,1
0,0,-1,0,1,0,0,-0.814049,0,0,-2,2,0,0,0,-3,-0.834499,0,0,1,1,0,0,0,0,0,0,0,0,-3,1,0,0.92731,14,0,0,1,0,0,0,1.89744,2,0,-0.637854,0,0,0,0,0,0,0,0,1,3,0,0,0,0,1,0,0,1,3,-1,3,1,0,0,0,0,1,0,0,0,-1,0,0,0,0,0,0,0,0,0,0,1,0,-0.658369,0,1,-0.656455,0,0,0,-1,0,0,0,1,0,0,1,1
0,0,1,0,0,0,0,-0.710365,0,1,0,0,1,0,0,0,-0.661799,0,0,0,0,0,0,0,1,0,0,0,0,0,0,0,0.76011,2,-1,0,0,1,0,0,1.325229,0,0,-0.596074,-1,0,0,0,0,0,-2,0,0,0,0,0,0,0,0,0,0,0,0,0,3,0,2,0,0,0,1,0,0,0,0,0,0,1,0,1,0,0,0,1,0,-1,1,-0.687925,0,0,-0.818182,0,0,5,2,0,-2,1,0,0,-1,0,1
0,0,1,0,1,1,0,-0.656845,-2,0,1,0,0,0,-1,0,-0.285728,0,0,0,0,-1,-1,0,0,0,0,0,-1,0,1,0,1.37998,0,0,1,2,0,-1,0,1.14815,3,0,-0.461929,0,0,0,0,0,0,0,0,0,-2,0,0,0,0,0,1,0,0,1,0,0,1,0,0,0,0,0,0,0,1,0,1,1,0,0,0,0,-1,0,1,0,0,0,-0.691292,0,0,-0.680206,0,0,0,0,0,0,0,1,0,0,0,1
0,0,0,0,0,0,0,-0.684211,0,1,1,0,0,1,-3,0,-0.497051,0,0,0,0,1,0,-1,0,0,0,0,2,0,0,0,0.81073,6,0,0,1,1,0,0,1.14815,0,0,-0.55514,0,0,0,0,0,0,0,0,-1,0,0,-1,-1,-2,0,0,-1,0,0,-1,0,0,0,2,4,2,0,1,0,0,0,0,1,0,0,0,0,0,0,1,0,0,0,-0.503273,0,0,-0.818182,0,0,0,0,0,0,0,0,0,0,0,1
0,0,2,2,0,0,0,-0.709623,0,0,-4,0,0,0,0,0,-0.695306,0,0,2,0,0,0,0,-1,1,0,0,0,0,1,0,1.15399,0,0,0,0,0,0,0,0.23784,0,0,-0.571429,1,0,1,0,0,0,2,0,0,3,0,0,0,1,0,0,0,0,1,0,2,1,0,0,1,0,0,0,1,-1,0,0,0,0,0,0,0,0,0,-1,0,0,0,0.023451,0,0,-0.657501,-1,0,0,0,0,0,0,0,0,0,0,1
0,0,0,0,0,3,-1,-0.545133,0,0,0,0,0,-2,-1,-1,-0.639876,0,1,0,1,0,0,0,0,0,0,0,0,0,1,0,0.8221,3,0,1,0,0,1,0,0.25,0,0,-0.513193,0,0,0,1,0,1,2,0,0,3,0,-1,0,0,2,-2,0,0,0,0,0,1,1,0,-1,2,0,0,1,0,0,1,0,0,0,0,0,-1,0,0,0,0,1,0.194359,0,0,-0.585654,0,0,0,0,0,0,0,0,0,0,0,1
0,0,-3,-1,0,0,0,-0.610788,0,0,0,0,0,0,-1,0,-0.625,0,1,0,0,0,0,0,0,3,0,1,-3,0,1,0,0.68625,1,0,0,-2,1,0,0,0.25,0,0,-0.54251,0,0,0,0,0,0,0,0,0,0,-2,2,1,1,0,0,3,-1,0,0,0,0,0,-2,0,0,0,0,0,0,-2,0,1,0,0,0,2,-1,1,0,0,0,3,0.038897,0,0,-0.635706,0,0,0,1,0,-2,0,0,0,0,0,1
0,0,0,0,0,0,-1,0.759545,1,1,0,1,0,2,0,2,0.095368,0,0,0,2,1,2,0,0,0,-1,0,2,2,0,0,1.43721,10,0,0,1,0,0,0,2.16,0,0,-0.762935,2,0,0,2,-2,-1,1,0,0,0,0,-1,1,0,-3,0,1,0,4,-2,1,1,0,0,0,0,0,0,0,0,2,1,-1,0,0,0,1,0,0,1,0,0,0,-0.628782,1,0,-0.75266,0,0,0,0,0,1,0,0,0,2,1,1
0,0,0,0,0,0,0,-0.153714,-1,0,0,1,-1,1,0,0,-0.863636,0,0,0,0,1,0,1,-1,0,0,-1,0,0,0,0,1.44986,7,0,0,1,0,0,0,1.884082,0,1,-0.769826,2,0,0,0,0,0,-1,1,1,0,0,1,1,0,0,0,1,0,2,0,0,1,2,1,0,0,0,0,0,0,0,0,0,0,0,0,1,2,0,1,-2,3,0,-0.508967,1,0,-0.651419,0,0,0,-2,0,1,0,0,0,3,1,1
0,-1,0,0,-1,0,0,-0.530837,-2,0,1,1,0,0,0,0,-0.863636,0,1,0,2,0,0,1,0,1,0,2,2,0,0,3,1.42694,6,1,0,0,1,0,0,2.130505,0,-1,-0.79224,0,0,0,0,0,0,1,1,0,0,0,0,0,0,0,0,1,1,2,0,0,0,0,0,2,0,-1,3,0,0,0,0,0,0,0,0,0,0,0,0,-1,0,0,-0.64335,0,0,-0.69027,2,0,0,0,0,1,2,0,0,0,1,1
0,2,0,0,0,0,0,0.029901,0,0,0,0,2,0,-2,0,-0.726969,0,0,1,0,0,0,0,0,1,0,0,2,0,0,0,1.11429,0,0,1,0,-1,1,0,0.319097,0,0,-0.739662,0,0,1,0,0,0,0,0,0,0,0,0,1,1,0,0,0,0,3,5,1,0,0,0,1,0,1,2,0,0,0,1,0,0,0,0,0,0,0,0,0,-2,0,-0.378046,0,0,-0.341971,0,0,1,0,0,0,0,1,0,2,0,1
0,0,0,0,0,0,0,-0.616631,0,0,0,0,0,0,4,0,-0.766114,0,0,0,1,0,0,1,0,1,0,0,3,0,0,0,0.61438,0,0,0,0,0,0,0,2.003675,0,0,-0.642843,0,0,0,0,0,0,0,1,0,0,0,0,0,-2,0,0,0,1,0,0,2,0,0,0,1,0,0,3,1,0,3,0,1,-1,0,1,0,0,1,0,0,1,0,-0.692308,0,0,-0.718117,0,0,0,-1,0,0,0,0,0,0,0,1
0,0,0,0,0,-1,1,0.308297,0,0,0,1,1,0,0,0,-0.586015,-1,0,1,0,0,-1,0,0,0,0,-1,0,0,0,0,1.16346,1,0,1,0,0,0,0,0.416055,0,0,-0.891022,0,-2,0,0,1,0,0,0,0,0,0,0,0,0,0,-1,-1,0,-1,0,1,1,2,0,1,0,0,2,0,-4,0,1,0,0,0,0,0,1,0,0,0,0,0,-0.690934,0,0,-0.765518,0,0,0,0,0,0,1,0,0,1,0,1
0,0,1,-1,-1,0,0,-0.112451,0,-1,0,0,0,0,1,0,-0.604536,0,0,0,0,0,0,1,0,0,0,0,0,0,0,1,0.74708,0,0,-1,1,1,2,0,0.176827,0,-1,-0.622773,0,0,0,0,0,0,-1,0,1,-1,0,0,0,0,0,1,0,0,0,0,1,0,0,0,2,0,0,0,0,-1,0,0,0,0,0,0,0,-1,0,2,0,0,0,-0.700677,0,0,-0.744681,3,0,-1,-1,0,1,0,0,0,0,0,1
0,0,0,0,0,0,0,-0.368421,0,-1,0,0,1,0,0,0,0.669955,0,0,1,0,0,0,0,0,0,1,0,0,0,0,0,0.52473,4,0,0,1,2,0,0,0.744918,0,0,-0.57581,1,1,0,0,0,0,0,0,0,0,0,0,-2,0,0,0,0,0,0,1,3,1,1,0,0,0,0,-1,-1,0,0,-1,0,0,0,-1,2,0,1,0,0,0,2,-0.729122,0,0,-0.745229,2,-1,0,-1,0,0,0,2,1,1,0,1
0,0,0,0,0,0,1,-0.803706,0,0,0,0,0,-1,4,-1,-0.645436,0,0,0,0,0,-2,0,0,0,0,0,0,3,1,0,0.94286,10,0,1,0,0,2,0,0.636364,-1,0,-0.80846,1,1,0,0,0,0,1,0,0,1,1,0,2,0,0,0,0,0,1,2,0,0,0,2,6,7,0,0,0,-5,0,0,0,1,0,0,0,0,0,0,0,0,1,-0.70242,0,0,-0.918498,0,1,0,0,1,0,0,0,0,1,0,1
0,-2,0,0,-1,0,3,-0.75,0,0,0,-2,0,0,0,0,-0.404687,0,3,0,0,0,0,0,0,1,0,1,0,2,0,0,0.97986,5,0,0,0,0,1,0,0.469105,0,0,-0.798213,0,0,0,0,0,0,2,0,0,-2,0,1,1,1,0,0,0,0,0,1,0,0,0,0,0,0,0,0,0,-1,0,0,1,3,0,-1,0,1,0,2,0,0,0,-0.160065,0,0,0.521428,0,-1,0,0,0,-2,1,0,1,3,0,1
0,0,2,0,0,0,0,-0.77677,1,0,0,0,0,2,4,0,-0.647059,0,0,0,0,0,0,0,0,0,0,1,0,-3,0,0,1.15178,3,0,0,0,0,1,-1,1.125,-1,1,-0.564276,0,0,2,0,0,0,0,0,1,-1,0,1,1,0,0,-1,0,0,1,1,0,0,0,0,0,1,0,0,0,-1,0,0,0,0,0,0,0,1,0,-2,0,0,0,-0.538462,0,0,-0.351213,0,0,0,0,0,0,-1,0,0,0,0,1
0,0,0,0,0,1,0,-0.76135,0,0,-1,0,0,0,0,0,0.149343,0,0,0,1,1,0,0,0,0,0,-1,0,0,0,0,1.3006,7,0,-1,0,0,1,0,1.046313,0,0,-0.587515,0,0,0,0,0,0,0,0,0,0,1,0,0,0,0,0,0,0,0,1,1,0,0,0,0,0,1,2,0,0,0,1,0,0,0,0,0,1,0,0,0,1,0,-0.781597,0,0,-0.886343,0,0,0,0,0,0,1,0,3,0,0,1
0,0,1,0,0,0,0,-0.599514,0,0,0,0,0,0,0,0,-0.456232,0,-1,0,2,0,0,1,0,0,-3,0,0,0,0,0,1.10879,6,0,0,1,0,0,0,0.680086,1,0,-0.789474,0,0,0,0,0,0,0,0,0,0,1,0,0,1,0,3,0,0,0,0,0,2,2,0,2,0,1,0,0,0,2,0,0,-2,1,-1,0,0,0,0,0,0,0,-0.757414,0,0,-0.87638,0,0,0,-1,0,0,0,0,0,-1,1,1
0,0,0,1,0,0,0,-0.481769,0,0,1,0,0,0,0,0,-0.213224,0,0,0,0,0,0,-1,1,0,-2,3,-2,0,0,0,1.43249,1,0,0,1,0,0,0,0.905682,0,0,-0.551642,-1,0,0,0,0,0,0,0,0,0,0,1,0,1,-4,0,0,1,0,0,2,2,0,1,0,0,0,0,1,0,0,0,0,0,-1,0,0,0,0,0,0,0,0,-0.724727,0,0,-0.551169,0,0,0,-2,0,0,0,0,0,0,1,1
0,-2,0,0,0,0,0,-0.728807,0,0,0,0,0,1,0,0,-0.007298,0,-1,1,2,0,0,-1,0,0,0,0,0,0,-1,0,1.3869,1,0,0,1,-1,-1,0,1.070878,0,0,-0.764481,0,-1,0,0,0,0,0,0,0,0,1,0,0,0,0,0,0,0,-3,3,-1,0,0,0,0,0,1,0,1,0,0,0,0,0,0,0,-1,-2,0,0,0,0,0,-0.733333,0,0,-0.213845,4,0,2,0,0,0,0,0,-1,0,1,1
0,0,0,0,-1,-1,1,-0.639049,0,0,3,0,-1,0,0,1,-0.703342,0,0,0,0,0,0,0,0,0,0,0,0,0,0,0,0.4823,2,0,0,0,1,0,0,0.613516,0,0,-0.828146,0,0,0,0,0,0,0,0,0,0,1,0,0,0,0,0,2,0,0,0,0,0,0,1,0,0,0,0,0,0,-1,0,0,2,0,0,0,0,0,0,1,0,0,-0.176702,0,0,-0.636346,0,0,0,1,0,1,0,0,-1,1,1,1
0,0,0,0,0,0,0,-0.383129,-1,0,0,0,2,0,0,5,-0.769231,0,0,1,0,0,0,-1,0,0,3,0,0,2,1,0,1.0551,3,1,0,0,1,0,0,1.297938,1,-2,-0.36707,-1,0,0,-1,-3,0,0,0,0,0,0,1,0,0,0,5,0,1,0,0,1,2,0,0,0,0,1,0,-1,0,-1,0,0,3,0,0,1,0,0,0,0,0,0,-0.569121,0,0,-0.7,0,0,0,0,0,1,-1,0,-1,1,1,1
0,0,-1,2,-1,0,0,-0.040284,0,0,0,-1,0,0,1,0,-0.4326,0,1,0,0,0,0,3,0,0,1,0,0,2,0,0,1.28114,3,0,0,0,0,0,0,1.117879,0,0,-0.759261,0,-2,0,0,1,0,0,0,0,0,1,1,-2,0,0,0,1,0,0,-1,0,0,0,-1,0,0,0,0,0,0,0,0,0,0,-1,0,1,0,0,-2,0,2,0,0.066529,0,0,-0.681163,0,0,0,0,1,1,0,0,0,0,1,1
0,0,0,0,0,0,-1,-0.680489,-1,0,0,0,2,0,0,0,-0.755102,0,0,1,-3,0,0,-1,0,0,1,0,1,0,0,0,1.04244,1,0,0,-1,0,0,0,2.087097,0,-1,-0.675748,1,0,0,-1,-1,0,0,0,0,0,0,0,0,0,0,0,0,0,0,4,0,0,-2,0,1,0,0,0,0,0,-1,0,0,1,0,-1,0,-3,0,0,0,-2,0,-0.637646,1,0,-0.582623,2,0,0,1,0,0,0,0,0,0,0,1
0,0,0,0,0,0,0,-0.680054,0,0,1,0,0,1,0,0,-0.747067,0,-1,0,0,0,-1,1,1,0,0,-1,0,0,0,0,0.91779,3,0,0,0,0,0,-1,0.68613,0,0,-0.619665,0,0,0,0,0,0,2,1,1,0,0,1,0,1,0,1,0,0,0,0,-2,0,0,0,0,0,-1,-1,0,0,0,0,0,1,0,0,-1,0,1,0,0,0,0,-0.427119,0,0,-0.618183,0,0,1,0,0,0,0,0,2,0,0,1
0,2,3,4,0,0,0,-0.754646,0,0,1,0,0,0,0,0,-0.755102,1,0,-1,0,0,-1,0,0,0,1,0,0,0,-1,0,0.74036,0,0,0,0,0,0,0,0.892121,1,0,-0.634432,0,0,0,0,0,0,0,0,0,-1,0,1,2,0,1,0,0,1,-1,4,-4,2,0,0,0,0,0,0,0,0,0,0,0,-2,0,0,0,1,1,1,0,0,0,-0.625,0,0,-0.32394,0,0,-1,0,0,0,0,0,-1,0,0,1
0,0,0,0,0,0,0,-0.49749,0,0,2,0,0,0,-1,0,-0.332666,1,0,1,1,0,0,0,0,-3,0,0,-1,0,1,0,1.47309,3,0,0,1,1,0,0,2.60365,0,0,-0.624207,0,1,0,0,0,0,0,0,-1,2,0,0,2,-2,0,0,1,1,0,0,0,0,0,0,2,1,1,0,0,3,0,0,0,0,0,0,0,2,0,1,0,2,0,0.470939,0,0,-0.691149,0,0,-4,0,0,0,0,0,5,0,1,1
0,2,1,0,0,0,0,-0.828571,0,2,3,-2,0,0,0,1,-0.852849,0,0,1,0,0,0,-2,1,1,0,-1,0,0,0,0,1.53626,13,0,0,0,-4,0,0,1.249483,0,0,-0.658657,0,1,0,0,0,0,0,1,-2,0,-1,0,0,-1,0,0,1,2,-2,0,0,0,0,0,0,0,1,-1,-1,2,0,-1,1,0,0,0,0,2,0,1,0,2,0,-0.455812,-1,-1,-0.349507,0,0,0,0,0,0,0,-1,-1,0,1,1
0,-1,0,0,0,0,0,-0.828571,-2,0,0,0,0,1,0,0,-0.636073,0,0,0,0,-1,0,0,0,1,0,3,0,0,1,0,3.42664,2,1,0,-2,2,0,0,2.44737,-3,0,-0.684211,0,1,0,-2,0,0,0,-2,0,2,0,0,0,-1,0,0,1,1,0,0,0,0,0,0,2,0,1,0,1,0,0,0,-1,0,0,0,0,0,0,1,0,0,0,-0.264442,0,1,-0.803851,0,0,0,1,-1,0,0,0,0,0,1,1
0,0,0,0,0,0,1,-0.866984,0,0,0,0,0,0,0,0,-0.627327,0,0,0,0,0,3,-1,0,0,1,0,2,0,0,0,1.08571,3,1,0,0,0,0,0,0.437055,0,0,3.114237,2,0,0,0,0,0,0,0,0,0,1,1,1,0,0,0,0,0,0,1,-2,0,0,0,0,1,-1,0,0,5,0,0,0,-1,0,0,0,-1,0,1,0,0,0,-0.672587,0,0,-0.705983,-1,0,0,0,0,0,-1,0,0,0,1,1
0,0,0,0,0,1,0,-0.538462,0,0,2,0,2,0,1,0,-0.555556,0,0,0,-1,0,0,0,0,0,1,2,0,1,0,0,1.67608,6,1,0,1,1,1,0,2.28947,2,0,2.511253,0,0,0,0,0,0,0,0,-1,0,1,0,2,0,0,6,0,0,3,0,0,0,2,-1,0,0,-2,0,0,0,0,0,0,1,0,0,0,0,0,-1,0,0,0,-0.428571,0,0,-0.742279,-1,0,3,0,0,0,0,0,0,0,1,1
0,0,2,1,0,1,4,1.186964,0,1,-1,0,2,0,1,0,-0.165628,0,0,0,-1,0,0,0,0,0,0,0,0,1,0,-1,1.23673,3,0,0,0,1,0,-1,2.28947,0,1,1.799654,1,-1,0,2,0,0,0,0,0,0,1,1,2,0,0,0,0,3,0,0,0,0,0,0,6,0,0,0,-2,0,0,0,0,1,0,0,0,0,0,0,0,0,0,-0.428571,0,0,-0.7,0,0,3,0,0,1,0,-1,0,0,1,1
0,0,0,1,1,0,0,-0.735669,0,-1,0,0,0,1,1,0,-0.866446,0,0,0,0,0,0,0,0,1,0,0,0,0,2,0,2.4,3,1,0,0,0,0,0,0.535714,1,0,-0.699008,-1,0,0,0,1,0,1,0,0,0,0,0,0,0,0,0,0,0,0,0,0,0,0,0,2,0,0,0,1,0,0,0,1,0,0,0,0,0,0,0,0,0,0,-0.4287,0,0,-0.630041,0,0,0,1,0,0,0,0,0,1,1,1
0,0,2,0,0,0,4,-0.635086,0,0,0,-1,0,0,1,0,-0.604876,0,0,1,0,-1,0,0,0,0,0,0,0,1,2,0,2.4,6,1,0,2,0,1,1,0.535714,1,0,-0.204728,-1,0,0,0,0,0,0,0,0,0,0,0,0,0,0,3,0,-1,0,-1,0,-1,0,-2,3,0,0,0,0,0,0,0,1,0,0,0,0,0,-1,0,-1,0,0,0.028999,0,1,-0.180783,2,0,-1,0,0,1,0,1,0,0,1,1
0,3,0,0,0,0,0,-0.692308,0,0,0,0,0,2,1,0,-0.479072,0,0,0,0,0,0,0,0,0,0,0,0,1,0,0,2.4,5,0,0,0,0,1,3,0.255828,1,0,-0.857143,1,0,1,0,0,1,0,0,0,1,-2,0,0,0,0,0,0,0,0,-2,10,1,0,0,0,0,-2,0,0,0,0,0,1,0,0,0,0,-2,1,0,0,-2,0,-0.676538,0,0,-0.581016,0,0,3,0,0,0,0,1,0,0,1,1
0,0,0,-1,0,2,1,-0.828452,-2,0,0,0,0,0,0,1,-0.800832,-1,0,0,0,-1,1,-1,0,0,-1,0,0,1,-1,0,1.56687,7,0,0,2,0,0,0,0.55958,0,0,-0.752546,0,1,0,0,0,0,0,0,0,0,-2,1,0,0,0,2,0,0,-1,1,0,0,0,0,0,-1,0,0,0,0,0,0,0,0,0,0,0,1,0,1,0,0,0,0.399052,0,0,-0.691683,0,0,0,0,0,1,1,0,0,0,1,1
0,-1,0,0,1,0,0,-0.820928,0,0,0,0,0,0,1,0,-0.751278,0,0,1,-3,0,0,0,0,1,0,2,0,0,0,0,1.56462,8,0,0,0,-1,0,0,0.941347,0,-1,-0.781509,1,0,-2,0,0,0,0,0,0,0,0,1,0,0,0,0,0,0,0,0,0,0,0,0,0,0,4,2,0,0,-1,0,0,0,0,1,0,1,0,0,0,2,0,-0.213,0,0,-0.550294,0,0,0,0,0,0,0,0,0,0,1,1
0,2,0,0,0,0,1,-0.832537,0,0,0,0,-1,0,-1,1,-0.792658,0,0,1,0,0,0,1,2,0,0,2,0,0,1,0,1.83879,1,0,0,0,0,0,0,0.649747,0,0,-0.801507,3,1,0,0,0,0,0,0,0,-1,0,1,0,0,0,0,0,0,1,0,1,0,3,-2,0,0,0,0,0,0,0,0,0,0,2,0,0,1,0,1,0,0,2,0.078373,1,0,-0.696307,0,0,0,0,0,0,0,0,0,0,1,1
0,0,0,0,0,1,0,-0.707317,0,0,-1,0,0,1,0,0,-0.355056,0,-2,1,3,0,0,0,0,1,0,0,0,0,1,0,1.89112,11,1,0,0,0,0,0,2.432541,0,0,-0.744681,1,0,0,0,0,0,0,1,0,1,0,0,1,0,-1,0,0,0,0,-1,0,-1,-2,0,0,-1,0,0,0,1,0,0,0,0,-1,0,0,0,0,0,0,0,0,-0.80288,0,0,-0.666667,0,0,0,1,0,0,0,0,-1,0,1,1
1,0,0,0,0,2,1,-0.608757,1,0,0,0,3,0,-1,0,-0.576156,0,0,0,0,0,1,0,0,0,0,0,0,0,0,0,1.15551,1,0,0,1,0,2,0,2.008622,3,1,-0.737924,1,0,1,0,0,0,0,0,0,0,1,0,0,0,0,0,1,0,1,0,1,-2,1,0,0,0,0,0,0,0,0,0,0,-2,0,0,0,1,0,1,0,0,-1,-0.631395,0,0,-0.666667,0,0,0,0,0,1,0,0,-1,1,1,1
0,-2,0,0,1,0,0,-0.385166,-1,1,0,1,2,0,0,0,-0.571429,0,0,0,2,0,0,1,-2,0,0,-2,1,0,0,0,1.00744,3,0,0,0,0,0,0,1.68085,1,0,-0.744681,1,0,0,0,-2,0,0,0,0,0,1,0,1,-1,-1,0,0,0,1,0,1,0,1,0,0,0,0,0,-1,1,1,0,1,0,-1,0,0,2,0,0,0,3,0,-0.73913,0,0,-0.666667,0,0,1,1,0,1,0,0,0,0,1,1
0,1,-2,0,0,0,0,-0.642329,0,0,0,0,0,1,0,0,-0.789474,0,0,0,0,0,0,1,1,0,-2,2,0,0,1,0,1.092,8,0,0,0,1,1,-1,1.243103,0,-1,-0.679151,0,1,0,-2,-1,0,0,-1,0,0,1,2,0,1,-2,0,2,0,0,1,0,1,0,0,0,0,0,-1,0,-1,0,0,1,0,0,0,0,-2,0,0,0,0,0,-0.428571,1,0,-0.677934,0,0,0,0,-3,0,0,1,0,0,0,1
0,-1,0,0,-2,0,0,0.222151,0,0,0,-1,0,0,0,0,-0.583839,0,0,0,0,0,1,0,0,1,0,0,0,3,1,-1,1.09622,7,1,0,1,1,0,-1,1.403182,-1,1,-0.677737,0,1,-1,1,0,0,-1,0,0,0,0,-1,-2,0,-2,0,0,0,0,0,0,0,0,1,0,0,0,0,0,-1,0,0,-1,0,0,0,0,0,0,0,1,0,0,-0.428571,0,0,-0.385266,0,0,3,-1,2,0,0,-1,0,0,0,1
0,0,0,0,0,0,0,-0.710831,0,1,1,0,1,1,0,0,-0.554483,0,1,0,0,1,0,0,0,0,0,3,0,0,0,0,1.1841,6,1,0,0,0,0,-1,0.562923,0,0,-0.487278,1,0,0,0,0,0,0,0,0,0,0,0,0,0,1,0,-1,0,-1,0,1,1,0,0,0,-1,0,0,0,1,0,0,0,0,0,-1,1,0,0,0,0,0,0,-0.045844,0,-1,-0.73913,0,0,4,0,-3,0,0,-1,0,0,0,1
-1,-1,2,0,0,6,0,-0.841717,-1,0,0,0,0,0,0,0,-0.569985,0,-1,1,1,0,1,0,0,0,0,0,0,0,0,0,0.8042,5,1,0,0,1,1,0,2.350489,0,1,-0.508608,0,1,1,0,1,0,0,0,0,0,0,0,0,0,0,0,1,0,0,1,0,0,1,0,0,0,0,0,0,-1,0,0,1,3,0,0,0,0,-2,0,0,1,0,-0.668634,0,0,-0.640126,0,2,0,0,0,0,0,1,2,1,1,1
0,-1,0,0,0,0,0,-0.895016,0,0,0,0,2,0,0,1,6.286598,-1,2,1,2,0,0,0,0,0,0,0,0,0,1,0,1.34874,5,0,1,0,1,1,1,0.683904,0,0,-0.736496,0,1,0,0,0,0,0,0,0,0,0,0,0,0,3,0,0,0,0,0,0,0,1,1,0,0,1,0,0,-1,0,0,0,0,0,0,0,0,1,-1,0,0,0,-0.538164,0,0,-0.417456,0,0,0,0,0,0,0,0,0,0,1,1
0,0,0,0,-1,4,0,-0.662121,0,0,0,0,0,0,-1,0,-0.586207,0,-1,1,1,1,0,0,0,0,1,0,0,0,0,0,1.34123,7,0,0,0,1,1,0,0.620645,0,0,-0.714943,0,3,0,0,0,0,0,0,0,0,0,0,-2,0,2,0,0,1,0,1,0,0,0,-1,0,0,1,0,0,-2,0,0,0,0,0,0,0,1,0,0,0,0,-1,-0.534988,0,0,-0.886141,0,0,0,0,0,0,1,1,0,0,1,1
0,0,1,0,0,0,2,-0.759883,0,0,1,1,-1,1,0,1,-0.619916,0,0,0,1,0,0,2,1,-1,1,0,0,0,0,0,1.95288,11,1,0,0,0,0,0,1.712504,0,0,-0.777126,0,1,1,2,0,1,-1,-2,1,0,0,0,0,-1,2,2,0,0,0,0,0,1,0,0,1,0,0,0,1,0,0,0,1,0,0,0,0,0,0,1,0,0,2,-0.75,0,0,-0.628612,2,0,0,1,0,0,0,0,0,-2,1,1
0,0,1,0,0,0,-1,-0.576432,0,0,1,1,0,1,0,1,-0.644049,1,0,0,1,0,-1,1,0,0,1,0,0,0,0,0,0.74502,-9,-1,0,0,1,0,0,2.016313,0,0,-0.757836,3,1,1,0,0,1,0,-1,-3,0,-1,0,0,0,0,0,0,0,1,1,0,1,0,0,1,1,0,0,0,0,0,0,1,2,1,0,0,0,0,1,0,0,0,-0.717847,0,0,-0.754637,0,0,0,1,0,1,-1,0,-1,0,1,1
0,0,1,-1,0,0,-1,-0.661623,0,0,0,0,0,0,0,0,-0.65358,0,0,1,1,-1,0,-1,0,-1,1,0,0,0,0,0,3.24099,2,0,0,0,1,0,1,1.432491,0,0,-0.538997,0,0,1,2,0,0,0,0,0,0,0,1,0,1,0,0,0,0,0,0,0,1,0,0,0,0,-1,0,0,0,-4,0,5,0,0,0,0,0,-1,2,0,2,0,-0.75,0,0,-0.724567,-1,1,0,1,0,1,0,1,0,-2,1,1
0,0,-1,0,0,0,0,-0.809524,3,0,2,0,1,1,-2,0,-0.387672,0,0,0,0,0,-2,0,0,-1,-1,0,1,0,-1,0,1.60446,4,0,0,2,0,0,0,0.580645,-2,0,-0.78703,0,0,0,0,0,0,0,0,0,1,0,0,0,-1,0,0,0,-1,0,0,0,3,0,2,0,-1,0,0,1,0,0,0,0,-1,0,0,0,0,0,0,0,0,0,0.20142,0,0,-0.697756,0,0,-1,0,0,-2,0,0,0,1,0,1
0,0,0,0,0,0,0,-0.809524,0,0,0,0,-2,0,0,1,-0.619455,1,0,0,0,0,0,0,0,0,1,0,0,0,0,0,1.41989,0,1,1,0,1,1,-1,0.533852,0,0,-0.612903,0,0,0,0,0,-6,0,0,0,0,0,1,0,0,-1,0,0,0,0,-1,0,0,1,0,0,0,-1,0,0,0,0,0,-2,0,1,0,0,0,0,0,0,0,1,-0.826087,0,0,-0.7,0,0,0,0,0,0,0,0,0,1,0,1
0,2,0,0,0,3,0,-0.809524,0,0,0,1,0,1,0,0,-0.555556,1,0,0,0,0,0,0,2,0,0,2,0,3,0,1,0.90192,0,-2,0,0,0,0,0,0.524763,0,-1,-0.340528,0,1,0,0,0,0,2,0,1,0,0,0,0,0,0,1,0,0,-4,0,0,0,0,1,0,0,0,-2,-1,0,2,-1,1,0,0,-2,0,1,0,0,0,-1,1,-0.791902,-1,0,-0.713907,0,0,0,0,0,2,0,0,0,3,0,1
0,0,0,0,-1,3,0,0.574934,0,0,0,0,1,0,0,1,-0.364208,0,0,0,0,-1,0,0,0,1,0,0,0,0,-1,0,0.88571,24,0,0,1,1,3,0,1.77419,0,0,-0.46541,0,0,0,0,0,0,1,0,0,1,1,2,2,0,0,0,0,0,0,0,0,-2,0,0,0,-1,0,0,1,0,0,0,-2,0,1,0,0,0,1,1,0,0,0,-0.757047,0,0,-0.683136,-1,0,0,1,0,0,0,0,0,0,1,1
0,1,0,0,0,0,0,0.522523,0,0,0,0,1,0,0,1,-0.636364,0,1,0,0,0,0,0,0,1,0,0,0,-6,2,0,0.43165,10,0,0,0,0,0,0,2.21325,2,2,-0.746914,0,0,0,0,-1,0,0,0,0,0,1,0,0,0,-1,0,0,0,3,0,0,0,0,0,0,0,0,-1,0,0,0,0,0,-1,-1,-1,1,0,0,0,0,0,-1,-0.734199,0,0,-0.36444,0,0,3,0,0,0,0,0,0,0,1,1
1,-1,1,0,0,1,0,-0.566419,0,0,1,0,1,0,-1,0,-0.88509,0,-1,0,1,0,0,0,0,1,-1,0,0,0,0,0,0.87682,3,1,0,1,0,0,0,3.420938,0,1,-0.5588,0,0,0,1,0,0,0,1,0,-1,0,1,0,-1,0,0,0,0,2,1,0,0,0,0,0,0,0,0,1,0,2,0,0,-1,0,1,0,0,0,0,0,0,0,-0.495911,0,0,-0.619725,0,0,0,0,0,0,0,0,0,0,1,1
0,1,0,4,0,1,0,-0.754532,1,0,2,0,0,0,0,0,-0.796706,0,1,0,0,0,0,0,0,0,0,0,0,0,0,1,0.99696,6,0,0,0,0,0,0,0.653061,0,0,-0.742668,1,0,0,-1,0,2,0,1,0,1,1,0,1,0,0,0,0,0,0,3,0,2,0,0,0,0,0,0,0,0,0,0,0,-1,0,0,0,0,1,0,0,0,0,-0.528639,0,0,-0.513905,0,0,0,-1,0,0,0,0,3,0,0,1
0,-1,0,0,1,0,0,-0.639832,0,0,0,-1,0,3,0,-2,-0.571653,0,0,0,0,-1,0,-1,0,0,0,0,0,0,1,0,1.3346,4,0,0,0,0,0,-1,0.965883,0,0,-0.634462,2,-1,0,0,0,0,0,1,0,0,4,0,0,0,0,-2,0,0,0,0,0,0,0,0,0,0,0,0,4,0,2,0,0,0,0,2,-1,0,0,1,-1,0,0,-0.268956,0,0,-0.560851,-3,-1,0,0,1,0,1,-1,0,0,0,1
0,0,0,0,0,0,-2,-0.456988,-1,0,0,0,0,1,0,0,-0.803279,0,1,0,-1,0,0,-1,0,-1,0,0,-1,0,0,-1,1.24884,17,0,0,0,-2,0,0,0.427689,0,0,-0.75281,0,1,0,0,0,-1,-1,0,0,0,1,0,0,0,0,0,1,0,0,1,0,0,0,0,0,0,0,0,-3,0,0,0,-1,0,0,1,-1,0,0,1,0,0,0,-0.587576,0,1,-0.675345,2,1,0,0,1,0,0,0,0,0,0,1
0,-1,3,0,0,0,0,-0.694262,-3,0,0,0,1,1,0,1,-0.673904,1,0,-1,1,1,0,-1,0,0,0,0,0,0,2,0,3.00111,6,0,0,-2,1,0,0,1.151128,0,0,-0.726529,0,0,0,-1,0,0,-1,0,0,0,0,1,0,1,0,0,1,0,0,0,0,0,-3,0,0,0,0,0,0,0,0,0,0,0,0,1,0,0,0,1,0,0,0,-0.817235,0,-1,-0.075831,0,-1,0,1,0,-1,-1,-3,-2,0,0,1
1,0,0,0,0,0,0,-0.648803,0,0,0,0,1,1,0,1,-0.736989,1,0,0,-1,1,-2,2,0,-2,0,0,2,0,1,0,1.3852,5,0,0,0,0,0,0,1.57143,0,0,-0.803271,0,-1,0,0,1,0,0,0,2,1,-1,1,0,1,3,0,0,0,0,0,0,0,3,3,1,-1,1,2,0,-4,0,0,0,0,0,0,0,0,0,0,0,0,0,-0.578889,0,0,-0.105208,1,0,0,0,0,0,0,0,0,1,0,1
0,-1,0,0,0,0,-1,-0.706322,-2,0,0,0,0,1,-1,0,-0.829992,1,0,-1,0,1,-1,0,0,0,0,4,2,0,0,0,1.85433,7,2,1,0,0,1,0,1.687525,0,0,-0.443113,0,0,0,0,0,0,0,0,0,0,1,1,1,1,3,0,0,0,-2,1,0,0,0,0,2,0,0,2,0,0,2,0,0,0,0,0,0,0,0,0,0,0,0,-0.601508,0,0,-0.893976,-2,0,0,1,0,0,-1,1,0,1,0,1
0,0,0,2,0,0,2,-0.818182,0,0,0,1,0,0,0,0,6.888404,0,0,1,0,0,0,0,0,1,0,2,0,-1,1,0,0.82857,0,0,0,0,-2,0,0,0.777806,-1,0,-0.614412,0,0,0,0,0,0,0,0,0,-1,0,0,0,0,4,-1,0,0,0,0,0,0,2,5,0,0,0,0,0,1,0,0,0,0,0,0,0,1,1,1,0,-2,0,-0.601171,0,1,-0.648358,0,0,0,0,0,1,2,0,1,1,1,1
0,0,0,0,-1,0,0,-0.818182,-1,0,0,0,0,0,0,-1,8.240961,0,0,0,0,0,0,0,0,1,0,3,0,0,1,0,0.50266,1,0,-2,0,2,0,0,0.327094,0,0,-0.518488,0,0,0,0,1,0,0,0,0,0,0,0,0,0,0,0,0,0,2,0,1,0,0,0,2,-1,0,0,1,0,0,0,0,0,0,0,0,1,0,0,0,0,0,-0.67513,0,1,-0.721608,0,1,0,-1,0,0,0,0,-2,0,1,1
0,1,0,0,-1,1,0,-0.818182,0,0,0,0,0,1,-1,0,8.31034,0,0,1,0,0,0,0,0,1,0,2,0,0,0,0,1.65246,4,0,-1,0,0,0,0,1.809516,0,0,-0.694714,0,0,0,0,0,0,0,0,0,0,0,0,1,1,1,0,0,0,1,0,0,0,0,-1,1,0,0,-1,0,0,0,0,0,-3,0,-1,0,0,0,1,1,0,0,-0.700399,0,0,-0.647716,2,0,0,-1,0,1,0,0,2,0,1,1
0,0,-1,1,0,0,0,-0.859805,0,0,-2,0,0,-2,2,0,-0.824288,0,0,0,0,0,0,0,0,1,0,0,0,0,0,0,0.97143,8,0,-1,0,0,0,0,0.848149,1,0,-0.855348,0,0,0,1,0,-2,0,0,0,0,0,0,0,0,1,2,-1,0,1,0,1,2,2,0,-1,-1,0,0,-1,0,3,0,0,-1,0,0,0,1,0,0,0,0,0,-0.701589,0,0,-0.907673,2,0,2,0,0,0,-1,0,0,8,0,1
0,0,0,0,0,0,0,2.027479,0,0,0,0,1,0,-2,0,-0.45557,0,0,0,0,0,0,1,0,0,0,-1,-1,0,0,1,0.95708,0,0,0,0,2,0,0,1.023814,0,-1,-0.647059,0,0,0,0,0,-1,0,0,0,0,0,0,1,0,0,0,0,-1,0,0,0,1,0,0,-4,0,5,3,-1,0,0,0,2,0,0,1,0,1,0,1,1,0,0,-0.583014,0,0,-0.717791,0,-1,-1,0,0,-3,0,0,-1,1,0,1
-1,0,0,1,0,0,0,-0.463499,0,0,-2,0,-2,0,0,0,-0.763566,0,0,0,0,0,1,-1,2,1,0,-1,1,0,2,0,0.76577,2,1,0,1,2,0,0,0.794267,0,0,-0.711848,1,-1,0,0,0,0,0,0,0,0,0,2,0,0,0,-1,0,0,0,-2,5,0,0,-3,-1,1,0,4,0,1,0,0,0,0,0,-1,0,0,0,1,1,0,2,-0.4861,0,0,-0.655588,0,0,0,1,0,-2,-1,-1,0,0,0,1
0,0,-1,-1,0,0,0,-0.675676,0,0,0,0,0,0,0,1,-0.685041,-1,0,0,0,0,0,0,0,0,0,0,0,0,0,1,0.92324,0,0,1,0,-1,1,0,1.14894,2,1,-0.744681,0,1,-1,0,0,0,0,-2,1,0,0,0,0,-1,0,-1,0,0,0,0,0,1,0,1,0,0,0,0,1,0,0,1,0,0,0,0,0,2,0,2,0,1,0,-0.728686,0,0,-0.743648,0,0,-1,-2,0,1,0,0,1,0,1,1
1,0,1,0,0,-1,0,-0.691725,-1,0,-1,0,0,0,0,1,-0.709321,-1,0,0,0,0,-2,1,1,0,0,2,0,0,0,0,1.84277,3,0,0,1,0,0,0,2.069945,0,-1,-0.691862,0,0,0,0,0,0,0,0,1,0,0,0,-1,0,0,1,0,0,0,0,1,0,2,1,0,0,0,2,0,2,2,0,0,0,0,0,0,0,0,0,0,0,0,-0.799233,0,0,-0.594788,0,0,2,-1,1,1,0,-1,0,0,1,1
0,0,0,0,0,0,1,-0.600376,-1,0,0,0,4,0,0,0,-0.719159,0,-1,0,0,0,0,0,0,0,0,0,0,0,0,0,1.34286,2,1,-1,1,-1,0,0,1.946218,0,-2,-0.667625,0,1,0,0,-1,-1,0,0,1,3,0,0,0,0,0,0,0,1,0,1,0,0,0,1,0,0,2,-3,1,0,-1,0,0,0,0,0,0,0,0,0,0,0,1,-0.757965,0,0,-0.586207,0,0,0,0,-2,1,0,0,1,0,1,1
0,0,1,0,0,2,2,-0.625,0,1,1,0,-1,0,-3,0,-0.650048,0,0,2,2,0,0,1,0,0,0,2,0,0,2,0,1.68571,5,0,0,-1,-1,0,0,0.346204,-1,0,-0.188787,-1,0,1,0,0,1,1,0,0,0,1,-1,0,0,1,0,0,0,-1,-1,0,0,0,0,0,1,0,0,0,-2,0,0,0,0,0,0,0,1,0,0,0,0,0,-0.699274,1,0,-0.105731,0,0,0,0,0,2,-1,0,0,1,1,1
0,2,0,0,0,3,0,-0.485131,1,1,0,1,-2,0,0,0,-0.823529,0,0,0,0,0,0,-3,0,0,0,0,2,0,-1,0,2.01582,2,1,-1,0,0,0,0,0.541335,0,0,-0.784849,0,1,0,-1,0,0,1,0,0,2,0,1,3,0,0,0,0,0,0,0,0,0,0,0,0,0,0,0,1,0,0,0,0,0,0,0,0,0,0,0,0,0,-1,0.696343,0,0,-0.866403,0,0,0,0,0,0,0,0,0,0,1,1
0,0,3,0,0,0,0,-0.542099,0,0,1,1,1,0,0,0,-0.363528,0,0,0,-1,0,0,-1,0,0,0,0,0,0,0,0,1.57245,6,0,0,0,-1,0,0,2.474394,0,0,-0.852393,0,3,0,0,2,0,0,0,0,0,-2,1,0,0,4,-1,0,0,3,0,0,0,0,0,0,1,0,1,0,0,3,0,0,0,0,0,0,0,0,0,0,4,0,-0.73913,0,0,-0.657143,0,0,0,0,0,0,0,-1,1,1,1,1
0,0,0,0,0,3,0,-0.670487,0,0,0,0,-2,0,-1,0,-0.826621,0,0,0,0,0,0,0,0,1,0,0,2,2,1,0,1.14603,4,0,0,0,2,0,0,1.363792,0,0,-0.675253,0,0,0,0,0,0,0,0,0,1,1,1,0,0,0,0,-1,2,1,1,0,0,0,0,0,0,0,0,0,0,0,0,0,1,2,0,0,0,0,0,0,0,0,-0.030422,0,1,-0.689942,0,0,0,0,0,1,1,0,0,0,0,1
1,1,1,1,0,0,-1,-0.472619,0,0,0,0,0,1,0,0,-0.775554,0,0,0,0,0,1,0,0,1,0,-1,0,0,0,1,1.04306,23,1,0,0,0,1,0,1.476237,0,0,-0.655803,1,0,0,-1,0,0,-2,0,0,0,0,0,0,0,1,0,0,0,1,0,0,0,0,1,0,0,0,1,0,3,-1,0,0,0,0,0,-2,0,-1,0,1,0,0,-0.523636,0,1,-0.673206,0,0,3,0,0,0,1,0,2,0,0,1
0,0,0,1,2,0,0,-0.866534,0,0,0,0,0,1,0,3,-0.733333,0,-3,0,-1,-1,0,0,0,1,1,0,3,0,1,0,1.0078,0,0,0,0,0,1,0,1.548993,0,0,-0.675827,0,0,0,1,0,0,0,0,-1,0,0,0,-2,0,0,1,0,0,1,-2,0,0,1,4,0,0,0,0,0,2,-1,0,0,2,0,0,0,1,0,-1,0,0,-1,-0.429555,0,1,-0.617209,0,0,-1,0,-1,0,0,0,0,0,0,1
0,1,1,1,0,1,1,-0.760178,0,0,0,0,-2,0,-1,0,-0.8,0,0,0,-2,0,0,3,0,-1,0,0,2,1,1,0,1.79103,12,0,0,-1,0,0,0,0.689404,0,0,-0.809524,0,0,0,0,-1,0,0,0,0,1,2,0,3,0,3,0,0,0,0,0,1,1,1,0,0,0,0,0,0,0,0,0,0,0,-1,0,0,0,0,0,0,-1,0,-0.824383,-1,0,-0.604644,0,0,-1,1,1,2,0,0,0,-2,1,1
2,2,0,1,0,0,4,-0.707317,0,0,0,0,0,0,0,1,-0.813421,0,1,0,0,-1,1,0,0,0,1,0,0,0,1,1,1.19706,9,0,1,-4,0,0,0,0.971263,0,0,-0.787481,0,0,0,0,0,0,0,0,0,0,-1,0,0,0,0,0,0,0,-1,0,1,0,0,0,2,0,0,0,1,0,0,0,0,0,0,1,0,0,0,3,0,1,0,-0.684264,0,0,-0.23543,0,0,0,0,0,2,1,1,0,0,1,1
0,0,0,1,0,0,0,-0.715159,0,0,0,0,2,0,0,1,-0.43742,0,0,0,3,0,0,0,-1,1,0,0,0,-2,1,0,1.81709,9,0,1,0,0,0,0,0.960365,0,0,-0.718764,1,0,0,0,0,-2,0,0,0,0,0,1,0,1,0,0,0,0,-1,0,1,0,0,0,0,0,0,0,3,0,0,0,2,0,0,0,0,0,1,0,0,0,-1,-0.587797,0,0,-14.813738,2,0,2,0,1,1,0,0,0,0,1,1
0,0,0,1,0,0,0,-0.506428,0,0,0,2,0,0,0,0,-0.243466,0,-1,3,0,0,0,0,0,0,0,0,0,0,-1,0,1.78061,14,-1,0,2,0,0,0,1.506264,2,0,-0.863603,0,0,1,0,0,-2,0,0,0,0,1,0,3,0,0,-1,0,0,0,1,0,1,-1,0,-1,0,-4,0,1,0,2,1,0,-1,0,0,2,0,0,0,0,0,0,-0.585559,0,-1,-0.732354,0,0,2,0,1,0,0,0,0,0,1,1
0,1,0,0,0,1,2,-0.645094,-1,1,0,0,0,0,0,0,-0.223757,0,0,0,0,0,-1,0,0,0,0,0,0,2,-1,0,1.10835,12,-1,-1,0,0,1,0,2.394238,0,0,-0.720751,0,0,0,0,0,0,0,0,-1,0,1,2,3,0,0,2,0,0,0,0,1,0,0,-5,0,-1,0,0,1,0,0,0,0,0,1,0,0,1,1,0,0,-2,0,-0.796115,0,0,-0.785699,0,1,0,0,0,1,0,0,1,-3,1,1
0,0,0,1,0,3,0,-0.599838,0,0,0,0,0,-1,0,3,-0.072894,0,0,0,0,0,0,0,0,2,-1,0,0,0,1,0,1.34286,12,0,0,0,0,0,0,1.037957,0,0,-0.719155,0,0,0,0,0,0,1,0,0,0,1,0,0,0,0,0,0,0,-1,0,0,1,0,0,0,0,0,0,1,0,2,0,1,0,0,0,0,0,1,0,0,-1,0,-0.664824,0,0,-0.732775,0,0,0,1,1,0,0,1,-2,0,1,1
0,0,0,0,-1,-3,0,-0.44486,0,0,2,0,0,0,1,0,-0.76,0,0,0,0,0,1,0,0,0,0,0,0,1,0,0,1.79049,1,0,0,0,-1,1,-1,0.457383,0,0,-0.395005,2,1,0,0,0,0,1,-1,0,1,0,1,-2,0,-3,0,0,0,5,1,1,0,2,0,2,-2,2,-1,0,0,0,0,0,0,0,1,0,1,1,0,0,0,0,-0.887318,2,1,-0.72926,0,0,3,0,0,0,0,3,0,0,0,1
0,-1,0,1,0,0,-1,-0.810133,0,0,0,0,0,1,0,0,-0.404202,0,0,1,1,0,0,0,1,0,0,0,0,-1,1,0,1.07939,11,0,0,0,0,0,0,0.966792,-1,1,-0.642292,0,0,0,0,1,0,1,0,0,0,1,0,-7,0,0,0,0,0,0,0,1,0,0,-2,0,0,1,0,0,2,-1,0,2,-2,0,0,0,1,0,-2,0,0,-3,-0.769231,0,0,-0.737408,0,0,0,0,0,0,0,1,0,1,0,1
0,0,0,1,0,5,0,-0.771717,0,-1,0,0,0,0,0,0,-0.76,0,0,-2,1,0,0,-3,0,0,0,0,4,0,0,0,0.59086,9,-1,0,0,0,0,0,0.74538,1,1,-0.645483,0,2,0,0,0,0,1,0,0,0,0,1,0,0,0,-1,0,3,0,1,1,-1,-1,-2,0,0,0,0,0,1,0,0,0,0,1,0,-1,0,0,0,0,1,1,-0.490325,0,0,-0.722491,0,0,0,0,0,0,-1,0,0,1,0,1
0,0,-1,0,0,1,2,-0.663567,0,0,-1,0,0,0,0,0,-0.780463,0,0,0,0,1,1,0,-1,0,-1,0,1,3,1,0,1.32709,4,0,0,-2,0,1,0,0.688889,0,-1,-0.682334,2,2,0,0,0,0,0,0,0,0,0,1,-1,0,0,-1,0,0,0,2,1,1,0,0,0,1,0,0,0,0,0,0,0,0,0,0,0,0,0,1,0,0,-1,-0.411088,0,0,-0.72674,2,-1,0,1,0,0,1,1,0,0,0,1
0,0,1,0,0,0,1,-0.407419,0,0,-1,0,0,0,0,0,-0.901663,0,0,1,1,0,0,0,-2,0,0,0,3,2,1,0,0.76332,0,-1,-1,2,0,1,1,0.231508,0,0,-0.534747,-1,0,0,0,0,0,-1,0,1,0,0,0,0,-2,0,0,0,0,0,0,1,0,0,-2,0,0,-1,0,2,0,0,0,0,0,0,1,-4,0,0,0,0,-1,0,-0.227804,0,0,-0.78559,0,0,0,0,0,0,0,0,0,0,0,1
0,0,-4,1,0,0,0,-0.648712,0,0,0,0,0,0,-1,0,-0.776183,0,-1,0,0,0,0,1,0,0,0,0,0,-1,-1,0,1.59079,0,0,0,0,0,0,0,0.727896,0,1,-0.730915,0,0,0,1,1,0,0,0,0,3,0,1,0,0,1,2,0,-1,1,0,1,1,0,0,0,0,0,0,0,0,0,0,-1,0,0,0,0,0,0,1,0,0,0,-0.291822,0,0,-0.503132,2,0,0,2,0,0,0,1,-1,-3,0,1
0,0,0,-4,0,0,1,-0.563868,0,0,1,0,2,0,2,1,-0.744681,1,1,0,0,0,0,-1,0,1,0,0,3,0,0,0,1.51881,7,0,1,0,0,0,0,1.739699,0,0,-0.802963,0,0,2,0,0,1,2,1,0,0,1,1,1,-2,1,2,0,2,0,0,-1,0,-1,0,0,0,0,0,0,0,-1,0,0,0,0,0,0,0,0,0,0,0,0,-0.572772,1,0,-0.644806,2,0,0,0,0,-1,0,0,0,0,0,1
0,0,0,-1,0,0,0,-0.828621,0,0,1,0,0,-1,0,0,-0.865663,1,1,0,-1,0,0,1,-1,1,0,0,3,0,0,0,1.71293,0,0,0,0,0,0,0,0.689655,0,1,-0.674893,0,0,0,0,0,1,1,1,0,0,0,1,1,0,0,0,0,-1,0,0,0,-3,0,2,0,-1,0,0,0,3,0,0,0,0,0,0,2,0,0,-2,0,-1,0,-0.5728,0,1,-0.731791,0,0,0,-2,0,0,0,2,0,0,0,1
0,0,0,0,0,2,0,-0.668844,0,0,0,0,-1,0,0,2,-0.74527,0,0,0,0,0,1,0,0,1,0,0,0,0,0,0,1.39683,4,0,1,0,0,0,0,0.603956,0,0,-0.626763,2,0,0,1,3,1,0,0,-1,0,1,0,0,0,1,0,0,0,2,0,-1,0,0,-1,0,0,0,1,-2,0,2,0,1,0,1,0,1,0,0,0,0,0,1,-0.384718,0,-2,-0.791254,0,0,0,0,0,0,0,0,0,-6,0,1
0,0,0,0,0,0,0,-0.756211,0,0,1,1,0,0,0,1,-0.598267,0,0,0,0,1,0,0,0,1,0,4,0,0,0,0,1.63247,2,1,1,0,0,0,-1,1.52727,0,0,-0.787928,0,0,0,0,0,0,0,0,0,0,0,0,3,-1,4,-1,0,1,0,0,0,0,0,0,0,0,1,1,1,0,0,0,0,0,0,0,0,0,1,0,0,0,0,-0.73913,0,1,-0.578397,0,0,0,0,0,0,0,1,0,1,0,1
0,0,0,0,0,-1,0,-0.52,0,-1,1,0,0,0,0,2,-0.529363,0,1,0,0,1,-2,-1,0,0,0,0,0,-1,0,0,2.55578,1,1,1,0,0,0,0,1.38086,0,1,-0.781818,0,0,0,0,-1,0,-1,0,0,0,0,0,2,1,0,0,0,1,0,2,0,0,-1,0,0,0,0,-1,1,3,0,0,0,0,0,0,0,-2,0,0,0,2,-1,-0.439366,0,1,-0.721027,0,-1,0,0,3,0,0,1,0,6,0,1
2,-1,0,-2,0,0,0,-0.065834,0,0,1,0,0,0,0,0,-0.825642,0,0,0,0,1,0,0,0,0,-1,0,0,0,-1,0,2.0088,2,1,1,0,0,0,0,0.851754,0,3,-0.767602,1,0,0,0,0,0,1,0,0,0,2,0,0,0,0,2,0,1,0,0,0,0,0,0,0,-1,1,-1,1,0,-1,0,0,0,0,0,0,0,1,2,0,0,-1,-0.743091,0,0,-0.314355,0,0,0,0,1,-1,0,1,4,1,0,1
0,0,0,0,0,0,1,-0.648845,0,0,0,1,1,1,2,0,-0.720759,0,0,-1,0,0,0,0,0,0,0,0,0,-1,1,2,1.07733,6,0,0,1,0,0,0,1.643492,0,0,-0.657143,0,-1,1,0,1,0,0,0,1,-1,2,1,3,0,1,0,0,1,1,0,0,-1,0,0,0,-1,0,0,0,0,0,0,0,0,0,0,0,0,0,-2,0,0,-1,-0.627345,0,1,-0.63068,6,0,0,1,-1,1,0,0,0,0,0,1
0,0,0,-1,0,0,0,-0.768552,0,0,0,0,2,0,0,0,-0.01171,-1,0,-4,0,0,0,0,0,0,0,0,0,0,1,1,1.5018,6,0,0,2,0,0,-1,1.152023,0,0,-0.795211,0,0,1,0,0,0,0,0,1,0,0,0,1,0,-2,0,0,1,0,2,0,0,1,0,2,0,1,0,1,0,2,0,0,0,1,0,0,1,0,0,0,0,-1,-0.338686,1,0,-0.730687,0,0,0,0,0,0,0,0,1,0,0,1
0,0,2,4,0,0,-1,-0.588021,0,0,0,0,2,0,0,0,-0.666683,0,0,0,2,0,0,0,0,0,1,0,2,0,1,1,1.60438,3,1,0,-2,0,0,-1,2.24981,0,0,-0.689281,3,0,0,0,0,0,0,0,0,0,0,0,1,0,3,0,0,-1,0,0,0,1,0,0,2,-1,1,0,1,-1,3,0,3,0,0,0,0,1,0,-2,0,0,0,-0.580637,1,0,-0.757177,0,0,0,0,0,0,0,1,0,0,0,1
1,1,-4,0,0,0,-2,-0.751413,0,0,0,0,0,0,0,0,-0.543199,0,0,0,0,2,0,0,0,1,0,0,0,0,0,0,1.17552,2,1,0,1,0,0,0,0.607342,0,0,-0.746743,0,0,-1,0,0,0,0,0,0,3,0,-1,1,0,0,0,0,0,0,0,0,1,0,0,0,0,0,0,-1,0,3,-1,0,0,0,0,1,0,0,1,0,0,0,-0.126852,0,0,-0.446317,3,0,0,0,1,0,0,0,-1,0,1,1
1,0,-2,0,0,0,0,0.296328,0,0,0,0,0,-2,0,0,-0.527839,0,0,0,0,0,0,0,0,0,0,0,0,0,0,-1,2.02504,6,0,0,1,0,0,0,0.507082,0,0,-0.722075,0,0,1,0,-1,1,0,0,0,0,-1,-3,1,0,0,2,0,0,0,1,4,1,1,0,0,0,0,0,0,0,0,0,-1,0,0,0,0,-1,0,1,0,0,0,-0.690087,0,0,-0.869084,0,0,0,0,0,0,0,0,0,0,1,1
0,0,0,0,0,2,0,0.120149,0,0,0,0,0,0,3,0,-0.805711,0,-1,0,0,1,0,0,0,0,0,0,0,0,0,0,1.16267,6,0,-2,1,0,0,0,1.724498,0,0,-0.755004,0,-1,0,0,0,0,0,0,0,0,0,-2,1,0,0,0,0,0,0,0,0,1,1,-2,0,0,0,2,-2,2,0,0,0,0,-1,0,1,0,0,1,0,-1,0,-0.388985,0,-1,-0.675012,0,2,0,0,0,0,2,0,0,0,1,1
0,0,0,1,0,0,0,-0.75,0,0,0,0,0,0,1,0,-0.759571,-1,2,0,0,0,0,3,1,0,0,4,0,0,0,0,1.87214,1,0,0,0,-1,0,0,1.265829,1,0,-0.759551,0,0,-2,0,-1,0,0,0,0,0,0,0,0,0,0,1,0,0,1,1,1,0,0,0,0,-1,0,-1,0,0,0,0,0,0,0,0,0,0,-2,1,0,0,0,-0.643185,1,0,-0.62714,0,0,0,0,1,1,0,0,0,0,1,1
0,0,2,1,0,1,0,-0.680209,0,0,0,0,3,0,-1,-2,0.559967,-1,0,1,0,0,-1,0,0,0,0,0,-1,4,0,0,3.45496,14,0,0,2,0,-1,0,0.876185,1,0,-0.837716,0,-2,0,0,0,0,0,-1,0,0,0,1,0,0,0,0,0,0,0,0,0,0,0,0,0,0,0,2,0,0,0,0,0,0,0,0,0,0,0,1,0,0,0,1.245002,0,0,0.858526,0,0,0,0,1,0,-3,0,0,0,1,1
0,0,0,0,0,-3,0,-0.039218,-1,0,0,-2,0,0,0,1,-0.87448,0,0,1,0,0,0,0,0,0,0,0,0,0,1,0,1.41953,13,-2,0,1,0,0,0,2.444194,0,0,-0.908534,1,1,0,0,-1,0,0,0,0,0,0,2,0,0,0,0,0,0,1,0,0,1,0,-1,0,0,-2,3,0,0,0,-1,0,0,0,0,0,0,0,1,1,0,0,-0.697914,0,0,-0.526234,0,0,0,0,1,0,0,0,0,0,1,1
0,0,2,0,0,1,0,-0.87234,0,0,1,1,0,0,2,1,-0.412073,0,1,0,0,0,0,3,0,0,0,0,0,0,0,0,1.04242,0,-1,-1,0,0,0,0,2.681973,0,0,-0.578926,2,0,0,-2,0,1,-1,0,1,0,0,0,0,-1,0,2,0,0,1,0,0,0,0,-2,0,0,0,-1,0,0,0,0,0,0,1,0,0,1,1,0,-1,0,0,-0.753521,0,0,-0.914721,0,0,0,-1,0,0,0,1,1,0,0,1
0,0,0,0,0,0,0,-0.87234,0,0,0,0,0,0,0,0,-0.244737,0,0,0,0,0,0,1,0,-2,0,0,5,0,0,0,1.10477,13,0,0,0,0,0,1,2.04651,0,0,-0.688007,0,0,0,0,0,1,0,-1,1,0,1,0,1,0,0,0,1,0,2,1,0,1,0,0,0,-1,0,0,0,0,0,1,0,0,0,0,0,-1,0,0,0,0,0,-0.577011,0,0,-0.870496,0,-1,0,0,0,0,0,1,1,1,0,1
0,-5,0,1,0,1,0,-0.673287,0,0,1,0,1,0,0,0,-0.543579,0,0,1,0,0,0,1,0,0,0,0,0,2,0,0,1.79683,17,0,0,-1,0,0,0,2.04651,3,0,-0.464119,0,0,0,0,0,0,0,1,1,0,-1,0,0,0,0,-1,0,0,0,3,0,0,0,0,0,0,0,1,0,-3,0,0,1,1,-1,0,0,0,0,0,0,-1,0,-0.792216,0,0,-0.804032,3,0,2,0,0,0,0,0,1,0,0,1
0,-1,0,0,0,0,0,-0.546337,2,0,0,0,1,-1,0,0,-0.700313,0,1,0,0,0,0,1,0,0,0,0,-1,3,0,1,1.60753,2,0,0,0,0,0,0,0.550124,1,0,-0.543925,0,0,-1,0,0,0,0,0,0,0,2,0,0,0,0,1,0,0,0,0,0,0,-2,0,0,0,0,1,0,0,0,0,0,0,0,0,0,0,0,0,0,1,0,-0.589466,0,0,-0.482956,0,0,0,0,0,0,-2,1,1,0,1,1
0,1,0,-3,0,3,0,0.150155,0,0,0,0,0,0,0,0,-0.544662,0,0,0,0,1,0,0,0,0,0,0,0,0,0,0,2.60716,1,0,0,3,0,0,0,0.565426,1,0,-0.706534,0,0,1,0,0,0,0,0,0,0,0,0,-1,0,5,0,0,0,-2,1,0,0,0,-2,0,-1,0,0,0,-1,0,0,-1,0,0,0,0,1,0,1,0,0,0,-0.686084,0,0,-0.083162,0,0,2,0,0,0,0,0,1,3,1,1
0,0,0,0,0,-1,-3,0.821182,0,0,0,0,-1,0,0,0,-0.563551,0,0,0,0,0,0,-1,-1,0,-1,0,0,3,0,0,1.34706,0,0,0,-1,0,0,0,0.384197,0,0,-0.786736,0,0,0,-1,0,-1,0,0,-1,0,0,0,0,0,0,-1,0,0,0,1,0,0,-2,-2,0,0,1,0,1,0,0,0,0,-1,-1,0,0,0,0,0,0,0,0,-0.33774,0,0,-0.755435,0,1,-2,0,0,0,0,1,1,0,1,1
0,0,-1,1,0,0,0,-0.622415,0,0,0,0,0,0,0,0,-0.764706,0,0,0,0,0,0,-3,0,0,0,-1,0,-1,0,0,0.48571,2,-2,0,0,0,0,0,0.583877,0,0,-0.294118,0,0,0,0,0,0,0,0,1,0,0,0,-1,0,-1,-1,0,0,-2,0,-3,3,0,0,1,0,0,1,0,1,-1,0,1,0,0,0,0,0,0,1,0,3,0,-0.647059,0,0,-0.833349,0,0,0,0,0,1,0,0,0,0,0,1
-2,0,0,1,0,0,0,-0.675676,0,0,0,0,0,1,0,0,-0.764706,1,0,0,0,0,0,0,0,0,0,0,-1,0,0,1,0.51473,1,0,1,1,-4,0,0,0.629129,0,1,0.101524,0,1,1,0,0,0,0,0,1,3,2,0,0,0,1,0,0,0,0,0,0,0,0,2,0,1,0,0,0,0,0,0,0,0,0,0,0,0,0,1,0,0,0,-0.280054,0,-1,-0.130566,0,0,-1,0,0,2,0,0,0,0,0,1
0,0,0,0,0,0,0,-0.753812,0,0,1,0,0,0,2,0,-0.747785,0,1,0,-1,0,1,-1,-1,1,-1,0,0,0,0,0,0.59315,5,0,0,0,1,0,0,0.585922,0,0,1.005698,0,0,1,0,0,0,0,0,0,0,0,0,0,0,-2,0,0,1,-6,0,-2,0,0,-2,2,0,0,-3,-1,0,0,0,0,0,0,0,-2,1,-1,1,0,-2,1,-0.750267,0,0,-0.549919,0,0,-3,0,0,0,0,0,1,0,0,1
0,0,-1,0,0,0,2,-0.017141,0,0,0,0,0,0,1,0,-0.575281,0,0,0,0,0,0,-1,0,0,0,0,0,0,0,0,1.49444,8,0,0,-1,0,3,0,3.256514,0,0,-0.764706,1,0,-1,-2,-1,0,0,2,0,0,0,0,0,0,0,0,1,0,0,0,0,0,0,0,0,0,-1,0,0,-1,0,0,0,0,0,0,0,0,0,0,0,1,0,-0.557535,0,0,0.086974,0,0,0,0,0,0,0,-1,1,0,1,1
0,0,2,0,0,0,0,-0.538866,0,0,2,-1,0,0,1,0,-0.748278,0,0,0,0,0,0,0,0,0,1,0,3,2,0,0,2.00357,10,0,0,-1,0,0,0,1.07843,0,0,-0.49128,0,0,0,0,0,0,0,-2,0,0,0,0,0,1,0,0,0,2,0,0,1,0,0,0,0,-1,0,2,0,0,0,0,0,-2,0,0,0,0,-2,0,0,1,0,-0.809524,-1,0,2.506754,0,0,0,0,0,1,0,0,0,0,1,1
0,0,0,0,0,1,0,0.03169,-1,0,0,0,0,0,0,0,-0.739957,0,0,0,0,0,0,5,0,0,0,0,0,0,0,0,1.45714,3,0,0,-1,3,0,0,1.07843,0,1,-0.764706,0,-1,0,-1,0,0,0,0,1,1,1,0,0,0,0,1,0,1,1,0,2,1,1,0,0,0,0,0,0,-2,2,0,0,1,0,0,-1,0,0,0,1,-2,0,-0.786754,0,0,-0.421095,0,0,0,0,1,0,-2,0,1,0,1,1
0,0,-1,0,0,0,0,-0.657143,0,0,0,0,0,0,-2,0,-0.727273,0,0,-2,0,0,2,0,0,0,0,-1,0,0,1,0,0.87014,0,0,0,0,0,0,0,0.186268,-1,0,-0.584913,2,0,0,0,0,1,0,0,0,-2,0,0,0,0,0,2,0,0,0,0,1,0,0,-2,0,1,2,1,1,0,-1,0,0,0,0,-1,0,-1,0,0,0,0,0,-0.639409,0,0,-0.6736,0,0,-1,0,0,0,0,0,1,2,0,1
0,0,0,-2,0,0,1,-0.667431,0,-1,0,0,-1,0,-1,0,-0.685046,0,-1,4,1,0,0,0,0,1,2,0,1,0,1,0,1.43442,2,0,0,0,0,0,0,0.791893,0,0,0.446186,-1,0,0,0,0,-1,0,0,0,0,0,1,-2,1,3,0,0,0,0,0,0,0,0,0,0,0,0,0,0,0,-2,0,1,0,-1,0,0,0,0,0,0,0,0,-0.881928,0,0,-0.487116,0,0,0,3,0,0,0,0,0,0,0,1
-2,0,0,0,0,0,0,-0.679367,0,0,0,0,0,0,1,0,-0.728206,0,0,0,0,0,0,0,0,1,0,0,0,0,-1,0,0.88571,0,0,0,2,2,1,0,0.225806,0,-1,-0.657306,0,0,0,-1,0,0,0,0,1,0,0,0,0,0,1,0,0,1,0,1,0,0,0,-2,-1,1,3,1,1,0,0,0,0,0,0,0,0,0,0,1,0,7,0,-0.733333,0,0,-0.725793,0,0,0,0,0,0,0,0,1,2,0,1
1,0,0,1,0,0,0,-0.589443,-1,0,0,0,0,0,0,0,-0.744681,0,0,3,0,0,0,0,0,0,0,0,0,0,1,0,0.82266,1,0,0,0,0,0,0,1.24074,0,0,-0.722428,2,0,0,0,1,0,0,0,-1,0,0,0,0,0,2,0,0,0,0,1,0,0,0,0,0,0,0,0,0,1,0,2,0,0,0,0,0,1,0,0,0,4,0,-0.445762,0,0,-0.690822,0,0,0,0,0,0,-1,0,1,1,1,1
0,0,2,1,0,-4,0,-0.662753,1,0,0,0,0,2,0,0,-0.465226,0,0,2,0,0,0,0,0,0,0,0,-1,0,0,0,1.36097,4,0,0,0,1,0,0,0.379827,0,0,-0.755427,0,0,0,0,0,0,0,0,0,0,-1,0,0,0,0,0,0,0,-2,0,-3,-1,0,1,-3,1,1,0,0,0,0,0,0,-1,0,0,0,0,0,0,0,0,0,-0.747338,-1,0,-0.740917,3,0,0,0,0,1,0,0,0,-1,1,1
0,4,0,0,0,0,1,-0.685473,0,0,0,-2,0,0,0,1,-0.744681,0,1,0,1,1,-1,0,0,0,0,0,0,0,1,-3,1.64077,-14,0,0,0,0,0,0,0.293156,-1,0,-0.827673,0,0,0,-3,0,0,0,2,0,0,0,0,-1,0,0,-1,0,0,1,0,-1,0,0,-1,0,0,1,0,2,0,0,1,0,0,0,-2,0,0,0,0,0,2,-1,-0.078067,0,0,-0.773585,0,0,-2,0,0,1,0,0,1,0,1,1
0,0,0,0,0,0,1,-0.664212,0,0,0,0,2,2,0,-1,-0.567886,-1,2,0,0,0,0,1,0,0,0,0,0,1,1,0,2.11429,11,0,0,0,0,1,0,1.447084,0,1,-0.837838,0,0,0,0,0,0,0,0,0,0,0,0,1,0,0,0,0,0,0,-1,2,0,0,0,0,0,0,0,0,0,0,1,0,0,0,1,0,1,0,0,0,1,0,-0.595413,0,0,-0.813828,0,0,0,0,0,1,0,1,0,2,0,1
0,0,1,0,0,0,0,-0.656055,0,0,3,0,-1,0,1,0,-0.513027,1,-1,0,0,0,0,1,0,0,0,0,0,0,1,3,2.79539,11,0,0,0,0,0,0,1.171525,2,1,-0.804407,2,0,1,0,0,0,0,0,0,0,-1,1,0,0,2,0,0,0,0,3,-1,0,-2,-1,0,0,0,0,0,0,0,0,2,0,0,0,0,1,0,-1,0,1,0,-0.7,0,0,-0.721716,0,0,0,0,0,1,2,0,0,0,0,1
0,1,2,0,0,-1,0,0.187447,0,0,0,0,0,0,2,0,-0.475495,0,0,0,1,0,0,0,-1,0,0,0,0,0,0,0,2.60483,6,0,0,0,0,0,0,1.2973,2,0,-0.837838,1,0,0,0,1,2,0,-1,0,0,0,0,0,0,0,0,0,0,1,0,1,0,0,1,0,0,0,1,0,0,0,1,0,1,0,0,1,1,0,0,0,4,0,-0.741558,0,0,-0.610207,0,0,-2,0,0,0,1,0,0,2,0,1
0,0,-1,-1,0,0,1,-0.641959,0,0,2,0,1,3,0,1,-0.627147,0,0,1,0,0,0,2,0,0,1,-1,2,-2,0,0,1.6118,0,0,0,0,0,0,0,1.79592,0,0,-0.453428,0,-1,0,0,0,0,0,0,-2,0,0,-1,0,-2,0,0,0,1,0,0,0,0,0,0,0,0,0,0,0,0,-1,0,0,3,-1,1,0,1,0,0,0,0,0,-0.839913,0,0,-0.538705,0,0,0,0,1,0,0,0,0,0,1,1
0,2,0,0,0,5,-1,-0.145823,0,0,0,0,-2,0,0,2,0.161143,0,-1,0,0,0,0,0,0,0,1,0,2,0,1,0,1.4,4,0,0,0,1,1,0,1.633804,-1,0,-0.823714,0,0,1,0,0,0,0,0,1,0,3,-1,0,0,0,0,0,1,0,0,0,0,0,0,0,1,0,0,0,-2,0,0,2,0,0,0,0,1,0,3,0,3,0,-0.58276,-1,-1,-0.371555,0,0,0,0,1,2,0,0,0,0,1,1
0,2,0,0,0,0,0,-0.692308,0,0,1,0,0,0,-1,1,-0.55487,0,1,1,0,0,0,-1,0,0,0,0,0,0,-1,0,1.67863,6,0,0,0,-2,0,0,2.394578,0,0,0.614742,0,0,0,0,0,0,0,0,0,0,0,0,0,0,0,0,0,0,2,0,-2,0,0,-1,0,0,-2,0,0,0,0,-1,1,0,0,0,0,0,0,0,0,1,0,-0.540835,-1,0,-0.625,0,0,0,0,1,0,0,0,0,0,1,1
0,0,1,0,1,0,-4,-0.661663,0,0,0,0,0,0,0,0,-0.798817,0,0,0,1,0,0,0,0,0,0,0,0,2,1,0,1.32489,2,0,0,0,0,0,0,1.04762,0,1,-0.736547,-1,0,0,0,0,-1,0,0,0,-2,1,0,0,0,1,1,0,1,0,1,1,0,0,1,5,0,-1,0,0,0,0,0,0,0,0,0,0,1,1,0,0,0,0,-0.497737,0,0,-0.612903,0,0,0,0,1,0,0,1,0,1,0,1
0,0,0,-1,0,0,0,-0.472677,0,0,0,0,1,0,0,0,-0.348667,0,0,-1,0,0,0,1,0,0,0,4,0,0,3,0,0.44618,0,0,0,0,0,0,0,1.227537,-3,0,-0.707307,0,1,0,0,-1,0,1,-1,0,0,0,-1,0,0,0,0,0,0,0,0,0,0,0,1,2,1,1,0,0,1,0,0,-1,0,0,0,0,0,0,2,0,0,0,-0.874884,2,-1,-0.644205,2,0,0,0,-1,0,1,0,0,0,0,1
0,0,0,0,0,0,0,-0.676467,2,0,0,0,0,-1,0,0,-0.762943,0,0,0,2,-1,0,0,0,0,0,4,1,2,0,0,0.7977,0,0,0,0,0,1,0,1.000264,-3,0,-0.569386,0,0,0,0,1,0,0,0,0,0,0,0,0,0,0,0,0,0,2,0,1,0,0,1,3,0,1,0,0,1,0,0,-1,0,0,0,1,1,0,0,0,0,0,-0.812254,0,0,0.315499,0,0,0,0,1,1,0,1,1,0,0,1
0,1,1,0,0,0,1,-0.8125,0,0,0,0,0,1,0,4,0.560411,0,0,0,4,0,-1,1,0,0,1,0,4,0,4,-1,1.75955,0,0,0,-1,0,1,0,1.823555,0,2,-0.695662,0,-1,1,0,1,0,0,0,0,0,3,0,-1,0,-1,0,1,0,0,0,0,0,0,0,0,0,0,0,1,1,0,0,0,0,0,0,0,0,0,0,0,0,0,-0.607423,0,0,-0.807894,0,0,0,0,0,0,0,0,0,0,0,1
0,1,1,0,0,1,1,-0.851719,0,0,0,-1,0,1,0,0,1.433023,1,0,0,2,0,0,1,0,0,1,0,0,1,1,0,0.89883,1,0,0,0,0,1,0,0.680851,0,0,-0.589211,0,0,0,0,1,0,0,0,0,-1,1,0,-1,0,0,0,1,-2,0,0,1,0,1,0,0,0,0,0,0,1,0,1,0,3,0,0,1,0,0,-5,0,1,0,-0.73642,0,0,-0.688422,0,0,0,1,0,0,0,0,1,0,0,1
0,0,0,0,0,0,1,-0.8125,0,0,0,0,0,1,0,0,0.322032,0,-1,-2,-1,0,0,1,0,0,1,0,2,0,2,0,1.34286,2,0,0,0,0,0,0,1.408734,0,0,-0.755695,0,0,1,0,1,0,0,0,0,0,4,0,0,0,0,-4,0,-1,0,0,3,0,0,0,0,0,0,-1,1,1,0,0,0,2,-1,0,0,2,0,0,0,0,0,-0.774907,0,0,-0.743548,3,0,0,0,-1,0,0,0,0,1,0,1
0,0,0,0,0,0,0,-0.598416,0,1,-1,0,0,0,1,0,-0.808268,1,0,0,1,1,0,4,0,0,0,0,0,2,0,0,0.64176,4,0,0,0,0,0,0,2.680039,0,0,-0.682702,0,0,0,0,0,0,0,1,1,3,0,0,0,0,0,0,0,0,1,1,-1,0,0,1,0,-1,0,0,1,2,0,0,0,0,0,0,0,0,-1,1,0,2,0,-0.644139,0,1,-0.322429,0,0,2,0,0,1,-2,0,1,0,0,1
0,0,0,-1,0,0,0,-0.875612,0,1,0,-1,0,0,0,0,-0.773965,0,0,0,0,0,0,4,0,1,0,0,0,-2,0,0,1.8367,0,1,0,0,1,-1,-1,1.996503,0,0,-0.518189,2,0,0,-1,0,0,0,0,0,0,0,0,2,0,0,0,1,0,0,0,0,0,0,1,-2,-1,-4,0,-2,0,0,-1,0,0,0,0,-1,0,1,1,0,0,0,-0.618402,0,0,-0.322591,2,0,2,0,0,1,0,1,0,0,0,1
0,0,0,0,0,0,0,-0.5,0,1,0,0,0,-1,0,1,-0.841102,1,2,0,3,0,0,0,1,0,0,0,0,-3,0,0,0.62795,16,0,0,0,-2,1,0,1.492146,0,0,-0.391389,0,-1,-1,0,0,0,0,0,0,1,1,0,-1,0,0,0,0,0,0,1,0,-3,2,0,0,1,1,0,0,0,0,0,-2,0,0,0,0,0,0,1,0,0,0,-0.613177,0,0,-0.580883,0,1,0,0,0,1,0,1,-2,0,0,1
0,0,1,-1,1,0,2,-0.647678,0,1,1,0,0,0,0,0,0.326392,0,0,-1,0,0,0,0,0,0,1,0,0,0,1,0,1.51167,5,0,0,1,-2,0,-1,1.800207,2,-1,-0.755612,2,0,0,0,0,1,0,0,0,0,0,0,0,0,0,2,0,0,0,-1,-1,0,0,0,-1,0,0,-2,0,0,0,0,3,0,0,0,0,0,0,1,0,0,0,-0.52,0,0,-0.659887,0,0,-1,0,0,1,0,0,2,3,1,1
0,0,-2,0,0,2,1,-0.582768,0,1,0,1,0,0,1,0,-0.662507,0,1,0,0,-1,0,0,0,0,0,0,0,1,0,0,1.54933,14,0,0,0,0,-1,0,1.576736,4,0,-0.775452,0,-1,0,0,1,1,1,0,0,3,0,2,0,0,0,0,0,0,2,-1,0,0,0,0,1,0,0,0,0,0,0,0,2,0,0,0,1,0,0,0,-1,0,0,-0.52,0,0,-0.731345,1,0,2,0,0,0,0,0,0,0,1,1
0,0,0,1,1,0,0,-0.525412,0,1,1,-1,0,0,0,0,-0.626357,0,0,0,-1,0,0,0,0,0,2,0,0,0,0,0,3.18714,9,1,0,0,0,0,0,1.404402,0,0,-0.898539,-1,0,0,0,0,0,0,0,0,-1,0,-1,0,0,0,0,0,0,0,0,0,5,1,0,0,0,0,0,0,0,0,-1,0,1,0,0,1,0,0,0,1,0,0,-0.622394,0,0,-0.819728,0,-1,0,0,0,0,2,-1,1,0,1,1
0,0,-1,1,0,0,-1,-0.586207,0,0,0,0,0,0,-1,0,-0.596886,0,0,0,0,0,1,0,0,0,0,0,0,0,0,0,1.65486,4,0,0,0,0,0,1,1.989813,-1,-1,-0.301312,0,-1,0,0,0,0,0,0,0,0,-2,2,1,0,1,0,0,0,0,1,-4,0,0,0,-1,1,-1,0,0,0,0,0,-1,2,0,0,0,0,0,0,0,0,0,-0.552212,0,0,-0.454545,-2,0,0,0,0,0,0,0,0,-1,1,1
0,0,1,0,0,2,1,-0.618391,0,0,0,0,0,-2,3,0,-0.789474,0,0,0,1,0,-1,-1,0,-1,0,3,0,0,1,0,0.59312,3,0,0,0,0,1,0,1.819888,1,0,-0.52,0,1,0,0,1,0,0,0,0,0,0,1,0,0,0,0,0,0,0,0,0,1,0,0,0,0,-1,0,0,0,0,0,-2,-2,0,0,1,1,0,0,0,0,-1,-0.607645,0,0,-0.574151,2,0,0,-1,0,0,0,0,0,-1,1,1
0,0,0,-1,0,0,0,-0.634501,0,0,0,0,1,0,-1,1,-0.789474,0,0,0,0,0,0,0,0,0,1,2,-3,0,1,0,0.73243,4,0,0,0,1,0,0,2.56,0,0,-0.471155,0,0,0,0,1,0,0,0,0,0,0,1,0,0,0,0,0,0,0,1,0,0,1,1,0,0,0,0,0,0,0,0,0,0,0,0,0,1,0,-1,0,-1,0,-0.7,0,0,-0.592887,0,0,0,0,0,1,1,1,0,0,1,1
0,-1,0,0,1,0,1,-0.585655,0,0,0,0,-1,0,0,1,-0.513573,1,0,0,1,0,0,0,0,-1,0,0,0,0,0,1,1.86942,11,0,1,0,0,1,0,0.615353,0,0,-0.76751,0,0,0,0,0,3,1,0,0,0,0,1,0,1,2,0,0,0,2,0,0,1,0,0,0,0,0,2,1,0,0,0,0,0,1,0,0,0,0,0,0,0,-1,-0.410101,0,0,-0.540475,0,0,0,0,0,0,0,0,0,0,0,1
0,0,0,0,1,0,0,-0.585949,-2,0,2,0,0,-1,0,1,-0.461123,0,0,0,-1,0,-1,0,0,-1,0,0,2,0,1,0,1.48253,4,0,1,0,0,1,0,0.63457,0,1,-0.767331,0,0,0,0,0,0,0,0,0,0,0,0,2,0,0,0,0,0,0,0,0,1,0,0,0,0,0,0,1,0,0,0,0,3,0,0,-2,2,0,1,0,-1,0,-0.765961,0,0,-0.564794,2,0,0,0,0,0,1,1,0,0,0,1
0,0,0,0,2,0,1,-0.671818,1,0,0,0,0,0,1,0,-0.157272,0,0,0,-2,0,0,0,0,0,0,0,0,1,3,0,1.60369,1,0,0,0,0,0,0,0.724138,0,0,-0.80511,0,1,1,-1,0,0,0,0,0,1,1,1,0,1,0,-1,0,0,0,0,0,1,3,1,0,1,1,1,1,0,0,-1,1,0,0,0,0,0,1,0,0,0,0,-0.610243,0,0,-0.880542,0,0,0,0,0,0,0,0,1,0,0,1
0,0,0,0,0,0,0,-0.679661,-2,0,0,0,1,0,1,0,-0.63802,-1,0,0,0,0,0,1,0,0,1,1,-3,0,0,0,1.42469,0,0,0,0,0,1,0,0.541423,-5,0,-0.687795,0,0,0,0,0,0,-1,0,0,0,1,0,1,0,0,1,-1,0,1,0,0,0,0,0,3,0,0,0,-1,1,0,-1,0,1,0,0,0,-1,0,0,0,1,0,-0.603506,0,0,-0.707317,-1,0,-4,-3,0,0,0,2,0,1,0,1
0,0,0,0,0,3,0,-0.717422,0,0,0,0,1,1,0,0,-0.732007,0,0,0,0,0,0,1,0,0,1,1,1,0,0,0,0.91837,1,0,-1,1,0,0,0,0.730115,2,0,-0.647059,0,-1,0,0,0,0,1,0,0,0,1,0,0,0,0,0,0,0,1,0,0,0,0,4,1,1,0,0,0,1,1,0,0,-4,0,0,0,0,1,0,0,0,0,-0.534791,-1,0,0.651707,0,0,1,0,1,0,-1,-1,0,0,0,1
0,0,0,0,0,0,0,-0.895769,0,-1,0,0,0,0,0,0,1.444291,0,0,1,0,-1,0,1,0,1,1,0,0,-2,-2,0,1.00451,12,0,0,0,0,1,0,0.588235,-1,0,-0.660736,1,0,0,0,0,0,0,0,0,0,0,0,0,0,2,1,0,0,1,0,0,0,2,2,0,0,1,0,2,0,0,0,0,0,0,-2,0,0,0,1,0,0,0,0.963204,0,0,-0.75566,3,0,0,0,0,-1,0,0,0,0,0,1
0,0,0,0,0,0,-1,-0.769231,0,0,0,0,0,0,0,1,-0.620272,0,0,0,0,0,0,-3,-1,-1,0,1,-1,0,0,0,0.52064,14,1,0,1,0,0,0,0.714286,0,0,-0.558664,0,0,1,0,0,-2,0,0,0,-1,0,0,0,-1,0,-1,0,0,0,0,1,0,0,0,-1,-1,0,0,0,0,0,0,0,0,0,1,0,0,0,3,0,-1,0,-0.723563,0,1,-0.106063,0,0,-1,0,0,0,0,0,0,0,0,1
-1,0,-2,-2,-1,-1,0,-0.771452,0,-1,0,0,0,1,2,0,-0.659308,0,0,0,0,0,0,0,0,0,2,0,0,-1,0,0,1.23553,2,0,0,0,0,0,0,0.714286,2,0,-0.687783,0,1,0,-1,0,0,0,0,0,0,0,0,0,0,0,0,0,0,0,0,0,1,1,0,0,0,0,0,0,0,-1,0,-1,1,0,0,0,1,0,0,0,0,0,-0.654935,0,0,-0.690986,0,0,0,0,0,3,0,0,0,0,0,1
-1,0,1,1,1,1,0,-0.46227,0,0,0,0,-2,0,0,0,-0.622135,0,0,0,1,0,0,0,0,-1,0,0,0,0,0,0,1.17512,1,0,1,0,1,0,0,0.650683,0,0,-0.189844,-1,0,0,0,0,0,0,0,0,0,1,0,-1,0,0,0,0,0,0,0,0,1,1,0,-1,0,0,0,0,0,7,0,0,0,0,0,0,0,0,4,0,-1,0,-0.254718,0,0,-0.478261,0,0,0,0,0,1,0,0,1,0,0,1
0,0,-1,0,0,0,-2,-0.786129,1,0,-1,1,0,0,0,0,-0.657143,0,-1,0,0,-2,0,0,0,-1,0,0,0,0,0,0,1.40325,7,0,0,-1,3,0,0,0.478022,0,1,-0.742567,0,0,0,0,0,0,0,0,0,0,0,1,-1,0,0,0,0,1,2,0,0,0,0,0,0,0,0,0,0,0,0,0,0,2,0,1,0,-3,0,1,0,-1,0,-0.571429,0,0,-0.899737,0,0,0,0,1,1,0,0,2,-1,1,1
0,0,0,0,0,0,0,-0.733333,0,0,0,0,1,-1,0,0,-0.657143,0,0,0,0,0,0,2,-1,0,0,0,0,0,0,0,1.37143,6,1,0,0,1,0,0,0.973276,0,0,-0.678853,-1,0,0,0,0,0,1,-2,0,0,3,0,0,0,-1,0,0,0,0,0,0,-1,-1,0,0,0,0,0,0,0,2,0,0,2,0,0,0,0,0,1,-1,0,0,-0.488764,0,0,-0.625,0,0,0,1,0,-1,0,-2,0,-2,1,1
0,0,0,1,0,0,0,-0.781651,1,0,-2,0,0,0,0,0,-0.657143,0,0,0,0,1,0,1,-1,0,0,0,0,0,0,0,1.33053,8,-1,1,0,0,-1,0,0.663095,0,0,-0.742919,-1,0,0,-1,1,-1,2,0,0,0,0,1,0,0,0,-1,0,0,0,0,0,0,0,0,0,0,0,-1,1,0,2,0,0,-1,0,0,0,1,0,1,0,-1,0,-0.707605,0,0,-0.689436,0,0,-2,0,-1,1,0,0,2,-2,1,1
0,0,0,0,0,0,0,-0.647392,-2,0,-1,0,0,-1,0,0,-0.726173,0,0,0,0,0,0,0,1,0,0,0,0,0,0,0,1.02537,7,0,0,0,0,0,0,1.881723,-1,0,-0.647059,0,1,0,0,1,0,0,0,0,0,1,1,0,0,-1,0,0,0,-1,0,0,0,1,2,0,1,1,0,0,0,0,0,2,-2,0,0,0,-1,-2,0,0,1,0,-0.340914,-1,-2,-0.577522,0,0,1,0,0,0,0,2,0,0,0,1
0,0,1,0,0,0,0,-0.357119,0,0,0,0,-1,0,0,2,-0.768055,0,0,0,0,0,0,0,1,-1,0,0,0,0,0,0,0.96255,8,0,0,-1,0,0,0,1.73529,2,0,-0.667134,0,1,1,0,0,1,0,0,1,0,0,2,1,0,1,0,0,0,1,0,1,0,1,0,0,1,1,0,0,1,0,0,0,0,-1,1,0,0,0,-1,0,0,0,-0.305387,0,0,-0.555556,0,0,0,0,0,0,-1,1,0,1,0,1
0,0,0,0,0,-1,0,-0.700615,-1,0,0,2,0,2,0,-1,-0.313529,0,0,-1,-1,0,0,-1,1,0,0,0,2,0,0,0,0.55888,4,-1,1,0,0,0,0,1.565293,0,0,-0.647031,1,0,0,1,0,2,0,0,0,-1,0,1,0,1,0,0,0,0,-5,0,0,3,0,0,0,0,1,0,-2,2,0,0,0,8,0,1,0,0,0,0,0,0,0,-0.338236,0,0,-0.458154,0,-2,0,0,0,0,0,0,0,0,0,1
0,1,0,0,0,0,0,-0.567738,0,0,0,0,1,-1,2,0,-0.824521,0,0,1,0,0,0,0,0,0,0,-1,0,0,1,0,1.31941,5,0,2,0,0,0,-1,1.93182,-1,-1,-0.685972,0,0,0,0,-1,0,1,0,1,0,2,-1,2,1,1,-1,0,0,-2,0,0,3,0,3,0,-3,0,0,1,3,2,1,-2,0,0,0,0,0,0,0,0,0,0,-0.571429,0,0,-0.192915,-1,1,3,0,0,0,0,0,1,0,0,1
0,3,3,0,0,0,-1,-0.663064,0,0,0,0,1,0,-1,1,-0.707317,0,1,0,-2,1,0,0,1,0,0,0,0,2,-1,0,1.24234,-14,0,0,1,-2,0,0,1.93182,0,0,-0.688327,0,0,0,0,0,0,0,0,0,0,1,0,2,0,0,0,0,0,0,0,0,1,0,0,2,0,1,0,0,0,0,0,0,0,0,0,0,0,0,0,0,0,-1,-0.57023,0,0,-0.71179,0,-1,0,1,0,1,-2,-2,1,0,0,1
0,-1,0,0,0,0,0,-0.586207,0,0,0,0,-1,0,3,3,-0.672871,0,0,1,-1,1,0,-1,0,1,0,0,0,2,1,0,1.55516,3,0,0,0,0,0,0,1.609801,0,0,-0.723354,0,-1,1,2,0,0,0,0,0,0,0,0,0,1,-1,0,0,0,0,-1,0,0,0,1,0,1,0,0,1,0,0,-1,2,0,0,2,0,0,0,3,0,0,-1,-0.679506,0,0,-0.586207,-1,0,2,0,1,1,2,2,1,0,0,1
0,0,0,0,0,0,1,-0.850279,0,-1,0,0,-1,0,0,1,-0.620823,0,1,0,0,0,0,0,0,0,0,0,0,-3,0,0,1.32275,0,0,0,0,1,0,0,2.59375,0,0,-0.215696,0,0,-1,0,1,0,0,0,0,0,1,2,0,0,2,0,0,0,1,-1,0,1,-1,0,-5,-2,0,1,0,0,0,0,0,1,0,0,0,0,1,1,0,0,0,-0.404527,0,0,-0.746825,0,0,0,1,0,0,0,0,0,0,1,1
0,0,0,0,0,0,0,-0.696803,0,1,0,0,0,0,-3,0,-0.38988,0,0,0,0,0,0,-1,0,0,0,0,0,0,0,0,0.93428,14,-1,0,-1,0,0,0,2.861271,4,0,-0.765628,0,0,1,0,0,0,0,1,0,0,-1,0,0,0,-1,2,0,0,4,0,0,0,1,0,0,-1,0,1,0,0,0,0,0,0,0,0,0,1,0,2,0,-3,0,-0.608344,0,0,-0.468312,0,0,0,0,-2,1,0,0,0,-2,1,1
0,0,0,0,0,0,0,-0.377912,0,-1,2,0,0,0,0,1,-0.484384,0,0,0,0,0,0,0,0,0,1,0,0,2,0,-1,0.91429,6,0,0,2,1,0,0,2.59375,0,0,-0.678964,0,0,-2,0,0,0,0,0,0,0,1,2,0,0,0,0,-1,-1,1,0,0,1,-1,0,0,0,0,0,0,0,0,0,1,0,0,-1,0,0,0,1,0,0,0,-0.220988,0,-1,-0.750001,0,0,2,0,0,0,0,0,0,0,1,1
0,-1,0,1,0,0,2,-0.7,1,0,0,0,0,0,0,0,-0.658437,0,1,0,0,0,0,0,1,0,0,2,0,0,1,1,1.52865,4,0,0,1,0,1,0,1.214403,4,0,-0.808394,-1,0,0,0,0,-2,0,1,0,0,1,0,0,0,0,0,1,0,0,0,0,1,0,0,0,0,0,1,0,2,-1,0,0,-3,0,0,0,0,0,0,0,0,1,-0.615102,0,1,-0.91477,0,1,0,0,0,0,0,0,0,0,1,1
0,0,0,1,0,0,0,-0.7,0,0,-2,-1,0,2,0,0,-0.230802,-1,0,0,0,0,0,0,1,0,0,4,0,-1,1,0,2.26984,2,0,0,0,0,0,0,1.26287,0,1,-0.802909,1,0,0,0,0,-1,0,0,0,0,1,0,0,1,0,0,0,-1,0,0,0,2,0,0,-2,0,0,0,0,0,-1,0,0,0,0,-1,0,0,0,0,0,-3,0,-0.29721,2,0,-0.194521,0,0,0,0,0,0,0,-1,0,0,1,1
0,3,0,0,0,-2,0,-0.7,0,0,0,0,0,0,0,0,-0.816795,0,0,0,0,0,0,0,0,0,0,0,0,1,1,0,1.85931,4,0,0,0,0,0,0,0.892403,0,1,-0.781281,-3,0,1,0,1,0,0,0,0,0,1,0,0,0,0,0,0,0,2,0,1,2,0,0,0,0,-2,0,1,0,1,0,0,0,0,0,0,0,0,0,0,0,0,-0.722958,0,0,0.983061,0,0,0,0,0,0,0,0,0,0,1,1
0,0,-1,0,0,0,0,-0.648766,0,0,-1,0,1,0,0,0,-0.753245,0,0,0,0,0,0,0,0,0,0,0,2,0,0,0,1.96647,5,0,0,-1,0,0,0,0.494951,1,0,0.327023,0,1,-2,0,-1,-1,0,0,0,0,0,1,-2,0,0,1,-2,0,-1,0,0,0,0,0,-1,-1,1,0,-1,1,0,0,1,0,0,0,0,1,0,0,0,0,0,-0.822671,0,-1,-0.480255,-3,1,-1,0,0,0,0,0,0,0,0,1
0,0,0,0,0,-1,0,-0.631597,0,1,0,1,0,1,0,0,-0.806452,0,0,0,0,0,2,0,0,0,0,0,0,-1,0,0,1.23354,9,1,0,0,0,0,0,0.273272,0,0,0.467289,1,0,-1,0,0,0,0,0,1,0,0,-2,0,0,0,-1,0,1,-1,0,1,2,0,3,0,0,0,0,0,1,0,0,0,0,0,0,0,1,0,0,0,0,0,-0.75,1,0,-0.769231,0,0,-1,0,0,0,0,0,0,1,0,1
0,3,0,0,0,-1,0,-0.727793,0,0,0,-1,0,-2,0,0,-0.806452,0,0,0,0,0,0,0,0,0,0,0,0,-2,0,-1,3.19373,6,1,-1,0,0,0,0,0.358831,0,0,1.8701,0,0,-1,0,0,0,0,0,0,0,0,0,-2,0,-6,0,0,1,0,0,0,0,-3,-3,0,2,0,0,0,2,0,0,0,0,0,0,0,0,0,0,1,0,0,-0.133758,0,0,-0.769231,0,0,-1,0,0,2,0,1,0,1,0,1
0,0,0,0,0,0,0,-0.631301,2,0,0,0,0,0,0,0,-0.398413,0,0,0,0,0,0,0,-1,1,0,2,1,0,1,0,3.05144,1,0,0,0,-1,0,0,0.972284,-2,-1,0.344401,0,-1,0,0,0,0,0,0,0,0,-1,0,0,0,0,0,0,-1,0,0,0,2,0,0,0,0,0,1,4,2,-1,0,-1,2,-1,0,1,0,0,0,0,0,-2,-0.777778,0,0,-0.464994,0,0,0,-1,0,0,-1,-1,1,0,0,1
0,0,0,0,0,0,0,2.935069,0,0,0,0,0,0,1,1,-0.582062,-1,0,1,0,0,0,1,0,0,0,0,1,0,0,0,0.51429,1,0,0,0,0,0,-3,3.274266,0,1,-0.333333,0,0,0,0,0,0,1,0,0,0,0,0,0,0,-1,1,0,0,-2,1,0,0,0,-1,0,-4,0,-2,-1,0,0,0,0,0,0,0,-1,0,1,0,0,-1,0,-0.777778,0,1,-0.542856,-1,0,1,-1,0,0,1,3,0,3,0,1
0,0,0,-4,0,-1,0,-0.624962,0,0,0,0,0,0,0,0,-0.751165,0,0,3,2,0,2,0,-1,0,0,0,0,-1,0,0,0.51429,0,0,0,0,-2,-2,0,0.844599,0,0,-0.315288,0,0,0,0,0,0,0,0,0,-2,0,1,0,0,0,0,0,0,0,1,1,0,-1,0,0,0,0,0,0,0,0,-1,0,0,0,0,0,0,0,2,0,0,0,-0.566938,0,1,-0.362633,0,-1,-1,0,0,0,0,0,1,0,0,1
-1,0,2,0,0,0,0,-0.749068,1,1,-3,0,0,3,0,0,-0.090448,0,1,0,0,0,0,0,0,0,1,0,-1,0,1,0,1.64831,2,0,0,0,2,-1,0,2.07143,1,1,-0.606255,1,0,0,0,0,-1,1,0,0,-1,0,3,0,0,3,1,0,1,0,1,0,1,0,1,0,0,0,0,2,0,0,-1,0,0,1,0,0,0,0,0,1,0,1,-0.739818,0,0,-0.593749,0,0,0,3,0,0,0,0,-1,-1,1,1
0,0,0,0,0,0,0,-0.70372,0,0,0,0,0,0,0,0,-0.157793,0,-2,3,0,0,0,0,0,-2,-1,0,2,0,-2,0,1.27466,3,0,0,0,0,0,0,2.07143,1,0,-0.599994,1,-1,0,0,0,2,0,1,-1,0,0,0,0,0,0,0,0,0,2,0,0,1,-2,-1,0,0,0,-1,-1,0,0,1,0,0,0,0,0,2,0,0,-1,-1,0,-0.517536,0,0,-0.69505,3,0,0,0,0,0,1,0,-1,0,1,1
0,1,0,0,0,0,1,-0.543425,0,1,0,0,0,0,0,0,-0.555556,0,0,-1,0,1,1,0,0,0,-2,0,0,0,0,0,0.52961,8,1,0,0,0,0,0,1.280481,2,0,-0.77481,0,0,-2,0,0,1,0,0,0,0,4,1,1,0,0,0,0,0,0,1,0,0,-1,0,0,0,-1,-1,1,0,0,0,0,0,0,0,0,0,-1,1,0,1,-1,3.111473,0,-1,-0.50717,0,0,0,0,0,0,0,0,-1,0,1,1
0,0,2,-1,0,-1,-2,-0.598595,0,0,0,0,0,-1,0,0,0.351129,0,0,1,0,0,0,2,1,0,0,2,1,0,3,0,1.29223,3,0,0,1,0,0,1,0.459193,-3,0,-0.108777,0,0,0,0,1,0,0,0,0,0,0,0,0,2,1,0,0,0,2,0,0,-3,0,-1,0,1,0,0,1,-2,0,0,1,0,0,0,0,0,0,1,0,1,0,-0.577107,2,0,-0.139043,0,0,0,0,0,0,0,0,0,-1,0,1
-2,0,0,0,0,2,0,-0.13804,0,0,0,0,0,0,-1,0,-0.292214,-1,-1,1,2,2,0,-1,0,0,0,0,0,-1,0,0,1.57946,0,0,-1,1,1,1,0,2.320933,0,0,-0.309745,0,0,1,0,0,0,0,0,0,0,0,0,4,0,-1,0,1,0,0,0,2,0,0,0,0,0,0,1,1,0,0,0,0,1,0,0,3,0,-1,1,1,0,0,-0.686687,0,0,-0.905254,0,1,0,0,0,0,0,0,-3,1,0,1
0,0,-1,1,0,0,0,-0.747918,2,0,0,0,0,0,0,0,2.680073,0,1,1,0,0,1,0,0,0,0,0,-3,-1,3,0,0.60109,4,0,0,0,0,0,0,0.230769,-1,0,-0.552467,1,-1,0,0,0,0,0,0,0,0,0,0,0,0,0,0,0,0,0,0,0,0,0,2,1,0,0,0,1,3,0,-2,0,0,0,0,0,1,0,2,0,1,0,-0.684211,0,0,-0.673434,0,0,0,0,0,0,0,0,0,0,0,1
0,0,0,1,0,0,0,-0.571429,0,0,0,0,0,1,0,0,-0.638769,-1,0,1,0,0,0,0,0,1,0,0,0,0,1,-1,0.97143,5,0,0,1,1,0,0,1.300111,2,0,-0.66826,0,0,0,0,0,0,0,1,0,2,1,0,0,2,1,0,0,0,-1,0,0,-2,-1,0,3,0,0,1,0,0,2,0,0,0,0,0,0,-1,0,0,0,1,0,-0.800631,0,-2,-0.5,3,0,-1,0,1,1,0,1,-4,0,1,1
0,-1,-1,2,0,0,0,-0.571429,0,0,-1,0,0,0,0,0,-0.661804,0,0,0,0,1,0,0,0,0,0,0,0,0,1,0,1.30372,11,0,0,0,0,1,0,1.521037,0,0,-0.377189,0,0,0,0,1,0,0,0,1,0,1,0,1,0,0,0,0,-1,0,0,-2,1,0,0,0,0,1,0,1,5,0,0,0,0,1,0,0,0,-1,0,0,0,0,-0.714286,0,0,-0.623464,0,0,0,0,1,0,1,0,0,1,1,1
0,0,0,1,0,0,2,-0.483948,0,0,0,0,0,-2,0,0,-0.717133,0,0,0,-1,0,0,1,-4,0,0,0,0,3,0,0,0.98815,4,0,0,0,0,1,1,1.272501,0,0,-0.743524,0,0,0,0,0,1,0,0,0,4,0,0,0,0,1,2,0,0,2,0,0,0,0,0,0,0,-1,0,1,0,0,0,-1,0,0,0,1,-2,0,0,0,0,0,-0.775913,1,0,-0.525843,4,0,0,0,1,0,0,0,0,0,1,1
0,-1,0,0,2,0,0,-0.826087,0,0,2,0,0,0,0,1,0.839562,0,0,0,0,0,0,0,0,0,0,2,-3,0,0,0,1.29604,3,-1,0,0,0,-1,0,0.454533,0,0,-0.523174,0,0,0,0,-3,0,0,0,1,0,1,0,0,0,0,0,0,-1,0,0,0,0,0,0,0,-1,1,-3,0,0,0,1,0,0,0,0,0,0,0,0,0,0,0,-0.619848,0,-1,-0.861302,0,0,0,-3,-1,0,0,0,1,2,0,1
0,0,0,1,0,-2,0,-0.873476,0,0,0,0,-1,2,-1,0,-0.530306,0,0,0,2,0,0,0,0,0,0,-2,0,1,0,-1,1.40937,1,0,-1,0,0,0,0,0.301905,-2,0,-0.801006,0,0,0,-1,0,-2,0,0,1,-3,1,0,4,0,0,0,0,0,2,1,0,3,1,2,1,-1,0,0,2,0,0,0,-4,0,0,0,0,-2,0,0,0,0,0,-0.750961,0,0,-0.758307,0,0,0,0,0,0,0,0,1,0,0,1
0,0,0,1,0,0,1,-0.826087,0,0,-1,-1,0,0,0,0,-0.495507,0,0,2,0,0,0,-2,0,1,-1,1,0,0,0,0,1.42655,2,-1,0,0,0,0,0,2.008531,0,1,-0.670046,0,-1,0,0,0,0,0,0,-1,0,-1,0,0,0,0,1,0,0,0,1,0,2,0,0,0,0,0,-1,0,1,-1,0,0,0,1,0,1,0,0,0,0,0,0,-0.604759,1,0,-0.735272,0,0,0,0,0,0,0,0,2,0,0,1
0,2,0,-1,1,0,0,2.382341,-1,0,0,0,0,0,0,0,-0.543282,0,0,0,0,-1,0,-3,0,0,0,0,0,2,0,0,2.28647,2,0,0,0,0,0,0,0.301478,0,0,-0.683767,0,0,-1,0,0,1,1,0,0,-1,0,1,1,0,0,3,2,0,0,0,1,0,0,5,0,0,1,0,0,3,0,-1,0,0,1,0,0,-2,0,-1,0,0,0,-0.560572,0,0,-0.375378,-3,0,0,0,-2,1,0,0,1,0,0,1
0,0,0,1,0,-1,0,-0.694296,0,0,0,2,0,0,1,0,-0.840227,0,-1,4,2,-1,0,0,1,-1,-1,0,-2,3,0,0,0.90968,3,0,1,-1,1,0,0,0.589333,0,0,-0.587892,0,0,-1,-2,0,0,0,0,-1,0,0,0,-1,-1,0,2,0,0,1,0,0,0,0,0,0,0,0,0,1,0,0,0,0,0,1,0,0,-1,0,0,-2,0,-1,-0.914668,0,0,-0.581903,-1,0,1,1,0,0,0,0,-1,0,0,1
0,0,1,1,0,0,0,-0.748784,-2,0,0,0,1,4,1,0,-0.737194,0,2,0,0,0,-1,1,0,0,0,0,1,0,1,0,0.81542,5,0,0,0,1,0,0,0.220969,0,0,-0.657329,0,1,0,0,0,0,0,0,0,0,3,1,0,1,0,0,-1,0,1,0,-1,1,1,0,0,0,0,0,0,0,0,0,1,0,0,-2,0,0,0,2,0,0,0,-0.809524,0,0,-0.092221,0,0,0,0,0,1,0,-1,0,0,0,1
-1,3,0,0,1,0,0,-0.665151,0,0,-1,0,2,-1,0,0,-0.402432,0,0,-2,1,0,3,0,-1,0,0,0,0,3,0,0,1.62563,4,0,0,0,0,0,1,2.595024,-1,0,-0.585029,-1,0,0,0,0,0,0,0,0,0,0,0,0,-1,0,0,0,2,0,0,1,0,2,0,0,0,2,0,0,0,2,3,-2,0,0,0,0,1,0,1,0,0,0,-0.490257,0,0,0.330585,0,1,0,0,1,0,0,0,0,2,1,1
0,-1,2,0,0,0,-1,-0.611647,0,0,0,0,0,-1,0,0,-0.666667,0,0,1,1,0,0,0,-1,0,0,0,0,0,1,0,1.46314,1,1,0,0,1,1,0,0.985802,0,-1,-0.738146,0,1,0,-1,0,0,0,0,0,0,-5,1,2,0,0,0,0,0,0,-1,0,0,-1,1,0,1,0,1,1,0,0,0,0,0,0,0,-1,0,0,2,0,0,0,-0.760268,0,0,-0.330166,-1,1,0,0,0,0,4,-1,0,0,1,1
0,-1,1,0,0,0,0,-0.627728,0,0,0,0,1,0,0,0,-0.545228,0,-1,1,0,0,0,0,1,0,0,0,0,0,0,0,1.52262,3,0,0,0,0,0,0,0.798658,-1,0,-0.76,0,0,0,0,0,0,0,0,0,0,0,1,0,2,0,0,0,-2,0,3,1,1,1,0,0,0,0,0,0,0,0,0,0,2,0,0,-1,0,0,1,0,0,-1,0.016932,0,0,-0.702786,3,0,0,0,1,3,0,0,0,0,1,1
0,2,0,0,0,2,1,-0.644565,-1,0,2,0,0,2,0,0,-0.693878,0,0,1,0,0,-1,0,0,1,0,0,0,0,0,0,1.44071,3,0,0,0,1,0,0,1.22917,0,0,2.740903,0,1,0,2,0,0,0,0,0,0,1,0,0,0,3,0,0,2,0,0,0,6,0,0,0,0,0,2,0,0,2,1,0,0,0,0,0,0,0,0,0,0,0,-0.692433,1,0,1.589271,4,1,0,0,-1,0,0,1,0,0,1,1
0,0,0,0,0,2,0,-0.454173,-1,0,2,0,0,1,0,0,-0.604071,0,-2,-2,0,0,0,4,1,-1,0,0,-1,0,0,0,1.86465,2,0,0,0,1,0,0,1.341724,0,0,-0.558663,1,0,0,0,0,0,0,0,0,0,1,0,-1,0,0,0,0,0,0,0,0,1,0,0,2,0,0,0,2,-1,2,0,0,0,0,0,0,0,0,0,0,0,0,-0.738175,0,0,-0.7,0,0,0,0,1,0,-1,2,0,0,1,1
0,0,1,0,0,0,0,-0.571429,0,0,1,0,1,0,0,0,-0.774309,0,0,0,0,0,2,0,0,-2,0,0,0,0,1,0,1.0393,1,1,0,1,1,-1,0,1.22917,0,0,-0.772823,0,0,0,1,0,0,0,0,0,0,0,2,1,0,1,1,0,0,0,0,0,1,0,1,2,0,0,0,0,1,0,1,0,0,0,0,0,0,0,0,0,-3,0,-0.561919,0,0,-0.718195,0,0,5,0,0,-1,1,0,0,-1,1,1
0,0,0,0,0,-2,0,-0.772695,0,0,0,0,1,0,1,0,-0.823175,1,-2,0,0,0,0,2,1,1,0,0,0,0,0,0,0.8,5,0,0,0,0,0,0,2.000999,-1,-1,-0.664111,1,0,0,2,0,0,0,0,1,0,0,1,0,0,1,1,0,0,0,0,2,0,0,0,0,2,1,0,0,2,2,0,2,0,0,0,-1,0,1,-2,0,-1,0,-0.566154,0,0,-0.856071,0,0,0,-1,0,0,0,0,1,1,1,1
0,1,-1,0,0,0,0,-0.753114,-1,0,0,0,0,0,0,0,-0.803795,1,0,0,1,0,0,-2,0,0,0,0,0,0,0,0,1.567,10,0,0,0,0,0,0,0.285391,0,0,-0.515595,0,0,0,0,1,0,-2,0,0,0,1,1,0,1,0,0,0,0,1,0,-1,0,0,0,0,0,0,0,0,0,0,0,-2,0,0,0,0,0,0,0,2,0,0,-0.391475,0,0,-0.606626,0,0,0,0,0,1,0,1,-1,0,1,1
0,0,0,0,0,0,0,0.109832,0,0,0,0,0,0,0,1,-0.316841,1,0,0,0,0,0,5,-1,0,0,1,0,-1,0,0,0.45439,1,0,0,0,0,0,-1,2.21429,-2,0,-0.17669,0,0,0,0,0,0,0,-1,0,0,1,0,0,0,-1,0,0,0,-2,0,0,0,0,0,0,0,0,0,0,0,0,0,0,2,0,0,0,0,0,2,0,0,0,-0.545946,0,-1,-0.553289,8,0,0,-1,0,0,-1,1,0,1,1,1
0,0,0,-1,0,0,1,-0.806795,0,0,0,0,3,0,0,0,-0.706719,0,1,0,0,0,0,1,0,0,0,0,0,0,0,0,2.61107,2,0,1,0,0,1,-2,1.09375,0,0,-0.543097,0,0,0,1,0,0,0,1,0,0,0,5,0,0,2,0,-3,0,1,0,1,2,1,0,0,0,-4,-1,1,0,0,0,0,1,1,0,0,0,0,1,0,0,0,-0.72093,-1,-2,-0.709409,0,0,0,0,0,0,0,1,1,0,0,1
0,-1,0,0,0,-2,1,-0.523939,0,0,0,0,0,0,0,0,-0.70182,0,1,0,0,0,0,0,0,0,1,0,0,0,1,0,0.91429,6,0,0,-2,0,1,0,1.365973,0,2,-0.85782,-1,1,0,0,0,0,0,0,0,-1,0,1,0,1,-2,0,0,0,1,0,2,0,0,0,0,0,0,0,1,-3,0,0,0,2,0,-1,0,0,0,0,0,0,0,-0.70711,0,0,-0.727273,0,0,-1,0,0,1,0,0,1,0,0,1
0,-2,0,0,0,2,0,-0.52304,0,0,0,0,0,0,2,0,-0.861672,0,1,2,-1,0,0,0,1,0,0,0,0,0,1,0,0.91429,2,0,0,0,0,1,1,1.451762,0,0,-0.457794,4,1,0,0,2,0,0,0,1,1,0,1,0,0,0,0,0,0,1,0,0,0,0,0,1,0,1,1,1,0,0,0,0,-1,0,0,0,0,0,0,0,3,0,-0.612035,0,0,-0.690571,0,0,-1,0,0,1,0,0,1,0,0,1
0,1,0,-1,0,0,0,-0.24895,0,1,0,-1,0,0,0,0,-0.525703,0,0,0,-1,0,1,0,0,0,1,0,-1,0,0,0,1.42582,1,0,0,0,0,0,1,0.388296,0,0,-0.547576,0,0,0,0,0,0,0,0,0,0,0,0,-1,0,-1,0,0,0,4,1,0,-1,0,1,2,0,0,-1,-1,0,0,0,0,-1,0,0,1,0,0,0,0,0,0,-0.898409,0,1,-0.288869,0,0,0,1,1,0,-1,0,0,0,1,1
0,0,0,0,0,-1,0,-0.608148,0,0,0,0,0,-2,2,0,-0.478261,0,0,0,0,0,0,0,0,0,1,-2,0,-1,0,0,2.29162,11,0,0,0,0,0,0,0.970054,0,0,-0.378605,-1,1,2,-1,0,0,0,0,0,0,-1,0,0,0,1,0,0,0,0,1,0,0,-1,0,0,0,0,0,0,0,0,0,2,2,0,2,0,0,0,0,0,2,1,-0.334472,0,0,-0.4,0,0,0,0,1,0,0,0,0,0,1,1
0,3,1,0,0,0,0,-0.6,0,0,0,0,1,0,3,0,-0.741438,0,0,2,2,0,-2,0,0,-1,1,4,0,0,0,-1,1.18109,2,2,0,0,0,0,0,1.758841,0,2,-0.455159,0,-1,0,0,0,0,0,0,0,0,0,0,0,0,0,0,0,0,0,1,0,1,-1,0,0,0,1,0,0,0,5,0,0,-1,0,1,0,0,-1,0,0,0,2,-0.462849,-1,1,-0.274851,0,-1,-1,0,1,1,0,1,0,-1,1,1
0,0,-1,2,0,0,0,-0.50732,2,0,0,0,-1,0,0,0,-0.826498,1,0,0,0,0,0,0,0,0,0,0,0,4,0,0,1.26835,6,0,-1,0,0,0,0,0.713007,0,0,-0.652076,-2,0,0,0,1,0,0,0,0,0,0,0,0,0,0,0,0,0,0,1,1,0,0,0,0,0,0,0,0,1,0,-1,0,-1,1,0,0,0,0,1,-1,1,3,-0.697904,0,0,-0.650178,0,0,0,0,0,0,0,0,0,2,1,1
0,-3,2,-1,0,0,0,-0.123609,0,1,1,0,0,-1,0,0,-0.166431,0,0,1,0,0,0,0,0,0,0,0,0,0,1,0,1.56268,8,0,0,3,0,0,0,0.844267,-3,0,0.11989,0,1,0,-1,0,0,0,0,0,1,0,1,1,0,-2,0,1,0,0,1,1,-2,0,0,0,0,0,0,0,0,0,0,0,0,1,0,1,0,0,0,1,0,0,-0.628242,0,0,-0.165619,0,0,0,0,0,0,0,-3,1,0,1,1
0,0,0,0,-1,0,0,-0.770757,0,0,0,0,0,0,0,0,-0.757008,0,0,1,1,0,-1,0,0,0,-2,0,2,0,-1,0,1.0,3,0,-2,0,0,0,-1,0.839843,0,0,0.098144,0,0,0,0,1,0,0,0,0,0,0,0,0,0,-1,0,1,0,0,1,1,0,2,0,0,0,0,0,2,0,0,3,0,0,1,0,-1,1,0,-1,0,1,0,-0.318168,0,0,-0.196057,0,0,0,1,1,0,1,0,1,0,1,1
0,0,1,1,0,0,1,-0.64371,0,-1,1,0,0,0,0,-2,-0.348631,0,0,0,2,-1,0,3,0,0,0,0,0,0,0,0,0.6,2,0,0,0,3,0,0,3.33333,0,0,-0.521439,-1,1,0,-1,-1,2,0,0,0,0,0,-1,0,0,1,1,0,1,-1,0,0,0,-1,0,1,0,1,-1,0,-2,3,0,0,-1,0,0,0,0,1,0,0,0,-1,-0.639125,0,0,-0.661668,-1,-2,-1,0,0,0,0,1,0,0,0,1
0,0,0,1,0,-2,0,-0.287206,0,1,-1,1,0,0,0,2,-0.577142,0,0,0,0,1,0,0,1,0,0,0,0,0,0,0,0.59819,5,0,0,0,1,1,0,3.33333,-1,0,-0.43544,0,0,0,0,0,0,-1,0,0,0,0,0,0,0,2,0,0,0,3,0,0,0,0,0,-1,0,0,1,0,0,0,0,0,0,-1,0,0,0,0,0,0,-1,0,-0.293904,0,0,-0.677087,-3,0,0,-1,0,0,0,0,0,0,0,1
0,0,0,1,1,0,0,-0.825409,0,0,0,0,0,0,1,0,-0.65814,0,0,0,0,-2,0,-4,-1,0,-1,-1,-1,0,0,0,0.56303,0,0,0,0,1,1,0,1.777622,1,1,-0.417121,0,0,0,-1,-1,0,-1,0,0,0,0,1,0,0,3,1,0,0,2,0,0,0,0,0,-1,0,2,0,1,0,0,0,0,0,0,0,0,1,0,2,0,2,0,-0.396069,0,0,-0.692393,0,0,1,0,0,1,0,2,0,0,0,1
0,0,0,1,-1,0,0,-0.655747,0,-1,0,0,0,0,0,-3,-0.496035,0,0,0,1,0,0,0,0,0,0,0,-1,-2,0,-1,0.69824,0,0,0,0,0,0,0,0.580917,-1,0,-0.59147,0,0,0,0,0,0,0,1,0,0,0,1,0,0,0,0,0,0,0,0,0,0,0,0,0,0,0,-1,1,-1,0,2,0,0,0,0,1,0,0,0,0,0,0,-0.569238,0,0,-0.806452,0,0,0,0,0,0,0,0,0,0,0,1
0,0,1,0,0,0,0,-0.667969,0,0,1,0,0,0,0,0,-0.692942,0,0,0,1,1,0,0,-1,0,0,0,0,0,0,0,1.14687,3,0,0,-1,-3,0,0,0.544379,0,0,-0.496023,0,0,0,0,0,0,1,-1,-1,0,3,0,0,0,0,0,0,0,1,-1,0,-3,0,0,0,1,2,0,1,0,0,0,0,-1,0,1,0,0,0,0,0,0,0,-0.846154,0,0,-0.694873,-2,0,-1,0,0,0,1,0,0,0,0,1
0,0,0,0,0,0,0,-0.454466,1,0,0,0,0,0,0,0,-0.615637,0,0,2,-2,1,0,-1,0,0,0,0,0,3,1,-1,1.0154,4,0,0,0,0,0,0,0.686326,0,0,-0.129378,0,0,0,0,0,0,0,0,0,0,2,0,0,-1,1,0,0,-2,-1,0,-2,0,0,0,-1,0,0,-1,0,0,0,0,0,-2,0,0,0,0,0,0,1,-1,0,-0.852127,0,0,0.330967,-1,0,-2,3,0,0,0,0,0,0,0,1
0,0,-2,1,0,0,0,-0.567012,0,0,0,0,0,-1,0,0,-0.843791,0,0,0,0,0,1,0,0,0,0,0,0,0,0,0,1.06823,8,1,-1,0,0,-2,0,1.47156,0,-1,-0.868165,4,0,0,0,-1,0,0,0,0,0,0,0,0,0,0,1,0,1,0,0,0,0,0,2,0,1,0,0,1,0,0,0,0,0,0,0,0,-1,1,0,0,0,0,-0.784485,0,0,-0.833333,0,1,-1,-1,0,4,1,1,0,0,0,1
0,0,-1,0,0,0,0,-0.814571,0,0,0,0,0,0,-1,0,-0.777778,0,0,0,0,0,0,0,-1,-1,0,1,0,0,0,0,0.93136,3,0,-2,0,-1,1,1,2.098562,2,0,-0.460939,0,-3,-1,0,0,0,0,2,0,2,0,0,0,0,0,1,0,0,0,0,0,0,0,0,0,1,0,-2,1,0,0,0,0,0,0,1,0,0,0,0,0,0,0,-0.666667,0,2,-0.833333,1,0,3,1,-1,1,1,1,1,0,0,1
0,0,-1,0,0,0,0,-0.867688,0,0,0,0,1,0,0,0,-0.749419,0,0,0,-1,0,0,0,0,0,0,0,0,0,0,0,0.96541,8,0,1,1,2,0,0,1.351369,2,0,-0.637736,0,0,0,0,0,0,0,0,0,0,0,0,0,0,-1,1,1,1,0,2,0,0,0,0,0,0,0,0,0,0,0,0,0,-2,0,0,-1,0,0,0,0,0,0,-0.858821,0,0,-0.53655,0,0,0,0,-2,0,0,1,1,0,0,1
-1,0,0,0,0,0,0,-0.777778,-1,0,0,0,2,0,-1,0,-0.840715,0,1,1,0,0,0,0,0,0,0,0,-1,0,0,0,0.76777,1,0,0,0,0,-4,0,0.217843,0,0,-0.544516,0,0,0,0,0,0,0,0,0,0,1,1,-3,1,-4,2,0,0,0,-1,1,0,-2,-3,0,0,0,0,1,0,0,0,0,0,0,0,0,1,0,0,0,2,0,-0.547944,0,0,-0.843987,-2,0,0,0,1,0,0,1,0,0,0,1
0,-1,0,0,0,-2,0,-0.823145,0,0,1,1,0,0,0,1,-0.6,0,0,1,0,0,0,0,0,0,0,0,0,0,1,0,0.99722,0,0,0,0,1,0,0,0.893948,2,0,-0.627766,0,1,0,-1,0,0,0,0,-2,1,2,1,-2,0,0,0,0,0,0,0,0,0,1,0,0,0,1,0,1,0,0,0,0,1,0,0,0,0,0,-1,0,-2,0,-0.674663,0,0,-0.673489,-1,0,1,0,-1,1,0,0,0,0,0,1
0,0,-1,0,0,-1,0,-0.46227,0,0,2,1,0,0,3,0,-0.187635,0,0,1,0,0,0,0,0,0,0,1,0,-2,0,0,0.93438,7,-1,0,0,0,0,0,0.21875,0,0,-0.613934,0,1,1,0,0,0,0,0,0,0,2,0,0,1,0,-1,0,0,-2,0,0,1,1,0,0,0,1,1,1,0,0,0,0,0,2,0,0,0,0,0,0,0,0,-0.560885,0,-1,-0.740074,0,0,0,0,0,1,-1,0,2,0,0,1
0,0,0,0,0,0,0,-0.599767,0,0,0,0,0,0,2,2,8.066535,0,0,4,0,0,-1,0,0,2,0,0,0,0,0,0,1.15591,3,0,0,-1,0,-2,0,1.537005,1,0,-0.758112,-2,0,0,0,0,0,0,0,0,0,-1,0,0,0,0,0,0,0,1,1,0,0,0,-1,0,-1,0,1,1,0,0,0,1,2,2,0,0,1,1,1,0,0,0,-0.493136,0,1,-0.558753,3,0,3,0,0,0,0,1,0,0,1,1
-1,0,0,0,0,3,2,-0.639818,-1,0,0,0,0,0,0,0,9.05882,0,-1,0,0,1,0,0,0,0,0,0,-1,0,0,-1,1.04113,5,0,1,0,0,0,0,0.609049,1,0,-0.678541,1,0,0,0,0,0,1,0,-1,0,-2,2,-1,0,0,-1,0,0,0,1,1,2,0,0,0,0,0,1,1,0,0,0,0,0,0,0,0,1,1,0,0,0,1,-0.597132,0,1,-0.571429,0,0,0,0,0,0,-1,0,0,0,1,1
0,1,0,1,0,0,0,-0.74954,0,0,0,1,1,0,-6,0,8.614787,0,1,0,0,1,1,0,0,1,0,0,0,0,1,0,1.05714,3,0,0,0,0,0,0,0.353149,0,0,-0.730898,0,0,0,0,0,0,0,0,0,2,0,1,0,0,0,0,-1,1,-1,0,0,0,0,-1,0,0,2,1,0,0,0,0,1,-3,0,-1,0,1,1,0,-1,1,1,-0.586207,0,1,-0.378232,0,0,0,0,0,0,1,1,0,0,1,1
0,1,0,0,0,0,0,-0.56036,0,0,-1,0,0,1,3,0,0.153233,1,0,-1,0,0,0,-2,0,0,0,0,3,2,1,0,0.88228,0,0,0,0,0,0,0,2.432795,-1,-1,3.284916,0,0,0,0,0,0,1,0,0,-1,0,0,0,0,0,-1,-1,-1,1,1,0,1,1,0,0,0,0,0,0,0,0,0,0,-2,0,0,0,0,0,0,-2,0,2,-0.682793,0,0,8.278027,0,0,-3,0,0,0,0,1,-1,4,0,1
0,0,0,-3,0,0,0,1.783271,1,0,0,0,0,0,0,0,-0.150488,0,0,0,1,0,0,0,-3,0,0,0,0,0,0,0,0.96905,2,-2,0,0,-1,0,0,2.034178,1,0,0.798189,1,0,0,0,0,1,0,0,0,0,-1,1,0,2,0,0,0,0,0,2,0,0,-2,1,3,0,-1,0,0,0,-2,0,0,0,0,0,0,1,0,-3,0,2,0,-0.692308,0,0,7.541535,2,0,0,0,0,0,0,0,0,0,0,1
0,0,1,0,0,2,0,-0.579814,0,-1,1,2,1,1,1,0,-0.887088,1,2,0,0,0,0,0,0,0,0,0,0,2,1,0,1.19018,5,-3,0,0,0,0,0,0.605263,0,0,0.884311,0,0,0,0,0,0,0,0,0,0,0,1,0,0,1,1,0,0,0,0,-1,0,0,-2,0,0,-1,0,0,0,0,0,0,2,0,0,0,0,0,0,0,0,0,-0.547794,0,0,8.169846,2,0,0,0,0,0,0,1,0,0,0,1
0,0,0,0,0,0,0,-0.604322,0,0,0,0,-1,0,0,0,-0.794833,1,0,0,1,0,0,0,0,1,0,4,2,0,0,0,1.90976,5,0,0,-2,1,0,0,4.029521,0,0,-0.794842,0,0,0,0,0,1,0,0,0,0,1,1,1,-2,1,0,0,0,0,0,-3,0,2,1,-1,0,1,1,0,0,0,0,0,0,0,1,1,1,0,0,0,0,0,-0.599436,0,0,-0.670932,0,1,4,0,0,0,0,0,0,0,0,1
0,0,-1,1,0,0,0,-0.666759,0,0,0,-1,-1,0,-1,0,-0.149851,1,0,0,2,1,0,0,0,1,0,0,-1,0,0,0,0.74005,3,0,-1,0,0,0,0,1.2412,0,0,-0.729232,0,0,0,0,0,1,-1,0,0,0,3,0,0,0,1,0,0,0,0,1,0,0,1,1,0,0,0,1,0,0,0,0,0,0,1,-1,1,1,0,1,0,0,0,-0.818182,0,0,-0.592368,0,0,0,0,-1,0,0,0,1,-2,0,1
0,3,-2,0,0,0,0,-0.705474,0,0,0,0,0,0,1,0,1.00693,1,0,0,0,-2,0,0,-1,1,0,0,0,0,0,0,2.53014,9,0,-1,0,0,0,0,1.31889,2,0,-0.562733,0,-1,0,0,0,1,0,0,0,0,0,0,0,-2,1,0,-1,-1,0,1,0,1,1,1,0,1,0,0,0,0,0,0,0,0,0,0,1,0,0,0,0,0,0,-0.473792,0,0,-0.669741,0,0,0,0,1,0,0,0,0,1,0,1
0,2,0,0,0,0,0,-0.742641,0,2,-3,0,0,0,0,0,-0.647059,0,1,0,0,0,-1,1,1,0,0,0,3,-1,-2,0,0.69257,4,0,0,2,1,-2,0,1.239602,2,0,-0.754729,0,0,1,0,0,0,0,1,0,0,0,0,0,0,0,0,0,0,0,0,-1,4,2,0,0,0,0,0,0,-2,0,0,0,0,0,1,0,0,1,0,0,1,0,-0.818181,0,0,-0.717445,0,0,0,0,1,-1,0,1,0,0,0,1
0,0,0,0,-1,0,0,-0.873657,0,1,0,0,2,0,1,0,-0.450732,0,-2,0,0,-1,-1,0,0,1,0,0,-2,0,0,-1,0.78355,2,0,0,1,1,1,0,2.691453,0,-1,-0.595477,1,0,0,0,0,1,0,0,0,-1,1,0,0,0,-2,-1,1,0,0,0,1,1,0,0,-1,0,0,0,0,0,-1,0,1,-2,0,1,0,0,0,1,1,0,0,-0.600056,0,0,-0.7,0,-1,0,0,1,0,0,1,1,0,0,1
-1,0,0,0,0,1,0,-0.789474,-1,0,-1,0,0,0,0,0,-0.752158,0,0,0,0,0,-3,-2,0,0,-2,0,0,0,2,0,0.82857,2,0,0,0,-2,2,0,0.973098,0,-1,-0.42045,0,0,-2,0,-1,0,-1,0,0,-2,0,0,-1,0,0,1,1,0,-2,0,0,0,0,2,-1,0,0,0,0,0,0,0,0,1,-1,1,0,-1,1,0,0,0,0,-0.873139,1,0,-0.670543,0,0,0,0,0,0,0,1,2,1,0,1
0,0,-3,0,0,1,0,-0.698912,2,0,0,0,0,-1,1,0,-0.418671,1,-1,0,1,0,1,0,0,0,0,0,1,0,0,0,0.98309,4,0,0,0,-1,0,0,0.255014,0,0,-0.661446,-2,0,-1,0,0,0,0,0,0,0,-1,0,0,1,0,0,0,0,0,-1,0,0,0,0,0,1,0,0,0,0,0,0,2,0,1,0,1,1,0,0,0,0,0,-0.657143,0,0,-0.538805,0,0,-3,-1,0,-2,0,0,3,0,0,1
0,0,0,-2,0,0,0,-0.650901,2,0,0,0,-2,0,0,0,-0.571429,0,0,0,0,1,0,0,0,0,0,-3,0,1,0,0,0.88177,1,0,0,1,0,0,0,0.241379,0,0,-0.640338,0,1,0,0,-1,0,0,0,0,0,1,1,-2,0,-1,0,-1,0,3,0,0,1,0,0,-1,0,0,0,1,0,0,0,-2,0,0,0,0,0,0,1,0,1,0,-0.553239,0,0,-0.40273,0,0,0,1,1,0,1,-1,0,0,0,1
1,0,1,0,0,2,-1,-0.751107,-1,0,0,0,0,3,1,0,-0.559066,0,0,0,1,1,0,0,0,-1,0,0,1,0,-1,0,0.86714,13,0,0,2,0,0,0,0.202965,0,0,-0.583545,0,0,0,0,0,-1,0,0,0,0,0,0,0,1,0,0,0,1,0,-1,0,1,0,2,-1,0,0,0,0,0,0,0,1,0,0,0,0,1,0,1,0,0,0,-0.684223,0,0,-0.41859,-3,0,0,-1,0,0,0,0,0,-1,0,1
0,0,0,-2,-1,0,0,-0.8,0,0,1,0,0,0,0,0,-0.723849,0,0,0,1,0,2,2,1,0,0,1,0,1,0,0,2.8161,7,0,1,0,2,-2,0,1.620647,4,0,-0.736753,0,1,0,1,0,1,0,0,0,0,0,0,0,0,0,0,0,0,2,-3,1,-2,0,0,0,-1,0,0,0,0,0,1,0,0,0,0,0,0,1,1,0,0,0,-0.500999,0,0,-0.69719,0,0,0,0,0,0,0,2,0,1,1,1
0,-1,0,0,-2,0,-1,-0.625207,0,0,1,-1,0,0,0,0,-0.727737,0,0,0,1,0,0,0,0,0,0,1,0,0,0,0,1.10084,6,0,1,0,0,0,0,1.688327,0,-1,-0.855378,0,1,0,1,0,0,0,0,0,0,1,0,0,0,0,0,0,0,1,0,3,0,-1,1,0,0,0,0,1,6,0,1,3,0,0,0,0,0,1,1,0,3,0,-0.579806,0,0,-0.806938,0,0,2,0,-1,0,0,0,0,0,1,1
0,0,0,0,0,0,0,-0.8,1,1,1,-1,0,0,0,0,-0.718007,2,0,0,1,0,0,2,0,1,0,1,0,0,2,0,1.39894,7,0,1,0,0,0,0,0.176143,0,0,-0.750424,2,1,1,1,-1,0,0,0,0,-2,1,-2,-2,0,0,0,0,1,0,0,-2,0,0,3,-2,0,0,0,0,2,0,0,0,0,0,0,0,1,1,0,0,0,0,-0.591676,0,0,-0.52978,2,1,0,0,0,0,0,0,0,0,1,1
0,0,0,0,0,0,0,-0.724771,0,0,0,0,0,0,2,0,-0.270523,0,0,1,0,-1,0,-1,1,0,0,0,4,2,0,1,1.08424,2,-1,0,0,0,0,0,1.096969,1,0,-0.42849,-1,0,0,0,1,0,-3,0,1,0,0,0,0,0,1,-2,0,0,0,-3,2,0,1,1,0,-2,1,0,0,0,0,0,-1,0,0,-1,0,1,0,0,1,0,0,-0.572601,0,0,-0.106999,0,0,0,0,1,0,1,0,1,0,1,1
0,-1,0,0,0,0,-1,-0.826416,0,0,0,0,0,2,0,0,-0.494526,0,0,0,0,0,-2,-1,0,-2,-1,0,0,0,0,0,0.95808,1,0,0,1,1,2,0,1.28589,0,0,-0.674896,0,0,0,0,0,0,-1,1,0,0,0,2,0,0,0,0,0,0,0,0,0,0,1,0,-1,0,0,0,0,2,0,0,0,0,0,0,2,1,0,0,1,0,0,-0.768203,1,0,-0.625,0,0,0,0,1,0,-1,-1,0,0,1,1
0,0,-1,0,-1,0,-1,-0.674797,0,0,0,0,-1,1,2,0,-0.71356,0,1,0,1,0,0,-1,1,-1,0,0,0,0,1,0,2.00696,0,0,0,0,0,0,0,1.096388,0,0,-0.666667,0,-2,0,0,0,0,0,0,0,-1,0,0,-1,0,0,-1,0,0,0,0,0,0,0,0,0,0,1,0,0,0,2,1,0,0,1,0,0,1,0,0,0,0,0,-0.764099,0,0,-0.548996,0,0,0,0,1,-1,0,0,1,0,1,1
0,0,1,0,0,-2,0,-0.694889,1,-2,0,0,0,0,0,3,-0.631237,0,0,1,0,-1,-2,0,0,0,0,0,0,0,0,0,1.2,2,0,0,1,0,-2,0,0.239205,-1,0,-0.583673,0,0,-1,0,-1,1,0,0,-1,1,0,0,0,3,0,0,-1,0,0,-4,0,3,0,0,0,0,1,0,0,0,0,0,-1,0,0,0,1,0,0,0,0,0,0,-0.753988,0,0,-0.545244,-1,2,0,0,0,1,-1,0,0,0,0,1
0,3,0,0,0,0,1,-0.721215,0,0,0,0,1,0,0,0,-0.767092,0,1,0,2,0,0,0,0,0,0,0,0,3,0,0,1.2,6,-1,0,0,0,0,0,2.088599,-2,0,-0.705677,0,-1,0,0,0,-1,0,0,0,0,0,0,-1,1,0,0,0,0,0,-1,0,0,0,0,0,0,1,-1,-1,0,-2,0,0,0,0,0,0,-1,0,0,0,0,0,-0.617879,0,1,-0.661732,0,0,0,-1,0,0,0,0,0,0,0,1
0,2,1,0,0,0,-1,-0.647059,0,-1,0,1,-1,0,0,3,-0.653645,0,0,1,0,0,1,0,0,0,0,0,-1,0,-2,1,0.75371,9,0,0,0,0,0,0,0.734695,-4,0,-0.491998,0,0,0,0,0,0,0,-1,0,0,0,0,-3,0,0,0,-1,0,0,0,0,1,0,0,0,0,0,0,0,-1,-1,0,0,1,1,0,0,-1,0,-2,0,0,1,-0.793103,0,0,-0.391447,0,0,0,0,0,1,0,0,0,-2,0,1
0,2,-1,0,1,1,0,-0.347393,0,0,1,-1,0,0,0,2,-0.789303,0,0,0,0,0,0,0,0,0,1,0,0,1,1,0,1.5182,9,0,0,-1,0,-1,0,0.758765,1,0,-0.766385,0,0,0,0,1,0,0,0,0,0,1,2,0,0,0,0,0,0,0,0,2,0,0,1,-3,0,0,0,0,4,0,-1,0,0,0,0,0,0,2,0,-1,0,0,-0.72147,1,0,-0.39299,-2,0,0,-1,0,0,0,0,0,0,0,1
0,0,0,0,-1,-1,0,-0.403935,-1,0,0,0,0,0,0,0,-0.777778,1,-1,3,1,0,0,0,0,1,1,0,0,-3,1,0,2.26691,5,0,0,-2,0,-1,0,1.233937,0,0,-0.773585,1,0,0,0,0,0,0,0,0,0,0,1,0,0,3,1,1,0,0,0,0,-2,0,0,-1,0,0,0,0,0,0,1,3,1,0,0,0,0,0,0,0,1,0,-0.727273,0,-1,-0.486848,0,0,0,1,-1,-2,0,0,0,0,0,1
0,0,4,2,0,-1,-1,-0.824408,0,0,0,1,0,0,0,2,-0.829949,0,0,0,1,0,0,0,0,1,1,0,0,0,0,0,1.57666,-24,0,0,-1,0,0,0,1.624889,0,0,-0.773585,0,0,0,0,0,0,0,0,1,1,0,0,0,0,0,0,-1,0,0,0,0,2,0,1,-1,2,0,0,0,0,0,-1,0,1,0,-1,0,0,0,0,3,1,0,-0.727273,1,1,-0.499009,0,0,0,0,-2,0,0,0,0,0,0,1
0,0,0,0,-1,0,0,-0.647988,0,0,1,0,-1,1,0,0,-0.643042,0,1,5,0,0,-1,-1,0,0,1,0,0,-1,0,0,1.71397,16,0,0,0,0,0,0,0.46875,2,0,-0.67549,2,0,1,0,0,1,-1,1,0,3,2,0,0,0,0,0,0,0,0,0,0,0,-1,0,0,-1,0,0,0,3,0,0,0,0,0,0,0,0,0,1,0,-1,0,-0.734619,0,1,-0.793103,-1,0,-1,0,0,0,0,0,1,1,0,1
0,0,0,0,0,0,0,-0.636224,0,0,1,0,-1,0,0,0,-0.594985,0,0,-1,2,0,0,0,0,0,0,0,2,0,0,0,1.15916,9,-1,0,0,0,0,1,0.664346,0,0,-0.317062,0,0,2,1,0,0,0,2,0,0,0,2,1,0,2,0,0,0,-2,0,2,0,-1,0,1,0,0,0,-2,0,0,0,-1,1,0,0,0,0,0,1,0,0,0,-0.718,0,-1,1.469853,-3,-1,0,0,0,0,0,2,0,1,0,1
0,3,0,0,0,1,-2,-0.302217,0,1,0,0,0,0,0,1,-0.647059,0,-1,2,2,0,0,0,1,-1,0,0,-5,1,0,0,1.12748,1,0,0,1,0,0,0,0.46875,0,0,-0.665141,-1,0,0,0,0,-1,0,0,0,0,0,1,2,0,0,0,0,0,1,0,-1,0,0,0,0,0,0,0,0,1,0,0,0,0,0,0,0,0,0,0,0,0,-1,-0.655534,0,0,-0.412016,0,0,1,0,0,0,2,1,0,0,0,1
0,0,0,-2,1,0,0,0.012604,0,0,2,0,0,0,0,-3,-0.835958,0,0,-1,0,0,1,0,0,0,0,3,0,0,0,1,3.11253,12,0,0,0,-1,0,0,2.423922,0,0,-0.692807,-1,1,2,0,0,0,1,0,0,2,0,0,0,0,0,0,1,0,1,0,-1,0,0,3,0,0,0,0,0,4,0,0,2,0,0,0,0,0,0,0,0,0,0,-0.567995,0,1,-0.55934,0,0,3,0,0,0,0,0,4,0,1,1
0,0,0,2,0,0,0,0.035827,0,0,0,0,0,0,0,0,-0.416178,0,0,0,0,-1,0,0,0,0,0,0,0,0,0,0,0.93752,1,0,-1,5,0,0,0,3.667908,0,0,-0.279295,-1,1,2,0,1,0,0,0,0,0,0,0,0,2,3,-1,0,0,1,0,-1,0,1,0,1,0,0,0,0,4,0,0,1,0,0,0,0,0,-1,0,0,0,0,-0.733333,0,1,-0.366939,0,0,2,0,1,0,0,0,0,1,1,1
0,0,0,0,0,1,0,-0.622321,0,0,0,0,0,0,0,-1,-0.602478,0,0,0,0,-1,1,0,0,0,0,0,0,0,0,1,0.41858,50,1,1,1,1,0,0,1.94595,0,0,-0.797933,0,0,0,0,0,0,0,0,0,1,0,0,0,0,-2,0,1,-2,1,2,0,0,0,1,0,0,0,0,0,0,0,0,1,-1,0,0,1,0,0,0,0,0,0,-0.561041,0,1,-0.431058,0,0,0,0,0,0,0,-1,0,0,1,1
0,-1,0,0,0,0,0,-0.657143,0,1,1,1,1,0,0,1,-0.5873,0,0,0,0,0,-1,0,1,0,0,0,0,0,0,0,1.41411,2,1,0,0,0,0,0,2.239623,0,0,-0.783086,0,0,0,0,0,0,1,0,0,0,0,0,-2,0,0,0,0,0,0,0,0,1,0,0,0,0,1,1,2,0,0,0,0,1,0,0,-1,0,0,1,1,0,0,-0.73088,0,0,-0.667549,2,0,2,1,1,0,0,0,1,1,1,1
0,0,0,0,0,0,0,-0.664264,0,0,0,1,0,0,0,1,-0.646139,0,0,0,0,0,0,0,0,0,0,0,0,0,0,0,2.53628,14,0,0,1,0,-1,0,1.491736,2,0,-0.533623,2,1,0,0,1,0,0,0,0,-1,0,0,0,1,0,0,0,1,0,0,0,1,0,0,0,-1,0,0,0,2,-1,0,0,1,-1,0,-1,0,0,0,0,0,1,-0.494135,0,0,-0.606647,0,0,2,0,0,0,0,0,1,2,1,1
0,0,0,0,-1,2,0,1.75407,0,0,0,1,1,-1,0,0,-0.025043,1,0,0,0,0,0,1,0,1,1,0,0,0,0,0,0.44903,7,0,0,0,1,0,0,1.473496,3,0,-0.764715,-1,0,0,0,3,0,0,0,0,0,-1,0,1,0,0,3,0,0,0,-1,2,0,0,0,0,0,0,0,0,0,0,1,0,2,0,0,-1,0,0,1,0,0,0,-0.532395,1,0,-0.627546,0,0,3,1,-1,0,-1,0,1,1,1,1
0,0,0,0,0,0,0,-0.528585,0,0,0,0,2,-1,-1,1,-0.566257,1,-2,1,0,2,0,-2,0,-1,0,1,0,0,0,0,0.82824,3,0,-1,1,1,0,0,0.341872,0,0,-0.273909,0,0,0,0,2,2,0,0,0,0,1,0,0,-2,0,0,0,0,0,0,2,0,3,0,-1,-1,2,0,-1,0,0,0,1,0,0,0,0,0,0,0,0,0,0,-0.522535,0,0,-0.52,1,0,-1,-1,0,2,0,-1,1,0,0,1
0,0,-1,1,0,0,0,-0.663789,0,0,-1,0,0,0,1,1,-0.319311,0,0,0,1,0,0,4,1,0,0,0,0,0,1,0,0.89096,0,0,0,0,1,-1,0,0.306769,0,2,-0.661941,0,0,0,0,0,0,0,0,0,0,1,3,0,0,0,-1,0,0,0,0,0,0,-1,2,0,0,0,-1,0,0,0,0,0,0,0,0,0,0,0,0,0,-1,0,-0.839767,0,0,-0.52,0,0,2,0,0,1,0,1,-2,-2,0,1
0,0,0,1,0,0,-3,-0.650417,0,0,0,0,0,0,0,1,-0.653709,2,0,0,-2,-1,0,0,0,0,0,0,0,0,-1,0,2.56649,2,1,-1,0,1,0,1,0.296296,-1,0,-0.896902,0,1,0,1,0,1,0,0,0,0,0,0,0,0,0,0,0,0,0,0,1,0,1,-2,0,1,0,0,0,0,0,0,0,0,0,0,0,0,-1,0,0,-2,0,-0.727273,0,0,-0.802055,0,0,0,0,0,0,0,0,1,0,0,1
0,0,-1,0,1,-1,0,1.039957,0,0,-3,0,1,0,-1,0,-0.104131,0,0,0,0,0,0,1,0,0,0,2,0,0,4,0,2.26959,6,1,1,-1,0,0,0,0.57617,1,0,-0.76,0,0,0,0,0,0,0,-2,0,-3,0,0,0,0,4,-3,0,0,1,0,0,1,1,1,0,0,0,0,0,0,5,1,0,1,0,0,0,2,-1,0,0,0,0,-0.796545,0,1,-0.543445,0,0,0,1,1,-1,0,0,0,0,0,1
0,0,0,1,0,0,1,-0.852579,0,0,-1,-1,0,1,1,2,-0.358392,0,0,0,0,-2,0,5,0,0,0,0,0,-1,0,1,2.21769,4,0,0,0,1,0,0,0.579601,0,-1,5.236439,0,0,-1,-1,0,0,0,0,0,0,2,0,0,1,-1,0,0,0,0,-3,0,0,1,-1,0,1,0,1,2,0,0,0,0,0,0,-1,0,1,0,-2,1,0,0,-0.666667,0,0,-0.382153,0,-1,0,0,1,1,0,5,0,0,0,1
0,-1,0,1,1,0,0,-0.011935,1,-2,-1,0,0,0,0,0,-0.320726,-1,0,0,0,0,0,0,0,2,0,0,0,0,1,0,1.47267,0,0,0,3,0,0,0,0.454966,0,0,-0.758372,0,-1,0,0,0,1,0,1,0,0,0,0,2,0,0,0,0,0,0,1,1,0,1,1,4,0,0,0,1,0,0,0,0,0,0,-1,-2,0,0,0,0,0,-1,-0.783772,0,0,-0.068551,-1,0,0,0,2,0,0,0,0,1,0,1
0,0,0,1,0,0,1,-0.217054,0,0,0,0,0,0,-2,3,-0.558168,0,0,0,0,0,0,0,0,0,0,0,0,0,2,0,1.10775,0,0,0,0,4,0,0,2.205919,1,0,-0.584176,0,0,0,0,-1,0,0,0,0,0,2,-8,-5,0,3,0,0,0,2,0,1,0,0,-1,0,1,1,0,0,0,0,0,0,0,0,0,0,-1,0,0,0,1,0,-0.713795,0,0,-0.047128,0,0,0,0,0,0,0,-1,0,0,1,1
0,0,0,0,0,0,0,0.630833,0,0,0,0,1,0,0,0,-0.643346,0,0,-3,-1,0,-1,0,0,0,1,0,0,2,1,-1,1.1739,15,1,0,0,0,0,-2,0.59375,0,2,-0.590116,0,2,0,0,0,0,0,0,0,0,1,0,0,0,0,0,1,0,0,0,0,1,0,0,0,0,1,0,1,1,0,0,-1,0,1,0,0,0,0,0,0,0,0,-0.876002,0,0,-0.73985,0,0,-2,0,0,0,0,0,-3,1,1,1
0,0,-1,2,-1,0,-1,-0.141857,0,0,0,-1,1,0,3,0,-0.6,1,0,0,3,0,0,-1,0,0,0,0,-2,-1,1,0,2.1011,4,0,0,0,0,1,0,0.572347,0,0,-0.605924,0,1,0,0,0,-2,0,0,0,-1,1,0,1,0,0,0,0,0,2,-1,0,1,0,0,0,0,0,0,4,0,0,0,0,0,0,-1,0,0,0,0,0,0,0,-0.889036,0,0,-0.767945,0,0,-1,0,0,0,0,0,0,0,1,1
0,0,0,1,0,0,1,0.116267,0,1,0,0,0,0,0,0,-0.744681,0,0,-2,0,0,1,0,1,0,1,0,-1,0,0,-1,1.80352,2,0,1,0,1,0,0,1.361242,0,0,-0.715563,0,0,0,0,0,0,-1,0,0,0,0,0,2,0,0,0,0,0,-1,0,0,0,-2,0,0,0,1,0,0,0,0,0,0,0,0,0,0,0,-2,0,0,0,0,-0.7,0,0,-0.72093,2,0,3,0,1,2,0,1,0,0,0,1
0,0,0,1,0,0,3,-0.495339,1,2,1,0,1,-1,0,0,1.042761,0,0,1,4,0,1,0,0,0,1,-2,0,3,-1,0,2.68411,2,0,1,0,0,0,0,1.648907,2,-1,-0.715627,2,0,1,0,0,0,0,0,0,0,0,0,-1,0,0,-1,0,-1,0,0,0,0,-1,0,0,-1,1,0,1,0,0,0,0,2,1,0,-1,0,0,1,0,-1,0,-0.725114,0,0,-0.790217,0,0,0,1,0,0,0,0,0,0,0,1
2,2,-1,1,1,0,0,-0.85901,0,0,0,0,1,0,0,0,1.948375,0,0,-1,0,0,0,0,0,0,0,0,0,2,0,0,3.42725,2,0,1,1,1,2,0,1.83721,0,0,-0.695487,0,0,0,0,0,0,0,0,0,0,0,0,-1,0,1,0,0,0,0,1,0,0,0,0,0,-1,1,0,0,0,0,0,0,-1,0,0,1,-2,-1,1,2,0,2,-0.752071,0,0,-0.748091,0,0,0,1,1,-1,0,-4,3,0,0,1
0,-1,0,0,0,0,0,-0.77838,0,4,2,0,2,0,-2,0,-0.803247,0,1,0,0,0,0,0,0,0,0,2,2,0,0,1,2.33112,1,0,0,-3,0,0,0,0.272992,0,0,-0.856942,0,0,0,0,2,0,-2,0,1,0,1,0,0,0,0,0,-1,1,-1,0,0,1,0,-2,0,0,0,0,0,2,2,1,0,0,0,0,0,1,0,0,0,0,0,-0.613676,0,0,-0.670171,1,1,2,3,0,1,1,0,-1,0,1,1
0,0,0,0,0,0,0,-0.853054,0,0,0,0,1,0,-1,0,-0.601739,0,0,0,0,0,-1,0,1,0,0,0,0,0,-1,0,2.19234,8,0,0,0,-2,0,0,0.427468,0,0,-0.859407,0,0,0,0,0,0,0,0,1,0,0,0,0,0,0,-2,0,0,0,0,0,0,0,0,0,0,-1,2,0,0,4,0,0,0,0,0,0,1,0,0,0,0,1,-0.707317,-2,0,-0.538676,0,1,0,0,0,1,0,1,0,0,1,1
0,0,0,1,0,0,0,-0.769231,0,0,0,0,0,0,0,-3,-0.828635,0,1,0,3,0,0,1,-1,0,-1,0,0,0,0,0,3.38629,2,0,1,0,0,0,0,0.260506,0,1,-0.855512,-3,1,0,0,0,0,0,0,0,0,1,0,0,1,0,0,0,0,0,0,0,0,0,0,1,0,0,3,0,0,0,-3,-1,0,0,0,0,1,0,0,0,0,1,-0.707317,0,0,-0.613631,0,0,0,0,-1,1,0,0,0,0,1,1
0,0,0,0,0,0,0,-0.62432,0,0,-1,0,1,0,2,0,-0.418088,0,0,-1,1,0,0,0,1,0,0,2,0,0,0,0,0.881,4,0,0,0,0,0,0,1.645827,0,0,-0.53225,0,0,0,0,0,0,0,0,1,0,1,0,0,1,0,0,0,0,0,1,0,0,0,0,0,1,0,1,1,0,0,0,3,0,-1,0,1,1,0,0,0,0,0,-0.694795,0,0,-0.791732,0,0,0,0,0,0,0,0,0,0,0,1
0,2,0,3,0,0,0,-0.666087,0,0,0,0,3,0,0,2,-0.194167,0,0,0,1,0,0,2,0,0,1,0,0,2,0,0,1.41128,13,0,1,0,0,0,0,2.027679,2,0,-0.350849,0,0,0,0,0,0,0,0,0,-1,0,0,1,0,-4,2,0,0,0,1,1,0,0,0,0,0,0,0,-3,0,0,0,0,0,-1,-1,0,0,0,1,0,0,0,-0.393269,0,0,-0.4733,0,0,0,0,-1,0,0,0,1,0,0,1
0,1,1,0,0,0,0,-0.438003,0,0,0,0,0,0,0,-2,-0.149402,0,0,-2,1,0,0,0,0,0,0,0,0,0,-1,0,1.98102,4,1,0,0,0,0,0,2.57143,0,0,-0.555419,0,0,0,0,0,0,0,0,0,0,1,0,0,1,0,0,0,-1,0,0,-1,0,0,0,2,0,2,0,0,0,0,0,-1,0,0,0,0,1,2,3,0,1,0,-0.608134,0,0,-0.494473,0,-2,-1,0,0,0,0,0,0,0,0,1
0,0,0,0,0,0,3,-0.412397,0,0,0,0,0,0,2,1,-0.761329,0,0,1,-1,0,1,0,0,0,0,0,2,0,0,0,0.70126,9,0,0,0,1,0,0,1.314773,0,0,-0.690795,-1,0,0,0,1,0,-1,0,0,-1,1,0,3,0,1,-1,0,0,0,0,0,0,0,0,2,0,0,0,0,0,0,0,-1,0,1,1,0,0,0,0,0,0,0,-0.254911,0,0,-0.659366,2,0,-1,0,0,0,1,-1,1,0,1,1
0,-1,0,0,0,0,-1,-0.796611,0,0,0,0,0,0,0,0,-0.480169,0,0,1,-3,1,0,0,0,0,0,4,0,-3,0,0,1.06896,17,0,0,0,1,0,0,1.28937,2,1,-0.88416,0,1,-1,0,0,0,0,0,0,0,0,-1,0,-1,0,0,-1,0,0,0,0,3,0,0,0,0,0,0,0,0,2,0,0,0,1,1,0,1,0,0,0,0,0,-0.5849,0,1,-0.663844,0,0,0,-1,0,1,0,0,1,-1,1,1
0,1,0,2,0,-1,2,0.034696,0,0,0,0,0,0,-1,0,-0.419319,0,1,1,0,0,0,0,0,0,0,0,0,0,0,0,1.05039,13,1,0,-2,0,0,0,1.444882,0,0,-0.539829,0,0,0,0,1,0,0,0,0,0,0,2,2,0,0,0,0,0,0,0,0,0,0,0,0,0,0,-2,1,0,2,1,0,-1,1,1,0,0,0,0,0,1,0,-0.009843,0,0,-0.589734,0,0,0,0,0,1,1,1,1,0,1,1
0,0,0,1,0,0,0,-0.707317,0,1,0,0,0,0,0,-2,-0.692308,0,0,0,0,1,0,0,2,0,1,0,3,3,1,0,1.05502,6,0,0,0,0,-1,1,2.4,0,-2,-0.657143,0,0,0,0,0,1,-1,0,0,2,0,0,0,1,0,-2,0,0,0,1,0,1,-1,1,0,0,4,0,1,0,0,0,0,0,0,0,0,1,0,1,0,0,1,0.139178,0,0,-0.897436,3,1,0,0,1,1,-2,1,0,0,1,1
0,-1,0,1,0,0,1,-0.707317,0,0,0,0,3,1,0,0,-0.828162,0,0,0,-1,0,0,0,0,0,0,0,2,0,0,0,1.58473,1,0,0,0,0,0,0,3.143023,0,0,-0.657143,0,-1,0,1,0,0,0,-1,-1,0,2,0,-1,0,0,0,2,0,0,0,0,0,-1,1,0,0,1,0,-1,-1,0,0,0,2,0,0,0,1,-1,1,0,-1,0,-0.638877,0,0,-0.897436,0,0,0,0,1,-1,0,0,0,0,1,1
0,-1,1,1,0,0,0,-0.707317,0,0,0,0,0,1,0,-1,-0.697332,0,0,0,0,1,1,0,0,0,2,0,0,0,0,0,1.20103,2,0,0,0,0,0,0,2.309698,0,-1,-0.491707,-1,0,0,0,0,0,1,0,0,0,1,1,0,0,0,2,0,-1,0,1,0,1,0,-1,2,1,0,0,0,1,0,0,0,2,0,0,0,1,0,0,0,1,1,-0.502912,0,0,-0.897436,-1,0,0,2,1,1,0,0,0,0,1,1
0,3,0,0,0,0,-2,-0.571429,0,0,-2,0,0,0,0,0,-0.67004,1,0,-2,0,0,0,0,0,-1,0,1,0,-1,0,0,2.07347,3,0,0,0,0,0,1,0.19214,-7,0,-0.724904,0,0,0,0,0,0,0,0,0,2,0,0,0,0,2,1,0,-2,-1,0,1,0,0,0,0,0,0,0,-3,0,0,-1,0,0,0,0,0,0,0,1,0,0,0,-0.757181,0,0,-0.642536,0,0,-2,0,0,2,0,1,1,0,0,1
0,0,0,0,0,-1,1,-0.247472,0,0,0,0,0,0,-2,0,-0.636364,0,0,0,0,0,0,-1,0,-1,0,0,0,-1,0,0,1.16626,4,0,0,1,1,0,-1,0.211944,2,0,-0.690374,0,0,1,0,1,0,-1,0,1,0,1,0,0,1,0,1,0,0,-3,0,0,0,-1,0,0,0,0,0,1,-2,-1,0,0,0,0,-2,1,0,0,1,-1,0,0,-0.839668,0,0,-0.707608,2,-1,0,0,0,1,1,0,0,1,0,1
1,0,0,0,0,0,0,0.303081,0,0,0,0,0,-4,-1,1,-0.667228,1,0,0,0,0,0,0,0,0,0,2,-1,0,0,0,0.97305,3,1,0,2,0,0,0,1.824827,0,0,-0.707317,-1,0,0,0,0,3,0,0,0,1,0,0,0,0,0,2,0,0,-1,0,0,1,0,0,0,0,-1,1,0,0,0,0,0,0,0,0,0,0,1,0,0,5,-1,-0.617604,0,0,-0.665792,-3,0,0,0,0,1,0,1,0,2,0,1
0,0,0,0,-1,0,0,-0.129547,0,0,0,0,-1,1,0,0,-0.603424,0,0,0,0,0,-1,-1,0,0,0,0,0,0,1,0,1.5284,0,0,0,1,-1,0,0,1.18,0,0,-0.758915,-1,0,1,-1,0,1,0,0,0,0,1,0,0,1,0,0,0,0,0,1,0,1,1,0,0,0,0,0,0,0,3,0,0,0,0,0,0,0,0,0,1,0,0,-0.594131,0,0,-0.61561,0,0,0,0,1,-1,0,0,2,0,1,1
0,0,0,0,0,0,0,-0.796233,0,0,-1,0,0,0,1,1,-0.585845,0,0,0,0,0,1,0,0,0,0,0,0,0,-3,0,3.29312,9,0,0,0,0,0,0,0.808112,0,0,-0.426174,0,1,0,0,0,0,0,0,-1,-2,1,0,0,0,0,0,0,0,0,0,2,0,0,-2,0,0,1,0,0,3,0,-1,0,0,0,0,0,1,0,0,0,0,0,0.037494,0,-1,-0.671774,2,0,4,0,0,0,0,0,1,0,1,1
0,2,0,0,0,4,0,-0.687073,0,0,0,0,0,4,2,2,-0.583601,1,0,1,0,0,0,0,0,-1,-1,0,0,0,1,0,0.50637,4,0,-1,0,0,1,0,1.113565,-3,0,-0.754479,0,0,0,0,-1,0,0,0,0,0,0,1,0,1,0,2,0,0,1,-1,0,1,0,1,0,0,0,0,0,0,0,0,0,0,0,0,0,0,0,-1,0,0,0,-0.028066,0,0,-0.760004,0,0,0,0,0,0,0,0,0,0,1,1
0,0,-2,0,0,0,-2,-0.618649,0,0,-1,0,0,0,-1,0,-0.884096,0,0,0,0,0,0,0,0,0,0,0,-1,0,0,0,0.87667,6,0,0,0,0,0,0,1.86667,1,0,-0.587079,1,-1,1,0,0,0,0,0,0,0,0,0,0,1,0,0,0,0,1,2,-1,1,0,0,-1,0,-1,0,0,0,0,0,1,0,1,0,0,0,0,-1,0,0,0,-0.626745,0,0,-0.632465,0,0,-2,-1,0,0,0,1,4,0,0,1
0,6,1,0,0,-2,0,-0.890974,0,0,0,0,0,0,0,0,-0.866354,0,0,0,0,0,0,2,0,0,0,2,1,2,0,0,1.08563,6,0,0,0,0,-3,1,1.471698,0,0,-0.641057,-2,0,0,0,1,-1,0,0,0,-1,0,0,0,0,0,0,0,0,-1,0,-1,1,-1,0,1,-1,-2,0,1,-1,0,0,0,0,0,0,0,0,0,0,0,0,0,-0.709349,0,0,0.065695,1,0,3,0,0,1,-1,0,0,0,0,1
0,0,-2,1,0,0,0,-0.781818,2,0,0,0,0,0,-1,-2,-0.792708,0,0,0,0,0,0,0,-1,0,0,-2,0,0,1,0,0.86381,4,0,0,1,0,0,0,1.347734,1,0,-0.528179,1,0,0,0,0,0,0,0,0,0,-1,0,0,0,-1,0,1,1,-1,2,-3,1,1,0,0,0,0,-2,0,-2,0,0,0,0,0,0,0,0,0,0,0,-1,0,-0.756256,0,0,-0.202161,0,0,-1,0,0,0,0,1,1,0,0,1
0,-4,0,-1,0,0,1,-0.729351,0,0,0,1,1,0,-2,0,0.8781,0,1,-1,0,0,0,4,0,0,0,2,0,0,1,0,1.23336,3,0,0,0,1,0,0,0.555556,2,0,-0.810395,-1,0,0,0,0,0,-1,0,0,-1,-1,0,2,1,-1,0,0,0,0,0,0,1,0,0,0,-3,2,0,0,0,0,0,0,-1,1,0,0,0,0,-1,0,0,0,-0.730509,0,0,-0.687732,0,1,0,1,0,0,1,1,0,3,1,1
0,0,0,0,0,0,0,-0.434067,0,0,0,1,0,0,2,0,2.042932,0,0,-1,0,0,0,-1,-1,-1,0,2,0,2,1,0,1.38716,4,0,0,0,1,0,0,1.492575,0,-1,-0.820916,0,0,1,0,0,0,0,0,0,0,-1,0,0,1,0,2,0,1,0,0,0,1,0,1,0,0,0,0,0,0,2,0,0,0,1,0,0,0,0,0,0,3,0,-0.754561,0,0,-0.786119,0,0,-1,0,1,0,0,1,0,0,1,1
0,1,0,0,0,0,0,0.778083,0,0,0,1,0,0,0,-2,-0.774671,0,1,0,0,0,0,0,0,-1,0,2,-2,-1,0,0,1.11952,10,0,1,0,1,0,0,0.288916,0,-1,-0.69956,0,1,0,0,0,0,0,0,1,-1,0,2,0,1,0,0,0,0,0,-2,0,1,0,-2,3,0,0,-1,0,-3,0,0,0,0,0,0,0,0,0,1,0,0,-1,-0.663717,0,0,-0.385239,0,0,0,0,0,0,0,0,1,0,1,1
0,0,0,0,0,0,1,-0.742164,0,-2,1,1,2,0,0,0,-0.624426,0,0,0,1,0,-1,1,0,0,0,0,0,0,-1,0,3.7394,7,0,0,2,2,0,0,0.568491,0,0,8.3,0,0,0,0,1,0,0,0,0,0,1,0,1,0,1,-1,-1,0,1,0,1,1,0,2,0,1,1,0,2,0,0,0,1,0,0,0,0,0,0,1,0,0,0,-0.45416,0,0,-0.898734,0,0,0,0,0,0,0,1,0,0,0,1
0,0,1,-1,0,-2,1,-0.552615,-1,0,0,0,0,0,-1,0,-0.318494,0,0,0,5,-1,0,1,0,0,1,1,0,-3,0,0,1.05523,2,0,0,1,0,0,-1,0.338812,0,0,8.3,0,2,0,0,0,0,0,-1,2,0,0,-2,0,0,1,0,0,0,-1,0,0,0,0,4,0,0,0,0,-1,1,-1,0,0,0,0,0,0,1,0,5,0,-1,1,-0.493107,0,0,-0.852753,0,0,0,0,0,-1,0,1,2,0,0,1
0,1,0,-1,0,0,0,-0.616841,0,1,2,0,-1,0,1,1,0.07666,0,1,0,0,0,1,-1,0,-1,0,0,1,0,0,0,3.05538,0,0,0,1,0,0,0,0.631995,0,0,8.540601,-1,0,0,0,0,0,0,0,0,3,0,0,0,-1,0,2,-2,1,0,1,1,1,0,1,0,0,0,-4,0,0,0,0,0,0,0,-2,0,0,0,0,0,0,0,-0.476937,-2,0,-0.545347,0,0,0,0,0,2,0,0,0,0,0,1
0,0,0,0,0,4,0,-0.875217,1,0,-1,0,0,0,0,0,-0.855755,0,0,2,0,0,-4,0,0,0,0,0,0,0,1,1,0.67079,2,1,0,1,2,0,-1,0.269231,1,0,-0.52098,-1,0,0,0,0,0,0,0,1,0,0,0,0,0,2,0,0,0,-1,0,0,1,0,0,0,0,0,0,0,1,-1,0,0,0,0,0,1,1,0,0,0,0,0,-0.688406,0,0,-0.8051,0,0,0,0,1,0,-2,0,1,1,0,1
0,0,0,0,1,0,1,-0.853083,-1,0,0,0,0,-1,0,0,0.384029,0,0,1,-2,1,0,0,0,0,-1,0,-2,0,0,0,0.74286,7,0,0,0,4,0,0,1.692119,0,0,-0.398609,0,0,-1,0,0,0,0,-1,0,0,0,1,-1,2,0,0,0,-1,-1,0,0,0,2,2,0,0,-3,0,1,0,0,0,0,-2,0,0,0,0,0,0,0,0,-1,-0.627151,0,0,-0.669636,0,0,-2,0,-1,2,0,0,0,0,0,1
0,0,-2,-1,1,1,0,-0.781818,0,0,0,1,0,1,0,1,-0.153666,0,0,1,0,0,0,-2,3,0,0,0,-1,0,1,0,0.95523,2,0,0,0,0,0,0,0.673301,0,0,-0.66067,0,0,0,0,0,-1,0,0,0,0,0,1,1,1,0,-1,0,2,2,0,0,0,0,0,0,0,1,0,1,-1,-1,0,0,0,0,0,0,0,0,0,-1,0,0,-0.580531,-1,0,-0.51418,0,1,1,0,0,0,0,0,0,0,0,1
0,0,-1,-1,0,0,0,-0.770267,0,0,-1,0,0,0,0,0,-0.630905,-1,0,0,1,0,0,0,0,0,0,1,0,4,0,0,1.25759,3,0,0,0,0,-1,0,0.371451,-1,0,-0.744837,0,2,0,0,0,-3,0,0,0,1,0,1,0,1,0,0,0,-1,0,2,1,0,0,-1,3,0,0,0,0,2,0,0,0,0,0,0,0,0,0,0,0,0,-1,-0.676606,2,0,-0.773999,1,0,1,0,0,0,0,0,0,0,0,1
0,-1,0,-2,-1,0,0,-0.661513,0,0,0,0,1,0,0,0,-0.757947,0,0,0,0,-1,-2,-1,0,0,0,1,-2,0,0,0,1.28571,1,0,0,0,1,0,0,2.075529,1,0,-0.819344,0,0,0,0,0,0,0,0,0,0,0,0,0,0,0,1,0,2,-1,0,0,0,0,0,0,0,0,1,0,0,0,0,0,0,0,0,0,0,0,0,0,1,0,-0.378465,0,0,-0.548404,1,0,0,0,-1,-1,0,0,-1,1,0,1
1,0,1,0,0,0,0,-0.776543,0,0,0,0,0,-1,-3,0,-0.084313,0,0,0,1,0,0,0,0,0,0,0,0,0,-2,0,1.23232,4,0,1,0,1,0,0,0.222222,0,0,-0.741517,0,1,0,0,-2,0,0,0,0,-2,-1,1,-2,0,1,-1,0,0,1,0,1,0,0,2,0,1,0,0,0,-1,0,0,0,-1,0,2,0,0,0,0,0,-1,0,-0.63586,0,0,-0.657143,1,0,0,0,0,-3,0,0,1,0,0,1
0,0,1,2,0,0,1,-0.57036,1,0,0,0,-3,-1,0,2,-0.713956,0,0,0,0,0,0,0,0,0,0,2,1,-1,-3,0,0.79103,2,0,0,0,0,0,0,3.644666,0,0,-0.637702,1,-1,1,0,-1,1,0,0,0,0,1,0,1,0,1,-1,0,0,0,-2,1,1,0,-2,0,0,1,-1,0,2,0,0,0,0,0,0,0,0,0,0,0,0,0,-0.31842,0,-1,-0.572116,0,0,1,1,0,0,1,3,0,-6,1,1
0,0,1,1,0,0,1,-0.636364,-1,0,0,1,2,0,0,0,-0.392851,0,0,-1,0,1,0,0,0,1,0,-1,2,0,2,0,1.00305,1,0,0,1,0,0,0,1.243178,0,0,-0.606816,0,0,1,0,0,1,1,0,0,0,0,1,0,1,0,-1,0,0,0,1,1,0,0,-1,0,0,0,0,1,-1,0,0,0,0,0,0,0,-1,0,0,0,0,0,-0.52,0,-1,-0.571429,0,-1,6,0,-1,-2,0,0,1,1,1,1
0,1,0,1,0,1,0,-0.788978,0,1,0,0,0,0,2,1,0.971626,0,0,1,0,0,0,-4,0,1,0,2,1,0,0,0,1.79234,5,0,0,1,0,0,0,1.268855,1,0,-0.645009,0,0,0,0,2,1,0,0,0,1,0,0,0,0,0,0,0,0,0,0,0,0,-1,1,0,0,0,0,0,-3,0,0,0,1,0,0,1,0,1,0,0,0,0,0.384257,0,0,-0.588261,2,0,1,0,0,-1,1,1,0,0,1,1
0,0,0,1,1,0,0,-0.52033,0,0,1,0,0,0,-1,0,-0.683054,0,0,-2,0,-2,0,0,0,0,0,0,0,-1,0,0,1.4048,1,0,0,0,0,0,0,0.980103,1,0,-0.803279,0,0,0,0,0,0,0,0,0,0,0,0,0,0,0,0,0,0,2,0,1,0,1,0,0,0,0,0,2,2,2,-1,0,-1,0,0,0,0,1,1,0,0,0,-0.553067,0,0,-0.531018,0,0,-1,2,0,0,0,0,4,2,1,1
0,1,4,-1,-1,3,3,1.951394,0,0,0,0,0,0,-1,0,-0.682999,0,0,0,0,0,0,0,-1,0,0,0,0,0,1,0,1.80543,6,0,0,0,2,-1,0,3.97336,1,2,-0.691815,1,0,0,0,0,0,0,0,0,-4,0,0,0,0,0,0,0,0,0,0,1,1,0,0,-1,0,0,0,1,0,2,0,0,0,0,-1,0,0,1,2,0,0,0,-0.668797,0,0,-0.646664,0,0,0,0,0,0,0,0,0,-2,1,1
0,0,0,1,0,1,0,-0.619313,-1,0,-1,0,0,0,0,2,-0.686983,-1,0,0,0,0,0,0,0,1,0,0,0,1,1,0,0.83319,3,0,0,0,1,0,0,1.913468,-1,0,-0.759512,0,0,0,0,-1,0,1,0,1,0,0,0,-1,0,0,0,0,0,0,0,0,1,0,0,2,-2,0,0,0,0,0,0,0,2,0,0,1,0,1,0,0,3,1,-0.612903,0,0,-0.370035,-1,0,2,0,0,2,0,1,0,0,1,1
0,0,0,1,0,2,-1,-0.511747,0,0,0,0,0,0,0,0,-0.595554,2,1,0,0,0,0,1,1,0,0,0,0,0,0,-1,1.64822,3,1,0,0,0,0,2,0.572679,1,0,2.62791,0,0,0,0,0,0,0,0,0,0,1,0,0,0,0,0,0,0,0,1,0,0,0,3,0,0,0,0,0,0,0,0,0,0,0,0,0,2,0,0,-1,0,0,-0.666516,0,0,-0.362067,0,0,0,0,0,1,0,1,-1,1,0,1
0,0,2,0,0,1,0,-0.675676,0,0,0,1,0,0,-1,0,-0.780315,0,0,0,0,0,0,-1,0,1,0,0,-1,0,2,2,1.37947,1,0,0,0,0,-2,0,1.835771,-1,0,2.707572,1,0,-1,1,1,-1,0,0,1,1,0,0,1,0,0,1,1,0,0,1,0,0,0,0,0,0,1,2,1,-2,0,0,-3,-1,0,0,0,0,0,-1,-1,0,0,-0.682714,0,0,-0.769712,0,0,0,-1,1,0,1,0,-1,3,0,1
0,0,0,1,0,1,1,-0.566237,0,1,0,0,2,0,0,0,0.375335,0,0,0,0,0,-1,1,0,0,0,0,0,3,0,-1,1.44872,2,0,-1,0,-1,0,0,0.902913,3,2,2.62791,-1,-1,0,-1,-1,0,0,0,1,1,0,2,0,0,0,0,0,0,0,1,0,0,0,-1,0,0,1,0,0,1,2,0,0,-1,0,0,0,0,0,-1,1,0,0,-0.689446,0,0,0.351086,0,0,2,0,1,0,1,1,0,0,0,1
0,0,-1,0,0,0,0,-0.143146,0,0,1,0,0,0,0,1,-0.52,0,0,0,0,0,1,0,-2,0,0,0,0,0,0,0,1.0224,2,0,0,0,1,-1,0,0.171432,0,0,-0.628316,-1,1,0,0,0,0,0,0,-1,2,0,0,0,-4,0,-1,0,0,0,0,1,1,-1,0,0,-1,1,0,0,-1,0,0,0,0,0,1,1,0,-1,1,0,3,0,-0.626385,0,0,-0.555556,0,0,0,0,1,0,1,0,0,0,0,1
0,0,0,0,-1,0,0,-0.657143,0,0,0,0,0,2,0,-1,-0.558259,1,0,0,0,0,1,3,0,0,0,1,0,2,0,0,0.89465,8,0,0,-1,1,0,1,0.366667,-2,0,-0.577225,-1,1,0,0,0,0,0,0,1,0,1,0,0,-1,0,0,1,0,-1,1,5,0,1,0,2,0,0,0,0,0,0,0,0,0,0,0,-1,0,0,0,0,0,0,-0.647059,0,0,-0.555556,-3,0,1,0,0,0,0,1,0,-1,0,1
0,4,0,0,0,0,0,-0.657143,0,0,1,1,0,0,-1,0,-0.572413,0,0,0,2,0,0,0,0,0,0,0,0,-1,0,0,0.89095,2,0,0,1,1,0,0,0.448946,0,0,-0.613491,2,1,0,0,0,0,0,0,-1,0,0,2,2,0,0,4,0,0,0,0,0,0,1,0,0,0,3,1,0,0,0,0,0,1,0,-1,0,-2,2,0,0,0,0,-0.687029,0,0,-0.592126,0,0,0,0,0,2,0,1,1,1,0,1
0,0,0,1,0,0,1,-0.814157,0,0,0,0,0,0,3,0,-0.708856,0,0,0,1,1,0,-1,0,0,0,-2,0,2,0,0,1.23149,0,0,0,0,1,0,0,3.448316,0,0,-0.538462,0,0,0,-2,0,-1,1,0,0,-1,1,0,0,0,0,0,0,0,0,1,0,2,0,-1,0,0,0,1,0,0,0,0,0,0,2,1,1,0,-1,-1,0,0,0,0.077942,0,0,-0.735045,4,0,0,0,0,1,0,0,0,0,0,1
0,0,0,0,0,0,0,-0.764706,1,1,0,0,0,0,0,2,-0.575145,0,0,1,0,0,0,0,0,0,1,-2,-2,-1,0,0,0.74286,1,0,0,0,-1,-1,0,3.07692,0,0,-0.549932,0,0,0,0,0,0,0,0,0,0,1,0,0,1,0,0,0,0,2,0,0,0,0,0,0,0,0,-2,0,-1,0,0,1,0,0,0,0,1,0,0,0,0,1,-0.574435,-2,0,-0.650696,0,0,0,-3,0,1,1,0,-2,0,0,1
0,0,1,0,0,-1,0,-0.764706,0,0,-1,0,1,-1,0,0,-0.707939,2,0,0,0,1,0,0,0,0,0,0,2,0,0,0,0.74286,12,0,0,0,0,0,0,2.539613,0,0,-0.732579,0,0,0,1,0,0,1,0,0,2,1,0,-1,0,0,2,0,0,3,2,0,0,0,0,2,0,0,-1,0,0,0,0,0,0,0,0,-1,1,0,0,0,5,0,-0.588258,-1,0,-0.723215,0,1,2,0,0,1,5,0,1,0,0,1
0,2,0,0,0,0,1,-0.375168,0,0,-4,0,-2,0,0,0,-0.505537,1,0,0,0,0,0,2,0,1,0,0,5,2,1,0,0.98442,15,1,0,0,0,0,0,3.393242,0,0,-0.449113,0,0,0,0,0,0,0,0,0,3,0,0,3,0,-4,0,0,0,0,0,1,0,0,0,0,0,0,0,1,0,0,0,0,1,1,0,0,0,0,-1,0,0,0,-0.880576,0,0,-0.755102,0,0,0,0,0,0,-2,0,2,0,1,1
0,0,-2,0,0,0,0,-0.391473,0,0,0,0,0,2,0,0,-0.857613,-2,0,0,0,0,0,0,0,1,0,0,0,0,1,-1,1.1175,1,0,0,0,0,0,0,1.92308,0,0,-0.618164,0,0,0,0,-1,0,0,0,1,0,0,0,0,0,0,0,0,0,0,0,1,1,0,0,0,1,0,-1,1,0,0,1,-1,0,1,1,1,0,0,-1,0,0,0,-0.756756,0,0,-0.742698,0,-1,0,1,0,0,0,0,0,0,1,1
0,0,0,0,1,0,-1,-0.711281,0,-1,1,0,0,0,0,-1,-0.716496,-1,0,0,0,0,0,0,0,1,0,0,0,0,0,0,1.34615,10,0,0,0,0,-1,0,1.92308,0,-1,-0.726795,0,0,0,0,0,0,0,0,-1,1,0,2,0,0,0,0,0,0,0,0,1,1,0,0,0,0,1,0,-3,0,2,0,0,0,1,0,0,0,0,0,0,0,0,-0.675405,1,0,-0.556056,0,0,0,0,1,0,0,2,-3,0,1,1
0,0,0,0,0,0,-5,-0.637789,0,0,0,0,-1,0,0,4,-0.668268,0,0,0,0,0,0,0,2,-1,0,0,0,0,0,0,1.60062,4,0,0,1,0,0,0,1.103874,0,0,-0.838295,0,0,0,0,0,0,0,0,0,0,0,2,0,1,0,0,0,0,0,-1,0,0,-1,2,0,-1,0,0,1,0,0,0,1,0,0,0,0,0,0,0,0,2,0,-0.741987,0,0,-0.453177,0,0,0,-1,1,3,0,1,0,0,1,1
0,0,0,0,0,0,0,-0.456568,0,0,0,0,0,0,0,0,-0.688503,-1,0,0,0,0,0,-1,0,-1,1,2,0,0,-1,0,2.17626,7,0,0,0,0,-1,0,1.087773,0,0,-0.833333,1,0,0,0,0,0,0,0,2,0,0,0,1,1,0,0,0,0,0,0,0,4,0,0,2,0,1,0,3,1,0,0,0,0,0,1,0,0,0,0,0,1,0,-0.737219,0,0,-0.730183,2,0,2,0,1,3,0,1,0,1,1,1
0,-1,0,1,0,0,0,-0.417039,0,0,0,0,0,0,0,1,-0.6795,0,0,0,-1,0,0,0,0,0,0,0,0,0,0,0,1.79132,6,0,0,0,-2,1,0,0.869085,0,1,-0.672853,0,1,0,0,-1,0,0,0,0,0,0,1,0,1,0,0,0,0,0,-1,-1,0,0,1,2,0,-1,0,1,0,0,0,1,0,0,1,0,0,0,0,0,1,0,-0.466728,0,0,-0.518885,0,0,0,3,1,0,0,1,0,0,1,1
0,0,0,1,0,0,0,-0.72093,0,0,0,2,0,0,0,1,-0.557747,1,0,0,0,0,0,0,0,1,-1,0,2,0,0,1,1.30627,5,0,0,0,0,-1,0,0.711111,0,0,-0.708925,-1,0,0,0,0,0,0,0,0,0,0,2,-1,0,0,0,0,0,0,0,1,0,0,0,1,0,-1,0,-1,1,0,0,0,4,0,0,0,0,0,1,0,7,0,-0.544314,0,0,0.210209,0,0,2,-1,0,0,0,0,0,0,1,1
0,0,0,0,0,0,-1,-0.501723,0,0,-1,0,0,0,1,0,-0.52,1,0,0,0,0,0,0,0,0,0,0,0,1,1,0,3.90773,4,0,0,0,0,3,0,0.656957,0,-1,-0.733333,0,0,0,-1,0,0,0,0,0,0,1,0,-1,-1,0,-4,0,0,1,-1,0,0,1,0,0,0,0,0,0,0,0,-1,0,0,0,0,0,-1,0,0,0,0,0,0.496835,0,0,-0.757482,0,0,0,0,0,1,-1,0,0,0,1,1
0,3,0,0,0,0,0,-0.75307,0,-1,1,0,1,0,1,1,-0.471957,1,0,0,0,0,0,0,0,0,0,0,0,1,1,0,1.23658,21,-1,0,0,0,-1,0,0.763102,0,-1,-0.745412,1,1,0,0,0,0,0,0,0,0,0,2,0,0,0,0,0,0,0,4,0,0,0,-1,0,0,0,0,0,0,0,0,0,0,0,0,0,0,0,0,0,0,0,-0.614225,0,2,-0.886515,0,0,0,0,1,-1,0,1,0,0,1,1
0,0,0,0,0,0,-2,-0.040061,0,0,0,0,0,0,0,0,-0.378932,0,0,0,0,0,-1,0,0,-1,1,2,0,0,0,0,2.68648,1,2,0,0,1,0,0,0.382353,0,0,-0.823529,0,-3,0,2,0,0,0,1,0,0,0,1,0,0,0,0,0,0,0,-2,0,0,1,0,-1,0,0,0,1,0,0,0,0,1,0,-1,1,1,0,1,0,0,0,-0.606935,0,0,-0.7,0,0,0,0,0,0,0,0,1,0,0,1
0,0,4,0,0,0,3,0.250513,0,0,0,-1,0,0,0,1,0.483477,0,0,0,0,0,0,0,0,0,1,0,0,1,0,0,1.94286,-17,0,-1,-1,0,0,0,0.382353,0,0,-0.7922,0,0,0,-1,0,0,0,1,0,0,0,1,0,0,4,0,0,0,1,0,0,0,1,0,0,-2,-5,2,1,-1,0,0,0,0,0,0,0,0,0,1,-1,0,0,-0.628529,0,0,-0.745622,1,0,0,0,2,0,0,0,0,2,0,1
0,0,2,0,0,0,0,0.755085,0,0,1,0,2,0,0,1,-0.101629,0,0,0,3,0,1,0,0,0,0,0,0,0,1,0,2.92377,1,0,0,0,0,0,0,0.401285,0,0,-0.823529,0,0,0,0,0,0,0,0,0,0,0,0,2,0,2,0,0,0,1,0,0,0,0,1,0,0,0,0,0,-1,1,0,0,0,0,0,0,-2,0,1,0,0,0,-0.7,0,0,-0.671731,0,0,0,0,0,0,-1,-1,0,0,0,1
-1,0,0,0,-1,0,0,-0.50388,0,0,0,0,0,0,0,-1,-0.674544,0,0,1,0,0,0,0,0,1,0,0,-1,0,-1,0,1.32807,9,0,1,0,0,1,0,4.060325,-1,0,-0.720493,0,1,0,0,0,0,0,0,0,0,0,0,0,0,0,2,-1,0,1,0,0,1,0,0,0,1,1,2,1,2,0,0,0,-1,0,0,0,0,0,1,0,0,0,-0.5607,0,0,-0.595782,1,0,0,0,1,0,0,-2,0,2,0,1
0,0,0,0,0,0,0,-0.731038,0,0,0,0,2,0,0,0,-0.745606,0,0,1,0,0,0,0,0,1,0,0,0,0,0,0,0.82023,3,0,0,0,0,-1,0,1.858063,0,0,-0.714154,0,1,0,0,0,0,0,0,0,0,0,1,0,1,0,-1,1,0,0,0,3,1,0,0,2,0,1,1,0,0,-1,0,0,-1,0,0,0,0,0,1,0,-1,1,-0.572022,0,0,-0.908155,4,0,0,0,1,0,0,0,0,1,0,1
0,2,0,0,0,0,0,-0.714198,0,0,0,0,0,0,0,0,-0.62509,0,0,0,2,0,0,0,0,1,0,0,0,0,0,0,0.81066,9,0,0,0,0,1,0,2.32558,0,0,-0.677509,-1,1,1,0,0,0,0,0,0,-1,-1,1,0,0,0,0,0,0,0,0,0,1,0,0,0,0,1,1,3,0,0,0,0,0,0,0,0,0,0,1,0,0,1,-0.470048,0,0,-0.554177,0,0,0,1,1,-4,0,0,2,1,0,1
0,0,0,1,0,-2,0,-0.573328,1,0,-1,0,0,0,0,0,0.203316,0,0,0,-2,0,0,1,0,0,0,-2,1,0,0,0,1.24265,11,0,2,0,0,0,0,0.975464,0,0,-0.717086,0,0,-1,0,0,0,0,0,0,3,-2,0,-2,0,0,-1,0,0,0,-1,1,0,0,0,0,0,0,0,0,0,-1,-1,-2,-1,0,-1,0,0,0,-2,0,0,0,-0.764031,0,0,1.238539,0,0,0,-1,1,0,0,1,0,0,0,1
0,2,0,0,0,0,0,-0.478576,-1,0,0,0,0,0,-1,0,-0.255326,0,0,0,0,0,0,0,0,0,0,2,2,-2,0,0,1.42857,0,0,0,-1,0,-1,0,0.203143,1,0,-0.76,0,0,1,0,1,0,0,0,0,0,2,1,2,0,2,0,0,0,0,0,0,2,-1,0,0,0,0,0,1,2,1,0,1,0,0,0,0,0,0,0,0,0,0,-0.60601,1,0,-0.904087,0,0,0,0,1,0,1,1,0,0,0,1
0,0,0,1,0,0,0,-0.538462,0,0,-3,0,1,0,0,0,0.828152,0,0,0,-2,0,0,0,0,0,0,0,0,0,0,0,1.38749,4,0,-1,0,0,0,0,0.18,5,0,-0.843878,1,0,0,0,0,-1,0,0,0,0,0,2,0,1,1,0,0,0,0,0,0,0,2,2,-7,0,0,1,-1,0,0,0,0,0,0,0,0,0,1,3,0,0,0,-0.652887,0,0,-0.444054,0,0,0,1,0,0,0,1,1,2,0,1
0,0,1,6,0,0,0,-0.598046,0,-1,1,0,1,0,2,0,-0.585175,0,0,1,-1,0,1,1,0,0,0,0,0,0,0,0,1.60383,1,0,0,1,0,1,0,1.336904,0,0,-0.768442,0,1,-1,1,0,0,0,0,0,0,1,0,0,0,1,2,0,0,0,0,0,-1,0,1,0,2,-1,1,1,-3,0,0,1,0,0,0,1,3,0,0,0,0,0,-0.384685,0,0,-0.574685,0,0,0,0,0,1,0,1,0,-1,0,1
0,0,1,0,0,0,0,-0.764706,0,-1,1,0,1,0,0,0,-0.75,0,0,1,-1,0,1,0,2,-2,0,0,0,0,0,0,1.58547,3,0,0,1,0,0,-1,1.400975,-2,0,-0.804654,0,0,0,1,2,-2,0,0,0,0,0,0,0,0,1,0,0,0,0,1,0,0,0,-1,0,-3,0,0,1,0,2,0,1,0,0,0,1,0,0,0,0,3,0,-0.569806,0,0,-0.586207,0,0,0,-1,0,-2,1,1,0,1,0,1
0,0,0,1,0,0,0,-0.764706,0,0,0,0,1,0,0,0,-0.675816,-1,0,0,0,0,0,0,0,0,1,0,2,0,-1,0,3.86322,17,0,0,0,1,0,0,1.327646,0,0,-0.429981,0,0,0,0,1,0,-1,-2,0,0,0,0,0,1,0,0,0,0,1,-1,0,0,1,1,0,0,0,0,0,0,0,0,0,0,1,0,0,0,0,0,0,0,0,-0.086097,0,0,-0.811536,3,0,-1,0,0,0,-1,1,0,1,0,1
0,0,0,0,0,0,-3,-0.806937,0,1,-1,0,0,0,0,0,-0.64966,0,2,1,0,0,0,0,0,0,0,0,0,0,-2,0,1.09425,4,0,0,0,1,0,0,0.487179,0,0,-0.747691,0,2,0,0,0,0,0,0,0,0,0,1,0,0,-2,0,0,0,0,0,-2,0,1,0,0,0,0,0,0,0,0,0,0,0,0,0,0,0,1,1,0,0,0,-0.656261,0,0,-0.756872,0,-1,2,0,-1,0,0,-1,0,1,0,1
0,1,0,0,0,1,-2,-0.62005,0,0,0,0,0,0,0,2,-0.544822,-1,1,1,0,0,0,-2,1,0,0,0,0,0,1,1,0.91582,4,0,0,0,5,0,0,0.487179,-1,0,-0.692308,0,0,0,0,0,1,0,0,0,0,0,1,0,-2,0,0,0,0,0,0,0,0,0,-1,0,0,0,3,1,0,0,0,-1,0,-1,0,0,0,0,0,0,1,0,-0.573975,0,0,-0.666104,0,0,0,1,-1,-1,0,0,0,3,0,1
-1,3,0,0,0,2,0,-0.600127,0,0,-1,0,0,0,0,0,-0.443869,0,0,1,0,0,0,-2,1,0,0,0,0,0,0,0,1.0276,0,0,0,0,1,1,0,2.57741,0,0,-0.715235,0,0,0,0,0,0,0,0,0,0,0,1,0,0,0,0,0,2,0,0,0,0,1,0,0,0,0,-2,0,0,0,0,0,0,0,0,0,0,0,1,0,0,0,-0.636364,0,0,-0.640491,0,0,0,0,0,0,-1,-1,0,1,0,1
0,0,0,1,0,2,0,-0.244364,0,0,-1,0,0,0,1,1,-0.762899,1,1,2,0,0,0,-2,0,0,0,0,0,1,0,0,0.88084,0,0,1,0,1,0,0,0.21875,0,0,-0.657018,0,1,0,-2,0,0,0,0,0,0,-3,-5,0,0,0,0,0,0,0,0,1,0,-1,0,0,0,-1,0,1,0,0,0,0,1,0,-1,-1,1,0,0,0,-2,1,-0.567477,0,0,-0.851116,0,0,0,0,0,0,0,0,0,-1,0,1
0,0,1,1,0,0,0,-0.526772,0,0,1,0,3,0,-3,0,-0.816878,0,1,0,0,0,0,0,0,0,0,0,-5,0,0,0,0.89219,1,0,0,1,0,0,0,0.183147,0,1,-0.252495,0,0,0,-1,0,-1,0,0,0,0,0,0,0,1,0,-5,0,-1,1,0,0,-1,0,0,-1,0,0,0,1,0,0,0,0,0,0,0,1,0,0,0,0,0,0,-0.409769,0,0,-0.696636,6,1,0,0,0,-5,-2,0,1,0,0,1
0,-1,0,1,1,0,0,-0.619292,0,1,0,0,0,1,0,1,-0.722746,1,1,0,-2,0,0,1,0,0,0,0,0,0,0,1,0.662,3,0,0,0,1,-1,0,0.21875,0,0,-0.625,0,0,0,0,0,0,1,0,0,1,0,0,0,2,2,0,0,0,0,0,1,2,0,4,1,-1,0,0,1,0,0,0,0,0,0,0,0,0,0,0,0,0,-1,-0.526429,0,0,-0.345328,1,0,0,0,0,0,0,1,0,0,0,1
0,0,0,0,0,0,0,-0.66533,0,0,0,0,0,0,0,0,-0.734484,0,0,0,2,0,2,0,0,0,0,0,0,0,1,0,1.2,2,0,0,0,-1,0,0,2.183369,3,1,-0.736961,0,0,1,1,-1,0,-2,0,-1,0,-1,1,1,-1,0,1,0,1,0,0,2,-1,0,1,0,0,2,0,-1,1,0,0,0,0,-1,0,0,-2,1,0,0,0,0,-0.67156,0,0,-0.803688,0,1,0,0,0,1,0,0,1,0,1,1
0,3,1,0,0,0,0,-0.740134,0,0,0,0,0,0,0,0,-0.076923,0,0,2,1,0,0,0,0,0,0,0,0,0,0,0,1.25411,6,-2,2,0,1,1,0,2.175006,2,0,-0.710977,-1,0,1,0,0,-1,0,0,1,0,0,1,0,0,0,2,-1,1,2,0,0,0,0,0,4,0,0,0,-2,5,0,1,0,-1,1,-1,0,0,1,0,0,-1,0,-0.626898,-2,0,-0.733474,0,0,3,1,0,0,0,1,0,-1,1,1
0,0,5,0,-1,1,-3,-0.62875,1,0,0,0,0,0,0,0,-0.076923,0,0,0,0,0,1,0,0,-2,0,3,0,0,1,0,0.73809,3,0,1,-1,0,0,1,0.885632,0,1,-0.886928,0,0,0,0,0,0,0,2,0,1,0,0,0,3,0,1,0,1,0,0,0,0,-1,0,3,0,1,0,0,0,0,0,0,1,0,0,0,-1,1,-1,0,-2,1,-0.609478,0,0,-0.20624,2,0,0,2,0,-1,0,-2,0,0,1,1
-1,2,-1,1,1,-1,1,-0.552714,0,0,0,0,0,0,0,0,-0.879161,0,0,0,0,0,0,0,0,0,0,3,0,0,1,0,3.16123,16,2,0,0,0,0,0,0.993694,0,0,-0.777123,0,0,1,0,0,0,0,0,0,0,0,0,0,0,1,0,0,0,1,0,1,2,0,0,1,0,-1,0,0,0,-2,0,0,-4,0,1,0,1,0,1,0,0,0,-0.616083,0,0,-0.734693,0,0,4,0,0,1,0,0,1,1,0,1
0,0,0,1,0,1,0,-0.705328,0,0,-4,0,0,-1,0,0,-0.684211,0,-1,0,0,0,0,2,0,0,0,1,0,0,0,0,1.42881,7,0,0,0,0,-1,0,1.227245,2,0,-0.764413,0,1,0,0,0,0,1,0,0,2,-1,0,0,1,-1,0,0,0,0,0,2,0,0,0,0,0,0,0,1,0,-2,2,1,0,0,1,1,1,0,1,0,0,0,-0.788384,0,0,-0.75,0,0,2,1,0,0,0,0,0,0,0,1
0,0,-1,1,0,0,0,-0.630294,1,0,1,0,0,-2,0,1,-0.665283,0,0,0,0,0,0,0,0,0,-1,4,-1,0,0,0,1.50727,5,0,0,0,1,0,0,0.859754,0,0,-0.811985,0,1,0,0,0,0,0,0,0,0,0,0,4,1,0,2,0,0,0,-1,1,1,0,0,-1,0,0,0,1,5,0,0,2,0,0,0,0,1,0,0,0,0,0,-0.641498,0,0,-0.75,0,0,0,0,0,1,0,0,0,0,0,1
0,1,0,-1,2,0,1,-0.555556,0,0,0,0,0,0,1,0,-0.676455,0,1,-2,1,2,0,0,0,0,0,0,0,2,-3,0,1.66872,1,0,4,0,2,1,0,0.693677,0,1,-0.721875,-1,0,0,1,-1,0,0,0,0,2,2,1,4,0,1,0,0,0,0,0,0,1,0,0,0,2,0,0,0,0,0,0,0,0,1,0,0,0,0,0,1,1,1,-0.620696,0,0,-0.613792,0,3,2,0,1,1,0,1,-2,0,1,1
0,1,0,0,0,0,0,-0.555556,1,-1,0,0,3,0,0,0,-0.766634,0,0,2,0,0,0,1,0,0,0,0,0,0,0,0,1.17972,1,0,0,-1,1,1,0,0.72093,0,0,-0.72093,-1,1,0,0,0,0,1,0,0,0,1,0,0,0,0,-1,0,0,0,0,0,0,0,1,2,0,0,0,0,0,2,0,0,2,0,0,0,0,0,-1,0,0,0,-0.641933,0,1,-0.619035,0,0,0,0,0,1,0,3,0,-1,1,1
0,1,0,0,1,3,0,-0.555556,0,0,0,0,0,0,-4,0,-0.75509,0,0,0,2,0,0,0,-1,0,-1,0,0,0,0,-1,1.31039,2,0,0,3,2,0,0,1.511794,0,0,-0.714509,-1,0,0,0,0,0,0,-1,0,0,1,0,2,0,0,-1,0,1,0,0,-2,0,-1,1,0,0,1,0,0,1,0,0,0,2,0,0,0,0,0,0,0,1,1,-0.656985,0,1,-0.585903,0,0,0,0,1,0,0,1,0,0,1,1
0,0,0,0,0,0,0,0.207783,0,0,1,0,0,0,0,-2,0.104815,0,1,0,0,0,0,0,0,0,0,0,0,0,-2,0,1.60141,3,0,1,0,0,0,0,0.888983,0,0,-0.761935,0,0,0,0,1,0,0,0,-2,0,0,0,0,0,1,-2,0,0,0,0,0,0,0,0,0,-1,0,0,0,0,0,0,0,0,0,0,0,0,0,1,0,1,0,-0.662661,0,0,-0.659745,0,0,0,0,-1,0,0,0,1,0,1,1
0,0,-1,0,0,0,0,-0.52,1,0,0,0,0,0,0,0,-0.694207,0,0,0,1,0,0,0,0,0,0,0,0,2,0,0,1.99069,15,0,0,0,0,0,0,1.393672,0,0,-0.679004,0,0,0,0,1,0,0,0,0,1,-1,0,0,0,0,0,0,0,1,0,0,0,0,0,0,0,0,0,0,2,0,0,0,3,0,0,0,0,0,1,0,0,-3,-0.52,0,0,-0.294353,0,0,0,0,0,0,2,0,0,0,1,1
0,0,1,0,0,1,-2,-0.536441,0,0,1,0,1,0,0,0,2.990223,1,0,0,-1,0,0,0,0,-1,0,0,0,0,-2,0,1.54286,10,0,1,0,0,0,-1,1.163243,0,0,-0.342985,0,-2,0,0,0,0,0,0,0,1,0,0,0,0,1,0,0,0,0,1,1,0,0,0,1,-1,0,0,0,5,2,0,0,2,0,0,1,0,0,1,0,0,0,-0.710447,2,-1,-0.844287,2,0,0,0,0,0,2,0,1,0,1,1
0,1,0,0,0,2,0,-0.573979,0,0,-1,0,0,0,0,0,-0.746042,1,0,0,0,0,0,0,0,0,0,3,2,2,2,0,0.56888,6,0,0,0,0,0,2,0.814817,0,1,-0.685784,2,0,1,0,0,1,0,1,0,0,1,0,0,-1,2,0,0,0,0,-1,0,1,0,0,0,0,0,1,0,0,0,0,0,0,0,0,0,0,0,0,0,0,0,-0.659619,2,1,-0.671565,0,-1,0,0,0,1,0,0,0,0,1,1
0,1,0,0,0,0,2,-0.569566,0,0,0,1,0,0,0,0,-0.691123,1,0,0,0,0,0,0,0,1,-1,2,0,2,-1,0,1.70882,3,0,0,-3,2,0,0,0.826523,2,0,-0.774751,0,1,1,0,1,0,-1,1,-3,0,0,1,0,0,0,0,0,0,2,0,0,1,0,0,0,0,0,0,0,2,3,0,0,3,0,0,0,-1,0,0,0,0,0,-0.736636,0,0,-0.784049,0,0,0,0,0,1,0,0,1,0,1,1
0,0,0,-1,0,0,2,-0.625,0,0,0,0,0,1,1,1,-0.015965,0,0,0,1,0,0,0,0,1,0,0,0,1,0,0,2.52563,-4,0,0,0,1,0,0,0.810345,2,1,-0.332235,2,1,1,0,0,0,0,1,0,0,0,0,0,0,2,0,0,0,1,0,0,2,0,1,0,0,0,0,1,2,0,-1,0,-2,0,0,1,-1,0,-1,0,0,0,-0.561718,0,1,-0.722285,2,-1,2,1,0,0,0,1,0,0,1,1
0,1,-1,0,-1,1,1,-0.662166,0,-1,0,0,1,1,2,0,-0.412008,0,0,2,0,1,-1,0,0,0,0,0,0,0,1,0,2.91941,13,0,0,2,-2,1,3,0.267828,0,0,-0.56357,0,2,0,1,0,0,0,0,0,1,0,0,-1,1,0,0,0,0,1,0,0,0,0,0,0,0,0,0,0,-1,0,1,0,0,0,0,0,0,0,0,0,0,1,1.965945,2,-1,-0.562452,0,0,0,0,2,1,-6,2,-3,1,1,1
0,1,0,3,0,1,1,-0.62919,0,0,0,0,3,2,3,0,-0.671993,0,0,0,0,0,1,0,0,0,0,0,0,0,0,-1,1.59582,3,0,0,0,0,-1,0,1.44737,0,0,-0.714142,0,0,1,-2,0,0,0,0,0,1,0,0,0,-1,0,-2,0,1,0,-1,1,1,0,0,0,0,0,0,0,0,-1,0,-2,0,0,-1,1,0,0,-1,0,0,-1,5.900933,0,0,-0.529169,0,0,0,0,0,0,1,1,0,0,1,1
0,0,0,0,0,1,0,-0.714529,0,1,1,0,1,1,0,0,-0.428773,0,-1,5,0,0,0,2,0,0,-1,2,1,0,0,0,2.1117,2,0,0,-2,-1,0,0,2.777682,0,0,-0.558636,0,0,2,0,1,0,0,-2,0,0,0,1,0,0,-1,0,0,0,1,2,2,1,0,0,0,2,0,-1,0,0,3,1,0,0,0,0,0,0,0,0,0,0,0,1.35714,0,0,-0.52433,0,0,-1,0,0,0,-1,1,1,0,1,1
0,0,0,0,0,0,1,-0.697225,1,0,0,1,4,2,0,1,-0.727865,0,1,0,1,-1,0,2,0,1,0,0,0,0,0,0,1.24791,2,0,0,-1,1,0,0,1.73913,0,-3,-0.734255,0,0,0,0,0,0,0,0,0,-2,-1,0,0,0,0,1,0,0,1,0,3,0,0,0,-1,1,0,0,0,0,-1,0,0,0,0,1,0,-1,0,-1,0,4,0,-0.812955,0,0,-0.484298,0,0,0,0,0,0,0,-1,2,0,1,1
0,0,0,0,0,0,0,-0.660011,1,0,4,0,-1,0,0,1,-0.797515,0,1,0,1,0,0,-2,-1,0,-2,0,0,0,0,0,1.41117,0,0,0,-1,1,1,0,1.73913,1,0,-0.72798,0,0,0,0,0,0,0,0,0,-1,2,0,0,0,0,2,0,0,0,0,0,1,2,1,1,1,0,-3,0,-1,0,0,0,-1,-2,1,0,0,0,0,0,0,0,-0.821467,0,0,-0.68547,0,1,3,0,0,0,0,0,0,0,1,1
0,1,0,-1,0,1,0,8.114805,1,0,0,1,0,0,0,1,-0.333333,3,2,0,1,0,0,0,0,1,0,0,1,0,0,0,1.26182,2,0,1,-2,1,0,0,2.782339,1,0,-0.722412,0,0,-2,0,0,0,0,0,0,1,2,3,1,0,0,0,1,0,0,0,-1,2,0,1,0,1,1,0,-2,0,0,0,0,1,0,0,0,0,-1,0,0,0,0,-0.719757,0,0,-0.571429,0,0,1,1,0,0,0,0,0,1,1,1
0,0,-1,1,0,-3,0,-0.538462,0,0,1,0,0,0,1,0,-0.609461,0,0,0,3,0,0,0,0,0,0,0,0,2,-1,0,2.87098,2,0,0,1,0,1,0,0.442138,0,0,0.65,0,2,0,0,0,0,0,0,0,-1,0,0,-3,0,2,0,0,0,2,0,0,0,1,1,0,0,0,2,0,0,2,-1,0,0,1,0,0,0,0,0,0,0,0,-0.773585,0,0,-0.085776,0,0,3,0,0,0,-2,1,-1,0,0,1
0,0,2,0,0,0,0,-0.538462,0,0,1,0,3,1,0,0,-0.493045,0,0,0,0,0,0,0,0,0,0,0,0,0,0,0,2.28571,2,0,0,1,1,0,0,0.3625,0,0,0.65,0,0,1,0,0,1,0,0,-1,0,0,0,0,1,0,0,0,-1,1,1,-1,-2,0,0,0,0,0,0,0,0,1,0,0,-1,-1,1,-2,0,0,0,0,0,0,-0.745601,-1,-1,-0.711265,0,0,0,0,0,-1,1,1,0,0,0,1
0,1,0,0,0,0,0,0.917171,0,0,0,0,4,3,0,0,-0.643375,0,0,1,0,0,0,0,-1,0,0,1,0,2,0,0,3.0625,0,0,0,0,2,0,0,0.380061,0,0,1.609564,0,1,0,-1,0,0,2,-1,0,0,0,0,0,1,0,0,0,0,1,0,0,0,0,1,0,0,-2,1,0,0,1,0,0,1,0,1,0,0,0,0,0,0,-1,-0.773585,0,2,-0.904124,0,0,0,0,0,0,0,0,0,3,0,1
0,2,1,0,0,0,0,-0.780839,0,0,0,0,0,1,0,0,-0.871613,0,-1,0,1,0,0,0,1,-1,0,-1,1,-1,0,0,0.48571,2,0,0,0,0,0,0,0.767068,0,0,-0.471717,0,0,0,0,-2,0,-1,0,1,-1,0,1,0,-1,0,0,0,1,0,0,1,0,0,3,-1,0,0,0,1,0,0,0,0,0,0,0,0,0,1,0,0,0,0,-0.754991,0,0,-0.658595,-1,0,0,0,0,0,0,0,0,1,0,1
0,0,-1,0,0,0,0,-0.820931,1,0,-1,1,0,0,-3,0,-0.636364,0,-1,0,0,0,0,0,0,0,0,0,0,-3,0,0,0.48571,5,0,1,0,0,1,0,0.769312,0,0,-0.56337,0,0,0,0,1,0,1,0,0,1,1,1,0,0,-2,0,0,0,4,0,1,0,0,0,0,0,2,0,0,0,-1,0,0,0,0,0,0,0,1,-1,0,0,0,-0.678231,0,1,-0.648686,0,0,0,0,0,-1,0,0,0,1,0,1
0,0,0,0,0,1,-1,-0.495186,0,0,0,0,-1,2,0,0,-0.622194,0,-1,0,0,0,0,0,1,0,0,0,0,0,0,0,1.20951,0,0,0,0,2,0,0,0.573707,1,-1,-0.544441,-2,0,0,0,0,0,1,0,0,2,1,0,1,1,0,0,0,0,0,1,3,-1,0,0,2,0,0,-1,0,0,0,0,0,0,0,0,0,0,0,0,1,0,0,-0.680216,0,0,-0.909927,-1,-2,0,0,0,0,0,0,0,0,0,1
0,0,0,0,0,0,0,-0.683621,1,0,0,0,1,0,2,0,-0.65444,0,1,0,0,2,0,0,0,1,0,0,-1,0,1,0,1.39341,0,0,0,0,0,1,0,1.006491,0,0,-0.675676,1,1,0,0,1,0,0,1,0,2,1,1,0,0,0,0,0,0,0,0,-1,3,0,0,0,0,1,-1,1,0,0,0,0,0,0,0,0,0,0,-3,0,0,0,-0.826189,0,0,-0.8125,0,-1,3,0,0,0,0,1,0,1,1,1
0,1,-3,0,0,0,0,-0.537428,0,0,0,-1,0,0,0,0,-0.584096,0,0,0,0,-3,0,1,0,0,0,0,0,-1,0,0,1.98804,1,0,0,0,0,1,0,1.10811,0,0,-0.888544,-1,1,1,0,-1,0,0,0,-2,2,1,-1,0,-1,0,0,0,0,0,0,0,1,0,0,-1,0,0,0,1,-3,0,0,0,0,0,0,0,0,0,-1,0,0,0,-0.302889,0,0,-0.8125,0,-1,0,0,0,0,0,0,0,2,1,1
0,0,0,0,1,0,-1,-0.471033,0,1,1,0,2,-1,0,2,-0.661459,0,0,0,0,0,1,0,-1,0,0,2,2,0,0,1,1.19655,6,-1,0,0,0,1,0,0.308059,-1,-1,-0.392779,0,1,-1,0,0,-1,0,0,1,0,1,0,0,0,0,1,0,1,0,0,0,1,0,0,0,0,2,0,1,0,2,0,0,0,0,0,0,0,0,0,0,0,0,-0.785714,-1,0,-0.501688,2,0,0,0,0,-2,0,0,0,0,1,1
0,0,0,0,-1,3,0,-0.716061,0,0,0,0,1,-1,-1,0,-0.736943,0,0,0,0,1,2,0,0,-1,0,0,3,0,1,0,2.25714,12,1,0,0,0,0,0,0.94285,0,1,-0.893885,0,0,0,0,0,0,0,0,0,0,1,0,0,0,0,0,-1,0,0,0,0,0,0,0,0,0,0,0,0,2,2,0,1,0,0,0,0,0,0,0,0,0,1,-0.701412,0,0,-0.714516,5,0,0,0,1,1,0,3,2,1,1,1
0,0,0,0,0,0,1,-0.724221,0,0,0,0,0,-1,0,-2,-0.785562,0,0,0,0,1,0,-1,0,0,0,0,0,0,1,0,2.37014,7,0,0,0,0,0,0,1.90099,0,0,-0.769111,-1,0,0,2,0,-2,0,0,0,0,1,0,0,1,0,0,1,0,0,-2,0,3,0,0,0,0,1,-1,0,-1,2,0,1,-1,0,0,0,0,0,1,0,1,0,-0.347476,0,0,-0.32008,0,0,0,2,0,1,0,0,0,-2,1,1
0,0,0,0,0,2,0,-0.660858,1,1,1,0,0,0,0,0,-0.504405,0,0,4,0,1,0,0,0,1,0,0,0,0,0,0,2.33923,9,0,1,0,-1,0,0,1.080048,0,-1,-0.839707,1,0,0,0,0,0,0,0,0,0,1,1,0,0,0,0,-1,0,0,0,1,2,-1,0,-3,0,4,0,0,0,0,0,0,-2,-1,-1,0,-3,0,0,0,0,1,-0.863027,0,0,-0.714506,0,0,0,0,0,0,0,0,1,1,1,1
0,0,0,0,0,0,0,-0.645453,0,2,0,0,0,0,0,2,-0.75044,-1,0,0,1,0,-1,0,1,0,0,1,3,0,-1,0,1.76083,6,-1,0,0,1,0,0,1.700674,0,0,-0.721552,0,0,1,2,0,1,0,0,0,0,0,0,0,4,0,0,0,0,0,-3,0,-1,0,0,0,1,0,0,1,2,2,1,0,1,0,0,0,1,0,-2,0,1,0,-0.763004,0,0,-0.440781,0,0,0,0,0,0,0,0,2,0,1,1
0,0,-1,1,0,0,0,-0.41067,0,0,-2,0,0,1,1,1,-0.684381,-1,0,0,0,0,0,0,0,-1,0,0,2,1,0,0,1.25004,6,0,0,1,1,1,0,2.383467,4,0,-0.74079,0,0,0,0,0,0,0,0,-1,0,1,0,0,0,0,0,0,0,0,1,0,0,0,1,-3,0,0,0,0,0,0,0,0,0,0,0,-1,0,0,1,0,4,1,-0.5,0,0,-0.550311,0,0,0,0,0,0,0,0,0,1,1,1
0,0,0,1,0,0,0,-0.555556,0,0,0,0,1,0,0,0,-0.361509,0,0,0,0,0,0,0,1,0,0,1,0,1,0,0,1.30203,6,1,1,1,1,2,0,2.755227,-4,1,-0.700719,4,0,0,0,0,0,0,0,0,0,1,2,0,0,0,3,0,0,0,0,0,2,0,0,0,0,0,1,0,0,0,0,0,0,0,-1,0,1,0,0,0,0,0,-0.5,0,0,0.020765,0,0,0,0,0,0,0,0,0,0,1,1
0,0,0,0,0,1,1,-0.507951,-1,0,1,1,0,0,0,1,-0.728037,0,0,0,0,0,0,1,0,0,0,0,-3,0,0,0,0.91185,16,-1,0,0,0,0,0,0.616639,0,0,-0.73068,-2,1,0,0,0,0,0,0,-1,0,1,1,-2,1,-1,0,0,0,0,0,1,0,0,0,-4,0,0,0,2,0,0,0,0,0,0,0,0,0,0,1,0,0,1,-0.55716,0,0,-0.741756,0,3,2,0,0,0,0,0,1,1,0,1
0,0,-1,0,0,-1,0,-0.666813,0,0,0,0,0,-1,-1,1,-0.511347,0,0,0,0,0,0,0,0,0,0,0,0,2,0,0,1.00148,2,0,0,0,0,1,1,0.2675,1,0,-0.620854,1,0,0,-1,2,0,0,0,0,1,1,1,0,1,0,0,0,0,0,0,0,0,0,0,1,0,-2,0,0,0,0,0,-1,0,0,0,0,-1,0,0,0,0,0,-0.70203,0,1,-0.762438,0,0,0,0,0,0,0,0,0,0,0,1
1,0,-1,-3,0,0,0,-0.637611,1,0,0,0,0,0,0,1,-0.722589,0,0,0,0,0,0,0,0,0,0,0,0,-3,0,1,1.76133,9,0,0,0,0,0,0,0.526937,0,0,-0.716079,0,0,0,0,2,0,0,0,0,0,1,1,0,1,0,2,0,0,-1,0,0,0,1,0,1,0,1,1,0,-2,0,0,0,0,0,0,1,0,0,1,0,0,0,-0.117247,0,0,-0.760043,2,0,-2,0,0,0,-6,0,0,0,0,1
1,-1,0,0,0,3,0,0.782721,0,0,0,0,1,0,0,0,-0.863942,1,0,0,0,1,-2,-1,0,0,0,0,2,0,0,-1,1.26605,1,0,0,0,0,0,1,1.62162,-1,0,-0.675676,1,0,0,0,0,0,0,0,0,0,1,0,0,0,0,0,1,0,0,0,0,1,0,0,0,0,-2,1,1,0,4,0,0,3,1,-1,0,0,0,-2,0,0,0,-0.707317,1,1,-0.88421,0,0,4,0,0,-1,0,-1,-1,0,1,1
0,1,0,-1,0,3,0,-0.181392,0,0,0,0,1,0,0,2,-0.676958,0,0,0,0,0,1,-1,0,0,0,0,0,0,0,0,2.24635,1,1,0,0,0,0,1,0.979275,0,0,0.120227,0,0,0,0,-1,0,0,0,0,2,1,0,0,0,0,0,0,-1,0,0,0,1,-3,0,0,0,0,0,1,-1,0,0,0,0,1,1,0,-1,0,0,1,0,0,-0.394112,0,0,-0.607931,0,0,0,1,0,0,0,0,0,-1,1,1
0,0,2,0,0,0,0,0.321605,0,0,0,0,1,0,2,3,-0.612894,0,0,0,0,-1,0,0,0,0,0,2,-1,2,0,0,1.86813,2,0,0,-2,0,1,0,2.068253,0,0,-0.454769,0,0,0,0,0,0,0,0,-1,0,1,0,-1,0,0,2,0,0,0,0,0,0,0,0,4,1,0,1,0,1,0,0,0,4,1,0,0,0,0,0,1,0,0,-0.633386,0,1,-0.754327,0,0,0,0,0,0,1,0,0,1,1,1
0,-1,0,0,0,0,0,-0.60339,0,-1,1,0,0,-2,5,0,-0.279086,0,1,0,0,0,0,0,0,0,0,0,0,-3,0,0,1.14286,2,0,0,0,-1,0,0,1.106119,0,0,-0.7,0,0,1,0,0,0,0,0,0,0,0,0,0,0,0,0,1,0,0,0,1,0,1,0,2,1,1,0,0,0,0,0,3,2,0,0,0,0,0,0,0,1,0,-0.463968,0,0,-0.725392,0,0,3,-1,0,1,0,0,1,0,1,1
0,-1,0,0,0,0,0,-0.764706,0,1,0,0,0,-1,0,0,-0.880269,0,1,-2,0,0,0,0,0,0,0,0,3,2,0,-1,1.14286,7,0,0,0,0,0,0,1.079396,0,0,-0.772877,1,0,0,0,0,0,0,0,1,2,0,1,-3,0,0,0,0,0,0,-2,1,3,1,0,0,1,0,0,0,0,2,0,0,0,0,0,0,0,0,0,0,2,0,-0.345928,0,0,0.099534,0,0,0,0,0,1,0,2,0,1,1,1
0,0,0,-2,0,0,1,-0.837338,0,0,0,1,-2,0,0,0,-0.555556,0,0,1,0,-4,-1,0,0,0,0,2,3,0,1,0,1.75938,6,0,0,0,0,0,-1,1.154294,4,0,-0.86887,1,0,-1,-1,0,0,0,0,1,0,0,0,0,1,0,0,1,0,0,-2,1,0,1,0,0,1,1,0,0,1,0,1,0,0,0,0,-1,0,0,0,-1,0,0,-0.612903,0,0,-0.31964,0,0,0,-2,0,1,0,-2,0,0,1,1
0,0,0,0,0,0,0,-0.780244,0,-1,0,0,1,1,0,0,-0.698801,0,1,0,1,1,0,0,1,0,0,0,0,0,2,0,1.05034,2,0,0,1,0,0,0,0.898102,0,0,-0.808898,2,0,0,0,0,0,0,0,0,1,0,-1,3,0,0,0,0,-2,1,0,0,2,0,-1,1,0,0,1,0,0,0,0,0,0,0,0,0,0,0,0,0,0,2,-0.473169,0,0,0.662001,0,0,0,3,0,0,0,0,0,0,1,1
0,0,0,0,0,0,0,-0.864316,0,0,1,0,-2,0,5,0,-0.546155,1,0,0,2,1,0,1,1,0,0,3,2,0,0,0,2.01376,1,-2,0,0,-1,0,0,0.59152,0,0,-0.831497,0,0,0,0,0,0,-1,1,0,0,1,0,-1,0,0,0,0,-1,1,0,1,0,0,1,0,1,0,1,0,0,0,0,0,0,0,0,0,0,0,1,0,0,2,0.742776,0,-1,-0.713359,0,1,0,0,0,0,0,0,0,0,1,1
0,0,0,0,0,0,0,-0.857773,0,0,0,0,0,0,0,0,-0.727603,0,-1,0,0,2,-1,0,0,0,0,-1,0,0,1,0,1.62857,2,0,0,1,0,2,0,1.48961,0,-1,-0.904201,1,0,0,0,0,0,0,0,0,0,0,0,0,0,0,0,0,0,-1,0,0,1,0,0,0,0,1,1,0,-2,-2,0,0,0,0,0,0,0,0,-3,0,0,0,-0.315896,0,1,-0.374317,0,0,0,0,0,0,0,0,0,0,1,1
0,-1,0,0,0,0,0,-0.586207,0,0,0,0,-3,1,0,0,-0.813078,0,0,0,0,0,0,0,0,1,1,0,0,0,0,1,1.27955,7,0,-1,0,0,1,0,2.79415,4,0,-0.653258,0,0,0,1,2,0,0,0,-1,0,0,0,3,0,0,0,0,1,1,-1,0,-1,1,0,-2,0,-1,0,0,0,2,1,0,3,-1,0,0,0,0,0,0,0,0,-0.54194,1,0,-0.744681,2,0,0,-1,0,0,0,0,0,2,1,1
0,1,0,0,0,1,1,-0.524954,-1,0,0,0,1,-2,0,1,-0.202278,0,0,1,0,0,0,0,-1,0,0,0,4,0,0,0,0.46449,7,-1,0,2,0,0,0,2.78788,4,1,-0.590648,0,0,0,2,-1,0,0,0,0,1,0,1,4,0,0,0,0,0,0,0,1,0,0,0,-1,0,1,1,-2,0,0,0,1,2,0,0,-2,0,1,0,0,2,1,-0.522216,0,0,-0.792447,2,0,0,0,0,0,0,-2,0,0,1,1
0,0,0,0,0,1,0,-0.896232,0,0,0,0,1,0,0,1,-0.715161,0,0,1,0,0,0,3,0,0,0,0,0,0,0,0,0.94286,10,0,0,0,-2,0,0,2.78788,0,1,-0.636364,0,0,0,0,0,0,0,0,0,1,0,1,0,1,0,3,0,1,1,0,0,1,0,0,0,0,1,1,0,0,0,0,0,1,0,0,0,0,0,0,0,0,1,-0.336896,0,0,-0.825401,0,0,2,-1,0,0,0,0,0,-1,1,1
1,-1,-1,1,0,-1,0,-0.668749,0,0,0,0,0,0,2,0,-0.378103,0,0,0,0,0,-1,0,0,0,0,0,0,4,0,-1,1.86122,7,0,0,0,0,-2,0,1.156001,0,0,-0.785714,0,0,0,0,0,2,0,-1,0,0,1,1,0,0,0,0,0,0,0,1,0,0,3,0,0,0,1,0,0,2,2,0,0,1,-1,0,0,0,0,0,1,2,1,-0.482145,2,0,-0.751741,0,0,0,-1,1,0,0,0,1,-4,1,1
0,-1,0,0,-1,1,0,-0.560507,0,0,1,0,0,0,1,1,-0.625508,0,-1,0,0,0,-1,0,0,1,0,0,3,0,1,0,1.82417,2,1,1,0,0,0,0,1.045803,0,0,-0.819336,1,0,0,0,0,0,0,0,0,0,1,0,0,0,0,0,0,2,0,1,0,1,0,0,0,0,1,0,1,2,0,0,-3,0,0,0,0,0,0,1,-1,0,0,-0.630559,0,0,-0.664149,0,-1,2,0,0,0,0,0,0,0,1,1
0,0,0,0,0,0,0,-0.741989,0,0,0,1,0,0,0,1,-0.632877,0,0,0,0,0,1,1,0,0,0,0,0,1,1,0,1.46797,1,0,0,0,0,0,0,0.234213,0,0,-0.798187,0,0,-1,0,-1,0,0,0,0,1,0,3,0,0,0,0,0,0,0,0,0,2,0,0,0,0,1,0,2,0,6,-1,0,1,0,0,0,1,0,1,0,0,0,-0.672396,0,0,-0.647139,2,1,0,-4,0,-1,0,0,0,0,1,1
0,0,1,0,0,0,0,-0.845477,1,0,0,0,0,-1,-2,1,-0.52,0,1,3,0,0,0,-1,0,0,0,1,0,1,0,0,1.40241,7,0,0,0,1,0,-2,0.383698,0,0,-0.18635,0,-1,2,2,0,1,2,0,0,0,1,0,3,1,0,0,0,0,0,0,0,1,-1,1,1,0,0,1,0,0,0,0,0,0,-1,0,0,2,-1,0,0,-1,0,-0.58497,0,0,0.975892,0,0,0,0,0,0,0,0,0,0,1,1
0,0,0,0,0,0,0,-0.763724,1,0,0,0,1,0,-1,0,-0.025976,0,1,0,2,0,2,0,0,0,0,1,0,1,0,0,1.62857,11,0,0,0,0,1,0,0.364465,0,-1,-0.797911,0,0,0,0,0,0,0,0,0,0,-1,0,0,1,0,0,0,0,1,0,0,0,0,0,0,0,0,0,0,-2,0,0,0,-1,0,0,0,2,0,0,0,0,0,-0.194613,0,0,-0.56453,0,0,0,0,0,0,0,0,0,0,1,1
0,0,2,3,0,-1,0,-0.735856,0,0,0,0,0,0,0,0,-0.457897,0,0,1,0,0,0,0,0,1,0,0,0,2,-1,2,1.92302,3,0,0,1,0,0,0,0.701754,3,0,-0.718624,1,0,0,0,0,0,0,0,0,0,0,1,0,1,2,0,0,0,0,1,0,0,1,0,0,0,0,0,0,2,0,0,0,-1,0,1,0,1,0,2,0,0,0,0.657906,0,0,-0.527592,0,0,0,0,0,-2,0,0,0,1,1,1
0,-1,3,0,0,0,0,-0.455434,0,0,-1,0,0,0,0,0,-0.628155,0,0,0,0,0,2,0,0,0,0,-1,0,-1,-1,0,1.00918,6,-1,0,0,0,0,0,1.733132,0,0,0.070528,0,0,0,0,0,0,0,0,0,-1,0,2,0,0,2,0,1,0,0,0,-2,1,0,1,2,0,-2,0,0,0,2,0,2,0,0,0,0,0,0,0,0,1,0,-0.7,0,0,-0.758001,0,0,0,2,0,0,-1,0,1,0,1,1
0,-2,0,1,0,-1,3,-0.419467,-2,0,0,0,0,0,0,1,-0.607348,0,0,1,1,0,0,0,0,0,0,0,0,0,1,0,1.5355,6,0,-1,0,0,0,0,1.325,0,0,-0.858795,0,1,0,0,0,0,0,1,0,0,0,0,0,0,0,0,0,0,1,0,0,0,0,0,0,0,1,1,0,0,0,0,0,0,0,1,0,1,1,0,0,0,0,-0.642305,0,0,-0.558306,0,1,0,2,0,0,2,1,1,2,1,1
0,0,0,0,0,0,3,-0.843075,0,0,0,0,0,0,0,0,-0.592587,1,0,0,0,0,0,-1,3,0,0,0,0,2,-1,0,1.3634,13,0,0,2,0,1,-1,1.162482,0,-1,0.148172,0,0,1,0,0,0,0,0,0,-1,0,0,0,0,0,0,0,0,0,0,0,1,0,0,0,0,0,-1,0,0,0,0,0,0,2,0,0,0,0,0,0,1,2,-0.667015,0,0,-0.799172,2,0,0,0,0,-1,0,2,1,0,1,1
0,0,0,0,1,0,0,-0.813924,-1,0,0,0,0,0,1,0,-0.385867,-1,0,1,1,0,0,0,0,0,0,0,0,1,0,0,0.98981,0,0,0,0,0,0,0,1.140663,0,0,-0.675676,0,0,0,0,-1,-1,0,0,0,0,0,0,0,-1,0,0,0,0,0,-2,0,1,0,0,0,-2,1,0,0,0,0,0,0,0,0,0,0,0,0,0,1,0,0,8.06667,0,0,-0.739753,2,0,0,0,0,0,0,0,1,0,0,1
0,0,2,-1,1,0,0,-0.599032,0,-1,0,0,0,0,1,0,-0.820896,0,0,1,1,2,0,2,0,0,0,1,0,1,0,0,0.6019,3,-1,1,1,-1,1,0,0.457436,-1,0,-0.675676,-1,0,0,-1,0,0,0,0,0,-1,0,0,0,0,0,0,0,0,1,-1,1,0,0,0,1,-1,0,0,3,0,0,0,0,0,0,0,0,0,0,0,2,0,0,7.583078,0,0,-0.052785,1,0,1,-1,1,1,-1,0,0,0,0,1
0,0,1,0,1,0,0,-0.249412,1,0,2,0,1,1,0,-2,-0.820896,0,0,0,1,-2,-1,0,0,-1,0,0,0,1,0,0,3.49522,2,0,0,1,0,2,1,1.05405,0,-2,-0.745284,0,0,0,-1,0,0,0,0,0,0,0,2,0,0,0,1,0,0,2,0,1,1,-1,0,0,0,0,0,0,0,2,0,0,1,0,1,1,0,0,0,0,0,0,8.113431,0,2,-0.710089,0,0,0,0,1,0,0,0,1,0,0,1
0,-2,0,0,0,1,0,-0.635423,-1,0,0,0,0,0,0,0,-0.675676,0,-1,1,0,0,1,0,0,0,0,0,0,2,1,-1,1.24613,3,0,-1,-5,0,0,0,1.552102,-2,-1,-0.7485,0,0,0,-1,0,0,1,0,0,1,0,0,0,-1,0,2,0,0,0,0,0,-3,2,-1,0,0,0,0,0,0,0,0,0,0,0,0,0,1,0,-1,0,0,0,-0.519275,-3,-1,-0.769763,0,0,0,0,0,2,0,0,1,0,1,1
0,0,0,0,0,0,0,-0.620022,0,0,0,0,0,0,0,3,-0.462567,0,0,1,0,0,0,0,0,0,0,0,0,0,0,0,1.33645,0,0,0,3,1,0,0,0.223871,0,1,-0.692308,0,0,-1,0,-1,0,0,0,-1,1,0,0,0,-1,0,-1,0,0,0,0,0,1,-2,-1,0,0,0,0,0,0,0,0,0,0,0,0,0,0,0,0,0,0,0,-0.643598,0,0,-0.453754,0,0,0,2,0,0,1,0,1,0,1,1
1,0,0,0,0,0,0,-0.612903,0,0,3,0,0,0,0,0,-0.901082,0,0,0,0,0,0,0,0,0,2,-2,0,0,0,0,1.02669,4,0,0,0,1,0,1,1.73736,0,0,-0.784198,0,-1,-1,0,0,0,1,0,0,0,0,0,0,-1,0,0,0,-1,-1,0,0,3,0,1,0,1,0,0,0,0,2,0,-1,1,0,0,0,0,0,-5,0,-1,0,-0.6,0,0,-0.790559,0,0,0,3,0,0,0,-1,0,0,1,1
0,-1,0,0,0,3,1,-0.381319,0,0,0,0,3,0,0,0,-0.495862,0,0,0,0,0,0,1,0,0,-1,0,2,0,1,0,1.60249,0,0,0,0,0,-1,0,2.080418,-1,-1,-0.736135,0,0,0,1,0,0,0,0,0,0,2,-1,1,0,0,0,0,0,0,-2,1,1,1,-1,0,0,0,0,1,2,0,0,0,0,0,0,0,0,0,0,0,0,1,-0.65893,0,0,-0.757839,-1,0,0,-2,1,0,-1,5,0,1,1,1
0,-1,0,0,0,0,0,-0.622536,0,0,0,0,0,0,0,0,-0.67586,0,1,0,0,-1,0,0,0,1,0,2,-1,-3,0,0,0.40065,6,0,0,-3,-1,0,0,0.811321,0,-3,-0.769741,0,1,-1,0,0,0,0,0,0,-1,0,0,0,-1,1,-1,0,0,1,0,0,0,2,0,0,0,3,0,1,0,0,0,0,3,0,0,0,0,0,0,0,0,0,-0.462601,0,0,-0.871317,0,0,0,0,1,-1,-1,-1,0,1,1,1
0,1,0,3,0,0,0,-0.6,-1,0,0,0,1,0,0,0,-0.45366,0,0,0,1,1,0,0,0,0,0,0,2,0,0,0,1.13533,12,0,0,0,0,0,0,1.064503,0,0,0.743835,1,0,0,0,1,0,-2,0,0,0,0,0,0,0,0,2,1,0,0,1,1,0,0,0,0,0,0,0,1,0,0,0,0,0,0,0,0,1,0,0,0,0,0,-0.501778,2,0,-0.323687,3,0,0,-5,1,0,0,1,0,2,1,1
0,0,1,0,0,0,0,-0.81303,0,-1,-2,0,0,0,0,0,-0.4,0,0,1,0,0,-1,0,0,1,0,0,0,0,0,0,1.23397,4,0,0,2,0,0,0,0.376372,0,0,-0.724392,1,0,0,0,-2,0,0,0,0,2,0,0,2,0,-1,0,0,0,1,0,0,0,0,0,0,0,1,-1,0,1,0,0,0,0,0,0,4,0,0,0,0,1,0,-0.320919,0,0,-0.602931,1,0,0,1,0,-2,0,-1,0,2,0,1
0,0,1,0,0,0,0,-0.497213,1,0,0,0,0,0,0,0,-0.059614,0,0,2,0,0,0,-1,0,-1,0,0,0,0,0,0,1.68923,5,0,0,0,0,0,0,0.514531,-2,-1,-0.727273,0,0,0,0,-1,0,-1,0,0,0,1,0,-1,0,0,0,0,0,0,0,0,2,-4,0,-2,0,0,0,0,-1,-4,0,0,0,0,0,0,0,0,1,0,0,0,-0.542679,0,0,-0.645569,0,0,0,0,1,0,0,0,0,0,0,1
0,0,0,0,1,1,0,-0.440163,0,-1,2,0,1,0,0,0,-0.478364,0,0,0,0,0,0,0,3,0,0,0,-1,-1,0,0,0.78436,4,0,0,0,0,2,-1,0.262989,0,0,-0.706532,0,-1,0,2,0,0,0,0,0,0,1,0,0,0,-1,0,1,-1,0,0,0,0,0,0,0,0,2,0,0,-2,1,0,0,-1,0,0,0,0,0,1,0,1,0,-0.619865,0,0,-0.822105,-1,0,0,0,0,0,-1,0,0,1,0,1
0,0,0,0,0,0,0,-0.833333,0,3,0,0,-1,0,1,0,-0.030609,0,0,0,0,0,0,0,0,0,2,0,0,1,0,0,2.17503,8,0,1,0,1,0,1,1.646732,0,0,-0.853885,0,0,2,2,0,0,0,0,1,0,0,1,0,0,1,2,0,0,0,0,-4,0,0,1,0,0,0,1,0,2,0,0,1,0,0,0,0,0,0,1,0,0,0,-0.736735,2,0,-0.669986,0,1,0,0,-1,0,0,0,0,0,0,1
0,0,0,0,0,0,0,-0.833333,-1,0,0,0,-3,0,0,1,-0.592897,0,0,0,0,0,0,0,0,0,0,1,0,0,0,0,2.11931,0,-1,1,0,1,0,0,0.475494,0,1,-0.879737,0,0,0,0,0,0,-1,1,1,0,0,0,0,0,0,0,0,0,2,0,0,-3,0,0,0,0,1,0,0,0,2,0,0,3,0,0,0,-1,-1,0,0,0,-1,-0.703532,0,0,-0.774544,0,0,-1,0,-2,1,-1,0,0,1,0,1
0,0,0,0,1,0,0,-0.833333,1,0,-1,0,0,0,0,0,0.463847,0,0,-1,0,0,0,0,0,0,0,0,-1,0,0,-1,2.95779,5,0,0,0,1,0,0,0.398263,0,0,-0.809524,0,0,0,0,0,-1,0,0,0,1,0,0,0,0,0,0,0,0,-2,0,6,0,1,0,6,0,0,1,0,0,0,0,1,1,0,0,0,0,0,1,0,0,0,-0.755102,0,0,-0.856099,0,0,-1,0,0,1,2,0,1,2,0,1
0,3,0,0,0,-2,0,-0.60507,1,-1,1,0,0,0,-1,-2,-0.684211,0,-1,0,0,0,-1,0,0,0,0,-1,2,0,-2,1,0.76832,-17,0,0,0,0,0,0,1.211152,-4,0,-0.466357,0,0,1,0,0,-1,0,0,1,0,0,0,-3,0,0,2,0,0,-1,-1,0,0,0,0,0,2,0,0,1,1,0,0,-1,-1,1,1,0,0,0,-2,0,0,1,-0.542631,1,0,-0.6,2,0,0,0,2,1,2,0,0,1,0,1
0,2,0,-1,0,0,-1,-0.684211,0,0,-2,0,0,0,-2,0,-0.610251,0,-1,0,1,0,2,0,0,0,-1,0,0,3,1,0,0.8,7,0,-2,0,0,0,0,1.089541,0,0,-0.728988,0,0,0,-1,0,0,0,0,0,0,0,0,0,0,1,0,0,0,0,0,0,0,-2,0,2,0,5,0,1,0,0,0,0,0,0,1,-2,1,0,0,0,1,0,-0.479354,0,0,-0.622679,1,0,-1,-1,-1,1,0,-1,0,1,0,1
0,0,-3,0,0,0,0,-0.594904,0,-1,0,0,0,0,-1,0,-0.493477,0,0,0,1,0,0,1,1,0,0,0,0,0,-2,0,0.66108,8,0,0,0,-1,0,0,2.342777,1,-1,-0.526175,0,0,0,0,0,0,0,0,0,0,0,0,0,0,0,-1,0,0,3,3,0,0,-1,0,0,1,0,0,1,0,1,0,0,-1,0,1,0,0,0,0,-1,0,0,-0.661941,0,0,-0.673038,0,0,-1,0,-1,0,2,0,0,0,0,1
0,0,0,0,0,1,0,-0.692308,0,0,0,0,0,0,0,0,-0.591417,0,0,1,1,1,0,1,0,0,0,1,1,0,1,0,1.58488,3,0,0,0,1,0,0,1.553627,-1,-1,-0.9049,0,0,0,0,0,1,0,0,0,0,0,0,-1,-1,0,-1,0,0,0,0,1,0,1,0,0,0,0,0,0,0,0,0,2,0,0,0,0,3,0,0,-1,0,-1,-0.815337,0,0,-0.727273,0,0,-2,0,0,3,0,0,0,1,0,1
0,4,2,-1,0,0,0,-0.692308,0,1,0,0,0,0,0,0,-0.684211,1,0,-1,1,0,1,0,0,0,-1,0,2,2,-1,1,0.71509,2,0,0,0,0,0,0,1.03274,0,0,0.042551,0,1,0,0,0,-1,0,0,0,1,0,3,1,-2,0,-1,-1,0,0,0,0,0,0,0,-1,0,1,0,0,-2,0,0,0,0,0,-1,0,0,-2,0,0,0,0,-0.649278,0,0,-0.741187,0,0,0,1,0,0,1,0,3,0,0,1
0,-1,0,0,-1,0,-2,-0.754572,1,1,-3,0,0,0,0,5,-0.868338,0,-1,2,1,1,0,0,0,0,0,0,0,0,0,0,0.54286,0,0,2,0,-1,-2,0,0.894737,0,0,-0.626907,0,0,0,0,0,0,0,0,0,0,1,0,0,-2,0,0,0,0,0,0,-1,1,-1,2,1,0,0,0,0,1,1,0,-1,0,0,0,0,0,0,0,0,0,0,-0.639113,0,0,-0.727273,0,1,0,1,0,1,0,0,0,0,0,1
1,0,0,0,0,0,0,1.886758,0,0,0,0,0,0,0,0,-0.660337,0,0,1,0,0,0,0,0,-1,0,2,0,2,1,0,2.71354,1,0,0,-3,0,0,-1,3.100159,0,0,-0.712563,0,0,1,0,-1,0,0,0,2,0,1,0,0,0,0,-2,0,0,0,-1,0,1,1,0,0,0,0,0,0,0,3,1,0,0,0,1,0,0,0,-1,0,2,-1,-0.676096,0,0,-0.90372,0,0,0,-1,0,0,0,0,0,0,1,1
1,0,0,0,0,0,1,5.056237,1,0,0,0,2,0,4,0,-0.733171,0,0,1,-1,0,0,1,0,0,0,0,0,0,1,1,1.29755,6,0,0,0,0,1,0,1.669386,0,3,-0.408656,0,1,0,0,0,1,1,0,0,0,1,1,-1,-4,3,0,0,0,2,0,0,1,1,0,0,0,0,-1,0,0,0,1,-3,1,0,1,0,0,0,0,1,0,0,-0.679182,-1,0,-0.450411,0,0,-1,-1,0,0,0,0,0,-1,1,1
-1,0,3,0,0,-2,1,5.725742,1,0,0,0,0,0,2,0,-0.826952,0,2,1,-1,0,0,0,1,-2,0,0,0,-4,1,0,1.36133,1,0,0,0,0,1,-1,0.55094,0,-1,-0.632729,-1,0,-1,0,0,-2,0,0,0,0,1,0,0,0,0,0,0,0,0,0,0,1,1,-1,0,-1,0,0,0,0,0,1,0,0,0,0,-1,0,0,2,0,0,0,-0.690766,0,0,-0.754568,0,0,0,0,0,0,-1,0,0,-2,1,1
0,2,0,-1,1,0,0,-0.002461,0,0,0,0,0,0,0,0,-0.847912,1,0,1,0,0,0,-2,-1,1,1,0,0,-3,0,0,0.44133,12,0,0,0,0,0,0,1.053454,0,0,-0.255642,0,1,-1,0,0,0,0,0,0,0,0,0,0,0,0,0,0,2,-1,0,-1,1,0,0,0,0,0,1,0,0,-1,0,-2,0,0,0,0,0,0,1,0,0,0,-0.730129,0,0,-0.305187,1,1,0,1,0,2,1,0,1,0,0,1
0,0,0,0,0,0,0,-0.317404,0,0,0,0,0,0,3,1,-0.576508,1,0,0,0,0,0,0,1,0,0,0,0,0,0,0,1.25215,0,0,-1,1,0,-1,0,0.242424,-7,0,-0.163462,0,0,0,0,0,0,0,0,0,0,0,0,0,0,0,-4,0,0,0,0,0,1,1,0,0,0,0,0,0,1,0,0,0,0,0,0,0,0,0,0,1,0,0,-0.602396,0,0,-0.580961,-1,0,0,-1,0,3,0,1,1,0,0,1
0,-2,0,0,1,0,1,-0.478261,0,0,0,-1,-1,1,1,0,-0.658909,1,0,0,0,0,0,0,0,0,0,0,0,0,2,0,0.93844,10,0,0,1,0,0,0,0.242424,0,-2,-0.585026,0,0,0,0,0,0,0,0,0,0,1,0,0,0,0,0,1,-1,1,0,0,1,0,0,0,1,0,0,-1,1,0,0,1,0,0,0,0,0,0,1,1,0,0,-0.487765,0,0,-0.35438,-1,1,0,0,0,1,0,-1,-1,0,0,1
0,-1,6,0,0,1,0,1.942985,1,0,0,1,0,0,0,3,-0.755102,0,0,0,0,0,0,-2,0,0,0,0,2,0,0,0,1.0,1,0,1,-1,1,-1,0,1.775317,-1,0,-0.879434,0,0,0,0,0,0,0,0,0,-2,0,0,0,0,0,0,1,0,-1,0,0,0,0,0,0,0,0,-1,1,0,0,0,1,1,0,0,0,0,0,0,1,0,0,-0.684211,0,0,-0.799295,0,0,1,1,0,0,-4,1,1,-1,0,1
-1,0,0,-1,0,0,0,-0.294118,-1,0,0,0,0,0,0,3,-0.45375,-1,1,-1,0,0,2,0,-1,0,0,0,-1,0,0,0,1.25913,3,-1,0,0,1,1,0,0.806558,0,-3,-0.706177,0,0,0,0,-1,0,1,-1,0,-1,0,0,-1,0,2,0,0,0,0,0,2,0,0,1,-2,0,-2,0,0,0,-1,0,0,0,0,0,0,0,0,0,0,0,0,-0.744887,-1,0,-0.837838,0,0,0,1,0,0,0,0,0,0,0,1
0,-1,0,0,0,-2,0,0.379252,0,0,0,0,2,0,0,0,-0.818371,0,1,-1,-2,0,1,-4,0,-1,0,0,0,0,0,0,0.78556,0,0,0,0,0,0,0,1.240252,0,0,-0.655992,0,0,0,0,0,0,0,1,0,0,0,-1,-1,0,0,0,0,-1,0,0,1,0,0,-3,0,-2,1,0,0,-1,0,0,-1,-3,0,0,0,-1,0,0,0,0,-1,-0.619857,0,0,-0.663705,0,1,0,0,0,-2,0,0,0,0,0,1
0,-1,0,0,0,0,-1,-0.707811,0,0,0,0,0,0,0,0,-0.665782,0,0,3,0,0,0,0,0,0,0,0,0,0,0,0,1.68042,18,0,0,0,1,0,0,1.561086,0,0,0.149253,0,0,-1,0,0,0,0,1,0,0,3,1,0,0,0,0,0,0,2,0,0,0,0,1,0,0,2,-1,0,2,0,0,0,0,0,1,-1,0,0,0,0,0,0,-0.70563,0,0,-0.724788,0,0,0,0,0,1,0,0,0,0,1,1
0,-1,1,0,0,3,-1,-0.666667,0,0,0,0,0,2,0,2,-0.746118,0,0,1,0,1,0,-1,0,0,0,-2,0,0,0,0,0.82857,1,0,-1,0,0,0,0,2.928688,0,0,0.333838,1,0,0,2,1,1,0,0,-1,0,-1,0,0,0,0,0,0,0,0,0,0,0,0,0,0,0,2,0,0,-1,0,0,0,0,0,0,0,0,0,1,0,0,0,-0.763815,0,0,-0.499243,0,0,0,0,0,1,0,1,2,0,1,1
0,-1,0,0,0,0,1,-0.350496,0,-3,0,0,0,0,0,0,-0.692604,0,0,1,0,-1,0,2,0,0,0,0,0,0,2,0,1.29145,2,0,0,0,0,0,0,3.922801,-1,0,-0.455025,0,-1,0,0,0,0,-2,0,0,0,0,0,0,0,1,0,0,0,2,0,0,-1,-1,0,2,0,-1,-1,0,0,0,0,0,0,-1,0,0,0,0,0,0,-1,0,-0.771912,0,0,-0.153257,0,0,0,0,0,0,0,0,0,0,1,1
-1,-1,0,1,-2,0,0,-0.712836,0,0,-1,0,0,0,0,0,-0.803973,-1,0,0,0,0,0,0,0,0,1,0,0,0,1,0,1.55849,2,1,0,-2,0,0,0,0.5,1,-3,-0.813654,0,0,0,0,1,0,0,0,0,0,0,0,-1,0,-1,0,0,0,0,0,-1,0,0,0,0,0,0,0,3,0,0,0,0,2,0,0,0,0,-1,0,-1,0,0,-0.660492,0,0,-0.307636,0,0,2,0,1,0,0,1,0,0,1,1
0,0,0,1,0,0,0,-0.878525,0,0,0,0,0,1,0,0,-0.793103,-1,0,2,0,0,1,0,0,0,-1,2,0,4,0,0,1.30606,6,0,1,0,0,0,-1,1.05214,0,0,-0.360456,0,0,0,0,1,0,1,0,0,5,0,3,-1,0,0,-4,0,0,0,0,0,1,0,-1,0,-3,0,1,0,0,0,0,1,0,0,0,0,0,0,1,1,0,0,-0.636364,0,1,-0.548771,0,0,2,0,1,0,0,1,4,-1,1,1
0,0,0,0,0,2,0,-0.293943,0,0,0,0,0,0,0,0,-0.731749,0,0,0,0,0,0,-2,0,1,0,2,2,0,0,0,2.74524,1,0,0,1,-3,0,0,1.417052,0,0,-0.76,1,1,0,0,1,-1,-1,0,0,0,0,0,1,0,0,0,0,1,0,-1,0,0,1,-1,0,0,0,-2,-2,0,2,0,0,0,-1,0,0,0,0,1,0,0,0,-0.705199,0,0,-0.721464,0,0,0,0,0,0,0,0,0,1,1,1
0,0,0,-1,0,1,0,-0.613172,0,0,0,0,0,0,1,0,-0.600346,0,1,2,0,0,1,0,0,-1,1,0,1,0,4,0,0.97143,1,0,-1,-1,2,1,0,0.946339,0,-1,-0.661975,1,0,1,0,0,0,0,0,0,3,-1,0,0,1,0,0,0,0,0,0,0,1,0,0,0,0,0,0,0,0,-1,0,0,0,0,-1,0,1,0,0,0,0,0,-0.651486,0,1,-0.744681,1,0,0,0,0,0,0,0,0,1,0,1
0,0,0,0,0,2,0,-0.634618,0,0,0,0,0,-1,0,0,-0.797657,-1,0,0,0,0,-1,0,0,0,-1,0,0,0,0,0,0.97143,4,1,0,0,0,1,0,1.214901,0,0,-0.661731,0,1,0,0,0,-1,0,0,0,0,5,0,0,3,0,0,0,0,-2,1,1,0,0,0,0,1,-2,0,0,0,0,0,0,1,0,0,0,0,0,0,0,0,-3,-0.022619,0,1,-0.930622,0,0,0,0,0,0,0,-1,0,0,0,1
0,4,0,3,0,0,0,-0.58273,1,0,0,0,0,0,0,-2,-0.755102,0,0,0,0,0,0,0,0,0,0,0,0,0,3,0,1.34149,4,1,0,1,0,0,0,1.685741,0,0,-0.662198,0,1,0,0,0,0,0,0,0,-2,0,-1,0,3,0,0,0,0,0,0,1,0,0,0,2,0,0,0,0,-2,0,0,-2,-1,0,0,0,0,0,0,0,2,0,0.039606,-1,1,-0.686616,-2,0,-2,0,0,0,1,0,0,0,0,1
0,0,0,0,0,0,0,-0.662258,0,0,0,0,0,0,2,0,-0.286002,0,0,0,0,0,0,0,0,0,0,0,-1,0,1,0,1.67296,3,0,-1,0,1,0,0,0.695073,2,0,-0.725374,0,1,0,0,0,0,0,0,0,0,0,0,0,0,0,0,-1,0,-1,0,-3,0,1,0,-1,1,3,0,0,-1,0,0,0,0,0,0,0,0,0,0,0,0,0,-0.790236,0,1,-0.55742,0,0,0,0,0,0,0,0,0,1,1,1
0,0,0,0,0,0,0,-0.808981,0,0,0,-1,0,0,0,0,-0.580926,0,0,0,0,0,0,0,0,0,0,0,3,0,1,0,1.97678,5,0,0,-1,0,0,0,0.242501,0,0,-0.684815,1,1,0,0,0,0,1,1,0,1,0,1,-1,2,0,0,0,-1,-2,0,0,0,0,0,2,2,0,-1,0,0,2,0,1,0,0,0,0,-1,0,-1,0,3,0,-0.627025,0,0,-0.559452,0,0,0,-1,0,0,0,2,1,1,1,1
0,2,2,0,0,0,1,-0.694727,0,0,0,0,0,0,-1,-1,-0.844156,0,1,1,0,0,0,0,0,2,0,2,-3,0,1,0,1.61964,1,0,0,-1,0,0,0,1.157405,-1,0,-0.730362,0,1,0,0,0,0,0,0,0,-1,0,0,1,0,0,0,0,0,0,1,-1,0,0,0,0,1,0,-1,0,-1,0,0,0,0,-1,0,-2,0,0,0,0,0,0,-0.827822,0,0,-0.690898,0,0,2,0,0,1,1,2,-1,1,1,1
0,0,1,0,1,0,0,-0.692308,0,0,0,1,1,0,0,0,-0.558112,0,0,1,0,0,0,0,0,0,0,0,0,0,0,0,1.17595,1,1,0,0,0,0,0,0.452855,0,1,-0.717639,-2,0,0,-1,0,0,1,0,-1,0,0,0,0,0,0,2,0,0,0,0,1,1,2,0,0,0,0,0,0,0,3,0,0,0,0,0,0,0,0,0,0,3,0,-0.697814,0,1,-0.7,0,0,0,0,0,1,2,1,0,2,0,1
0,-2,0,0,1,3,3,-0.827049,0,0,0,0,1,0,0,0,-0.636364,0,0,1,0,1,0,0,0,0,0,0,0,0,0,0,1.31429,0,1,0,0,0,-2,0,0.843439,0,0,-0.73913,2,0,0,0,0,0,0,0,0,0,0,-1,0,0,0,-1,0,0,1,0,-1,0,0,-1,1,0,0,-1,0,0,-2,0,0,3,0,1,0,0,0,0,0,0,0,-0.523572,0,0,-0.7,0,0,0,0,0,0,0,1,0,0,0,1
0,-1,0,1,0,0,0,-0.666598,2,0,0,0,0,0,0,0,-0.58503,0,0,0,0,1,0,-2,0,0,0,0,-1,0,0,0,1.52621,1,0,0,-1,0,0,0,0.621455,1,1,-0.692625,1,0,0,0,1,0,1,0,-1,0,0,1,0,0,0,0,0,0,0,0,1,0,0,0,0,0,1,0,0,0,0,1,0,0,0,1,0,-1,0,0,1,1,0,0.001753,0,-1,-0.402755,0,0,0,0,0,0,0,0,0,0,0,1
0,0,-1,0,0,0,1,-0.771388,0,0,0,1,3,0,0,0,0.701027,0,0,0,0,0,0,-1,0,0,0,2,0,0,-2,0,1.62899,9,0,0,0,0,0,-1,2.387307,0,0,-0.777778,0,0,1,0,1,0,0,0,1,-1,0,0,3,1,0,0,0,0,0,0,0,0,0,0,0,0,0,0,2,1,0,0,0,0,-1,0,-2,0,0,-2,0,0,0,-0.777778,0,0,0.377439,0,0,0,0,0,0,0,0,0,2,1,1
0,0,0,0,-1,0,0,1.150025,0,0,4,1,-1,0,-2,0,-0.455949,0,0,0,0,0,2,0,0,0,0,0,0,0,-1,0,1.00205,2,0,0,0,0,0,0,0.915419,2,0,-0.835877,0,0,0,0,0,-2,0,0,0,2,0,0,0,0,0,-1,0,-1,-1,0,0,0,0,0,0,0,0,0,1,1,0,0,0,0,0,0,0,0,0,-1,0,2,0,-0.381232,0,0,-0.259284,0,0,0,0,0,0,0,0,0,0,1,1
0,0,1,0,0,2,1,0.170999,0,0,1,1,0,1,-1,2,-0.571429,-1,0,0,0,0,1,0,0,0,0,0,0,0,0,0,1.54286,2,1,0,0,2,0,-1,0.432817,0,0,-0.701242,0,0,0,0,0,0,0,0,0,4,0,0,0,1,1,-1,0,0,4,0,0,1,0,0,-1,-2,0,0,1,1,0,0,0,-1,0,2,0,0,-1,0,0,0,0,-0.777778,0,0,-0.625052,0,-1,0,1,-1,-1,1,0,0,0,1,1
0,0,3,0,0,0,0,-0.766555,2,0,0,0,0,0,3,0,-0.804724,1,0,0,1,0,0,0,0,0,0,0,1,-3,0,0,1.26281,2,1,0,0,0,0,0,2.486778,0,0,-0.57957,0,1,2,1,0,0,3,0,0,0,0,1,0,0,0,0,0,0,0,0,0,0,-2,0,0,3,-2,0,0,0,0,0,0,0,-1,0,0,0,0,0,0,0,-1,-0.30404,0,0,-0.159403,0,0,-1,0,0,1,0,0,0,1,0,1
1,3,-1,-1,0,1,0,-0.670244,-1,0,0,0,0,-1,-1,0,-0.835225,0,-1,-1,1,-1,0,-1,0,0,0,0,-1,1,0,0,1.2609,3,0,0,0,0,0,0,0.358281,0,0,-0.672111,0,1,-1,0,0,0,0,1,0,0,0,0,0,0,2,0,0,0,4,0,0,0,0,0,0,0,0,0,0,-1,0,0,1,1,0,0,0,1,0,0,0,0,0,-0.63855,0,0,-0.786068,0,0,0,0,0,-1,1,2,0,0,0,1
0,0,0,0,0,0,0,-0.640905,0,0,0,0,0,0,2,0,-0.861305,0,-1,0,1,0,0,0,0,0,1,1,-1,0,0,2,3.50152,1,0,0,0,1,0,0,0.177778,1,2,-0.008265,0,0,0,0,0,0,0,0,0,0,0,0,0,0,2,0,0,1,-2,0,0,2,0,0,0,1,1,0,0,0,1,0,0,0,0,0,-2,0,0,0,0,0,0,-0.745944,0,0,-0.859385,0,0,-3,0,1,1,0,0,2,0,0,1
0,0,-1,0,1,0,1,-0.530276,-1,0,0,0,0,-3,-1,0,-0.567583,1,0,1,0,0,0,-3,1,1,-1,0,-2,0,0,0,0.57607,9,0,0,1,2,0,0,0.702739,0,0,-0.570682,0,0,0,0,-1,0,0,0,0,0,0,1,-1,0,1,0,0,0,0,2,1,0,1,2,0,0,1,0,1,0,2,0,2,0,1,0,0,0,0,0,0,0,0,-0.376249,0,1,-0.580793,0,0,2,0,0,0,0,0,0,1,0,1
0,3,-1,0,0,0,1,-0.382347,0,2,-1,0,0,-2,0,2,-0.571429,0,0,0,0,2,0,0,0,1,0,0,0,0,1,-1,0.89396,6,0,0,-1,0,1,0,1.393124,0,2,-0.599434,-1,0,-1,0,-1,0,-2,1,-1,-1,0,0,0,0,0,0,0,0,0,0,0,0,-1,0,0,0,0,-3,0,0,0,0,0,-6,1,0,0,1,0,1,0,1,0,-0.748411,0,0,-0.641889,0,0,0,0,0,-1,0,0,0,1,0,1
0,0,0,0,1,0,0,-0.428571,0,0,0,0,0,0,0,0,-0.043377,0,0,0,0,0,0,0,0,3,0,0,-1,-5,1,0,0.90739,5,0,0,0,0,0,0,1.057287,0,0,0.380662,0,1,0,0,0,0,0,0,-1,0,0,2,0,0,0,0,1,2,0,-1,0,0,0,0,0,0,1,1,0,0,-2,0,0,2,0,0,0,0,0,-6,0,0,-1,-0.714286,0,0,-0.854146,0,0,-3,0,0,0,0,0,0,0,0,1
0,0,0,0,1,0,-2,-0.806452,0,0,4,0,0,0,0,-1,-0.707317,0,0,0,0,0,0,0,0,0,0,0,0,0,1,0,1.30504,3,0,-1,2,0,0,0,1.930369,1,0,-0.591659,0,0,1,0,0,0,0,1,0,0,1,0,0,1,0,0,2,0,0,0,0,0,0,0,-2,-2,0,0,-1,0,0,0,0,0,0,1,0,0,0,1,1,0,0,-0.596412,1,0,-0.648235,0,0,0,-1,0,0,0,0,1,-1,0,1
0,0,0,3,-2,-1,0,-0.674878,0,0,0,0,0,0,-2,0,-0.169851,1,0,3,2,0,0,0,0,-1,0,1,-3,-2,0,0,1.6965,33,0,0,-1,2,2,0,2.731622,1,0,-0.649267,0,0,0,0,0,0,-2,0,-2,0,-1,0,0,0,0,0,-1,0,0,0,0,0,2,0,0,0,1,0,0,0,0,1,0,0,0,1,1,0,2,1,0,-2,0,-0.565654,0,1,-0.577171,0,0,1,0,0,1,0,1,0,0,0,1
0,0,1,-2,0,0,0,-0.431478,1,0,0,0,3,0,0,0,-0.791672,0,0,2,1,0,0,0,0,1,0,0,0,0,0,1,0.68688,4,0,0,0,0,0,0,0.883273,0,0,-0.776222,-1,0,-1,0,0,0,0,0,0,3,0,1,1,0,-1,0,0,0,2,0,0,0,1,0,-2,0,0,0,2,2,0,0,0,-2,0,1,0,0,0,1,1,-2,0,-0.567176,0,0,-0.647059,0,0,0,-1,0,0,0,0,0,3,0,1
0,0,0,1,0,-1,-2,-0.71084,0,0,0,0,-4,0,0,0,-0.534991,-1,0,0,0,0,1,-6,0,0,0,0,0,0,1,0,1.23131,5,0,0,0,0,0,0,1.884071,0,0,-0.612058,1,0,0,1,0,0,0,1,0,0,1,5,1,0,2,1,0,-1,-1,0,1,3,0,0,0,0,0,2,1,1,0,1,0,0,-2,0,0,1,0,1,0,0,0,-0.648521,0,0,-0.68686,2,0,0,0,0,1,1,1,1,0,1,1
0,0,-1,0,0,0,1,-0.7,0,0,0,0,-1,-1,0,0,1.291315,0,0,0,1,0,0,-4,0,0,0,0,0,0,1,0,1.75333,2,0,0,0,0,0,0,1.76271,2,0,-0.854355,0,0,0,0,0,0,0,-1,0,0,0,0,1,0,0,0,0,0,0,0,0,1,0,0,1,0,0,0,0,0,0,1,0,0,0,1,0,1,0,0,1,0,0,-0.510464,0,0,0.276096,0,0,0,0,0,1,0,1,1,-1,1,1
1,0,0,0,0,1,0,-0.153877,-1,0,0,0,0,0,0,0,0.252768,-1,0,0,0,0,0,0,0,-2,0,0,0,0,0,1,1.36327,2,0,2,1,1,0,1,1.76271,0,0,-0.842827,2,0,0,0,1,0,1,0,0,0,0,0,2,-1,-1,0,0,0,0,-1,1,0,0,1,2,3,0,0,3,0,0,0,0,0,0,-1,1,0,0,0,1,0,0,-0.733333,1,0,0.035412,0,0,0,0,0,0,2,1,0,0,1,1
0,-2,3,0,0,1,0,-0.53125,-1,0,0,0,4,0,0,0,0.212431,0,0,0,1,0,0,0,0,0,0,0,2,0,0,0,1.95737,4,1,0,0,0,0,0,1.446694,0,1,-0.647338,4,1,0,2,0,-1,0,0,0,1,2,0,1,0,-1,0,0,1,0,0,0,1,-2,0,0,1,0,0,1,0,0,1,0,0,0,0,0,1,0,0,1,0,1,-0.75,0,0,-0.588524,0,0,0,2,1,0,-1,0,1,1,1,1
0,0,0,0,0,1,0,-0.628586,0,1,0,0,0,0,0,0,-0.641023,0,0,2,1,0,0,0,0,0,1,0,6,0,0,0,1.25528,4,1,1,0,0,0,0,1.596052,2,-1,-0.61727,0,3,0,0,0,0,0,0,0,1,0,-1,0,6,3,0,0,1,2,0,1,0,0,0,0,1,0,0,0,0,0,1,0,0,0,0,0,1,0,0,0,0,-1,-0.69188,1,0,-0.853052,0,0,3,0,0,0,0,-1,2,1,1,1
-1,0,0,-2,0,1,0,-0.686325,0,0,0,0,0,2,0,0,-0.064214,0,0,0,-2,0,0,0,0,0,0,0,0,0,0,0,0.86335,6,1,0,0,0,1,0,1.540679,0,0,-0.753765,0,1,0,0,0,0,0,0,0,0,-1,0,1,0,0,0,1,0,0,-1,0,1,0,0,-2,1,0,0,0,0,0,1,0,0,0,0,2,1,0,-1,0,-3,0,-0.75,1,1,-0.898152,0,0,2,-2,0,0,0,2,1,1,1,1
0,1,0,0,0,0,0,-0.344975,0,0,0,0,0,1,0,-3,-0.094777,0,0,0,0,0,1,1,0,0,0,0,0,0,0,0,0.87533,1,0,-1,0,0,0,0,2.099277,4,-1,-0.556553,0,0,0,0,0,0,0,0,0,0,1,0,0,0,0,0,0,0,0,1,0,0,0,0,0,0,0,0,0,0,0,0,-2,0,2,0,0,0,0,-2,0,0,0,-0.60725,1,0,-0.317784,0,0,0,0,1,0,0,1,0,0,1,1
0,0,1,0,0,0,0,0.826106,0,0,0,0,0,-1,0,0,-0.583233,0,0,2,0,0,-3,0,-1,0,0,0,0,0,0,1,0.79876,13,0,0,1,0,0,0,3.269651,0,0,-0.745661,0,1,0,0,0,0,0,0,0,2,0,0,0,0,0,0,0,0,0,2,0,-1,1,-1,0,3,-3,1,0,0,0,0,0,2,0,0,0,0,0,1,0,0,1,-0.149564,0,0,-0.434356,0,0,0,0,0,0,-2,0,0,0,1,1
0,0,-2,-1,0,-1,0,-0.505033,0,-1,0,0,0,0,0,0,-0.449451,0,0,0,0,1,1,2,1,0,0,0,0,0,0,0,0.84297,5,0,0,1,0,0,0,1.22727,0,0,-0.657854,0,0,-2,0,0,1,0,0,0,0,6,1,0,0,0,0,0,0,1,1,-3,0,1,0,0,0,0,1,0,0,-2,0,0,2,0,0,0,0,0,0,0,0,0,-0.72093,0,0,-0.897561,0,0,4,0,0,4,0,0,0,1,1,1
1,0,0,1,0,0,0,-0.737077,1,1,1,0,0,0,0,0,-0.791768,0,1,0,1,0,1,1,0,0,0,0,2,0,0,1,1.43283,12,0,0,1,0,-1,0,0.797324,1,0,9.399852,0,0,0,1,0,0,0,0,0,2,-1,-1,1,0,0,1,0,0,0,1,0,0,0,0,0,0,0,0,1,1,0,0,1,0,-1,0,0,0,0,0,0,0,0,-0.517811,1,-1,-0.717466,2,0,0,-1,0,1,1,1,0,1,1,1
0,0,0,0,0,0,0,0.941202,0,0,0,0,3,0,0,1,-0.646817,0,1,1,1,0,1,1,0,-1,0,0,2,0,0,0,1.83078,12,0,0,1,-3,2,0,0.514287,1,1,6.851365,0,-1,0,1,0,0,0,0,0,0,0,3,1,1,0,0,0,0,3,1,-1,0,0,0,0,-1,0,0,0,0,2,0,0,0,0,0,1,2,0,0,0,-1,0,-0.683104,1,0,-0.830941,3,0,2,0,0,0,1,0,-2,1,1,1
0,0,0,0,0,1,0,-0.511815,1,1,-1,0,0,0,0,0,-0.691644,0,0,1,0,0,1,0,0,0,0,2,0,0,0,1,1.74286,4,0,0,0,0,0,0,1.283481,0,2,7.752085,-1,0,2,1,-2,2,0,0,0,1,-1,1,0,1,0,1,1,-1,-1,1,1,0,0,0,2,-1,0,0,1,0,0,0,0,0,0,0,1,0,0,0,0,0,0,-0.75939,1,0,-0.402368,0,0,2,-1,1,0,1,1,0,0,1,1
0,0,0,-1,0,0,0,-0.61289,-1,0,0,0,0,0,-1,0,3.313081,1,0,0,0,0,0,0,2,1,-1,1,0,2,1,0,1.14286,7,0,0,0,1,1,0,4.025488,0,0,-0.84064,0,0,0,0,0,0,0,0,1,0,0,1,0,1,-1,0,0,0,0,0,0,0,0,-1,1,0,0,0,-3,0,0,0,0,0,0,-2,0,0,-1,1,0,0,0,-0.6,0,0,-0.587915,0,0,0,1,0,0,-2,0,0,0,0,1
0,2,-1,0,0,0,0,-0.793586,1,0,0,0,0,0,0,0,-0.824762,0,0,0,0,0,0,0,-1,2,0,0,1,0,0,0,1.14286,2,0,0,0,0,0,0,1.7,1,0,-0.7,1,0,0,-1,0,4,0,0,0,-3,0,0,1,1,1,0,0,0,-1,-1,0,0,2,0,0,0,0,-1,0,2,0,0,0,-2,1,0,0,0,0,0,0,1,0,-0.603166,0,0,-0.558654,0,0,0,0,0,0,1,0,0,1,0,1
0,0,-1,0,0,0,1,-0.650995,0,0,-1,-1,0,1,0,0,-0.452991,0,0,-1,3,0,0,2,0,1,0,0,0,1,0,0,0.75694,1,0,0,0,1,0,0,1.616785,1,0,-0.7,1,0,0,0,0,0,0,0,0,0,1,0,0,1,0,0,0,1,-3,0,0,0,-1,0,0,0,0,0,0,0,0,0,0,0,0,0,0,0,0,0,0,0,0,-0.64849,0,1,-0.167695,0,0,0,0,0,0,0,0,0,0,0,1
0,0,1,0,0,0,0,-0.454545,0,-1,0,0,0,-1,0,0,-0.695708,0,0,0,0,0,0,-1,1,0,0,2,1,0,-1,0,0.8,2,0,0,2,0,0,0,1.264616,-3,1,-0.571429,0,-2,0,0,0,0,0,0,0,1,0,0,-2,0,0,1,0,-1,0,0,0,0,1,1,1,0,0,0,0,0,0,-1,1,1,0,0,0,0,0,1,0,0,0,-0.463592,0,1,-0.61134,0,0,1,0,-1,0,0,0,0,0,1,1
0,0,0,1,0,1,0,0.09172,0,0,0,0,1,0,-1,0,-0.693136,0,0,0,0,1,0,0,2,0,0,0,1,3,2,0,1.58649,2,0,0,0,0,0,-1,1.78571,1,0,-0.690825,0,0,0,0,0,0,0,0,0,1,-1,-1,0,0,0,0,0,2,1,0,0,-1,1,0,1,0,0,0,0,0,0,0,0,1,0,-1,-1,0,0,1,0,0,-1,-0.489966,0,0,-0.479253,0,0,1,1,0,1,0,0,0,0,1,1
0,0,0,0,0,-3,3,-0.510284,-1,0,0,0,0,0,0,7,-0.894204,0,0,2,0,0,0,0,0,0,0,0,0,0,1,0,0.61488,5,0,-1,0,1,0,0,1.80457,-1,0,-0.102695,2,0,0,1,0,0,0,0,0,-1,0,1,0,0,0,0,0,0,0,1,1,0,1,0,0,0,1,0,-2,-1,0,-1,0,0,0,0,0,0,1,3,0,0,0,-0.900807,0,1,-0.56392,-3,0,0,0,0,2,0,1,0,0,1,1
0,0,0,1,0,2,-3,-0.514344,0,0,0,1,0,0,1,0,0.751732,0,0,0,2,0,1,0,0,1,0,0,0,2,-1,0,0.84344,1,0,0,0,0,0,1,0.677419,0,0,-0.694414,0,1,0,0,0,0,0,1,1,0,1,0,-1,-1,-2,-1,0,-1,0,0,-2,0,0,2,0,0,0,0,0,0,0,2,1,0,0,0,0,0,0,2,0,0,0,-0.713275,0,0,-0.555556,0,0,0,0,0,0,-1,-1,0,2,0,1
0,-2,0,1,0,-1,0,-0.586207,0,1,0,0,0,0,0,0,-0.760065,0,0,0,0,0,0,0,0,0,0,-2,0,0,1,-1,0.93525,4,0,0,0,1,0,0,0.622126,1,0,-0.335426,0,0,0,0,0,0,0,-1,1,0,1,0,-3,0,0,-2,0,0,0,-1,1,-1,0,0,1,0,0,1,0,0,0,0,0,0,0,0,0,-1,0,0,0,0,0,0.022575,0,0,-0.640906,2,0,0,1,0,2,0,0,1,0,0,1
1,-1,0,0,0,0,0,-0.586207,0,0,0,2,0,0,0,0,-0.523892,0,1,0,0,0,-2,0,0,0,0,-1,0,0,0,0,0.89526,3,0,0,0,1,0,0,0.677419,1,0,-0.900245,0,0,0,0,0,0,0,0,1,0,0,2,-1,1,1,0,0,-1,0,0,0,1,1,4,-1,0,0,0,-3,0,1,-1,0,0,0,-2,0,-1,0,0,0,-1,0,-0.713442,0,0,-0.56185,2,0,0,0,0,0,0,0,1,0,0,1
0,0,0,0,0,0,1,-0.610433,0,-1,0,0,0,0,2,1,-0.537007,0,-1,-1,0,0,0,0,0,0,0,0,0,0,0,0,1.4,17,0,0,0,0,0,0,2.453456,3,0,-0.671118,0,0,0,0,0,2,1,0,0,0,1,0,0,0,1,-1,0,0,1,0,1,0,0,0,0,-2,0,0,0,-1,0,1,0,-1,0,0,0,0,0,0,0,0,0,-0.733333,0,2,-0.72093,0,0,0,0,0,1,0,-3,2,0,0,1
0,1,0,0,0,2,-1,0.352879,0,1,0,0,1,0,0,0,-0.492599,0,0,-1,0,0,-1,0,1,0,0,0,0,1,0,0,0.83234,6,0,1,0,0,-1,0,2.44898,0,0,-0.702439,0,-1,0,0,0,0,0,0,0,0,0,0,0,0,0,0,0,0,0,1,2,0,1,2,0,0,0,-2,0,-1,0,1,0,0,0,0,0,0,0,0,0,0,0,0.380449,0,-1,-0.77119,0,0,0,0,0,-1,0,0,2,-2,0,1
0,0,0,0,0,0,1,-0.695703,1,0,0,1,1,0,5,-2,-0.652038,0,0,0,0,0,0,0,1,0,0,0,0,0,0,0,1.48014,10,0,1,0,1,0,0,2.481096,-5,0,0.342651,0,1,0,0,0,0,0,0,0,0,1,3,0,0,0,0,0,0,-1,0,1,1,-1,0,0,0,0,0,0,0,0,1,0,0,0,-2,0,1,0,2,-2,0,0,-0.733333,0,-1,-0.697577,3,0,2,1,0,0,0,0,0,1,0,1
0,0,1,1,0,0,0,-0.714286,0,0,0,0,1,1,0,0,-0.53763,-1,0,1,1,1,0,0,0,0,2,0,0,0,0,2,2.85101,3,0,0,0,0,1,0,1.203472,0,0,-0.84744,0,0,0,0,0,0,0,0,0,0,0,-4,0,-2,0,-1,3,0,0,0,0,0,-3,0,0,-2,1,0,0,0,0,1,0,0,0,0,0,0,0,0,1,0,0,-0.258195,0,0,-0.477086,0,0,0,1,0,0,0,1,1,-2,0,1
0,0,0,0,-1,0,0,-0.571618,0,0,0,0,0,0,-2,0,-0.538462,1,1,0,0,-1,2,-3,0,-1,1,2,2,0,0,0,1.91194,1,-1,1,0,0,0,0,1.026489,0,1,-0.767488,0,0,0,0,1,0,1,0,0,0,0,2,0,1,2,0,1,2,0,-1,0,0,-1,0,0,0,0,0,1,1,0,0,0,0,0,0,0,0,0,0,1,1,1,-0.777778,0,0,-0.326838,2,0,0,0,0,1,-1,0,1,0,0,1
0,-4,1,1,0,0,0,-0.70209,-1,0,0,0,1,1,0,0,-0.671819,0,0,1,1,0,-1,-1,0,0,0,0,0,5,2,0,1.69478,6,1,0,0,-1,2,0,1.55882,0,0,-0.634337,0,0,0,0,0,0,0,0,0,0,0,-1,0,0,-1,0,0,0,0,0,0,0,-1,1,3,0,1,2,0,0,0,1,4,2,-1,0,-1,0,0,0,0,3,0,-0.489012,0,0,-0.474405,0,0,0,1,0,0,0,1,0,-1,0,1
0,2,0,1,0,-3,0,-0.058758,4,-1,1,0,-1,0,0,1,-0.647059,0,0,-1,0,1,0,0,0,0,0,0,0,2,1,-2,0.91429,5,0,1,0,2,0,0,3.017783,-1,0,-0.125815,-1,0,1,1,0,0,0,0,0,3,0,2,0,0,2,0,-1,0,0,0,1,2,0,0,0,0,0,0,1,0,0,0,-1,0,0,1,0,-1,0,0,0,0,0,-0.708947,0,-1,-0.793103,0,0,1,0,1,-1,1,0,0,-1,0,1
0,0,0,0,0,0,0,-0.872334,0,0,0,0,0,0,0,0,-0.372286,0,0,0,0,-3,0,0,0,0,0,-1,2,0,1,0,1.0505,4,0,0,0,0,0,0,1.6875,-2,0,-0.625,0,0,0,1,0,0,0,0,-2,2,-2,0,0,0,0,1,0,0,2,2,0,0,0,-1,0,-2,0,1,-1,0,0,0,0,0,0,0,0,0,0,0,0,0,0,-0.7,0,0,0.239886,2,0,0,0,1,0,1,2,0,2,0,1
0,0,0,0,0,-1,0,-0.58371,0,0,-2,0,-1,0,0,0,-0.58834,0,2,0,1,0,0,0,0,0,0,0,0,0,1,0,0.77009,3,-2,0,0,0,1,0,0.920844,-1,0,-0.619992,2,0,0,0,-1,0,0,0,0,1,0,-1,0,0,0,0,0,0,0,0,1,0,0,0,0,1,0,0,1,0,0,0,1,0,0,0,0,1,0,0,0,0,0,1.032692,0,0,-0.793103,0,0,0,0,1,0,-2,-1,0,0,0,1
0,0,0,0,0,0,2,-0.8,0,0,-3,1,-3,0,0,2,0.081117,0,0,1,0,0,0,0,0,1,0,-2,2,-4,-1,0,1.65437,17,0,0,0,1,0,0,0.25,0,0,5.929364,0,1,0,0,0,0,0,0,1,-2,2,0,0,1,1,0,0,-1,0,0,1,0,0,0,0,0,1,0,0,0,0,0,0,0,0,0,-1,1,0,0,0,0,-1,0.282334,1,0,-0.712681,1,0,-1,0,0,1,-1,-2,0,0,0,1
0,0,0,0,-1,-2,0,-0.291813,0,1,0,0,0,0,2,0,-0.370465,0,1,0,0,0,0,1,0,0,0,0,1,-2,0,0,0.90377,1,0,0,1,1,0,0,0.25,1,0,-0.625,1,1,0,0,0,0,0,-1,0,2,1,0,0,2,0,0,1,0,-1,2,0,0,0,0,1,0,1,1,2,-1,0,-2,0,0,0,0,0,0,0,0,-1,0,0,0.248547,0,0,-0.502462,-1,0,0,0,0,1,0,0,-3,1,0,1
0,0,0,0,0,1,0,-0.8,0,1,-2,0,0,1,0,0,-0.592653,0,1,0,0,0,0,0,0,-1,0,0,0,0,0,0,1.37316,1,0,0,0,1,0,0,0.201988,-4,0,0.000711,0,1,0,0,0,1,0,0,0,0,1,0,0,0,0,1,-1,0,1,2,0,0,0,0,0,0,1,-1,0,0,0,0,-1,0,0,0,0,2,0,0,1,0,0,-0.249338,-1,0,-0.625,2,0,3,-1,0,0,1,0,0,1,0,1
0,0,-1,0,1,3,0,-0.555215,0,-1,2,0,0,0,0,0,-0.698997,0,0,0,0,1,0,0,0,1,0,0,0,0,-1,0,1.74988,5,1,0,0,1,0,-1,1.080608,0,0,-0.780063,2,0,0,0,0,0,1,0,0,0,1,-1,0,0,0,0,0,0,0,0,0,0,-1,0,0,0,0,0,3,0,0,0,0,0,-2,0,0,0,0,1,-1,0,0,-0.697955,0,0,0.255411,0,-1,0,0,0,0,0,-1,0,3,1,1
0,1,0,0,1,2,1,-0.677938,0,0,0,0,0,0,1,0,-0.592927,0,0,1,0,3,0,0,0,1,0,0,0,1,2,0,2.34727,3,0,0,0,1,0,0,1.358228,2,0,1.752519,0,0,0,0,2,0,0,0,0,3,1,0,0,2,0,0,0,0,0,1,-1,0,0,0,0,0,1,0,0,0,0,0,0,0,0,1,0,0,0,0,0,0,0,-0.692308,0,0,-0.694992,0,0,0,0,0,1,0,3,0,1,1,1
0,1,1,1,1,1,1,-0.571429,1,0,0,0,1,1,-1,1,-0.057534,0,0,4,1,0,0,0,0,1,0,0,0,3,0,0,0.51787,7,0,1,0,1,0,0,1.096663,0,0,-0.731805,1,0,2,0,0,0,0,0,0,1,0,0,0,0,1,0,0,0,0,0,-1,1,0,1,0,0,-2,1,3,0,0,0,0,0,0,0,0,0,1,0,1,0,1,-0.561402,0,0,-0.741699,0,0,0,1,0,0,3,1,0,0,1,1
-1,-2,0,1,0,0,0,-0.533767,0,0,0,0,2,0,3,1,-0.604371,-1,0,1,0,0,0,2,0,1,0,0,0,0,0,0,1.45905,1,1,0,1,1,0,0,1.994719,1,0,-0.758263,0,0,0,0,2,0,0,0,1,-1,1,1,-1,0,3,0,0,0,0,0,0,0,0,0,2,0,0,0,0,0,0,0,0,0,1,0,0,0,0,-3,0,0,0,-0.751099,-1,-2,-0.723553,0,0,0,0,0,0,0,0,0,1,0,1
0,0,2,0,0,2,0,-0.713436,0,0,0,0,2,0,0,0,-0.770009,0,0,1,0,0,1,0,0,0,0,0,3,0,1,0,1.31898,0,0,-1,1,1,-2,0,1.695319,-1,0,-0.636382,0,0,0,0,0,0,0,0,0,0,0,0,1,0,0,0,0,0,-1,0,0,0,0,-2,2,0,0,0,0,0,0,0,0,2,0,0,0,0,-1,0,0,0,0,-0.425114,1,0,-0.770037,2,0,0,0,0,1,0,0,0,0,0,1
0,0,0,1,0,0,0,-0.672201,0,0,0,0,0,0,0,0,-0.581518,0,0,0,0,0,0,1,0,1,0,0,0,0,0,1,1.59288,1,0,0,0,0,0,0,0.476377,-1,1,-0.771912,0,0,0,-1,0,0,0,0,1,0,1,0,0,0,0,0,-1,0,1,0,-1,1,0,0,0,0,0,0,0,2,0,0,-1,0,0,2,-1,0,0,0,-1,0,0,-0.892222,0,0,-0.460479,0,0,0,0,0,1,0,0,0,0,0,1
0,0,0,1,0,0,0,-0.63478,0,-1,1,0,0,0,0,0,-0.694533,1,0,-1,1,0,1,0,0,0,0,0,0,0,1,0,1.06545,6,1,0,0,0,0,0,2.243537,0,0,-0.606226,0,0,0,0,-1,1,0,0,-1,1,0,0,-2,0,0,0,0,0,-1,0,-1,0,2,0,0,0,1,0,0,-1,-1,0,0,0,0,0,1,-1,0,0,0,0,0,0.441221,0,0,-0.157258,0,0,0,0,0,-3,0,0,0,0,1,1
0,1,-1,1,-1,0,0,-0.674175,0,0,1,0,0,0,0,0,-0.243676,1,0,2,0,0,0,0,0,0,-1,0,0,0,1,0,1.30339,5,0,0,0,0,0,0,2.288485,3,2,-0.73281,0,1,1,-1,2,1,0,0,-1,0,-1,0,0,0,0,0,0,0,-1,0,0,0,0,0,2,0,1,1,1,0,0,0,0,0,0,0,1,0,0,0,0,0,1,-0.343036,0,0,-0.896398,0,0,0,-2,-1,0,0,1,0,1,1,1
0,-1,0,0,0,0,0,-0.321958,0,0,1,-1,0,0,0,0,0.469649,0,0,0,1,0,1,-2,1,1,0,2,0,0,0,1,1.20513,5,0,-1,0,0,1,0,2.762004,4,0,-0.711601,0,-1,0,0,-1,1,0,0,0,1,0,0,0,0,0,0,0,0,0,0,0,0,0,0,0,0,1,1,0,0,0,0,-1,0,0,0,1,0,0,0,0,0,1,0.364736,0,1,-0.766644,0,0,0,0,0,0,0,0,0,0,1,1
0,0,0,2,1,0,0,-0.803279,0,0,0,0,-2,0,0,0,-0.744218,-1,0,-1,2,0,0,-2,0,0,0,2,0,0,0,-1,0.82113,4,0,0,-1,0,0,0,1.30635,0,0,-0.903607,0,1,0,0,0,0,0,0,0,1,1,0,0,-2,1,0,0,0,0,0,0,2,0,0,1,-1,0,0,1,-5,0,0,0,0,0,0,0,0,0,0,0,0,0,-0.540342,0,0,7.952734,0,1,-1,0,1,1,0,0,1,0,0,1
0,2,0,1,1,0,-1,-0.755473,-2,0,-1,0,-1,0,0,0,-0.411033,0,0,0,1,0,0,3,0,-1,-3,0,0,0,-2,0,0.62272,0,1,1,0,1,0,0,0.322391,1,2,-0.571429,0,1,0,0,2,0,0,0,0,0,0,0,0,1,1,0,0,0,0,0,0,0,3,0,1,0,0,0,0,0,4,1,-1,0,0,0,0,0,0,1,0,0,0,-0.625,-1,0,-0.453578,0,0,0,0,0,-1,0,0,1,0,0,1
0,3,0,0,0,0,-1,0.198009,0,0,0,0,2,1,0,0,-0.76,0,0,1,1,0,1,0,0,1,-1,0,0,0,3,1,0.55066,1,0,0,0,0,0,0,0.297621,-1,0,-0.360293,0,1,0,0,0,1,0,-2,0,0,0,-3,0,1,0,0,0,0,0,0,2,1,0,0,1,2,1,0,0,0,-2,0,-4,0,0,0,0,0,0,3,0,-1,0,-0.679105,-1,0,2.24324,0,0,-1,0,0,0,0,1,0,0,0,1
0,1,0,0,0,0,0,-0.748956,-1,-1,-1,0,0,0,0,1,-0.645757,0,0,0,4,0,-1,0,0,0,-2,0,1,2,5,1,1.0751,3,0,0,-2,1,0,0,0.945916,0,0,0.391249,2,-2,0,0,0,1,0,0,0,0,1,0,-3,1,-1,0,0,0,1,0,0,1,1,2,2,1,1,0,1,3,0,0,0,2,-1,1,0,0,0,0,0,0,0,-0.563052,0,0,-0.783557,0,0,0,0,0,0,0,0,0,2,0,1
0,0,0,-4,0,0,0,-0.727273,0,-1,0,0,0,1,0,1,-0.410867,0,0,-1,0,0,0,0,0,0,1,0,0,0,0,0,0.47387,5,0,0,0,1,1,-1,0.950132,-1,0,-0.551372,0,0,0,-1,0,1,1,0,0,0,1,0,-1,1,-3,2,0,0,1,0,0,4,1,2,0,1,1,5,1,2,0,0,0,0,0,0,0,0,0,0,0,0,0,-0.738215,0,1,-0.75697,-1,0,0,0,0,1,1,0,0,0,0,1
0,0,0,-1,0,1,1,0.478319,0,0,1,0,0,1,0,0,-0.498887,0,0,0,1,0,0,4,0,0,1,0,-3,1,1,0,0.65714,1,0,0,0,3,0,-1,1.017475,0,0,-0.236074,0,0,0,0,0,0,0,0,0,0,0,1,0,1,1,0,0,0,0,0,0,0,1,0,0,0,1,0,1,-1,0,0,0,0,0,1,0,0,0,3,0,0,0,-0.538462,0,3,-0.636443,2,0,0,0,0,2,0,1,1,0,0,1
0,0,-1,1,0,0,0,-0.540928,1,0,0,0,0,0,0,0,-0.619454,0,0,1,1,0,0,-2,0,-3,0,0,0,0,0,0,0.60005,9,0,-3,2,1,1,0,2.752243,0,0,-0.692718,0,0,0,-1,0,-2,0,0,0,0,0,0,0,1,0,-1,0,-2,1,2,-1,2,0,3,0,0,0,0,-2,0,1,0,-1,1,0,0,0,0,0,1,0,0,0,-0.336625,0,0,-0.598003,2,0,1,-1,1,0,0,0,0,0,0,1
0,0,0,0,0,-2,0,-0.815828,0,0,0,-1,0,0,0,1,-0.6,0,0,0,1,0,0,0,1,0,0,-1,0,0,0,0,0.90855,4,0,0,0,1,1,-1,0.785714,0,-1,-0.541079,1,0,0,0,0,0,0,0,-1,0,0,0,1,1,0,0,0,-1,0,-1,0,-1,0,0,0,-1,0,0,0,0,-1,0,0,1,0,0,0,0,0,0,0,1,0,-0.59766,0,0,-0.43946,-1,0,0,0,0,0,0,0,0,0,0,1
0,0,0,0,0,0,0,-0.712712,0,0,0,0,0,0,0,0,-0.523036,0,0,1,3,2,0,0,0,1,0,0,0,0,0,0,0.8142,1,1,0,0,0,0,0,0.816103,0,0,-0.571429,2,0,0,0,0,0,0,0,0,0,0,-2,0,1,0,0,0,0,1,0,3,0,0,0,0,0,0,-1,0,1,0,0,0,1,0,0,0,0,0,0,0,0,0,-0.51978,0,0,-0.529251,0,0,0,0,0,0,0,0,0,0,0,1
0,-2,0,1,0,0,-1,-0.559536,-1,0,2,0,0,0,0,0,-0.626098,0,0,0,0,-1,0,0,0,0,0,0,0,0,1,-1,0.94618,9,0,0,0,0,2,0,1.438792,2,0,-0.66078,0,0,0,0,0,0,0,1,0,0,2,1,1,0,0,0,1,0,0,-7,0,-1,0,0,3,-1,0,-1,0,0,0,0,0,0,0,0,0,0,0,0,0,0,0,-0.7,0,0,-0.425285,0,0,2,0,0,0,1,0,0,0,1,1
0,0,0,1,0,2,0,-0.392907,-1,0,0,0,0,0,0,0,-0.623709,-1,1,0,2,-1,0,0,0,0,1,0,0,2,0,0,1.02857,0,0,0,0,0,2,0,0.944111,1,0,-0.245738,0,0,0,0,0,0,1,0,0,-1,-2,-1,2,1,0,0,1,0,3,0,0,0,-1,0,0,-2,-1,0,0,0,0,0,0,0,0,0,0,0,0,5,1,-1,-2,-0.571731,0,1,-0.494812,0,0,0,-1,0,1,0,1,0,0,1,1
0,0,2,1,0,0,0,-0.734846,2,0,1,0,-1,0,0,0,-0.622679,0,0,0,0,0,0,2,0,-2,0,4,0,0,-1,0,1.01467,6,-2,0,0,-2,0,-1,0.687833,0,0,-0.671863,0,0,0,0,1,0,0,0,1,0,0,0,-1,0,0,0,1,0,0,0,0,0,0,2,2,0,0,1,0,0,2,0,0,0,0,0,1,0,0,0,0,0,0,-0.7,0,1,-0.506883,0,0,0,0,0,0,1,0,0,0,1,1
-1,-1,0,0,0,1,-1,-0.819084,1,1,0,0,0,0,0,0,-0.578646,0,0,0,0,0,0,0,1,0,0,0,0,0,0,0,0.74063,4,0,0,0,0,0,0,1.648286,0,0,-0.705785,-1,0,0,0,-1,0,0,0,0,0,0,0,0,0,2,2,0,1,0,0,0,0,0,-1,0,0,0,0,1,0,0,0,-3,1,0,0,0,1,0,0,0,-1,0,-0.407647,0,0,-0.760078,0,0,0,-1,0,1,0,0,1,1,1,1
0,0,0,0,0,-1,0,-0.669762,1,1,0,0,0,0,0,0,-0.73371,0,0,0,0,0,2,0,0,1,0,0,2,1,-1,1,1.19577,-7,0,0,1,0,0,0,1.460966,0,0,-0.111206,2,0,0,-1,0,0,0,0,0,0,0,0,0,0,0,0,0,0,0,0,0,1,0,0,0,0,-1,0,0,0,0,-1,0,1,0,1,0,1,0,0,0,0,0,-0.663601,0,0,-0.751347,0,0,0,0,0,0,2,0,0,0,1,1
0,-1,1,0,1,0,0,-0.647059,0,0,0,0,0,1,0,-3,-0.769231,0,0,1,0,0,-3,1,0,1,0,0,-2,0,0,0,1.76103,2,1,0,0,1,1,-1,1.243667,0,0,-0.742425,0,-2,0,0,0,0,0,0,2,-1,0,0,0,0,0,0,0,0,2,1,-1,1,0,0,0,0,0,-1,0,0,-1,0,-2,1,0,1,0,1,0,0,0,-1,0,-0.237278,1,0,-0.769231,0,1,0,0,0,0,0,-1,0,1,1,1
0,0,-4,0,0,0,0,-0.717995,0,0,0,0,0,0,-1,0,-0.744854,0,1,2,0,0,0,0,0,-2,-1,0,0,-1,0,0,1.03036,12,0,1,1,0,0,0,0.96407,0,0,-0.686463,0,0,0,0,0,0,0,0,0,0,-1,0,0,1,-1,0,0,0,0,0,2,1,1,0,2,0,1,-1,1,2,2,0,0,0,0,0,0,0,0,0,0,0,0,-0.840737,0,0,-0.736073,0,0,0,0,0,0,0,1,0,0,0,1
0,1,0,0,0,-1,0,-0.649322,-1,0,-3,0,2,1,-1,0,-0.857824,1,0,1,0,0,-1,0,0,0,0,0,2,1,-1,0,1.22857,1,0,0,2,0,0,0,0.976744,-2,0,-0.318758,1,0,0,0,0,0,0,0,0,2,0,0,3,0,0,-1,0,0,0,0,-2,0,1,0,0,0,0,0,0,2,0,0,0,2,0,0,0,0,0,0,0,1,0,-0.632862,0,0,-0.709517,0,0,0,0,0,0,0,0,1,1,0,1
0,0,0,0,0,-1,-1,-0.710116,0,1,0,0,0,-1,1,0,-0.568867,1,1,0,1,0,0,0,0,-1,0,-1,-1,1,0,0,1.23357,1,0,0,-2,0,-2,0,0.368442,0,0,-0.846584,0,0,0,0,0,0,0,0,0,0,0,1,0,-1,-1,0,-1,0,-2,0,0,1,1,0,0,1,0,0,0,3,2,0,0,3,0,-1,-1,2,0,0,0,0,0,-0.896436,-1,1,-0.69245,0,-1,0,0,0,0,0,0,0,0,0,1
0,1,2,0,0,0,1,-0.5885,1,0,0,1,-1,0,0,2,-0.657143,0,1,-3,0,0,0,0,0,2,0,1,0,0,0,-1,1.2492,2,0,0,-1,0,0,0,0.649123,2,1,-0.801007,1,0,0,0,-2,0,0,1,-1,1,0,0,0,0,3,1,-1,-1,0,0,0,0,0,1,-3,0,-1,0,1,0,0,0,0,0,0,1,0,-1,0,0,0,0,0,-0.568741,0,0,-0.822173,-1,-1,2,1,0,0,1,0,0,0,1,1
0,1,1,0,0,0,-1,-0.781335,0,-1,0,1,0,-2,0,0,-0.558968,0,0,0,0,-1,0,0,1,1,0,0,-1,-3,0,0,1.59675,3,0,0,0,0,0,-1,0.693055,0,0,-0.797354,0,0,-1,0,1,1,0,0,0,0,0,0,0,0,1,0,0,0,0,0,0,0,-1,1,0,1,0,2,1,0,0,0,0,0,1,0,-1,1,0,0,0,0,2,-0.63117,1,0,-0.707317,0,0,0,0,0,0,0,-1,0,0,1,1
0,1,2,1,0,1,1,-0.750546,1,-1,2,1,0,0,0,0,-0.671828,0,1,2,0,0,1,0,0,0,0,0,0,0,2,0,1.60846,2,2,0,0,0,0,0,0.970194,0,1,-0.810608,1,0,0,-1,0,0,0,1,0,-2,0,0,0,-1,5,1,0,0,0,0,0,0,0,1,0,1,0,0,1,0,0,0,0,0,0,0,0,1,0,0,0,0,0,-0.827575,0,0,-0.68186,0,0,0,-2,-3,0,1,0,0,1,1,1
0,5,3,0,0,-1,0,-0.696296,0,0,-2,0,0,0,0,0,-0.675676,0,1,2,0,0,0,0,0,3,0,0,0,0,1,0,1.11354,3,0,0,0,0,0,0,0.68117,0,0,-0.654662,0,1,0,0,-1,0,-1,0,0,0,1,0,1,-1,0,-4,0,0,-3,-1,0,1,1,0,-1,0,0,0,0,1,0,0,0,0,0,-1,-3,1,0,3,0,1,0,0.377138,0,0,-0.635538,0,0,0,0,1,0,0,3,0,0,0,1
0,0,2,0,0,1,0,-0.52,0,0,0,0,-3,0,0,0,-0.39473,1,1,0,0,3,0,2,0,0,1,0,-1,0,1,-1,1.28309,5,0,1,-1,1,0,0,1.81995,1,0,-0.632084,-1,1,0,0,0,0,0,0,1,0,1,0,0,0,0,0,0,0,0,-3,1,1,1,0,4,0,0,-1,1,0,-1,0,0,0,0,0,0,1,-1,-1,0,0,-1,-0.36563,0,0,-0.617896,0,0,-1,0,1,0,0,3,0,1,0,1
0,0,-1,0,0,0,0,-0.876484,-1,0,1,0,0,0,0,0,-0.71152,0,1,2,0,0,0,-2,0,0,0,-1,1,0,1,0,1.06758,0,1,0,0,1,0,0,1.802712,0,-1,-0.73757,-1,1,0,0,0,0,2,0,-1,2,0,1,0,0,0,0,0,0,2,0,0,1,2,0,0,0,1,0,1,0,1,0,0,0,0,0,0,1,0,0,0,0,0,-0.838911,0,-1,-0.515556,-4,0,1,0,0,0,0,0,3,2,0,1
0,0,0,0,1,0,0,-0.613314,0,0,0,0,0,0,0,1,3.875451,0,1,0,0,1,1,1,0,0,1,-1,-1,0,0,0,0.48928,7,0,0,0,0,0,0,1.341307,-1,-1,-0.830438,-2,0,0,0,0,0,0,0,0,2,-1,0,1,0,0,0,0,0,0,-1,0,0,0,0,-2,0,1,0,0,1,-1,0,0,0,0,0,0,-2,0,0,-1,0,0,-0.769632,0,0,-0.779122,1,0,0,0,0,0,0,0,0,0,0,1
0,0,0,0,0,-1,0,-0.633675,0,0,0,-1,0,0,2,4,0.186151,0,1,0,-1,0,-1,0,0,0,2,0,0,0,0,1,0.93608,2,0,0,0,1,0,0,0.911765,2,0,-0.421848,2,3,1,0,0,0,0,0,1,-1,1,0,0,0,0,0,0,0,0,0,1,0,0,0,0,-1,0,0,0,-1,0,0,0,0,0,0,0,0,1,0,0,0,0,-0.654265,0,0,-0.647886,-1,0,0,0,0,1,0,0,0,0,0,1
0,0,0,0,0,0,1,-0.643369,0,0,2,0,0,0,0,1,4.681193,0,1,0,0,0,2,-1,0,0,0,1,0,1,1,0,1.55836,5,0,0,0,3,-1,0,1.762371,0,0,-0.647059,0,0,0,0,0,1,0,1,1,0,0,0,0,-1,0,0,0,0,0,-2,0,-1,0,0,0,-1,1,0,-1,0,-1,0,0,0,0,0,1,0,0,-2,0,-1,1,-0.424735,0,0,-0.473052,1,0,1,0,1,-1,1,4,0,0,0,1
0,0,0,0,1,0,0,-0.660648,0,0,1,0,1,0,0,1,-0.668377,1,0,0,0,0,0,0,0,0,0,0,0,1,0,0,1.63531,6,1,0,0,-1,1,0,1.220287,0,0,-0.715707,-1,0,0,0,0,2,1,0,1,0,1,0,-1,0,0,1,0,1,0,0,0,0,0,0,0,2,0,0,1,0,2,1,0,0,0,0,0,0,0,0,0,3,0,-0.693009,0,1,-0.688344,0,0,-2,1,0,1,3,-1,0,1,1,1
0,0,0,0,0,0,0,-0.775909,0,0,0,0,0,0,0,0,1.06096,0,0,-2,0,0,0,1,0,0,0,0,1,2,0,0,1.14111,1,-1,0,0,0,0,0,2.007585,0,0,-0.435077,0,0,0,1,0,1,0,0,0,0,0,0,1,0,0,0,0,0,0,-1,0,0,0,2,0,0,0,0,1,0,0,0,0,1,0,0,0,0,0,-1,0,1,0,2.901777,0,0,-0.781818,0,0,1,0,0,1,0,0,0,0,1,1
-1,3,2,0,0,0,0,-0.698916,0,-4,1,-1,1,0,0,2,-0.622168,0,0,2,0,0,0,0,0,0,0,0,0,1,0,0,3.69619,1,0,1,0,-1,-1,0,1.61765,0,0,-0.067539,0,0,0,0,0,0,0,0,0,0,1,0,0,0,0,0,0,-2,-1,1,0,0,0,0,0,0,-1,0,1,0,0,1,-3,0,0,1,0,-1,0,0,0,0,-1,-0.82022,0,0,-0.927407,0,0,0,0,0,1,0,0,0,1,1,1
0,0,0,0,0,0,0,-0.720821,0,-1,-4,0,0,0,0,0,-0.766409,0,1,0,0,0,0,0,0,1,-1,0,0,0,0,0,0.9755,9,0,0,0,0,0,2,1.439163,0,-1,-0.522573,1,3,0,0,0,0,0,0,0,0,1,0,0,0,0,0,0,0,0,0,0,1,1,0,-1,0,0,0,-1,0,0,0,0,0,1,0,0,0,0,0,0,1,0,-0.304318,0,0,-0.667192,0,0,0,0,1,0,-2,-1,0,0,1,1
0,0,0,0,0,0,-1,-0.54175,0,0,-1,0,-1,0,-1,0,-0.811459,0,0,0,0,0,0,0,0,-1,0,0,0,0,0,0,0.97527,2,0,0,0,0,0,0,1.276045,0,1,-0.646255,0,0,0,0,1,1,0,-1,0,0,0,-2,0,0,0,0,0,0,-1,0,-2,0,0,0,-2,0,4,0,0,2,0,0,0,0,0,0,0,-1,0,0,-1,0,0,-0.537294,0,0,-0.481128,0,0,0,2,1,-1,0,0,2,0,1,1
0,0,0,0,0,0,3,1.582031,0,0,-1,0,1,0,-1,0,-0.858451,0,0,1,0,0,0,0,0,0,0,0,0,0,0,0,0.73068,2,0,-1,-1,0,0,0,1.182076,-1,-1,-0.807438,0,0,1,0,0,0,0,0,0,0,1,1,0,0,0,0,0,0,0,0,-1,0,0,0,0,-1,3,0,0,0,0,0,0,0,0,0,0,-1,0,0,0,1,0,-0.705605,0,0,-0.715567,0,0,0,0,0,0,0,-1,0,0,1,1
0,2,0,1,0,1,0,-0.888637,1,1,0,0,-1,0,0,1,-0.581056,0,0,0,4,0,0,0,0,0,0,0,0,0,0,0,1.17705,11,0,0,1,1,0,0,2.019055,0,0,-0.736241,0,1,0,0,1,0,0,0,0,0,0,0,0,0,0,0,0,0,-1,1,0,-1,0,0,0,0,0,4,0,0,0,0,2,0,0,0,0,1,0,1,0,0,0,-0.627181,0,0,-0.674341,2,0,0,-2,0,1,0,0,1,0,1,1
0,0,0,0,0,0,0,-0.78542,0,0,0,0,0,0,0,0,-0.695857,0,0,0,2,0,1,1,0,0,0,2,0,0,-3,0,0.99342,6,0,0,0,1,0,-1,1.470703,0,0,-0.656899,0,0,0,0,1,-1,0,-2,0,-3,-1,0,0,0,0,0,0,0,2,0,0,0,-1,-1,0,1,-1,0,2,0,0,0,0,0,2,0,0,0,0,1,0,0,-1,-0.479963,0,0,-0.496725,3,0,0,0,0,0,-1,1,1,0,1,1
0,1,0,0,0,0,2,-0.785714,0,0,-1,0,0,1,0,1,-0.581663,0,0,0,0,0,-1,1,0,0,0,0,0,2,0,0,1.53688,10,0,0,0,2,2,0,1.41667,0,1,-0.871037,0,0,0,0,0,0,0,0,0,0,0,1,0,0,0,0,0,0,0,0,0,0,1,0,0,0,0,0,1,0,0,0,2,2,1,-1,1,1,0,1,0,0,0,-0.807895,0,1,-0.829299,0,0,2,0,0,1,0,0,0,-2,1,1
1,0,0,0,-1,0,0,-0.511348,0,0,1,0,1,0,1,0,-0.736738,1,0,0,0,0,2,0,0,0,0,0,2,0,0,0,1.09327,4,0,1,0,0,0,0,1.357802,2,0,-0.806452,0,0,0,-2,0,-1,2,0,1,0,2,0,0,1,1,0,0,-1,0,0,1,-2,0,0,0,1,-2,1,0,0,0,0,0,1,0,0,0,0,0,0,0,1,1,-0.621074,0,1,7.68966,-1,0,0,1,0,0,0,2,0,1,0,1
0,-1,0,0,0,0,0,-0.060137,1,0,0,0,0,0,0,1,-0.578588,0,-1,0,0,0,0,0,0,0,0,-1,-1,1,0,1,1.79776,6,0,1,0,1,0,0,1.204985,0,0,-0.696493,0,0,0,0,0,0,1,0,0,-1,0,2,1,1,0,1,0,0,0,0,0,0,1,0,0,2,0,0,0,0,0,0,0,0,0,0,0,0,0,0,0,1,0,-0.73913,1,1,7.68966,2,0,3,0,0,0,1,0,0,6,0,1
0,-1,0,1,0,0,0,0.000464,1,0,0,2,0,0,0,0,-0.743458,0,0,0,0,0,0,0,-1,0,0,0,0,1,0,0,1.77216,3,0,1,2,0,0,0,0.890818,0,1,-0.813053,-1,0,2,0,0,-1,0,0,0,0,-1,0,1,0,0,1,0,0,0,-1,-1,0,0,0,0,-3,0,0,-1,0,0,0,0,0,-1,0,0,0,0,0,0,1,0,-0.73913,0,0,1.432932,0,0,-3,0,0,-1,0,0,0,2,0,1
0,0,0,0,0,3,0,-0.538462,0,0,0,0,0,-1,-2,0,-0.721521,0,1,0,1,0,0,0,-1,0,0,2,0,0,0,0,1.48571,3,2,0,0,0,0,0,1.498353,0,0,0.260441,0,1,0,0,0,0,0,0,0,-1,0,0,0,0,0,0,0,0,0,1,0,2,-1,0,0,0,0,0,1,0,0,0,1,0,0,-1,0,0,0,1,0,-1,0,-0.571429,0,0,-0.648788,0,0,2,0,0,1,0,1,0,2,1,1
-2,-1,0,0,1,2,0,-0.253508,0,0,0,0,0,1,0,3,-0.454545,-1,0,1,1,0,0,-1,0,0,0,2,0,2,0,0,1.39114,0,0,-1,0,1,0,0,0.884615,0,-1,-0.559682,0,0,0,0,0,0,0,0,0,6,0,0,-3,0,2,0,0,0,0,0,0,3,0,0,2,0,0,0,1,0,0,1,0,0,1,0,0,0,0,0,0,2,0,-0.747402,0,1,-0.566895,0,1,0,0,0,1,0,1,0,-1,1,1
0,0,0,0,0,0,0,-0.538462,0,0,0,0,-1,0,0,0,-0.454545,0,0,3,0,-1,3,1,0,1,0,0,0,0,0,1,3.04685,0,0,0,0,0,0,0,0.506677,0,-1,-0.39162,1,1,-1,0,0,0,0,0,0,0,0,0,0,0,-3,0,0,0,0,1,0,-2,-1,0,2,0,-1,0,1,0,2,0,0,0,1,0,-1,1,0,0,0,-1,1,-0.49351,0,0,-0.302779,0,0,0,0,0,1,-2,1,0,0,1,1
0,0,0,2,0,0,0,-0.718234,0,0,0,0,3,0,0,0,-0.74405,0,0,1,0,0,0,-1,0,1,0,2,0,0,-3,0,0.90835,5,0,0,2,-1,0,0,2.742804,0,0,-0.552584,0,1,0,0,-1,0,-1,0,-1,1,5,0,3,0,0,0,0,0,0,6,0,3,0,2,0,0,0,0,0,0,0,1,0,0,-1,1,0,0,1,0,0,0,0,0.361982,0,0,-0.432846,0,0,5,0,0,0,-1,1,0,0,1,1
0,0,0,0,0,0,0,-0.806452,0,0,0,0,0,0,3,0,-0.697935,0,0,1,1,-1,1,0,1,1,-1,0,0,0,0,0,0.92783,2,0,0,1,0,0,0,2.600402,3,0,-0.623652,0,0,0,0,0,0,0,0,1,0,0,0,0,1,-1,1,0,-2,2,0,1,-2,1,0,0,0,2,0,0,0,0,0,0,0,0,0,1,0,0,0,0,0,0,-0.592533,0,0,-0.548824,0,0,0,0,1,0,0,2,-3,0,1,1
0,0,1,0,0,0,0,-0.826417,0,0,-1,0,0,1,0,0,-0.787445,0,1,0,0,0,0,0,0,0,0,0,0,-1,0,0,0.85714,8,0,0,0,0,0,0,0.801274,2,0,-0.8464,0,0,0,0,0,0,0,0,1,0,1,0,3,4,-1,0,0,1,1,0,1,0,0,0,2,-1,1,0,-2,3,0,0,4,3,0,0,0,0,1,0,0,0,2,-0.72101,-1,3,-0.525396,0,0,0,0,0,4,0,1,0,0,1,1
0,0,1,-1,0,0,0,-0.630157,0,0,0,0,0,1,-1,0,-0.770901,0,0,0,0,0,0,0,1,0,0,0,0,1,1,0,1.55973,1,1,0,1,1,0,0,0.46869,0,0,-0.816108,0,0,-1,0,0,0,0,1,0,1,0,-4,0,0,1,0,0,0,0,0,1,2,0,0,0,0,0,0,0,1,0,1,0,0,0,1,0,0,0,0,0,-1,0,-0.428571,0,0,-0.542578,0,0,0,0,-2,0,-1,1,0,2,0,1
0,0,0,1,0,-1,0,-0.60657,0,0,0,0,0,1,0,0,-0.73913,0,0,0,1,0,0,0,-1,0,0,0,1,1,0,0,0.9806,11,1,0,1,1,0,0,0.656022,0,1,-0.815364,0,0,-2,0,3,1,0,0,0,0,0,0,-1,2,1,0,-1,0,-1,0,0,0,0,0,0,0,0,0,1,0,-1,0,-1,0,0,0,0,0,1,0,0,0,0,-0.687033,0,0,-0.571429,1,0,0,0,0,0,0,1,0,0,0,1
0,0,0,0,0,0,1,-0.353817,0,0,0,0,0,0,-1,0,-0.769968,0,1,1,4,0,0,0,0,1,0,3,-4,0,0,0,0.59607,2,1,0,0,2,0,0,0.481481,-2,1,0.032824,1,0,0,0,-1,0,0,0,0,0,1,0,0,-1,1,0,0,0,-1,-1,0,2,-1,3,-1,0,-1,0,0,0,0,0,0,0,0,0,0,0,0,1,0,-3,1,0.614698,0,-1,-0.350215,2,0,-1,0,0,0,0,-1,0,0,0,1
-1,4,1,0,0,0,1,-0.879368,-1,0,0,0,0,0,0,-1,-0.36266,0,0,-1,0,-1,0,0,0,0,0,0,0,0,0,0,0.50307,5,1,0,0,0,1,0,0.222222,1,0,-0.624331,-1,0,0,1,0,-1,0,-3,0,1,0,0,2,0,0,1,0,0,0,0,0,0,-3,-1,-2,1,2,0,0,0,0,0,3,1,0,0,0,0,0,0,0,1,0,-0.692308,0,0,-0.45844,0,0,2,0,0,0,0,0,0,0,0,1
0,0,0,1,0,0,0,1.003643,0,0,2,0,0,0,0,-1,-0.392542,0,-1,-2,0,0,0,0,0,0,0,0,0,0,0,1,0.69449,2,0,0,0,0,0,0,0.187254,0,0,-0.480002,0,1,0,0,-1,0,0,0,0,0,-2,6,1,0,1,0,0,0,0,-1,0,0,0,0,1,0,0,1,0,0,0,0,0,-3,0,0,0,3,0,2,0,-1,0,0.156774,0,0,-0.288145,-1,0,2,0,0,0,0,0,0,0,0,1
0,2,-2,0,0,0,2,-0.842105,0,3,0,0,0,0,0,0,-0.27775,0,0,-1,-2,0,1,1,0,0,-3,0,1,0,1,0,0.69713,4,1,1,0,0,0,0,0.222222,0,-1,-0.602057,1,0,0,0,0,0,0,0,-1,0,2,0,0,0,0,3,0,0,0,1,0,1,0,0,0,-1,0,1,1,0,0,0,0,0,0,0,0,0,0,-2,0,0,0,-0.673976,0,-1,-0.305325,0,0,-1,0,1,0,0,0,0,0,0,1
0,-1,0,0,0,0,0,0.12943,1,0,0,1,0,0,0,1,-0.043283,0,0,0,1,0,0,2,0,-1,1,0,0,0,0,0,1.03131,0,0,0,0,2,1,0,1.58696,0,0,-0.722435,0,0,0,3,0,0,0,0,-1,0,-1,0,0,1,0,0,0,0,0,0,0,1,0,1,0,1,0,0,0,0,0,0,0,0,0,0,-2,0,0,0,0,0,3,0.091451,1,0,-0.641654,2,-2,0,0,0,0,0,0,-1,1,0,1
0,0,0,-3,0,3,0,-0.664579,0,0,0,0,0,0,0,1,-0.607524,-1,0,2,1,0,0,0,0,-1,0,0,0,0,1,0,0.48195,3,0,0,0,0,0,0,1.86787,0,0,-0.633937,0,0,0,0,0,0,-1,0,0,0,-1,1,-2,0,0,-2,1,1,0,0,0,0,0,0,2,-1,0,2,0,0,0,-1,0,0,1,0,0,0,0,0,0,0,0,-0.753636,0,0,-0.320563,0,0,0,0,0,3,0,1,1,0,0,1
1,0,0,0,0,2,3,-0.247642,0,0,0,0,-1,0,1,1,-0.854504,0,0,0,1,-1,0,3,0,0,0,0,0,0,1,0,0.84413,9,0,0,-1,0,0,0,1.019743,0,0,-0.631013,-2,0,0,0,0,1,0,0,0,0,0,1,0,0,-1,0,0,0,0,0,0,0,-1,1,-2,0,0,0,0,0,2,0,0,2,1,0,0,1,0,0,0,2,0,-0.6883,0,0,-0.571963,3,0,3,-1,0,0,0,1,1,0,0,1
0,0,1,3,0,2,-1,-0.656907,0,0,0,0,0,0,1,0,-0.233779,0,0,0,0,1,1,0,0,0,1,-1,0,-1,-3,0,1.49466,2,0,1,0,1,0,0,1.344175,0,-1,-0.76242,2,0,0,0,-1,0,0,1,0,0,0,3,2,0,0,0,0,0,0,0,0,0,0,0,3,0,3,0,0,-1,0,0,0,3,0,0,0,0,1,1,1,0,0,-0.735292,1,0,-0.705428,0,0,3,0,1,0,0,2,0,1,1,1
1,-1,-1,0,0,3,-1,-0.585536,0,-2,-3,0,0,-2,0,0,-0.636508,0,0,0,0,1,-2,0,0,0,0,0,0,-2,0,2,1.24199,12,0,0,0,1,0,0,1.379342,0,0,-0.773792,-1,0,0,0,-1,0,0,0,1,0,0,0,-1,0,0,2,0,-1,-1,0,0,0,0,0,2,0,1,0,0,1,2,0,0,0,1,0,0,0,0,0,0,-1,0,-0.764857,0,0,-0.737034,0,0,0,0,1,0,0,0,1,-1,1,1
0,0,0,0,0,0,0,-0.648728,0,0,0,0,0,0,1,0,-0.618765,0,0,0,0,0,0,2,1,0,0,2,0,2,0,0,1.08351,3,0,-1,-1,1,0,0,1.200608,1,0,-0.764189,-1,-1,0,0,0,0,0,0,0,0,0,0,0,0,0,0,0,0,3,0,0,0,0,0,0,0,0,0,0,0,-3,0,0,0,1,-1,0,0,0,1,-1,0,0,-0.867208,0,0,-0.7209,-1,0,2,0,1,1,-3,0,0,0,1,1
0,1,0,-1,0,0,0,-0.72534,0,0,0,0,1,0,-1,1,-0.627983,1,0,0,4,0,0,0,0,1,0,0,-1,0,0,0,1.2354,0,1,0,1,-1,0,0,2.422964,0,-1,-0.520211,-3,0,0,1,0,0,0,1,0,0,1,0,0,0,-1,-1,0,0,1,1,0,1,1,0,0,0,-3,0,0,0,3,0,1,0,0,1,0,0,-1,0,0,0,-1,-0.345287,-1,0,-0.926182,0,0,0,0,0,1,0,0,0,0,0,1
0,-1,0,0,0,1,0,-0.660051,1,-2,0,0,-1,2,1,0,-0.681025,0,-1,0,-5,1,1,0,1,0,0,0,-1,1,0,0,0.68571,0,0,0,0,0,-2,0,1.22072,2,0,0.214903,0,-2,0,0,0,0,0,0,1,0,0,3,0,0,0,0,0,1,1,1,2,1,1,-4,0,-1,1,4,0,0,0,0,0,0,0,0,0,0,0,0,0,0,0,-0.776211,0,-1,0.564629,0,0,0,1,0,0,0,0,4,2,0,1
-1,0,0,-2,0,0,0,-0.695221,1,0,0,0,0,0,0,0,-0.728063,0,0,-1,5,0,0,-1,-1,0,0,0,-1,1,-2,0,0.68571,3,0,0,-1,3,2,0,3.177595,1,0,-0.5,1,0,-2,0,0,0,0,0,0,3,0,0,-4,0,1,0,0,0,0,1,-1,1,0,0,0,0,-1,0,1,0,0,0,1,0,0,1,0,0,0,0,0,0,0,-0.581502,0,0,-0.745592,2,0,0,0,1,0,0,0,-1,0,0,1
1,0,0,1,0,1,0,-0.777778,0,1,1,-1,0,0,0,0,-0.759516,0,0,0,0,0,2,0,0,0,-1,0,3,2,-2,1,0.78754,8,0,0,1,3,-2,1,1.083578,0,1,-0.835668,1,0,0,0,1,0,0,0,0,1,0,0,0,-3,0,2,-1,1,0,2,0,0,1,1,0,0,0,1,1,0,-1,0,-1,1,0,0,0,0,0,1,0,0,0,-0.571429,0,0,0.098636,0,0,0,0,0,0,0,0,0,0,1,1
0,0,0,0,0,0,0,-0.812779,0,0,0,0,-2,0,1,1,-0.745398,-4,0,1,4,0,0,-2,0,0,0,0,-1,0,1,0,0.77895,6,0,0,0,0,0,0,0.999645,0,0,-0.732046,0,0,0,0,1,0,0,0,-1,0,1,0,1,0,0,0,0,0,0,-1,0,1,1,0,0,0,0,0,0,0,0,0,1,0,0,2,0,-1,0,1,0,1,0,-0.428747,0,1,0.110512,0,1,0,0,0,0,0,0,0,0,1,1
0,0,0,-1,0,0,0,-0.492814,0,0,2,0,0,0,1,-1,-0.774642,0,0,1,0,0,0,0,0,0,0,0,2,0,1,2,0.91429,5,0,0,0,0,0,0,0.35676,0,0,-0.803175,0,0,0,0,1,0,0,0,0,3,1,0,1,-1,-2,0,1,1,0,0,2,1,1,0,0,0,0,2,3,0,0,0,1,0,0,0,0,0,0,1,0,1,0,-0.545629,0,1,-0.496652,2,0,0,0,0,0,0,0,0,0,1,1
0,1,0,1,0,0,3,-0.822678,0,0,0,0,1,0,3,0,3.850786,1,0,0,1,1,0,0,0,0,0,0,0,0,-1,0,2.65522,6,0,0,0,1,0,1,1.104713,0,3,-0.818182,0,0,0,0,-1,1,1,0,0,0,0,0,0,0,-1,0,0,0,0,1,0,0,1,1,0,1,0,0,4,0,0,0,0,1,0,0,0,0,-1,1,0,2,1,-0.776264,0,0,-0.610749,0,0,-1,0,0,0,0,0,0,0,1,1
0,0,0,1,2,0,0,-0.671264,0,0,2,0,0,0,1,0,-0.389064,0,0,0,0,-1,0,0,0,0,0,0,0,1,0,0,2.28534,11,0,0,0,0,0,1,0.186885,0,-1,-0.371847,0,0,2,0,0,1,1,-1,0,0,0,0,0,0,0,0,-1,0,0,1,0,0,1,1,0,0,0,-1,1,0,3,0,2,0,0,2,0,0,0,0,0,0,0,-0.570118,0,0,-0.705836,0,1,0,0,-1,0,0,1,0,-1,1,1
0,0,0,0,0,0,0,-0.763623,0,0,0,0,0,-1,0,0,-0.798122,1,0,0,2,0,0,0,1,0,0,2,0,0,0,0,2.3397,5,0,0,1,2,-1,1,1.224324,0,1,-0.767895,0,0,-1,0,1,0,0,-2,0,-2,0,0,0,0,0,0,-2,0,0,1,-1,0,2,2,-2,1,0,0,0,0,0,0,0,0,0,0,0,0,0,0,0,0,0,-0.689352,0,1,-0.839706,0,0,0,0,0,3,0,0,-1,0,1,1
0,0,0,1,0,0,1,-0.52,0,0,1,0,2,-1,1,1,0.300982,1,0,0,0,-1,0,0,0,0,0,0,0,0,0,0,0.66145,0,0,0,1,0,0,0,1.083219,0,0,-0.326182,0,0,0,0,0,0,1,0,0,0,0,0,2,0,0,0,0,0,0,0,1,0,0,0,0,0,0,0,0,0,0,0,1,-1,1,0,0,0,0,0,1,0,0,-0.600471,0,0,-0.446339,0,0,0,0,0,0,0,-1,0,1,0,1
0,0,0,0,0,0,0,-0.52,0,0,0,0,0,-1,0,2,-0.820092,0,0,0,2,0,-1,0,1,0,0,0,-1,0,0,0,0.57244,0,0,0,-1,0,2,0,2.166613,-1,0,-0.244935,1,0,0,0,-1,0,-1,0,0,0,0,0,1,0,0,0,0,0,0,-1,1,0,0,-1,3,0,-1,-1,0,0,0,-1,0,-1,1,1,0,0,0,0,0,0,0,-0.568625,0,0,0.041159,2,-2,0,0,0,0,0,0,1,0,0,1
0,2,-1,1,0,0,0,-0.52,1,0,0,0,0,0,3,0,-0.700446,0,0,1,0,0,0,0,1,-1,0,3,-2,0,0,1,1.28492,0,0,0,0,0,0,0,2.086631,0,0,-0.612903,0,0,-2,1,0,0,0,2,1,0,1,0,0,-2,-1,0,0,0,0,1,0,0,1,0,0,0,0,1,0,0,0,0,0,0,0,1,0,0,0,0,0,0,0,-0.440783,0,0,-0.789075,0,0,-1,0,-1,0,0,0,1,0,0,1
0,0,0,0,0,0,0,-0.604373,3,0,0,1,0,0,2,0,-0.768467,0,0,1,1,0,2,0,0,1,0,0,-1,0,0,0,1.02096,9,0,0,0,2,-1,0,1.390271,0,0,-0.838126,0,0,0,0,0,0,0,0,0,-1,0,0,0,1,0,0,3,0,3,0,0,0,0,-4,0,1,-1,0,0,0,0,0,2,0,0,1,0,1,0,1,0,0,0,-0.546411,0,0,-0.822577,0,0,0,0,0,0,2,0,0,1,0,1
0,1,0,1,0,2,0,-0.577165,0,0,0,0,0,-2,2,0,-0.81799,0,0,2,1,0,0,1,0,0,0,0,0,0,0,1,1.83102,4,0,0,-1,0,0,0,2.469003,0,0,-0.777778,0,0,0,1,-1,0,0,1,0,0,0,0,1,0,-1,0,0,0,0,0,1,0,-2,0,0,-1,0,1,0,0,0,0,0,0,0,1,-1,0,0,1,0,-1,0,-0.555556,0,0,-0.643533,0,0,0,0,0,0,2,1,1,0,0,1
0,-1,1,0,0,1,0,-0.871969,0,0,0,1,1,-1,1,-1,-0.544568,1,0,2,0,0,0,0,0,1,0,1,0,1,2,0,1.07412,9,0,0,0,1,1,0,1.652483,3,0,-0.797238,0,0,0,0,0,0,0,0,1,-2,0,4,0,1,0,0,0,0,0,0,0,-1,0,0,1,1,0,0,0,2,0,0,0,1,0,1,-2,0,0,0,1,-1,0,-0.706215,0,0,-0.694871,1,0,4,0,0,0,0,1,0,0,0,1
0,0,0,-2,0,2,0,-0.553044,0,0,1,0,0,-1,0,0,-0.660034,0,-1,-1,1,-1,0,0,0,0,0,0,0,0,-2,0,0.82238,0,0,0,0,1,-1,0,0.480968,2,0,-0.764128,2,0,0,1,-2,0,0,0,0,0,0,0,1,0,0,-3,0,0,0,0,0,0,0,0,0,-1,0,0,0,0,0,0,0,0,0,1,0,0,0,0,0,0,0,-0.583129,0,0,-0.594581,-1,0,0,0,0,0,0,0,0,0,0,1
0,0,2,0,0,0,3,-0.494115,0,0,-1,0,0,-2,0,0,-0.744573,0,1,1,1,0,0,0,0,-1,0,3,0,0,-2,0,1.41048,1,0,0,-1,1,-2,-1,0.438507,0,2,-0.797415,-1,0,0,0,0,0,0,0,0,0,0,-1,-1,0,-1,0,-1,1,0,1,0,0,0,-1,6,0,0,0,0,0,0,0,0,0,0,-1,0,3,0,0,0,0,0,-0.538462,0,0,-0.735192,0,0,0,0,0,0,-1,0,1,0,0,1
0,0,0,0,1,0,0,-0.894589,0,0,0,0,0,0,4,0,-0.842765,0,0,2,1,0,0,0,0,0,0,0,0,2,0,0,1.58795,1,0,0,2,-2,1,0,1.651198,0,0,-0.632306,0,0,1,0,0,0,0,0,0,0,0,0,0,0,0,0,1,0,0,2,3,-1,0,-1,0,0,0,-1,0,0,0,0,0,2,0,-1,0,0,1,0,0,0,0,-0.095965,0,0,-0.610791,0,0,0,1,0,0,0,0,2,1,0,1
0,0,3,1,0,0,0,-0.674489,1,0,0,0,0,0,0,0,-0.636364,0,0,0,0,0,0,0,0,0,0,0,3,0,0,0,1.02857,1,0,0,0,-1,0,0,1.66667,0,0,-0.561908,0,-1,-1,0,3,0,0,0,0,0,1,3,0,1,0,0,0,0,0,0,0,1,0,0,0,0,0,1,0,0,0,0,1,0,0,1,0,0,-1,0,0,0,1,-0.011391,0,0,-0.87264,0,0,0,0,-1,0,0,0,0,2,1,1
0,0,0,0,0,0,1,-0.59479,0,0,1,0,-1,-1,-1,-2,-0.640338,1,0,0,0,0,0,0,0,0,0,0,2,0,0,0,0.97052,7,0,1,1,0,0,0,2.448198,0,0,-0.594673,1,0,0,0,0,0,0,0,-1,0,1,0,0,0,1,0,0,0,1,1,0,1,0,0,0,0,0,0,0,0,0,-1,0,1,1,0,0,0,0,1,0,0,-2,-0.52,0,0,-0.822563,4,0,0,0,0,-1,0,1,0,-1,1,1
0,-1,0,-1,1,-1,0,-0.752012,1,0,1,0,1,-7,0,0,-0.665173,0,0,0,3,0,1,-1,0,0,0,0,0,0,0,0,1.02134,1,0,1,1,2,2,0,2.013289,0,0,-0.675436,2,1,0,0,0,0,0,0,0,0,1,0,2,0,1,0,0,0,-1,1,0,1,0,0,0,1,0,0,0,0,0,0,1,2,0,0,0,2,1,0,0,0,0,-0.371503,0,0,-0.103311,0,0,0,0,-1,-1,0,0,1,1,1,1
0,0,0,-1,0,6,0,-0.684211,0,0,-1,0,0,1,0,0,0.423347,0,0,0,-3,0,0,0,1,0,0,0,0,0,1,0,1.63348,4,0,0,0,1,0,0,1.759401,0,1,-0.510191,0,0,0,0,0,0,0,0,1,0,1,1,0,0,0,0,0,0,0,1,0,0,0,0,2,0,0,0,1,0,0,0,0,0,0,0,0,0,0,-1,0,0,0,-0.59508,1,0,-0.275964,0,1,3,0,-2,-1,1,0,0,0,1,1
0,0,0,0,0,-1,0,-0.684211,0,1,-1,0,0,1,-1,0,-0.619337,0,0,0,-2,0,0,0,0,0,0,0,2,0,0,0,0.80418,0,0,0,1,1,0,1,1.525659,0,0,-0.656581,1,0,0,2,0,0,0,0,0,-1,0,1,0,0,0,0,0,0,0,-1,-1,1,2,0,0,0,0,0,0,0,0,0,-1,0,0,0,0,1,0,0,0,0,1,-0.589805,0,0,-0.885272,0,0,0,0,0,0,0,0,2,1,1,1
0,0,-1,0,1,0,0,-0.680711,0,0,-1,0,0,0,0,0,1.37867,0,0,0,0,0,-1,0,1,0,0,0,0,0,0,0,2.23353,5,0,0,3,1,0,0,1.826104,-1,0,0.404354,0,-1,0,0,0,0,0,0,0,0,1,0,0,0,3,-1,0,0,0,-4,0,0,1,0,0,1,0,0,1,0,0,0,0,0,0,1,-1,0,0,-2,0,1,0,-0.636335,0,0,-0.927191,0,0,0,0,0,0,0,-1,0,0,1,1
0,0,0,0,0,-2,2,-0.774101,0,0,0,0,0,0,0,0,-0.747354,0,0,0,0,0,0,2,0,0,0,0,2,0,1,1,1.2802,4,0,0,0,-1,0,0,0.981818,0,-1,-0.722384,0,0,0,0,0,0,0,0,0,-1,0,1,0,1,0,0,0,-1,-1,0,0,0,0,0,1,0,0,-2,1,0,3,0,0,2,0,0,0,0,0,-1,0,0,0,-0.52,-1,0,-0.791027,0,0,0,0,0,0,0,0,0,0,0,1
0,0,0,-1,0,1,0,-0.744681,-2,0,0,0,0,0,-2,2,-0.637172,0,1,0,0,0,-1,0,0,1,0,0,0,0,1,0,1.41818,6,0,0,0,0,-1,0,2.031803,0,0,-0.768989,1,0,0,0,0,2,0,0,0,0,0,1,2,0,0,0,0,0,3,-1,-1,0,0,0,1,0,-1,0,1,0,0,0,0,0,0,0,0,0,-1,0,0,2,0,-0.474638,0,0,-0.82858,0,0,2,2,0,-2,0,0,0,0,0,1
0,0,0,1,0,0,0,-0.788655,0,0,0,0,0,0,2,0,-0.702428,2,0,0,0,0,-2,0,0,0,0,2,0,1,0,0,1.8111,5,0,0,0,0,0,0,0.840499,0,-1,-0.712946,0,1,0,0,0,0,0,0,0,0,0,1,0,0,3,1,0,-1,0,0,1,0,0,0,1,4,0,1,0,-1,0,0,1,0,0,1,0,0,0,-1,0,0,2,0.204368,0,0,-0.893139,0,0,0,1,0,0,0,0,0,0,0,1
0,0,0,0,0,0,0,-0.53599,0,0,0,0,0,0,-1,0,0.141155,0,0,0,1,0,0,0,1,1,0,0,0,0,0,1,1.2104,6,0,2,0,-1,0,0,1.232739,0,0,-0.692446,0,0,0,0,0,0,0,0,-1,-1,0,-2,-1,-1,-1,0,0,0,0,0,-1,0,-3,0,0,0,2,0,1,0,0,0,2,0,0,0,0,0,0,0,0,1,0,-0.540307,0,0,-0.425345,0,0,0,0,2,1,0,1,1,0,1,1
-1,-1,0,0,0,0,0,-0.203759,1,0,1,0,0,1,-1,1,0.053472,0,0,1,0,0,0,2,0,-1,1,3,0,0,0,0,1.19674,10,0,0,0,0,0,0,1.23083,0,1,-0.758496,0,0,1,0,2,0,0,0,0,0,0,0,1,0,0,0,0,0,0,2,0,0,0,1,0,0,1,1,0,0,2,0,2,0,0,-1,0,0,0,-1,0,1,-3,-0.665582,0,0,-0.053109,0,1,0,0,-1,0,0,1,0,1,1,1
0,0,0,0,0,0,0,-0.417999,-2,0,0,0,0,0,0,1,-0.69066,0,0,1,0,1,0,0,0,-1,1,0,0,2,0,-1,1.13293,3,0,-1,0,0,0,0,0.234182,0,0,-0.633729,0,2,0,0,0,0,0,0,0,0,0,0,1,-1,0,0,0,0,0,0,3,2,0,2,0,0,1,0,0,0,0,0,0,0,0,0,0,0,0,1,0,1,0,-0.711856,0,0,10.440589,0,0,0,0,0,-1,0,1,2,1,1,1
0,-2,2,0,0,0,0,-0.52742,-2,0,2,-1,0,0,0,1,-0.455448,0,0,0,0,0,0,0,0,0,0,0,0,4,0,0,3.36152,0,0,1,0,0,0,0,1.304157,0,0,-0.532591,1,1,0,0,0,0,0,0,0,0,1,0,0,0,0,-1,0,0,0,1,1,0,0,0,0,0,0,0,0,0,0,0,1,1,0,0,0,0,-1,0,1,1,0,-0.714504,0,1,-0.780014,0,0,0,0,0,1,1,-1,0,0,1,1
0,0,0,0,0,0,0,-0.516848,0,0,4,0,0,-1,0,0,-0.454545,0,0,0,1,0,0,-1,0,0,0,2,0,0,0,0,1.42376,2,0,0,0,0,0,0,1.601058,0,0,-0.358109,0,0,0,0,1,0,0,0,0,0,0,0,0,0,0,0,0,0,1,0,0,0,2,0,0,0,0,0,0,0,0,0,0,2,1,0,0,-1,0,1,0,0,1,-0.275597,0,1,-0.792886,0,0,0,0,1,1,0,0,-2,3,1,1
0,1,0,0,0,0,0,-0.371195,0,0,0,-1,0,0,0,0,0.365811,0,0,0,0,1,1,-1,0,0,0,0,1,3,0,0,2.6609,13,0,0,0,0,0,0,3.319038,0,0,-0.909458,0,0,0,0,1,0,0,0,0,-1,0,0,0,0,0,3,0,0,0,1,0,3,1,0,0,-3,0,0,0,1,3,0,1,0,1,0,0,0,0,0,0,0,0,-0.589517,0,1,-0.52412,0,0,-1,1,0,0,0,1,0,0,1,1
0,0,0,-1,1,-2,2,-0.565897,0,0,0,0,0,0,0,0,-0.134048,0,0,0,0,0,1,0,1,0,0,0,0,-3,-2,0,1.30757,5,0,0,1,0,0,-1,0.667177,2,0,-0.75,0,0,0,1,0,0,0,0,0,0,0,1,2,0,-1,2,0,0,0,0,0,0,-3,0,0,0,0,0,0,0,0,0,0,0,0,-1,-1,1,-1,0,-1,0,0,-0.699192,0,1,3.2,0,0,0,1,0,0,0,0,0,0,1,1
0,0,0,0,0,0,0,1.43741,2,0,0,0,0,0,4,0,-0.444054,0,1,1,0,0,1,0,0,0,0,0,-1,0,0,-1,1.82174,11,0,0,0,-2,0,0,0.6875,3,1,-0.764696,0,1,0,1,-1,0,0,0,1,0,1,0,2,0,0,1,0,0,0,1,-1,0,0,-1,0,0,0,0,0,0,-2,0,0,1,0,0,0,0,0,0,0,1,1,-0.573987,0,1,5.907073,0,0,0,0,0,0,1,0,1,0,1,1
0,0,-2,0,2,0,1,-0.776698,0,0,0,0,1,-2,-1,1,0.799855,0,1,0,1,1,1,0,1,0,0,0,1,1,0,1,1.17493,2,0,0,1,-1,0,0,0.493523,0,0,0.34002,1,0,1,1,0,-1,0,0,2,0,1,0,1,0,0,1,0,0,5,0,-3,-1,-1,0,0,0,0,0,0,0,0,-1,0,0,0,0,0,1,0,1,0,0,0,-0.590638,0,0,3.2,-1,1,0,1,0,0,0,0,0,0,1,1
0,2,0,-1,0,0,0,-0.666667,0,-1,1,0,1,-1,0,1,-0.088252,0,0,2,0,1,0,0,0,0,-1,4,0,0,1,0,0.88571,9,1,0,2,2,0,0,1.535882,0,0,-0.809709,0,0,-1,0,0,0,1,0,0,1,0,3,0,0,0,0,0,0,0,0,1,1,0,1,2,0,0,0,0,0,0,0,0,0,0,0,0,0,0,0,0,-1,0,-0.810963,0,0,-0.560563,-1,0,0,0,1,0,0,1,0,3,1,1
0,0,0,0,0,1,-2,-0.649125,0,0,1,0,1,0,0,0,-0.655717,0,0,1,1,0,0,0,0,0,0,0,2,0,0,1,1.10438,1,0,1,1,0,0,0,1.466849,5,0,-0.555395,0,-1,0,0,1,-1,0,0,1,1,0,0,0,0,1,0,0,0,0,0,0,0,0,0,2,0,0,0,1,0,0,0,0,0,0,0,0,0,0,1,0,0,0,-0.634466,0,0,-0.495303,0,0,0,0,1,0,0,-2,0,0,1,1
0,0,-2,0,0,1,0,-0.834147,0,0,1,0,1,0,0,0,-0.353121,0,1,0,0,0,0,1,0,0,2,0,0,0,0,0,1.04422,5,1,1,0,1,0,0,1.766162,2,0,-0.612903,0,0,0,0,0,0,0,0,0,1,-1,0,0,0,1,0,0,0,1,-1,0,0,0,0,0,1,-2,2,0,0,0,0,0,0,0,0,0,0,0,1,0,0,0,-0.736364,0,0,-0.023601,0,1,-2,0,0,0,0,-1,0,0,1,1
0,0,-2,0,-1,0,0,-0.703978,0,0,0,0,1,-1,0,1,-0.672648,0,0,1,0,0,0,1,0,0,0,0,0,0,1,-1,1.24967,4,1,0,0,-2,3,0,0.755556,0,0,-0.722477,0,1,0,0,0,1,0,1,2,0,0,1,0,0,0,5,0,-1,1,0,0,-1,1,0,0,0,-1,0,1,0,0,0,-1,0,-1,0,0,0,0,0,0,2,1,0.44504,0,0,-0.771081,0,0,-1,0,0,1,-1,0,-6,1,1,1
0,0,-1,1,0,0,0,-0.896242,1,1,0,0,0,0,0,1,-0.664205,1,2,-1,0,0,0,0,0,0,0,0,0,0,0,0,1.80786,1,0,0,0,0,0,0,0.332822,-1,-1,-0.821748,1,0,0,0,0,0,0,0,0,0,0,0,0,0,0,-1,-1,0,0,-1,0,0,0,0,2,0,0,0,0,0,0,0,3,0,0,0,1,-2,0,2,0,2,0,0.605976,0,0,-0.669255,0,0,0,0,0,1,-1,-3,0,0,1,1
0,0,0,0,1,2,0,-0.675676,1,1,0,0,0,0,0,0,-0.72093,0,0,0,0,0,0,0,0,0,0,2,-1,0,2,0,1.32954,1,0,0,-2,-1,0,2,0.78853,-1,-1,-0.654304,0,1,0,0,0,0,0,0,0,0,0,3,0,0,2,2,0,0,0,-1,0,-2,-1,0,2,1,0,0,0,0,0,0,0,-1,0,0,-1,0,0,-1,0,0,0,-0.8125,0,0,-0.683012,0,0,0,0,-2,0,0,0,0,0,1,1
1,0,0,0,0,0,-2,-0.646962,0,0,0,0,0,0,0,3,-0.252123,-1,0,0,-1,0,0,0,0,0,0,0,0,0,0,0,0.80286,0,0,1,0,0,0,0,0.65625,0,0,-0.682051,0,1,0,0,0,0,0,0,0,0,-1,0,0,0,2,0,0,0,0,0,0,0,2,0,1,-1,0,0,0,0,0,0,0,3,0,0,1,0,0,-1,0,1,-1,-0.6834,0,0,-0.76,-3,0,0,0,1,0,0,0,-1,3,0,1
0,5,1,2,0,0,1,-0.758075,0,0,0,0,1,0,0,1,-0.681734,0,0,0,0,0,0,0,1,0,0,0,0,-2,0,0,0.91429,1,0,0,0,4,0,0,0.177767,0,0,-0.733907,0,1,0,0,2,0,0,-1,0,0,-1,0,0,0,0,-1,0,0,0,0,1,0,0,-1,0,0,0,0,2,-1,0,0,-1,1,0,0,0,0,0,0,0,2,0,-0.569941,0,-2,-0.76,1,-1,0,0,0,1,0,0,0,0,0,1
0,0,0,0,0,0,0,-0.702579,1,0,2,0,0,0,0,-3,-0.586207,0,0,1,0,0,0,0,0,1,0,0,0,0,0,0,0.91429,0,0,0,0,0,0,0,2.410114,0,-1,-0.295597,-2,0,0,0,-2,0,0,0,0,-4,0,-2,0,0,0,-1,0,1,0,0,1,0,1,0,0,0,-3,2,0,0,0,0,-2,0,0,-1,-1,-1,0,1,1,0,0,-0.649782,0,0,-0.748022,0,1,1,0,1,0,0,0,0,0,0,1
0,-1,0,0,1,-1,0,-0.785714,0,0,0,0,-2,0,-2,1,-0.812178,0,0,0,-3,1,0,0,0,0,0,0,0,0,0,0,0.71893,6,0,1,0,0,0,0,1.019111,0,0,-0.468427,0,0,0,0,0,-1,0,0,0,0,-1,0,0,0,-1,0,0,0,-2,0,0,1,0,0,0,0,1,2,0,0,0,0,-1,0,0,2,0,0,0,0,0,0,2,-0.834845,0,-1,-0.616195,0,0,-1,0,0,0,1,2,-1,0,0,1
0,0,-2,0,0,0,0,-0.689196,-1,0,0,0,0,0,0,1,-0.761508,0,0,0,0,1,0,0,0,0,1,2,0,0,0,0,0.82919,3,0,0,-1,-1,-1,0,0.785054,1,1,-0.503348,-1,0,-2,0,0,0,0,0,0,0,0,0,1,-1,-1,2,0,0,0,0,0,1,0,0,1,0,0,0,0,-2,0,0,1,-1,4,-1,0,0,0,1,0,0,0,-0.826989,0,0,-0.741504,0,1,0,0,0,1,0,0,0,0,0,1
0,0,0,0,1,-5,0,-0.785714,0,0,0,0,0,0,0,0,-0.64613,0,0,0,0,1,0,0,-1,1,0,0,-1,1,0,0,0.73658,1,0,-1,0,-1,-1,1,0.942693,-2,0,-0.712805,0,0,0,0,0,1,0,0,0,0,0,0,0,1,0,0,0,0,0,0,0,0,3,1,0,0,0,1,0,0,0,0,0,0,0,0,0,0,0,0,0,-1,0,-0.8125,0,0,-0.456474,0,0,2,0,0,-1,0,1,1,0,0,1
0,-1,2,0,0,0,0,-0.398323,0,-1,2,0,0,0,0,3,-0.515528,0,0,0,1,-1,0,0,0,0,1,0,0,0,0,0,0.56747,1,0,0,0,0,0,0,1.100262,1,0,-0.756035,0,0,0,0,1,0,0,0,0,0,0,0,0,0,0,0,0,0,3,1,0,1,0,1,0,-1,0,1,1,0,0,0,1,0,0,0,0,0,0,1,0,0,0,-0.460165,0,0,0.416296,0,0,3,0,0,1,-2,0,0,1,1,1
0,1,0,0,0,0,-1,-0.653019,0,0,0,0,0,0,-1,1,-0.499097,0,0,0,0,-2,1,0,0,0,-2,0,-1,0,1,0,1.37935,2,0,0,0,0,0,0,1.150056,-1,0,-0.720727,1,0,-1,1,0,0,0,0,0,0,0,0,0,-2,0,0,1,0,0,1,0,1,2,2,-2,0,0,0,0,1,0,0,0,0,2,0,0,0,0,2,0,0,0,-0.727273,0,0,0.119541,0,0,0,0,0,1,1,-2,0,1,1,1
0,0,1,0,0,-1,-1,-0.718784,1,0,1,0,1,1,-1,0,-0.724036,0,2,0,0,0,0,0,0,0,0,-2,0,2,1,0,1.37143,11,0,-1,0,0,0,0,1.04167,0,0,-0.75,0,-1,0,0,0,0,0,0,-1,-2,-2,-1,-1,0,1,0,0,-1,0,0,0,0,-3,0,0,1,0,0,0,3,2,0,3,0,-1,0,0,0,0,0,0,2,0,-0.674634,0,0,-0.873156,0,0,0,1,1,1,-1,0,0,0,1,1
0,0,-7,1,0,0,0,-0.873186,0,0,0,1,0,0,5,0,-0.63163,-1,0,0,0,0,0,0,0,0,1,0,0,2,0,-1,1.81102,0,0,0,-2,0,0,0,0.929825,0,0,-0.72144,1,0,-1,0,0,0,0,0,0,0,0,0,-1,0,0,3,1,0,0,0,0,0,1,0,3,0,0,1,-1,0,0,1,0,0,0,0,-1,0,0,1,0,1,0,-0.856776,0,0,-0.6192,0,0,0,1,0,0,0,0,0,0,1,1
0,0,0,0,0,0,0,0.46168,0,1,0,0,0,0,-2,0,-0.646003,1,-1,0,0,0,0,0,0,0,0,0,0,0,0,0,1.31441,1,0,0,0,0,0,0,1.261169,2,0,-0.774563,0,0,0,0,0,0,0,0,0,1,0,0,0,0,0,0,0,0,2,0,1,0,0,0,0,0,1,0,0,-1,0,-2,2,0,-1,3,0,0,0,1,0,2,0,-0.265402,0,0,-0.818963,-2,0,0,0,0,0,1,-4,0,0,1,1
0,0,0,0,0,-1,1,-0.604582,0,1,1,1,-1,0,3,2,-0.61802,0,0,-1,0,0,0,0,0,2,0,-1,0,0,0,0,1.62857,0,1,0,0,0,0,0,0.734968,0,0,-0.789474,0,0,0,1,0,0,0,0,0,0,0,0,0,1,0,0,0,0,0,0,1,1,0,0,0,0,0,0,0,0,0,0,0,0,0,0,0,0,0,1,0,0,0,-0.5,0,0,-0.657143,0,0,0,0,0,0,0,1,0,0,1,1
0,0,0,1,0,-1,0,-0.44234,0,-1,0,0,1,0,1,0,-0.558359,1,0,0,0,0,1,0,1,0,0,0,0,0,0,0,0.62151,0,0,0,0,2,0,0,0.291667,0,0,-0.594692,0,0,0,0,0,-1,1,0,0,2,1,0,0,0,2,0,1,-1,2,0,0,0,1,0,0,0,2,0,1,0,2,0,-3,0,1,0,0,0,0,1,0,-1,0,-0.775704,0,0,-0.280777,0,0,-1,-1,0,0,0,0,1,0,0,1
0,0,0,0,0,2,0,-0.707492,0,0,0,-2,0,0,0,0,-0.058302,0,0,0,1,0,0,-2,0,0,0,-2,-2,0,0,0,1.15761,2,0,0,0,0,0,0,0.563643,-1,0,-0.557562,0,0,0,0,0,0,1,0,1,-1,0,0,0,0,0,-1,1,0,-1,-4,0,0,0,-1,0,0,0,0,1,0,0,0,1,0,0,0,0,0,0,0,0,0,0,-0.714286,0,0,0.521705,0,0,1,-1,0,0,0,0,0,0,0,1
0,-1,0,1,0,0,0,-0.814694,0,0,1,0,0,0,-2,0,-0.529603,0,3,0,0,-1,-1,0,0,0,0,-1,-1,0,0,0,0.75233,7,1,0,-1,0,0,-1,0.263234,0,0,-0.58791,3,-1,0,1,2,0,1,0,0,0,2,0,0,-2,0,0,0,0,-1,1,0,0,0,3,0,-1,0,-1,0,0,0,0,0,0,0,0,0,0,0,0,0,1,-1,-0.07406,0,0,-0.56953,2,0,-1,0,0,0,0,0,1,0,0,1
0,0,0,0,0,0,0,-0.578479,0,0,0,1,1,1,0,0,-0.660031,0,-1,0,0,0,2,0,0,1,0,0,0,2,1,-1,2.07546,4,0,0,0,0,0,0,2.46154,0,1,-0.66939,0,0,0,0,0,0,0,0,1,0,0,0,0,0,0,0,0,-1,7,0,0,0,0,0,0,0,0,0,1,0,0,0,0,0,-1,0,0,0,0,0,0,0,-1,-0.679389,0,0,-0.225527,0,0,0,1,0,1,2,0,1,0,1,1
0,0,0,0,0,0,1,-0.49165,0,0,3,0,1,1,1,0,-0.730566,0,0,1,1,0,0,0,0,0,0,2,0,0,0,0,0.50766,2,0,-1,0,1,0,0,2.399211,0,2,-0.694076,0,1,-1,0,0,-1,2,0,0,-2,0,0,0,0,0,0,-1,0,6,0,0,1,1,0,0,0,0,0,0,2,3,0,2,0,0,0,0,0,0,2,0,0,0,0.999419,0,0,-0.585303,0,0,-1,1,0,0,0,-1,0,0,1,1
0,0,4,0,0,0,0,-0.69102,0,0,0,0,0,3,0,0,-0.620151,-1,0,2,0,1,0,0,0,0,0,0,0,0,0,0,1.11346,4,0,0,1,0,0,0,3.15572,0,0,1.152754,0,0,0,0,0,0,0,0,0,1,-1,1,0,0,0,0,0,0,0,-2,0,1,1,2,0,0,1,0,0,0,0,0,-1,0,-1,0,0,0,0,0,1,0,0,-0.578924,0,0,-0.803447,0,0,0,0,0,1,0,0,4,0,1,1
0,0,0,1,0,0,0,-0.707511,2,0,2,0,0,1,0,-1,-0.670076,0,0,0,0,1,0,0,0,1,1,0,-2,0,1,1,1.24995,2,0,0,0,0,0,0,2.471929,0,0,-0.800383,-1,3,0,0,0,0,0,0,1,0,-1,0,0,0,-2,0,3,-1,0,0,1,1,0,0,1,0,0,0,4,0,0,0,0,0,0,1,0,1,0,0,0,0,0,-0.745254,0,0,-0.538462,0,0,0,0,1,0,0,0,2,0,1,1
0,0,0,1,0,0,2,-0.762267,0,0,0,0,0,0,0,0,-0.6,1,0,2,0,0,-1,0,1,0,1,0,0,0,1,0,3.63356,1,1,0,0,0,-2,0,2.528716,0,0,-0.624198,0,0,-1,0,0,0,0,0,0,0,2,3,0,0,-1,0,0,0,0,-2,2,0,0,2,0,0,0,-1,0,-1,0,0,1,0,0,2,0,1,0,-1,2,0,0,-0.348471,-1,-1,-0.459806,0,0,0,0,0,0,-2,0,0,1,1,1
0,1,0,0,0,0,0,-0.244949,0,0,0,0,0,-1,1,0,-0.795006,1,0,0,0,0,0,0,0,1,0,0,0,0,1,0,1.25714,1,0,0,-1,1,0,0,0.280304,0,0,-0.431882,0,1,0,0,-3,0,0,0,1,0,0,2,0,0,-2,-3,1,0,0,0,-1,0,-3,2,2,0,0,0,-2,-1,0,0,-1,0,0,0,0,1,1,-1,0,0,2,-0.870061,0,0,-0.207517,0,0,0,0,0,0,0,0,1,1,1,1
0,0,0,0,0,0,3,-0.455294,0,0,0,0,2,0,1,-1,-0.684342,0,0,0,0,0,0,1,0,0,0,2,0,1,-2,0,0.94286,2,-1,0,0,0,1,0,2.18182,1,0,-0.752663,0,0,0,0,0,1,1,0,-1,1,0,0,0,0,0,0,0,0,0,1,-1,1,2,0,0,0,0,0,0,0,0,0,1,1,0,0,0,0,0,0,0,0,0,-0.675676,1,0,-0.668681,0,1,0,0,0,0,0,0,0,0,1,1
-1,0,0,1,0,0,0,-0.738897,0,-2,0,1,0,2,1,1,-0.575922,0,0,0,0,2,0,1,-1,0,0,0,0,0,0,0,0.94286,6,0,0,0,0,0,0,2.18182,1,0,-0.728531,0,0,0,-2,0,0,0,0,0,-3,-1,0,0,0,0,0,0,0,1,1,1,1,0,-1,-1,0,0,1,0,0,2,0,0,0,-2,0,0,0,0,0,1,0,0,-0.342141,0,0,-0.67773,0,1,0,0,1,-1,1,-1,0,0,1,1
0,0,3,0,0,0,0,-0.779001,0,1,0,1,0,-1,0,0,-0.764706,0,1,0,2,0,0,0,-2,0,0,2,4,0,0,1,0.64248,5,0,0,0,0,0,0,0.397946,0,1,-0.698237,0,-1,0,0,1,0,-1,2,0,1,0,0,4,2,2,1,0,0,0,0,0,1,0,0,0,1,0,1,2,2,0,0,2,0,1,0,0,0,0,1,0,0,0,-0.440322,-1,0,-0.698065,0,1,0,0,0,1,0,0,-1,0,1,1
-2,-1,0,1,0,0,-2,-0.72093,0,0,0,0,1,0,0,0,-0.615672,1,0,0,1,0,0,0,0,0,0,0,0,0,0,0,1.49334,20,0,0,0,-2,1,0,0.868814,0,-1,-0.629137,0,0,0,0,0,0,0,0,0,0,0,0,0,0,0,0,0,0,0,0,0,0,0,0,0,0,1,0,0,3,0,0,0,0,0,1,0,1,0,3,0,0,0,-0.641376,0,0,-0.674738,1,1,3,0,0,1,-2,0,0,0,0,1
0,1,0,0,0,0,2,-0.157326,0,0,1,-1,0,0,-3,0,0.054789,0,1,0,0,0,0,0,0,0,0,0,0,1,0,-2,1.08571,5,0,0,0,0,1,0,0.727449,-1,0,-0.734575,-1,0,0,0,0,0,0,0,0,-1,0,0,0,0,0,0,0,0,0,0,1,1,0,0,4,0,1,0,1,0,3,0,1,0,0,1,-1,1,0,0,0,-1,0,-0.612903,0,0,-0.630187,0,0,0,0,1,2,0,0,3,0,0,1
0,0,0,0,0,0,1,-0.656951,0,0,0,0,6,-3,0,2,-0.619556,0,0,0,1,-1,0,0,0,0,0,0,0,2,0,0,1.23123,4,0,0,0,0,1,0,0.526316,0,1,-0.446905,0,0,0,0,0,0,0,0,0,0,0,3,0,0,0,0,0,0,0,0,0,1,0,0,2,0,1,0,0,0,0,0,0,-2,0,1,0,1,0,0,1,-1,0,-0.655204,0,0,-0.610002,-1,1,0,2,0,0,0,0,0,0,0,1
0,0,1,1,0,0,0,-0.691991,0,0,0,0,0,0,1,0,-0.516072,0,0,0,0,1,0,0,0,1,0,0,0,2,0,0,0.50725,2,0,0,0,0,1,0,0.223714,-3,0,-0.756541,0,1,0,0,-1,0,0,0,0,1,1,0,1,0,0,0,0,0,0,0,2,0,0,2,0,0,0,0,0,0,0,0,0,2,0,2,0,-1,0,-2,0,-2,0,0.076889,0,0,-0.531718,0,0,0,0,1,0,0,0,-1,0,0,1
0,0,0,0,0,-1,-1,-0.765832,0,0,2,0,0,0,0,0,-0.691225,0,-1,0,0,0,0,2,0,-1,0,0,0,-1,0,0,1.27021,1,0,-1,0,1,0,0,0.203623,-1,2,-0.517271,1,0,0,0,0,0,1,0,0,0,0,0,-3,0,0,0,0,1,0,0,-3,0,-2,0,-3,0,0,0,0,1,0,0,0,0,0,0,0,0,0,0,0,0,2,-0.707434,0,0,-0.72093,0,0,0,1,0,0,0,-1,0,0,0,1
0,0,1,0,0,0,0,-0.535793,0,0,0,0,0,0,0,0,-0.692507,0,0,0,0,1,0,-1,0,0,2,0,1,3,0,0,0.80525,4,0,0,0,-2,0,0,1.91916,0,0,-0.625,0,1,-3,0,0,0,0,0,1,0,2,0,0,0,3,0,0,0,0,0,0,0,0,0,0,0,0,0,1,0,1,0,-2,0,0,0,0,0,0,0,0,0,0,-0.692308,0,0,-0.813814,-2,1,-1,-2,0,0,0,3,0,0,0,1
0,1,-1,0,0,0,0,-0.755102,0,0,0,0,-1,0,0,1,-0.623154,0,0,3,0,0,0,0,0,0,0,2,0,2,0,0,0.95844,4,-1,-2,0,-3,0,-1,2.01068,0,0,-0.876372,0,1,0,0,0,0,-1,1,0,-1,-1,0,2,0,4,0,-1,0,0,0,2,0,0,-1,0,-1,1,0,0,3,0,0,0,2,0,0,0,0,0,0,1,0,0,-0.744681,0,0,-0.471138,4,0,0,0,0,0,0,2,1,0,1,1
0,0,0,0,0,-2,0,-0.755102,0,0,0,0,0,0,0,2,-0.739864,0,0,0,0,0,1,0,0,0,0,0,0,0,-1,0,0.90524,15,0,0,2,1,0,0,2.475939,0,0,-0.554851,1,1,0,0,0,0,0,0,0,0,0,0,0,0,0,0,0,0,0,0,0,-1,0,-1,0,1,4,0,0,0,2,0,0,0,0,1,0,0,0,0,0,0,0,-0.336041,0,0,-0.683109,0,0,0,0,0,0,-1,0,1,0,1,1
0,0,0,0,0,-1,0,-0.759197,0,1,1,0,0,0,0,0,-0.716353,0,2,0,0,0,0,0,0,2,0,0,0,-1,-1,0,1.08798,12,-1,0,0,2,0,0,3.8169,1,0,-0.666514,0,0,0,0,0,0,0,0,0,0,0,0,1,0,2,0,1,0,0,0,1,0,-1,-1,0,0,0,-1,0,1,0,-1,1,0,0,0,0,0,0,0,0,0,0,-0.532865,0,0,-0.53753,0,0,1,0,1,0,0,0,0,0,1,1
0,0,1,0,1,0,0,-0.712147,0,0,1,0,0,1,0,0,-0.776016,0,0,1,0,-1,0,-1,-1,0,0,0,2,2,0,0,1.17143,6,0,0,0,2,0,1,2.02885,0,0,-0.194684,0,1,0,-1,0,0,0,-1,0,0,2,0,0,2,1,0,0,0,1,1,0,0,0,0,0,0,0,0,0,0,0,0,0,0,0,0,0,0,0,0,0,0,0,-0.738151,0,0,-0.862198,0,1,0,0,0,0,0,1,0,0,1,1
0,0,1,0,0,2,0,-0.506306,0,0,1,0,-3,0,0,1,-0.761188,0,0,0,1,0,0,0,0,2,0,0,2,0,1,0,2.86138,10,0,0,1,0,0,0,1.878376,2,1,1.171667,0,0,0,0,0,0,0,0,-1,0,-1,1,0,0,1,-5,1,0,-3,1,0,2,0,0,0,0,0,-1,1,0,-1,0,0,-2,0,1,0,-2,1,0,0,0,0,-0.749178,0,0,-0.675676,0,1,3,0,0,0,0,0,0,1,1,1
0,0,0,-1,0,0,0,-0.505695,0,0,1,0,1,0,0,0,-0.652197,-1,0,0,0,0,0,0,0,1,0,2,-1,0,0,0,1.29978,2,0,0,0,1,2,0,1.53659,0,0,-0.769356,0,0,-1,0,-1,1,0,0,0,-1,0,3,0,0,0,-1,0,0,1,0,0,0,0,0,0,0,0,0,0,0,0,0,0,1,0,0,0,0,0,0,0,0,0,-0.715102,0,0,-0.681212,0,1,0,0,0,1,-1,1,0,0,1,1
0,0,0,0,0,0,1,-0.608894,1,0,0,0,0,0,-1,1,-0.756578,0,0,1,0,0,0,0,0,0,0,0,2,1,0,0,2.04322,8,0,0,0,0,1,2,0.726294,0,2,-0.67195,0,0,0,0,0,0,0,0,0,0,0,0,0,0,0,0,0,0,0,0,1,-1,0,0,-1,0,0,2,3,0,0,0,-1,-2,0,0,0,0,0,1,0,0,-1,0.052912,0,0,-0.632005,0,0,0,0,0,0,0,0,0,0,1,1
1,1,0,0,0,1,0,-0.334406,2,0,0,0,0,1,0,0,-0.589175,0,0,0,0,0,1,0,0,-1,0,0,0,0,0,0,1.62761,4,0,0,0,0,0,0,0.508211,0,0,-0.797094,0,0,0,0,1,0,-1,0,1,1,0,1,0,0,0,0,0,0,-2,0,3,0,0,-1,1,-1,0,0,0,2,0,0,0,0,0,0,0,1,1,0,0,0,0,-0.361254,0,-1,-0.744681,0,0,0,0,0,0,0,3,-1,0,1,1
1,1,0,0,0,1,0,-0.527076,0,0,0,-1,0,0,0,-1,1.256238,0,0,0,0,0,0,0,1,0,0,0,0,2,0,1,1.28069,8,0,0,0,0,0,2,0.567522,0,1,-0.785042,0,0,0,0,0,0,1,0,0,1,0,1,1,0,0,0,0,-1,1,0,0,2,0,0,0,0,0,0,3,0,0,0,0,0,1,0,0,0,0,0,0,0,0,-0.368421,0,0,0.928362,0,0,2,0,3,-1,0,0,0,0,1,1
0,-1,1,0,0,0,0,-0.698773,-1,0,0,0,0,1,0,-2,-0.789311,0,0,0,0,0,0,0,0,0,0,2,0,0,1,0,1.39015,0,0,0,1,1,0,0,1.100189,0,0,-0.760612,0,0,1,0,0,1,1,1,0,0,0,0,0,0,1,0,0,1,2,0,1,0,0,1,0,0,-2,0,0,1,4,0,0,2,0,0,2,0,1,0,0,0,0,-0.688801,0,0,-0.399714,0,0,0,2,1,0,0,0,0,0,1,1
0,0,0,0,0,0,0,-0.8125,1,0,1,0,0,0,0,1,-0.797928,1,0,0,0,0,1,0,0,-1,0,0,0,2,0,0,2.35606,8,0,0,0,0,0,0,1.1,0,0,-0.005772,0,0,0,0,0,0,0,0,0,0,0,0,-2,0,0,0,1,0,1,1,0,0,0,1,0,0,0,0,0,0,0,0,0,0,0,0,0,-1,1,0,-1,0,0,-0.123564,0,0,-0.632311,0,0,0,0,0,0,0,0,0,0,1,1
0,-1,0,0,0,0,0,-0.700466,0,0,1,-2,0,0,5,1,-0.796636,0,0,0,0,0,0,1,-1,0,0,0,0,0,1,0,1.81924,-8,0,0,1,1,0,0,1.829906,0,0,-0.88625,0,0,2,0,0,0,0,0,-1,1,0,0,0,0,0,0,0,0,1,1,0,0,0,0,0,0,0,0,-2,0,0,0,0,0,1,0,0,0,0,0,0,0,0,-0.670291,1,0,-0.538462,0,0,-1,0,0,0,0,0,0,-1,1,1
0,0,0,0,0,1,0,-0.694275,0,0,0,0,0,0,0,0,-0.754195,0,0,2,0,0,0,0,1,0,0,0,0,0,1,0,0.67404,9,0,0,0,0,0,0,2.096068,0,0,-0.484146,-2,1,0,0,0,0,0,0,0,0,2,0,0,0,2,0,0,0,-3,0,0,1,1,0,0,-1,0,0,0,0,-1,0,0,0,0,0,0,1,0,0,-2,0,0,-0.454545,0,0,-0.767545,0,0,0,0,1,0,0,0,0,0,1,1
0,0,0,4,0,0,2,-0.712364,0,0,0,0,0,0,0,0,-0.240771,0,0,0,0,0,0,0,-1,0,-1,0,0,4,0,0,0.55925,4,0,0,0,0,0,0,1.582639,-2,0,-0.527207,0,0,0,0,0,0,0,1,0,0,0,0,0,-1,0,0,0,1,1,0,0,0,1,0,2,0,-1,1,0,0,0,0,0,0,0,0,0,0,0,2,0,0,1,-0.196704,0,0,-0.778635,0,0,0,-1,0,3,0,0,0,0,1,1
-1,2,0,0,0,0,0,-0.785003,0,0,0,0,0,0,0,1,-0.525083,0,0,0,1,-1,0,0,0,0,0,0,0,0,1,0,0.55073,4,0,0,0,2,0,-1,2.327214,0,-1,-0.555556,-3,0,0,0,0,0,-1,0,0,4,0,0,0,0,0,0,-1,0,0,0,1,1,0,0,0,0,0,0,0,-1,0,0,0,0,0,0,0,0,0,0,0,0,0,-0.65631,0,0,-0.487924,0,0,-1,-1,0,0,0,2,0,2,1,1
0,0,-2,1,0,0,0,-0.542089,0,-2,0,0,0,-1,5,0,-0.534432,-1,0,0,0,0,2,0,1,0,0,0,0,0,0,0,1.49777,9,1,0,2,0,0,0,1.13653,0,0,-0.68906,0,0,0,0,0,0,0,0,1,1,1,0,0,1,0,0,0,0,1,0,0,1,-2,0,0,-1,0,0,0,0,-1,2,0,0,0,0,0,0,0,0,0,3,1,-0.697954,0,1,-0.488495,0,0,0,0,0,1,2,0,0,0,1,1
0,0,-2,0,0,0,1,-0.749221,0,-1,0,0,0,0,0,0,-0.482203,0,0,0,0,0,0,1,0,0,0,0,0,0,1,-1,0.90579,5,0,-1,0,0,0,0,0.401409,0,0,-0.71347,0,0,0,0,0,0,0,0,-1,0,-2,0,2,0,0,3,0,1,0,0,0,0,0,0,0,-1,0,0,0,0,2,0,1,-1,0,0,0,0,0,0,0,1,0,-0.516382,0,0,-0.5,0,0,0,-1,0,1,0,-1,3,-1,1,1
0,0,0,0,0,0,1,-0.399241,0,0,0,0,-1,0,0,2,-0.706927,0,0,0,1,0,-2,0,0,1,0,0,2,0,2,0,1.35347,3,0,0,0,0,1,0,1.22502,0,2,-0.800312,1,0,0,0,0,0,0,0,0,1,0,0,0,1,-1,0,0,0,0,-2,1,1,0,0,0,0,0,2,-1,0,0,0,2,-2,0,0,-1,-2,0,0,0,1,0,-0.747017,0,1,-0.516486,0,1,0,2,-2,1,0,0,1,0,1,1
0,0,-1,1,1,-2,0,-0.39645,0,1,0,0,0,0,0,-3,-0.799995,0,0,0,0,1,0,0,0,1,0,0,-3,0,0,0,0.83993,7,0,1,0,1,0,0,0.865502,3,0,-0.634841,2,0,0,0,0,0,0,0,0,1,0,0,-2,0,0,-1,0,1,0,3,0,1,0,0,-2,0,0,0,0,-1,0,0,2,-1,0,-1,0,0,0,0,1,-2,0,-0.79661,0,0,-0.701355,-2,1,0,0,0,1,0,0,0,0,0,1
0,0,1,0,0,0,0,-0.555556,0,0,0,0,0,0,-2,0,-0.687867,0,0,0,0,0,0,0,0,0,0,0,0,1,0,0,0.86543,2,3,1,1,0,0,0,0.330769,3,-1,-0.829665,0,0,0,0,0,0,0,0,-1,-3,0,0,0,0,0,1,0,0,4,0,0,0,2,0,0,0,-3,0,0,0,0,0,0,0,0,0,1,-1,0,0,0,0,-1,-0.79661,0,0,-0.504088,0,0,0,1,1,0,0,0,0,1,0,1
0,0,0,0,0,0,0,-0.50098,0,0,0,0,0,0,-2,0,-0.708114,0,0,-2,0,1,0,1,0,0,0,0,0,0,1,0,0.85428,1,0,0,1,0,0,1,0.784996,0,0,-0.584219,0,0,0,-1,0,0,0,0,0,0,1,0,3,0,0,0,0,0,0,0,0,0,0,0,0,1,3,0,0,-3,0,0,-2,0,0,1,-1,0,2,0,0,0,-1,-0.841028,1,0,0.557224,-1,0,0,0,0,0,1,1,0,0,0,1
0,0,0,0,0,0,-1,-0.620197,0,0,0,0,1,-1,1,0,-0.730242,0,0,0,1,0,0,0,1,0,0,0,0,0,1,0,2.04374,5,0,1,1,-1,0,0,0.508542,0,1,-0.60955,0,2,0,0,-1,0,0,0,0,1,1,1,0,0,0,0,0,0,0,1,0,0,0,1,0,0,0,0,1,0,0,0,0,0,1,1,0,0,0,0,0,0,0,0.130855,0,0,-0.657143,0,0,0,0,0,0,0,0,0,0,1,1
0,0,0,1,0,0,-1,-0.701091,1,0,-2,0,0,-1,0,0,-0.744681,0,0,1,1,0,0,0,1,2,-2,0,0,0,0,0,3.33503,3,0,-1,0,-1,0,0,1.008714,0,1,-0.790242,1,0,0,0,0,1,-1,0,0,0,0,0,0,0,0,0,0,0,0,1,0,1,0,1,0,0,0,0,0,0,0,0,0,0,0,0,0,2,-1,1,-1,1,0,-0.294118,0,0,-0.604459,3,0,0,0,0,-1,0,0,0,0,1,1
0,1,0,0,0,0,1,4.85193,1,0,0,0,1,2,0,1,-0.744681,0,-1,0,1,0,0,0,0,0,0,0,0,0,1,0,1.88223,4,0,0,0,0,0,0,1.603894,0,2,-0.848589,0,0,0,0,0,-1,0,0,0,0,1,0,-2,0,0,0,0,0,0,0,0,0,0,1,1,0,0,0,1,2,0,1,0,2,1,1,0,1,0,-1,0,0,0,0.541342,0,0,-0.575233,0,0,0,0,-1,0,0,0,0,-1,1,1
0,0,-3,0,0,2,-1,-0.679137,0,0,1,0,1,1,0,0,-0.697763,0,0,1,1,0,0,0,0,0,0,0,0,0,0,0,1.54892,8,0,1,0,-1,0,0,1.398121,0,0,-0.58928,3,0,0,1,0,1,0,0,0,0,3,0,1,2,1,0,-2,0,0,0,0,1,0,0,0,0,1,0,0,0,0,1,0,0,0,0,0,1,0,0,0,0,0,-0.507332,0,0,-0.75,0,0,0,0,-1,0,0,-1,1,2,1,1
0,0,0,0,0,0,-3,-0.664428,0,0,0,0,1,0,0,0,-0.692359,0,0,0,0,0,0,0,1,1,0,0,0,0,0,0,3.74211,2,0,0,0,0,0,0,1.65825,0,0,-0.587236,0,0,0,0,0,0,0,0,0,0,1,0,0,1,2,2,-1,0,0,0,0,2,0,2,-2,-2,2,0,0,0,2,0,0,-1,0,0,0,0,0,1,0,0,0,-0.60198,0,0,-0.723219,2,0,0,-3,0,0,2,0,0,0,1,1
-1,0,2,1,0,0,0,-0.645781,2,0,0,0,0,0,0,0,-0.716124,0,0,0,0,0,1,1,1,1,0,0,0,0,0,1,1.26727,5,0,0,-1,0,0,0,1.40909,2,0,-0.74176,0,0,0,0,-2,0,0,0,0,0,3,0,0,1,0,0,0,0,-1,0,0,0,1,0,2,1,0,1,1,3,0,0,3,0,0,0,0,2,0,0,0,0,0,-0.625,0,-1,-0.75,0,1,2,0,0,0,1,0,0,0,1,1
0,-2,0,0,0,1,2,-0.696649,0,0,0,0,0,0,0,0,-0.75168,0,0,0,3,0,0,3,0,0,0,-1,0,0,-1,0,1.60599,6,0,0,-1,0,0,0,1.813064,0,0,-0.669137,0,0,2,0,-1,2,0,0,0,0,1,0,0,1,0,-1,0,0,-1,1,1,2,0,0,3,0,0,-2,0,0,0,1,0,2,0,0,0,0,0,0,0,0,0,0.354605,0,0,-0.510458,0,-2,0,-1,0,2,1,0,2,0,1,1
0,0,0,0,0,1,3,-0.354275,0,0,0,0,1,0,0,0,-0.741464,0,0,0,-1,0,0,2,1,0,0,0,0,1,0,0,1.15855,0,0,0,0,0,0,0,0.788068,1,-3,-0.848147,0,0,2,0,0,-1,0,0,0,0,1,2,0,1,0,-4,0,0,0,0,1,-2,0,-1,3,0,0,0,1,0,0,0,0,0,0,0,1,-1,0,0,0,0,-1,-0.240726,0,1,-0.692308,0,0,0,0,0,0,0,1,0,-2,1,1
0,0,0,1,0,0,0,-0.880421,-2,0,0,0,1,0,0,0,-0.745573,0,0,0,1,1,0,0,0,0,1,0,-2,-1,0,-2,1.48552,1,0,0,0,0,-1,0,1.064012,0,0,-0.775752,0,0,0,0,0,0,0,0,0,0,0,0,0,0,0,0,1,-1,0,-1,1,0,2,0,0,0,3,0,0,0,0,0,0,3,0,-1,-1,0,0,0,1,0,0,-0.488115,0,-1,-0.651331,0,0,0,-1,0,0,0,-1,1,1,1,1
0,0,0,0,0,0,0,-0.571233,1,0,1,1,0,0,0,4,-0.530668,-2,1,1,2,0,0,2,0,0,1,0,0,-1,0,0,2.24539,10,0,0,0,1,0,1,0.747103,0,0,-0.773585,2,0,-1,0,0,0,0,0,-2,0,0,0,0,0,3,4,0,0,0,1,0,0,2,0,1,0,0,0,1,5,0,0,0,0,1,0,0,1,-1,0,0,0,0,-0.421542,0,0,-0.186219,0,0,2,0,0,0,0,1,0,-1,0,1
0,-1,1,0,-1,4,0,-0.719665,1,0,1,0,1,0,0,0,1.307269,0,1,2,0,0,0,1,0,0,-1,0,0,0,0,0,1.59876,9,0,0,0,0,0,0,1.217789,0,1,-0.767849,2,0,1,0,-2,0,1,-1,0,0,2,0,1,0,1,0,0,0,0,1,0,0,1,0,0,0,3,0,0,0,0,0,0,0,0,0,-1,1,0,0,0,1,0,-0.116386,0,0,-0.555556,2,0,2,0,0,0,0,1,0,2,0,1
1,-2,0,0,0,2,0,-0.611792,1,0,1,1,0,0,0,3,-0.507178,0,1,1,2,0,0,0,0,0,0,0,0,0,0,0,0.99025,10,0,0,0,1,0,0,1.838479,0,0,-0.635861,2,0,0,0,0,0,0,0,0,2,0,-1,0,0,0,2,0,0,0,1,1,0,0,-1,1,-1,1,0,1,0,0,0,0,0,-1,0,0,1,0,0,0,2,0,-0.853311,0,0,-0.894763,4,0,4,0,0,0,0,1,0,0,0,1
0,1,0,2,0,3,0,-0.446466,3,0,0,0,1,1,0,0,-0.626906,0,0,1,0,1,0,2,0,0,0,0,2,0,3,0,0.5881,3,0,-2,0,0,1,0,1.58344,0,0,-0.604385,0,0,0,0,-1,-1,0,0,1,0,0,2,0,0,-1,0,0,0,0,-1,0,0,1,1,0,0,1,0,0,0,0,0,0,-1,0,0,0,0,0,0,0,1,0,0.193922,0,-1,-0.789474,0,0,0,0,0,-1,0,0,1,1,1,1
0,0,0,0,1,0,0,-0.130809,1,0,0,0,0,4,0,0,-0.462065,0,0,1,0,0,0,0,5,0,0,0,2,0,0,0,0.96775,3,0,-1,0,0,0,0,1.23529,3,1,-0.647804,0,1,0,-1,0,0,0,0,0,1,0,0,0,1,0,1,0,0,-3,0,1,0,1,-1,0,0,0,-2,0,3,0,0,2,0,0,0,-1,0,0,0,1,0,0,-0.380372,0,0,-0.774171,0,0,0,0,0,-1,0,0,0,1,1,1
0,-2,0,0,0,0,0,-0.737927,0,0,-2,0,2,-1,0,0,-0.647059,0,0,0,0,0,1,0,0,0,0,0,4,3,0,0,1.25302,0,0,0,0,1,1,0,1.227281,0,0,-0.456313,0,0,0,0,2,0,0,0,0,0,0,1,3,-1,0,0,0,0,-1,-1,-1,0,0,0,0,0,0,-1,-4,2,0,0,0,2,0,0,0,0,0,0,0,3,0,-0.32455,0,0,-0.759461,0,0,2,0,0,-3,0,0,1,1,1,1
0,0,0,0,0,0,0,-0.628844,1,0,0,0,0,0,0,0,-0.652147,0,0,0,0,0,0,3,-1,0,0,0,2,-1,0,0,2.34286,1,-1,0,0,0,0,0,0.47561,0,0,-0.907546,0,1,1,0,0,0,0,0,-1,0,0,0,0,-1,0,0,0,0,0,0,1,0,0,0,0,0,0,0,0,-3,0,0,1,0,-1,0,0,0,0,1,0,0,0,0.052937,0,0,-0.687319,0,0,0,0,0,1,0,-2,0,1,1,1
0,1,-1,1,0,0,0,-0.701723,0,0,0,0,0,0,0,0,-0.637104,1,-1,-1,0,1,0,0,-1,0,0,0,0,0,0,0,1.55509,11,0,0,0,0,0,0,0.47561,0,0,-0.853659,0,1,0,0,0,0,0,0,0,0,1,0,0,0,0,0,0,0,1,0,0,0,0,0,0,0,-3,0,0,0,0,0,0,4,0,0,0,0,0,1,0,0,0,-0.711833,0,1,3.815804,0,0,0,0,0,0,0,2,0,0,1,1
0,0,0,1,0,0,0,-0.481244,0,2,0,0,-1,0,0,0,0.931578,1,0,0,0,0,1,0,0,0,0,0,2,0,0,0,2.34286,1,0,0,0,0,0,0,0.479264,2,0,-0.815708,0,1,0,1,-3,0,0,0,0,1,1,2,0,0,-1,3,0,0,1,0,1,0,-1,0,0,0,0,0,0,0,-1,1,0,0,0,-1,0,0,0,1,0,0,0,-0.734149,0,0,0.592449,0,0,3,0,-1,0,1,0,0,0,1,1
0,0,0,0,0,0,0,-0.559335,0,-1,0,1,0,-1,1,1,-0.673505,-1,0,0,3,0,0,0,-2,0,0,0,1,-1,0,0,0.87423,2,0,0,0,-1,0,0,1.491372,0,0,-0.788254,0,0,0,0,0,0,0,0,0,0,2,-4,-1,-1,0,0,0,0,0,-1,-1,1,0,0,1,-1,-1,0,0,0,0,0,0,1,0,0,0,0,0,-1,0,0,0,-0.467923,0,0,-0.707317,1,0,1,0,1,1,0,0,0,0,0,1
0,0,-2,0,0,1,0,-0.678529,0,0,0,1,0,0,0,0,0.968087,0,0,-1,0,0,0,0,0,-1,-2,0,0,0,0,0,0.42513,1,-1,0,0,0,-1,0,1.147915,-1,0,-0.722613,0,1,0,0,0,-1,1,0,0,0,1,0,0,-1,0,0,0,0,0,0,0,0,0,0,4,0,-2,0,2,3,0,0,0,0,0,0,0,0,0,-1,0,0,0,-0.684211,0,0,-0.696956,0,0,0,-1,0,1,0,0,1,0,0,1
0,0,0,1,0,0,0,0.121039,0,2,0,1,0,-1,0,0,-0.013092,0,0,0,0,0,-1,1,1,0,0,0,2,0,0,0,0.90575,7,0,0,0,0,0,0,1.035849,1,0,-0.675676,0,1,0,0,0,0,0,0,0,0,0,0,-2,0,0,1,0,0,0,0,0,1,0,0,0,-1,0,0,0,0,0,0,0,-1,0,0,0,0,0,3,0,0,0,-0.796444,0,0,-0.707317,0,0,0,0,0,1,-1,0,1,0,0,1
0,-4,0,-1,0,0,0,-0.6,0,0,1,0,0,1,0,-1,-0.647059,1,0,0,1,0,0,-1,1,1,0,0,-1,0,0,0,1.5997,3,0,-1,0,0,1,0,1.40678,0,0,-0.804828,0,0,0,2,0,0,0,2,0,2,1,0,0,-1,0,0,0,0,-1,-1,0,1,0,0,0,-2,0,0,-1,0,0,0,0,0,0,0,0,0,0,0,0,0,0,-0.595866,0,3,-0.224538,1,0,5,0,1,0,0,0,0,0,1,1
0,0,0,0,0,0,1,-0.559348,0,0,1,0,0,0,0,0,-0.647059,1,1,0,0,0,0,1,1,1,0,0,0,0,1,0,2.9371,8,0,0,0,-1,0,0,0.462637,0,0,-0.770961,0,0,0,0,0,1,0,0,1,0,1,1,0,0,1,0,0,-1,0,0,0,0,0,-1,0,1,0,0,-1,0,0,0,0,2,0,0,0,0,0,1,0,1,0,-0.709936,0,0,-0.712649,-1,0,0,1,0,0,0,1,1,0,1,1
0,-1,0,1,0,6,0,-0.644094,0,0,1,0,0,0,1,-1,-0.715021,1,0,0,0,0,0,0,0,1,0,0,0,0,0,0,1.73205,1,0,0,-1,0,0,1,1.40678,0,-1,-0.807831,0,0,0,0,0,0,0,0,0,0,1,-2,0,0,5,0,0,-1,0,1,0,1,0,0,1,0,0,0,0,0,0,0,1,1,0,0,0,0,0,0,0,0,4,-0.612413,-1,0,-0.540214,1,0,0,-3,1,0,2,0,0,0,1,1
0,-1,1,0,0,-3,0,-0.643906,0,0,0,1,0,1,0,0,-0.764706,0,0,0,1,0,-1,0,0,0,0,0,1,0,0,0,1.19128,2,0,0,0,-1,0,0,0.568742,0,1,-0.779885,-1,0,0,0,0,0,0,0,1,0,1,-2,0,1,2,0,0,-1,0,0,1,0,1,0,0,0,0,1,0,-1,0,0,0,1,0,1,0,0,0,0,1,1,0,-0.524779,0,0,-0.571429,0,0,0,0,3,0,0,0,1,0,0,1
0,0,0,0,0,0,0,-0.587933,0,0,0,1,0,0,0,-4,-0.764706,1,-1,1,1,0,2,-3,0,0,0,3,0,0,0,-1,1.45432,0,0,0,2,-1,0,0,0.470588,0,0,-0.849599,0,0,0,0,0,0,0,0,1,0,1,0,0,0,0,1,0,0,0,0,0,0,0,0,0,0,0,0,4,0,0,0,-1,0,0,1,-2,1,0,0,0,-1,0,-0.687857,0,0,-0.740301,2,0,1,0,0,0,0,2,0,0,0,1
0,0,-1,0,1,0,-1,-0.569122,0,0,0,1,0,0,0,0,-0.764706,0,-2,0,0,0,-1,0,0,0,0,0,1,0,0,0,2.58397,0,0,0,0,0,0,0,0.368521,0,0,-0.679329,0,-1,0,0,0,0,0,0,0,1,1,0,0,0,-3,-1,0,0,2,0,0,0,0,1,0,0,0,-1,0,1,2,0,0,4,0,1,0,0,0,0,0,0,0,-0.691978,0,0,-0.70191,0,0,0,0,0,1,0,0,0,1,0,1
0,0,0,0,0,0,0,-0.48404,0,1,0,0,0,0,1,-1,-0.824963,-1,0,0,1,0,0,0,0,-1,-1,0,0,0,2,0,3.24281,2,0,0,0,0,0,0,0.748442,0,0,-0.586776,0,2,0,0,0,0,0,0,0,0,0,0,0,1,-1,0,-1,0,1,1,1,1,-1,0,0,0,0,0,0,0,0,0,0,0,0,0,0,1,1,0,0,0,0,-0.419421,0,0,-0.628501,0,0,-2,1,0,0,2,0,0,0,1,1
0,0,-1,0,0,0,0,-0.32441,0,0,0,0,-1,0,0,2,-0.682894,0,-1,2,0,1,0,0,0,-1,0,0,0,0,0,1,0.43885,11,0,0,0,0,1,0,1.21053,0,1,-0.329304,0,0,0,0,0,0,0,-2,0,0,0,1,0,0,0,0,0,0,-1,0,0,0,0,2,0,0,0,0,1,0,4,0,0,0,0,0,0,0,0,0,0,2,0,-0.567339,0,0,-0.922361,0,0,2,0,0,0,0,0,0,0,1,1
0,0,2,-1,0,0,0,-0.512409,0,1,0,0,0,0,1,2,-0.522296,0,-1,0,1,0,1,0,0,0,1,0,0,0,0,0,2.61045,13,0,0,0,0,-2,0,1.21053,0,0,-0.727341,-3,0,1,0,0,0,0,0,2,-1,0,0,0,-1,-1,-1,-1,-1,0,1,0,0,0,0,0,0,0,0,0,-1,4,-1,0,0,0,0,0,1,1,4,0,0,0,-0.713784,0,0,-0.510857,0,1,0,0,0,0,0,1,0,0,1,1
0,0,0,0,0,0,0,-0.68096,0,0,2,0,0,1,0,0,-0.02979,0,0,0,5,1,2,1,0,-1,3,0,0,1,0,1,1.77247,7,2,0,0,0,1,0,0.257337,0,0,-0.815217,0,1,0,0,0,0,1,0,0,0,0,3,0,-1,2,1,-1,0,0,0,1,-1,-2,1,2,-2,0,0,0,0,0,0,2,1,0,0,3,0,1,0,0,-2,0,-0.74452,0,1,-0.501652,0,-2,2,-1,1,0,0,0,0,0,1,1
0,2,0,0,0,0,1,2.035246,0,0,0,0,0,2,0,1,-0.582281,0,0,1,0,1,0,1,0,0,0,2,0,0,1,0,1.85714,5,0,0,0,0,0,0,1.099777,0,1,-0.723495,0,0,0,0,0,1,0,0,0,0,0,0,1,0,0,0,0,0,0,1,0,0,-1,1,3,0,1,1,0,-1,0,1,0,0,0,0,0,0,0,1,0,0,1,-0.51123,0,1,-0.609632,0,0,-1,0,0,0,0,0,0,0,1,1
0,2,0,1,0,0,0,-0.571173,0,0,0,0,0,0,0,0,-0.423509,-1,0,0,0,1,0,1,0,-1,0,0,0,0,0,0,3.01192,7,0,0,0,0,1,1,0.929179,0,0,-0.893912,0,0,0,0,0,0,0,0,0,0,0,3,0,0,0,0,0,0,0,0,0,0,1,-1,0,0,3,0,0,0,0,0,0,1,0,0,0,0,0,0,0,-3,0,-0.668095,2,1,-0.634403,0,0,0,2,0,0,0,0,0,0,1,1
2,0,0,3,0,0,-3,-0.666612,0,0,0,0,-2,1,0,0,-0.777778,-2,0,0,0,1,-2,-1,0,1,1,0,3,-1,0,0,1.8796,0,0,0,0,0,0,0,2.93333,3,0,-0.860404,1,0,0,0,-2,0,0,0,0,0,0,0,0,-4,0,0,1,0,0,0,0,-1,0,1,2,0,1,0,0,0,0,0,4,3,0,1,0,0,0,0,0,-1,0,-0.755102,1,0,-0.695113,0,0,0,0,1,0,0,0,0,2,1,1
1,0,0,0,0,0,0,-0.755102,0,0,0,0,1,0,0,1,-0.557345,0,1,0,0,0,0,1,1,0,0,0,0,0,0,0,1.10289,1,0,0,0,-2,0,2,2.93333,-1,1,-0.738733,0,-1,0,0,0,0,0,0,-1,0,-4,0,0,-1,-1,0,0,-2,0,0,3,0,1,0,0,0,0,0,2,0,0,0,0,0,0,0,0,0,-1,0,0,0,0,-0.671295,0,0,-0.728413,0,1,2,0,-2,0,0,0,-1,0,1,1
0,0,0,1,0,0,0,-0.83501,0,0,0,-1,0,0,-2,0,-0.859767,0,0,0,0,0,0,0,0,-1,1,2,2,2,0,1,0.85714,17,-1,0,3,0,0,0,3.295615,0,0,-0.890199,0,0,0,1,0,0,0,0,0,2,0,0,0,0,1,0,0,0,0,-1,1,0,0,0,0,0,0,0,0,0,2,0,0,0,0,-1,0,1,1,0,0,0,0,-0.604362,0,0,-0.767922,0,0,2,0,0,0,0,0,1,0,1,1
0,-2,0,0,0,0,0,-0.632976,-2,0,0,0,0,0,2,0,-0.648026,0,0,0,0,0,-1,0,-1,1,1,-1,0,0,1,0,1.77143,2,0,0,0,1,1,0,2.028229,0,0,-0.806452,0,0,0,0,-1,0,1,0,0,0,0,-2,0,0,0,0,0,0,-1,1,0,0,0,0,2,1,0,0,0,-2,0,0,0,0,0,0,0,1,0,4,1,0,1,-0.785714,0,1,0.665122,0,0,0,0,0,0,0,0,1,0,1,1
0,1,0,0,-1,0,0,0.268445,0,-4,2,0,0,0,0,3,-0.559785,0,0,0,0,0,0,-1,0,0,0,0,0,0,0,0,1.96176,-11,0,1,0,2,1,0,0.932126,-3,0,-0.907356,0,0,1,0,0,0,-2,0,0,2,1,-2,0,0,0,-1,0,2,0,2,-1,0,0,0,0,1,0,0,0,0,0,1,0,0,0,0,0,1,0,1,1,-1,0,-0.742957,0,1,-0.785714,0,0,0,0,1,0,0,3,1,0,1,1
0,0,0,3,0,0,0,0.121896,3,0,0,0,0,0,0,0,-0.847264,0,0,-1,0,0,0,-1,0,0,0,0,0,0,0,0,1.77143,8,-1,1,0,0,1,0,1.070595,0,0,-0.755775,0,0,0,0,-2,0,0,0,0,0,0,-1,1,0,0,0,0,0,0,0,-1,0,0,0,0,1,0,0,0,0,0,1,0,0,0,0,3,0,0,1,0,-1,1,-0.735352,0,0,0.03365,0,0,0,0,0,0,1,0,0,0,1,1
0,0,-1,0,0,0,0,-0.603391,0,0,0,0,0,0,3,-1,-0.675006,-1,0,2,0,0,0,0,1,1,0,0,2,0,1,0,0.70534,1,1,0,0,0,0,0,0.501745,0,0,-0.641514,0,0,0,0,-1,-1,0,1,0,0,-1,0,0,1,2,0,2,0,0,0,0,0,0,0,0,0,0,0,1,0,0,0,0,3,0,0,0,0,0,1,0,-4,0,-0.581592,0,0,-0.478463,0,1,0,0,0,0,0,0,0,1,0,1
1,0,-2,-1,0,0,-1,0.383256,3,0,0,0,-1,0,0,0,-0.334715,0,0,0,0,-1,0,0,0,0,-1,0,0,0,0,0,1.13573,8,0,0,0,2,0,0,0.821841,1,0,-0.230696,0,2,0,1,-2,0,0,0,0,-1,0,1,0,0,0,1,0,0,0,1,0,0,0,0,0,1,0,0,0,0,0,0,1,0,0,-1,0,0,0,1,0,0,2,-0.538462,0,1,-0.652822,2,-1,0,0,0,2,0,1,3,0,0,1
0,0,0,0,0,-3,0,-0.729729,-1,-1,0,0,0,0,0,0,-0.634265,0,1,0,2,1,0,0,0,0,0,0,0,0,0,0,1.16301,0,0,0,0,-2,0,0,0.500163,0,0,-0.594222,0,0,0,0,0,0,1,0,0,0,0,1,0,0,0,0,0,-1,0,1,-1,0,0,3,0,0,1,0,0,3,0,0,0,0,0,0,1,0,0,1,0,0,1,-0.536056,0,1,-0.673741,0,1,0,0,1,0,0,1,0,0,0,1
0,0,0,0,0,0,0,-0.571429,-1,0,-3,0,0,0,0,0,-0.500988,-1,0,0,0,0,0,0,0,0,0,0,-1,-2,0,0,1.34377,5,2,0,1,0,0,1,0.285714,0,-1,1.41281,0,1,0,0,-1,1,0,0,0,0,0,1,0,1,0,0,0,0,0,0,0,0,0,0,1,0,0,0,0,-1,1,0,1,0,1,0,0,2,0,-1,0,0,0,-0.663091,0,0,-0.65247,0,0,0,0,0,0,0,0,0,-1,0,1
1,0,0,-1,0,0,0,0.149259,0,0,0,0,0,-1,0,-2,-0.231569,0,0,0,0,0,0,0,0,0,0,0,0,0,0,0,0.92725,3,-1,0,1,1,0,1,0.324607,0,0,-0.513438,0,1,2,1,0,0,1,0,0,1,0,0,0,0,0,0,1,0,0,1,1,0,0,0,0,0,0,-1,1,0,0,0,0,0,0,0,0,0,0,-1,0,0,0,-0.615549,0,0,0.883768,1,1,-2,1,-2,0,0,0,0,0,0,1
0,0,1,1,1,0,2,1.239623,0,0,0,0,0,1,0,4,-0.63602,0,0,0,0,0,0,0,0,1,1,0,1,0,-5,0,0.81999,1,0,0,1,0,0,0,0.28434,0,1,-0.577062,0,0,-1,0,0,0,1,0,0,0,0,0,-1,1,0,1,-1,0,0,1,1,0,0,0,0,1,-1,0,-1,0,-1,0,0,0,0,0,0,0,0,0,1,2,0,-0.662577,0,0,0.066417,0,1,0,0,0,-1,0,0,0,0,0,1
0,0,0,-1,0,0,0,2.314416,0,0,0,0,0,0,0,0,-0.591773,-1,1,0,2,0,0,0,-1,0,0,0,0,3,0,0,0.65944,8,0,0,0,-1,0,0,1.619378,0,-1,-0.801182,-1,0,0,0,0,0,1,0,0,0,-1,1,0,0,0,0,0,0,0,1,-1,0,0,0,-3,0,1,2,-1,1,0,0,0,0,0,-1,0,0,0,0,0,-1,0,-0.398497,0,0,-0.644591,0,0,-1,0,0,0,0,1,0,0,1,1
0,1,0,0,0,2,1,2.569386,0,-1,0,0,0,-1,0,0,-0.76,0,1,0,1,0,0,0,0,0,0,-2,0,0,0,0,0.88571,4,0,0,-2,0,0,0,1.964093,0,1,-0.688676,0,1,0,0,0,-1,0,0,0,0,-1,0,1,1,1,-2,1,0,0,0,-1,1,0,0,2,0,1,-1,0,0,0,-1,0,0,0,0,-1,3,0,0,0,0,0,-0.769231,0,0,-0.543914,0,0,0,0,0,0,0,0,0,0,1,1
0,-2,0,0,0,0,1,1.18182,0,2,0,1,0,1,-2,1,-0.769277,0,0,0,2,0,0,-1,0,0,0,0,0,2,0,0,0.67378,5,0,-1,0,0,0,0,2.676482,0,0,-0.691834,0,0,0,0,0,0,1,0,1,0,1,0,0,0,0,0,0,0,-2,0,0,0,0,2,-1,-1,0,0,0,2,0,0,0,0,0,0,0,0,0,0,0,-1,0,-0.748703,-1,0,0.605189,0,0,-1,0,-1,0,0,0,-1,-2,1,1
0,1,0,0,0,0,1,-0.700195,0,0,0,0,0,0,-1,2,-0.558668,0,0,2,2,0,0,0,0,0,0,0,2,0,0,0,1.21929,7,0,1,-3,0,1,0,1.51667,0,0,-0.78594,0,-1,0,0,0,-4,-1,0,0,0,1,1,4,-2,2,-3,0,0,0,0,0,0,-1,0,1,0,0,0,1,0,0,0,0,-1,0,0,0,0,0,-1,0,0,0,-0.718585,0,0,-0.53155,1,0,0,0,1,0,0,1,0,0,0,1
-1,1,0,0,0,3,1,-0.714707,0,0,0,0,3,0,1,0,-0.581491,0,-2,0,2,0,0,0,0,2,0,0,0,0,0,0,2.24499,14,0,1,-1,0,1,0,1.115054,-3,1,-0.764813,0,1,2,0,0,0,0,0,1,0,1,0,0,-1,0,0,-1,0,0,-3,0,0,1,0,1,-4,0,0,0,0,0,0,0,-4,0,0,-1,-2,0,0,0,0,-1,-0.603267,0,0,-0.889641,0,0,0,0,1,0,0,1,0,3,0,1
0,1,-2,0,0,0,1,-0.664299,1,0,0,0,-1,0,-1,0,-0.751621,0,-1,0,4,0,-2,0,1,0,0,0,0,0,2,0,0.71484,4,0,1,0,1,0,-1,1.210474,0,1,-0.85419,0,0,0,0,0,0,0,0,1,0,1,1,0,0,0,-3,0,0,0,0,0,0,0,0,1,0,-2,0,0,0,0,-1,0,0,0,0,0,0,0,0,0,0,0,-0.547664,2,0,-0.571429,1,0,2,0,1,0,0,1,0,3,0,1
0,-1,0,0,0,0,0,-0.525554,0,0,2,0,0,0,0,3,-0.593543,0,0,0,0,0,0,0,0,1,0,0,0,0,0,0,0.86354,8,-1,0,-2,0,-1,0,0.818182,0,0,-0.625866,0,0,0,0,-1,0,0,0,0,0,1,5,0,-2,0,1,0,-1,2,0,1,1,1,-1,0,0,0,0,0,-1,4,0,0,0,0,0,-1,0,0,0,0,1,0,-0.443661,0,0,2.27273,2,0,0,-1,0,0,0,0,0,0,0,1
0,0,0,1,-1,0,-1,-0.639333,0,0,0,0,-1,0,0,0,-0.686777,0,0,0,1,1,0,0,0,0,0,0,0,6,1,0,1.03279,4,0,0,0,1,0,0,0.857096,0,0,-0.60948,0,0,0,0,0,0,0,0,0,1,0,1,0,0,1,0,0,0,-2,1,0,-1,0,-3,0,0,0,0,0,0,2,0,0,2,-1,0,0,1,0,0,0,0,2,-0.651315,0,0,5.546052,0,0,4,0,0,1,0,2,-1,0,0,1
0,0,0,2,0,0,0,-0.608716,0,0,0,0,0,0,0,1,-0.749314,0,-2,0,-1,1,1,0,0,3,0,0,0,0,0,0,1.03986,2,0,0,0,0,0,0,0.818182,0,0,-0.264523,-1,0,0,1,0,0,0,0,0,0,0,0,0,0,-3,0,1,0,0,3,0,0,0,0,-1,1,0,1,0,0,0,0,0,4,0,0,-1,0,0,0,0,-3,0,-0.642943,0,0,2.760228,0,0,2,0,0,0,0,0,0,0,0,1
0,0,0,0,1,2,0,-0.693961,0,0,0,0,0,0,2,0,-0.832139,0,0,1,0,0,0,0,0,3,0,4,3,5,0,0,1.00258,0,0,1,0,0,0,0,0.903597,0,0,-0.611579,0,0,-1,0,1,0,-1,0,1,3,0,-1,1,0,0,0,0,0,0,1,0,0,0,0,0,0,0,2,0,1,2,0,0,0,1,0,0,0,0,1,0,0,-1,-0.781243,0,0,-0.636364,0,0,0,0,-1,1,1,2,1,-1,1,1
0,0,0,-2,1,3,2,-0.657143,0,0,0,2,0,-1,0,0,-0.186578,0,0,0,0,0,0,0,0,0,0,0,0,2,-2,0,0.85324,7,-1,0,0,1,0,0,0.171782,0,0,-0.738121,0,0,0,0,0,0,0,0,0,0,1,0,0,1,2,-1,0,-1,0,1,0,0,0,2,-1,0,0,0,0,1,4,0,0,0,1,0,0,-1,0,1,0,0,0,-0.533614,-1,0,-0.636364,0,0,0,0,-1,0,0,2,0,0,1,1
0,1,0,0,0,0,0,-0.658307,0,0,0,-1,0,0,0,0,-0.576272,1,0,1,0,0,0,0,0,0,0,2,2,0,-2,0,0.96913,7,0,0,0,1,-1,0,0.560699,0,0,-0.628181,0,0,1,0,1,0,1,0,0,0,0,0,0,-2,0,0,0,0,-3,0,0,0,-2,0,0,0,0,-4,0,0,0,0,0,0,0,0,0,0,1,1,0,0,0,-0.401166,0,-1,-0.679219,0,0,-2,0,0,0,0,0,0,0,1,1
0,0,0,0,0,0,0,-0.522893,2,0,3,0,0,0,0,-1,-0.252953,0,0,0,1,0,0,0,0,0,0,0,0,0,1,0,1.58637,3,1,0,0,0,0,1,0.891176,1,0,-0.76893,1,1,0,-1,0,0,0,0,0,1,1,0,0,0,-2,0,0,0,0,4,1,3,0,0,0,1,0,0,0,-3,0,0,-1,0,0,0,0,1,0,0,0,0,0,-0.729379,0,0,-0.772732,0,0,0,0,0,0,0,1,2,0,1,1
0,0,0,0,1,0,0,-0.656341,0,0,-2,2,0,0,0,0,-0.496075,0,0,0,1,0,0,0,0,3,0,0,0,0,0,0,1.43875,3,0,0,2,0,0,0,1.421754,0,0,-0.744532,0,0,0,0,1,0,0,0,-2,0,0,-1,0,1,-1,0,0,0,1,-1,1,0,0,-1,0,-1,0,-1,0,1,0,0,0,0,0,0,0,0,0,-1,0,0,0,-0.762384,0,-2,-0.770851,0,0,0,0,0,0,0,0,0,0,1,1
0,0,0,0,0,0,0,-0.675347,0,0,0,0,0,0,0,0,-0.471541,0,0,0,0,0,0,-2,-1,-1,0,0,0,0,1,0,1.5128,7,0,-1,-3,0,0,0,0.892779,0,0,-0.765984,0,0,1,0,0,0,-1,0,0,0,0,-1,0,0,-1,1,0,0,0,0,1,0,0,-1,0,2,0,0,-2,0,0,0,-1,0,0,0,0,1,0,0,0,0,0,-0.754754,1,0,-0.692308,3,0,3,0,-1,0,0,0,0,0,1,1
1,-2,0,4,1,0,0,7.16,0,0,0,0,0,1,0,0,-0.680624,0,0,0,0,0,0,1,0,0,0,2,1,0,0,0,1.66121,6,0,0,0,2,0,0,2.423425,0,0,-0.618359,0,0,0,0,0,-1,0,0,0,1,0,1,-1,0,2,0,0,0,1,0,0,0,0,0,0,0,0,0,0,0,0,0,0,0,0,0,0,0,0,0,0,0,0,-0.744681,2,1,-0.639003,0,0,2,0,0,0,0,0,0,1,1,1
0,1,1,1,0,0,1,9.224286,0,0,0,-1,1,1,0,0,-0.833833,-1,-1,1,1,0,1,0,0,0,0,-1,1,0,1,0,0.83913,3,0,0,0,2,0,0,1.132495,1,0,-0.661629,0,0,0,0,0,0,0,0,0,0,0,0,0,0,1,1,0,0,0,0,0,0,0,0,0,-1,0,1,0,0,0,0,0,0,0,1,0,1,-1,1,1,0,0,-0.744681,0,0,-0.781818,0,0,0,0,0,4,0,0,0,0,1,1
0,0,1,1,1,0,0,8.669387,-2,0,-1,1,1,1,1,2,-0.907304,0,0,1,0,0,0,0,0,0,0,1,-1,1,1,0,0.95914,1,0,0,0,1,0,0,1.22857,-2,0,-0.446875,0,2,2,0,1,0,-1,0,0,0,0,-1,-1,0,1,0,0,0,1,0,0,0,0,0,1,0,0,0,0,0,1,0,-2,0,0,0,0,1,0,0,1,0,0,-0.85972,0,0,-0.715027,1,0,2,0,0,0,0,2,0,0,1,1
0,0,-1,-1,0,-1,1,2.39623,5,0,0,0,0,0,0,0,-0.733333,0,0,0,-4,0,0,-1,0,0,0,0,2,0,-1,0,0.8,1,-1,0,1,0,-2,0,2.894531,1,0,-0.822171,0,0,0,0,0,0,0,0,0,-1,0,0,0,1,0,0,0,0,0,-1,0,0,0,0,4,-3,0,-3,0,0,0,0,-1,0,0,0,-1,0,0,1,0,2,0,-0.637441,0,0,-0.929636,0,0,0,-2,0,0,0,-3,0,0,1,1
0,0,0,-1,1,0,1,2.39623,0,0,-1,0,0,0,1,1,-0.733333,1,0,1,0,0,0,0,0,0,0,0,0,0,3,1,0.8,1,2,0,-1,0,2,1,0.888502,0,0,-0.571429,0,0,0,0,0,0,0,0,0,0,0,0,-2,0,-1,3,0,0,0,-2,-2,-1,0,0,0,0,0,0,0,0,0,0,0,-1,1,0,0,0,0,0,0,0,0,-0.292042,0,0,-0.251127,0,0,0,-1,0,0,-1,0,0,1,1,1
0,-1,0,-1,0,0,0,2.39623,0,0,0,0,0,0,0,0,-0.732526,0,1,0,1,0,0,0,0,0,1,0,-1,0,0,-1,0.8,1,0,0,0,0,0,-1,2.071381,3,0,-0.512784,0,-1,0,0,0,0,-1,0,0,0,1,1,0,0,1,0,-2,0,0,0,-1,0,0,0,2,0,0,0,0,-1,0,1,-2,0,0,0,0,0,0,1,0,1,2,-0.924389,0,0,-0.497387,0,0,0,0,-1,1,0,0,2,0,1,1
0,0,0,1,0,0,0,-0.613933,1,-1,0,0,0,-1,3,0,-0.81868,0,0,0,0,-1,0,0,0,2,1,0,0,0,1,-1,2.42785,18,0,0,0,1,0,0,2.131473,0,0,-0.573435,1,0,-1,0,0,0,0,0,0,-3,0,0,0,0,3,-1,0,0,0,0,0,0,0,0,-1,-1,1,0,0,0,2,0,0,0,0,0,0,0,0,1,0,4,0,-0.707317,3,0,-0.649509,2,0,0,0,0,0,0,1,0,0,1,1
0,0,0,0,0,0,0,-0.77785,0,0,0,0,0,0,0,1,-0.700406,0,0,1,0,0,0,0,-1,0,1,0,0,0,0,0,1.26264,14,0,-1,0,1,0,0,0.954593,0,1,-0.736616,0,0,1,0,-1,0,1,0,0,0,0,0,0,0,0,0,0,0,0,0,0,0,0,0,-1,-1,0,0,0,0,3,0,0,0,0,0,0,1,0,1,-1,0,0,-0.716645,0,0,-0.700154,2,-1,0,0,0,1,0,0,2,0,1,1
1,-2,-3,1,0,0,1,-0.754115,0,0,0,0,0,-1,0,0,-0.651405,1,0,-1,0,0,0,-1,0,-1,1,0,0,0,0,0,2.06998,10,0,0,0,1,0,0,1.255493,3,0,-0.673839,0,0,0,0,1,0,1,1,0,0,0,-1,0,-1,0,0,-1,0,0,0,0,0,0,0,0,0,0,0,0,0,-1,0,0,0,0,0,-1,3,0,1,0,1,0,-0.655571,-1,1,-0.772587,0,0,0,0,0,0,-4,1,0,0,1,1
0,0,0,0,0,2,-1,-0.764153,0,0,0,0,0,0,0,3,-0.756687,0,0,2,0,1,0,0,0,0,-1,0,0,0,0,0,1.05199,1,0,0,1,0,0,0,1.451041,1,0,-0.7,1,1,0,0,0,-1,-1,0,0,-1,0,0,0,0,0,0,0,0,1,0,0,0,-1,0,0,0,3,0,0,0,0,0,0,0,0,0,2,0,0,0,0,0,0,-0.790701,0,0,-0.53833,0,0,0,0,0,0,1,0,1,0,0,1
0,0,0,1,0,0,-1,-0.412652,0,0,0,1,1,1,0,2,-0.669178,0,0,1,0,1,0,0,0,0,0,0,0,0,0,0,0.93106,6,0,0,1,0,-1,-1,1.175,1,0,-0.836432,1,0,0,0,-2,0,-1,0,-1,0,0,0,0,0,-2,0,0,0,0,0,0,2,0,0,0,0,1,-2,0,0,0,-1,0,0,0,0,0,0,0,0,0,1,-1,-0.77936,0,0,-0.472817,0,0,0,0,0,0,0,0,1,1,0,1
0,0,0,0,0,-1,0,-0.629781,0,0,-1,0,0,0,0,2,-0.862448,0,0,0,0,1,1,0,0,0,0,5,0,0,0,0,1.57164,3,0,0,0,0,0,1,0.407288,0,0,-0.827205,1,1,0,0,0,0,0,0,0,0,0,0,0,0,1,0,0,0,1,0,0,0,0,1,0,-2,2,-1,0,0,0,0,0,0,0,0,1,0,0,0,1,0,-1,-0.755102,0,0,-0.533419,0,-1,0,0,0,0,-3,1,1,3,0,1
-1,0,0,-1,0,2,0,-0.712664,0,1,0,0,3,0,1,1,-0.727273,0,0,0,1,0,-2,-1,0,0,0,0,0,0,0,0,2.70101,5,0,0,0,0,0,0,0.593397,0,-1,-0.864247,1,0,0,1,0,0,0,0,0,1,0,-2,0,0,0,0,0,0,1,0,-1,0,0,0,-1,0,1,0,1,0,0,0,0,0,0,0,0,0,0,0,0,2,0,-0.450986,1,0,-0.599129,0,0,0,-1,0,1,0,0,1,1,1,1
0,-1,0,0,0,4,3,-0.733974,0,1,0,0,0,0,0,0,-0.632276,0,0,0,1,1,0,0,0,0,0,0,2,1,0,1,1.81377,7,0,-3,0,0,0,0,1.36717,0,0,-0.757289,0,0,0,0,0,0,2,0,0,0,0,0,0,0,0,0,-1,0,0,0,1,1,0,0,-1,0,0,0,0,-1,0,0,-1,0,0,0,0,0,-1,0,0,1,0,-0.703434,0,1,-0.625,0,0,0,0,0,0,0,-2,0,1,1,1
0,0,-2,0,0,0,2,-0.750109,0,1,0,1,0,-3,0,0,-0.067019,0,0,1,1,1,0,0,0,2,0,0,0,-4,0,-1,1.61694,3,0,0,0,0,0,0,0.615603,0,0,-0.794545,0,0,0,0,-2,0,0,0,0,1,0,0,0,0,0,-2,0,0,0,0,1,1,1,0,0,0,0,0,0,0,0,0,1,0,0,0,0,-2,0,0,-1,0,0,-0.465497,0,-2,-0.609648,0,0,0,0,0,0,0,0,1,0,1,1
0,0,0,0,0,0,0,-0.505431,0,0,0,0,-1,-2,0,0,-0.734888,0,0,0,2,1,1,0,1,2,0,0,0,-1,0,0,2.36266,4,0,0,-1,2,1,2,1.15268,0,0,-0.811811,2,0,1,0,0,0,0,0,-1,0,1,0,0,1,0,1,0,0,1,0,1,0,1,3,1,0,2,0,4,0,0,0,0,3,0,0,1,1,0,1,0,0,0,-0.73913,0,0,-0.329473,0,1,0,0,-1,1,-1,1,0,0,1,1
1,0,-2,0,0,0,0,-0.692308,0,0,0,1,0,0,0,0,-0.607851,0,1,0,1,0,0,0,1,2,0,0,3,0,0,0,1.94286,5,1,0,0,0,0,1,2.612797,1,0,-0.674926,0,0,5,0,0,0,0,0,-1,0,0,0,-1,0,0,1,0,0,0,0,-1,0,0,0,-1,0,0,0,0,-2,0,1,1,0,0,0,0,0,0,0,0,3,0,-0.653151,0,0,-0.693013,0,1,3,0,0,0,1,0,2,0,1,1
0,0,-1,0,0,2,0,-0.764231,0,0,0,0,0,-1,0,0,-0.614751,0,0,0,-2,0,0,-1,0,0,0,0,0,0,1,0,1.82718,6,0,0,0,0,1,0,0.830536,0,0,-0.726828,1,-2,0,0,0,3,0,0,-1,2,1,0,1,0,0,1,0,0,1,0,1,0,0,0,1,0,2,0,2,0,0,0,0,0,0,0,0,1,0,1,0,0,-1,0.140652,0,0,-0.418505,5,1,0,-1,0,0,0,1,-1,0,1,1
0,0,1,0,0,-1,0,-0.668613,0,0,1,1,0,0,1,1,-0.823475,0,0,0,1,0,0,2,0,0,0,0,0,0,-1,0,0.73218,14,1,1,1,0,0,0,1.56863,3,0,-0.825024,0,0,-2,2,0,0,0,1,0,0,1,1,0,0,1,2,0,-2,0,0,0,0,0,0,0,0,-2,0,0,0,0,0,0,0,0,0,-1,0,0,0,0,0,0,-0.605761,0,0,-0.89976,-1,0,0,-1,1,0,0,0,0,0,1,1
0,0,0,1,0,0,-1,-0.640372,0,0,0,0,0,0,1,0,-0.750632,0,0,-1,5,0,0,0,0,1,-2,1,0,0,0,0,1.6264,6,1,0,1,1,-1,0,2.901687,0,0,-0.721871,0,1,0,0,0,0,0,1,0,0,0,0,0,-1,2,0,0,1,0,-3,0,0,0,3,0,2,0,0,-1,0,0,1,0,0,1,0,0,0,-1,0,0,0,1,-0.59844,0,0,-0.794103,0,0,2,1,1,-1,0,3,0,1,1,1
0,0,0,1,-2,0,0,-0.834793,0,0,0,0,0,0,1,0,-0.731179,0,0,0,2,0,2,0,0,2,0,1,0,3,-1,0,1.30601,6,1,0,1,-2,0,0,1.616138,0,1,-0.773845,4,1,1,0,0,0,0,0,0,0,1,1,0,-2,0,0,0,0,1,0,0,1,0,0,0,-1,1,-1,0,0,0,0,-1,2,0,0,0,0,0,0,0,0,0,-0.446398,0,1,-0.922386,0,0,0,-1,0,-1,0,-1,0,0,1,1
0,0,0,0,0,0,0,-0.334658,0,0,-1,0,0,0,1,0,-0.744681,0,0,0,0,0,0,0,0,1,0,0,0,0,0,0,1.16416,1,0,0,0,0,0,-2,0.574817,0,1,-0.708789,2,0,0,-1,0,0,0,0,-1,0,0,1,0,0,0,0,-1,1,1,1,0,0,0,0,0,0,0,0,1,0,0,0,1,0,0,0,1,0,0,1,0,0,-4,-0.75,-1,0,-0.598109,2,0,2,0,0,0,0,1,-1,0,1,1
0,0,2,0,0,1,3,-0.643336,0,3,2,0,-1,2,3,0,-0.744681,0,1,0,0,0,0,0,0,0,0,0,0,1,0,0,0.79506,4,0,-1,1,0,1,1,0.608281,0,1,-0.61571,0,0,0,0,-1,0,0,0,-2,0,0,1,0,0,-1,0,0,0,0,1,0,0,0,0,1,0,0,0,1,0,2,0,1,0,0,0,0,0,0,0,0,0,0,-0.694018,0,0,-0.657221,0,-1,0,0,0,0,3,1,0,0,1,1
0,0,0,0,0,0,0,-0.802247,0,0,0,-2,1,0,0,3,-0.744681,0,0,0,0,0,0,0,0,-1,0,0,2,0,0,0,1.22264,3,0,-2,0,0,1,0,0.296222,2,1,-0.851909,0,-1,0,0,0,0,0,0,0,0,-6,1,0,0,0,1,-1,0,1,0,0,0,0,0,0,0,0,0,0,0,0,0,0,0,0,0,0,0,-1,1,0,0,0,-0.61319,0,0,-0.636364,0,0,0,2,0,0,1,1,-1,0,1,1
0,-4,2,0,0,0,0,0.22539,0,0,0,0,0,0,0,0,-0.681392,0,0,0,1,0,0,0,0,0,0,0,0,2,0,0,0.96989,29,0,0,1,0,0,0,0.888164,0,-1,-0.647663,-1,0,2,0,-2,-4,0,0,0,-1,1,1,0,-1,0,0,1,1,0,-1,0,0,1,0,0,0,0,0,0,0,0,0,0,0,-1,0,0,0,0,0,0,0,0,-0.751985,0,0,-0.403998,0,0,0,0,0,0,1,0,1,1,0,1
0,0,0,3,0,0,0,-0.720032,0,0,0,0,0,0,0,0,-0.692308,0,0,0,-2,0,1,0,-1,0,1,3,0,0,1,0,1.33979,5,0,0,1,0,0,0,0.914762,-2,0,-0.802132,0,0,0,0,0,0,0,1,0,4,0,2,0,1,0,1,0,0,2,1,0,0,0,0,0,0,0,2,0,0,0,0,0,0,0,0,0,1,0,1,2,0,0,-0.710608,1,0,-0.678111,0,0,0,0,0,0,0,0,1,1,0,1
0,0,0,0,0,1,1,-0.733333,0,1,0,0,0,0,-1,2,-0.679323,0,1,1,3,0,0,0,0,0,0,-1,0,0,1,0,1.21857,1,0,0,0,0,0,0,0.423183,0,0,-0.75,0,1,0,0,0,0,0,0,0,0,0,0,0,0,-1,0,0,0,0,1,0,0,0,0,0,0,0,0,1,-1,0,0,2,0,0,1,1,-1,0,0,1,0,0,-0.739775,0,0,-0.551891,-3,0,0,0,0,-2,1,3,1,1,0,1
0,0,0,-1,0,0,0,-0.6,0,0,1,-2,0,-1,-1,1,-0.19082,0,0,0,0,1,1,0,0,1,-1,0,0,-1,1,0,1.02857,1,0,0,0,0,0,1,0.843399,0,1,-0.744579,1,0,1,0,0,0,0,0,0,2,0,1,-1,0,1,0,0,0,0,1,1,1,-1,0,2,0,0,1,0,-1,0,0,0,0,0,0,0,0,-1,0,0,0,0,0.382379,0,-1,-0.722746,2,0,0,0,0,0,0,0,0,2,0,1
0,2,1,0,0,0,1,-0.6,0,0,1,0,0,-1,0,1,-0.69814,0,0,0,0,1,-2,-2,0,0,0,0,0,0,1,-2,0.96194,14,0,0,0,0,0,0,3.401627,0,0,-0.657165,0,0,0,0,0,0,0,0,0,0,0,1,-1,0,1,0,1,0,0,0,1,1,-2,0,0,0,2,0,-1,1,0,0,0,0,0,0,0,-2,0,0,0,-1,0,-0.680753,0,0,-0.161794,0,0,-1,0,0,0,0,1,0,0,0,1
0,0,0,1,-1,0,0,-0.599037,0,0,0,1,0,0,-6,2,-0.673866,0,0,0,-1,1,-2,0,0,0,1,2,1,0,0,1,1.00739,8,0,-1,0,0,0,0,1.382674,1,0,-0.706504,-1,0,0,0,1,0,0,0,0,2,-1,0,0,0,0,3,-1,1,0,0,0,1,0,0,0,0,0,0,2,0,2,0,0,0,0,0,0,0,0,1,0,0,0,-0.299355,0,0,-0.385054,0,0,0,0,0,0,0,-1,0,0,0,1
0,0,1,0,0,0,0,-0.586207,-2,0,0,0,0,1,0,0,-0.785714,0,0,0,0,0,0,0,0,0,0,0,0,0,0,0,1.08571,6,0,0,-1,1,0,0,1.440054,0,0,-0.60455,0,0,-1,1,0,-1,-1,0,0,0,0,0,0,-1,0,0,0,1,2,0,0,0,0,-1,0,0,0,0,0,-1,0,0,1,0,0,0,0,0,0,0,0,0,0,-0.625349,-1,0,-0.271631,0,0,0,0,1,0,0,0,0,0,1,1
0,0,0,-1,0,0,0,-0.459993,-2,0,2,0,0,0,2,0,0.027146,1,0,-4,0,0,0,0,0,0,0,0,0,0,0,-3,1.08571,4,0,0,1,0,0,0,1.362898,0,-1,-0.733975,-1,0,0,2,0,-1,0,0,2,0,0,1,-2,0,0,-1,0,1,0,0,1,0,0,0,0,-1,0,0,1,0,0,0,0,0,0,0,0,0,1,0,-1,0,0,-0.625,0,0,0.105714,2,0,0,0,0,1,3,1,0,0,1,1
0,-2,-2,1,0,0,0,-0.560305,0,-1,-1,0,1,0,0,0,-0.799722,1,1,0,1,0,2,0,1,0,0,2,0,0,0,0,1.17818,11,0,0,0,-2,0,0,1.467532,0,1,-0.684046,0,1,1,0,0,0,0,0,0,0,0,0,-2,0,-1,-2,0,1,0,0,0,-1,0,0,0,-1,0,1,0,0,0,0,0,0,0,0,0,-2,0,0,0,0,0,-0.673842,0,0,-0.56917,0,0,0,0,0,0,0,1,0,3,1,1
-1,0,0,0,0,-1,0,-0.546047,0,0,0,0,0,1,0,0,-0.522389,0,0,0,1,0,-1,0,0,1,0,0,0,-1,1,2,0.88246,7,0,0,3,0,1,0,3.848583,0,0,-0.524729,0,0,-1,0,0,1,0,0,0,0,0,0,1,-1,0,0,0,0,-1,0,0,-1,0,0,-1,0,0,0,0,0,0,0,0,0,1,0,0,0,0,0,0,2,0,-0.805302,0,0,-0.419288,5,0,0,0,0,0,1,-2,1,0,0,1
0,0,0,1,0,0,0,0.238859,-1,0,-1,0,0,-2,1,0,-0.459539,0,0,0,0,0,-1,0,0,0,1,0,3,0,1,-1,0.73308,3,0,-1,0,0,2,0,1.621099,0,2,-0.406171,0,0,2,-1,0,0,0,0,1,0,1,0,0,0,-1,0,0,0,0,0,0,0,0,-2,0,1,-3,0,0,0,0,0,0,0,1,-1,0,0,0,2,0,-3,1,-0.675676,0,0,-0.848865,1,0,0,-1,0,0,0,0,-2,0,0,1
0,0,3,2,0,0,0,0.910677,0,0,0,0,0,0,0,0,-0.586207,0,0,0,0,0,-1,0,1,1,0,3,1,1,0,0,2.15208,7,0,0,1,1,0,-1,3.057816,0,0,4.261544,-1,2,0,0,0,0,0,0,0,-1,0,0,0,0,0,0,0,0,0,0,0,0,0,0,0,0,2,0,0,0,0,0,1,0,1,0,0,0,0,0,0,0,0,-0.682258,0,0,-0.174332,1,0,0,0,0,0,0,1,0,0,0,1
0,0,0,0,0,-3,0,-0.73913,0,0,0,0,1,-1,0,3,-0.604202,0,0,1,0,0,0,0,0,0,0,0,0,0,0,0,0.74921,6,0,0,0,-1,1,0,0.273856,0,0,-0.536137,3,-2,0,-1,0,0,1,0,0,0,-1,0,1,0,-1,1,0,0,0,1,1,0,0,0,0,0,0,1,0,-2,0,0,0,0,0,0,-1,0,0,0,0,0,-1,1.483341,0,0,3.652896,0,0,0,0,1,0,1,0,0,1,0,1
0,0,0,0,0,3,-1,-0.73913,0,0,0,0,-1,-1,0,2,0.724565,0,0,1,1,0,1,0,0,0,0,-1,-3,0,-1,1,0.74286,2,0,0,0,0,1,0,0.269231,0,0,-0.6136,0,0,0,0,0,0,0,0,0,1,0,0,0,-1,1,0,0,0,-1,0,1,0,0,2,0,0,1,0,0,0,0,0,0,0,0,0,0,0,0,0,0,-1,0,-0.142857,0,1,-0.503812,-3,0,0,0,0,-1,0,1,0,1,0,1
0,0,0,0,0,0,-2,-0.745754,0,0,0,0,0,0,0,0,-0.540378,0,0,2,0,0,0,0,0,0,0,1,1,0,0,0,0.74286,11,0,0,0,0,1,-1,0.228942,2,0,-0.538462,0,0,0,0,0,0,0,0,1,4,0,1,0,0,0,0,0,0,0,-1,2,0,1,2,0,0,0,-1,0,-1,0,1,0,0,0,0,1,0,0,1,0,0,0,-0.142857,0,0,-0.612903,0,0,0,0,0,0,0,0,1,0,0,1
0,0,0,0,0,-1,-2,-0.172648,0,0,0,0,0,0,0,0,-0.77402,0,0,0,0,0,0,0,0,0,0,0,-2,3,0,0,0.90925,0,0,1,2,0,0,0,0.233564,0,0,-0.855176,0,0,0,1,0,0,-1,0,0,1,1,0,0,0,0,0,0,0,0,0,-2,0,0,-1,0,-1,0,0,-2,0,-1,0,0,1,0,0,0,0,-1,0,0,0,0,-0.571429,0,0,-0.256617,-1,0,0,0,0,0,1,-1,0,0,0,1
0,0,0,-2,-1,2,0,-0.56952,0,0,-1,0,0,1,0,0,-0.690798,-1,0,-2,0,0,-2,0,2,0,-1,0,0,0,0,0,1.31119,1,0,0,1,2,1,0,0.250942,0,0,-0.678538,0,0,0,0,0,0,0,0,0,0,1,0,0,0,0,0,1,0,0,1,0,0,0,0,0,0,0,-1,1,0,0,0,0,3,0,0,-1,0,0,0,0,0,4,4.226408,0,1,-0.813671,-1,0,0,0,0,0,1,0,2,0,0,1
0,0,0,0,0,0,0,-0.206281,1,1,0,0,0,0,-1,0,-0.597756,0,0,0,0,0,0,0,-2,0,0,0,0,2,0,0,1.57766,2,0,-1,0,0,0,0,0.237575,0,-2,-0.570604,0,0,0,0,0,0,0,0,1,0,0,0,0,0,0,0,0,0,0,1,0,0,0,3,0,-1,0,0,0,0,0,0,0,0,0,0,-1,0,-1,0,0,1,0,-0.192289,0,1,-0.792836,2,0,0,0,0,1,1,0,1,0,0,1
0,0,0,-2,-1,0,0,-0.405839,0,0,0,0,0,0,0,0,0.336386,0,1,2,0,0,-1,2,0,0,0,-4,0,0,0,-1,0.77143,3,0,0,0,4,0,0,1.178057,0,0,-0.395039,0,0,0,-2,0,0,0,0,0,-2,0,1,0,0,4,0,1,0,-1,0,0,-1,0,0,0,0,0,0,0,0,0,0,2,-2,0,0,0,0,0,1,0,2,0,-0.768806,0,0,-0.051552,0,0,0,0,0,0,0,-2,0,0,0,1
0,0,0,0,0,0,1,-0.655409,0,0,1,0,0,0,-2,0,-0.614116,0,2,1,0,0,0,0,0,0,0,0,-1,4,0,-1,0.68127,-17,0,0,0,1,1,0,1.2963,2,0,-0.52039,0,0,-3,0,0,0,0,0,0,0,0,0,0,0,1,0,1,0,0,0,0,1,0,0,0,0,1,0,0,0,-1,0,-3,1,0,0,0,0,0,-2,0,2,1,-0.570229,0,0,-0.747481,0,0,2,0,-2,-1,1,0,0,0,0,1
0,0,2,0,0,0,0,-0.433316,-1,0,0,0,0,0,4,-2,-0.699159,1,0,-1,1,-1,0,0,0,0,0,0,-2,0,0,0,1.18878,3,0,0,0,0,0,0,1.890595,0,-1,-0.407565,1,0,0,0,0,0,0,0,0,0,3,0,0,0,-1,-1,0,0,3,0,-2,0,1,2,0,0,0,1,0,1,0,0,0,0,0,2,0,0,0,1,0,0,0,-0.773585,0,0,-0.734857,0,0,0,-1,-1,0,1,0,0,0,0,1
0,0,0,0,0,0,-1,-0.456981,0,0,0,0,0,-2,0,0,-0.588202,1,-1,0,4,0,0,0,0,0,0,2,-1,1,0,0,0.81053,0,0,0,0,0,1,0,0.271069,2,0,-0.610081,1,1,0,0,2,-1,-2,0,0,0,0,0,0,0,0,1,0,0,-2,0,-2,0,1,3,-1,-1,0,0,0,0,0,0,0,0,0,-1,0,0,0,0,0,0,0,-0.699499,0,0,-0.32334,0,0,1,1,-1,0,0,0,0,-1,0,1
0,0,0,0,0,-1,0,-0.62041,0,-1,2,0,0,0,1,0,-0.505006,0,1,0,0,0,0,0,0,0,0,0,-1,0,0,0,1.24787,3,0,0,0,0,0,0,1.20917,0,0,-0.050464,0,0,0,0,0,-2,0,0,0,0,1,0,0,0,0,-1,0,0,-2,1,0,0,0,0,0,0,0,0,0,0,0,0,0,-1,0,0,0,0,0,1,0,0,0,-0.746215,0,0,-0.376136,0,-1,1,0,0,1,1,0,-2,0,0,1
0,0,0,0,0,0,0,-0.441048,0,0,0,0,1,0,2,0,-0.465695,1,0,2,0,0,0,0,0,0,0,0,0,0,0,0,0.93793,0,0,0,0,0,0,0,1.802737,0,0,-0.555188,0,1,0,0,0,0,0,0,0,0,0,0,-2,-1,0,2,0,0,1,0,0,0,0,0,0,0,0,0,0,2,0,0,0,0,0,0,0,1,1,0,0,-3,-2,-0.741951,0,0,-0.593518,0,0,-1,1,0,-2,0,1,0,0,0,1
0,0,-4,1,0,0,0,-0.748852,0,0,0,1,0,0,0,1,-0.555556,0,0,0,0,0,-2,0,0,0,0,2,0,0,1,0,1.30729,5,0,0,0,0,0,0,0.515152,0,0,-0.590655,0,0,0,0,0,0,0,0,0,-1,-1,3,1,0,0,0,0,0,-1,0,0,0,2,0,0,2,0,0,0,1,0,0,0,0,0,0,-1,-1,0,0,0,0,0,-0.701624,0,0,-0.667589,0,0,0,0,0,-1,0,1,0,0,1,1
0,0,1,0,0,0,0,-0.643354,0,0,-1,0,0,1,0,2,-0.783901,0,3,-1,-2,0,1,0,0,0,1,2,0,0,1,-1,1.069,0,0,0,0,1,0,0,0.577808,0,0,-0.779794,0,0,0,-1,0,0,0,0,0,1,2,0,0,0,0,1,0,0,0,0,0,0,0,0,3,0,0,0,0,-1,0,0,-1,2,0,-1,0,1,0,0,0,0,0,-0.72093,0,-1,-0.583202,0,0,-1,4,0,0,0,0,0,0,1,1
-1,0,1,-2,0,-1,0,-0.571429,0,0,0,0,0,0,0,0,-0.593534,-1,0,0,0,-1,0,0,0,0,0,0,-4,0,1,0,1.95728,0,0,0,0,1,-1,0,0.515152,0,1,-0.632538,0,0,0,0,0,0,0,-1,0,0,0,0,0,-1,-2,0,0,0,1,1,0,-2,0,-2,2,1,0,0,0,-2,0,0,0,0,0,1,0,0,0,0,1,0,-2,-0.380961,0,0,-0.718509,0,0,-1,0,0,0,0,0,0,1,1,1
0,2,3,1,0,-1,0,-0.810175,0,0,0,0,2,0,-1,0,-0.711574,0,0,1,0,0,0,0,-1,0,0,0,2,0,0,0,1.2,3,0,0,0,0,0,1,1.336007,-1,0,-0.593871,1,2,0,0,-1,0,0,0,1,0,-1,1,0,1,0,0,0,0,0,0,0,0,-1,0,0,0,-2,0,-1,-1,0,0,0,-1,0,0,1,1,0,0,0,-1,0,-0.772663,0,0,-0.642463,0,0,1,0,0,0,0,-2,1,1,1,1
0,0,0,0,0,0,2,-0.692308,-1,0,0,0,0,0,0,0,-0.747488,0,0,0,4,0,0,-1,0,0,0,2,0,0,0,0,0.97771,3,0,0,0,0,0,0,1.378288,0,0,-0.744418,0,0,0,0,-1,0,0,2,1,0,0,0,-3,1,-5,0,-1,0,0,-1,1,0,-1,1,0,0,0,1,0,0,3,0,0,-1,0,0,-1,1,0,0,0,0,0,-0.75,-1,0,-0.786294,2,-1,0,0,0,0,0,-1,3,1,1,1
0,0,0,1,0,1,0,-0.71255,0,0,0,0,1,1,0,3,-0.732237,0,-1,0,0,0,0,0,0,0,-1,0,0,0,0,0,1.01677,0,0,0,0,0,0,0,2.446336,1,0,-0.715277,1,0,0,0,-1,-1,0,0,1,0,2,0,0,0,0,0,0,0,-1,1,3,0,0,0,0,0,0,-2,0,0,0,0,0,0,0,0,0,0,0,0,0,0,0,-0.75,0,0,-0.571072,2,0,-1,0,0,0,-1,0,-1,2,1,1
0,0,0,1,0,0,3,0.093994,0,0,0,0,1,0,0,0,-0.612903,0,0,0,0,0,0,0,0,0,1,2,0,0,0,0,2.55006,5,0,1,0,0,0,0,0.981283,0,0,-0.814994,0,0,0,0,0,0,0,-1,0,0,1,2,0,4,0,0,-2,0,1,2,-2,1,0,0,0,0,0,0,0,0,0,0,0,0,0,0,2,0,-1,1,0,0,0,-0.695749,-1,0,-0.549154,4,0,2,0,0,1,0,3,0,0,1,1
0,2,0,1,0,0,1,-0.641991,-1,0,-1,1,-2,0,-1,0,-0.826656,0,0,1,-1,0,1,0,0,0,0,0,0,0,0,0,1.82857,3,1,0,0,-1,0,0,0.327741,0,0,-0.8125,1,0,2,0,0,-2,-1,0,0,0,1,0,-1,0,-1,0,0,0,1,2,0,0,0,0,2,3,0,0,0,0,0,0,0,-3,0,0,1,0,0,0,0,0,-1,-0.447862,0,1,-0.353866,2,0,3,0,1,-1,0,0,0,0,1,1
0,-3,2,1,0,0,1,-0.488987,0,0,0,0,0,0,0,0,-0.612903,0,0,0,0,0,0,0,0,0,0,0,2,0,0,0,1.87756,4,0,2,1,0,0,0,1.28588,0,0,-0.674121,0,0,1,0,0,0,0,0,0,0,0,0,4,0,-1,0,0,0,1,0,0,1,0,0,0,1,0,0,0,-2,0,0,2,0,0,0,0,1,0,0,0,0,0,-0.820804,0,0,-0.857948,0,0,0,-3,1,1,-1,0,0,0,1,1
0,0,-1,1,0,0,1,-0.661911,0,0,0,0,0,0,0,0,-0.308,0,0,0,0,0,1,-1,0,1,0,0,0,0,-1,0,1.20205,2,0,0,0,0,0,0,1.4,0,0,-0.381441,0,-2,0,0,-1,0,-1,0,0,1,0,0,0,1,0,0,0,0,-1,3,0,1,3,0,0,0,0,0,-2,-1,0,0,0,1,0,0,0,0,0,0,0,0,0,-0.654621,0,-1,-0.635432,0,0,-1,-1,0,1,-1,0,0,0,0,1
0,-2,0,0,0,0,0,1.731391,0,0,0,0,-1,1,0,0,-0.670326,0,0,0,-2,0,0,4,3,0,0,0,-1,6,0,0,1.0741,1,0,0,2,3,-1,0,3.116608,0,0,-0.683552,1,0,0,0,0,0,0,0,0,0,0,0,0,-1,-3,2,0,0,-1,0,0,0,2,0,0,0,0,0,0,0,0,0,1,-1,0,0,0,0,0,0,0,1,0,-0.749526,0,0,-0.338625,1,0,1,0,0,0,0,0,2,0,0,1
0,0,-1,0,0,-2,0,-0.592841,0,0,0,0,0,0,0,0,-0.805766,0,0,0,0,0,0,0,0,0,0,-2,0,0,0,0,1.0,5,-1,0,0,0,0,-1,2.460242,0,0,-0.657143,1,0,-1,0,0,-1,0,0,1,1,0,-3,-1,0,0,0,0,0,0,0,0,1,0,3,0,1,0,0,0,0,0,0,-1,4,0,-1,0,0,0,2,0,0,0,-0.762608,0,0,-0.583965,0,0,0,2,0,0,0,0,0,0,0,1
-1,0,0,0,0,-1,0,-0.612903,0,0,0,1,1,-1,1,0,-0.299273,0,0,-1,0,1,0,0,0,0,0,0,3,0,1,0,1.18081,0,0,-2,0,0,0,0,0.243545,-1,1,-0.828734,0,1,0,0,0,0,2,0,0,0,1,0,0,0,0,0,-2,0,0,1,0,0,0,0,-1,-1,0,0,-4,0,0,0,1,0,-1,0,0,-1,0,-1,0,0,0,-0.497403,0,0,-0.823371,1,0,0,0,0,1,1,0,0,0,0,1
0,0,0,0,-1,0,-2,-0.853495,1,0,-3,0,-1,0,7,0,-0.504962,0,-1,0,0,0,0,-1,3,0,1,0,0,1,1,0,1.41473,11,0,0,0,0,1,0,0.240344,0,0,-0.910629,2,1,0,0,0,0,0,0,0,0,0,0,0,0,0,0,0,0,0,0,0,0,0,0,3,0,0,0,0,-2,-3,0,-1,0,0,0,0,0,0,1,1,0,0,-0.631361,0,0,-0.580379,0,0,0,0,1,1,0,0,0,1,0,1
0,0,-1,1,0,0,0,-0.612903,1,0,-1,-1,0,0,0,-1,-0.55695,0,0,0,2,0,0,0,-1,0,0,1,2,0,1,-1,1.17143,1,0,0,1,0,1,1,0.2419,-2,0,-0.640573,0,1,0,0,0,0,0,0,0,-3,1,0,-3,0,0,2,-2,0,0,1,0,0,0,0,0,0,0,0,0,0,0,0,0,0,0,1,0,0,-1,0,1,-1,0,-0.782951,0,0,-0.684211,-1,0,0,-1,0,1,0,0,-5,2,0,1
1,0,0,0,0,2,0,-0.777778,0,0,-1,2,0,0,3,0,-0.586062,0,0,0,2,0,0,-1,0,0,0,0,2,0,1,0,2.11734,10,0,0,0,1,0,0,0.595227,0,0,-0.773714,0,1,0,0,-1,0,0,0,0,-2,0,1,0,0,0,-1,0,0,0,0,0,0,0,0,0,0,1,0,1,0,0,-1,0,0,0,1,0,0,1,0,0,0,0,-0.804382,0,0,-0.646496,3,0,0,-2,1,0,0,0,3,0,1,1
0,0,1,3,0,1,0,-0.839691,0,0,0,0,-2,0,0,0,-0.639989,0,0,0,0,0,-1,-2,0,0,0,5,0,0,0,0,1.77062,8,0,-1,0,0,0,0,0.544118,0,0,-0.774296,0,1,0,0,0,1,0,0,-2,0,1,0,0,0,0,0,1,0,0,2,-2,0,0,1,0,0,2,0,0,0,0,0,0,-2,0,0,0,0,0,0,0,1,0,-0.774576,0,0,-0.618801,0,1,0,-1,0,1,0,0,1,-1,1,1
0,0,0,0,0,0,0,-0.605213,0,-1,2,0,0,0,0,0,-0.373509,0,-2,0,0,0,-2,0,1,0,0,0,0,0,1,0,1.97835,8,0,-2,-1,2,0,0,0.610443,0,-1,-0.828223,0,1,0,0,0,0,0,0,-1,0,0,0,3,0,0,0,0,0,2,0,0,0,1,0,0,0,0,0,0,0,0,0,4,0,0,0,0,0,1,-2,0,0,-1,-0.733333,0,0,-0.810087,0,1,0,0,0,-1,0,3,1,1,1,1
0,1,0,0,0,0,0,-0.366326,0,0,0,0,1,1,1,0,-0.650615,0,0,0,1,2,0,0,0,0,0,0,-1,0,3,0,1.51095,5,0,0,0,-1,1,0,1.479098,0,0,-0.542773,0,0,0,0,-1,0,0,0,0,0,0,0,1,0,-2,0,0,0,0,1,0,1,0,1,0,0,-3,-1,0,0,0,0,0,0,0,0,1,0,0,4,0,0,0,-0.30359,1,0,-0.644212,0,0,0,0,0,0,0,1,0,1,0,1
0,-3,0,0,0,-1,0,-0.79661,0,0,0,1,0,0,0,0,-0.739673,0,1,0,0,0,0,0,-1,0,0,-1,1,0,0,1,0.59688,7,0,0,0,2,1,0,1.679318,-1,0,-0.555054,2,0,1,0,0,0,0,0,0,0,0,0,0,0,0,0,0,0,0,0,0,0,-3,0,0,2,0,0,0,-1,0,0,0,-1,0,0,0,0,1,1,0,0,0,-0.863339,0,0,-0.659619,0,0,0,0,0,1,0,0,0,1,0,1
0,0,0,1,0,0,0,-0.575119,0,0,0,0,1,0,0,1,-0.846274,0,0,1,4,1,0,0,0,0,0,0,0,3,1,-1,1.96702,1,0,1,0,-1,2,0,0.712271,1,0,-0.55018,0,0,0,0,-1,-1,-2,0,0,0,0,-1,0,0,0,0,0,0,3,0,1,1,0,0,0,0,0,0,3,0,0,-1,1,0,1,0,-1,-1,0,3,0,0,0,-0.535873,0,0,-0.707317,0,0,0,2,0,0,0,1,0,0,0,1
0,0,0,1,0,2,0,-0.707317,0,0,0,0,1,0,0,0,-0.590737,0,0,0,1,0,0,0,0,0,0,0,0,8,0,0,0.81573,1,0,1,0,0,0,0,1.383506,0,0,1.52632,0,0,0,0,-1,0,1,0,0,0,1,3,-1,0,1,0,0,0,0,-2,0,0,1,0,3,0,0,0,0,-1,0,0,0,0,0,0,0,0,0,1,0,0,0,-0.537923,0,0,-0.414205,0,0,0,1,-1,0,0,0,0,0,0,1
-1,0,0,1,0,0,0,-0.707317,0,0,0,0,0,0,0,0,-0.474171,0,0,0,0,0,0,0,0,1,0,0,0,0,1,0,1.08571,5,0,2,0,0,0,0,1.21053,2,-4,4.566946,0,2,0,0,0,0,1,0,0,0,1,1,3,0,0,0,0,0,-1,2,3,0,0,0,0,1,0,-1,0,0,0,0,0,0,0,0,0,1,0,0,0,0,1,-0.666697,0,0,-0.430057,0,0,3,0,0,0,0,0,-4,0,0,1
0,-4,0,1,-1,2,-1,-0.492888,0,0,0,0,1,0,0,0,-0.684606,0,0,1,1,0,0,0,0,0,-1,0,0,4,0,0,0.87477,0,-2,1,0,0,0,0,2.585547,0,0,1.52632,-1,1,0,0,0,0,1,0,0,0,1,0,0,0,0,1,0,0,-2,0,-1,0,0,0,0,0,0,0,-3,0,0,0,0,0,0,0,-1,0,0,1,0,3,0,-0.64609,0,0,-0.806908,0,0,-1,0,0,0,-2,3,0,2,0,1
0,0,0,2,0,0,0,-0.541913,1,0,0,0,0,0,0,0,-0.738005,0,-2,1,3,0,1,0,0,0,-2,3,0,0,1,0,0.662,0,0,0,0,3,0,0,0.73101,0,0,-0.66718,-2,0,0,0,1,0,1,0,0,0,1,1,0,0,0,1,0,0,-2,0,1,1,0,0,-2,0,1,2,0,-2,0,0,1,0,1,0,0,0,0,1,0,1,0,-0.819498,0,0,-0.551176,1,0,1,0,2,1,0,0,0,0,0,1
0,0,1,0,0,-2,0,-0.388752,0,0,0,0,-2,0,-2,1,-0.69072,1,-1,1,0,0,0,-2,0,-1,1,0,0,1,1,0,0.98947,4,-1,0,0,0,0,0,0.754856,0,1,-0.707157,0,0,0,0,0,-1,0,0,0,0,1,1,0,0,4,0,0,0,0,1,1,0,1,0,0,1,0,1,0,0,4,0,0,0,0,2,0,0,0,1,0,0,1,-0.686721,0,0,-0.820737,0,-1,0,0,5,1,0,3,0,0,0,1
0,0,3,1,0,-2,0,-0.803279,0,-1,0,-1,0,1,0,-1,-0.637343,0,0,0,2,0,0,0,0,0,0,0,0,-1,0,-1,0.70334,0,0,0,1,0,0,0,0.742857,0,0,-0.668811,-1,0,-1,0,0,0,1,0,0,0,1,1,-1,0,0,0,0,0,1,4,0,0,1,0,0,0,0,0,-1,0,0,-1,0,3,0,-1,0,0,0,0,0,0,0,-0.818182,0,0,-0.807884,0,0,-1,-1,0,0,-1,1,3,-1,0,1
0,0,1,-2,0,2,0,-0.732661,0,1,1,1,0,0,0,0,2.14073,0,0,0,0,1,0,0,-1,2,0,0,-2,0,0,1,3.66951,10,0,1,0,2,0,0,0.600776,0,0,-0.803279,0,0,0,2,-1,1,0,1,-1,4,0,0,0,0,0,0,0,0,2,-1,0,0,2,0,0,0,1,0,0,0,0,0,0,2,0,1,0,0,0,1,0,0,0,-0.627256,0,0,-0.821595,-2,0,0,0,0,0,0,0,0,0,1,1
0,-1,1,-1,0,0,0,-0.641758,0,0,0,1,1,0,2,0,1.270071,0,0,1,1,0,0,0,0,0,-2,0,0,-1,0,0,3.3949,11,0,-1,-1,0,-4,0,1.63526,0,0,-0.327282,0,0,1,0,0,1,0,1,2,0,-1,0,0,0,1,0,0,0,0,0,0,0,0,0,0,0,0,0,0,0,0,-1,0,2,2,0,0,-2,0,1,0,0,0,-0.621117,1,0,-0.427722,2,0,-1,0,0,0,0,0,0,0,1,1
0,-1,0,-1,0,0,0,-0.727273,1,0,-2,1,0,0,-1,-3,-0.792328,0,0,1,0,0,0,0,0,0,-1,0,5,0,0,1,1.34254,2,0,0,0,0,0,-1,0.791406,1,0,-0.79966,0,0,0,0,0,0,-1,2,0,0,-1,0,0,2,0,0,1,-1,0,2,2,0,0,0,1,0,0,0,0,1,0,0,1,0,0,0,-1,0,1,1,0,0,1,-0.736769,0,0,-0.561711,0,0,0,0,0,0,0,0,1,0,1,1
1,3,0,1,0,0,1,-0.636334,0,0,0,0,0,0,1,1,-0.804865,0,0,0,0,1,2,0,0,-2,0,1,0,1,-1,-2,1.2666,0,0,-1,0,1,1,0,0.392857,-1,0,-0.830625,0,0,0,0,0,1,0,0,0,-2,-1,-2,0,0,0,0,0,0,0,0,1,2,-1,0,1,0,3,0,2,1,-2,0,-1,0,0,-1,0,0,0,0,0,0,0,-0.744498,0,0,-0.720273,1,0,-1,-1,0,0,1,0,1,0,0,1
0,0,0,0,0,0,0,-0.256731,0,0,0,0,1,0,-1,1,-0.711081,0,0,0,2,1,0,0,0,0,0,1,0,-1,2,0,0.80777,0,0,0,0,0,0,0,1.24712,0,0,-0.514139,-1,0,1,2,1,0,0,1,0,1,0,0,-1,-1,0,0,0,0,0,0,0,0,1,0,0,-1,0,-3,1,0,-1,0,-1,4,0,0,0,-2,0,0,0,0,0,-0.067409,0,0,-0.396301,0,0,-1,1,0,1,1,0,1,0,0,1
0,0,1,0,0,1,0,-0.673455,0,0,2,0,0,0,1,0,-0.85637,0,0,0,0,0,0,0,0,0,0,1,0,0,0,0,0.84795,8,0,0,0,1,1,0,0.56215,0,0,-0.424315,1,0,-2,-1,0,1,0,1,1,1,0,1,0,0,0,-2,0,0,0,0,2,0,0,0,-1,0,0,0,0,1,-1,0,0,0,0,0,0,1,0,0,0,0,1,-0.72093,0,0,-0.498483,0,0,0,0,0,0,0,-2,1,0,0,1
0,0,5,0,0,0,0,-0.797297,0,0,-1,0,0,0,2,0,-0.467739,0,1,0,0,0,0,0,0,0,0,-1,0,0,1,-2,1.46218,1,0,0,2,0,0,0,0.391839,5,0,-0.767997,0,0,-1,3,0,-1,0,0,0,-1,-2,1,0,0,0,0,0,0,0,1,1,0,-1,0,0,0,0,1,0,0,2,0,0,0,0,0,0,1,0,-2,0,1,0,-0.394473,0,1,-0.546248,0,0,0,0,0,-3,0,0,1,0,0,1
0,-1,0,0,0,0,0,-0.701437,0,-2,0,-1,0,0,0,0,-0.718355,0,1,0,0,0,0,0,0,0,0,2,0,0,1,0,0.94278,18,0,0,0,0,0,0,3.260913,0,0,-0.815459,0,0,0,0,0,-1,0,0,0,-1,0,0,0,0,0,2,0,0,0,1,0,0,1,0,0,1,0,0,0,0,0,0,0,0,0,0,2,0,0,0,0,3,0,-0.229251,0,0,-0.678037,0,0,0,0,0,1,0,0,1,0,0,1
0,-4,0,1,0,-2,0,-0.755102,0,-1,0,0,-1,-2,2,1,-0.657958,0,1,1,1,0,0,0,2,0,-1,0,2,0,1,0,1.33061,11,0,0,1,-2,0,0,1.406451,0,0,-0.699025,0,0,-1,0,2,0,2,0,1,0,0,0,0,-1,0,0,0,1,5,0,0,0,0,1,0,0,0,0,0,-1,0,0,0,0,0,0,0,0,0,0,0,-3,0,-0.4,0,0,-0.752352,0,0,0,-1,0,0,0,0,1,1,0,1
0,0,0,0,0,0,0,-0.647335,0,-1,0,1,0,0,0,0,-0.451836,0,0,0,0,0,-1,0,0,0,0,0,0,0,-1,0,0.91034,3,0,0,0,1,-1,0,0.218184,0,0,-0.682301,-2,1,0,0,0,0,1,0,1,0,2,0,-1,0,2,-1,1,0,0,0,2,0,0,0,1,0,0,0,1,2,0,0,0,1,0,0,0,2,1,0,0,1,-1,-0.478261,0,0,-0.669256,0,0,0,1,0,0,1,0,0,0,0,1
0,0,0,0,0,-3,0,0.001218,-1,0,0,0,0,0,0,1,-0.619765,0,2,1,0,0,0,1,0,0,1,0,-2,1,0,0,1.06093,0,0,0,0,0,0,-1,0.403672,1,0,-0.614738,0,0,0,1,0,0,1,0,1,1,0,1,2,1,0,0,0,0,0,0,-1,1,0,0,0,0,1,0,1,-2,-1,0,0,1,0,0,0,0,-3,1,0,0,0,-0.510644,0,0,-0.658592,0,0,0,0,0,0,1,0,0,0,0,1
1,0,0,-1,0,0,0,-0.685993,1,0,0,0,-2,0,0,1,-0.645524,-1,0,0,0,0,-2,1,0,-1,0,0,-2,-1,-1,0,0.83743,1,0,0,0,0,0,0,0.225806,0,0,-0.683182,0,1,-1,0,0,0,0,0,1,0,1,0,0,0,0,1,-1,0,-1,1,-1,0,0,0,0,-1,2,0,1,0,-1,0,0,0,0,0,0,1,-1,0,0,2,0,-0.330322,0,0,-0.667054,-1,0,0,0,0,0,1,0,0,1,0,1
0,0,0,0,0,1,0,-0.81178,0,0,0,0,0,0,2,0,-0.52776,0,1,0,1,0,0,2,0,0,0,0,0,0,1,0,1.23729,4,0,0,0,0,0,0,1.6875,1,1,-0.763224,0,-1,0,0,0,0,-1,-1,0,1,-1,0,1,3,0,1,0,0,0,2,1,0,1,0,2,0,0,0,0,1,0,0,1,1,0,0,1,0,0,0,0,-1,0,-0.702287,0,0,-0.454585,-1,0,1,0,0,1,0,0,0,0,1,1
0,0,0,0,0,3,1,3.193479,-1,0,0,0,-1,-2,0,0,-0.538462,-1,0,0,0,0,0,1,0,0,0,0,-1,2,1,0,1.37823,7,2,0,0,0,0,0,1.039794,0,-1,-0.756201,0,1,-1,0,0,0,0,0,2,0,1,0,0,0,0,0,1,0,0,0,0,0,0,-3,0,1,2,-3,1,-1,0,0,1,0,0,3,0,0,0,0,0,0,0,-0.493438,0,0,-0.7,3,0,3,-1,2,0,0,0,2,0,1,1
-1,1,0,0,0,1,0,-0.62837,0,0,0,0,0,0,2,0,-0.598987,0,1,0,1,0,0,0,2,0,0,0,1,0,1,0,1.447,3,0,0,0,0,0,-1,1.065369,1,1,-0.781414,0,0,0,0,0,0,0,0,0,1,2,0,1,0,-1,0,1,0,0,-1,0,0,0,0,4,0,0,0,-7,1,2,0,1,0,0,0,0,0,0,-2,1,0,0,-0.680102,0,0,-0.534411,0,0,1,0,0,0,3,3,0,0,1,1
0,0,0,0,-1,2,0,-0.195988,0,0,0,0,0,0,0,0,-0.671759,0,0,0,0,0,0,0,1,1,0,0,2,-2,2,0,2.48286,6,2,0,1,0,0,0,1.998037,0,0,-0.910594,0,2,1,0,0,0,0,0,0,0,0,0,-1,0,0,0,0,0,0,0,-1,0,-1,0,-1,0,0,0,0,0,0,0,0,0,0,0,0,-1,0,0,0,0,0,-0.736385,0,0,-0.618162,2,1,1,-1,0,-1,1,1,3,1,1,1
-1,0,0,0,0,0,0,-0.717716,0,-1,1,0,0,0,0,0,-0.714286,0,0,1,0,1,1,0,2,1,0,0,-1,0,0,0,1.72342,5,1,-1,0,0,0,0,1.202111,0,0,-0.805096,2,0,0,0,0,0,0,0,0,0,1,6,1,0,0,0,0,1,1,0,0,4,0,0,0,0,0,0,1,0,0,1,0,1,0,0,0,1,-2,0,1,0,0,-0.723322,0,0,-0.85062,1,1,1,-1,-1,0,0,0,1,0,1,1
0,0,0,0,0,0,0,-0.580902,0,0,0,0,0,0,0,0,-0.792046,0,0,0,0,0,1,1,1,1,0,0,0,-1,0,0,1.3312,15,0,0,0,1,-1,0,1.566502,0,0,-0.768553,0,0,1,0,0,0,0,0,1,2,0,-3,0,0,0,0,0,0,0,0,0,1,1,0,0,0,0,1,0,0,-1,0,0,2,0,0,0,0,0,1,0,0,0,-0.749089,0,1,-0.659941,0,1,0,0,-1,0,0,1,0,1,1,1
0,0,0,0,0,0,0,-0.73983,0,0,0,0,0,0,0,0,-0.428696,0,0,2,-2,0,0,0,0,0,0,-2,0,0,0,0,1.04795,2,0,0,0,0,1,0,1.012275,0,0,-0.705618,0,0,0,0,0,0,0,0,1,0,-1,0,-1,0,0,0,0,0,1,0,0,1,0,0,0,0,1,1,0,0,0,0,0,0,0,2,0,0,0,1,0,0,0,-0.238136,0,0,-0.618282,0,0,6,0,0,2,0,-1,0,1,0,1
0,0,0,0,0,-1,0,-0.8,2,0,-2,0,0,1,0,-4,-0.668957,0,0,0,0,-2,-2,0,0,0,-1,0,3,0,0,0,1.14788,6,0,0,-1,0,1,0,0.842105,0,0,-0.758693,-2,0,0,1,1,0,-2,0,1,-3,0,0,0,0,0,0,0,0,0,3,0,0,0,-1,0,0,0,0,0,3,0,0,0,0,0,0,0,0,0,-1,0,1,1,-0.675676,0,0,-0.13723,0,0,0,0,1,1,0,0,-2,1,0,1
0,0,0,0,0,0,0,-0.8,0,-1,0,0,1,-1,0,0,-0.575963,0,0,1,0,0,0,2,0,0,0,1,0,0,0,0,1.04477,8,0,0,0,0,1,0,1.046175,0,0,-0.731606,0,0,0,0,0,0,0,0,1,2,0,1,0,1,1,0,0,0,0,0,-1,5,-1,0,0,-1,1,0,0,0,0,0,0,0,0,0,0,0,1,-1,0,0,0,-0.32462,0,0,-0.518426,0,0,2,0,2,1,0,0,0,2,0,1
0,0,0,0,0,0,0,-0.454892,0,0,0,0,0,-1,0,0,-0.52303,0,-1,0,1,0,0,0,0,0,0,-1,0,-2,1,0,1.48434,16,0,3,-4,0,0,0,1.343197,0,1,-0.754309,-1,0,0,-1,1,0,0,0,0,0,0,0,0,0,4,0,0,0,0,0,0,0,0,3,0,-1,0,0,0,-5,0,0,1,0,1,1,0,0,0,0,0,1,0,-0.654783,0,0,8.967315,0,0,0,0,0,0,0,0,0,0,1,1
0,0,0,0,0,0,0,0.375793,-1,0,0,0,0,1,1,0,-0.675676,0,0,0,1,1,2,0,0,-1,0,0,0,0,0,0,1.09946,-6,0,0,1,1,0,0,1.751262,0,0,-0.70154,0,0,0,0,1,0,1,0,0,0,3,0,0,-2,0,0,0,0,0,2,0,0,0,0,0,0,0,0,0,0,0,0,0,0,1,0,0,0,0,0,-1,1,0,-0.22531,0,0,8.05263,0,0,0,1,0,0,0,0,0,1,1,1
0,0,0,0,0,0,0,-0.49545,1,0,0,0,0,-1,0,0,-0.440226,0,0,0,1,0,0,0,0,0,0,2,0,-1,0,2,1.06791,12,0,0,0,1,0,-3,1.399386,0,0,-0.687291,0,0,0,0,1,0,0,0,-1,-1,-4,0,0,0,0,0,1,0,0,0,3,0,0,0,0,0,0,0,0,2,0,0,0,0,1,-1,0,0,0,0,1,1,0,0.023243,0,0,8.05263,0,0,0,1,0,1,0,0,-1,0,1,1
0,1,0,1,0,0,1,-0.3373,0,0,0,0,0,0,0,0,-0.804657,1,1,1,0,0,0,0,0,0,1,0,0,0,0,2,0.60045,3,0,-1,0,-1,0,0,1.493054,0,0,-0.789474,0,0,0,0,0,0,0,1,0,0,0,0,-1,0,-1,2,-1,1,3,1,-1,0,1,-2,0,0,0,0,0,0,0,0,0,0,0,-1,0,1,0,0,0,0,1,-0.544131,0,0,-0.551824,0,0,4,0,1,2,0,0,0,-1,1,1
1,-1,0,0,0,0,0,-0.574241,1,0,2,0,0,0,0,0,-0.588816,0,0,0,0,0,0,-1,0,0,0,-3,0,0,2,0,1.71818,10,0,0,0,1,1,0,2.055775,0,0,-0.799346,0,-1,-1,0,0,0,0,2,0,0,0,0,0,0,0,0,0,0,1,1,-1,0,1,0,1,0,0,0,0,1,-5,0,1,0,0,1,0,1,0,0,0,0,0,-0.522102,0,0,-0.635621,2,0,0,0,0,1,0,0,0,0,1,1
0,0,0,1,0,0,0,-0.199152,1,0,2,0,1,0,0,0,-0.404486,1,1,0,0,0,1,1,0,0,1,0,0,0,0,0,1.73289,9,-1,0,0,0,1,0,3.027717,0,0,-0.76772,0,0,0,0,-1,0,0,0,0,0,0,0,0,1,0,0,0,0,0,1,0,0,1,0,0,0,0,-1,0,-1,0,0,0,0,0,0,1,1,0,0,0,1,2,-0.630622,0,0,-0.544315,2,1,2,0,0,1,-1,0,0,0,1,1
0,0,1,-1,0,1,0,-0.797248,0,0,0,0,0,1,0,0,-0.328095,0,0,-2,0,0,0,0,0,0,0,1,-1,0,0,0,1.54695,5,-1,0,0,-1,0,0,0.568254,1,0,-0.617801,0,0,0,0,1,0,0,0,1,0,-1,0,0,0,0,2,0,-1,3,1,0,0,0,0,0,2,0,0,1,0,0,0,0,0,0,0,0,0,1,-1,0,-1,0,-0.208185,0,0,-0.743733,0,0,0,0,0,0,-1,0,0,0,0,1
0,0,0,-2,-1,0,0,-0.719541,1,1,0,0,2,1,-3,0,-0.135327,0,1,0,1,0,0,0,1,0,0,0,0,0,0,0,1.94867,4,0,0,-3,1,0,0,0.533843,0,0,-0.73913,0,0,0,0,-2,0,0,0,1,0,0,0,0,0,0,0,0,0,0,0,-1,0,0,0,-3,2,0,0,1,-2,0,-1,0,0,0,0,0,0,1,1,0,0,0,-0.627774,0,0,-0.789328,-1,0,-2,0,0,0,-1,0,0,0,0,1
0,0,-1,0,-1,0,0,-0.557741,0,1,0,0,1,0,1,0,-0.585727,0,-1,0,-1,0,1,0,0,0,0,0,1,0,0,0,1.31429,1,0,0,0,0,-1,0,0.540785,0,1,-0.73913,0,2,0,0,0,0,0,1,1,0,2,0,1,0,0,1,0,-1,-1,0,0,1,0,0,0,0,0,0,1,0,-1,0,0,-2,0,0,0,0,1,-1,0,-1,0,-0.334089,0,0,-0.531167,0,0,0,0,0,0,0,3,0,0,0,1
0,-1,0,0,-1,2,0,-0.577504,0,0,0,-2,0,0,0,1,-0.696715,0,0,0,0,0,0,0,-1,1,0,0,-4,0,2,0,1.45714,3,0,0,0,0,1,1,1.350107,1,0,-0.889674,0,0,0,1,0,0,1,0,0,0,0,1,0,0,0,1,-1,0,0,1,1,-1,0,2,0,-1,1,0,0,0,0,0,1,0,0,0,-3,0,1,0,0,0,0,-0.33905,0,0,-0.529135,3,0,0,0,0,0,0,-1,0,0,0,1
0,1,0,-3,0,0,0,-0.59068,3,0,0,1,0,0,0,0,0.871719,0,2,0,0,0,0,0,0,1,0,2,0,0,0,0,1.67495,3,0,1,1,0,-1,0,1.13725,0,1,-0.636143,0,0,0,0,1,1,0,0,0,0,0,4,0,0,0,3,-1,-1,0,0,2,1,0,-2,0,0,0,0,0,0,0,0,2,0,0,0,0,0,1,-1,0,3,0,0.087796,0,0,-0.573084,0,0,-2,0,0,1,-1,0,0,0,0,1
0,0,0,0,0,0,0,-0.487098,0,0,-1,0,0,0,0,2,-0.741447,0,0,1,0,0,-1,0,1,0,0,0,0,0,0,0,1.1873,5,0,0,1,0,0,0,1.142782,0,0,-0.77606,0,0,0,0,1,0,0,-1,0,0,0,0,0,-1,0,0,0,0,0,0,1,3,0,-3,0,2,1,0,-1,0,0,0,-1,0,0,-1,0,0,0,0,0,1,0,-0.61452,0,0,-0.64813,0,0,2,0,0,0,0,0,0,0,0,1
0,1,0,-3,0,0,0,0.822978,0,1,1,0,0,0,-2,0,-0.59647,0,2,0,0,0,0,0,1,0,0,0,0,2,0,0,1.21409,6,0,1,2,1,0,0,1.671773,0,0,-0.744471,0,0,-2,0,1,0,0,0,-1,2,0,1,0,0,0,0,0,0,0,1,1,0,0,-1,3,0,2,0,0,0,0,0,0,0,0,1,0,0,0,4,0,0,0,-0.725611,0,0,-0.653223,0,0,0,0,-1,0,0,0,-1,-1,1,1
0,1,0,-2,0,0,1,-0.091728,0,0,1,0,-1,0,2,0,-0.768315,1,0,0,0,0,0,0,0,0,0,0,0,0,0,0,1.37091,6,-2,0,0,1,0,0,1.66708,2,0,-0.74909,1,0,0,0,0,0,0,0,0,0,0,1,0,0,0,3,0,0,0,1,1,2,0,0,0,0,0,0,0,0,2,-1,0,-1,0,0,0,0,0,0,-1,0,0,-0.670081,1,0,-0.758362,0,0,0,-2,0,0,0,0,-2,0,1,1
0,1,1,0,0,2,0,-0.714991,0,0,0,0,1,0,1,0,-0.620902,0,0,0,3,0,-1,0,-2,0,0,0,-1,0,-1,0,1.15536,6,0,2,0,1,0,-1,0.701231,0,0,-0.362537,0,0,-1,0,-1,0,0,0,1,0,0,-1,0,0,0,0,0,0,0,0,1,0,1,0,0,0,1,-1,0,0,0,0,0,0,0,0,0,0,0,0,0,1,0,-0.733333,0,3,-0.496498,0,0,0,0,0,0,0,0,0,0,1,1
1,0,0,0,1,0,0,-0.58319,-1,0,-1,0,-1,-1,0,-2,-0.612903,-2,1,0,0,0,0,0,0,-1,0,-2,-1,0,0,0,1.4651,4,0,-1,0,1,0,0,0.867445,0,0,-0.62924,0,0,-1,0,-1,1,0,1,0,-1,0,-1,0,-2,0,0,0,0,0,0,0,0,0,0,0,0,0,0,1,0,-2,0,0,0,0,0,0,0,0,0,0,1,0,-0.821459,0,0,-0.835616,2,0,0,0,0,-1,0,-2,-1,1,1,1
0,0,0,0,0,0,-1,-0.803706,-1,0,1,0,0,0,-1,0,-0.387236,1,0,0,0,-1,1,-1,0,1,0,-2,0,0,0,1,1.25115,4,0,0,1,0,0,0,1.594324,0,0,-0.709353,0,-2,1,-1,0,0,0,1,0,-1,0,1,0,0,0,-1,0,0,-1,3,-1,0,-2,0,0,0,1,0,1,0,0,0,1,0,0,1,0,0,0,0,0,-1,-1,-0.851501,0,0,-0.835616,0,0,0,0,0,0,1,1,0,-1,1,1
0,0,-1,0,1,0,-1,-0.229245,0,0,0,0,-2,0,0,0,-0.782257,0,0,0,2,0,0,0,-3,0,0,0,0,0,0,0,1.57345,9,0,0,1,1,0,0,1.170355,1,0,-0.792509,0,-1,-1,0,0,2,0,0,0,0,0,0,0,0,0,0,0,0,0,2,0,1,-1,0,0,0,0,0,1,1,0,0,0,0,0,0,0,0,0,0,0,1,0,-0.733333,1,0,-0.838295,0,0,1,2,1,0,0,2,0,0,1,1
-1,0,-3,0,0,-5,0,0.150164,0,0,0,0,-1,0,0,0,-0.861197,0,0,0,0,0,0,1,-1,0,0,0,0,0,0,0,1.11343,9,0,0,0,1,0,0,0.531487,1,0,-0.628092,-1,0,0,0,1,0,0,0,0,0,0,0,0,0,0,0,0,1,0,1,0,-3,1,0,-1,0,0,0,-1,-1,2,0,0,0,0,0,0,0,0,0,0,0,1,-0.838165,0,0,-0.280009,0,0,-2,0,0,0,0,-3,0,0,0,1
0,2,0,1,0,-3,0,-0.70795,0,0,0,0,0,0,-1,0,-0.75,0,0,1,0,0,0,0,0,0,0,0,0,-1,0,0,0.6923,7,0,0,0,5,0,0,0.235316,0,0,-0.544475,-2,0,0,-1,0,-1,0,0,0,0,-3,0,1,0,1,0,0,0,0,1,0,0,1,0,0,0,0,1,0,1,0,0,-1,-1,0,0,0,0,0,0,1,-2,1,-0.577954,0,0,-0.882199,-1,0,-1,0,0,2,0,2,-2,0,0,1
0,0,-2,0,0,0,0,-0.443322,0,0,-1,0,0,0,-3,0,-0.745878,-1,0,0,0,0,0,0,0,1,0,0,0,-2,0,0,3.12207,3,0,0,3,-1,1,0,2.2864,2,0,-0.33823,0,0,1,0,-1,-1,-1,0,0,0,2,-1,-2,0,1,0,0,0,0,0,0,0,0,0,0,0,0,1,-1,-2,2,0,-3,0,0,0,0,0,0,0,2,1,1,-0.593342,0,0,-0.494917,0,0,1,0,0,0,0,0,0,0,0,1
0,0,0,0,0,0,1,-0.264298,0,0,0,-1,0,0,0,0,-0.725805,-2,0,1,0,0,0,-2,1,0,0,2,0,0,0,1,1.25567,3,1,-1,5,0,1,1,0.487758,2,1,-0.760693,0,0,0,0,0,0,-1,0,0,0,0,0,1,0,0,0,0,1,0,1,3,0,1,2,0,1,1,0,0,0,0,0,0,0,0,0,0,2,0,1,0,0,-1,-0.410524,0,1,-0.727273,-1,0,-1,0,0,1,0,-1,0,2,1,1
0,0,0,0,0,0,1,-0.705578,0,0,2,0,0,1,3,0,-0.722518,0,0,3,-2,0,0,1,0,0,0,2,0,0,-1,0,1.72712,12,0,0,1,0,1,0,0.4733,1,0,-0.785147,0,0,0,0,0,0,0,0,0,0,0,0,-1,0,1,0,0,0,0,2,0,0,0,0,2,0,2,0,0,0,0,0,0,0,0,0,0,0,0,2,0,1,1,-0.639413,0,0,-0.706056,0,0,0,0,0,0,-3,0,0,1,1,1
0,2,0,0,0,0,0,-0.657143,-1,0,0,0,0,0,-2,0,-0.623741,0,0,1,0,0,-2,0,0,0,0,0,0,0,0,0,0.90716,3,0,0,0,0,1,0,0.346079,0,0,-0.785714,0,0,0,0,0,0,0,0,0,0,1,0,-2,0,0,0,0,0,0,-1,0,3,0,0,0,0,1,0,0,0,0,0,0,-2,0,0,0,0,0,0,-1,-1,0,-0.684211,0,0,-0.727273,0,0,0,0,0,0,0,0,-3,1,1,1
0,0,0,0,0,0,0,-0.442734,0,0,0,0,0,0,2,0,-0.667429,0,1,2,1,0,2,1,0,0,1,0,0,0,-1,0,1.29866,5,0,0,0,1,0,-1,0.318986,0,1,-0.757035,0,0,0,2,0,0,0,0,0,0,0,0,0,0,0,0,0,0,2,2,2,1,0,0,0,-1,0,3,0,0,-1,-2,0,0,1,0,0,1,1,0,0,0,0,-0.793287,0,0,-0.653442,0,0,0,0,0,0,0,0,0,1,1,1
1,2,0,0,1,0,0,-0.829861,-1,0,0,0,-2,0,0,1,-0.68425,0,0,0,0,0,0,-3,0,0,-1,0,0,0,0,0,1.7701,1,0,0,0,1,0,0,1.311613,0,0,-0.533123,0,0,0,1,2,0,1,0,1,0,0,0,0,0,-2,0,1,0,1,1,1,0,0,0,0,0,-1,0,0,0,0,0,1,5,0,0,0,0,0,0,0,0,0,-0.412613,-1,0,-0.607713,0,0,-2,0,0,0,0,1,0,-1,1,1
0,0,-1,0,1,0,0,-0.739738,0,0,0,0,0,0,1,1,-0.647059,0,0,0,1,-1,0,-1,0,0,0,0,0,0,0,-1,1.31178,4,0,0,0,0,1,0,0.496733,0,1,-0.786286,0,0,0,0,1,-1,0,0,0,0,0,0,1,0,-3,0,0,0,0,0,0,1,0,4,0,2,0,0,0,0,-2,-1,2,0,0,0,0,0,-1,0,0,0,-1,-0.684211,0,0,-0.721408,0,0,2,0,0,0,0,0,0,0,1,1
0,1,0,0,0,0,-3,-0.611677,0,0,0,0,0,0,2,0,-0.714204,0,0,0,0,0,0,-1,0,0,0,0,0,0,1,0,1.67967,14,0,0,0,0,0,0,0.609756,-1,0,-0.596442,0,1,0,0,0,-3,0,0,-2,0,2,0,0,0,0,-1,0,0,-1,0,0,1,-3,0,0,0,1,0,0,-1,0,0,-2,0,0,1,1,0,0,-1,0,2,-1,-0.469464,0,0,-0.699154,0,0,0,0,0,0,0,1,1,-1,1,1
0,-4,-1,0,0,0,0,-0.665294,1,0,-1,0,0,-1,3,2,-0.728561,0,0,0,0,0,0,0,1,0,0,0,-3,3,0,0,0.75141,24,0,0,0,0,0,0,0.609756,0,0,-0.707317,-1,0,0,0,0,0,0,0,0,0,2,0,0,0,-2,0,0,0,0,-3,0,0,0,0,0,-1,1,0,0,0,0,0,0,0,0,0,0,1,0,0,0,0,0,-0.460842,0,0,-0.319148,3,0,-1,0,0,0,0,0,0,0,1,1
0,-1,0,0,0,0,0,0.660295,0,0,0,-1,0,0,-1,-5,-0.661015,0,0,0,-2,0,0,0,0,0,-1,0,0,0,1,1,1.03562,10,0,0,0,0,0,0,0.609756,1,0,-0.345603,0,1,0,0,0,0,1,0,0,0,0,0,1,0,0,0,0,0,0,0,-3,-2,-1,0,3,-1,1,0,1,0,0,0,0,3,0,0,0,3,0,0,0,0,0,-0.578979,1,0,-0.862735,0,0,0,0,0,0,0,1,1,0,1,1
0,0,0,0,0,0,0,-0.445559,0,0,0,1,-2,0,0,0,-0.560739,0,0,-2,1,0,0,0,0,0,0,0,0,0,2,0,1.32726,4,0,0,-1,0,0,0,0.637147,2,1,-0.768723,0,0,0,0,0,0,0,0,1,0,1,0,0,1,1,0,0,0,-1,-2,-2,0,0,3,-1,0,1,0,0,0,0,0,0,0,0,0,0,1,0,1,-1,0,0,-0.686371,1,0,-0.770839,0,0,0,0,0,2,0,0,1,-1,1,1
0,0,1,0,-2,0,1,-0.611876,0,0,0,0,0,0,0,1,-0.60495,0,0,0,0,0,0,0,-1,2,0,2,-1,0,0,1,1.19482,1,0,0,0,0,0,0,0.603596,-1,1,-0.744051,0,0,0,0,0,0,0,0,1,0,1,0,-1,0,0,0,0,0,0,0,0,0,0,0,0,1,1,0,-1,0,0,0,1,1,0,0,0,1,0,0,0,0,0,-0.551083,0,0,-0.786616,2,0,1,1,0,2,0,0,2,0,1,1
0,0,1,-1,0,0,-2,-0.561297,0,0,-1,1,0,0,0,0,-0.492343,0,0,0,2,0,0,1,0,0,0,0,0,2,1,0,1.03892,2,0,0,0,0,0,0,0.250545,0,0,-0.449851,0,-1,0,0,4,0,-1,0,1,0,0,0,1,1,0,1,0,0,0,1,-1,-1,0,1,0,0,1,0,0,0,2,0,0,1,0,0,0,2,0,1,0,0,1,-0.389348,0,0,-0.764706,0,0,0,0,0,0,0,0,1,0,1,1
0,0,0,0,0,1,0,-0.76,1,0,1,0,0,1,0,0,-0.684977,0,-2,0,0,1,-2,0,2,0,0,2,0,0,0,0,0.62743,3,0,-1,-1,0,0,0,1.018147,0,0,-0.559981,0,0,-1,0,1,0,0,-1,0,0,0,1,1,0,0,0,0,0,-2,0,0,0,0,0,0,-1,0,0,-2,0,0,0,0,0,0,1,0,0,1,0,0,1,0,-0.69005,0,0,-0.868953,0,0,0,1,1,0,0,0,1,0,0,1
0,0,0,0,0,0,-1,5.909338,0,0,0,0,0,0,0,3,-0.675676,-2,0,1,0,1,0,1,0,1,0,0,2,0,0,0,1.00567,0,0,0,0,0,1,0,0.724534,0,0,-0.432098,-1,0,-2,0,0,-2,1,0,0,-1,-1,1,0,0,0,1,0,0,0,2,0,0,0,0,0,0,0,-3,0,0,0,0,-1,1,0,1,0,-1,0,0,0,-1,0,-0.590204,0,0,-0.653779,0,1,0,0,1,-1,-1,-1,1,0,0,1
0,0,0,0,0,0,0,-0.76,1,-2,0,0,-1,0,-2,0,-0.593806,0,0,0,0,0,3,0,1,0,0,1,1,1,0,0,0.48528,0,0,0,0,0,0,0,0.461774,0,0,-0.647059,-1,0,0,0,0,1,0,2,0,0,0,0,0,0,2,-1,0,-1,0,-4,2,0,0,0,1,0,0,0,0,0,1,0,0,1,-1,-1,0,-1,0,1,-2,0,0,-0.69929,0,0,-0.672841,1,-1,0,3,0,0,0,3,0,1,0,1
0,0,3,0,0,1,0,-0.612903,1,0,3,0,0,0,0,2,-0.20906,0,0,0,0,0,0,0,0,0,0,2,2,0,0,0,1.30788,2,0,0,0,1,0,0,1.124385,0,-1,-0.678096,0,0,0,0,1,2,0,0,0,-1,2,0,0,1,0,2,0,0,0,0,0,1,0,0,0,0,1,-1,0,-2,0,1,1,0,0,2,0,0,0,1,0,0,0,1.862971,0,0,-0.326632,0,1,2,0,1,0,0,1,1,1,1,1
0,0,0,0,0,2,0,-0.322192,0,0,-2,0,-1,-1,0,0,-0.538462,0,0,1,-3,0,-1,0,1,0,0,0,0,2,0,0,1.50324,2,0,0,0,1,0,0,0.17274,0,0,-0.7277,1,0,2,0,1,0,0,-1,0,2,0,0,-2,1,0,0,0,0,1,0,0,0,0,0,0,0,0,0,0,0,2,0,0,0,0,0,0,0,0,1,0,0,0,-0.647535,0,0,-0.589886,2,0,0,0,0,0,-1,0,0,0,1,1
-1,0,0,0,0,0,0,-0.59903,1,0,0,0,0,-1,0,0,-0.246763,0,0,0,0,0,0,0,1,0,0,0,0,0,1,0,1.31429,3,0,0,0,0,0,1,1.179118,0,1,-0.713899,1,-1,1,0,0,0,0,0,0,-1,0,-3,0,1,0,1,0,-1,0,-2,0,0,0,2,0,0,3,0,0,0,2,0,-1,-4,0,0,0,1,0,0,0,1,-1,-0.628982,0,0,-0.79661,0,0,0,2,0,-1,-1,1,0,2,1,1
0,0,-1,0,1,0,2,-0.476458,1,1,0,-1,-1,0,0,0,-0.826087,0,0,1,0,0,0,0,0,0,1,-1,0,0,0,0,2.06577,0,0,0,0,-1,-1,0,0.819128,0,1,-0.820896,0,0,0,1,0,0,0,0,0,0,0,0,0,0,0,1,0,0,0,-1,0,0,0,0,1,1,0,0,0,0,2,0,0,0,0,0,1,0,0,1,0,1,0,-0.492523,0,0,1.123165,4,1,0,0,0,0,1,2,0,-1,1,1
0,0,0,0,0,2,0,-0.45991,1,0,0,0,-2,0,0,0,-0.788084,0,0,0,0,-1,0,0,3,0,1,4,0,0,0,-1,1.91429,3,0,0,0,0,0,1,2.163367,0,1,-0.810616,0,0,0,0,0,0,-1,0,0,0,-2,0,-1,-1,0,1,0,-1,1,0,0,0,1,0,0,0,0,0,0,0,0,0,0,0,0,0,0,1,1,0,0,2,0,2.521849,0,0,0.182965,0,1,0,0,0,0,0,0,0,0,1,1
0,0,0,0,1,0,0,-0.641345,0,1,0,0,0,0,0,0,-0.401874,0,0,1,0,0,0,0,0,0,0,0,0,0,0,0,2.47717,7,0,0,0,0,0,1,0.710293,2,1,-0.820896,0,2,0,0,-2,0,0,0,0,0,0,0,0,0,0,1,0,0,0,0,1,6,0,0,-1,0,0,0,0,4,0,0,0,0,0,0,0,0,0,0,0,1,2,-0.691095,0,1,2.998017,0,1,0,0,0,-1,0,0,0,-1,1,1
0,0,-1,0,0,0,0,-0.804115,0,-1,0,0,-2,0,4,0,-0.749008,0,0,0,2,0,0,0,0,1,0,0,0,3,-2,0,1.83051,0,0,-1,0,0,0,-1,0.21664,0,0,-0.861442,0,0,0,0,0,0,0,0,0,0,0,0,0,0,-1,0,0,0,1,0,0,0,1,0,0,1,1,2,0,1,3,0,0,-1,0,0,1,0,0,0,0,0,1,-0.671513,0,0,-0.694693,0,0,2,0,0,0,0,2,0,0,1,1
0,0,1,-1,1,2,0,-0.62553,0,0,-1,0,-1,0,0,0,-0.808667,0,1,-3,0,0,-1,-1,0,0,-1,2,0,0,0,0,1.25215,2,0,0,-1,1,0,0,0.814326,0,0,-0.815695,0,0,1,-1,0,0,0,0,0,2,-5,0,0,0,-1,-1,0,1,0,3,0,0,1,0,1,1,0,0,0,0,0,0,0,2,-1,0,0,2,0,0,0,0,0,-0.658421,0,0,-0.684211,0,0,0,0,0,-1,0,1,1,0,1,1
0,0,0,0,1,0,0,-0.120323,0,1,0,0,0,0,2,0,-0.76,0,0,1,-1,0,0,0,0,0,0,3,0,2,0,0,0.41657,2,0,0,-2,0,0,-2,0.174775,0,0,-0.751661,0,1,0,0,1,1,0,1,0,0,-1,0,2,0,0,0,0,1,0,-1,-1,0,1,0,0,0,1,2,0,-1,0,1,0,0,0,0,0,-1,0,0,0,0,0,-0.749229,0,1,-0.740817,0,-1,0,1,0,2,1,0,0,0,1,1
0,-1,3,0,0,0,0,-0.631399,0,0,-1,-1,0,1,0,0,-0.798769,0,0,0,0,0,0,0,0,0,0,2,0,0,0,0,1.83434,2,0,2,0,0,0,0,0.491002,0,0,-0.823595,0,0,0,0,0,-1,0,0,0,3,2,0,0,0,0,0,0,0,1,0,-2,0,-1,0,1,-1,0,0,0,0,0,0,0,0,1,1,1,1,0,1,0,2,0,-0.812546,0,0,-0.619164,0,-1,3,-1,-1,1,0,1,1,1,1,1
0,0,1,0,0,0,0,-0.655421,2,0,0,1,-1,0,2,0,-0.8125,0,0,0,1,0,0,0,0,0,-1,0,0,0,0,1,2.7275,6,0,0,0,1,-1,0,0.970588,0,0,-0.837486,0,0,0,0,0,1,1,0,0,0,0,0,-1,1,0,2,0,0,0,0,1,0,-2,1,0,0,0,-2,0,0,2,1,0,-1,1,0,0,1,0,2,-1,3,0,-0.747202,0,0,-0.265046,0,0,0,0,0,0,0,1,0,0,1,1
0,1,0,0,0,-1,0,-0.285878,0,2,0,0,-1,0,1,0,-0.815408,-2,-1,0,0,0,0,0,0,-2,0,0,0,0,0,0,1.8679,11,0,0,0,-3,0,0,1.046537,0,0,-0.885699,2,0,0,0,0,0,1,-1,0,0,0,0,0,-1,0,2,0,1,-1,0,0,0,0,0,2,0,1,0,0,2,-1,0,-1,0,1,0,1,1,0,1,0,0,0,-0.862945,0,0,-0.639905,0,0,0,0,-3,1,0,1,1,0,1,1
-1,-3,0,1,0,0,1,-0.144879,-1,0,0,0,0,1,0,0,-0.596981,0,1,0,1,-1,0,0,0,0,0,2,0,0,0,2,2.05714,4,0,0,0,0,0,0,1.523287,0,0,-0.533989,0,0,1,0,0,0,0,0,0,1,0,0,0,3,3,2,1,0,0,0,0,1,0,-1,0,1,0,0,0,2,2,1,-2,1,0,-3,2,-1,0,0,0,1,0,-0.699286,0,0,-0.8125,0,-3,-1,0,0,-1,0,0,1,0,1,1
0,-1,2,2,0,0,1,-0.654339,0,0,0,0,0,0,0,0,-0.898468,0,-2,0,0,0,2,0,0,0,-1,1,2,0,0,0,2.55743,11,0,0,-1,0,0,0,1.028183,-3,1,-0.833333,0,0,1,-1,0,0,-1,0,0,0,1,0,0,-2,0,0,1,0,0,3,0,2,2,1,0,1,0,1,0,2,0,0,1,0,0,0,0,-2,0,0,0,1,0,-0.512013,0,-1,-0.676532,2,0,0,0,0,0,0,0,2,0,1,1
0,0,0,0,0,0,0,-0.737652,0,0,0,1,0,0,0,0,-0.757547,0,0,-3,0,0,2,2,0,0,0,0,0,0,0,0,2.48759,2,0,2,0,0,1,0,1.066637,2,0,-0.582038,0,0,0,0,0,0,0,0,0,0,1,0,0,0,0,0,1,0,0,1,0,-2,0,0,0,-1,0,1,0,0,0,1,-1,0,0,0,0,0,0,0,0,0,0,-0.607024,0,0,-0.855098,0,0,0,-1,0,-1,-1,0,1,0,1,1
0,1,2,-2,0,1,0,-0.464691,0,0,1,0,0,0,4,0,-0.368675,0,-1,1,0,1,0,0,0,0,0,0,-1,0,0,0,2.05714,3,-1,0,0,0,0,0,0.90626,0,0,-0.731684,1,0,0,0,0,0,2,1,0,0,0,0,0,0,0,0,0,0,0,-2,0,1,0,0,0,1,0,0,1,0,0,1,-2,-3,0,0,-2,0,0,0,0,0,0,-0.473229,0,0,-0.386646,-1,0,0,0,0,-1,0,0,0,0,1,1
0,0,0,0,0,1,0,-0.299149,0,0,0,0,0,0,-1,-2,-0.587473,-1,0,0,3,0,0,0,1,0,0,0,0,3,0,0,2.05714,6,0,0,0,0,0,0,2.652783,1,0,-0.833333,0,0,0,0,0,-1,0,1,0,0,0,0,0,-1,1,-1,0,0,0,0,0,0,0,0,2,0,0,0,0,-1,0,0,0,-3,2,0,0,0,0,0,0,2,1,-0.479005,0,0,-0.738674,0,0,0,1,0,0,0,-4,0,0,1,1
0,1,-1,0,0,0,0,-0.675538,1,0,0,1,0,1,0,0,-0.562731,0,1,1,-1,-1,0,-4,0,1,0,0,0,0,0,0,1.89966,3,0,1,1,1,0,0,0.168574,2,0,-0.833333,0,0,0,0,0,0,0,0,0,1,0,0,-1,0,1,2,0,0,0,0,1,4,0,0,0,1,0,0,1,0,0,0,1,0,1,0,1,-2,0,0,0,-1,0,-0.661774,0,0,-0.830746,0,0,0,0,0,0,0,-1,0,-1,1,1
0,0,4,-1,0,2,0,-0.257758,1,-1,0,1,0,0,0,0,-0.733333,0,0,0,0,0,0,0,1,2,0,0,2,0,0,0,1.22139,2,-1,0,0,0,0,-1,1.001233,0,0,-0.778338,0,1,0,-1,0,0,0,0,0,0,0,5,0,0,0,0,0,0,2,0,2,0,3,0,0,0,-1,2,0,0,0,0,-1,0,-1,0,0,1,0,0,0,0,0,-0.584691,0,-1,-0.462801,0,0,0,0,0,0,0,1,0,2,1,1
0,0,0,0,0,-2,0,-0.63765,0,0,1,0,-2,-2,-3,0,-0.426709,0,0,0,0,-1,0,0,2,0,0,0,3,0,1,0,1.32355,8,1,0,1,0,0,-1,1.256739,0,0,-0.700501,0,0,0,0,0,0,0,0,0,0,1,0,0,0,1,0,0,-1,2,0,0,0,0,0,-1,0,2,-1,0,2,0,0,-1,0,0,2,0,1,0,1,1,0,0,-0.490873,0,0,-0.647059,0,0,0,0,0,-1,0,1,1,-2,1,1
0,1,0,0,0,0,1,0.005298,-1,0,0,-1,0,1,2,0,-0.664645,0,1,0,0,1,-1,0,1,1,0,0,0,0,0,0,1.31398,6,0,0,0,2,0,0,0.832509,0,0,-0.699846,0,1,-1,0,1,2,0,0,0,0,0,0,-3,0,1,-3,0,0,0,0,0,0,0,0,0,1,0,1,0,0,0,0,-4,-1,0,0,0,1,0,0,0,0,0,-0.524632,0,0,-0.677123,0,0,0,-3,0,1,0,0,0,-1,1,1
0,0,0,1,0,0,0,-0.820896,0,0,0,-1,-1,0,-4,0,-0.666933,0,0,0,0,0,-1,1,0,0,0,0,1,0,0,0,0.83152,3,0,0,0,0,0,0,1.56522,0,0,-0.537877,1,0,0,-1,0,0,0,0,0,0,3,2,1,0,0,-1,0,0,1,2,1,0,0,0,0,-1,0,0,0,1,1,0,0,0,0,0,0,0,0,0,0,0,0,9.24719,0,0,-0.651539,1,0,1,0,0,-1,0,0,0,0,0,1
0,0,0,1,0,-1,1,-0.800546,0,0,0,0,-1,0,0,0,-0.097002,0,0,0,-1,0,0,0,-1,1,0,0,0,0,0,0,0.66834,1,0,0,0,0,0,0,1.56522,2,1,-0.321914,4,0,0,-1,-1,0,0,0,0,2,0,0,0,0,0,0,0,0,0,0,1,0,0,-2,0,0,0,0,0,0,0,0,0,1,0,0,0,1,0,0,0,0,0,8.032044,0,0,-0.806183,-1,0,2,-1,2,1,0,0,0,2,0,1
0,0,0,1,0,0,0,-0.619731,0,0,0,0,1,0,0,0,-0.728075,0,0,0,0,0,0,1,0,0,1,-1,1,0,0,0,0.5949,3,0,0,0,-2,0,0,1.622304,1,0,-0.151921,1,0,1,1,0,0,1,0,0,0,1,-2,1,-1,0,0,0,0,0,0,-1,1,0,0,0,0,-2,-1,0,1,0,0,0,0,0,0,6,1,-2,0,0,0,0,9.24719,0,0,-0.672447,0,0,1,0,0,0,-3,1,0,0,0,1
0,0,1,1,0,3,0,-0.818211,0,0,1,0,0,0,0,0,-0.720588,0,0,0,1,0,0,0,0,-1,1,0,-1,1,0,0,0.46206,5,0,0,0,0,-1,0,0.333333,0,1,-0.666667,0,1,0,1,0,-1,0,0,0,0,0,1,0,-1,0,0,0,0,3,0,0,-1,0,-1,0,0,0,-1,0,0,0,0,0,0,0,-1,0,0,0,0,0,1,0,-0.62417,0,-1,-0.593855,0,1,0,0,0,0,0,0,1,0,0,1
0,-1,0,0,0,0,0,-0.707317,0,0,0,0,0,0,0,1,-0.886341,0,0,1,1,0,0,2,0,0,0,1,-1,0,1,1,1.02857,8,0,0,1,0,0,0,0.577385,0,0,-0.669439,0,0,0,1,0,0,0,0,0,0,0,0,0,0,1,0,0,-1,0,1,0,0,0,3,0,0,0,0,1,-1,-2,0,0,-1,0,0,-1,0,0,0,0,0,0,-0.625191,0,0,0.046564,1,0,0,0,0,0,0,-1,0,0,0,1
0,0,-1,0,0,0,0,-0.579128,0,0,-2,0,0,0,1,0,0.005585,0,-1,-1,2,0,0,3,0,-1,1,-1,-1,-4,0,0,1.06206,0,0,0,0,0,0,0,0.253304,0,0,-0.651054,-1,2,0,0,2,0,0,0,-1,0,0,1,-1,0,0,0,0,0,0,0,0,0,1,0,-1,0,0,0,0,0,0,0,1,0,0,-2,0,0,0,-1,0,0,0,0.414913,0,0,0.994145,0,0,0,0,0,0,0,0,0,0,0,1
-1,0,0,0,0,0,0,-0.42584,0,0,-1,0,0,0,0,0,-0.752977,0,0,0,0,0,0,2,0,0,0,0,0,0,0,0,1.41377,4,0,0,0,0,0,0,0.73913,0,0,-0.695698,0,1,0,0,0,0,-1,0,0,0,0,1,2,1,2,0,0,0,0,0,0,0,0,0,-3,0,-2,0,1,3,0,0,0,0,0,0,1,1,-2,0,0,0,0,-0.707317,0,0,-0.44328,2,0,-2,0,0,0,0,1,1,0,0,1
0,2,2,-1,0,0,0,0.523858,0,0,0,0,-1,2,2,0,-0.902146,0,0,0,0,0,0,0,-2,0,0,0,0,0,0,0,1.88663,8,0,0,0,-1,1,0,2.447245,-1,0,-0.708123,-4,1,0,0,0,0,0,0,1,0,-1,1,3,0,0,0,0,0,0,0,-1,0,0,0,0,0,0,0,1,0,-1,0,-1,0,0,0,0,0,0,0,0,1,0,-0.707317,-1,1,-0.535186,0,0,0,0,0,0,0,1,0,0,0,1
0,0,0,0,0,0,0,-0.33446,-1,0,1,0,2,0,0,0,-0.781818,0,0,0,0,0,-1,2,2,0,1,1,0,1,-1,0,1.31429,0,0,0,1,0,0,-1,1.344879,0,-1,-0.325431,0,1,-1,0,-1,0,0,0,0,0,0,0,1,0,0,-1,0,0,1,0,0,0,0,1,0,0,0,0,1,0,0,1,0,0,0,0,0,0,0,0,0,0,0,-0.4928,0,0,-0.571429,3,0,0,0,0,1,0,1,0,1,0,1
0,0,1,1,0,0,1,-0.771456,0,0,0,0,0,0,0,0,7.88,0,0,1,1,0,3,0,0,0,0,0,0,0,0,0,1.06142,-9,1,0,0,0,1,0,0.665166,4,0,8.81818,0,0,1,0,0,1,0,0,0,0,0,0,0,0,1,0,0,0,1,1,0,0,1,1,0,0,2,-2,0,0,2,0,1,-4,0,0,0,0,0,0,0,0,0,-0.675676,0,1,-0.651472,-1,0,0,0,0,0,0,0,0,0,1,1
0,0,2,0,0,0,1,-0.605994,0,0,0,0,0,0,0,-3,-0.270588,0,0,0,0,0,0,0,0,2,0,0,0,0,0,0,1.55195,9,0,0,0,0,1,0,0.947744,0,0,5.282873,0,0,-1,0,1,0,0,0,0,0,1,0,0,-1,0,0,0,-2,0,0,0,0,0,-1,0,0,1,0,0,0,0,0,0,0,1,0,-2,0,0,1,0,0,0,-0.701792,0,0,-0.744754,-1,0,0,2,0,0,0,1,5,0,1,1
0,0,0,-2,0,0,2,-0.675676,0,1,-1,0,0,0,1,1,7.88,0,0,2,0,0,0,0,0,0,0,0,0,0,1,0,2.02294,15,0,0,0,1,1,1,0.97683,0,0,8.855238,0,0,0,0,0,0,0,-1,0,0,1,0,0,0,0,0,0,0,0,0,0,0,0,0,0,0,0,0,0,0,0,0,0,0,-1,-1,0,0,0,1,0,4,-1,-0.617507,0,0,-0.663165,0,0,0,0,0,0,0,0,0,0,1,1
-2,0,1,0,0,0,1,-0.538462,1,0,-1,-1,1,1,0,0,-0.126253,0,0,0,4,0,0,0,0,0,0,0,0,2,0,0,2.33365,9,0,0,0,1,1,0,1.481592,0,0,-0.526099,-1,1,0,0,0,-1,-2,0,-2,-2,0,0,1,0,1,0,0,0,-3,0,1,0,0,0,2,2,0,0,1,0,0,0,0,0,0,0,-1,0,0,0,1,3,0,-0.340381,-1,0,-0.721323,0,0,0,1,0,0,0,1,-1,1,1,1
0,1,0,2,0,0,1,0.585176,0,0,0,0,0,2,3,1,-0.752474,0,2,0,1,0,1,0,2,0,0,2,-1,0,0,0,1.78975,4,0,0,0,0,0,0,1.350528,0,0,-0.744681,1,1,-2,1,1,0,0,1,0,0,0,0,3,0,0,0,0,0,0,0,0,0,-1,0,0,0,0,-2,0,0,0,-1,0,2,0,0,0,0,1,0,0,1,0,-0.004127,0,0,-0.773271,0,0,0,0,0,0,0,0,1,0,1,1
0,1,1,0,0,0,1,-0.468367,0,0,-1,0,0,1,0,0,-0.555556,0,0,0,0,-1,1,0,0,1,0,-4,0,0,1,0,1.12147,0,0,0,0,1,0,0,1.20568,2,0,-0.742276,0,1,0,0,2,0,0,1,0,0,-2,0,1,0,0,-1,-1,-1,0,0,0,0,0,0,0,0,2,0,1,0,0,0,0,0,0,0,0,0,0,0,0,2,0,-0.311359,-1,3,-0.5631,0,0,3,1,0,0,0,0,0,-1,1,1
0,0,0,1,0,0,-2,-0.588448,0,1,0,0,0,4,0,-1,-0.800635,0,0,0,0,1,0,-2,0,0,0,2,0,2,2,0,1.32935,4,1,0,0,0,0,0,1.65517,-1,0,-0.671829,-1,0,0,0,-5,0,0,0,0,0,3,3,-2,-2,0,0,1,0,0,0,0,0,1,-2,0,0,2,0,0,1,0,0,0,2,0,1,0,0,0,0,0,1,0,-0.825906,0,0,-0.89806,0,0,0,0,0,0,0,0,0,0,1,1
0,0,0,1,0,0,0,-0.435932,-1,1,0,0,0,0,0,0,-0.406821,1,0,1,0,0,0,0,0,0,0,0,0,0,0,0,1.32788,8,0,1,-1,0,0,0,1.771928,0,0,0.823703,0,1,1,-1,-1,-1,0,0,0,0,0,2,1,0,2,0,0,0,0,2,0,2,0,0,0,0,1,0,0,1,0,0,-1,0,0,1,0,0,0,0,1,1,0,-0.110056,0,1,-0.644677,0,0,0,-1,0,0,-1,0,1,-2,1,1
0,-1,-2,1,0,0,0,1.158812,0,0,-1,0,0,0,0,0,-0.431259,0,-1,0,0,0,0,0,0,0,0,0,0,0,2,0,2.18527,2,0,-1,0,0,1,0,0.805221,0,0,0.231668,3,1,0,-1,0,0,0,0,0,0,1,0,0,0,1,1,-1,0,0,0,0,0,0,0,0,0,1,0,0,0,0,0,-1,0,0,1,0,-3,-1,0,1,0,0,-0.597516,0,0,-0.736977,0,0,3,0,0,-1,0,0,1,4,1,1
0,0,0,1,2,-1,0,-0.436332,0,0,1,0,1,1,0,0,-0.683044,0,0,1,0,-1,0,0,0,1,0,0,-1,0,0,0,0.80326,3,0,0,1,1,0,-1,2.65468,0,0,-0.632119,0,0,0,1,1,0,0,0,0,0,1,1,0,0,1,0,0,0,1,-2,0,0,1,0,0,0,-1,-1,-1,0,0,0,0,0,0,0,0,1,0,0,0,0,0,-0.838188,0,1,-0.627627,0,0,0,1,0,-1,0,0,1,1,1,1
0,2,1,-1,0,3,0,-0.845104,0,1,0,-2,0,0,0,1,-0.615921,0,0,0,0,0,-2,0,0,0,0,0,0,0,1,0,1.39689,7,0,0,0,1,0,0,2.735693,0,0,-0.540847,0,0,0,0,0,1,0,1,0,0,0,0,0,0,0,-1,0,1,2,1,0,0,1,0,0,2,2,-2,0,0,0,0,1,0,0,0,0,0,0,0,0,-2,0,-0.795427,0,2,0.242115,0,0,0,0,0,0,0,1,1,0,1,1
0,0,0,0,1,0,0,3.850538,-1,1,2,0,0,0,0,1,-0.893472,1,0,3,0,1,0,2,1,0,0,2,0,3,0,1,0.85913,6,2,0,0,1,-2,0,2.317323,0,0,-0.647296,-1,0,1,0,0,0,0,-1,0,0,1,0,0,0,2,0,0,0,2,0,-1,-1,1,0,0,1,0,0,-1,0,0,0,0,0,0,0,0,1,0,0,0,0,1,-0.468193,0,0,-0.365263,0,0,-2,0,0,0,2,1,0,0,1,1
0,0,0,0,0,0,0,-0.797907,0,0,0,0,-2,0,0,0,-0.625475,0,0,0,0,0,2,2,0,0,0,0,1,0,0,0,1.26495,12,0,0,0,1,0,0,3.975499,-3,0,-0.627322,0,0,0,0,0,-1,0,0,0,0,0,0,1,0,-1,0,0,0,0,0,0,0,1,0,2,0,-2,0,1,-1,0,0,0,-1,0,0,0,0,0,0,0,1,1,-0.520135,-3,0,-0.678957,0,0,0,0,0,1,-1,0,0,0,1,1
0,0,-2,0,0,1,0,-0.764706,0,0,0,1,3,0,2,1,-0.723798,0,0,0,0,0,-3,0,0,0,0,2,0,0,2,0,0.66155,3,0,0,0,0,0,0,0.806063,1,0,-0.886144,0,0,-1,0,0,0,1,-1,0,0,1,1,0,0,0,0,0,0,0,0,0,0,1,0,2,0,0,1,0,0,0,0,0,0,0,0,0,0,0,0,0,1,0,0.362745,-1,0,-0.479754,2,0,0,0,0,1,0,-1,0,0,1,1
-1,0,2,-1,1,0,0,-0.854143,0,0,0,0,0,1,0,1,-0.772768,0,0,3,0,0,0,0,0,0,1,0,-1,-1,1,-1,1.0598,2,0,0,0,0,0,0,0.827348,1,0,-0.714286,0,2,0,0,-1,0,1,0,0,0,1,1,1,-1,0,-1,0,0,0,0,0,0,1,0,0,2,0,0,1,-1,0,0,0,-3,0,-1,0,0,0,0,0,0,0,-0.321601,1,0,-0.175702,-1,0,-1,0,0,1,0,-2,0,0,1,1
-1,4,1,0,0,0,0,-0.756013,0,0,0,0,0,0,1,0,-0.675778,0,0,2,1,1,1,-2,1,0,1,0,0,0,0,0,1.01749,8,0,0,2,0,0,0,0.266667,-2,0,-0.57723,-1,0,0,0,2,0,0,0,0,0,0,0,1,0,-1,0,-1,0,0,0,0,0,0,2,1,0,0,0,0,0,2,0,3,0,0,1,0,0,0,-1,0,0,0,-0.422102,0,0,-0.53987,-1,0,-2,0,0,0,0,1,0,0,0,1
0,0,0,2,0,5,-2,-0.698194,0,0,0,0,0,0,1,0,-0.72093,0,0,0,1,0,0,-2,0,0,0,1,1,-2,0,-1,0.88357,3,0,-1,0,0,1,0,0.207342,0,0,-0.59967,-2,0,0,0,0,0,0,0,0,0,1,0,-1,-1,-1,0,0,0,0,0,0,0,0,0,4,0,0,0,3,2,0,0,0,0,1,1,0,1,0,1,0,1,0,-0.348237,0,0,-0.615879,0,0,0,0,0,1,0,0,1,0,0,1
0,0,0,-1,0,0,0,-0.714286,0,0,0,0,0,0,-1,0,-0.8024,-1,0,2,0,0,0,0,0,0,0,2,0,0,0,0,0.94504,0,-1,0,0,0,0,0,2.5503,0,0,-0.630056,0,1,0,0,-1,1,0,0,0,1,-1,0,-1,0,0,0,0,0,0,0,-1,0,0,0,-1,0,0,0,0,0,1,-1,0,0,1,1,0,0,0,1,0,-2,-2,-0.401239,0,0,-0.644198,0,0,-2,0,0,0,0,0,0,0,0,1
0,0,0,0,0,0,-1,-0.583736,0,0,0,0,0,0,0,0,-0.745616,0,0,1,0,0,0,2,0,1,0,2,0,0,1,0,1.17588,5,0,0,0,0,0,0,0.934783,0,0,-0.725709,0,-1,-1,0,0,1,0,0,0,0,3,1,0,-2,0,0,3,0,0,0,0,0,0,0,0,2,1,0,0,0,0,0,0,0,0,0,1,0,1,0,-1,0,-1,-0.543981,0,0,-0.794459,0,0,0,0,0,1,0,2,0,0,1,1
0,-1,0,1,0,0,0,-0.657143,1,1,1,1,0,0,0,0,-0.672308,1,1,1,0,0,0,1,0,0,0,0,0,0,0,0,1.36677,4,0,1,0,1,1,0,0.998363,-2,1,-0.733594,0,0,0,0,0,1,0,-3,0,-1,1,1,0,0,0,0,0,0,0,1,0,0,0,0,0,1,1,0,0,0,0,0,0,0,0,0,0,0,0,0,0,-1,0,-0.331103,0,0,-0.181044,0,0,0,0,0,1,1,0,0,0,1,1
0,0,0,0,0,0,-1,-0.682311,0,0,2,0,0,0,0,0,-0.286459,-1,0,1,0,0,0,0,0,0,0,0,0,0,0,0,1.32063,5,-1,0,1,1,1,0,0.942449,0,-1,-0.741765,0,0,-1,0,0,0,-2,0,-1,0,0,1,-4,0,0,0,0,0,0,0,0,0,0,1,0,1,1,0,0,0,0,1,0,0,0,0,1,3,0,0,0,0,0,-0.836902,0,0,-0.460692,0,0,0,0,0,1,1,0,0,0,1,1
0,0,0,1,0,0,1,-0.625,0,0,0,0,1,-1,2,1,-0.740888,1,0,0,0,0,0,2,0,0,1,0,0,0,1,0,0.80361,4,-1,3,0,0,0,0,2.44118,0,0,-0.641604,0,0,0,0,0,0,0,0,2,0,1,1,1,0,-1,0,0,0,0,2,0,0,0,0,3,0,3,-1,0,0,0,-1,0,0,1,0,0,1,0,0,0,0,0,-0.75,-1,0,-0.40463,0,-1,0,0,0,0,-1,1,1,0,0,1
1,2,0,0,1,-2,0,-0.625,2,0,0,0,2,1,0,0,-0.789656,0,0,0,-1,0,0,-1,0,0,0,0,-1,0,0,0,2.09907,1,0,0,0,2,0,0,2.44118,1,-1,-0.220953,1,0,0,0,0,0,0,0,1,0,0,1,0,0,2,2,0,0,0,0,0,-1,1,-1,0,0,0,0,0,0,0,0,0,0,0,2,0,0,0,0,0,0,0,-0.742311,0,0,-0.629357,0,0,0,0,0,0,0,1,0,0,0,1
0,0,0,0,0,0,0,-0.619851,0,0,0,0,0,0,0,0,-0.299385,1,0,1,0,0,0,0,0,0,0,0,0,0,0,0,1.27293,0,0,0,0,-1,0,0,2.928925,1,-2,-0.659011,0,0,-1,0,0,0,1,0,1,0,1,2,0,0,1,0,0,0,0,0,0,3,1,1,0,0,0,0,-1,0,2,0,0,2,1,0,0,1,0,0,0,0,0,-0.691721,0,1,-0.704403,0,0,-1,0,0,0,0,0,2,0,0,1
0,0,0,1,0,0,0,-0.698552,0,0,2,0,0,-1,-4,1,0.767183,0,0,1,1,0,0,0,0,0,0,0,0,0,0,0,0.8274,3,0,0,-3,2,0,0,2.986538,0,0,-0.691383,1,-2,0,2,1,0,0,1,0,0,-2,0,0,0,0,2,1,0,1,3,0,1,0,1,0,0,0,0,-1,0,0,0,0,-5,0,1,0,0,0,1,1,0,-2,-0.67232,0,1,-0.73913,0,-1,0,0,0,0,0,-1,1,0,0,1
0,0,0,0,0,0,0,-0.73913,0,-1,1,0,0,0,0,1,-0.702057,0,0,0,0,0,2,0,0,0,0,-1,0,0,0,0,0.71955,4,1,0,0,0,0,0,2.973019,0,0,-0.617453,1,0,0,-1,0,0,0,-1,0,0,0,0,-1,0,0,0,0,0,0,0,0,0,0,-1,1,0,0,0,0,5,2,0,0,-1,0,0,0,0,0,0,0,0,0,-0.666729,0,0,-0.809837,0,0,0,0,1,1,0,0,1,0,0,1
0,0,0,1,1,1,0,-0.053842,0,0,1,0,0,0,0,1,-0.707317,0,0,1,0,0,0,0,0,0,0,0,-1,2,-1,-1,0.85299,1,0,0,0,0,-2,0,2.333913,0,0,-0.533625,1,0,0,0,0,0,-1,0,0,1,0,0,0,0,0,1,0,0,0,0,2,4,0,0,1,0,0,0,0,0,0,0,0,-1,0,0,0,-1,0,0,0,0,0,-0.70702,0,1,-0.850657,2,0,3,0,0,1,-1,0,0,0,0,1
1,0,0,0,0,-1,1,-0.821201,0,0,0,1,0,0,0,0,-0.266151,0,0,0,1,0,1,0,1,0,0,0,0,0,1,1,0.81881,1,0,0,0,0,-1,0,0.253579,1,0,-0.588963,0,0,0,0,0,1,0,0,-1,0,3,0,0,-1,-1,0,0,0,1,0,3,1,1,2,0,1,0,0,0,-1,0,0,0,1,0,0,0,0,-2,0,1,-1,0,-0.66456,0,0,0.41575,0,0,1,0,-1,0,0,1,0,0,0,1
0,0,0,0,1,0,1,-0.761403,0,1,0,0,0,0,-1,0,-0.298712,-1,0,0,0,0,0,0,0,0,0,0,3,1,0,0,1.05684,1,0,-1,0,0,1,0,0.233333,0,0,-0.536397,0,0,0,0,0,0,0,0,0,0,1,0,-2,0,0,0,0,0,0,0,1,0,-2,2,0,1,-1,0,1,0,1,0,0,0,0,0,1,3,0,0,0,1,0,-0.549636,0,-1,-0.550147,0,0,1,0,-1,1,0,0,0,0,0,1
0,0,0,1,0,0,0,-0.66539,0,0,-3,0,0,-1,0,0,-0.414009,0,0,0,0,0,0,0,1,0,0,0,0,-1,0,-1,1.06056,14,0,0,0,0,0,0,0.224549,0,0,-0.527367,0,0,1,0,0,0,0,0,-1,0,0,0,0,0,1,0,0,1,0,0,0,-1,-2,0,0,5,-1,0,0,-1,-1,0,0,0,0,0,-1,0,0,0,4,0,0,-0.170306,0,0,-0.263561,1,0,-4,0,0,1,0,1,0,0,0,1
0,1,0,0,0,-1,0,-0.142497,0,0,0,0,0,1,2,0,-0.544675,0,1,0,0,0,0,0,0,0,0,0,1,2,0,0,1.0163,18,0,-1,-1,2,1,0,0.450089,0,-1,-0.638101,-2,0,1,1,0,0,0,0,0,0,0,0,-1,1,0,0,0,0,0,-1,0,-1,1,0,3,0,0,0,0,0,-1,0,0,0,0,-1,0,0,0,2,0,-1,0,-0.842715,0,0,0.144522,0,0,0,0,0,2,0,0,0,1,1,1
0,5,0,0,0,0,-2,-0.607356,0,0,1,1,0,0,0,0,-0.76,0,1,0,0,0,-1,0,0,0,0,0,2,0,0,0,1.05043,1,0,0,1,0,0,0,1.081945,-4,0,-0.516226,-1,0,2,0,-2,0,1,0,0,0,0,0,0,0,0,0,0,0,0,1,0,0,1,1,0,1,0,0,0,0,0,-1,-1,0,0,0,0,-1,0,4,0,0,0,-0.508532,0,2,-0.635732,-1,0,0,0,0,0,0,1,1,-3,1,1
0,2,-1,1,0,0,0,-0.510146,0,0,0,0,1,0,0,-5,-0.727627,0,1,0,0,0,1,0,0,0,0,0,-1,0,0,-1,1.57547,1,0,-2,0,0,1,-1,0.918919,0,1,-0.751031,0,-1,0,0,1,0,1,0,3,0,-1,0,-3,0,-1,0,0,1,0,-1,0,0,1,-1,2,0,0,0,0,1,0,0,0,1,0,0,1,0,0,1,0,0,0,-0.632595,0,0,-0.286551,0,0,0,0,0,0,0,0,0,0,1,1
0,0,0,0,0,0,0,-0.63091,0,1,0,0,-2,0,-1,0,-0.571136,0,0,0,0,0,0,0,1,0,0,0,0,0,1,0,1.21178,6,0,0,-3,-1,0,0,1.278047,0,0,-0.715255,0,1,1,0,1,0,0,0,0,0,1,0,1,1,0,0,0,0,1,0,0,0,0,0,0,0,0,0,0,0,0,0,3,0,0,0,0,0,0,0,0,0,0,-0.586865,0,0,-0.066762,0,-1,0,0,-1,0,0,1,0,0,0,1
0,0,0,0,0,0,0,-0.673562,0,0,2,0,0,-1,0,1,-0.642948,0,0,0,0,-1,0,-1,1,0,0,0,-1,0,0,0,1.20269,12,0,0,0,0,0,0,1.137864,0,0,-0.706083,0,0,0,0,0,0,0,0,0,0,0,0,1,0,2,0,0,1,0,0,0,0,2,0,0,0,0,0,0,2,3,0,0,0,0,0,0,0,0,0,0,0,0,-0.587017,0,1,-0.414956,0,0,0,-2,0,0,0,0,0,0,0,1
0,-1,0,-1,0,0,1,-0.682068,0,0,0,0,0,0,2,1,-0.673659,0,0,1,1,0,0,0,1,0,0,-1,0,0,0,0,1.27734,8,0,0,0,0,1,0,0.931721,0,0,-0.793852,0,0,-1,0,2,1,0,0,0,0,0,0,1,1,0,0,0,0,-1,0,0,0,0,0,0,0,0,0,-1,0,0,0,0,0,0,0,0,0,-1,-4,0,0,0,-0.023757,0,1,-0.773585,2,0,0,0,-1,1,0,0,0,0,0,1
0,0,0,0,0,0,0,-0.5,0,-1,-1,0,0,0,0,1,-0.768498,1,0,0,0,0,0,0,0,0,-1,0,0,0,0,0,1.74286,4,0,0,0,1,0,0,1.233502,0,2,7.872567,-2,0,2,0,0,0,0,0,1,0,1,1,0,0,0,0,0,0,1,0,1,1,0,0,0,0,0,0,0,0,0,0,0,1,1,0,0,0,0,0,0,0,0,-0.734664,0,0,-0.750516,0,-1,0,1,0,2,-3,0,0,0,1,1
0,0,0,0,0,0,0,-0.444043,0,0,0,0,0,2,5,0,-0.745466,0,0,0,0,0,0,1,0,0,0,0,0,0,0,0,2.10155,3,0,3,-1,0,1,0,1.34273,-1,0,6.053679,0,0,0,0,0,0,0,0,1,2,1,-2,0,2,0,0,0,0,1,1,0,-1,0,1,0,0,0,0,0,-1,0,0,0,0,1,0,0,0,0,0,0,0,0,-0.462919,1,0,-0.914875,3,1,0,0,0,1,-1,0,1,1,1,1
0,0,2,0,0,1,0,-0.5443,0,0,-2,0,0,0,0,1,-0.444687,-2,0,0,0,-1,-1,0,-1,0,0,0,0,0,0,0,1.74286,1,0,0,0,0,0,0,0.836066,0,0,7.886639,-1,0,-1,0,0,0,0,0,1,1,1,1,0,-1,4,0,0,1,1,1,1,1,0,-1,0,-1,0,0,0,0,0,0,0,1,1,0,0,-1,0,0,1,0,-1,-0.720785,0,0,-0.704152,0,0,0,0,1,0,0,0,0,0,1,1
0,2,0,0,0,0,0,-0.785714,0,0,0,0,0,0,0,0,-0.586207,0,0,1,0,0,1,0,0,-1,1,0,2,0,0,0,1.99796,3,0,0,1,0,0,1,1.5,0,0,-0.790554,0,0,0,0,0,0,0,0,0,-1,0,0,1,0,-1,1,0,0,0,-1,3,-2,0,-1,1,0,1,0,1,1,0,0,0,2,0,0,1,-2,0,0,0,0,-2,-0.422336,0,0,-0.578158,0,0,0,0,0,0,1,0,1,0,0,1
1,0,0,0,-1,0,0,-0.756797,0,-1,0,0,0,0,0,0,-0.877968,1,0,2,1,0,0,0,1,0,0,3,0,0,0,1,1.68857,9,0,0,1,0,0,0,1.5,0,0,-0.783432,0,0,0,-1,1,0,0,0,0,0,0,0,-1,1,-1,0,0,0,0,-1,0,-1,0,1,0,2,1,0,0,-1,0,0,0,0,0,0,0,0,0,0,0,1,0,-0.805678,0,0,-0.464088,0,0,0,-1,0,0,0,0,0,0,0,1
0,0,0,0,0,0,0,-0.785714,0,0,0,0,2,0,0,1,-0.478916,1,0,1,0,-3,0,1,-1,-2,0,0,3,0,0,1,1.56103,6,0,0,1,0,0,1,2.757064,0,0,-0.789391,0,0,-1,0,0,0,0,0,0,-1,0,0,0,0,0,1,0,0,0,0,0,1,0,0,0,0,1,0,1,-1,0,0,0,2,0,-1,0,0,0,-1,0,0,0,-0.660141,0,0,-0.543811,0,0,0,0,0,0,0,1,1,-1,0,1
0,1,0,0,0,3,0,0.014886,1,1,0,0,0,0,0,0,-0.645368,0,1,0,0,0,0,2,3,0,0,1,2,0,1,0,0.51628,4,0,0,0,0,0,1,1.34727,0,0,-0.715192,0,-3,0,-1,1,0,1,0,1,0,1,1,0,0,1,0,0,0,0,0,1,-1,0,0,0,1,1,3,1,0,-1,0,0,2,0,1,-1,1,0,0,0,1,0,-0.791446,0,0,0.678892,2,0,0,1,0,-2,1,0,0,0,1,1
0,0,-2,0,1,0,0,-0.695274,0,1,1,0,0,0,2,1,-0.88925,1,0,0,1,0,2,1,0,0,0,0,-3,2,1,0,1.19385,6,0,0,0,0,0,0,1.42857,0,1,-0.866318,3,0,0,1,0,0,1,0,1,0,1,1,0,-1,0,0,0,-1,0,0,1,0,0,4,0,0,1,0,0,5,2,0,0,0,0,0,0,0,0,0,0,1,0,-0.328007,0,0,-0.23379,0,-3,0,0,0,-2,0,-1,0,0,1,1
0,0,0,1,0,1,0,-0.63724,0,1,0,-1,0,0,0,-2,-0.426935,0,0,0,0,0,0,0,0,0,0,0,0,2,1,2,1.81923,6,0,0,0,0,0,0,2.073267,0,0,-0.809524,1,0,0,0,0,0,1,0,0,1,0,1,0,1,0,-1,0,0,0,0,0,0,0,0,0,0,0,0,0,0,0,0,0,1,0,1,0,0,0,1,0,0,0,-0.681981,0,0,-0.71044,0,0,0,-1,1,-1,0,0,1,0,1,1
0,-1,0,1,0,0,-2,-0.586207,2,0,-1,0,0,0,0,0,-0.777719,0,0,-1,0,0,0,0,0,1,2,0,2,0,1,0,0.99515,-10,0,1,0,0,0,0,0.532934,2,0,-0.797391,-3,0,0,0,0,-1,0,0,1,-1,1,0,3,0,0,2,0,0,0,1,-1,0,0,0,0,0,0,0,1,0,0,1,0,0,-1,0,0,0,0,0,0,0,0,-0.429871,-1,0,-0.618311,0,1,0,-2,-2,1,0,0,3,0,1,1
0,-1,1,0,0,0,0,-0.586207,0,0,-2,0,0,-2,0,0,-0.58028,0,2,0,0,1,0,0,2,0,0,0,3,2,1,-1,0.94286,3,1,-1,1,0,0,0,1.836973,0,0,-0.148346,0,2,1,0,0,0,0,0,0,0,0,-2,0,0,1,0,0,0,-4,1,0,0,0,-1,0,0,0,0,1,2,0,0,0,-2,-3,0,0,0,0,-2,0,0,0,-0.503951,-1,0,-0.668563,-2,0,0,-2,0,0,0,0,2,0,1,1
0,-4,0,0,-1,0,0,-0.586207,0,0,1,0,0,0,0,0,-0.74689,0,0,1,0,0,0,0,0,0,0,0,0,2,1,0,0.94198,4,0,-1,0,0,0,0,2.884115,0,0,-0.578665,2,0,0,0,0,0,0,0,0,0,0,0,0,0,2,0,0,0,-1,0,3,0,0,0,0,0,0,0,1,0,0,0,0,0,-1,1,0,-1,0,0,0,0,1,-0.455833,0,0,-0.604047,0,1,0,0,0,1,3,0,0,0,1,1
0,0,0,-1,0,0,1,-0.403429,0,0,0,0,-4,0,1,0,-0.8125,-1,-2,0,0,0,0,0,0,1,-1,0,0,2,-2,-1,0.64295,4,0,0,0,0,0,1,1.138047,0,0,-0.755102,0,1,2,0,0,1,0,0,0,0,0,2,0,0,0,2,0,1,0,0,0,1,1,-1,0,0,0,0,3,0,0,0,0,-1,-1,0,0,0,0,-1,-1,0,0,-0.846154,1,1,-0.496689,0,0,0,0,0,0,2,1,1,0,1,1
0,-1,1,-1,0,1,-1,-0.805023,0,1,0,0,0,-1,0,-1,-0.684722,0,2,0,0,0,1,0,0,0,-1,0,0,0,0,-1,2.56851,-8,0,0,2,0,1,0,0.98029,0,0,-0.755102,0,0,-1,0,0,1,0,0,0,1,0,0,0,0,0,2,0,1,0,3,1,1,1,2,0,0,0,0,0,0,0,0,1,0,0,0,1,0,0,1,0,0,0,-0.860965,0,0,-0.572897,-2,0,-2,0,1,0,0,0,1,0,1,1
0,0,2,1,0,0,3,-0.877551,0,0,-1,0,0,0,5,0,-0.79352,0,0,2,0,0,0,0,0,0,-1,2,0,0,0,0,0.98766,6,0,0,0,1,1,0,1.14286,0,0,-0.691509,0,1,0,0,0,0,0,0,0,0,-1,0,0,-1,0,2,0,1,1,0,0,0,1,0,0,1,2,0,0,0,0,0,0,0,0,0,0,0,0,0,0,0,0,-0.871955,0,-1,-0.189147,0,0,0,1,0,0,-1,0,0,3,1,1
0,-1,0,0,0,0,0,-0.361558,0,0,0,0,-1,0,0,0,-0.628192,0,0,0,0,0,0,1,-1,0,0,0,0,0,1,0,0.65773,3,0,0,1,-3,0,0,1.031925,1,0,-0.666667,1,0,0,0,0,0,0,0,0,1,0,0,6,0,0,-2,0,-1,0,0,0,0,-1,1,1,0,3,0,0,1,0,0,0,1,0,0,0,0,0,0,0,0,0,-0.73243,2,0,-0.58865,0,0,1,0,1,1,1,0,0,1,0,1
0,1,0,0,0,2,0,-0.533257,0,0,0,0,0,0,0,0,-0.630504,0,0,1,0,0,-2,0,0,0,0,0,0,0,0,0,1.07252,7,0,0,-1,2,0,0,0.649608,0,0,-0.684889,0,1,0,-1,0,0,0,0,0,0,0,0,-1,0,3,-1,1,0,0,2,1,3,-1,-2,2,0,1,3,0,0,0,0,0,2,0,0,0,0,0,0,0,0,0,-0.735112,-1,-1,-0.587746,0,1,0,0,0,0,0,0,0,1,0,1
0,0,0,0,-1,0,0,-0.510958,0,0,0,0,0,1,0,0,-0.621006,0,0,0,0,1,0,0,0,0,0,2,0,0,1,0,1.02857,8,0,0,-1,-1,0,0,1.075865,0,0,-0.676532,0,0,0,0,0,0,0,0,-1,0,0,0,0,0,0,0,1,0,-1,0,0,0,0,0,0,0,1,1,0,0,0,0,0,-1,0,0,0,0,1,1,0,0,-1,-0.821015,0,0,-0.804505,2,0,0,0,0,1,0,0,0,0,0,1
0,0,0,1,1,0,0,-0.738206,0,0,0,0,1,0,0,1,-0.711817,0,0,2,0,0,0,0,0,0,0,0,0,5,1,0,2.64317,3,0,0,-1,2,0,-1,3.00885,1,0,-0.789858,1,0,0,0,0,0,0,0,0,-2,0,2,0,-1,0,-1,0,0,-1,1,0,0,1,0,3,0,0,0,0,-2,-1,0,0,0,0,0,0,0,0,0,0,0,1,-0.636527,0,0,-0.25,0,0,0,0,1,0,0,0,0,0,0,1
1,0,0,1,1,0,-1,-0.727544,0,0,0,0,0,0,0,1,-0.663886,0,0,0,0,0,0,0,0,0,0,0,-1,-1,1,0,0.99763,1,-1,1,0,0,1,1,0.785285,1,0,-0.889168,0,1,0,0,2,0,0,0,0,1,0,3,0,0,0,0,0,0,0,1,0,0,0,0,0,0,1,-1,0,0,0,1,0,0,-1,0,0,0,0,0,0,0,0,-0.555556,0,0,-0.25,0,0,-2,0,0,0,0,1,0,0,0,1
0,0,1,1,1,0,1,-0.331919,0,0,1,0,0,0,0,0,-0.653708,0,0,0,1,-1,-1,0,0,0,0,0,1,4,1,0,1.8684,2,0,0,0,1,1,0,0.71614,0,0,-0.789474,0,2,0,0,0,0,0,0,0,0,0,0,2,0,0,0,0,0,0,0,1,0,2,0,3,0,2,1,0,-1,0,0,1,0,-1,0,0,0,0,0,0,1,0,-0.60846,0,0,-0.25,2,-1,0,0,0,-1,-2,0,0,0,0,1
0,0,0,0,0,2,0,-0.800583,1,1,0,1,0,2,0,0,-0.538462,0,0,-1,0,0,0,0,0,0,0,0,0,0,0,0,1.30803,10,0,0,0,0,0,0,1.079805,2,0,-0.74801,0,0,0,1,-1,0,0,0,-2,0,1,-3,-2,0,0,0,0,0,1,1,0,1,0,-1,0,0,1,0,-1,4,-1,0,2,0,0,0,0,0,0,1,0,0,0,-0.624464,1,0,0.301202,0,0,0,-1,0,0,0,0,0,1,1,1
0,0,0,0,0,4,-1,-0.688829,0,1,0,0,0,2,0,0,-0.545179,0,0,0,0,0,2,0,0,0,0,0,-1,0,0,1,1.40017,4,1,0,0,0,0,0,1.58884,0,0,-0.667935,0,0,0,0,-1,0,0,0,0,0,3,0,2,0,0,0,0,0,0,1,1,0,0,0,1,0,1,0,0,0,0,0,0,-1,0,1,0,0,-1,0,0,0,2,-0.868367,1,0,-0.746123,1,0,0,0,0,0,1,0,0,1,1,1
0,1,1,0,0,-1,1,-0.532457,1,1,0,1,0,0,0,0,-0.532776,1,0,-1,0,0,0,1,0,0,0,0,0,0,-1,0,1.39328,6,2,0,-1,0,0,0,1.130138,2,0,-0.733962,0,-1,0,0,0,0,0,-1,0,2,0,0,1,0,2,0,0,0,0,1,0,0,1,0,2,1,0,1,0,0,0,0,1,0,0,0,0,0,0,0,0,2,0,-0.050965,0,0,-0.742378,0,0,-2,0,0,0,0,1,0,0,1,1
0,0,0,0,0,-1,0,-0.713145,0,0,0,0,0,0,0,1,-0.586207,0,0,0,1,0,0,1,0,0,0,0,0,0,2,0,0.6,12,0,0,1,1,-1,1,0.809524,0,1,-0.381782,0,0,1,0,0,0,1,0,0,0,0,0,0,1,0,0,0,1,0,0,0,0,1,0,0,0,0,0,0,0,-2,0,-2,0,0,-1,0,3,0,0,0,-3,2,-0.664059,1,0,-0.637365,0,0,0,0,0,0,2,0,0,0,0,1
0,3,0,0,0,0,0,-0.76896,0,0,-1,0,-1,1,0,1,-0.577067,0,0,0,0,0,0,0,0,0,0,0,0,0,0,0,0.60171,2,1,-1,0,0,0,0,0.340195,2,0,-0.428571,1,0,0,0,0,0,0,0,0,0,0,0,0,0,0,1,0,0,0,0,0,0,0,0,0,1,0,0,0,-1,0,0,-3,0,0,-2,0,-1,0,3,0,1,0,0.030403,0,0,-0.672459,0,0,-1,0,0,0,0,1,2,0,0,1
0,3,0,0,0,0,2,-0.714286,0,0,0,0,0,0,0,0,-0.324857,0,0,0,1,0,0,0,0,0,0,-1,0,-1,0,0,0.70496,1,0,0,0,0,0,0,1.113694,0,0,-0.285811,0,0,1,0,3,0,0,0,0,-1,0,0,1,0,-1,0,0,1,0,1,0,-1,0,0,2,0,0,0,0,3,0,-1,1,0,0,1,0,0,0,2,0,0,2,-0.571429,0,0,0.603136,0,-1,0,1,0,1,2,0,0,0,0,1
0,0,0,3,0,0,0,-0.491969,0,0,0,0,0,2,-2,-2,0.903957,0,0,0,0,0,0,-1,0,0,2,0,0,0,0,0,0.90448,2,0,0,0,0,0,-1,1.61765,0,0,-0.58722,-1,1,0,0,0,-1,1,0,0,2,0,2,0,2,0,0,0,0,-1,-1,0,0,0,0,0,0,0,0,0,3,0,0,0,-1,0,1,0,0,0,0,0,0,0,-0.696591,0,0,-0.52304,3,0,1,0,0,0,2,0,0,-1,0,1
0,0,0,1,0,0,0,-0.396118,0,0,2,0,0,0,0,0,-0.333333,0,0,1,0,0,0,0,0,0,0,0,-2,0,-3,0,0.73258,2,0,0,0,-1,1,0,1.61765,0,0,-0.645579,0,1,0,0,0,0,0,0,2,0,1,0,0,0,2,1,0,0,0,0,0,0,0,0,0,0,0,-1,0,0,0,0,0,0,0,0,0,1,0,1,0,0,0,1.573091,0,0,-0.565765,0,0,0,0,0,0,2,0,1,0,0,1
0,0,0,0,0,0,1,-0.541852,0,0,2,0,0,2,2,0,-0.469689,-1,0,0,1,0,0,0,0,0,0,0,0,-3,0,0,0.76226,11,0,0,0,0,-1,0,1.61765,0,1,-0.617275,-1,1,0,0,0,-1,0,0,1,0,0,0,0,0,2,1,0,0,0,0,0,-1,0,0,0,0,-1,-1,0,-2,0,0,-1,0,0,0,0,0,0,0,0,-2,0,-0.702857,0,0,-0.640763,2,0,0,0,0,0,0,0,0,0,0,1
-1,0,0,0,0,0,0,-0.79661,0,0,0,0,0,1,0,1,-0.66496,0,1,0,0,0,0,0,0,0,0,3,1,0,0,0,1.13269,7,-1,1,0,0,-1,0,1.764524,0,0,-0.454545,0,0,0,0,0,0,0,0,-1,0,0,3,0,-1,0,-1,0,0,2,2,0,2,0,0,0,0,0,0,0,0,0,0,0,-1,0,0,0,0,0,0,0,-2,0,-0.7681,0,0,-0.612903,-1,0,0,0,0,-4,0,0,0,2,0,1
0,0,0,0,-1,0,2,-0.595001,-1,0,0,1,-1,0,-3,1,-0.579894,0,1,0,0,0,0,0,0,1,0,0,2,0,0,0,1.10833,2,0,0,1,0,0,0,3.005382,2,0,-0.454545,-1,-2,0,0,0,0,0,0,0,-1,1,0,0,0,0,-1,0,0,0,-1,-1,0,0,0,0,0,0,0,0,0,0,0,0,0,0,0,0,1,0,0,1,1,0,-0.586207,0,1,-0.021926,-3,-1,-3,0,0,0,-1,0,0,0,0,1
0,0,-2,1,0,-2,0,-0.257054,0,0,0,0,-1,0,0,0,-0.746196,0,1,0,0,0,0,0,0,0,0,0,1,0,0,0,1.06143,1,0,0,0,0,0,0,0.99983,0,0,1.265127,0,0,-1,0,1,0,0,0,0,0,0,0,1,0,2,1,0,0,0,0,1,0,0,0,-4,0,1,0,0,0,0,-1,1,0,0,0,0,0,0,0,0,0,0,-0.662368,0,0,-0.638212,0,0,0,0,0,0,0,-2,0,2,0,1
0,-1,0,0,0,2,0,-0.39184,1,0,0,1,0,2,0,1,-0.62353,0,0,0,0,0,0,0,0,-1,0,0,0,0,0,0,1.45691,0,-1,0,0,1,0,0,0.567636,0,0,-0.79515,2,0,0,0,0,-1,0,0,0,0,0,0,0,0,0,0,0,0,0,1,0,1,0,-2,1,0,2,0,0,0,0,0,1,0,0,1,0,0,-1,0,2,0,1,-0.837838,0,0,-0.227873,0,-1,-1,0,0,0,0,1,-1,0,0,1
0,0,-1,0,0,1,-1,-0.736963,3,0,0,1,0,0,0,0,-0.798988,1,0,0,1,0,0,0,0,0,-1,0,0,-1,0,0,1.48285,2,0,0,0,1,0,0,0.526218,0,0,-0.748334,-1,0,0,0,0,0,0,0,0,0,1,2,0,0,1,0,0,0,0,0,0,1,1,0,2,-2,1,0,0,0,0,0,0,0,0,0,0,0,0,0,2,1,0,-0.888352,0,0,-0.657143,0,0,0,0,0,1,0,1,0,0,0,1
0,0,0,2,0,0,0,-0.767576,0,0,1,0,0,0,0,1,-0.565786,1,0,0,0,0,0,0,0,0,0,0,2,0,0,-1,2.30617,0,0,0,0,1,0,-1,0.514126,2,-1,-0.777778,0,0,0,0,1,0,0,0,0,1,0,0,0,-1,0,1,0,0,1,1,0,0,0,0,-1,0,0,-1,3,-2,2,0,0,0,0,1,0,0,0,0,0,0,1,-0.803,0,0,-0.910596,0,0,0,0,0,-1,0,1,1,0,0,1
0,0,0,1,0,0,0,-0.627064,0,0,0,-3,2,0,0,0,7.098891,0,0,0,0,0,1,0,0,0,0,0,0,-1,-1,0,1.64066,1,0,0,1,-1,0,0,1.067104,1,-1,-0.730586,2,0,0,1,0,0,0,0,0,0,0,0,0,0,0,0,0,0,1,1,0,0,1,0,0,0,0,-1,0,2,0,0,-1,0,0,1,0,2,0,2,0,0,0,-0.558389,0,0,-0.11195,0,0,4,0,0,0,0,0,1,0,0,1
0,-1,2,0,1,0,0,1.572045,0,0,0,0,0,0,3,2,8.569935,1,0,0,2,0,0,0,0,0,0,0,2,0,0,0,1.39212,4,-1,0,0,-1,0,0,0.593567,0,-1,-0.724113,0,0,0,0,0,1,0,0,0,0,0,0,0,0,-2,3,0,0,1,1,1,0,0,0,0,0,1,0,0,0,0,0,0,0,0,1,0,2,0,7,0,0,-1,-0.709019,1,0,-0.569848,2,-1,0,0,0,2,0,3,0,0,0,1
0,0,0,0,0,-2,0,-0.706737,0,0,-1,0,0,0,0,1,2.46154,0,0,0,1,0,1,0,-1,0,0,0,-1,0,1,0,1.18943,0,0,0,0,0,0,0,1.203768,3,0,-0.658773,0,0,0,0,0,0,0,0,0,0,0,0,0,0,0,3,0,0,2,3,1,0,1,-1,0,0,0,1,0,-1,0,0,0,0,-1,1,0,0,1,0,0,0,0,-0.779559,-1,0,-0.717929,2,0,0,0,0,-2,0,2,0,-1,0,1
0,0,0,0,0,2,0,-0.831771,0,1,-2,0,0,0,1,0,-0.613286,0,0,0,1,0,0,0,0,0,1,0,0,0,1,0,1.05708,7,0,-1,0,0,0,0,1.050219,0,0,-0.647546,3,2,0,1,0,0,0,-1,0,0,0,0,0,0,0,0,0,0,0,-1,1,0,0,1,0,0,-1,0,2,0,2,0,0,-1,1,0,0,0,0,1,0,0,0,-0.879127,0,-1,0.107521,2,0,0,1,0,-2,0,1,0,0,1,1
0,-1,1,0,0,0,0,0.121793,-1,0,0,0,-1,0,0,0,-0.420007,0,0,0,0,0,0,0,0,0,-1,2,4,0,0,0,0.51484,8,0,0,0,0,0,0,2.05405,2,0,-0.696391,0,1,-1,0,0,0,0,-2,0,0,0,0,1,0,-2,0,0,0,3,0,1,0,0,0,0,0,0,0,1,0,0,0,0,0,0,0,0,-1,0,1,0,0,0,-0.781818,0,0,-0.498939,0,0,0,0,0,1,0,1,0,0,1,1
0,-1,-1,0,0,0,3,-0.755033,0,1,0,0,0,0,1,0,-0.597938,0,0,0,1,0,-1,1,0,0,0,0,0,0,0,0,1.09144,2,0,0,0,0,1,1,2.548043,0,0,-0.657041,4,-1,0,0,-1,0,0,0,0,-1,0,0,2,0,0,0,0,0,0,0,1,0,2,0,3,-2,-1,0,2,0,0,0,0,0,0,0,0,-1,0,1,0,-1,4,-0.781818,0,0,0.027222,0,-1,0,0,0,0,0,1,0,0,1,1
0,0,0,0,0,0,0,-0.760593,0,3,0,0,0,0,0,0,-0.706752,0,1,1,0,1,0,0,0,0,0,0,0,0,1,0,0.92646,10,0,1,0,0,0,0,1.564977,0,0,-0.778179,0,0,0,1,1,0,0,0,0,0,0,1,0,1,0,0,0,0,-1,1,1,1,0,0,0,1,0,0,1,0,3,0,0,0,0,0,-1,-3,0,1,0,0,0,0.28068,1,2,-0.637703,0,0,0,-1,0,0,0,-1,0,0,1,1
0,0,0,1,0,0,0,-0.811374,0,0,0,0,0,-1,3,0,-0.647059,0,0,0,0,1,0,0,-1,0,0,0,-1,0,1,0,1.13501,5,0,0,1,0,1,0,1.194078,0,1,-0.648781,-1,0,0,0,0,0,1,0,-1,0,0,0,-1,0,-1,3,0,0,-2,0,1,0,1,0,0,0,1,0,1,0,0,0,2,0,0,0,0,0,0,1,0,0,0,-0.648769,0,0,-0.709021,3,0,0,0,0,0,0,0,0,0,1,1
0,0,0,0,0,-2,0,-0.248163,0,0,0,1,0,0,0,0,-0.813193,0,0,-1,0,0,0,0,0,0,0,2,0,0,2,0,1.00821,1,0,0,0,0,1,0,1.27778,0,0,-0.66949,0,0,0,0,0,0,0,0,0,2,0,-1,0,-1,0,0,0,0,0,0,1,2,1,0,0,-1,1,0,0,0,3,0,0,0,0,0,-1,0,0,1,0,1,1,-0.322143,0,0,-0.651598,2,0,0,0,0,0,-1,0,0,0,1,1
0,-3,0,-1,0,0,0,-0.647059,0,-1,2,0,0,0,1,1,-0.703856,0,0,0,0,0,3,0,0,0,1,0,0,1,0,0,1.42361,5,1,0,0,0,1,0,0.806347,0,0,-0.807053,0,0,0,0,0,-1,0,0,0,0,0,1,-2,0,0,0,0,0,0,2,0,-2,0,0,3,1,1,0,0,-1,0,0,0,1,0,0,0,1,0,0,0,0,0,-0.714127,0,0,-0.91859,0,0,0,1,2,0,0,0,0,0,1,1
0,-1,0,0,0,5,0,-0.748025,1,0,1,0,0,0,0,0,-0.677601,0,0,1,0,0,0,1,0,0,0,0,4,0,0,0,2.53133,5,0,0,0,0,0,0,0.604167,0,0,-0.782689,0,0,0,0,-1,-1,0,0,0,-4,0,0,3,0,0,0,0,1,0,0,0,0,0,5,0,0,0,1,1,2,0,-1,0,0,-1,0,0,0,0,0,0,2,0,-0.113097,0,0,0.584735,2,1,0,0,0,0,0,0,4,2,1,1
0,0,0,1,0,1,0,-0.878059,0,0,0,0,0,2,2,0,-0.744445,0,0,1,0,0,0,1,0,-1,0,0,0,0,0,0,0.82784,5,-1,0,0,0,1,1,0.604167,0,1,-0.779086,3,0,0,0,1,0,0,0,0,-1,0,0,0,-1,0,0,0,0,-1,0,0,0,1,0,3,1,0,1,0,0,0,0,0,1,0,0,0,-2,0,0,0,2,0,-0.743735,0,0,-0.625,0,0,0,0,0,0,0,0,0,0,1,1
0,1,3,2,0,1,0,-0.6,0,1,-1,0,1,0,1,1,-0.212061,0,0,0,0,-1,0,3,-1,-1,0,0,2,1,0,0,1.00252,2,0,0,-1,0,0,0,3.048783,0,1,-0.655529,0,0,0,0,0,0,0,0,0,1,0,0,0,-1,2,0,0,0,-4,0,2,-1,0,2,-2,0,2,0,2,0,2,0,1,0,0,1,0,0,0,3,0,0,1,-0.773585,0,0,-0.700739,0,0,0,0,0,1,4,0,-2,0,1,1
0,0,1,0,0,1,1,-0.518462,0,0,0,0,0,0,1,0,-0.76692,0,1,0,0,0,0,0,0,0,0,0,0,1,1,2,0.9528,3,0,0,0,0,-2,1,2.645901,0,0,-0.68677,0,2,0,0,0,1,0,0,0,1,0,1,0,0,1,2,0,0,-1,-2,0,1,0,2,0,-2,0,1,0,-2,0,0,1,0,0,0,0,1,0,1,1,2,1,-0.896814,0,1,0.035662,0,0,0,0,-1,1,0,0,0,0,1,1
2,0,0,0,0,1,0,-0.6,-1,0,0,0,0,0,1,1,-0.625,0,0,0,0,0,0,0,1,0,0,0,0,1,0,2,0.97387,4,0,2,0,0,1,0,1.22222,0,1,-0.668615,0,0,0,0,0,0,0,0,0,1,0,0,0,1,0,0,0,-1,0,1,0,-1,0,0,3,0,0,1,2,0,0,0,1,0,0,0,0,-1,0,0,0,0,1,-0.773585,0,0,-0.595737,0,0,3,1,0,1,0,0,0,0,1,1
0,0,-1,0,0,0,0,-0.831141,0,0,1,1,0,0,0,1,-0.416105,-1,0,0,0,0,0,1,0,0,0,0,0,0,0,0,1.82857,6,0,1,0,0,0,0,1.045581,0,0,8.75,0,0,0,0,0,0,0,0,0,0,-1,0,1,-1,1,0,0,0,0,0,1,0,0,0,0,0,0,0,0,3,0,0,0,3,0,0,0,1,0,1,0,0,-1,-0.470471,0,0,-0.803279,2,0,5,0,0,0,0,0,-1,-1,1,1
0,1,-5,0,0,-1,0,-0.755999,0,0,0,0,0,0,-1,1,-0.400972,0,0,1,0,0,0,0,0,0,0,0,0,0,0,0,1.39574,8,0,0,-1,0,1,0,1.012866,0,0,1.585456,0,3,0,0,0,0,0,0,0,0,0,0,0,0,0,0,0,1,2,0,0,0,0,0,0,0,-1,0,0,0,0,0,0,-1,1,0,0,0,0,0,0,0,0,-0.061476,0,0,-0.547841,0,1,0,0,0,1,0,0,0,0,1,1
0,-2,-2,1,0,0,0,-0.520296,0,-1,0,0,2,0,0,0,-0.73913,0,-1,1,0,0,0,1,0,0,0,2,0,0,1,0,3.37311,8,0,0,-1,-2,1,0,0.984375,0,0,8.75,1,0,0,0,-1,0,0,0,0,0,1,0,1,0,0,0,0,0,0,0,0,0,0,0,0,0,-4,0,-4,0,0,0,0,0,1,0,0,0,0,0,0,-1,0,3.386699,1,0,-0.78799,-3,0,0,0,0,1,1,1,0,0,1,1
0,-1,-3,0,0,-1,0,-0.396038,0,0,0,0,0,0,1,0,-0.672911,0,0,0,0,0,-1,-1,0,0,0,0,0,1,1,-2,0.83393,0,0,0,0,0,0,0,0.84127,0,0,-0.809524,0,0,0,0,1,0,1,0,-1,0,0,3,0,0,-7,0,0,0,0,0,-1,0,0,0,-1,0,1,0,1,0,0,0,0,1,0,0,-2,-1,0,0,-1,2,0,-0.692711,0,0,-0.313771,0,-1,0,0,0,-2,0,0,0,1,0,1
0,0,0,0,0,0,0,-0.637357,0,0,0,0,0,0,1,0,-0.771349,0,0,0,2,-1,0,0,0,0,0,0,0,0,0,0,0.62443,3,0,0,0,0,1,0,0.787085,-1,0,-0.659909,3,0,0,0,0,0,0,0,1,2,0,3,3,0,-1,2,0,1,0,0,0,-2,-2,0,0,0,1,0,3,-1,0,0,1,-1,2,0,0,1,0,0,0,0,0,-0.546194,0,1,0.357736,0,0,0,0,0,0,0,0,0,0,0,1
0,0,-3,0,-1,0,0,-0.574693,0,0,0,0,0,0,-1,0,-0.630992,0,0,0,-2,0,0,0,0,0,0,0,3,-2,1,0,1.87449,4,0,0,0,0,0,0,0.784233,3,0,-0.892537,-1,0,0,0,0,0,0,-3,0,0,0,0,-1,0,0,0,0,0,0,0,-3,0,0,0,0,0,1,0,3,0,0,0,2,0,0,0,0,0,-1,0,0,0,0,-0.623382,0,0,-0.881567,2,0,0,0,-1,2,-1,-1,0,1,0,1
0,1,0,0,1,0,0,-0.74031,3,0,0,1,0,0,-1,0,-0.345683,0,0,0,0,1,-1,0,0,0,1,0,0,0,1,0,2.8786,-10,0,0,0,0,0,0,0.650016,0,0,-0.773585,0,0,0,0,2,0,0,0,1,1,0,2,0,0,-1,0,-1,0,0,0,0,2,0,0,0,1,0,0,0,2,0,0,0,0,0,2,0,0,0,0,0,4,0,-0.729437,0,0,-0.705735,0,0,-1,0,-1,-1,0,2,1,0,0,1
0,0,0,1,1,0,1,-0.745407,0,0,0,0,1,-1,0,1,-0.6,1,0,1,0,1,0,-1,0,0,0,0,0,0,-1,0,0.98159,5,0,1,0,2,0,0,0.679558,0,0,-0.771472,0,0,1,0,0,0,-1,0,0,0,1,0,5,0,1,0,0,0,-1,0,0,0,0,-2,0,0,0,0,1,0,3,0,2,0,0,0,0,1,0,0,0,0,0,-0.797683,0,0,-0.662649,0,0,0,0,0,0,0,1,0,0,0,1
0,-1,1,-1,0,-2,0,-0.850017,0,0,0,0,0,0,-1,2,-0.6,1,0,0,0,1,0,0,0,2,1,3,0,0,0,0,1.16893,6,2,0,0,0,0,0,0.617753,2,0,-0.791084,2,0,0,-1,0,0,0,0,0,0,0,0,0,0,0,0,0,0,1,0,0,-2,0,0,0,1,-1,0,0,-1,0,0,0,-2,0,0,0,2,0,0,0,0,0,-0.700771,0,0,-0.729826,2,-1,3,0,0,0,0,0,1,2,0,1
0,0,0,1,0,0,0,2.113642,1,0,0,0,0,0,0,0,-0.721949,1,0,0,-1,0,0,0,1,0,0,2,0,0,0,0,1.9304,2,0,0,0,1,0,0,0.941551,1,0,-0.740051,0,0,0,0,-1,0,1,0,0,0,1,0,0,0,-1,-1,0,0,0,1,0,0,0,0,0,0,1,1,1,-1,0,0,1,3,-1,-1,0,1,0,0,0,0,1,-0.779877,0,1,-0.612903,0,0,0,0,0,1,0,1,0,3,0,1
0,0,1,0,0,-1,1,-0.7,0,0,0,0,0,0,0,0,-0.583351,1,0,0,0,0,0,0,0,0,-1,0,0,-1,0,0,2.14411,6,0,0,0,0,0,0,1.07277,0,0,-0.806637,-3,0,0,0,0,2,0,0,0,0,0,3,-1,0,-2,0,0,1,1,0,1,0,0,1,0,0,1,0,1,1,0,1,1,-3,0,-1,0,0,0,0,0,0,0,-0.692456,0,2,-0.583701,0,1,0,2,0,0,0,1,0,0,0,1
0,-1,0,0,0,0,0,-0.7,0,0,0,0,0,0,0,0,-0.648974,1,0,0,2,0,0,-2,0,0,0,-2,0,4,1,1,1.549,3,0,-2,-1,-1,2,-1,0.539465,1,1,-0.782439,1,0,0,-1,0,0,0,0,0,0,1,0,-1,0,0,-3,0,0,0,1,0,0,0,0,0,0,1,1,1,0,0,0,0,2,0,0,0,0,0,2,0,0,1,-0.318656,0,1,-0.583343,2,0,0,0,0,1,0,0,0,2,0,1
0,-1,0,1,0,0,0,-0.786515,0,1,0,1,-2,0,0,1,-0.491633,-1,0,0,1,1,0,2,0,-1,0,0,0,0,1,0,1.42857,2,0,0,0,0,-1,1,0.92,0,0,-0.826251,0,0,0,0,0,0,0,0,0,2,-1,0,0,0,0,-1,0,0,0,0,3,0,-1,-1,0,0,-1,2,1,0,0,2,2,0,0,0,0,0,0,0,0,0,0,-0.796121,0,0,-0.624792,0,0,0,0,0,-1,0,0,0,3,0,1
0,0,0,0,0,-1,0,-0.789685,0,0,0,0,0,1,0,1,-0.707317,0,0,0,-1,0,0,0,0,-1,0,2,2,0,0,0,1.42857,1,0,0,2,1,0,0,1.055706,0,0,-0.335401,0,0,0,0,0,0,0,0,0,-2,0,0,0,0,0,0,0,0,0,0,5,1,0,1,3,0,0,0,1,0,0,1,0,3,0,0,0,0,-1,0,0,0,0,-0.19263,0,0,1.58734,0,-1,0,0,0,1,0,-1,-1,1,0,1
0,0,-1,0,0,0,0,-0.644264,1,0,-1,0,0,0,0,1,-0.565888,0,0,0,0,-1,-3,3,0,-1,0,0,2,1,0,0,1.42857,14,0,0,0,3,0,0,0.933971,0,1,-0.577476,0,0,0,-1,0,0,0,0,0,0,0,-2,0,1,0,0,0,0,0,0,0,1,0,0,0,0,0,0,0,2,0,0,-1,0,-1,0,0,0,0,-2,-1,0,0,-0.809524,0,0,0.250195,0,0,0,0,0,0,0,0,1,0,0,1
0,0,0,0,0,0,0,-0.773585,0,-1,0,0,0,0,0,0,0.349558,0,0,0,0,0,1,1,0,0,0,0,0,0,0,0,1.6599,3,0,-1,3,1,0,0,1.009088,0,0,-0.805152,0,0,0,0,0,0,0,1,0,0,0,0,0,0,0,0,0,0,-1,4,1,0,0,0,0,0,0,0,3,-1,2,0,2,2,-1,0,1,0,0,0,0,1,0,-0.61517,0,-1,-0.636364,0,0,0,-1,0,0,0,1,-1,0,0,1
0,0,0,0,0,-1,0,-0.773585,1,0,0,-1,0,0,0,0,0.868737,0,0,0,0,1,1,0,0,-1,0,0,0,0,-1,0,2.08767,5,-2,0,0,1,0,0,0.59419,2,2,-0.842356,-1,0,0,0,0,0,0,0,0,0,0,0,0,0,0,0,0,0,0,0,0,0,1,2,3,0,0,0,1,0,0,0,0,0,0,0,1,-1,0,0,0,1,2,-0.673627,0,1,-0.661708,2,0,0,0,-1,1,0,1,0,0,0,1
0,0,-1,1,-1,0,0,-0.773585,0,0,0,0,-2,-1,0,0,-0.449433,1,0,3,0,1,1,-2,0,0,0,0,-1,0,0,0,1.72506,5,0,0,0,1,-3,0,0.933333,-1,0,-0.685308,0,0,0,0,0,-2,0,0,0,0,0,0,-1,0,-1,0,0,2,0,0,0,2,0,0,0,0,1,0,1,1,0,0,0,0,0,0,1,-2,0,0,0,0,0,-0.781198,-1,0,-0.57476,0,0,0,0,0,0,0,1,-1,0,0,1
0,0,1,0,0,-2,-3,-0.79661,0,0,1,3,1,0,0,-1,-0.412818,0,1,0,0,0,0,0,0,0,0,0,0,0,0,-1,1.86337,5,0,0,0,0,0,0,0.566378,0,0,0.209766,0,0,1,0,0,0,-1,0,0,0,0,0,-1,0,0,-1,0,0,1,0,0,0,0,0,0,0,0,1,0,1,2,0,0,0,0,0,0,0,0,-1,1,0,0,-0.055363,0,0,-0.428124,0,0,1,0,0,0,0,1,1,1,1,1
0,0,1,1,0,0,0,-0.743393,1,0,1,0,0,0,2,0,-0.499221,1,0,0,0,0,0,0,0,0,-1,0,0,0,0,2,1.5857,4,-1,0,0,0,0,0,0.405047,0,0,7.755947,0,0,1,-1,0,0,-1,0,0,0,0,0,0,0,1,2,0,0,-5,-1,-1,3,0,1,0,1,0,-1,0,2,0,0,0,0,0,0,1,0,1,0,1,0,-1,-0.789474,0,0,-0.409199,0,0,0,0,0,0,0,1,0,0,1,1
0,0,1,0,0,0,0,-0.49216,0,0,1,0,0,-2,2,0,-0.583216,0,0,-1,1,0,0,0,1,0,0,0,0,0,1,0,1.11764,3,0,1,0,0,0,1,0.516714,0,1,-0.806809,-1,0,1,0,0,0,-1,0,0,0,0,0,-2,0,1,0,-1,0,-3,0,1,1,-2,3,0,0,0,0,0,1,0,0,2,0,0,0,0,0,0,0,1,0,0,-0.789474,0,0,-0.44642,3,0,0,0,0,0,-4,0,0,0,1,1
0,-1,0,0,2,0,0,-0.89701,0,0,-1,-1,0,0,0,1,-0.704514,0,1,0,0,0,0,0,0,0,0,-1,0,0,1,0,2.9535,1,0,0,0,2,1,0,1.217734,0,0,-0.490739,0,0,0,0,2,0,0,1,0,0,0,1,0,0,0,0,1,0,-1,0,0,-1,0,0,-4,1,0,0,0,4,0,-1,1,3,0,0,0,0,0,0,0,0,-1,-0.80725,-1,0,0.750163,2,0,0,2,0,0,0,1,0,0,1,1
0,1,0,0,0,2,0,-0.830463,0,0,0,0,0,0,0,0,-0.786463,0,0,1,0,0,1,0,0,0,0,0,0,0,0,-2,0.95331,2,0,1,0,0,0,0,0.875,1,1,2.72886,1,-1,0,0,0,0,0,0,1,0,0,0,0,1,-3,1,0,0,-4,0,0,0,0,1,1,0,0,-2,0,1,0,0,0,-1,0,0,0,0,0,-1,0,-1,-2,0.060171,1,0,-0.833333,0,-1,2,0,1,2,0,0,1,0,1,1
-1,1,-4,0,0,3,-1,2.772567,0,0,2,0,1,0,1,0,-0.691251,0,-1,2,0,0,-1,-1,0,0,0,0,0,0,0,0,0.79849,4,0,1,0,0,0,0,0.637049,0,0,-0.75,2,0,0,0,0,0,0,1,0,0,0,-3,1,0,0,0,0,0,0,0,0,0,1,0,0,0,1,0,0,0,0,0,-1,0,0,0,0,0,0,0,0,0,0,-0.478261,0,0,-0.833333,0,0,0,0,1,1,2,1,0,0,1,1
0,0,-4,0,0,0,1,-0.629724,0,0,0,0,0,0,0,0,-0.788762,0,0,0,1,0,-1,-2,0,0,0,2,0,3,0,0,0.48088,1,0,0,-2,0,0,0,1.63889,0,0,-0.666667,0,0,0,0,0,0,0,0,0,0,0,0,-2,0,2,0,1,0,0,0,0,-1,0,-2,-6,1,-1,0,1,0,2,0,0,0,0,0,0,0,0,-3,0,-1,0,-0.909292,0,0,-0.647059,0,0,0,0,-1,0,0,0,1,0,1,1
0,0,0,0,0,0,1,-0.675508,0,3,0,0,0,0,2,0,-0.774839,0,0,0,1,0,0,-1,0,0,0,3,2,0,0,1,2.32621,3,1,0,1,0,1,-1,3.041783,-1,1,-0.343271,4,0,0,1,0,0,0,0,0,4,0,0,0,0,0,1,1,0,2,0,0,0,0,0,0,1,0,0,1,0,0,0,0,0,0,0,0,-1,0,0,0,0,0,-0.025822,0,-1,-0.59414,0,0,0,2,0,0,0,1,1,0,1,1
0,0,0,0,0,3,0,-0.856935,0,0,0,0,0,0,0,0,-0.740281,0,0,0,1,0,-1,0,0,0,0,0,2,0,0,0,0.62957,5,0,0,0,0,0,0,1.603289,-1,0,-0.5897,0,0,0,1,0,0,0,0,0,0,1,0,-2,0,-2,0,0,0,0,0,0,0,-1,0,4,0,0,0,0,0,0,0,0,0,0,0,0,0,-1,0,0,0,1,-0.505858,0,0,-0.335514,0,1,0,0,0,0,0,-2,0,0,1,1
0,0,2,1,2,0,-1,-0.59994,-1,-1,0,0,2,0,0,0,-0.597906,0,0,0,0,-1,0,0,0,-1,0,0,2,0,-1,1,1.23036,4,0,0,2,1,0,0,3.167971,0,0,-0.830818,0,0,0,0,1,0,1,0,1,0,1,-1,0,1,0,0,0,0,-1,0,0,3,1,0,0,2,0,0,0,0,1,0,0,1,0,0,0,0,0,1,0,1,0,-0.744978,0,0,-0.666667,1,0,0,2,0,0,0,1,0,0,1,1
0,0,0,1,0,4,0,-0.604481,0,0,1,0,1,0,3,5,-0.543477,0,0,-2,0,0,0,0,-2,0,0,2,-1,0,0,0,2.36063,6,0,0,1,0,1,0,1.454019,0,0,-0.803527,0,0,0,0,1,0,1,0,0,0,0,0,0,0,0,0,1,0,0,0,0,3,1,0,0,0,0,0,0,0,0,0,0,1,0,0,1,0,0,0,-1,2,0,-0.780244,0,0,-0.633118,2,0,0,1,0,0,2,1,2,0,1,1
0,0,0,1,0,2,0,0.095351,0,0,1,0,0,0,2,0,-0.637627,0,0,0,0,0,0,0,0,0,-1,0,0,0,-1,1,2.33208,14,0,0,0,0,2,0,0.444636,3,1,-0.586778,1,0,2,0,0,0,1,0,0,3,0,0,0,0,0,0,0,0,0,0,0,0,1,0,1,0,0,0,-1,0,1,0,0,1,0,0,0,0,0,1,0,1,0,-0.717639,0,1,-0.267189,1,-1,0,0,0,0,2,0,0,2,1,1
0,0,3,0,0,2,0,-0.613832,0,1,0,0,0,0,-1,0,-0.657143,0,0,0,0,0,0,0,0,0,0,0,0,2,0,0,0.62602,6,0,0,1,-2,-1,0,1.604397,0,-1,-0.833479,0,0,0,0,0,0,0,0,0,0,1,0,0,1,0,0,0,0,2,-1,1,0,0,1,0,0,1,0,0,3,4,1,0,0,0,0,0,-2,0,0,0,3,0,-0.717821,0,0,-0.445723,0,0,2,0,0,0,0,1,1,1,0,1
0,0,0,0,0,-1,0,-0.71016,0,0,1,0,0,1,0,0,-0.023814,0,0,0,0,0,0,0,0,0,0,0,0,0,0,0,1.25276,5,0,0,0,0,0,0,0.631422,0,0,-0.823752,1,0,0,0,0,0,0,0,0,0,-1,0,0,1,3,-1,0,0,0,0,1,1,2,2,0,0,1,-1,0,0,2,0,0,0,1,0,0,0,1,0,0,0,0,-0.731621,0,0,-0.502308,0,-1,0,0,0,0,0,0,-3,0,0,1
0,-1,3,0,0,-2,0,0.428638,2,0,0,0,0,0,0,0,-0.657982,0,1,0,-1,0,0,0,-2,-1,0,3,0,0,3,0,2.36811,8,0,0,0,0,0,-1,1.820612,-2,0,1.71706,0,0,0,0,-1,0,0,0,0,-2,0,1,0,0,0,0,1,0,2,3,1,0,0,-2,3,0,1,1,0,2,2,0,0,0,0,0,-3,-1,1,0,0,0,1,-0.717535,0,0,-0.594412,0,0,0,0,1,0,0,0,0,1,0,1
0,0,0,3,0,0,0,-0.630639,0,0,0,0,0,1,-3,1,-0.534837,0,0,0,0,1,0,0,0,-1,0,0,1,0,0,0,0.83842,8,0,0,1,0,0,0,3.378497,0,-1,-0.211675,1,0,0,0,0,0,0,0,1,0,1,2,-3,0,-4,0,0,0,-2,0,0,0,0,0,0,1,2,0,0,0,0,0,0,1,0,-1,0,0,0,0,3,3,1,-0.73651,0,0,-0.706741,2,0,0,1,0,0,0,0,-1,0,0,1
-1,0,0,0,0,0,0,-0.884344,-1,0,0,0,0,1,-3,0,-0.76691,0,0,0,0,1,0,0,0,0,0,1,0,0,1,0,1.27703,13,0,0,0,1,0,0,1.920363,0,0,-0.657143,0,0,0,0,0,0,0,0,0,0,0,0,0,-1,0,0,0,0,1,0,0,0,-1,0,0,3,0,0,0,0,-3,0,0,1,0,1,0,0,0,-1,0,0,0,0.05646,0,0,-0.252823,2,0,0,2,0,0,0,0,1,0,0,1
0,0,-2,0,0,0,0,-0.658542,0,1,0,0,0,0,0,0,-0.468312,0,0,0,0,0,-1,-1,1,0,1,0,-1,0,1,0,1.0,3,0,0,0,1,2,-1,0.914286,0,0,-0.483309,-3,0,0,0,-1,1,0,0,1,0,0,0,-1,2,0,0,0,-1,0,0,0,0,0,0,0,0,-1,1,0,0,0,0,0,0,0,0,0,0,0,0,0,0,0,-0.721225,1,0,-0.453693,0,-1,-1,2,0,0,0,0,-2,-1,0,1
0,0,0,0,-1,0,0,-0.723411,0,0,1,0,-1,0,0,0,-0.592323,0,0,-1,0,-1,0,0,0,0,0,0,0,0,0,-1,0.81446,1,0,0,-1,0,0,0,1.0,0,-1,-0.490906,0,0,0,0,0,0,0,0,0,0,0,0,0,2,2,0,0,0,0,0,0,0,0,0,0,0,0,0,0,0,-3,-1,0,0,0,1,0,-2,0,1,0,0,0,-0.627201,0,0,-0.74894,0,0,0,0,1,2,0,2,0,0,0,1
0,2,-1,0,1,0,0,-0.68217,0,0,1,0,0,0,0,2,-0.530837,0,0,0,0,0,0,0,0,0,-1,0,0,1,-2,0,1.10314,0,0,0,5,0,0,0,3.83041,0,0,-0.443286,0,0,1,0,2,0,0,0,0,0,0,0,0,1,0,0,0,0,0,0,0,2,1,0,0,0,0,-1,-1,0,0,0,0,0,1,1,0,0,0,0,1,0,-1,-0.682878,1,0,-0.707929,0,0,0,0,1,6,0,0,0,0,0,1
0,0,1,3,0,0,0,-0.7,0,0,0,0,0,0,0,0,-0.561388,1,0,0,0,1,0,-1,-1,0,0,0,0,0,0,-1,2.73572,3,0,0,0,-1,0,0,1.377741,0,0,-0.122036,1,1,0,1,-1,0,1,0,0,0,1,0,-2,0,0,-1,0,0,0,0,1,0,0,2,0,0,0,-1,0,-3,0,0,0,1,0,0,0,0,0,0,0,0,-1,-0.628073,0,-1,-0.609102,0,0,0,1,1,1,0,0,0,0,0,1
2,-1,0,0,0,0,0,-0.829765,0,0,0,0,0,0,0,0,-0.808502,0,3,1,0,0,0,0,0,0,0,2,3,2,0,0,0.97747,3,-1,0,1,0,0,0,1.84962,0,0,-0.872398,0,1,0,0,0,0,1,0,0,0,0,-2,0,-2,0,0,1,0,-2,1,0,1,-4,-1,0,0,0,0,0,3,0,0,2,0,0,0,1,-1,1,0,0,3,0,-0.608169,0,0,-0.897238,2,0,0,1,-1,0,0,0,1,1,1,1
0,1,0,0,0,1,0,-0.82026,0,-1,0,0,0,0,0,0,-0.494982,0,1,1,0,0,0,0,0,0,0,0,0,0,0,0,0.51975,5,-1,0,1,-2,0,0,1.296623,0,0,-0.656677,-1,0,0,0,0,0,0,0,0,1,1,0,2,0,0,0,0,-1,0,1,-1,0,0,-1,0,-1,0,-1,0,0,0,0,0,0,0,0,0,0,1,0,0,-1,0,-0.564636,0,-1,-0.602537,0,0,3,0,0,0,0,0,1,0,1,1
0,0,0,0,0,0,2,-0.839318,0,0,0,0,0,0,1,1,-0.687831,0,0,1,0,0,0,0,0,0,0,0,2,0,1,0,1.26717,9,0,0,1,1,0,0,1.982661,2,0,-0.867824,-2,0,0,1,0,0,1,0,0,-2,1,0,0,0,2,-1,0,0,0,1,2,1,0,-1,0,0,0,-1,-2,0,-1,0,2,-4,0,0,0,0,0,0,0,2,0,-0.411642,0,0,-0.894625,0,0,0,1,0,0,0,0,1,0,1,1
0,0,0,0,0,0,0,-0.675676,0,0,1,2,0,0,0,0,-0.551247,1,0,0,2,0,0,0,-2,0,0,0,0,1,1,0,1.51075,1,0,1,0,0,2,0,2.157764,-1,0,-0.463504,1,0,0,0,0,0,0,0,1,1,0,1,0,0,0,0,0,-1,0,1,1,0,0,3,-1,1,0,-3,1,0,0,0,0,0,0,0,0,0,0,0,0,1,0,-0.476814,0,0,-0.673077,0,0,0,0,1,-2,1,1,0,-1,0,1
0,0,0,0,0,0,0,-0.675676,0,0,1,0,0,0,0,1,-0.611874,1,0,1,0,0,0,-1,0,0,0,0,0,-2,0,0,1.65714,0,1,1,0,1,0,1,0.989953,1,1,-0.798329,-1,1,0,0,0,0,0,0,0,0,0,0,-1,0,0,0,0,0,-1,1,1,-1,0,0,0,0,0,0,0,-1,1,-1,0,0,0,0,0,2,0,0,0,1,0,-0.264047,0,0,-0.679896,0,0,0,1,0,0,-2,0,0,0,0,1
0,0,0,0,0,0,0,-0.702817,0,0,0,0,1,0,-1,-3,-0.714867,1,0,0,1,0,0,0,0,1,0,-1,0,3,0,0,1.22071,3,0,0,0,2,0,0,0.768638,0,0,-0.58961,0,0,2,0,0,0,0,0,0,0,1,-2,0,0,2,0,0,-2,0,1,2,1,1,2,1,1,0,0,-2,0,0,1,0,-3,0,0,0,0,0,-3,0,0,0,1.478353,0,0,-0.689208,0,0,4,0,0,0,0,1,0,1,0,1
0,-2,0,0,0,1,-2,-0.294118,0,0,0,1,0,0,-1,0,-0.324873,0,0,0,0,0,3,0,0,0,0,0,0,0,-1,0,0.81655,3,0,0,1,0,0,0,0.749083,0,0,-0.561673,-2,1,0,0,-3,0,0,0,0,0,1,1,0,0,0,0,0,0,1,1,0,-1,0,0,2,2,1,0,0,-1,0,0,0,0,-1,0,1,1,0,2,0,0,0,0.271331,0,0,-0.305643,5,0,0,0,-2,1,0,0,1,-1,1,1
0,0,0,0,0,0,1,0.506749,1,0,0,0,0,1,0,0,-0.663795,0,0,1,1,-1,-1,0,1,0,0,0,0,2,0,0,1.22809,4,0,-1,2,0,0,0,1.11429,-2,-1,-0.613883,0,1,0,1,1,0,1,0,0,0,1,-1,0,0,2,1,0,0,0,3,0,1,0,0,0,1,0,0,0,3,0,0,1,0,0,0,0,0,0,1,0,1,0,-0.841228,0,0,-0.666667,0,0,0,1,-1,1,0,0,0,0,1,1
0,-1,0,1,0,0,0,0.831276,1,-1,0,0,0,1,0,0,-0.903137,0,0,0,1,0,0,0,0,0,0,0,0,0,0,0,1.08296,9,0,0,0,0,0,0,1.581565,0,0,-0.639865,0,1,0,1,0,0,1,0,1,0,1,-1,1,0,-1,0,-1,0,0,0,0,0,1,0,0,0,0,0,1,0,0,0,0,2,0,0,0,0,0,1,0,0,0,-0.644457,0,0,-0.651216,0,0,0,2,0,1,-1,0,0,0,1,1
0,0,0,0,2,0,0,-0.819397,0,1,0,0,0,0,0,1,-0.445235,0,0,3,0,0,0,0,0,0,0,3,0,0,1,1,1.62898,4,0,0,0,0,0,0,0.821083,3,0,-0.826109,-1,0,0,0,-1,0,1,0,0,1,1,1,-1,0,0,-1,1,0,2,0,0,0,0,0,0,0,1,0,-1,0,2,0,0,0,0,0,0,1,0,0,0,0,0,0.083356,0,0,-0.654241,0,0,0,1,1,0,0,0,1,0,1,1
0,-2,3,0,0,0,-1,-0.666667,0,0,0,0,0,0,2,3,-0.408539,0,0,3,2,0,0,0,0,-1,0,-3,-2,-1,1,0,1.35581,6,0,0,0,0,0,-2,1.431967,2,0,-0.734749,0,0,0,1,0,0,0,0,1,0,1,3,0,0,-1,-1,0,-1,0,0,0,0,0,0,0,0,-1,0,0,2,0,0,0,0,0,0,0,1,0,3,0,1,0,-0.627356,-1,0,-0.579945,0,0,-1,1,0,0,0,1,1,1,1,1
1,0,0,0,0,-1,0,-0.663633,0,0,4,0,0,0,0,2,-0.640545,0,0,-1,-1,0,0,0,1,1,0,0,-2,0,0,0,1.14448,1,0,0,0,0,0,0,0.478261,-1,0,-0.672209,0,0,-1,0,0,0,0,0,0,0,1,0,0,-1,0,0,1,0,0,0,0,-2,0,0,0,0,0,0,0,3,0,0,0,2,0,0,0,1,0,-1,-1,2,0,-0.162275,0,0,-0.870261,2,0,0,0,0,0,-2,1,1,1,1,1
0,0,0,2,0,0,1,-0.474739,0,0,1,0,0,1,0,0,-0.636852,0,0,1,-1,1,0,-3,0,0,0,0,6,0,0,1,1.46827,6,0,0,0,-1,-1,0,0.883333,3,0,-0.778614,0,0,0,0,-1,0,0,0,1,0,1,-1,0,0,0,1,0,-1,0,0,2,0,0,-1,0,0,1,0,1,0,0,0,0,0,0,1,0,0,-1,0,0,1,-1,1.296099,0,0,-0.772588,0,0,0,0,0,1,-1,0,-1,0,1,1
0,1,0,0,0,-5,-2,-0.833295,0,0,0,-1,0,0,0,0,-0.815385,0,1,1,0,1,0,0,0,0,1,0,0,0,0,0,1.81937,11,0,0,0,2,0,1,0.720005,0,-1,-0.584123,1,0,0,0,0,0,0,0,0,2,2,3,0,1,0,0,0,-1,0,0,0,0,-2,0,1,0,0,0,0,0,2,0,0,2,0,0,0,0,0,0,0,0,0,-0.464062,0,0,-0.516484,0,0,0,-1,0,1,0,0,0,0,1,1
0,0,-1,2,0,0,0,-0.700578,0,0,0,0,0,0,3,0,-0.892103,0,-2,4,-1,0,0,0,0,0,0,0,1,3,-1,0,1.86972,2,-2,0,0,0,0,0,0.963556,1,0,-0.794979,0,0,-1,0,0,0,0,0,2,1,0,1,0,0,1,0,0,0,1,0,1,0,1,0,0,-2,0,0,0,0,0,0,1,1,0,0,0,0,0,0,0,0,0,-0.428571,0,0,-0.375918,0,0,0,0,0,0,0,0,1,0,1,1
0,0,-2,0,0,0,0,0.323903,0,0,-1,0,-1,-1,0,0,-0.812344,0,1,1,0,0,0,0,0,1,0,0,-2,0,0,0,1.22557,2,0,0,0,0,0,0,0.511083,0,-1,-0.7591,-1,0,0,0,0,0,0,0,0,0,1,2,1,0,-1,-1,0,1,0,0,0,0,0,0,0,0,0,-1,0,0,0,0,0,0,0,0,0,1,0,1,0,-1,0,-0.666667,0,0,-0.570034,0,0,0,-2,0,1,0,-2,0,0,1,1
0,-1,-2,0,0,0,0,1.293336,-1,0,0,0,0,0,0,0,0.268034,-1,0,1,0,0,0,2,1,1,-2,0,0,0,0,0,1.23715,6,0,0,0,0,0,0,0.501766,1,-1,-0.717124,0,0,0,-1,0,1,0,0,0,0,1,2,-1,-6,-1,-2,0,1,0,0,0,2,0,-1,0,1,0,2,0,-2,0,0,0,2,-1,0,0,0,-1,0,0,0,0,-0.81195,0,0,-0.907612,0,0,1,0,0,0,0,0,0,0,1,1
0,0,0,0,0,-3,0,-0.4,0,0,-2,0,0,0,0,0,-0.83955,0,1,0,0,0,2,0,0,1,-1,0,0,0,0,0,1.24897,1,0,0,0,0,0,0,0.523651,1,0,0.859696,1,0,0,0,0,0,0,0,0,-1,2,0,0,0,0,2,-1,2,-1,0,3,1,1,0,0,0,0,0,-3,0,0,0,0,0,1,1,0,-1,-1,0,0,0,0,-0.641446,0,0,-0.82658,0,0,-1,0,0,0,1,0,0,0,1,1
0,2,0,0,0,0,0,0.226538,-1,0,0,0,0,-2,0,0,-0.855182,0,1,0,-1,1,0,-1,-1,0,1,0,0,0,1,0,0.81218,0,0,0,1,-1,0,0,0.225806,0,0,-0.599185,0,0,0,0,0,-2,-1,1,0,0,0,0,0,0,1,0,0,0,0,0,0,0,1,2,0,0,0,0,1,0,0,0,0,-2,0,0,0,0,1,1,0,0,0,-0.791064,0,0,-0.770281,0,0,-2,0,2,0,-1,0,0,-1,0,1
0,2,0,0,2,0,0,-0.530356,0,0,0,0,0,0,2,0,-0.817378,0,0,1,0,0,0,0,0,0,0,0,0,2,0,0,1.02703,0,0,0,0,1,1,0,0.293909,0,0,5.508442,0,1,2,1,0,1,0,0,0,0,-3,1,0,0,1,-1,0,0,0,0,0,0,0,0,0,-1,0,1,0,1,0,0,0,0,0,0,0,0,0,0,0,0,0,-0.685964,0,0,-0.651121,-3,0,0,0,0,0,0,-1,0,0,0,1
0,0,0,1,0,0,-1,0.319653,4,1,2,0,0,0,1,0,-0.617609,0,0,1,-2,0,1,0,0,0,0,0,0,0,0,1,2.70662,1,0,0,1,-1,0,1,3.679146,0,0,3.576291,0,1,0,0,0,0,0,0,0,0,0,1,0,0,0,0,1,0,0,1,0,-1,0,0,0,0,0,0,0,1,-2,0,0,-2,0,0,0,0,0,1,0,0,0,-0.89142,0,0,-0.615309,2,0,0,0,0,0,0,-3,0,1,0,1
0,0,0,0,0,0,0,-0.5881,0,0,0,1,-1,0,2,1,-0.63206,0,0,1,0,0,1,0,0,1,0,0,0,-1,0,0,1.57727,4,0,0,0,1,0,0,1.926191,0,0,-0.738671,-2,-1,0,0,0,0,0,0,0,0,-1,0,0,0,0,0,1,0,0,0,0,0,0,1,7,0,0,0,0,0,0,0,0,0,0,0,0,1,0,1,-1,2,0,-0.714286,0,0,-0.587954,0,0,0,0,0,0,0,1,0,0,0,1
0,-1,0,0,0,0,0,-0.778704,0,0,-1,0,0,-1,0,0,-0.689635,1,0,1,3,-1,0,3,0,1,0,0,-1,0,0,0,1.26987,6,0,0,0,0,0,0,0.590361,0,0,-0.74284,0,0,0,0,0,0,0,0,0,3,0,0,0,0,-1,-1,1,0,-2,0,0,1,0,0,0,0,1,0,0,0,0,1,0,0,0,0,0,0,0,1,0,2,0,-0.777323,0,0,-0.702293,0,1,3,0,-1,0,-2,1,1,0,0,1
0,1,0,1,0,1,2,-0.450722,-1,0,1,0,0,0,0,2,-0.710028,0,0,1,0,0,-1,0,0,1,0,0,0,0,0,-1,1.91557,4,1,0,0,2,2,0,0.736521,3,-1,-0.643221,0,2,0,-1,0,0,1,0,0,0,0,0,0,0,0,0,1,-1,0,0,0,-1,0,0,2,0,0,1,0,0,0,0,0,2,-2,0,-1,0,0,1,0,4,0,-0.702716,0,0,-0.322806,0,1,0,0,1,1,2,1,1,0,0,1
0,0,0,2,0,0,2,-0.698419,-1,0,0,0,1,1,0,0,-0.697681,0,0,0,2,0,0,0,1,0,0,0,0,0,1,0,1.65714,3,0,-1,1,0,0,0,0.719702,0,0,-0.849886,0,-1,0,-1,0,0,0,2,0,0,0,0,0,0,0,0,0,1,0,0,0,2,0,2,0,0,2,0,0,0,0,0,0,-4,0,0,3,0,0,2,0,1,-2,-0.593206,0,0,-0.216261,-1,0,0,0,0,2,0,1,0,1,1,1
-1,1,0,0,0,1,0,-0.72093,0,-2,1,0,0,0,0,0,0.105974,0,0,0,0,0,1,0,0,0,0,0,-1,2,1,0,1.30998,3,0,0,0,4,0,0,0.724138,0,0,-0.793103,0,0,1,0,-1,2,0,-1,0,1,0,0,0,0,-1,0,0,0,0,0,0,1,0,1,0,0,0,1,-2,-4,0,0,1,0,0,0,0,0,1,-3,0,0,0,-0.635611,0,0,-0.188583,0,0,0,0,1,0,-1,1,0,1,1,1
0,0,0,0,0,1,-2,-0.4983,0,0,0,0,0,0,0,2,-0.774587,0,0,0,0,0,1,0,1,0,2,0,0,-1,0,0,1.28332,1,0,0,0,-1,0,0,0.317256,2,0,-0.178117,0,0,1,0,0,0,0,0,0,0,0,1,0,-1,3,0,0,1,0,0,0,0,-1,1,0,0,1,1,2,0,0,0,0,0,0,0,0,-2,0,2,0,0,0,-0.683304,1,0,1.592186,0,0,0,0,0,-1,0,1,0,1,1,1
-1,2,-1,0,0,0,0,-0.691636,0,0,0,0,0,0,2,0,0.235944,0,0,0,1,-1,1,0,1,1,0,0,5,0,0,0,1.60216,1,-1,0,-1,1,1,0,1.219126,0,0,-0.689918,1,0,0,0,0,0,0,0,0,0,-2,0,0,0,0,0,0,0,0,0,0,0,0,2,4,-3,2,0,1,0,0,0,0,0,0,-1,0,1,0,0,0,0,1,-0.594262,0,0,-0.744681,0,1,2,0,0,0,0,0,0,0,1,1
0,0,0,0,0,0,-1,-0.777778,0,0,0,0,-1,0,0,0,-0.366959,0,1,0,0,0,0,0,0,0,0,0,2,0,0,0,1.79763,1,0,0,-1,0,0,0,1.317334,0,0,-0.811538,0,1,0,0,-1,0,0,0,0,3,1,0,1,-1,0,3,-1,1,2,0,-2,0,-1,0,2,0,0,0,0,0,0,0,0,4,0,0,0,0,0,0,1,-3,0,-0.191072,0,0,-0.663525,0,1,0,-2,0,1,0,1,0,0,1,1
0,0,0,0,0,2,0,-0.897249,-1,0,-1,0,0,0,0,0,-0.536259,0,1,0,1,0,0,0,0,0,1,0,0,2,0,0,1.62857,5,0,0,0,0,0,0,2.189218,-1,0,-0.789474,0,1,0,0,0,0,0,0,0,0,0,0,2,0,0,0,0,0,0,0,0,0,0,0,0,1,0,0,0,0,0,0,1,0,0,0,1,1,0,0,0,0,2,-0.572786,0,1,-0.624043,0,0,0,1,0,0,0,0,0,0,1,1
0,0,0,1,-1,0,0,2.2,0,0,0,0,0,0,1,0,-0.759327,0,0,1,2,0,-3,1,-1,0,-1,0,-1,0,0,0,2.01462,1,0,0,0,0,0,0,0.213512,0,-1,-0.574527,1,0,0,0,0,0,0,0,1,0,0,0,0,0,0,0,0,1,0,0,4,0,0,0,0,1,0,0,-1,0,1,0,-1,0,0,-1,0,1,0,3,0,0,0,-0.702139,0,0,-0.784068,0,0,0,0,-1,0,0,0,0,0,0,1
1,0,1,-2,0,1,0,3.130557,0,0,2,0,0,0,-1,1,-0.333333,0,-1,0,1,0,0,0,1,0,0,0,0,0,0,0,0.61468,1,0,0,0,0,0,0,0.255847,0,1,-0.536503,0,0,0,0,-1,0,-1,0,0,-1,0,1,0,0,0,0,0,0,1,0,0,0,0,2,1,0,0,0,0,0,-2,0,-3,0,0,0,0,1,-4,-1,0,1,0,-0.675676,1,0,-0.532622,0,0,0,1,0,2,0,0,1,1,0,1
0,0,0,1,0,0,0,2.2,1,0,0,0,0,0,2,1,-0.294013,1,-1,1,3,0,0,0,0,0,0,-1,-1,-1,-1,2,0.64166,3,0,1,0,0,0,0,0.344751,0,0,-0.661781,1,-1,0,0,0,-1,0,0,0,-1,0,0,-1,1,1,-1,0,0,0,0,2,0,0,0,0,1,0,0,0,1,0,0,1,0,0,0,0,0,0,1,0,0,0,-0.679092,0,0,-0.713191,0,0,0,0,0,0,0,0,0,-1,0,1
0,1,1,1,0,0,0,-0.766313,0,1,1,0,1,0,0,0,-0.258058,0,0,-1,0,0,0,0,0,0,0,0,0,0,0,0,1.7346,4,0,-2,0,0,0,0,0.450494,0,2,-0.800855,0,0,-1,0,0,0,-2,0,0,0,1,0,0,0,1,0,0,0,0,0,0,0,1,0,0,0,0,0,0,0,0,0,3,0,0,0,0,1,0,0,0,0,0,-0.647059,0,0,-0.647059,3,0,0,1,0,0,-1,0,0,0,1,1
1,0,0,0,0,1,0,-0.793103,0,1,0,0,0,0,0,2,-0.647059,0,0,-4,0,0,0,0,-1,0,0,2,4,2,3,0,1.71429,1,0,0,0,0,0,0,1.65871,4,0,-0.8,0,0,0,0,1,0,-3,0,0,0,0,0,-3,0,0,0,0,0,0,0,1,0,1,1,0,0,1,0,5,0,0,0,3,0,0,0,0,0,0,0,0,1,1,-0.765445,0,0,0.090998,0,0,0,0,0,0,0,0,2,0,1,1
-1,0,1,1,0,0,0,-0.357855,-1,0,1,0,1,2,2,3,-0.644336,0,0,-1,3,0,0,1,0,0,0,2,2,0,-1,0,1.50718,2,0,0,3,0,0,0,1.219016,4,0,-0.817464,0,0,0,1,0,0,-1,0,0,-1,1,0,0,0,0,0,0,0,0,1,0,0,0,0,0,2,0,0,-1,2,0,0,0,1,0,0,5,1,0,0,0,1,0,-0.647059,0,0,-0.613443,0,0,0,1,0,0,-2,0,0,1,1,1
0,0,0,0,0,0,0,-0.6,0,0,0,-1,0,0,-5,1,-0.737583,0,0,0,0,0,2,0,1,0,0,0,0,0,1,0,2.65202,1,0,0,0,0,1,0,0.963803,-2,0,-0.851205,0,0,0,0,0,0,0,-1,0,0,1,1,0,0,0,0,0,0,0,0,0,0,0,-2,0,0,0,0,1,0,0,0,0,1,0,1,0,0,1,0,0,0,0,-0.519646,0,0,1.297535,0,0,0,0,0,1,0,1,0,0,1,1
0,0,0,0,0,1,0,-0.565994,0,-1,1,-1,1,2,0,1,-0.76648,0,0,0,0,0,0,0,0,0,1,2,2,0,0,0,1.44005,9,0,0,0,0,0,0,1.110463,0,0,-0.788191,0,0,0,0,0,0,0,0,1,-1,1,1,0,0,0,0,0,0,0,0,0,0,0,0,-1,0,0,-2,0,0,0,0,2,0,0,0,0,0,1,0,0,0,1,-0.749867,0,0,-0.663543,3,0,0,0,0,0,0,0,0,0,1,1
0,1,0,0,0,0,0,-0.734002,-1,-1,1,0,0,0,0,0,-0.367202,0,0,1,0,-1,0,0,0,0,0,0,0,0,0,0,1.73226,11,-2,0,0,0,0,0,0.872698,-1,0,-0.804093,0,0,0,0,0,0,0,0,0,0,1,0,0,0,0,0,-1,0,0,-2,0,0,1,0,0,0,2,0,1,-1,0,0,0,-1,-1,-1,0,0,0,-1,0,1,0,-0.736936,0,0,-0.06704,0,0,0,2,1,1,0,2,0,1,1,1
0,0,0,0,0,0,0,-0.583624,1,1,0,1,0,0,0,0,-0.52,0,-1,0,1,2,0,0,0,0,0,2,0,0,0,1,1.82025,5,0,-1,0,0,0,0,0.786001,2,0,-0.747871,0,0,2,0,0,0,0,0,0,-2,0,0,2,-1,0,0,0,0,0,0,0,1,0,0,0,0,0,1,1,0,0,0,1,0,0,0,-1,0,-1,0,1,1,1,-0.765104,0,0,-0.780567,0,0,0,0,0,0,1,0,0,0,1,1
-1,0,0,2,0,-1,0,-0.636364,1,0,0,1,0,0,0,0,-0.52,0,0,0,1,0,0,0,0,0,0,0,-1,0,0,0,2.07154,1,0,2,0,-1,0,0,0.57093,1,0,-0.717832,0,0,1,0,0,0,0,0,0,0,0,0,0,0,3,0,0,0,0,1,0,1,0,0,0,-1,1,0,1,2,-1,-1,0,0,0,0,0,0,0,0,0,0,0,-0.304512,0,1,-0.817891,0,0,0,0,0,0,0,1,0,0,1,1
2,0,0,0,0,3,0,5.317464,1,0,0,0,0,0,0,0,-0.249077,0,0,0,1,1,0,0,0,-1,0,0,0,0,0,0,3.10451,3,0,0,2,0,0,0,0.68254,0,0,-0.809524,0,1,0,0,0,0,0,1,0,0,0,0,0,1,0,-1,0,0,0,0,-1,0,0,0,0,1,0,0,0,0,2,0,0,0,0,3,0,0,0,0,0,1,-2,-0.709074,1,1,-0.781818,3,0,0,0,-1,-1,-1,0,0,0,1,1
0,0,1,0,1,0,0,-0.679703,1,0,0,0,0,0,0,0,0.668027,0,1,0,1,0,0,0,0,0,2,0,0,0,0,0,1.76685,9,0,0,0,0,0,0,1.623073,0,0,-0.408171,0,0,1,0,1,1,0,0,-1,0,-3,0,0,-1,1,2,0,0,0,-1,0,-1,0,-1,0,0,0,0,0,1,2,0,0,0,-1,0,0,0,0,0,0,1,0,-0.750537,0,1,-0.605635,3,0,2,0,0,1,0,0,1,0,0,1
0,0,1,0,0,0,0,-0.788627,0,-1,0,0,0,0,1,0,-0.863368,0,1,1,0,0,0,1,0,0,1,0,0,0,0,0,1.00104,5,0,0,0,0,1,0,2.0,0,0,-0.730836,0,2,1,0,-1,1,0,2,0,0,0,1,-2,1,1,0,0,-1,0,0,1,0,0,0,0,0,-1,2,-3,-2,0,0,0,3,0,0,-2,0,0,0,0,1,0,-0.716711,0,-1,-0.681597,-1,0,0,0,0,0,0,0,0,3,0,1
0,-1,0,1,0,-1,0,-0.761308,1,0,0,0,0,-1,0,0,-0.775471,0,1,1,0,1,0,0,0,-1,0,0,0,0,0,0,1.05714,6,0,0,0,0,-1,0,3.333722,0,0,-0.675676,0,-1,0,1,0,0,0,0,-1,0,1,1,1,0,0,0,0,0,0,0,0,0,0,0,0,0,2,0,3,0,0,0,0,0,0,0,4,-1,0,1,0,1,1,-0.234402,0,0,-0.677971,0,0,4,2,0,1,4,0,1,2,0,1
0,0,0,0,0,-1,0,-0.149148,0,0,0,0,1,0,0,0,-0.825808,0,1,0,0,0,-2,0,2,0,0,0,0,1,0,0,1.07733,9,0,-2,0,1,0,1,0.314912,1,0,-0.713915,-1,0,1,0,0,0,1,0,1,-1,0,0,0,1,1,2,0,0,-1,0,0,0,0,0,-1,0,0,-1,0,0,0,0,0,-1,0,0,-1,0,0,-2,0,-1,0,-0.68257,0,0,-0.825851,0,0,0,0,1,2,0,-1,0,0,0,1
0,0,0,0,0,0,0,-0.692308,0,-1,0,0,1,2,0,0,-0.680269,0,0,0,-2,0,0,0,1,0,0,0,1,0,-1,0,1.17143,4,0,0,0,-2,1,0,0.394792,0,0,-0.56666,1,0,-1,0,-1,0,1,0,0,0,0,2,0,0,1,0,-2,0,0,0,0,0,1,0,-2,0,0,0,0,0,0,0,1,0,0,0,1,0,0,0,0,-2,0,-0.662821,0,0,-0.702894,0,0,1,0,1,1,-1,0,0,3,0,1
0,0,0,0,0,0,0,-0.682788,1,0,0,0,0,1,1,0,-0.50971,0,0,2,0,1,0,0,0,0,-2,-3,0,0,0,0,1.57136,12,0,0,-1,0,0,0,0.223521,0,0,-0.753123,0,0,0,0,2,1,0,0,0,0,1,-1,0,0,-1,1,1,0,1,0,0,0,0,2,0,0,0,0,0,0,0,1,0,0,0,0,1,0,0,0,0,0,0,-0.197056,0,0,-0.693082,0,0,0,1,0,0,0,1,0,1,0,1
0,0,0,0,0,2,0,-0.569002,0,0,0,0,-2,0,0,0,-0.794428,0,0,1,0,0,0,-1,0,-1,0,0,-1,0,0,0,1.38877,2,2,0,0,-1,0,0,1.826527,0,0,-0.693466,0,1,0,0,0,0,1,2,1,0,0,0,1,0,0,0,0,0,1,1,-3,0,0,0,2,-1,0,0,0,1,0,0,1,0,-1,1,0,0,0,1,-1,0,0,-0.775522,1,0,-0.583375,2,0,0,0,0,0,0,1,1,1,1,1
0,-1,0,0,0,0,0,-0.61061,0,0,0,0,0,0,0,0,-0.631694,1,0,1,0,0,1,0,-1,0,0,0,2,0,0,0,1.37388,5,0,0,0,0,0,0,1.525,-1,0,-0.717816,0,1,2,-1,0,0,1,1,1,0,0,0,0,0,0,0,0,0,0,1,0,1,0,0,0,0,0,0,0,0,2,0,0,0,0,1,0,0,0,1,0,0,0,-0.825154,0,0,-0.732093,2,0,-1,0,0,-3,1,0,1,1,1,1
0,1,0,0,0,-1,0,-0.739841,0,0,2,1,0,3,0,0,-0.617418,0,0,0,0,0,0,0,1,0,0,0,0,0,-3,0,1.17687,0,0,2,0,0,0,0,1.442976,0,0,-0.72565,1,0,1,0,0,0,0,0,0,0,-1,1,-1,0,0,1,0,0,1,1,0,1,0,0,0,2,-1,0,0,0,0,0,0,0,0,1,0,-1,-1,1,0,0,0,-0.617083,0,0,-0.690405,-1,0,0,0,1,0,0,1,0,1,1,1
0,0,0,-1,0,3,0,-0.420082,0,1,1,1,0,0,2,0,0.145385,0,0,1,0,0,0,0,1,0,0,0,2,4,1,0,0.96714,9,0,0,0,2,0,0,2.960765,0,0,2.454588,0,0,0,0,0,0,0,0,1,0,0,0,0,1,0,4,0,1,0,0,-4,-1,0,1,0,0,0,0,0,2,0,0,0,0,0,0,1,1,0,0,0,1,0,-0.657143,0,0,-0.694646,0,0,0,2,0,0,0,0,0,1,1,1
0,0,0,0,1,0,0,-0.783394,0,1,0,0,1,0,0,1,-0.800555,0,0,1,0,1,0,0,0,0,2,0,0,-1,1,0,1.30578,8,0,0,0,1,0,-2,0.997462,0,0,-0.7245,0,-1,0,0,0,0,-2,0,-2,0,-2,0,0,0,0,0,0,0,0,1,0,0,-2,0,0,3,0,0,1,-2,0,0,0,2,0,0,0,0,-1,0,0,1,-1,-0.57417,1,0,0.479781,2,0,2,1,0,1,0,-2,0,-1,1,1
0,-1,0,0,0,-1,0,-0.878081,1,1,0,1,0,0,0,1,-0.608687,0,0,0,0,1,0,0,0,1,1,0,0,0,0,0,1.37508,0,0,0,0,1,0,0,3.398896,0,0,-0.581883,0,2,0,0,0,0,0,0,0,3,0,0,0,1,0,0,0,0,0,1,2,0,0,0,3,0,0,-1,-1,0,0,0,0,0,0,1,0,0,0,0,0,0,0,-0.667264,0,0,-0.668643,2,0,0,0,0,1,0,0,0,0,1,1
0,1,0,-1,0,0,1,-0.764565,1,0,0,0,0,0,0,1,-0.665142,0,0,1,0,1,0,0,0,0,0,0,0,0,0,0,1.12413,6,1,1,0,0,1,0,1.330491,0,0,7.889665,0,1,0,0,0,-1,0,0,1,-1,2,0,0,0,0,0,0,0,0,3,0,0,0,-2,0,0,3,1,1,-1,0,0,-1,0,1,1,1,0,0,0,0,0,0,-0.852654,0,0,-0.709479,0,0,0,1,0,0,0,0,-1,0,1,1
-1,1,-1,-1,0,3,1,-0.728121,0,0,0,0,1,1,0,1,-0.61007,0,2,1,0,1,2,1,0,0,0,0,0,0,0,0,1.40514,11,1,1,-1,0,1,0,0.790128,0,0,8.027609,0,1,-1,0,0,0,0,0,1,0,-2,0,0,0,0,0,0,0,0,0,2,0,0,0,0,-1,-3,1,1,0,0,0,0,0,1,0,1,0,0,-1,0,0,0,-0.323857,0,0,-0.814448,0,0,0,1,0,-1,0,1,0,0,1,1
-1,0,2,0,0,0,1,-0.727273,1,0,0,0,1,1,0,0,-0.730695,0,0,1,0,1,0,0,0,0,0,2,0,0,1,1,1.64435,5,1,0,-1,1,0,0,0.728585,0,0,8.273438,1,1,0,1,0,0,0,0,0,0,-1,-1,0,0,0,0,0,0,0,1,0,0,0,0,0,-1,0,0,0,0,0,-1,0,0,1,1,2,-1,0,-1,0,0,1,-0.428571,0,1,-0.8125,0,0,-1,1,0,0,1,0,0,0,1,1
0,0,0,0,0,0,0,-0.320008,-1,0,1,0,0,0,0,0,-0.789474,0,0,1,0,0,0,0,1,0,0,0,4,-1,0,0,1.2,6,1,0,-1,1,0,0,1.436046,0,0,-0.654444,1,1,0,0,0,0,0,0,0,1,-3,2,-4,0,0,-1,0,0,1,0,0,1,0,1,0,0,0,1,0,0,0,0,0,0,0,0,0,0,0,1,0,0,0,-0.333333,0,0,-0.719258,0,0,0,0,0,2,2,0,0,1,0,1
0,1,0,0,0,0,1,-0.805029,0,0,0,0,0,0,0,2,-0.789474,0,0,1,1,0,-2,0,1,0,0,0,0,-1,3,1,2.28918,13,0,0,0,1,0,-1,2.752986,-1,0,-0.861575,0,0,0,-1,0,0,0,0,0,0,1,3,0,0,-1,1,0,0,0,0,0,1,1,0,1,0,0,0,-3,2,3,0,0,0,0,1,0,0,0,0,0,0,-1,-0.416416,0,0,-0.340253,0,0,0,1,0,0,1,0,-4,1,0,1
1,0,0,0,0,0,-1,-0.566376,0,0,0,-1,0,0,1,-2,-0.72974,0,0,1,1,-1,0,0,0,0,0,2,0,0,-1,0,1.38114,1,0,2,0,1,0,0,0.685042,-1,-1,-0.667567,0,0,0,0,0,0,0,0,0,2,0,0,-1,0,0,0,0,5,0,-1,0,1,0,0,4,1,0,-1,-1,0,2,1,2,0,0,0,0,-1,0,0,1,0,0,0.660948,0,0,-0.567314,0,0,0,0,0,0,0,-1,0,0,0,1
0,0,1,1,0,1,0,-0.821618,0,0,0,0,0,0,-1,0,-0.785975,0,0,0,0,0,0,0,0,-1,-1,2,0,2,0,0,1.97015,2,0,0,0,1,1,0,0.701486,0,0,-0.724393,0,0,0,0,0,0,-1,0,0,-2,1,0,1,0,1,0,1,0,0,1,0,-1,0,1,0,1,1,0,4,0,0,-1,1,0,0,0,0,1,1,1,0,0,-1,-0.399682,0,0,-0.404178,0,1,0,1,0,2,0,3,0,0,1,1
0,-1,0,1,0,0,-1,-0.76,0,0,-1,0,0,0,-5,-1,-0.793848,0,0,0,0,0,0,0,0,0,0,0,0,0,0,0,1.4,2,0,0,0,1,2,0,0.734694,0,1,-0.405379,-2,0,-1,0,0,0,2,0,1,0,0,0,2,0,0,0,0,0,0,1,0,1,-1,0,0,0,0,-1,0,2,0,0,0,0,0,0,0,1,0,1,0,0,-1,-0.48515,0,0,-0.593183,3,1,-1,0,0,0,0,0,1,0,1,1
0,0,0,0,-2,-3,0,-0.692991,0,0,0,-1,0,0,0,0,-0.852463,0,0,3,0,0,0,0,0,-1,0,0,1,0,0,0,1.39157,3,0,0,0,0,0,0,0.830109,0,0,-0.755102,0,0,0,0,0,0,0,0,1,0,-1,0,0,0,0,0,0,0,0,1,-2,0,0,0,0,0,0,0,0,1,0,0,0,-1,0,0,0,1,0,0,0,-1,0,-0.459445,0,0,-0.687596,0,0,0,0,0,0,0,0,0,1,1,1
0,0,2,0,1,0,0,-0.596129,0,0,0,0,0,0,0,1,-0.544878,0,0,2,-1,0,-1,0,0,0,0,0,0,-1,0,0,1.74286,1,0,4,-1,0,0,0,0.21091,0,0,-0.826474,0,0,0,0,2,0,0,1,1,0,0,1,0,0,0,0,0,-1,1,0,0,1,0,-1,0,0,0,0,0,0,-1,0,0,1,1,1,0,0,0,-2,0,0,0,0.106141,0,0,2.78947,0,1,0,0,-1,0,2,-1,1,1,0,1
0,0,4,0,0,0,0,-0.256963,0,0,0,0,0,0,0,0,-0.636364,1,0,1,0,0,0,0,0,0,0,-1,0,1,-1,0,1.77394,12,0,0,0,0,-1,0,1.029022,0,0,-0.867984,0,0,0,1,-2,0,0,0,1,0,0,0,0,0,0,0,0,0,-3,0,0,1,0,-3,1,0,0,3,0,0,-1,0,0,1,0,0,0,0,1,0,0,0,2,-0.240265,0,0,2.78947,0,1,2,0,0,1,2,0,3,0,0,1
0,0,3,0,0,0,0,-0.345417,0,0,0,2,2,0,0,0,-0.550533,-1,1,2,-2,-1,0,0,0,0,0,0,1,-1,0,0,1.73023,4,0,0,0,0,1,0,0.912368,1,0,-0.791981,3,-1,0,0,0,1,0,0,1,0,0,0,1,0,0,1,0,0,-1,-1,-2,1,0,0,-2,-2,0,0,1,1,0,0,0,1,0,0,0,0,1,0,0,0,0,-0.5,0,0,2.78947,0,0,1,0,0,0,1,0,-2,0,0,1
0,0,3,0,0,0,0,-0.460561,0,1,2,0,0,0,0,0,-0.559857,0,-1,0,0,0,0,0,0,0,0,0,0,0,0,0,3.51176,5,0,0,1,0,0,1,2.25734,0,0,-0.140165,0,0,1,1,-1,0,-1,0,0,0,-1,0,1,0,-2,0,-1,0,4,0,0,0,0,0,0,1,0,0,0,0,0,0,0,0,0,-1,-1,1,0,0,0,0,0,-0.74157,0,0,-0.625,-2,0,0,0,0,-2,0,1,1,1,1,1
0,1,0,0,0,3,0,-0.625,0,1,0,0,0,-1,0,0,-0.90221,0,0,0,0,-1,0,6,0,0,0,0,0,3,0,-1,2.77262,6,0,0,-1,0,0,0,2.723772,0,0,-0.771405,1,0,0,0,0,0,0,0,0,0,1,0,-1,0,0,0,0,0,0,0,0,0,-1,0,0,0,0,0,0,0,0,0,0,0,0,0,0,0,0,0,0,0,0,-0.854691,0,0,-0.718723,0,0,0,0,-1,0,0,0,1,-1,1,1
0,0,1,0,0,0,0,-0.51967,0,0,2,0,0,0,0,2,-0.528907,0,0,0,0,0,0,0,-1,0,1,0,2,3,-2,0,0.51429,1,0,0,0,0,1,0,2.227671,0,0,-0.337773,-1,1,0,0,0,0,-1,0,0,0,0,2,0,0,1,0,-1,0,0,0,1,0,-2,-1,0,0,0,0,-3,0,0,0,0,0,0,0,0,0,0,0,0,-1,0,0.089217,0,1,-0.619963,0,0,0,0,0,0,0,0,1,0,1,1
0,0,0,0,0,1,0,-0.323302,-1,1,0,0,-1,1,4,0,-0.595686,0,-1,0,0,-1,1,0,0,0,0,1,-3,0,0,0,1.21588,3,0,0,0,6,0,0,0.231639,0,0,-0.393097,0,1,-1,0,0,0,0,0,0,0,0,0,0,0,0,-1,0,0,0,0,0,0,-1,0,0,0,0,0,-1,1,0,0,0,0,0,0,-1,1,0,-1,0,0,0,-0.615082,0,0,-0.762112,-2,0,-3,0,0,0,0,0,0,3,0,1
0,0,0,1,0,3,0,-0.184776,0,0,0,0,0,0,0,0,-0.625,0,0,0,0,0,0,0,1,-1,0,-4,-1,3,0,0,1.21741,3,1,0,2,3,1,0,0.232537,-3,0,-0.727273,-1,1,0,0,0,0,0,0,0,0,-1,0,0,0,0,1,0,1,0,1,0,0,0,0,0,0,0,4,0,0,0,-1,0,-1,0,0,0,1,0,0,0,1,0,-0.890434,2,0,-0.329019,0,0,0,-1,0,0,0,1,-1,0,0,1
0,0,3,0,0,-1,0,1.759504,0,0,0,0,0,0,0,0,-0.710741,0,0,1,0,0,1,0,0,-1,0,0,0,-1,0,0,1.36745,5,0,0,1,0,-1,0,0.222774,0,0,-0.440563,0,0,0,0,0,0,0,0,1,0,0,0,0,0,1,1,0,0,-1,-1,0,1,0,0,0,0,0,-1,0,0,0,0,-1,0,0,0,0,0,0,0,0,0,0,-0.78374,0,-1,-0.666667,-1,0,1,0,1,0,0,0,0,0,0,1
0,-1,-1,0,0,-1,1,-0.742486,0,0,0,0,0,0,0,0,-0.733333,0,0,0,0,1,0,0,-1,0,0,0,0,2,-3,0,0.59181,1,0,0,0,1,2,0,0.241551,0,0,-0.617596,0,0,0,-1,-1,0,1,0,0,0,0,0,0,0,0,0,0,0,0,1,1,0,0,0,0,0,0,0,0,-3,0,0,2,0,0,0,0,0,0,0,0,0,2,-0.612903,0,0,-0.829686,0,0,0,1,0,1,0,0,0,0,0,1
0,0,0,0,-1,0,0,-0.721549,0,0,0,0,0,0,0,0,-0.733333,0,1,0,0,0,0,5,0,0,0,0,1,0,0,0,0.77143,0,0,0,1,2,0,0,0.639379,0,0,-0.555556,1,0,0,0,-1,0,0,0,-1,0,0,-1,0,0,0,3,0,0,0,0,1,0,0,0,1,0,-1,0,0,-1,0,0,0,2,0,0,0,1,0,0,0,0,0,-0.556643,0,0,-0.564181,1,0,-1,0,0,0,0,1,0,1,0,1
0,-1,0,0,0,0,0,-0.753238,0,-2,2,0,-1,0,0,0,-0.783755,0,0,0,0,0,0,0,0,-1,0,2,-1,0,0,0,0.62524,13,0,0,0,1,0,0,0.25515,0,0,-0.838694,0,0,-1,0,0,-1,0,0,0,0,1,0,-3,0,0,0,0,1,0,1,0,1,0,-1,0,0,0,1,0,0,0,0,0,1,-1,0,0,-1,0,1,0,-2,-2,-0.183988,0,0,-0.820896,0,0,-2,1,0,-1,1,0,0,0,0,1
0,0,-1,1,0,1,0,-0.274668,0,0,0,0,0,0,-6,0,-0.769231,0,0,1,0,0,0,0,0,-1,0,0,-2,0,0,1,1.14286,8,0,-1,0,0,0,0,0.600664,1,0,-0.7,0,0,0,0,0,0,0,0,0,0,0,0,0,0,0,-1,1,0,0,1,0,1,-1,0,0,1,0,-1,0,0,0,0,0,0,0,-1,0,0,0,0,0,0,0,-0.922635,-1,0,-0.681725,0,0,1,0,0,0,0,-1,0,0,0,1
0,3,1,0,-1,4,-1,-0.199871,-2,1,0,0,-1,-2,2,-1,-0.741876,-1,0,0,0,0,0,0,0,-1,0,0,0,0,1,0,1.40086,3,0,0,-1,0,0,0,0.488839,-1,2,-0.062189,0,3,0,0,4,0,0,0,0,1,0,0,0,-1,0,0,0,0,0,1,0,4,0,0,0,0,-1,1,1,-1,-1,0,1,0,0,0,0,0,0,0,0,0,0,-0.707317,0,0,-0.051253,0,-1,0,0,0,1,2,0,0,0,0,1
0,0,0,-2,0,1,0,-0.030153,1,1,0,0,0,0,0,4,-0.769231,0,0,0,0,0,0,1,2,0,0,0,0,-1,1,-1,1.73147,12,0,0,0,1,0,0,0.272147,-1,0,-0.645068,0,0,0,0,0,0,0,0,0,-1,0,0,0,1,0,0,0,1,0,3,0,0,0,0,0,0,0,-1,0,0,0,0,0,0,0,0,1,0,0,1,0,-1,0,-0.707317,0,0,-0.553032,0,0,-2,0,0,1,0,0,0,0,0,1
0,4,1,0,0,-1,0,-0.846419,0,0,0,0,0,0,0,0,0.15875,0,0,0,0,0,0,0,0,0,0,0,0,0,1,0,1.27926,1,0,0,-2,1,0,0,1.033423,0,0,0.901556,1,1,0,0,-1,0,0,0,0,1,0,2,1,0,0,0,0,0,0,2,0,0,-1,-1,-1,1,0,0,1,2,0,0,-2,2,0,0,0,-2,0,1,0,0,0,-0.556674,0,0,-0.614816,0,0,0,3,1,1,0,0,0,0,0,1
0,0,0,-1,0,2,1,-0.582327,-1,0,0,0,-2,0,-5,0,-0.522639,0,0,-2,2,0,-1,-1,2,0,0,0,2,-1,1,0,1.02252,13,0,0,0,0,-1,0,0.90418,2,-3,2.72143,-1,1,0,0,0,0,-1,0,0,0,0,3,0,0,1,2,0,0,0,-2,0,0,2,-1,0,0,0,0,1,0,0,0,0,0,0,0,0,0,0,1,0,-2,0,-0.458947,0,0,-0.637677,0,0,0,0,0,1,0,0,0,1,0,1
-1,2,2,0,0,0,0,-0.581257,-1,0,0,0,0,0,0,0,-0.874871,1,0,0,4,0,0,0,0,0,0,0,0,0,1,0,1.50566,4,0,0,0,1,0,0,0.811263,1,0,-11.002562,-2,1,0,0,0,-2,0,0,0,0,0,0,0,0,-1,0,0,0,0,0,0,0,0,0,0,-1,0,0,0,2,0,0,1,0,0,-1,0,0,-1,1,0,0,0,-0.735551,0,0,-0.599898,0,0,-1,0,-1,1,0,0,2,0,0,1
0,0,0,-1,0,0,0,-0.666667,0,0,-3,0,0,0,0,0,-0.359751,-1,1,0,1,0,0,2,-1,0,0,0,2,0,0,0,1.42261,4,0,0,1,0,1,0,1.099283,2,0,-0.762709,0,0,0,0,0,0,-1,0,0,-1,1,0,0,0,1,0,0,0,1,0,-1,1,0,0,0,0,-3,0,0,0,0,0,0,0,0,1,0,1,1,0,0,0,0,-0.495115,0,0,-0.705674,0,0,0,0,0,0,0,0,0,0,1,1
0,-1,-2,0,0,0,0,-0.666667,0,0,0,-1,0,1,0,0,-0.549048,0,0,0,0,0,1,-1,-1,0,1,0,0,0,1,1,0.89598,2,0,0,1,0,0,0,1.209302,2,0,-0.661668,0,0,-1,0,0,0,0,0,0,1,1,0,1,-1,-1,-1,0,0,1,0,0,1,0,2,0,0,0,0,0,1,0,0,0,0,0,1,0,0,0,1,0,0,0,-0.83849,0,0,-0.771981,3,0,0,0,-1,0,-2,0,1,0,1,1
0,-1,1,-2,0,0,-1,-0.749024,0,0,0,0,0,1,0,0,-0.774199,0,0,3,1,0,-1,0,0,0,1,0,0,0,1,0,1.17204,5,0,0,0,0,-3,0,0.423612,0,0,-0.674459,0,0,1,0,-1,0,0,-1,1,0,0,0,0,0,0,0,1,2,0,0,0,1,0,-1,0,1,2,-1,0,0,2,0,0,0,0,0,0,0,0,-2,0,0,0,-0.432899,0,0,-0.659502,-1,0,0,0,0,0,0,0,0,0,1,1
0,0,0,-2,1,0,0,-0.551717,1,0,-1,0,0,0,-1,0,-0.430924,0,0,0,1,0,1,0,0,0,-1,0,2,0,-1,0,0.66161,4,0,-1,1,0,0,0,0.807018,0,0,1.52632,0,1,-1,0,0,0,0,0,0,0,0,0,0,0,0,0,0,0,0,-1,0,0,0,1,0,0,0,0,0,0,0,0,0,0,1,0,-1,1,0,-1,0,0,0,-0.400174,0,0,1.118702,0,0,0,0,0,1,0,-2,0,0,1,1
0,0,2,0,0,0,0,-0.657143,0,0,0,0,0,0,0,2,-0.742049,0,0,1,0,0,0,0,0,0,0,0,0,0,0,0,1.62857,8,0,0,0,0,1,0,0.73054,-1,-1,3.773377,0,0,1,0,0,0,0,0,0,0,0,0,0,1,2,2,0,0,1,0,-2,0,0,0,0,1,2,-2,0,2,0,0,0,3,0,0,0,0,0,0,0,0,0,-0.766369,0,0,-0.733333,0,1,0,0,0,1,0,0,0,0,1,1
0,1,0,1,0,-1,0,-0.687808,0,0,0,0,0,-3,0,0,-0.409786,0,0,0,2,0,-1,0,0,1,0,0,0,1,0,0,1.54928,11,0,0,0,0,0,0,0.790511,-2,0,-0.883204,-4,0,0,0,0,0,0,1,0,-1,0,0,0,0,0,2,0,0,0,0,0,-2,0,2,0,0,0,0,0,2,0,0,0,0,-1,0,0,0,0,-1,0,0,0,-0.647059,1,0,-0.733333,0,1,0,0,0,2,0,0,0,-1,1,1
0,0,0,0,0,0,1,-0.603964,0,0,1,0,0,0,0,0,-0.769231,0,0,0,0,1,0,0,0,0,0,4,0,2,0,0,1.2,2,0,0,0,1,1,0,1.49116,-1,0,-0.646706,-1,0,1,0,0,1,0,0,0,0,0,0,1,0,0,-1,0,0,0,2,1,0,0,0,0,1,0,0,3,0,0,0,0,0,0,1,0,0,0,0,0,-1,0,-0.796366,0,0,-0.406956,0,1,0,0,0,0,0,1,1,1,1,1
0,-1,0,0,0,0,-1,-0.583634,0,1,0,0,0,0,0,0,-0.731296,-2,0,0,1,0,0,-1,-1,0,0,0,0,0,-2,0,1.2,10,0,0,0,1,0,0,1.082924,0,0,-0.882905,0,0,0,0,0,0,0,0,0,0,0,0,-1,1,0,1,0,0,0,2,1,0,1,0,3,1,1,0,3,0,0,0,3,0,0,1,0,0,0,1,0,0,0,-0.501562,0,0,-0.835664,0,-1,0,0,0,3,0,0,0,2,1,1
-1,0,1,0,0,0,-1,-0.536523,-1,0,0,1,1,0,-2,-2,-0.667303,0,0,0,0,0,0,-2,0,0,0,0,0,0,0,-1,1.0902,4,-1,0,-1,1,0,0,1.565804,0,1,-0.766036,0,0,1,0,0,0,0,0,0,0,0,0,-1,0,0,0,0,0,2,0,1,1,0,0,0,1,0,2,0,0,0,0,0,-2,1,1,0,0,0,0,0,0,0,-0.636547,0,0,-0.602682,0,0,0,0,0,0,0,1,0,1,1,1
0,0,-1,0,0,0,0,-0.764706,0,0,0,0,0,0,2,1,-0.826474,0,0,1,0,0,-1,-1,1,0,0,0,0,0,0,1,1.45656,2,0,-1,0,0,0,0,0.92583,0,0,-0.667334,0,1,0,0,0,0,0,0,0,0,0,2,2,0,0,0,1,0,1,0,0,0,0,0,0,0,0,-2,1,2,0,0,2,1,0,0,0,0,1,0,0,0,0,-0.789474,0,0,-0.688082,0,0,0,0,-1,0,0,0,2,0,1,1
0,-1,0,0,0,0,0,-0.764706,0,1,-2,-1,0,-1,-1,1,-0.605843,0,0,1,0,-1,1,0,1,0,0,0,0,0,0,0,2.33489,2,0,0,-2,0,0,0,0.919749,-1,0,-0.764706,0,0,0,-1,1,1,2,0,0,0,0,-2,0,0,0,0,0,2,0,0,0,1,0,-1,0,0,0,-1,0,0,0,0,0,0,0,0,0,-1,0,3,0,0,0,-0.805093,0,0,-0.686735,0,0,0,0,0,0,0,0,0,0,1,1
0,0,0,0,0,0,1,-0.764824,-3,0,0,0,0,1,0,1,-0.658716,-1,0,0,0,0,0,0,1,0,0,0,-4,0,0,0,1.49065,1,0,0,3,0,0,3,2.022621,3,0,-0.762776,0,0,0,0,0,0,1,0,0,0,0,1,0,1,0,0,0,1,0,1,0,0,0,-3,0,0,0,0,0,0,0,0,0,1,0,0,0,0,0,-1,-1,0,0,-0.890844,0,1,-0.795786,2,0,2,0,1,0,0,0,0,0,1,1
0,0,3,0,0,2,0,-0.555556,0,0,0,0,0,0,0,1,-0.755352,0,0,0,0,0,0,0,0,1,0,2,2,0,0,0,1.7897,2,0,0,-1,0,0,-1,0.369565,0,-3,-0.706123,0,1,0,-1,0,0,0,0,0,0,0,0,0,0,0,0,1,0,0,0,1,1,1,0,-1,0,3,0,1,0,0,0,0,1,0,0,0,0,1,1,0,0,0,-0.567255,0,1,-0.412959,-1,-1,0,0,0,0,0,1,0,0,0,1
0,2,0,0,1,0,0,-0.835179,2,0,0,0,0,0,0,0,-0.779743,0,0,1,1,0,0,0,0,0,0,-1,-1,0,0,1,1.79174,2,0,0,0,0,0,0,0.369565,2,0,-0.308557,0,1,0,0,0,0,2,0,0,0,2,-4,0,0,1,2,0,0,0,0,0,5,0,0,0,0,0,0,1,0,0,0,0,0,0,0,0,1,1,0,0,0,0,-0.656635,-1,0,-0.25364,0,-2,-1,-2,0,0,0,0,0,1,0,1
0,0,0,0,0,2,-1,-0.748598,0,0,0,0,0,2,0,1,-0.789474,0,1,0,1,0,0,-1,0,0,-1,0,0,0,1,0,1.31429,0,0,0,0,0,0,0,0.563473,-1,0,-0.73913,0,1,0,1,1,1,0,0,1,1,2,-1,0,0,0,1,0,0,0,1,1,1,-1,0,0,-1,2,0,0,-1,0,0,0,0,2,0,0,0,1,-1,0,0,0,-0.600409,0,0,-0.840753,0,0,-1,2,0,-1,-1,0,0,-1,0,1
0,0,1,-2,0,1,0,-0.654702,0,0,1,0,0,0,0,1,-0.500355,1,0,0,1,0,0,3,1,-1,0,0,0,0,0,-1,0.6,6,0,0,0,0,0,0,0.454551,0,0,-0.407378,0,1,0,0,0,1,0,0,0,1,0,0,1,-1,1,0,0,0,-1,0,0,1,1,-1,2,0,-1,0,0,2,4,0,0,-1,0,0,0,-3,0,1,0,2,0,-0.776906,0,-1,-0.919348,-1,0,-3,0,0,0,2,0,0,0,0,1
0,0,0,0,0,1,0,-0.53342,0,0,0,0,0,-3,0,-1,-0.614172,0,1,-1,1,0,0,0,0,0,0,2,0,0,0,0,0.80484,2,0,0,1,0,0,0,0.410033,2,1,-0.125337,1,0,-1,0,0,2,-1,0,-1,0,8,0,0,-1,0,0,0,0,0,0,0,1,0,0,1,0,4,0,0,2,0,1,0,0,0,0,-1,1,0,0,0,-1,0,-0.675676,0,0,-0.613226,0,1,0,1,0,1,0,0,1,0,0,1
0,1,1,0,0,0,0,-0.753646,0,0,0,0,0,0,0,0,-0.603508,0,0,-1,1,0,0,0,0,0,-1,0,-1,-2,1,0,0.6,4,0,0,0,0,0,0,1.412754,-3,0,-0.173209,1,0,0,0,0,0,0,0,0,1,1,0,0,0,3,-2,0,0,0,-1,0,0,0,-5,2,1,0,0,0,0,0,0,0,0,0,0,0,0,0,0,0,-1,0,-0.85472,0,0,-0.516391,1,0,-2,-1,1,0,0,0,1,2,0,1
0,0,-2,0,0,-1,0,-0.652318,-1,0,0,1,0,0,0,2,-0.869025,0,0,1,2,0,-1,0,0,-1,1,0,2,-1,0,0,0.85714,0,0,0,0,1,0,0,0.266667,0,0,-0.370772,-3,0,0,0,0,0,1,0,1,0,0,3,-1,0,0,0,0,0,1,0,0,0,1,-1,0,0,3,0,1,-2,-1,0,0,0,0,0,0,0,0,0,0,0,0,-0.715294,0,0,-0.675676,1,-1,0,0,0,0,0,0,0,0,0,1
0,0,0,0,0,2,0,-0.638922,0,0,0,1,-1,1,3,0,-0.509055,1,-1,0,0,0,0,0,0,0,1,1,-1,1,-1,0,0.85714,10,0,0,0,0,-1,0,0.33443,0,0,-0.60115,0,0,1,-1,0,0,1,0,0,-1,3,0,0,0,0,-2,0,0,0,2,-1,-1,2,0,2,0,2,0,1,2,0,0,-1,0,0,0,-1,0,0,2,0,0,0,-0.727273,-1,1,-0.603838,0,0,1,0,0,0,0,0,0,0,0,1
0,0,0,0,0,2,1,-0.822017,0,0,0,1,2,0,0,0,-0.733333,1,0,4,-1,1,0,0,0,-2,0,0,0,1,1,0,0.7397,5,0,0,0,5,0,1,0.953485,0,0,-0.86857,0,0,-1,0,0,-2,1,0,0,0,2,1,0,0,0,0,0,0,0,0,5,0,3,2,0,0,0,0,1,-4,0,0,0,0,-1,0,0,0,0,-1,0,0,0,-0.727273,0,0,-0.570506,0,0,1,0,0,0,0,0,0,0,0,1
0,1,0,1,0,0,0,-0.692308,0,0,0,1,0,0,0,0,-0.755102,0,-2,1,0,0,0,0,2,0,0,0,0,0,0,0,1.4096,7,0,0,0,1,0,0,1.109775,0,0,-0.619731,0,0,0,0,0,0,0,0,0,0,1,0,0,0,-1,0,0,0,0,0,0,0,0,2,0,0,0,0,0,0,2,0,-1,0,0,0,0,1,0,3,0,1,1,-0.556872,0,0,-0.489248,4,0,0,0,1,0,0,1,-2,0,0,1
0,0,0,1,0,2,0,-0.768752,-1,0,1,0,1,0,0,0,-0.888308,0,-3,0,2,1,0,-1,0,0,0,0,0,-1,0,0,1.01286,4,0,0,1,1,0,0,1.210708,0,0,-0.771708,0,0,1,0,0,1,0,1,-1,0,1,0,0,0,1,0,0,0,0,0,2,1,0,-1,2,0,0,0,-2,-1,0,0,0,4,0,0,0,1,-1,-1,0,1,0,-0.612903,0,0,-0.230016,0,0,0,1,-1,0,0,0,0,0,0,1
0,0,1,0,1,0,0,-0.886513,0,0,1,-1,-2,0,0,0,-0.457541,0,-1,0,1,1,0,0,1,0,0,4,0,2,0,0,1.30173,2,0,0,0,0,0,0,1.17391,0,0,-0.598627,0,0,1,1,2,1,0,0,1,0,0,0,-2,-2,1,-1,0,0,0,0,0,0,0,0,0,0,1,0,0,-2,0,0,0,0,0,1,0,0,-1,-2,2,0,0,-0.245214,0,0,5.253466,0,0,0,0,0,-1,0,1,0,-1,0,1
0,1,1,2,0,-2,0,-0.664772,0,0,0,0,0,0,0,-2,-0.569742,2,0,4,0,1,0,-1,0,0,1,0,0,0,-2,0,2.81642,1,0,0,0,-2,0,-1,0.948677,0,0,-0.581373,0,0,0,0,0,0,1,1,0,0,1,0,0,1,3,1,0,0,0,0,1,0,0,1,7,-1,1,0,0,0,0,0,0,3,1,0,0,0,0,0,0,0,0,-0.605651,0,0,0.224853,0,0,1,0,0,0,0,0,0,0,1,1
0,0,0,0,0,1,0,-0.668568,1,0,-1,0,0,0,0,0,-0.776221,0,0,0,0,1,-1,2,1,1,0,0,0,4,0,1,1.64428,8,0,0,0,0,-1,1,0.709815,0,0,-0.283005,0,-1,0,0,0,0,0,0,0,0,0,2,-2,-1,0,0,0,0,0,0,1,0,0,0,0,-1,0,2,1,1,0,0,0,0,0,1,0,0,0,0,0,0,1,-0.269207,0,0,-0.709421,0,0,-1,0,0,-1,0,0,0,0,1,1
0,-1,0,-1,0,-1,0,-0.514523,0,0,1,0,-2,0,0,0,-0.608564,0,0,0,0,0,-3,0,0,0,0,0,0,0,0,0,2.02778,2,0,0,0,0,1,0,1.11111,-2,0,-0.813039,0,0,0,0,0,0,-1,0,0,0,0,-1,1,0,0,0,0,0,0,0,0,0,0,0,0,-1,1,0,0,0,0,1,0,0,0,0,0,0,0,0,0,0,0,-0.583562,0,0,-0.732525,0,0,1,0,0,0,0,0,0,0,1,1
0,1,2,0,0,3,0,-0.649793,0,0,0,-2,0,-2,0,-3,-0.629151,0,0,0,1,0,0,0,0,0,0,0,0,0,0,0,1.18879,0,1,0,0,0,0,0,1.013185,0,-1,-0.732046,0,0,0,0,0,0,0,0,0,0,-4,0,2,1,0,0,0,0,0,0,0,1,-1,1,0,0,-1,1,1,0,0,0,-1,-2,0,-1,0,0,0,0,0,0,0,-0.773585,1,1,-0.54726,0,0,0,0,0,0,0,0,0,1,1,1
0,0,0,0,0,0,0,-0.768974,-1,0,1,0,0,0,2,0,-0.842147,0,-1,0,1,-1,0,1,1,0,0,0,0,0,0,0,1.28571,4,1,0,1,0,0,0,1.277299,-2,1,-0.839752,0,0,0,0,0,0,2,0,0,0,1,0,0,0,-1,0,0,0,0,0,0,1,0,1,0,-1,0,0,0,0,0,0,0,0,0,1,0,-1,0,0,0,1,0,-0.773585,0,0,-0.907663,0,0,-1,0,0,1,1,1,0,0,1,1
0,0,0,1,0,-2,1,-0.689577,0,0,1,0,0,0,0,0,-0.821689,0,0,0,1,0,0,0,0,0,0,0,2,0,-1,-1,2.02732,3,1,0,1,0,1,0,0.655974,0,1,-0.670207,2,0,0,1,0,0,0,0,-1,0,1,0,1,0,0,0,0,0,0,1,0,0,0,1,0,0,1,0,0,0,-1,0,0,0,0,0,-1,0,0,0,0,0,0,-0.773585,0,0,-0.586207,0,0,2,0,1,1,0,1,-1,0,1,1
1,0,-2,0,0,-1,-1,-0.559437,0,0,0,0,0,0,-1,0,-0.233201,0,0,-1,-1,1,0,0,0,0,0,0,0,-1,2,0,1.05133,1,0,0,0,1,0,0,0.199165,0,0,-0.603302,1,1,0,0,0,0,-1,0,0,0,0,2,1,0,-1,0,0,0,0,0,0,-2,0,3,1,0,0,0,0,0,0,0,0,-1,0,0,1,-1,0,0,0,-1,0,-0.538462,-1,0,-0.687526,0,0,0,0,-1,-1,2,0,0,0,0,1
0,0,0,0,1,0,0,-0.623732,-2,1,0,0,-1,0,0,0,-0.128518,-3,0,-1,0,0,0,0,0,1,0,0,0,3,1,0,0.9038,1,0,0,0,0,0,0,3.076592,0,0,-0.415766,0,0,0,0,0,0,0,0,-1,-1,1,0,-1,2,-1,0,0,0,0,0,1,4,0,2,1,0,-4,0,1,1,-1,0,-1,0,1,0,0,0,0,-1,-1,-1,-1,-0.247838,0,0,-0.357091,0,2,0,0,0,0,3,0,0,-1,0,1
0,0,1,1,0,0,0,-0.655135,0,0,0,0,0,3,0,0,-0.660501,0,0,0,0,-1,0,0,-1,2,0,0,1,0,0,1,0.7999,2,0,0,0,1,-2,0,0.259465,0,0,-0.631936,-1,-1,0,-1,0,2,0,1,-1,-1,-1,3,2,0,0,-1,0,0,0,0,1,-1,0,0,-1,0,0,-1,-3,-5,0,0,-1,-1,0,0,0,0,0,1,0,0,0,-0.538462,0,0,-0.678243,0,-1,0,-1,1,0,0,2,1,0,0,1
0,2,1,0,0,0,0,-0.479237,0,0,0,0,1,0,2,0,-0.265363,0,0,0,0,0,0,0,0,0,0,1,0,0,-1,2,1.69617,7,0,0,0,0,0,0,0.425046,0,0,-0.437525,0,0,0,0,0,0,1,0,1,1,0,1,1,-1,-1,0,0,1,-6,0,1,0,0,0,0,0,0,0,0,0,0,0,1,0,0,0,1,0,0,1,0,0,0,-0.49858,0,0,0.021735,0,1,0,0,0,0,0,0,2,1,1,1
0,0,1,0,0,1,0,-0.810677,0,0,0,0,0,1,0,1,-0.73913,0,0,0,0,0,0,0,0,0,1,0,0,0,3,0,2.25094,7,0,0,0,0,0,0,1.586786,0,0,-0.800601,0,0,0,2,0,0,1,0,0,0,0,0,0,0,0,2,0,0,0,-1,0,0,0,1,0,-1,0,0,2,0,0,0,-1,1,0,0,1,0,0,1,-1,0,0,-0.4,0,1,-0.4,0,0,2,0,0,0,0,0,-2,0,1,1
0,0,0,0,0,1,0,-0.838308,1,0,0,0,2,0,0,0,-0.747285,0,0,0,0,-1,0,0,0,0,1,0,0,0,0,0,1.12684,7,0,0,0,0,0,0,1.14815,0,1,-0.777778,0,0,0,0,0,1,1,0,-1,1,0,0,0,0,0,2,0,1,0,0,0,0,-1,1,0,0,0,0,-1,0,0,0,1,1,0,1,1,0,0,1,0,0,0,-0.79128,0,0,-0.4,0,0,0,-2,0,0,0,-1,-2,0,1,1
0,-1,0,1,0,3,0,-0.685465,1,0,-2,0,0,0,6,0,-0.805333,0,0,-1,0,0,0,0,0,0,0,2,3,0,2,0,1.31429,3,0,0,1,0,0,0,0.5,0,0,-0.73913,0,-1,0,0,0,0,0,0,0,3,0,1,2,0,0,-1,0,0,3,-2,0,1,1,1,0,0,0,0,1,0,0,0,0,0,0,0,0,-1,0,-1,1,0,0,-0.571429,0,0,-0.625021,2,0,0,0,1,0,0,0,1,0,1,1
0,0,3,1,-1,0,0,-0.635994,0,1,1,1,0,0,0,0,-0.895394,0,0,0,0,0,0,0,0,0,0,2,0,0,0,0,1.39805,10,0,0,0,1,0,0,0.48573,0,0,-0.77633,0,0,0,0,0,0,0,0,0,0,0,1,1,0,1,0,-1,0,0,-1,1,0,1,0,0,0,0,0,0,0,0,0,0,0,0,0,0,0,0,1,0,0,0,-0.728723,0,-1,-0.728532,0,0,0,0,0,-3,0,0,-4,0,1,1
1,1,0,0,0,0,-1,-0.675676,0,0,0,1,0,1,0,0,-0.58378,0,0,1,0,0,0,-6,0,0,0,0,0,0,3,0,2.02316,0,0,0,0,0,-1,-2,0.761727,0,0,-0.410865,0,0,0,0,0,4,0,0,0,0,1,0,0,0,0,0,0,0,2,0,1,0,1,0,0,0,0,0,-3,1,2,1,0,0,0,0,0,0,0,0,0,0,0,-0.401541,0,0,-0.5364,-1,0,0,1,0,0,0,0,0,0,1,1
0,0,0,0,0,0,0,-0.626093,0,0,1,0,0,0,-1,1,0.477154,0,0,0,3,0,0,0,0,1,0,0,0,0,0,0,3.0507,8,0,1,0,0,0,0,0.866148,0,0,-0.838417,0,1,0,0,0,0,0,0,0,0,3,0,1,-1,-4,0,0,-1,1,1,0,0,0,0,1,0,0,0,0,0,0,0,1,0,0,0,1,1,-1,0,0,0,0,-0.47684,-2,0,-0.741928,0,0,0,0,0,1,3,2,0,-1,1,1
0,0,0,2,0,0,0,-0.612523,0,0,0,1,-1,0,0,0,-0.499483,0,0,0,1,0,0,0,0,0,0,3,0,0,0,0,1.0124,4,0,-1,0,0,0,0,0.84048,0,0,-0.851883,0,1,1,0,0,-2,0,0,0,2,0,0,0,0,-1,0,0,0,1,1,-1,-1,0,0,1,1,0,0,0,0,-1,0,-1,0,0,-1,0,-3,2,0,0,0,0,-0.033415,3,1,-0.298057,0,0,0,0,0,0,0,0,0,3,1,1
0,-1,0,0,0,0,0,-0.440965,0,0,0,-1,2,0,0,1,-0.529334,0,0,0,-1,0,0,0,0,0,0,0,0,0,1,0,1.50142,12,0,0,-2,0,0,0,0.760075,0,0,-0.800044,0,1,0,0,0,0,0,0,0,0,-2,0,0,1,2,0,0,0,0,-1,0,0,-1,1,1,0,0,0,0,0,0,0,0,0,0,0,0,0,0,-1,1,0,0,-0.385579,0,0,-0.553041,0,0,0,0,0,1,0,0,-2,0,1,1
0,0,-1,0,0,0,1,-0.769231,-1,1,0,-2,1,0,1,2,0.194109,0,0,0,0,0,0,0,0,0,0,0,1,1,1,0,0.90821,13,0,-2,1,0,0,0,3.504747,0,1,-0.640128,0,0,0,0,0,0,0,0,0,-1,-2,0,-4,0,-1,0,0,0,3,0,2,2,0,3,0,1,0,0,0,0,-1,0,-2,0,0,0,0,0,0,1,-1,-1,1,-0.760165,0,0,-0.769231,1,1,0,0,0,0,1,1,0,-2,0,1
0,0,3,1,0,0,1,-0.721748,-1,0,0,0,0,0,0,0,-0.794855,0,0,0,0,0,0,0,0,0,0,0,0,0,1,0,0.79937,4,0,0,1,3,0,0,3.625718,-1,0,-0.596904,0,0,0,0,0,0,0,0,0,0,0,1,0,0,0,0,0,0,0,0,1,0,0,0,0,0,0,0,1,1,0,0,0,0,1,0,0,0,0,0,-1,2,0,-0.503315,0,0,-0.486637,0,0,1,-1,0,0,0,0,0,0,0,1
0,0,0,1,0,0,0,-0.872282,0,0,-1,0,0,0,0,1,-0.762237,0,0,0,-1,0,1,0,0,0,0,0,0,0,1,0,0.75335,2,0,1,1,-1,0,0,1.44828,2,0,2.075524,0,-2,0,0,0,0,0,0,0,0,1,1,-1,-1,2,0,0,0,0,0,1,3,1,0,0,2,0,0,0,0,0,0,0,0,1,0,0,0,0,0,0,-2,0,-0.516835,0,2,-0.769231,0,0,-2,1,-1,0,0,0,0,0,0,1
0,0,2,0,0,0,0,-0.714109,0,0,0,0,0,-1,0,2,-0.688102,0,0,0,2,0,0,0,1,1,0,0,0,0,0,0,1.30805,19,0,0,1,0,0,0,0.694444,0,1,-0.746292,0,0,0,0,1,0,0,0,3,1,0,-1,0,2,0,0,0,0,0,0,0,2,0,0,3,0,0,0,0,0,-1,0,0,0,0,1,0,0,0,0,0,0,0,-0.882244,0,0,-0.408692,0,0,2,0,1,0,0,-1,0,0,0,1
0,0,0,0,1,-1,0,-0.698775,0,0,0,0,0,0,1,-1,-0.502745,0,0,0,0,0,0,0,0,1,0,3,0,-1,0,0,0.87273,3,0,0,1,2,-1,0,0.872312,0,-2,-0.532729,1,0,0,-1,0,0,0,0,0,0,1,3,0,0,-1,0,0,0,1,0,0,0,0,-1,0,-2,0,0,0,0,0,0,0,0,0,0,1,0,0,0,0,0,0,-0.092454,1,0,-0.55404,2,0,-1,0,0,-1,0,0,0,-6,0,1
0,0,3,0,0,0,0,-0.727273,0,-1,0,0,0,-1,0,2,-0.666667,0,0,1,0,0,0,1,0,1,0,0,0,0,0,0,1.06626,13,0,0,1,0,2,0,0.694444,1,0,-0.567129,0,0,0,1,0,0,2,0,0,0,1,0,0,0,1,0,1,0,0,-2,0,-1,0,2,0,-1,1,0,1,2,2,0,0,1,0,0,0,0,0,0,0,0,2,-0.589856,0,0,-0.530267,0,0,0,-2,0,0,0,0,0,-4,0,1
0,1,0,0,0,0,0,-0.887433,0,1,2,0,0,0,2,0,-0.749663,0,0,1,1,0,0,0,0,0,-1,0,0,0,0,1,0.94286,1,0,0,0,1,0,-1,3.92385,0,0,-0.546972,0,0,0,0,0,0,0,0,-1,0,-2,0,0,-1,0,0,1,-1,0,1,0,0,1,0,0,-1,1,-1,1,0,0,0,0,0,0,0,0,1,1,1,0,0,0,-0.45717,0,0,-0.70822,5,0,0,0,0,0,0,1,1,0,0,1
0,0,0,0,0,4,0,-0.046701,0,0,0,0,0,0,0,0,-0.4173,0,-2,1,0,0,0,4,0,0,0,-2,3,0,0,0,0.92534,1,0,0,0,-1,0,0,1.69697,-1,2,-0.75394,2,0,0,0,0,0,0,1,0,0,4,0,0,1,0,2,-2,0,0,0,0,0,-2,1,0,2,1,0,1,-3,0,0,1,0,0,0,0,1,1,0,0,0,0,-0.669611,0,0,-0.694734,0,0,4,0,1,0,0,0,0,0,0,1
0,0,0,2,0,0,0,-0.746135,-1,0,1,0,2,0,0,0,-0.647059,0,-2,-1,0,3,-1,2,2,3,0,0,0,0,0,2,1.34672,1,0,1,0,0,-2,0,1.69697,0,0,-0.331729,0,-2,1,0,0,0,0,0,0,0,-1,0,-1,0,1,0,0,0,0,1,0,0,1,-4,-1,0,1,0,0,0,0,0,0,2,0,0,0,0,1,0,0,0,0,-0.659715,0,0,-0.701204,0,0,0,0,0,0,0,0,0,2,0,1
0,0,2,-6,-1,0,0,-0.719493,0,0,0,0,0,0,-1,0,-0.632516,0,0,0,0,0,-2,0,0,1,0,0,-1,0,0,0,0.8,1,0,0,1,0,0,0,1.0,0,0,6.632974,0,1,0,0,1,0,0,0,0,0,0,0,0,0,0,0,0,1,0,0,4,0,0,-4,0,0,1,0,0,0,0,0,0,0,0,0,0,0,-1,0,0,1,0,-0.557482,0,0,-0.913685,0,0,0,-3,0,0,0,0,0,0,0,1
0,0,0,0,0,-1,0,-0.789498,1,0,0,-1,-1,0,0,-1,-0.658734,0,1,1,4,0,1,0,-1,0,0,0,0,0,0,1,0.57098,2,0,0,0,-2,0,0,0.656699,0,1,4.57143,0,1,0,-1,1,0,0,0,0,0,0,0,-1,1,3,0,-1,0,0,0,0,0,0,0,0,0,1,0,0,1,-2,0,1,-2,0,0,-1,0,0,0,0,-1,0,-0.635493,0,0,-0.104433,0,0,0,0,1,0,0,-1,0,0,0,1
0,0,0,0,0,0,2,-0.819838,0,0,0,0,0,0,-2,3,-0.709932,0,0,1,0,0,0,1,0,0,-1,-1,0,-2,0,0,0.58607,2,0,0,0,0,0,0,1.0,1,0,4.57143,0,1,1,1,1,0,0,0,0,-1,0,0,0,0,0,-2,0,0,0,0,-1,0,0,0,0,0,1,0,0,0,-2,0,0,-1,0,0,0,-2,0,0,0,0,0,-0.601049,0,0,0.031266,0,0,1,0,0,1,0,0,0,0,0,1
0,0,1,1,0,0,0,-0.532145,0,-1,1,-1,1,0,0,1,1.61753,0,0,0,1,0,0,0,1,0,0,0,0,0,0,0,1.04191,4,0,0,0,0,-1,-1,1.301295,3,0,-0.698096,1,2,-1,2,0,0,0,0,0,0,0,0,0,0,1,0,1,0,0,-4,-1,0,-1,0,0,-1,-4,0,-1,0,0,0,0,1,0,1,0,0,0,0,0,1,0,-0.645979,0,0,-0.581101,0,0,0,0,0,1,2,0,0,0,0,1
0,-1,0,0,0,0,0,-0.461348,0,0,0,0,1,0,0,0,-0.7,1,0,2,2,0,2,1,1,0,0,0,0,0,-1,0,1.31932,13,0,0,-1,0,0,0,0.831293,0,0,-0.742601,0,0,0,0,0,0,1,0,0,0,0,0,0,0,0,0,1,0,-5,0,-1,0,0,0,2,0,0,1,0,0,2,0,1,1,0,0,0,-1,0,0,0,1,0,-0.899395,0,0,-0.642465,0,0,3,0,0,-1,0,0,1,1,0,1
0,0,1,0,0,0,0,-0.134663,0,1,1,0,1,0,0,0,-0.783811,0,0,1,0,0,0,0,0,0,0,2,2,0,0,0,3.24637,13,0,0,0,1,0,0,1.116968,0,-1,-0.697735,0,0,0,0,0,0,1,0,0,0,2,0,0,0,1,0,1,0,0,0,0,0,0,0,2,0,2,0,0,0,0,1,1,0,-1,1,0,0,0,0,0,-1,0,-0.627679,0,0,-0.907292,3,0,0,0,1,0,0,0,1,2,0,1
0,1,0,-3,0,2,-1,-0.47195,0,-1,0,-1,0,0,0,0,-0.906616,0,1,0,1,0,0,0,0,0,0,0,0,0,2,0,1.11418,2,0,2,0,0,0,0,0.928571,-1,0,-0.665329,0,0,1,0,0,0,0,1,0,0,-1,0,0,0,0,0,0,0,0,0,-1,0,1,0,3,-1,-4,0,0,0,0,1,0,0,0,0,0,-2,-1,1,0,0,0,-0.874501,0,0,-0.586207,0,1,0,0,1,0,0,-5,2,1,0,1
0,1,0,0,0,0,0,-0.509738,0,0,3,0,0,0,0,0,-0.455403,0,1,1,1,0,0,0,0,0,0,-1,-1,0,0,0,2.00248,1,1,1,2,-1,1,0,1.140879,0,0,-0.714286,0,0,0,0,0,0,0,1,0,0,0,0,1,0,3,0,0,0,0,2,0,0,0,0,0,0,5,0,0,0,0,0,0,0,0,0,0,0,0,-3,0,0,0,-0.545856,0,1,-0.660301,0,0,0,0,0,0,0,-4,0,1,0,1
0,-1,-2,-2,0,0,0,-0.707317,0,0,0,1,0,0,0,0,-0.432765,0,0,3,1,0,0,1,0,0,0,0,2,-1,0,0,1.14037,11,-1,0,0,0,0,0,0.928571,0,1,-0.726476,-2,0,0,-1,0,0,0,1,0,0,1,2,1,0,0,0,0,0,0,0,0,0,1,0,0,-1,0,0,-3,1,0,0,0,0,0,0,0,0,0,0,0,1,-2,-0.675676,0,0,-0.592863,2,0,0,0,1,0,-1,2,0,1,0,1
0,0,1,-1,0,0,0,-0.76,0,0,-1,0,-1,0,0,1,-0.494061,0,0,0,2,0,0,3,0,1,0,0,0,2,0,0,1.41025,12,-1,0,-1,-1,0,0,0.303096,0,0,-0.833557,0,0,1,0,0,0,0,0,1,-1,0,2,-1,0,1,-3,1,1,0,1,0,1,0,2,0,1,3,1,0,0,0,0,0,2,0,-1,0,0,0,0,0,0,1,-0.596997,0,-1,-0.559903,0,1,-2,0,0,1,2,1,0,2,1,1
-1,6,0,0,0,0,0,-0.76,0,0,-3,0,0,0,0,0,-0.657143,0,0,0,1,0,0,0,-1,0,0,0,0,2,0,0,1.19769,5,0,1,0,0,-1,1,0.783169,0,1,-0.747118,1,0,0,0,1,0,0,0,0,0,-1,0,3,0,0,-1,1,0,0,1,0,0,0,0,0,-1,0,0,0,0,3,0,0,1,1,0,1,0,0,0,0,0,0,-0.571539,1,0,-0.56664,0,0,2,-2,1,1,0,1,0,0,1,1
0,0,0,-1,0,0,0,-0.648712,-2,0,0,0,1,0,0,0,-0.631057,0,1,0,1,0,0,0,0,0,0,0,3,2,0,0,1.18265,1,0,0,1,0,0,0,0.85886,0,1,-0.738243,2,0,0,0,1,1,1,-1,0,0,0,3,0,0,2,1,1,0,2,1,0,0,0,0,0,0,0,0,0,0,0,0,1,0,0,0,0,0,0,0,0,0,-1,-0.567596,0,1,-0.431108,0,0,0,1,1,1,1,1,0,0,1,1
0,0,0,1,0,-2,0,-0.56491,2,0,0,0,-1,0,0,1,-0.390855,0,0,0,0,1,0,0,0,0,-2,0,-2,0,0,0,0.79878,6,0,0,0,1,0,0,0.941962,0,0,-0.596429,0,2,0,0,0,0,0,0,-1,0,0,0,0,0,0,0,0,0,0,0,0,-2,-1,0,0,0,1,0,0,0,0,0,0,0,0,0,0,-4,0,4,0,0,0,-0.429493,0,0,-0.750976,0,-1,-1,0,0,4,0,0,0,0,0,1
0,2,0,1,0,2,0,-0.640988,0,1,0,1,0,0,2,0,-0.79425,0,0,0,0,0,0,0,0,0,0,0,0,0,-1,0,0.86035,14,0,0,0,0,0,0,0.176566,0,0,-0.668545,4,1,0,0,0,0,0,-1,0,0,0,0,0,0,0,-1,0,0,0,0,0,0,0,0,1,0,3,0,3,0,1,0,0,0,0,0,0,0,0,0,0,1,0,-0.80198,0,0,-0.777778,0,-1,0,0,1,0,-3,-1,0,2,0,1
0,2,0,0,1,0,-1,-0.656487,0,0,0,0,0,0,1,2,-0.428571,0,0,0,-1,0,0,0,0,0,0,0,0,-3,0,0,0.66791,0,0,0,0,0,0,-1,3.09046,0,0,-0.644889,0,1,0,0,0,0,0,0,-1,-1,0,0,1,1,0,0,1,0,0,0,-1,0,-1,0,-1,0,0,-1,0,0,0,0,0,0,0,0,0,0,0,-1,0,0,0,-0.469942,0,0,-0.727587,-1,0,0,0,0,0,0,0,1,0,0,1
0,3,2,1,-1,2,1,-0.287186,0,-3,0,0,0,1,0,0,-0.486745,0,0,0,0,0,0,0,0,0,0,0,0,0,-1,0,0.82857,6,0,0,0,1,0,0,1.44828,0,1,-0.614761,1,0,0,0,0,0,0,0,1,0,0,3,1,0,0,0,0,0,0,1,0,-1,0,0,0,1,1,0,1,0,2,0,1,0,0,1,0,1,0,0,0,1,0,0.12462,0,0,-0.727943,2,0,0,0,0,0,1,0,0,2,0,1
0,0,1,1,0,0,1,-0.452147,0,0,0,0,0,0,0,-5,-0.061739,-2,0,1,0,0,0,0,0,0,0,0,0,3,0,0,1.41201,4,0,3,0,1,0,0,1.503414,1,1,0.267871,1,1,0,0,0,0,0,0,1,0,0,2,1,0,0,0,1,0,2,0,0,0,0,0,0,0,0,0,-3,1,2,0,1,0,0,0,0,0,1,0,0,-1,0,-0.750597,0,0,-0.396248,0,0,2,0,0,0,1,0,-2,1,0,1
0,0,0,1,0,0,1,-0.586207,0,0,0,0,0,0,2,0,-0.749073,0,0,-1,-1,0,0,0,-1,0,0,0,0,0,0,0,0.98156,3,0,0,1,1,0,0,2.759792,1,1,-0.374802,1,-1,0,0,0,0,0,0,0,0,5,2,1,0,2,0,0,0,0,2,0,-4,0,-1,2,1,1,0,1,1,0,0,1,0,0,0,0,1,0,-1,0,0,0,-0.634757,0,0,-0.738662,2,0,0,-1,0,0,1,0,0,2,0,1
0,0,1,0,0,0,1,-0.701145,0,1,0,0,0,1,0,0,-0.652654,1,-1,0,0,1,0,-2,0,0,0,0,0,-1,0,0,0.62857,0,0,0,-1,2,0,0,0.925477,0,-1,-0.454545,1,0,-1,0,0,0,1,0,0,0,1,0,0,1,1,0,1,0,0,3,1,0,0,0,0,0,0,0,0,0,0,0,1,0,0,1,0,-2,0,-1,0,1,0,-0.675676,-2,0,-0.603521,0,0,0,1,1,0,0,0,1,0,0,1
1,0,0,0,0,0,0,-0.430732,-2,1,0,0,0,-2,0,0,-0.729849,1,-2,0,0,1,0,0,1,0,0,-2,0,0,0,0,0.5934,9,0,0,0,0,0,0,0.266085,1,2,-0.454545,-2,0,0,0,0,0,0,0,0,0,0,0,0,1,1,0,0,-1,0,1,0,0,0,2,0,0,1,0,1,0,0,0,1,-1,0,0,1,0,0,0,0,5,0,-0.675676,0,0,-0.625806,0,0,0,0,0,0,2,0,0,0,0,1
0,2,1,0,0,0,1,-0.63097,1,1,1,0,3,1,0,0,-0.769874,1,0,-1,-1,0,1,0,0,0,0,-1,0,-1,1,0,0.63973,1,0,0,0,0,0,0,1.453628,0,1,-0.471492,0,-1,-1,0,0,0,1,0,0,2,0,0,2,1,1,0,0,0,0,0,0,0,0,0,0,0,1,-2,0,0,1,0,0,1,0,0,0,0,0,0,0,-1,0,-0.675676,0,-1,-0.588566,0,0,3,0,0,0,0,3,0,1,0,1
0,0,-1,0,1,0,0,-0.806452,-1,0,0,0,0,0,1,0,-0.705083,0,0,1,0,0,1,1,0,0,0,0,1,-1,0,-2,0.88951,10,0,-1,1,1,0,0,0.25,-1,0,-0.578784,1,2,0,0,0,0,0,0,0,0,1,0,0,-1,0,0,0,0,0,0,0,-1,0,-2,1,1,0,0,1,0,0,0,1,-1,0,0,0,0,-2,0,0,0,0,-0.450601,-1,0,-0.827528,0,0,0,2,0,0,0,0,0,2,0,1
0,2,0,0,1,0,0,-0.806452,0,0,-1,0,0,1,0,0,-0.61156,0,0,0,0,0,0,0,0,0,0,0,0,0,0,0,0.92063,1,0,0,1,0,-1,0,0.338593,0,-1,-0.516021,0,1,0,-1,1,0,0,0,0,-2,0,0,1,1,-2,0,-4,0,1,0,0,0,0,0,2,0,0,0,0,1,-2,0,0,0,0,0,0,-1,0,1,0,-2,1,-0.767497,-1,1,-0.752155,0,0,0,0,0,0,0,0,1,1,0,1
0,0,0,0,0,0,0,-0.806452,0,-1,0,0,3,-1,-1,0,-0.577926,0,0,0,0,0,0,1,0,0,0,0,-3,2,0,0,0.58256,1,1,0,1,0,0,0,0.305154,-1,0,-0.435426,0,0,0,-1,0,1,1,0,0,0,4,0,0,1,0,1,0,0,1,0,-1,0,0,0,0,-1,0,-1,0,0,0,0,-1,0,-1,0,0,0,0,1,0,1,0,-0.789854,0,0,-0.71432,0,-1,3,0,0,0,0,0,1,1,0,1
0,0,0,0,0,2,2,-0.229459,-1,0,0,0,0,0,0,0,-0.7091,1,0,0,1,0,0,0,0,0,-1,0,-1,2,0,0,0.93011,3,0,0,0,0,0,0,3.450644,0,0,-0.655822,0,0,0,0,-1,1,0,0,0,0,0,0,0,0,1,0,0,0,0,0,0,0,0,0,0,0,1,0,-3,0,0,-1,0,0,0,0,-1,-1,0,0,0,1,0,-0.221833,0,1,-0.522663,0,0,0,0,0,0,0,1,1,1,1,1
0,0,0,0,0,0,1,-0.082821,1,0,0,0,-2,1,0,0,-0.666667,0,0,0,1,1,1,3,0,1,0,0,4,2,0,2,0.81755,4,0,0,0,0,1,0,0.920469,0,-1,-0.570137,0,0,0,0,0,0,0,0,0,0,0,1,0,0,1,0,0,0,1,0,1,0,0,0,0,0,1,0,0,0,0,0,0,0,0,0,0,0,0,0,0,0,0,-0.718732,0,0,-0.856944,0,0,0,0,0,1,0,1,0,1,1,1
0,0,0,0,0,0,2,-0.368421,0,0,-3,0,0,0,0,1,-0.673812,0,0,0,0,0,0,0,0,0,0,0,0,0,0,1,0.93514,3,0,0,0,0,0,0,0.90625,0,2,-0.559785,-2,1,0,0,-1,0,0,0,0,0,1,0,0,0,2,0,0,-1,2,0,1,0,0,0,5,0,2,0,0,0,0,0,0,0,0,0,0,0,0,0,0,-2,0,-0.680278,0,0,-0.81073,0,0,0,0,0,0,0,1,0,0,1,1
-1,0,5,0,0,0,0,-0.724811,0,0,2,0,0,0,1,0,-0.684211,0,1,0,2,0,0,0,0,0,1,0,0,1,0,1,0.67889,11,0,0,1,0,0,0,0.994246,0,1,-0.569795,-1,1,0,0,-2,0,0,1,0,0,3,0,0,0,0,0,0,0,0,-1,1,-1,0,0,0,0,0,0,0,0,0,0,0,0,0,0,0,0,0,1,0,0,1,-0.841344,0,0,-0.403929,0,0,0,0,0,0,0,1,-2,0,0,1
0,0,0,0,0,0,0,-0.590883,1,0,0,0,0,0,1,3,-0.000989,0,1,0,1,0,-1,0,0,1,-1,0,-1,0,0,0,1.02857,12,0,0,-3,1,-1,1,1.331021,0,0,-0.801377,0,1,0,1,0,0,0,0,0,0,0,0,0,1,0,0,0,0,0,0,1,0,-1,0,0,0,0,0,0,2,0,0,0,0,0,0,0,0,0,0,0,1,0,-0.666667,0,0,-0.908102,0,0,0,2,0,1,0,1,-2,3,0,1
0,0,3,0,0,0,0,-0.76,-1,0,0,1,0,0,1,0,-0.684211,0,1,1,2,-2,0,0,0,-1,0,0,2,1,2,0,0.76604,9,0,-1,0,1,-1,1,0.521795,0,0,-0.853719,0,1,0,0,0,0,0,0,0,0,0,0,0,0,0,-1,1,0,0,0,0,0,-1,0,0,0,0,0,0,0,0,0,0,2,1,0,0,2,1,1,0,1,0,0.85787,0,0,-0.818619,0,0,0,2,0,1,1,1,0,-2,0,1
0,0,1,0,0,0,0,-0.779879,0,0,0,0,0,0,0,0,-0.477927,0,0,1,-2,0,0,0,0,1,0,1,-1,0,0,0,1.2069,6,0,0,0,0,0,0,0.512398,0,0,-0.7365,-1,1,2,0,0,1,0,0,-1,0,0,1,1,1,0,0,-1,1,1,0,0,0,1,0,0,0,0,1,0,0,0,0,0,0,0,0,0,1,0,1,0,-1,0,-0.841525,0,1,-0.609866,0,0,-2,-5,0,-3,0,1,0,1,0,1
0,-1,0,0,-1,0,0,-0.769231,0,0,0,-2,0,0,-2,0,-0.423214,0,0,3,1,0,0,0,0,0,0,0,0,1,0,1,0.88528,4,0,0,2,0,0,0,0.611077,1,0,-0.714286,3,-2,0,0,0,0,0,0,0,0,2,1,-1,1,0,0,2,0,-1,1,0,0,0,-1,2,1,0,0,0,-1,2,0,1,-1,0,0,0,0,0,1,0,0,0,-0.395285,0,0,-0.642156,0,0,-1,0,-1,0,0,0,0,1,0,1
0,2,0,0,0,0,0,-0.623249,1,0,0,0,0,0,1,0,-0.476888,0,0,0,1,0,0,2,0,0,0,0,0,1,0,0,1.56762,3,0,0,2,1,-2,0,0.614481,0,0,-0.33974,0,0,-1,0,0,0,0,0,0,-1,0,1,0,0,-1,-1,1,0,1,1,0,0,-1,0,0,0,0,0,0,0,0,0,0,-2,1,0,0,0,0,1,0,0,0,-0.38443,0,1,-0.448648,0,0,0,0,-1,0,0,0,1,1,0,1
0,0,0,1,0,0,0,2.431158,0,0,0,0,0,0,0,0,-0.646146,0,-1,1,1,0,0,3,0,0,0,0,0,0,-1,1,2.19951,6,0,0,0,0,-2,0,0.648756,0,0,-0.712684,0,0,0,1,0,0,0,-1,0,0,2,0,-1,1,0,0,0,1,-1,1,1,1,1,3,0,1,1,1,0,0,0,0,0,0,0,0,0,0,0,0,-1,-1,0,-0.72093,0,0,-0.781818,0,0,0,-1,0,0,0,0,0,2,1,1
0,0,0,-4,0,0,0,-0.611394,0,-1,0,0,3,0,0,0,-0.794373,0,0,1,0,0,0,0,0,0,0,-1,0,2,-2,0,2.1249,2,0,0,2,0,0,-1,1.476102,0,0,-0.677261,1,0,0,0,0,0,0,0,0,0,0,0,0,1,0,2,0,0,0,1,1,1,0,-1,0,1,1,0,0,-2,0,0,0,0,0,0,0,0,0,-2,0,0,0,-0.422078,0,0,-0.628382,3,0,-1,0,0,0,0,0,0,0,1,1
0,2,0,-1,0,-1,0,-0.886894,0,0,0,0,0,0,0,0,-0.671809,0,0,1,1,0,0,0,0,1,1,0,0,0,-1,0,1.89174,3,0,0,0,0,0,0,0.735639,0,0,-0.696876,1,-1,0,0,-1,0,-1,0,0,1,0,0,0,1,2,0,0,0,0,0,1,1,0,-1,0,1,1,0,0,0,0,0,0,2,0,1,1,0,0,0,0,3,1,-0.72093,0,0,-0.74728,0,0,0,0,0,0,0,0,0,0,1,1
0,0,0,0,1,-1,0,-0.555556,-1,0,0,0,0,0,0,-1,-0.824771,0,-1,1,3,0,0,0,0,0,0,2,3,0,1,0,1.54286,4,0,1,0,1,0,0,1.667204,2,1,-0.835918,0,1,0,1,-2,0,0,0,-1,1,0,1,2,1,0,0,0,0,-1,0,0,0,0,0,2,0,1,1,0,2,0,0,-1,-1,0,1,0,1,0,-1,0,0,0,1.332059,0,0,-0.368421,3,0,0,0,0,0,0,0,0,0,1,1
0,0,0,0,1,0,0,-0.588964,-1,0,0,1,-2,0,-1,0,-0.623619,0,0,1,0,1,1,0,0,0,0,0,2,-2,0,0,1.19561,5,0,0,1,0,0,0,2.149074,2,0,-0.75619,0,1,0,1,0,0,0,0,0,2,3,-1,0,0,0,0,0,0,0,-1,0,0,0,1,2,1,0,0,1,0,0,1,0,0,0,0,0,0,0,0,0,0,0,-0.681185,0,0,-0.3772,4,0,0,-1,0,3,1,0,0,-4,1,1
0,0,1,0,1,0,0,1.191054,0,0,0,1,0,0,0,0,-0.597813,0,0,1,0,0,0,0,0,0,0,0,0,0,0,0,1.54286,7,0,0,-1,0,-1,0,2.170042,0,2,-0.69918,2,1,1,1,0,0,0,0,0,2,0,0,0,0,3,0,0,0,0,0,0,3,0,0,0,0,0,0,1,4,0,1,0,0,0,0,0,1,-1,0,0,0,0,-0.359413,0,1,-0.368421,0,1,0,0,0,0,0,0,0,-2,1,1
0,0,0,0,0,0,0,-0.054201,0,0,0,0,0,0,0,0,-0.630018,0,0,0,0,1,0,0,0,0,0,0,0,-2,0,0,1.21922,0,-1,0,2,0,0,0,0.361111,0,0,-0.536102,0,1,-1,-2,0,-1,0,0,1,-2,1,0,-1,-1,-1,0,0,0,0,-1,1,1,0,0,0,0,1,0,-1,0,0,-1,1,0,0,1,0,-2,0,0,0,-1,0,-0.512303,0,1,-0.815385,-1,0,-1,0,0,0,0,2,0,0,0,1
0,0,1,0,0,-1,0,-0.644492,0,0,0,0,0,0,-1,1,-0.265451,1,1,5,1,0,0,0,1,0,0,1,0,2,0,1,1.00514,0,1,0,-1,0,0,0,0.361111,0,1,-0.85786,0,0,0,1,0,0,0,0,1,0,0,1,0,0,8,-1,0,0,2,0,0,0,0,0,0,0,0,0,0,0,0,0,1,-1,0,0,0,1,0,0,0,0,0,-0.586207,0,0,-0.275183,0,0,0,0,0,0,0,-1,0,0,0,1
0,0,1,0,0,0,3,-0.810899,0,1,0,-1,0,-1,0,1,-0.50184,0,0,0,1,0,0,0,0,0,1,0,-1,2,-1,0,0.78146,10,-1,0,0,0,-2,0,0.851902,0,0,-0.72896,0,2,0,0,1,0,0,-1,0,0,0,1,1,0,2,-1,1,0,0,0,0,0,0,0,-1,0,0,0,0,3,0,0,1,0,0,0,1,0,0,0,-1,1,1,-0.899153,0,-1,-0.795004,1,0,0,0,-1,2,-1,1,0,0,0,1
0,0,0,0,0,0,0,-0.543729,0,0,0,0,0,-2,0,0,-0.649551,0,0,0,0,0,0,0,1,0,0,0,3,-4,0,0,1.24915,4,0,0,0,-2,0,0,1.502395,0,0,-0.709671,2,1,0,1,1,0,0,0,0,-1,0,1,0,1,2,0,0,0,1,0,0,0,0,0,2,-1,0,0,-1,0,-1,0,1,0,0,0,2,1,0,0,0,0,0,-0.71128,0,0,0.397714,0,0,0,0,0,1,0,2,0,2,0,1
0,0,2,0,0,0,0,-0.588181,0,0,0,0,0,0,2,0,-0.723046,0,0,-1,0,0,3,1,1,0,0,2,0,0,-1,0,1.91338,5,0,0,0,0,0,0,0.58032,2,0,-0.68448,4,0,0,0,0,0,0,0,0,0,0,1,0,0,0,0,0,0,0,0,0,-1,0,0,0,0,0,0,0,0,3,0,0,0,0,-2,0,1,0,0,0,1,-1,-0.420275,0,0,-0.52735,0,0,0,0,2,1,3,0,0,1,0,1
0,0,0,0,0,2,1,-0.566989,0,0,0,0,0,-1,4,0,-0.302944,0,0,1,0,0,0,1,1,1,0,0,0,0,0,0,1.05311,3,0,0,0,0,0,0,1.017394,2,1,-0.904848,0,0,0,0,0,-1,0,0,0,0,0,0,0,1,1,0,0,0,0,0,0,0,0,-2,2,0,0,-3,0,0,-1,0,0,0,0,0,0,0,1,1,0,0,0,-0.37707,0,0,-0.6581,0,0,0,0,0,1,2,1,0,-1,0,1
0,0,0,0,0,0,-3,-0.480863,0,0,-1,0,-1,4,0,-1,-0.844055,0,1,2,1,0,0,0,1,1,0,0,1,0,0,0,1.2269,1,0,0,0,0,0,0,0.464886,0,0,-0.624794,4,0,0,0,0,0,0,0,0,-1,0,0,0,0,0,0,0,1,1,-2,0,0,0,2,1,0,-1,0,2,0,0,0,-2,0,0,0,0,2,0,1,0,0,0,-0.69277,0,0,-0.703389,-1,0,0,0,1,1,0,1,0,0,0,1
0,0,1,0,0,-2,0,-0.503765,0,0,-2,0,-1,0,-1,0,-0.773585,0,0,0,0,0,0,0,0,0,0,0,0,1,-1,0,2.18593,0,0,2,1,0,0,0,0.280699,0,0,-0.747142,0,0,0,1,0,0,0,0,0,0,1,0,0,0,3,2,0,0,-2,0,2,0,0,0,0,2,0,0,1,0,0,0,0,1,0,0,0,0,0,0,0,1,0,-0.75,0,0,-0.764706,1,0,0,0,0,0,0,1,2,0,0,1
0,0,2,1,0,-1,0,-0.52,-2,0,0,0,0,4,0,0,-0.773585,0,0,0,-1,0,0,0,1,0,0,0,0,2,-3,0,1.25714,6,0,0,0,0,0,0,0.648298,0,-1,-0.810391,0,0,0,-2,0,0,0,0,0,0,0,4,0,0,0,0,0,0,1,0,0,0,0,-1,0,0,0,2,0,-1,0,0,2,0,0,0,0,0,0,0,0,0,-2,-0.475552,0,0,-0.640352,-1,0,2,0,1,0,0,0,1,0,0,1
0,4,0,1,-2,4,0,-0.293478,0,0,2,0,3,0,0,0,-0.726506,0,1,0,-1,0,0,0,0,0,0,0,0,2,0,-2,0.65933,6,0,1,-1,1,0,0,1.072517,0,0,-0.691307,0,1,0,0,0,0,0,0,0,0,0,-2,-1,0,2,0,0,-1,2,0,1,1,-1,-1,2,1,1,0,1,0,0,0,0,0,0,0,0,1,0,0,0,0,0,1.51163,0,-2,-0.5,2,0,0,0,0,0,0,0,0,0,0,1
0,0,0,1,0,0,0,-0.741422,0,0,2,0,0,0,-1,0,-0.801409,0,-1,0,0,0,0,-1,-1,0,0,0,0,0,0,-1,1.51518,0,0,1,-3,1,0,-1,0.875332,0,0,-0.573223,1,-2,0,0,0,0,0,0,0,0,0,0,-2,0,0,0,0,0,0,0,1,1,1,0,0,1,-1,0,0,0,0,0,0,0,1,0,0,1,0,0,1,0,0,-0.304941,0,0,-0.5,0,0,0,0,0,0,-1,1,0,0,0,1
0,0,0,1,0,0,0,-0.715102,0,0,0,0,-1,0,0,-1,0.226366,0,1,1,1,0,0,0,0,1,-2,0,0,0,1,0,1.1367,1,0,1,0,3,2,0,1.155405,3,0,-0.707317,0,-2,0,0,1,0,0,0,1,0,0,0,0,0,0,0,1,-1,0,-2,1,2,0,-2,0,1,0,0,0,-1,0,1,0,0,0,0,0,1,0,-1,0,0,0,-0.33205,0,0,-0.5,-2,0,0,0,0,0,-1,1,0,0,0,1
0,1,-1,0,0,0,0,-0.496687,-1,0,0,0,0,-1,0,-1,-0.689845,0,0,2,2,-1,0,0,0,0,0,2,0,0,-2,0,1.27076,4,0,0,1,0,0,0,1.290078,1,0,-0.610438,0,0,0,0,0,0,0,1,0,-1,5,0,0,1,0,0,0,0,-1,0,0,1,-2,1,0,0,0,1,0,1,3,0,1,0,0,0,1,0,-1,0,0,0,0,-0.265281,0,1,-0.5536,0,1,0,0,2,0,0,0,0,0,1,1
0,1,0,0,-1,2,-1,-0.393565,0,-2,0,0,0,0,0,0,-0.124426,1,0,3,0,0,0,0,0,1,1,2,0,0,0,-1,1.2054,2,1,0,0,0,2,0,0.490084,1,0,-0.700186,-1,0,1,0,0,0,0,0,0,0,0,0,-1,0,-2,0,0,0,0,1,0,1,0,0,0,0,0,0,0,-1,0,0,1,-2,0,0,1,0,0,0,0,3,0,-0.349536,0,1,-0.887505,3,0,0,0,0,0,2,0,0,0,1,1
0,1,-1,0,0,0,0,-0.843492,0,0,0,0,0,0,0,-1,-0.52,-1,0,0,-3,1,0,0,0,0,0,0,0,0,0,-1,1.17618,1,1,0,1,0,0,0,1.042968,1,0,-0.684593,0,-3,0,0,0,0,0,0,0,0,-1,0,2,0,3,0,0,0,0,0,0,1,0,-1,0,1,2,1,-1,0,-1,0,1,0,0,0,0,0,0,-1,-1,2,1,-0.596137,0,1,-0.647891,0,1,0,0,1,0,0,1,0,0,1,1
0,0,0,0,0,0,2,-0.407418,2,1,0,0,1,0,0,0,0.195856,0,0,0,0,0,0,2,0,0,0,0,0,0,4,0,1.19013,4,0,0,0,0,0,0,0.609675,0,0,-0.560306,0,0,0,-1,0,0,2,0,0,-1,0,-4,0,0,0,0,0,0,0,0,0,1,-1,1,0,0,1,1,0,0,3,0,1,0,-1,0,0,2,0,0,0,4,0,-0.586207,0,0,-0.625403,0,0,0,0,0,-2,0,0,1,0,0,1
0,0,0,0,0,0,0,-0.425361,0,1,0,0,0,0,0,0,-0.556154,0,0,0,1,1,0,0,0,0,1,0,-1,0,0,0,0.51063,2,0,0,1,0,0,0,1.342754,0,0,-0.527561,0,-2,0,0,0,0,0,0,0,0,0,2,0,1,0,-1,0,0,-8,1,1,0,0,0,1,1,2,0,0,0,0,-1,1,-1,0,0,0,1,0,-1,0,0,0,-0.069106,0,0,-0.518638,0,0,0,-1,0,0,0,0,0,0,0,1
0,0,-8,-2,0,1,-1,0.147398,0,0,0,0,0,0,-2,0,-0.691702,0,-2,0,1,0,-1,0,0,0,0,0,0,0,0,-2,0.8,0,0,0,0,-1,1,0,2.420177,0,0,-0.77559,-1,0,-1,0,0,-1,0,0,-1,0,0,0,1,0,0,0,0,0,0,1,0,0,-1,1,0,1,1,0,0,0,0,1,0,0,0,0,0,0,0,0,0,2,0,0.063898,0,-1,-0.381874,0,-1,0,0,0,0,0,0,1,-1,0,1
0,-1,-1,0,0,0,0,-0.755261,0,0,0,0,0,0,0,3,-0.5567,0,0,0,1,0,0,1,0,0,0,0,0,0,0,0,1.35284,8,0,0,0,0,0,0,0.537614,0,0,-0.261189,1,0,0,0,0,-1,1,0,0,-1,1,1,0,0,0,0,0,1,0,0,0,0,0,2,-4,0,0,-1,0,0,0,-1,0,0,1,0,-1,1,0,0,-1,0,0,-0.692308,0,-1,-0.571767,0,0,2,0,0,0,0,0,0,-3,0,1
0,0,1,-1,0,1,2,-0.743287,0,0,0,0,1,-1,0,0,-0.570587,0,0,0,0,0,0,0,0,1,1,0,0,0,1,0,1.29657,0,0,0,0,-1,0,0,0.299622,0,0,-0.708414,-1,0,-2,0,0,0,0,0,1,-1,0,0,0,-1,0,0,-1,0,0,-2,1,0,0,-1,0,0,0,0,0,0,0,0,-1,0,-1,0,0,0,0,0,1,-1,0,-0.361542,0,1,-0.59094,-1,0,0,0,0,-1,0,0,1,0,0,1
0,0,0,0,-3,0,-1,-0.777778,0,0,-1,0,0,0,1,0,-0.311723,0,0,2,0,-1,3,0,0,0,0,1,3,-3,0,0,1.18266,0,0,0,0,0,0,0,0.325581,0,0,-0.831668,0,0,0,0,0,0,0,0,1,4,1,1,0,0,1,0,-1,0,-2,-1,1,0,-2,0,0,-1,0,0,0,-2,0,0,1,-1,0,0,0,0,0,0,0,-1,0,-0.716028,0,0,-0.121027,0,0,0,0,0,0,-3,0,3,2,0,1
0,0,-2,0,0,0,0,-0.732322,1,0,0,0,0,0,-3,0,-0.601839,0,1,-2,0,0,1,-1,0,0,0,1,0,0,0,-1,1.03686,4,0,0,0,0,0,2,0.1875,0,0,-0.729457,0,0,0,1,0,0,0,0,-1,0,0,0,1,0,0,0,0,0,1,-2,1,0,1,-1,2,0,0,0,0,0,0,0,0,0,0,0,0,1,0,0,0,-1,0,-0.061569,0,0,-0.455121,0,0,0,0,0,0,0,0,0,1,0,1
0,0,0,0,0,0,-1,-0.336199,0,0,0,0,0,0,0,1,-0.609458,0,1,0,0,0,-1,1,0,0,0,0,0,-1,1,0,1.84285,1,0,0,-2,-2,0,0,0.1875,1,0,-0.428184,0,0,0,0,-3,0,1,0,0,0,0,0,0,0,1,0,0,0,0,0,0,1,0,0,0,0,0,-3,-1,0,-1,0,0,-1,0,0,-1,0,0,1,0,-1,0,-0.552964,0,0,-0.651871,1,0,1,2,0,0,0,0,0,1,0,1
0,2,0,0,0,0,0,-0.548289,1,0,0,0,2,0,0,1,-0.602727,1,0,0,0,0,0,0,0,-1,0,0,0,1,1,0,0.76016,1,0,0,-1,0,0,0,0.1875,0,0,-0.552841,0,0,0,0,0,2,0,0,0,0,0,0,0,-1,0,2,1,0,0,0,1,0,0,0,0,0,0,0,0,1,-3,-1,-1,0,0,0,0,0,0,1,0,1,-1,-0.6,0,0,-0.71573,0,0,0,0,0,1,0,0,1,0,0,1
0,0,-1,1,0,-1,-1,-0.607045,0,0,0,0,0,2,3,0,-0.825565,1,0,4,1,0,0,0,0,0,0,3,0,0,0,0,0.85696,10,0,0,1,0,0,0,0.293759,1,0,-0.403941,-1,-1,0,0,0,0,1,0,0,0,-1,1,-1,0,0,0,-1,0,0,-1,1,0,-2,0,0,0,1,0,0,5,0,0,0,1,0,0,0,0,1,0,0,1,0,-0.420381,0,-1,-0.663207,0,1,3,0,2,0,0,1,2,1,0,1
0,0,0,-2,0,0,1,-0.825577,0,-1,0,0,0,0,0,0,-0.727273,0,-1,0,1,0,2,0,-2,1,1,0,-1,1,-1,0,2.26059,11,0,0,0,0,0,0,0.903299,1,0,-0.798231,0,0,0,1,0,0,0,0,0,0,0,0,0,2,0,0,0,0,0,0,0,-1,0,0,-1,0,1,0,2,0,0,0,0,-1,0,0,0,0,0,0,0,1,0,-0.361602,0,0,-0.386808,2,1,0,0,0,2,-1,1,0,3,0,1
0,0,0,1,0,0,0,0.418956,0,-1,0,0,-1,0,-3,0,-0.452445,0,0,1,0,0,0,0,0,0,0,0,0,0,0,1,1.18205,3,0,0,0,0,0,0,0.479136,2,0,-0.686565,0,0,0,0,1,0,1,0,0,1,0,0,0,-1,0,-1,0,1,0,0,1,0,-2,3,0,0,3,0,0,-2,0,0,0,0,0,0,0,1,1,0,0,2,0,-0.718332,0,-1,-0.783362,0,0,0,0,0,2,0,0,1,0,0,1
0,0,0,1,1,0,0,-0.72093,1,-1,0,0,0,-2,0,0,-0.707738,0,0,2,2,0,2,0,-2,0,0,0,2,-1,1,0,2.29958,6,1,-1,0,0,1,1,0.598404,5,1,-0.50965,0,-1,0,-1,0,0,0,-1,0,0,0,0,0,0,0,2,0,0,0,0,-1,1,0,0,2,0,0,1,0,0,0,1,1,0,0,0,0,1,0,0,0,-1,1,-0.405667,0,0,-0.571429,-2,0,0,0,0,0,2,1,0,0,1,1
0,0,1,0,1,0,0,-0.72093,0,0,1,0,1,0,2,0,-0.667771,0,0,0,1,0,0,1,0,0,-1,0,3,0,1,0,1.74441,7,0,0,0,0,0,2,2.366813,0,1,-0.767498,0,0,-1,0,0,1,0,0,0,0,0,0,0,0,1,0,0,-1,0,0,0,0,0,0,0,0,0,0,0,0,0,-1,0,0,0,0,0,0,0,0,-1,0,0,-0.607853,0,0,-0.475659,0,0,0,0,0,0,0,1,1,0,1,1
0,-1,2,0,1,3,3,-0.72663,0,0,0,0,2,0,2,-1,-0.571429,0,0,2,0,0,0,1,0,0,0,0,2,0,0,1,1.39075,6,0,0,1,0,0,1,0.698113,2,1,-0.693997,0,0,0,1,0,0,0,0,0,-1,0,0,0,0,0,0,0,0,0,-1,0,1,0,-1,0,0,0,0,0,-1,-1,0,0,2,1,0,0,-1,2,1,0,-1,0,-0.784644,2,0,-0.315149,0,0,0,0,0,-1,0,2,0,0,1,1
-1,-1,0,0,0,0,0,7.874413,1,0,0,0,0,0,0,0,7.36364,0,0,0,0,0,0,0,0,2,0,0,2,0,0,2,3.42405,4,0,0,0,0,0,0,3.014362,0,2,-0.896708,0,0,0,0,0,0,0,0,0,0,1,2,0,0,0,0,0,0,0,-1,0,0,0,1,0,-1,0,0,1,0,0,0,0,2,0,0,0,0,0,0,0,0,1,-0.602571,0,0,9.32911,0,0,0,0,0,0,2,0,0,0,1,1
0,0,0,0,0,0,0,8.092323,0,0,0,0,0,-1,0,0,7.36364,0,0,0,-1,0,1,0,0,0,0,-2,0,0,-1,1,3.2136,6,1,0,0,0,0,1,0.714286,0,0,-0.781883,2,-1,-3,1,0,0,0,0,1,0,1,0,0,-3,0,0,0,0,0,0,0,0,-2,0,0,0,1,0,1,0,0,0,0,-1,0,0,1,-2,1,-1,0,1,0,-0.789407,1,-1,9.32911,0,1,2,0,-1,0,0,0,1,3,1,1
0,0,1,0,0,3,-1,7.967062,1,0,1,-1,0,0,0,0,7.36364,0,1,0,0,0,0,0,-1,0,1,0,0,2,0,0,2.03327,6,0,0,-1,0,-1,0,0.687677,0,-1,-0.82715,0,0,0,0,1,0,-1,0,0,0,1,5,0,0,0,0,0,0,2,0,0,1,0,1,0,-3,0,0,1,0,-1,0,0,4,0,0,0,1,-1,0,0,0,0,-0.36769,0,0,9.32911,2,1,0,0,0,0,0,0,0,0,1,1
-1,0,0,1,0,0,0,-0.782471,0,0,0,0,0,-1,0,-3,-0.685488,0,0,0,1,0,0,0,0,0,0,0,3,0,0,0,1.5838,8,0,0,0,1,0,2,2.78755,0,0,-0.833675,0,0,0,0,0,-1,0,0,3,1,-1,1,0,-2,-1,0,0,-1,0,0,1,1,-1,0,0,-1,1,0,0,1,0,0,0,2,-2,0,0,0,1,0,0,1,0,-0.647401,0,0,-0.728574,0,0,0,0,0,0,-1,0,0,3,0,1
0,0,1,1,0,0,0,-0.281516,0,0,1,0,0,0,-1,-2,-0.649463,0,0,0,0,2,-1,0,0,0,1,0,0,2,0,0,1.48571,2,1,0,0,0,0,-1,1.136075,0,0,-0.743508,0,0,1,0,0,1,0,0,0,0,0,0,0,0,1,0,1,0,0,0,1,0,0,0,0,0,0,0,0,0,0,0,0,0,0,0,1,-2,1,0,0,1,0,-0.666667,0,0,-0.81889,2,0,0,1,0,0,0,1,1,0,0,1
0,0,-1,1,0,0,0,-0.833669,0,0,2,0,0,0,0,3,-0.760435,0,0,0,1,0,0,0,0,0,0,3,0,-1,0,0,0.78482,12,1,0,0,0,0,-1,1.36538,0,0,-0.764727,0,1,0,0,-1,0,0,0,0,1,1,1,0,0,0,-1,1,0,0,0,1,1,0,1,0,-1,1,0,0,0,0,0,0,0,0,0,0,0,1,0,0,1,0,-0.673333,0,0,-0.606416,0,1,0,-1,0,0,0,0,-1,0,0,1
0,0,0,0,0,-1,0,-0.65906,0,1,0,0,2,-2,0,0,-0.436066,-2,0,2,-1,0,0,0,0,0,0,0,0,-2,0,0,1.01227,8,0,0,-1,0,1,0,0.342192,0,0,-0.481278,0,0,1,0,0,0,0,1,0,0,0,1,0,0,0,0,0,0,1,0,0,0,0,0,0,-1,0,-2,0,0,0,1,0,0,0,0,0,0,0,0,0,0,0,-0.461071,0,0,0.033806,1,-2,0,0,1,-1,0,-1,1,0,0,1
0,0,0,1,0,0,1,-0.660284,0,0,-4,1,0,1,-1,2,-0.428571,0,0,0,0,-2,0,0,0,1,1,-2,-1,0,0,0,1.4926,0,0,0,0,0,0,0,0.485125,0,0,-0.625,0,0,0,-1,0,0,0,0,0,0,1,0,0,1,-1,0,0,0,-1,0,0,0,1,0,0,0,0,0,2,0,0,0,0,0,0,0,0,0,0,0,0,0,0,-0.575715,0,0,-0.76,-2,0,0,-1,1,0,-1,0,-1,0,0,1
0,0,2,1,0,0,0,-0.812684,1,0,0,0,0,0,0,0,-0.499825,0,0,0,-2,0,-1,0,0,-1,0,0,0,1,0,0,0.89566,0,0,0,-2,0,0,0,0.40625,2,0,-0.625,2,1,0,0,0,0,0,0,0,0,0,0,-1,0,0,0,0,0,2,0,1,-2,0,0,0,-1,0,0,0,2,0,0,0,-1,0,0,0,0,0,0,0,1,1,-0.841261,0,0,-0.751538,0,0,0,0,1,-1,0,0,0,0,0,1
0,0,0,-1,0,0,0,-0.677916,1,0,1,0,0,0,0,0,-0.069408,0,1,0,0,0,-1,-2,0,0,1,0,-1,0,0,0,1.04175,1,-1,0,1,0,0,0,0.574137,-2,0,-0.695731,0,-2,0,0,0,0,0,0,0,0,0,0,0,0,0,0,2,-1,3,1,-1,2,2,1,0,0,1,0,1,0,0,0,0,0,0,0,0,0,0,0,1,0,0,0.241831,0,0,2.567168,0,0,-2,0,0,0,0,2,0,1,0,1
0,0,1,0,0,0,-1,-0.848067,0,0,0,0,1,1,2,-1,-0.596954,0,1,2,2,0,0,0,0,0,0,4,-1,2,0,2,1.11429,4,0,1,0,0,-1,0,0.974359,0,-1,-0.662123,0,-1,0,0,-2,0,2,0,0,0,3,0,0,1,1,0,0,-1,1,1,0,0,0,0,0,0,0,0,1,0,-2,0,0,-2,0,-1,0,1,0,0,0,0,1,-0.633642,0,0,-0.568283,0,0,1,-1,0,2,0,0,0,0,0,1
0,0,0,0,0,0,0,-0.733333,1,0,1,0,0,4,0,0,0.301688,0,1,0,0,0,0,0,0,0,0,0,0,0,2,0,1.00632,0,0,0,0,0,0,0,0.345613,0,0,-0.696019,-3,2,0,-1,0,0,1,2,0,0,0,0,0,0,2,-1,0,-1,3,1,0,0,-1,0,0,0,1,4,1,0,0,0,0,0,0,0,0,0,-1,0,0,0,0,-0.22687,0,0,2.40133,0,0,0,0,0,0,0,1,0,1,0,1
0,0,0,0,0,1,0,-0.597922,-1,0,0,0,0,0,-1,0,0.269668,0,0,0,0,0,-1,1,0,-2,0,0,1,-2,0,-1,0.74879,2,-3,0,0,3,0,0,0.4,-1,0,-0.759088,0,0,0,0,-2,0,0,-1,1,1,0,1,0,0,0,1,0,0,-2,1,0,1,0,0,0,0,0,0,1,-2,0,0,0,0,0,0,0,0,0,0,0,0,0,-0.625121,0,0,-0.789474,0,0,-1,0,0,1,0,1,0,5,0,1
0,0,0,1,0,0,0,-0.620576,0,0,0,0,0,0,0,0,0.2036,0,0,0,0,1,0,-1,0,1,0,0,0,-1,1,0,0.69836,14,0,0,0,0,1,0,1.013418,0,1,-0.556576,0,1,0,0,0,0,0,0,0,0,0,0,0,1,0,0,0,0,0,0,0,0,0,3,0,0,0,0,1,1,0,0,0,-1,0,-1,0,0,0,0,0,1,0,-0.537137,0,0,-0.867568,0,0,2,0,0,4,0,0,1,0,0,1
0,0,-3,0,0,0,0,-0.646581,0,0,-1,0,2,0,-2,0,-0.138936,1,0,0,-1,0,2,0,1,0,0,-3,1,0,0,1,3.20635,3,0,0,0,0,0,0,0.4,0,-1,-0.7,1,0,3,0,0,0,0,0,1,0,0,0,2,0,0,0,0,0,0,-1,1,1,0,0,0,0,0,0,0,0,2,0,0,0,0,-1,-1,0,0,-2,-1,0,0,-0.617917,0,0,-0.896349,1,0,0,0,0,1,0,0,0,0,0,1
0,0,0,0,0,2,0,-0.37396,-5,0,0,0,0,0,0,0,-0.479211,0,0,0,2,0,-2,-1,0,0,0,0,0,0,0,0,1.06642,6,0,2,0,-3,0,0,1.269251,0,0,-0.617657,0,0,0,1,3,0,0,0,0,-1,0,0,1,0,0,2,0,0,0,0,1,0,1,1,0,0,0,-1,0,0,0,0,-1,0,0,1,0,0,0,0,0,1,0,-0.310076,0,0,-0.707754,2,0,2,0,0,0,2,-2,0,0,1,1
0,1,0,1,0,0,0,-0.855259,0,0,-1,0,0,0,0,1,-0.472351,0,-2,1,1,0,-2,0,1,0,0,0,2,3,0,0,1.21364,29,0,1,0,0,0,0,1.322612,0,0,-0.56286,0,0,-1,1,0,0,0,0,0,2,0,0,0,-1,0,0,0,0,0,0,0,-1,0,0,0,-1,1,0,0,0,0,0,0,0,-1,0,1,0,0,0,0,1,0,-0.494428,0,0,-0.664223,0,2,2,0,4,0,0,0,0,0,1,1
0,1,0,0,0,0,3,-0.271476,-1,0,0,0,0,0,0,3,-0.678058,0,0,1,1,1,0,0,0,0,-2,0,0,0,0,0,1.0935,3,1,0,2,0,2,0,1.51425,0,0,-0.805232,2,0,0,0,0,0,0,0,0,0,0,0,0,0,-1,0,0,0,0,-1,0,0,0,0,0,0,0,0,0,0,0,0,-2,0,0,0,1,0,0,0,0,0,0,-0.477601,0,0,0.412953,-1,0,0,0,0,2,1,-1,-1,-3,1,1
0,0,0,0,0,1,0,1.66667,0,0,0,0,1,1,-2,0,-0.681558,0,0,0,1,0,0,-1,0,-1,0,0,-1,0,-1,0,3.0932,0,0,0,0,0,0,0,0.243542,0,0,-0.152735,-5,0,0,0,0,0,0,0,0,0,0,-1,0,0,1,-1,0,0,0,2,0,1,0,0,0,0,1,0,1,0,0,0,0,0,0,1,0,0,0,0,0,0,0,-0.756048,-1,0,-0.373556,0,0,0,0,0,-4,1,1,0,-1,1,1
0,0,1,0,0,0,1,-0.341068,0,0,0,0,0,1,0,0,-0.771414,0,0,0,0,0,0,1,0,0,0,0,0,-1,-5,0,1.37343,0,0,0,0,0,0,-1,1.459207,0,0,-0.730798,0,0,0,0,-1,0,0,0,0,0,-1,0,1,-1,1,0,0,-1,0,1,0,1,0,1,0,-1,0,0,0,0,0,1,-4,0,0,0,0,0,0,0,0,0,0,0.418855,0,0,-0.497854,0,0,0,0,1,1,0,0,-1,0,1,1
0,0,0,0,0,0,0,1.66667,0,0,0,0,1,0,-1,1,-0.74961,0,0,0,2,0,0,0,0,0,0,0,0,0,2,0,2.29027,0,0,0,0,2,0,0,0.567371,0,0,-0.818182,0,3,0,0,0,0,0,0,0,0,0,0,1,0,1,0,0,1,-1,1,0,1,1,0,0,0,1,0,2,0,0,0,-1,1,0,0,0,1,0,-1,0,2,0,-0.781818,0,0,-0.585009,0,0,-1,0,1,0,1,0,0,1,1,1
0,0,0,0,0,0,1,-0.752202,0,0,0,0,-1,0,1,3,-0.452039,0,1,0,0,0,0,0,1,0,0,0,0,0,2,0,1.91227,11,0,0,0,0,-1,1,0.934783,0,0,-0.729378,0,0,0,0,0,0,0,3,0,0,0,1,0,0,1,1,0,0,0,0,0,0,0,0,-2,0,0,2,0,0,-1,0,0,0,1,2,1,0,0,-1,0,0,0,-0.414972,0,-1,-0.808351,0,0,-1,0,0,0,0,0,0,0,0,1
0,0,1,0,0,0,1,-0.285675,0,0,2,0,1,0,-3,0,-0.743008,0,-1,1,0,0,0,0,0,0,-1,0,0,0,0,0,0.85861,2,0,0,1,0,0,0,1.316278,0,0,-0.791918,0,0,0,0,1,0,-1,0,0,0,0,0,-1,-1,1,0,-1,0,0,0,0,0,-1,0,0,0,0,0,0,0,0,0,0,-1,0,0,0,0,0,0,0,0,0,-0.636364,0,0,-0.760735,-1,0,1,0,1,1,0,1,0,0,0,1
2,0,1,1,0,0,1,-0.738506,0,0,-1,0,0,0,0,-1,-0.705314,0,0,1,-2,0,0,0,1,0,0,1,2,1,0,0,2.80653,1,0,0,0,0,0,0,1.261134,2,0,-0.718307,0,0,0,0,-1,0,0,0,0,0,0,4,0,0,0,0,0,0,-1,0,0,0,0,0,1,0,0,1,0,0,0,0,-1,0,0,-1,0,0,0,1,0,-2,0,-0.43966,0,0,-0.79661,0,0,0,1,0,0,0,1,0,0,0,1
0,0,0,1,0,0,0,-0.698514,0,0,0,0,1,0,0,0,-0.723016,0,0,1,0,0,0,0,0,0,-1,0,-1,0,0,0,1.28721,0,1,0,0,1,0,0,2.170579,0,1,-0.714286,4,0,0,0,0,-2,0,0,0,-1,-1,0,0,0,2,1,0,-1,1,0,-1,1,0,0,0,-1,1,0,-1,0,0,0,0,0,0,0,0,0,0,1,0,0,0,-0.594834,0,0,-0.618643,0,0,0,0,0,1,0,0,0,0,0,1
0,0,0,0,-1,0,-1,-0.787662,0,-1,0,0,0,0,0,0,-0.205433,-1,0,0,3,0,0,0,0,0,0,0,1,0,0,0,1.63655,0,0,0,0,0,0,0,2.583741,1,0,-0.594658,2,0,1,-1,1,0,-1,0,0,0,0,0,0,0,0,0,0,0,0,0,0,0,2,-2,0,0,0,1,0,0,0,0,0,0,0,0,0,0,0,0,-1,3,0,-0.539877,0,0,-0.436368,0,0,0,0,0,1,1,-4,-1,-1,0,1
0,0,0,1,0,2,0,-0.746645,0,0,0,1,0,0,-3,0,1.156888,0,0,1,0,0,0,0,0,0,0,-1,0,-2,-5,0,1.28953,1,0,0,0,1,0,0,1.680329,-1,-1,-0.600798,-1,-2,0,0,0,0,-1,0,0,0,0,0,0,0,0,0,0,0,0,1,0,3,1,3,0,0,1,0,1,-1,0,0,0,-4,0,0,0,0,0,2,0,0,0,-0.687797,1,0,-0.463211,-1,0,0,0,0,1,1,2,0,0,0,1
0,4,0,0,0,0,0,-0.55249,1,0,0,0,-2,0,0,0,-0.555556,0,0,0,1,0,0,0,1,0,0,0,0,-1,2,0,0.56368,12,0,0,0,0,1,0,0.233307,-1,0,-0.58033,-1,0,0,3,0,-4,0,1,0,0,1,0,0,0,-1,0,0,0,0,0,0,1,0,0,2,0,0,-1,0,0,0,0,-1,0,0,1,1,0,1,0,0,-1,0,-0.528382,0,0,-0.333825,-1,0,0,0,0,0,-2,0,1,2,0,1
0,-2,0,0,0,0,2,-0.533439,0,0,0,0,0,0,-2,0,-0.267359,0,0,0,1,0,0,0,0,0,0,0,3,0,0,-1,0.64939,10,0,0,0,0,0,0,0.543171,0,0,-0.444374,-1,0,0,-1,0,0,0,1,0,-1,1,0,0,-2,0,0,0,0,0,0,0,0,0,0,0,0,0,0,0,0,0,0,-4,0,0,0,0,-1,0,0,0,0,0,-0.521037,0,0,-0.586501,0,0,-1,0,0,-1,1,0,0,-3,0,1
0,0,0,0,0,1,0,-0.574306,0,0,0,0,-1,0,-1,-3,-0.555556,0,0,2,1,0,0,0,0,2,0,0,-1,-1,0,0,0.82857,1,0,0,-1,0,1,1,0.212279,0,1,-0.328835,0,-1,1,0,0,0,0,0,0,0,2,0,-2,0,0,0,0,0,0,1,0,0,0,0,0,-1,0,0,-3,-1,-1,0,1,0,0,0,0,0,0,1,0,3,0,0.489522,0,0,-0.612903,-1,0,0,0,0,0,0,-4,3,1,0,1
0,1,0,0,1,-1,1,-0.783964,0,0,0,0,-1,0,0,0,-0.641117,1,0,1,0,-1,0,0,0,0,0,0,0,0,1,0,1.72918,8,0,1,1,0,1,1,1.376634,0,0,-0.677935,0,0,1,1,1,0,0,0,0,0,1,0,0,-1,-4,0,0,-1,0,0,-1,2,0,0,-2,0,0,1,-3,0,0,0,0,2,0,0,0,1,0,0,1,0,0,-0.331305,0,0,-0.772066,1,0,0,0,0,0,0,-1,-2,0,1,1
0,0,1,0,1,0,1,-0.76,0,0,0,0,1,1,0,0,-0.331964,0,0,1,-1,0,0,0,0,0,0,0,2,0,0,0,1.68624,0,1,0,0,0,0,0,1.403166,-3,0,-0.605583,0,0,1,0,0,1,0,0,0,1,1,0,0,1,1,0,0,0,0,0,0,0,0,2,0,0,0,1,0,0,0,0,0,-1,0,0,0,1,0,1,0,0,1,0.68101,0,0,-0.737124,0,-1,3,0,0,0,0,1,0,-2,1,1
0,0,1,1,1,0,1,-0.745151,-2,0,2,0,2,0,0,2,-0.503821,0,0,1,0,0,0,0,0,0,0,0,0,0,0,0,0.82908,10,1,1,0,0,1,1,1.451659,0,0,-0.851794,0,-1,1,0,1,1,0,0,0,1,1,2,-1,1,1,0,-1,0,0,0,3,0,0,0,0,0,-1,1,0,0,0,0,0,0,0,-2,0,-2,0,1,0,0,1,-0.797099,0,-1,-0.888239,0,0,0,-1,0,0,0,0,0,0,1,1
0,-1,0,0,0,2,0,-0.563815,-1,0,0,1,0,1,0,0,-0.773697,0,0,0,1,-1,0,0,0,0,-1,2,0,0,1,0,0.57022,0,-1,0,0,0,1,0,1.186408,-1,0,-0.486389,0,0,0,0,0,0,0,0,0,0,0,1,0,0,0,0,0,0,0,-2,0,-1,1,0,0,0,0,-1,0,0,0,0,0,0,0,1,-1,0,0,0,0,0,0,1.66667,0,0,-0.799725,0,0,0,0,1,0,0,0,0,0,1,1
0,0,0,1,0,3,0,-0.555649,0,0,-1,0,-1,1,0,-1,-0.763139,0,0,-2,0,-1,0,0,0,-1,0,3,0,0,1,0,0.56153,3,0,-2,1,0,1,0,0.902547,0,0,0.743234,0,0,0,-1,0,-1,1,0,0,-2,1,1,0,0,0,0,0,-1,0,-2,0,-1,0,1,0,0,0,1,0,0,0,0,0,0,-1,1,0,0,0,-1,0,-1,0,2.52361,0,0,-0.712187,0,1,0,0,1,0,0,0,1,1,1,1
0,0,-2,0,0,0,0,-0.812779,0,0,0,0,0,0,0,0,-0.879803,-1,0,0,2,0,0,-1,0,0,0,0,-1,0,0,0,0.63795,3,-1,0,0,1,0,-1,1.281668,0,0,-0.741267,0,0,-1,-1,0,0,0,1,0,0,0,0,0,0,-2,0,0,0,0,0,1,0,-1,0,0,0,1,0,0,0,0,0,0,0,0,1,0,-1,0,-2,0,1,0,2.581327,0,0,-0.857735,0,0,0,0,0,0,0,0,0,0,1,1
0,-1,0,0,0,0,0,-0.594985,0,-1,1,0,-1,0,0,-4,-0.672973,0,0,3,0,0,0,0,0,1,0,2,0,0,0,0,0.88571,2,0,0,0,-1,0,1,1.914358,0,0,-0.393822,1,0,2,1,0,0,0,0,0,0,0,0,0,1,0,3,1,0,0,0,1,1,0,0,0,1,0,2,0,-2,0,0,0,0,0,2,2,1,0,0,0,1,0,-0.738299,0,1,-0.719197,0,0,0,0,0,0,0,0,0,0,1,1
0,0,0,-1,0,0,0,-0.13271,0,0,0,0,2,0,0,1,-0.190533,0,0,0,-4,0,0,1,0,0,-2,0,0,0,-1,0,1.89285,3,-1,2,-1,1,1,0,2.348001,0,0,-0.66725,0,-2,0,0,0,0,0,0,0,0,0,0,0,1,0,-2,0,0,0,0,2,1,1,-1,0,1,0,0,0,0,0,0,0,0,0,0,0,0,0,0,0,0,0,-0.769231,0,0,-0.909612,0,0,0,0,0,0,0,2,0,0,1,1
0,0,0,0,0,0,0,0.028238,1,0,1,0,0,2,0,0,-0.681395,0,0,0,0,0,-1,0,0,1,0,0,0,0,0,0,1.29384,2,1,-2,0,0,0,0,4.047191,0,-2,-0.612903,0,0,0,0,-1,0,0,0,0,2,0,0,0,1,0,-1,-2,-1,0,0,0,1,0,0,0,1,0,0,0,0,0,1,2,0,0,0,0,1,0,0,0,0,2,-0.883633,0,0,-0.7885,0,0,0,0,0,0,-1,0,-1,1,1,1
0,6,1,0,0,0,0,-0.753828,2,1,0,0,0,0,0,1,-0.679115,0,-2,0,1,0,0,0,0,0,0,2,0,0,0,0,1.56129,6,0,-1,0,1,-3,0,1.583395,0,0,-0.709193,1,1,0,0,0,0,0,0,-2,0,0,1,-1,0,-2,0,0,0,2,0,2,0,0,0,0,-2,0,0,0,0,0,0,0,1,-1,0,0,-2,1,0,0,-1,0,1.69388,0,0,-0.261279,0,0,0,0,0,-2,0,0,1,0,1,1
0,0,2,0,0,0,0,-0.850946,0,-1,0,0,1,0,0,1,-0.678697,0,0,0,0,0,0,0,0,1,0,0,-3,0,0,0,3.02647,0,3,1,0,0,0,0,0.957447,0,0,-0.54101,0,0,0,0,0,0,0,0,1,0,1,0,1,0,0,0,0,0,0,0,0,-3,0,-1,0,0,0,0,0,0,-1,0,0,0,0,0,0,1,0,0,0,0,-1,1.69388,-2,0,-0.482174,-1,0,0,0,0,0,0,0,0,1,1,1
0,0,-1,0,0,0,0,-0.667108,0,0,3,0,0,0,0,1,-0.443728,0,0,-2,0,2,0,0,0,1,0,0,0,0,0,0,2.86671,9,0,-2,0,0,0,-2,2.677455,3,0,5.386841,0,0,0,0,-2,0,0,0,0,0,0,2,0,1,-1,0,0,0,0,1,0,0,0,-1,0,0,0,0,0,0,0,0,0,0,0,0,0,0,0,0,0,0,0,1.69388,0,0,-0.550415,0,0,0,0,0,0,0,0,0,1,1,1
0,0,0,0,0,-1,0,-0.646804,0,0,1,0,-3,0,1,-1,-0.596776,0,0,0,-1,0,0,0,1,-1,0,-2,0,0,0,-1,2.06658,12,0,0,3,1,0,0,0.393939,0,1,-0.706042,-2,0,0,0,0,0,-1,0,2,0,-2,1,0,0,0,1,-1,0,0,1,0,0,2,0,0,0,0,0,0,0,1,0,3,0,0,0,0,-2,0,0,0,1,0,-0.762848,-1,0,-0.245551,0,1,-2,0,0,2,0,0,1,-1,0,1
0,0,-1,-5,0,-1,0,-0.657143,0,0,0,0,2,-3,0,0,-0.827076,0,0,0,-1,-2,0,1,0,0,-1,1,-1,0,0,0,0.72971,0,0,0,0,0,0,0,0.363887,-2,0,-0.725186,-1,0,0,0,0,0,2,1,0,1,2,2,0,0,0,1,0,0,0,0,0,1,0,0,-1,1,0,0,0,0,0,0,0,0,0,0,-1,0,0,0,0,0,0,-0.58975,0,0,-0.177385,0,0,1,1,0,0,0,0,0,0,0,1
0,0,0,0,0,0,0,-0.630516,-1,0,0,0,0,0,0,0,-0.740233,1,0,-1,0,-1,-1,0,0,0,0,0,1,0,0,-1,0.89682,6,0,0,0,0,0,0,0.393939,0,-1,-0.650399,0,0,0,0,0,0,0,0,0,1,-2,0,1,0,2,0,-1,0,-1,0,0,1,0,0,7,1,2,0,-2,0,0,0,-1,0,0,0,0,0,0,0,0,0,-1,-0.334278,0,0,-0.892332,0,0,3,0,-1,0,3,0,0,0,0,1
0,0,-1,0,0,0,0,0.193791,0,0,1,1,0,-1,0,3,-0.484404,0,0,0,0,0,0,-3,0,0,0,0,0,0,0,0,0.6924,1,0,0,0,0,0,0,0.328908,0,0,-0.547891,0,0,1,0,0,0,0,0,0,0,0,0,0,1,0,-1,0,0,0,0,0,-2,-2,5,0,0,0,0,-1,0,0,0,-1,0,0,0,0,0,0,0,0,0,0,-0.60108,0,0,-0.543239,-1,1,0,0,0,0,0,1,0,0,0,1
0,3,0,1,1,0,0,-0.5072,0,0,0,0,0,0,0,0,-0.449848,0,0,0,1,0,0,0,0,0,0,2,-1,0,0,1,0.63455,0,0,0,1,1,-1,0,0.996714,0,0,-0.420474,0,0,1,0,0,0,0,0,1,0,0,0,0,0,0,2,0,0,0,0,0,0,0,0,0,0,0,1,2,2,2,0,-2,-1,0,0,1,0,0,1,0,0,0,-0.647627,0,0,-0.332784,-1,0,0,1,0,-1,0,4,0,0,0,1
0,0,0,0,0,-1,0,-0.550363,0,0,0,0,0,0,-1,0,-0.631992,0,0,0,0,0,0,0,0,0,0,1,0,1,0,0,0.5036,0,0,0,0,0,0,0,0.275011,0,1,-0.555718,0,0,0,1,0,-2,0,0,-3,0,0,1,0,0,1,1,0,0,0,0,0,0,0,0,1,1,-1,0,0,0,0,1,0,0,0,0,0,0,1,1,0,1,0,-0.920844,0,0,0.130792,0,-2,0,0,-2,0,1,0,0,0,0,1
0,-1,0,2,0,2,1,-0.393939,0,0,-1,0,0,0,0,2,5.426894,0,0,1,0,0,1,0,0,0,0,0,1,0,0,-2,1.67337,7,0,1,0,0,0,-2,0.589747,0,0,-0.784826,-1,0,0,0,0,0,1,0,0,-3,1,0,0,0,0,0,0,1,0,0,0,0,0,2,0,1,0,0,0,0,-1,0,0,0,0,-1,0,0,0,0,0,-1,0,0.159214,0,0,0.685827,0,0,0,0,0,0,0,0,0,0,1,1
0,0,-2,0,-1,0,0,-0.721654,-1,1,-1,0,0,0,0,0,-0.718933,0,0,0,0,0,0,0,0,0,0,0,0,2,-1,0,1.50699,10,-1,0,0,0,0,0,1.725763,-1,0,-0.767403,0,0,0,-1,-1,0,0,0,0,0,2,0,2,0,0,-1,0,1,-2,0,1,0,0,-3,0,1,1,0,0,0,0,-1,0,-4,0,0,0,0,0,0,0,1,0,-0.674374,0,0,-0.745261,0,0,1,-1,0,0,0,0,1,2,1,1
0,0,0,0,1,0,0,-0.694449,0,1,0,0,-1,0,0,0,1.869653,0,0,0,0,0,1,2,-1,0,-2,0,0,0,-1,0,1.41325,3,0,0,0,0,0,0,0.406293,0,-3,-0.753003,1,0,0,0,0,0,1,0,0,1,1,0,2,0,0,0,0,1,0,0,0,-1,0,0,8,1,0,2,0,0,0,0,0,0,0,0,0,0,0,1,0,0,-1,5.259787,0,0,-0.70913,0,0,0,1,0,0,2,0,0,-3,1,1
0,2,0,0,0,0,0,-0.818207,0,0,0,0,0,0,-1,0,-0.813301,1,0,0,1,0,0,-4,0,0,0,0,3,1,0,0,0.91875,3,0,0,1,0,-1,0,2.575186,0,-1,-0.811881,0,2,0,1,0,0,0,0,0,0,0,0,0,1,-1,0,0,0,3,0,1,0,0,0,0,1,0,1,1,-1,0,0,0,0,0,0,0,0,0,1,0,0,0,-0.633284,0,0,-0.609197,0,0,0,2,0,-1,0,0,0,-1,0,1
1,0,2,0,0,-6,0,-0.615156,0,0,2,0,1,0,0,0,-0.454545,0,0,1,0,0,0,1,0,1,0,0,0,0,0,0,0.81026,1,1,0,0,-1,0,0,2.064545,0,0,-0.636364,2,1,0,0,0,0,0,0,0,0,0,0,0,1,0,0,0,0,0,0,1,0,-1,0,0,1,0,0,1,0,-2,0,0,0,0,0,1,0,0,0,0,1,2,-0.612903,0,1,-0.446413,2,0,0,0,0,-1,0,0,-2,1,0,1
1,0,2,0,0,0,0,-0.306622,0,0,0,0,0,-1,1,2,0.011691,1,0,0,1,0,0,0,1,0,1,0,-1,-1,0,0,1.44843,1,0,0,1,0,0,0,0.856726,1,-2,-0.5898,0,0,0,0,-1,-1,0,0,2,3,0,0,0,0,-2,-1,0,0,-3,1,1,1,0,0,0,1,0,-1,1,0,0,0,0,0,0,0,0,0,1,0,0,4,0,-0.624764,0,0,-0.559563,0,0,0,-1,0,0,0,0,1,0,0,1
1,0,0,0,0,0,0,-0.604145,0,-1,0,0,0,-1,0,0,-0.698531,0,0,5,0,0,1,0,0,-1,0,0,0,1,0,0,1.228,-21,0,0,0,3,0,0,0.184013,4,0,-0.803466,1,1,0,-1,0,1,0,0,1,0,0,0,-3,0,-1,0,0,0,0,0,0,0,0,0,1,-1,0,0,-2,0,1,0,0,-1,1,0,0,-2,0,0,0,0,0,-0.766199,0,0,-0.78306,-1,0,0,0,0,0,0,3,0,0,0,1
0,0,-3,0,0,1,0,-0.630595,1,0,-1,0,1,0,0,0,-0.768095,0,0,0,0,0,1,2,0,-1,1,0,0,1,1,0,1.71821,6,0,0,0,1,0,0,0.201143,1,0,-0.757189,0,0,-1,0,1,0,0,0,0,1,0,0,-1,0,1,0,0,0,0,0,0,0,0,-1,0,0,0,0,-1,0,0,1,0,0,0,0,0,0,0,0,1,0,2,-0.610292,0,0,-0.849167,0,0,0,0,0,0,0,0,0,1,0,1
0,0,4,0,-1,0,-4,-0.61689,0,0,0,-2,2,1,0,1,-0.639733,0,0,2,0,0,0,0,0,0,-1,0,0,0,1,0,1.28571,3,0,0,0,0,0,0,0.177778,0,1,-0.891362,-3,1,0,0,-1,0,0,1,1,0,0,0,0,0,0,1,0,0,0,1,0,0,0,-1,0,0,0,0,0,0,0,0,0,0,0,0,0,0,0,0,1,0,-1,-0.781224,0,0,-0.591689,0,1,0,0,0,0,0,0,0,0,0,1
0,-1,2,0,0,1,0,-0.002099,0,0,0,0,-4,0,3,0,-0.355946,0,0,0,0,0,1,0,0,0,0,0,1,0,0,1,1.60345,4,0,0,1,0,0,0,1.14894,0,0,-0.731821,0,0,0,0,0,-1,0,0,-1,1,0,1,-1,0,0,1,0,0,2,0,0,0,1,1,0,0,-1,0,0,1,0,0,1,1,0,1,0,0,0,-1,0,1,0,-0.74372,0,0,-0.602373,0,0,1,1,-1,0,1,-1,0,0,1,1
0,0,0,0,0,3,0,-0.726603,0,0,0,0,-1,1,-1,0,-0.232329,0,0,1,0,1,0,0,0,0,2,0,0,0,-2,0,1.16334,4,0,1,0,1,2,-1,1.82938,0,0,-0.743708,-1,0,0,0,0,0,1,1,-1,2,0,0,-3,1,-1,1,0,0,0,0,0,0,1,0,0,0,-2,0,0,1,0,0,1,0,0,1,1,0,1,0,0,0,2,-0.625957,0,0,-0.634404,0,0,0,0,0,0,1,0,0,0,1,1
0,0,-2,0,0,0,0,-0.52,0,0,-1,-1,0,0,0,0,0.045852,0,0,1,0,0,0,2,1,0,2,0,0,0,0,1,1.37068,10,0,0,0,2,0,0,1.309354,0,0,-0.771826,0,0,0,-1,0,0,0,0,-1,-1,0,0,0,0,0,0,0,-1,0,1,0,1,0,0,0,0,-1,0,0,3,0,-1,1,0,0,0,0,1,0,0,0,2,0,-0.550029,0,0,0.327964,0,0,0,0,0,0,1,4,1,0,1,1
0,-2,0,1,0,3,0,-0.324116,1,0,2,2,0,0,0,0,-0.60449,0,0,0,0,1,0,0,1,0,0,2,0,0,0,0,1.51281,7,0,0,0,0,0,0,0.639185,0,0,-0.621987,-1,0,-2,0,0,0,0,2,-1,0,0,0,-1,0,3,0,0,1,1,0,2,0,0,0,1,0,0,0,0,0,0,-2,1,1,0,2,0,-1,0,0,0,0,0,-0.800749,0,0,-0.542567,0,0,0,2,0,-1,0,1,0,-3,1,1
0,0,0,0,0,-1,0,-0.115115,1,0,-1,0,0,1,1,0,-0.58726,0,0,0,-2,0,0,0,0,0,0,0,0,1,0,-2,1.55144,2,0,1,1,1,0,0,1.102706,0,0,-0.76886,0,0,0,0,0,0,0,0,0,2,-1,0,0,-1,0,0,0,1,0,0,0,0,0,0,0,0,0,0,1,0,0,0,0,0,0,0,0,1,0,1,1,1,-1,-0.52275,0,0,-0.620997,0,0,0,0,0,-2,0,0,0,0,1,1
0,0,0,1,0,-1,0,-0.610656,1,0,1,0,0,0,0,0,-0.256378,0,0,1,0,0,0,0,1,0,0,0,0,0,0,0,2.1928,6,1,0,1,0,0,0,0.759259,0,0,-0.777778,-1,0,1,0,0,0,0,0,0,-1,0,0,2,0,0,-1,0,1,-2,0,-1,0,1,0,1,1,0,-1,0,0,2,0,0,0,0,0,1,-2,0,1,0,1,0,-0.656025,0,0,-0.658296,3,-1,-6,0,0,0,-1,0,0,-1,1,1
0,-2,0,-2,0,0,0,0.090665,0,0,0,0,1,0,0,0,-0.600964,0,0,0,0,-1,0,0,0,0,0,4,0,0,1,0,0.6815,2,0,0,0,0,1,0,2.37037,0,-1,-0.555556,0,0,0,0,1,0,1,0,0,2,1,0,2,0,-2,0,0,0,0,0,0,0,1,-1,0,0,-1,0,1,0,2,0,0,0,0,0,0,1,0,-1,0,0,0,-0.784909,1,0,-0.053414,0,0,1,1,0,0,0,-2,1,1,0,1
0,0,0,-1,0,0,0,-0.216186,0,0,0,0,0,0,0,-2,-0.624057,0,0,0,0,0,0,0,-1,0,0,0,0,3,2,0,0.76356,8,0,-1,0,0,0,0,0.657485,0,0,-0.697942,-1,1,0,0,0,0,0,1,1,0,1,0,0,0,-2,0,0,-2,0,1,0,-1,1,0,0,0,0,0,-1,1,0,0,0,0,0,0,0,0,0,-2,0,0,0,-0.571734,0,0,-0.182088,0,0,1,0,0,1,0,0,2,1,0,1
0,0,0,1,0,-1,1,-0.559918,0,0,0,0,0,0,3,0,-0.059697,0,1,0,0,0,-1,0,0,0,0,0,1,0,1,0,0.77143,0,-1,0,0,1,-1,0,2.37037,0,0,-0.558837,0,1,-2,0,1,0,0,0,0,-1,3,1,0,0,0,0,0,0,0,0,0,0,0,1,0,0,0,0,0,0,0,0,0,-1,0,0,0,1,2,-1,0,0,0,-0.697619,0,0,-0.085673,0,0,0,0,0,1,0,0,0,0,0,1
0,0,-1,2,0,0,0,-0.672632,0,0,0,0,2,0,-1,0,-0.676383,0,0,0,0,0,-1,-1,0,0,0,0,0,0,1,0,0.54286,3,0,0,1,0,0,-3,0.789474,0,-1,0.020047,0,1,0,0,2,0,0,0,0,0,-1,0,0,1,2,0,0,0,0,0,0,0,0,0,-5,0,0,0,-1,0,-4,0,0,2,0,0,0,0,0,0,0,0,0,-0.75464,0,1,-0.599397,0,0,1,0,0,1,0,0,0,1,0,1
0,0,1,0,0,0,0,-0.165241,0,0,0,0,0,-1,0,0,-0.321435,0,0,2,0,0,0,2,0,0,-1,1,0,0,0,0,1.1306,2,1,-1,3,0,0,0,0.540601,0,0,-0.860547,-1,1,0,1,0,0,0,-1,-1,0,0,0,0,0,0,1,0,0,0,1,0,1,0,0,0,0,-2,0,-1,0,0,0,0,-2,0,0,0,1,0,1,0,0,0,-0.709777,0,1,-0.77878,0,1,0,1,-1,0,1,0,0,0,0,1
0,0,0,1,0,0,0,-0.623208,-1,0,0,0,0,-2,-5,0,-0.506227,0,0,0,0,0,-5,0,0,0,0,0,0,1,0,0,0.73531,0,0,0,0,0,1,-1,0.771156,2,1,-0.178568,1,1,0,-1,0,1,0,0,-1,0,0,4,-1,-1,-1,-1,0,0,2,1,2,0,0,2,-1,0,0,0,0,0,-1,0,0,0,1,0,0,0,0,1,0,0,0,-0.742505,0,1,-0.329023,0,0,0,2,0,0,1,0,1,0,0,1
0,-2,0,0,1,0,0,-0.317068,0,0,0,0,2,0,0,0,-0.647059,-1,0,1,0,0,1,1,1,0,1,2,-1,0,1,0,1.3806,2,0,0,0,0,0,0,1.54,0,0,-0.586455,1,-1,0,0,1,0,0,0,-1,0,-3,0,0,0,0,0,0,0,0,0,2,0,0,0,0,-1,0,0,0,1,0,2,0,0,0,0,0,0,0,0,0,0,0,-0.780431,0,0,0.149298,0,0,1,0,0,0,1,1,1,0,1,1
0,0,0,0,0,0,0,-0.001082,0,0,4,1,-1,0,0,0,0.940165,0,0,1,0,0,0,0,1,1,0,0,-2,-4,1,0,1.79843,6,0,0,0,0,0,0,1.936433,6,0,-0.151743,1,0,0,0,1,0,0,0,0,0,0,0,-2,1,0,-3,-1,0,0,0,0,0,0,-1,0,-1,3,0,-1,0,0,0,1,0,1,-1,0,1,0,0,-1,0,2,-0.833312,0,0,-0.4,2,0,0,0,0,-3,-1,0,0,-1,1,1
0,0,0,0,0,0,4,-0.633495,0,0,0,0,3,0,-1,0,-0.711104,0,0,1,0,1,0,0,2,-2,0,0,3,-2,1,3,1.18051,7,0,0,0,1,-2,0,1.974574,0,0,-0.733033,0,1,0,0,0,-2,1,0,0,0,3,1,0,0,0,0,0,0,-1,-3,1,0,0,0,2,1,0,-2,0,0,0,0,0,0,0,0,0,0,0,0,0,3,0,-0.625077,0,0,-0.386715,3,0,0,0,0,1,1,1,1,0,1,1
0,0,6,1,0,1,0,0.102718,0,0,0,0,0,0,-2,0,-0.675676,1,0,0,1,0,0,0,-1,0,0,0,0,0,0,0,1.23461,-8,0,0,0,0,0,0,1.751533,-2,0,-0.782631,3,-2,0,0,0,0,0,1,-1,1,1,0,0,0,0,2,0,0,0,0,0,1,-1,-1,0,0,-1,0,1,4,0,0,0,0,1,0,0,1,0,1,0,-1,0,-0.596803,-1,0,-0.491485,0,0,0,0,0,3,0,0,0,2,1,1
0,0,0,0,0,0,0,-0.555556,0,2,0,0,0,0,0,0,-0.680534,0,0,0,0,0,0,0,0,0,-2,0,0,0,0,0,0.55126,-16,1,1,0,0,0,0,2.024076,0,0,-0.181966,0,-2,0,0,-1,2,0,0,1,0,0,0,0,1,0,0,0,0,-1,-1,-1,1,0,-1,0,-1,1,1,0,2,0,0,0,1,1,0,0,0,0,0,0,1,0,-0.320063,0,0,-0.290843,0,-1,0,0,0,0,0,0,1,0,1,1
0,0,0,1,0,0,0,-0.496495,0,0,2,1,0,0,0,-1,-0.593286,0,0,0,0,0,0,0,0,0,0,0,0,3,1,0,2.05212,14,0,0,2,0,0,1,1.78571,0,0,0.263287,0,0,0,0,0,0,0,0,0,0,1,0,0,0,0,0,0,-1,0,0,0,0,0,-2,0,0,0,4,2,0,2,0,1,1,0,0,0,0,0,1,1,0,0,-0.28265,0,0,-0.485807,0,-1,-1,0,0,1,1,0,-3,0,1,1
2,-1,2,0,0,0,-2,-0.171389,0,0,0,0,0,0,1,0,-0.67766,0,0,1,0,0,0,0,0,0,1,0,0,0,1,0,0.86218,6,0,-1,0,0,0,0,0.885716,0,0,-0.716883,0,-1,0,1,0,0,0,0,0,2,-1,0,0,0,0,0,0,0,1,0,0,2,0,0,1,0,1,-1,0,-1,0,0,1,0,1,0,2,0,0,1,0,0,0,-0.16473,0,-1,-0.834331,0,0,-2,0,-1,1,0,1,0,1,1,1
0,-1,0,0,0,0,0,-0.251136,0,0,0,-1,0,0,2,0,0.869225,0,0,1,-1,0,0,0,0,0,0,0,2,0,1,-1,1.40887,1,0,0,0,0,1,0,0.753137,0,0,-0.746814,0,-1,0,0,0,0,1,0,0,2,0,0,0,0,0,0,0,0,0,-1,0,4,1,0,1,1,0,0,0,3,0,0,0,2,1,0,0,1,0,1,0,0,0,-0.284584,0,0,-0.452399,0,0,0,0,0,0,0,0,-2,0,1,1
0,-2,0,0,0,0,-2,-0.66916,0,-2,0,0,-2,0,1,0,-0.447005,0,0,1,1,-1,0,0,0,0,0,2,0,0,1,0,2.27363,4,0,0,0,0,-2,0,0.173543,0,0,-0.831852,0,2,0,1,0,0,0,0,2,0,0,0,1,0,0,0,0,0,0,0,0,0,0,0,0,0,1,0,0,0,0,1,1,0,1,0,0,0,0,0,0,0,0,-0.710644,0,0,-0.66506,0,0,0,0,0,0,0,1,0,0,1,1
0,0,-1,1,0,-1,1,-0.8125,0,1,-2,2,0,1,-1,0,-0.821046,0,0,1,0,0,0,0,2,1,0,0,0,0,0,-1,0.54593,3,0,0,0,1,0,1,0.625,0,-1,-0.543506,1,0,0,0,0,-1,1,0,0,2,1,4,0,0,0,0,-1,0,0,0,0,0,0,0,-1,0,-2,0,0,1,0,0,0,0,0,0,0,0,0,4,0,0,0,0.36646,0,0,0.464735,0,2,0,0,0,-3,-1,0,0,0,0,1
0,0,-3,-1,0,0,0,-0.8125,0,0,0,-1,0,0,0,0,-0.478186,0,1,-1,0,0,0,-1,0,0,0,0,0,0,0,2,1.09056,2,0,0,0,0,0,0,1.319443,-4,0,-0.513106,0,0,0,1,0,0,0,0,2,0,0,0,0,0,1,2,0,0,0,0,-2,-1,0,0,0,1,0,0,1,1,0,0,0,1,1,1,0,1,0,1,0,0,0,-0.365967,0,0,-0.428571,-2,1,-1,0,0,0,0,0,0,0,0,1
0,0,0,0,0,0,0,-0.850092,0,0,0,0,0,0,0,0,-0.349247,0,0,-2,0,0,0,-2,0,2,0,0,0,0,0,0,1.0781,7,0,0,0,0,0,0,0.339473,0,-1,-0.847261,0,-1,0,0,0,0,0,0,0,0,0,2,-1,0,0,0,0,-1,-1,0,1,2,0,0,0,1,0,-1,0,0,-2,-1,0,0,0,0,0,1,0,1,0,0,0,-0.480737,0,1,-0.351975,3,0,0,0,0,0,0,-1,0,0,0,1
0,0,0,0,0,0,1,-0.320444,1,0,0,-1,0,0,0,-2,-0.755102,0,0,1,1,0,0,-1,0,0,0,0,0,1,0,0,2.52985,1,0,0,0,0,1,0,1.651912,0,0,-0.804164,3,0,0,0,0,0,1,0,0,1,0,0,0,0,0,3,0,1,0,0,0,0,0,0,0,0,0,0,2,1,0,0,0,0,-1,1,0,1,-1,1,0,0,0,-0.766484,0,0,-0.569875,0,0,0,0,0,1,0,0,0,-2,1,1
0,1,0,1,0,0,0,-0.660801,0,1,3,0,0,0,0,0,-0.763174,0,0,0,0,0,0,1,1,0,0,2,0,2,0,0,1.99357,4,0,0,-1,-3,1,1,0.5,1,0,-0.787199,0,-1,0,0,0,0,1,0,0,0,1,0,0,0,0,1,0,0,0,2,0,1,0,1,0,0,0,0,0,1,3,0,0,0,1,0,0,1,0,-1,0,1,0,-0.792441,0,4,-0.660698,0,0,0,0,0,0,0,0,0,0,1,1
0,0,0,-1,0,-1,-2,-0.668462,0,0,0,0,0,0,0,0,-0.755102,0,0,1,0,0,0,0,-2,0,0,0,0,0,0,-1,0.91023,3,0,0,0,3,0,1,0.413395,1,0,-0.836589,0,0,2,0,1,2,1,0,0,0,1,0,1,0,0,0,0,0,0,0,1,1,1,0,0,0,1,0,-1,0,0,0,0,0,0,0,0,1,0,0,1,1,-1,-0.586357,0,0,-0.355187,0,0,0,0,0,0,0,0,1,0,1,1
0,0,0,0,0,0,2,-0.755044,1,0,1,0,-1,0,3,0,-0.474578,0,0,0,0,0,0,0,4,1,0,0,0,1,-1,0,0.85533,4,0,0,0,0,0,0,0.825839,0,0,-0.838458,0,1,0,2,0,0,1,0,1,-3,1,0,-1,0,0,0,0,-1,0,0,-1,0,0,0,0,0,0,0,0,0,0,-1,0,-1,0,0,0,0,0,0,0,0,1,-0.291042,0,0,-0.627692,3,1,0,0,0,1,0,-2,-2,0,0,1
0,0,0,0,0,-1,1,-0.478261,0,0,-1,0,-1,0,0,0,-0.655933,0,0,0,0,1,0,0,0,1,0,0,1,3,0,0,0.57143,0,0,0,0,0,1,0,2.356814,1,0,0.321832,0,1,0,0,0,0,-1,0,1,-1,1,2,0,3,2,-1,0,0,0,0,-1,-1,-2,0,1,0,0,1,0,-1,0,0,1,0,0,0,0,0,0,0,0,-1,0,-0.251089,0,0,-0.584051,0,0,0,0,0,0,0,2,0,2,0,1
0,0,3,2,0,0,0,-0.468571,0,0,0,0,-1,-1,-1,0,-0.685904,0,-1,1,2,0,0,0,0,0,0,-1,0,0,0,-1,0.61816,6,1,0,0,1,0,0,0.822334,0,0,-0.083485,0,1,0,0,0,-1,0,0,0,0,2,1,0,0,0,0,0,0,0,0,-1,0,0,0,0,-2,0,0,0,0,0,0,0,0,0,0,0,0,0,0,0,0,0,-0.631318,2,0,-0.670771,0,0,0,0,0,0,-1,-1,0,0,0,1
0,0,0,0,0,1,0,-0.599229,0,0,0,0,0,0,0,0,-0.656423,0,0,0,0,0,0,0,1,0,-1,0,0,0,0,0,1.25215,10,0,0,0,-2,0,0,1.067497,0,0,-0.756986,0,0,0,0,0,0,0,0,0,1,1,0,0,0,0,0,0,0,0,0,2,0,1,0,-2,0,3,0,0,0,0,0,2,0,0,1,0,0,0,0,0,0,0,-0.620539,0,1,-0.867894,0,0,3,0,0,0,0,0,0,0,1,1
0,0,0,0,0,0,-1,-0.584478,0,0,0,1,0,0,3,1,0.295776,0,0,1,2,0,0,0,0,0,0,0,0,0,0,0,0.86164,3,0,0,0,0,-1,0,0.929198,0,0,-0.563738,0,0,0,0,0,0,0,-1,0,0,-1,0,0,0,0,0,0,0,0,1,0,0,0,1,0,0,1,0,1,0,0,1,0,0,0,1,0,0,0,0,0,0,0,-0.839458,0,0,-0.649154,0,0,3,0,0,0,0,0,2,0,1,1
1,0,-1,0,0,0,0,-0.714869,0,0,2,0,0,-2,0,0,-0.75103,0,0,2,0,0,0,0,0,0,0,0,3,0,0,0,1.14027,12,0,0,1,0,0,0,1.181201,2,0,-0.700372,3,1,-3,0,-1,1,0,0,0,0,0,0,0,0,-1,-3,0,0,0,1,3,-2,0,0,0,0,0,-2,0,0,2,2,0,1,0,0,0,0,0,0,0,1,0,-0.412397,0,1,-0.603908,0,0,0,0,0,0,2,0,0,0,1,1
0,0,0,0,0,1,0,-0.552416,0,0,0,0,0,-2,0,0,-0.665965,0,0,1,-4,0,-1,0,0,-1,-1,0,-2,0,0,1,1.72884,14,0,0,0,-1,0,-1,1.995173,-2,0,-0.15409,0,0,0,0,0,0,0,0,0,-1,1,0,0,0,0,0,1,0,0,1,0,1,0,0,0,0,1,-1,0,1,0,0,-2,0,0,0,0,0,0,0,0,2,-2,-0.67479,0,0,-0.774122,0,0,2,1,0,0,2,0,1,0,1,1
0,0,1,0,0,-1,0,-0.230742,0,0,0,-1,0,0,0,0,-0.468312,0,0,0,0,1,0,0,0,1,-1,0,0,0,0,-1,0.63919,8,0,0,0,0,-1,0,1.963309,0,0,-0.324174,0,0,-1,0,0,1,0,0,0,0,1,0,0,2,1,2,0,0,0,1,4,1,0,0,-1,4,-1,0,1,-1,0,2,-1,0,0,0,0,0,1,-1,0,0,0,-0.677027,0,0,-0.620779,0,0,2,0,0,0,2,2,1,2,1,1
0,1,-1,1,0,0,0,-0.550821,-1,0,1,1,0,0,-2,0,-0.745343,0,0,1,0,0,-1,0,0,0,1,0,-2,-1,0,0,0.7431,2,0,0,0,0,0,0,0.624148,-1,0,-0.680548,0,-1,0,0,0,0,1,0,2,0,0,0,0,0,0,0,0,0,1,0,0,3,0,0,0,0,0,0,3,0,0,0,0,0,0,-1,0,0,0,2,0,0,0,-0.287423,0,0,-0.680038,0,0,2,0,0,0,0,0,1,1,1,1
0,0,0,1,-1,3,0,-0.240047,1,0,0,0,0,0,-2,0,-0.652613,0,0,1,0,0,0,0,0,1,1,0,0,0,0,0,0.59609,1,0,0,-2,-1,0,-1,1.441703,0,0,-0.284009,-1,0,0,0,0,0,-1,0,0,1,1,0,0,0,0,-2,0,0,0,0,0,0,0,0,-1,-1,0,0,1,-2,0,0,0,0,0,0,0,0,0,0,0,0,-2,-0.58764,0,0,-0.407408,0,1,0,0,0,0,0,1,0,0,0,1
0,0,0,1,0,1,4,-0.737204,0,0,0,0,0,1,0,0,-0.825221,0,0,1,0,-1,-1,-1,0,0,0,-1,-1,0,0,0,0.55515,0,0,1,1,0,0,0,1.458225,0,0,-0.775148,0,0,0,1,0,0,0,0,-1,-5,1,0,0,-2,-1,0,0,0,7,-1,0,0,2,0,1,0,0,2,0,0,0,1,0,-1,0,0,0,1,1,1,0,0,1,-0.714286,0,-1,-0.651029,1,-1,0,0,-1,-2,0,-2,0,0,0,1
0,0,3,3,-1,0,0,-0.571982,0,0,0,0,0,0,0,0,-0.702962,0,2,0,0,0,0,0,2,1,0,0,-3,0,0,0,1.04282,22,0,0,0,0,0,1,1.193721,0,0,-0.512239,4,0,1,0,1,0,1,-1,-1,0,0,1,0,0,0,0,0,0,0,0,1,0,2,0,-2,-1,3,0,1,1,0,0,-1,0,0,0,0,0,0,0,0,0,0,-0.418687,0,0,-0.392231,0,0,-1,1,2,0,0,2,1,0,0,1
0,0,-1,0,0,0,0,-0.670471,-1,0,-1,0,0,0,1,0,-0.745851,0,1,0,-5,0,0,0,0,0,0,2,1,0,-1,0,0.99962,5,0,-1,0,1,1,1,0.857104,0,0,-0.41256,1,0,0,0,0,0,-1,0,-1,0,1,-2,1,0,4,0,1,0,3,1,0,2,0,0,6,0,-3,-1,-1,0,0,0,-1,0,0,1,0,0,0,0,0,-2,1,-0.621729,-2,0,0.094958,1,0,1,1,1,0,0,0,1,0,0,1
0,0,0,0,0,-1,-2,-0.712042,0,0,0,1,0,0,-1,0,-0.595267,0,0,1,0,0,0,1,0,0,-1,0,0,-1,0,0,0.85765,3,0,0,0,0,1,1,1.752329,-1,0,-0.852169,0,0,0,0,1,0,0,0,0,0,0,1,0,-1,0,0,0,0,0,1,1,-1,0,-1,0,0,0,0,0,2,0,0,0,1,0,0,0,0,0,2,0,0,0,-0.627033,-1,0,-0.478261,0,0,2,0,0,1,0,-6,2,0,0,1
0,1,-1,1,0,0,1,-0.453707,-1,0,0,0,0,0,1,1,-0.660042,0,0,0,0,0,0,0,0,-1,-2,0,0,0,0,0,0.46248,4,0,0,0,0,1,0,1.484414,0,0,-0.52,0,1,1,0,1,0,0,0,0,0,1,0,0,0,0,0,0,0,0,1,3,1,-2,0,0,1,0,0,0,0,0,0,0,0,-1,0,0,0,0,1,0,0,0,-0.059444,0,0,-0.389726,0,0,0,0,0,0,1,0,1,0,0,1
0,0,0,0,0,1,0,-0.763672,0,1,0,0,-1,0,0,0,-0.727158,0,1,0,1,-2,1,1,0,0,1,0,0,0,0,0,3.22084,0,0,0,0,0,0,0,1.356257,3,0,-0.578402,0,0,0,0,0,0,0,0,1,2,0,0,0,1,0,0,0,0,0,2,0,1,0,1,2,0,-1,0,0,-2,0,0,0,0,0,0,0,0,1,2,0,0,0,-0.515705,0,0,-0.801477,0,0,0,0,0,1,0,0,0,0,0,1
0,0,0,0,0,1,0,-0.625,0,-1,0,0,0,1,0,2,-0.844977,0,0,2,0,0,0,0,1,-1,0,0,0,0,-1,0,2.17143,0,0,0,1,-1,0,0,1.233704,1,0,-0.735699,0,0,2,0,0,0,0,0,0,0,0,0,-1,1,0,4,1,0,0,0,-1,1,3,1,0,0,0,0,1,0,2,2,0,-1,0,0,0,1,1,0,0,-1,0,-0.367236,0,0,-0.17971,0,0,0,0,0,1,0,3,0,0,0,1
0,2,1,0,0,0,0,2.182013,0,0,0,0,0,0,0,0,-0.736732,0,1,1,-1,0,0,-1,1,0,0,0,0,0,0,-1,2.27537,0,0,0,-1,0,0,0,0.943918,4,-1,-0.81596,0,0,1,0,0,0,0,0,1,0,0,0,0,1,1,0,0,0,-1,0,0,1,0,0,0,-3,0,0,2,0,0,0,1,2,0,0,0,0,1,-5,0,0,0,-0.53236,1,0,-0.930888,0,0,-1,0,0,1,0,0,-1,0,0,1
0,0,0,0,0,0,0,-0.757216,-1,0,1,0,0,-1,0,0,-0.561051,0,0,0,1,0,-2,2,0,0,1,1,3,1,1,0,0.95413,3,0,0,0,0,0,0,0.773079,0,0,-0.744681,0,0,0,0,1,1,0,0,0,0,-1,0,0,1,0,0,0,0,0,0,1,0,1,0,0,0,0,1,0,2,0,0,0,1,0,0,0,0,0,0,0,0,0,-0.454545,0,0,-0.914785,0,0,0,0,-2,0,0,0,0,0,0,1
0,0,-1,-1,0,0,0,-0.503437,0,0,0,1,0,0,0,0,-0.432102,0,0,0,0,0,0,3,0,1,1,0,1,0,0,0,2.09304,3,1,0,0,4,-1,0,0.454847,1,0,0.331189,0,0,0,2,0,0,0,0,0,0,0,0,1,0,0,0,-1,0,0,0,0,1,1,-2,-1,0,1,0,0,0,0,0,0,-1,0,0,0,1,0,0,0,0,1,-0.530258,0,0,-0.675764,-1,0,1,0,0,0,0,-1,0,1,0,1
0,1,0,0,0,1,0,-0.615468,0,0,0,0,0,0,0,1,-0.628646,0,0,0,0,-1,0,0,0,0,1,0,0,0,1,0,1.3775,1,0,0,0,0,0,1,0.666945,1,0,-0.667183,1,0,0,0,0,0,0,0,0,0,1,0,0,0,0,0,0,0,0,0,1,0,0,0,0,0,0,0,0,0,2,0,0,0,0,0,0,0,-1,1,0,0,0,1.586444,0,0,-0.875771,0,0,-1,-1,0,0,0,0,0,0,0,1
0,0,1,0,0,-1,1,-0.66623,1,0,0,-1,2,0,0,0,-0.387625,0,1,0,1,0,0,0,0,0,0,0,3,0,0,2,1.63317,0,0,1,0,0,0,0,0.725694,0,0,-0.817974,0,0,1,0,0,1,0,0,1,0,1,0,-2,0,1,0,0,0,2,3,1,0,-1,0,0,0,1,-2,-1,0,0,0,-1,3,0,0,0,0,0,0,0,0,0,-0.859243,0,0,-0.733333,0,0,0,0,0,0,0,-1,0,0,1,1
0,1,0,0,0,0,1,0.029167,1,0,0,0,0,0,0,0,-0.742174,0,0,0,1,0,0,0,0,0,1,0,0,2,0,0,1.93627,1,0,0,5,0,0,0,0.825175,0,0,-0.818927,2,0,1,0,0,1,0,0,0,0,1,1,3,-1,0,0,0,0,0,0,0,0,1,1,0,1,1,0,0,0,0,0,0,0,0,2,0,0,0,-1,0,0,0,-0.760078,0,0,-0.536807,0,0,2,0,0,0,0,0,0,0,1,1
-1,0,0,0,0,0,1,-0.674226,1,0,-1,0,0,0,3,0,-0.646129,-2,1,0,0,0,0,-1,0,0,0,0,0,0,0,0,2.86933,7,0,0,0,1,0,1,1.083433,0,0,-0.803279,0,0,1,0,0,0,0,0,1,1,0,1,0,-3,1,0,0,0,-2,-1,4,0,0,-3,0,1,0,1,0,0,0,-1,0,1,0,0,0,0,0,0,0,-2,-1,-0.657042,-1,0,-0.93092,0,0,-2,0,-1,0,0,0,0,0,1,1
0,1,0,0,0,0,0,-0.636426,0,-1,0,0,0,0,2,0,-0.863763,1,0,1,0,0,0,0,0,0,1,0,0,0,0,0,1.3002,3,0,0,0,1,0,0,1.510943,0,0,-0.521421,2,0,0,0,-2,0,0,0,0,0,1,1,0,0,0,0,0,0,0,-2,0,-4,0,0,0,0,1,-1,1,0,0,0,0,1,0,0,1,0,0,0,0,0,0,-0.624136,0,0,-0.558772,0,0,0,0,0,0,0,0,1,1,1,1
0,0,0,0,0,0,0,-0.612335,0,0,0,0,0,0,0,0,-0.8,1,0,0,0,0,0,0,0,0,0,0,0,0,0,0,0.8624,3,0,0,0,0,0,0,1.83333,-2,0,-0.77104,0,0,0,0,1,0,0,-1,0,-1,0,0,0,1,-1,1,0,0,0,0,1,0,1,0,0,1,1,0,0,0,0,-1,-1,-3,0,0,0,-1,0,0,-1,0,0,-0.589711,0,0,-0.781911,0,0,0,0,0,0,0,-1,0,1,1,1
0,0,0,0,0,0,0,-0.656951,0,0,1,0,0,0,0,0,-0.564217,0,0,0,0,1,0,0,0,0,0,0,0,0,0,0,1.20817,4,0,1,0,3,0,-1,2.000796,0,-1,-0.708606,-1,3,0,0,0,0,0,0,0,0,2,0,0,0,2,0,-1,0,0,0,1,0,2,0,0,0,0,0,1,-2,0,0,0,0,0,0,1,0,0,0,1,1,0,-0.798094,0,0,-0.67139,0,1,0,5,0,0,0,0,0,0,1,1
0,0,0,0,0,-1,0,-0.70118,0,0,1,0,0,1,0,0,-0.678631,0,1,0,0,0,1,0,0,0,0,0,-2,2,0,0,0.83212,2,0,0,0,0,0,0,1.161491,1,0,-0.591612,0,1,0,0,0,0,0,0,0,0,0,0,1,0,0,1,0,0,0,0,0,-2,1,0,0,-1,0,0,-1,0,0,0,0,0,0,0,0,0,0,-1,0,0,0,-0.605281,0,0,-0.703834,0,0,0,0,2,0,0,0,-1,0,0,1
0,0,0,1,2,0,0,-0.629245,0,0,1,0,1,0,-1,0,-0.571429,0,0,0,1,-1,1,0,0,0,0,-2,0,0,1,0,0.86095,5,2,0,1,-1,0,0,0.931034,0,0,-0.100926,0,2,0,0,0,0,-1,0,-1,2,1,1,0,0,1,0,0,0,0,0,0,0,1,3,0,0,-1,0,0,1,0,1,0,-1,0,0,0,0,0,0,0,0,0,-0.602202,0,0,-0.71373,0,0,0,0,0,1,0,0,0,0,0,1
0,0,0,0,0,0,0,-0.701219,0,1,0,0,0,0,0,0,0.169716,0,0,0,1,0,0,0,0,0,0,2,0,-2,0,0,1.62827,1,0,-1,1,0,-2,0,0.931034,-2,0,0.881466,0,0,0,0,0,1,0,0,-1,1,1,1,0,0,0,0,0,0,0,0,0,0,0,0,0,1,1,0,0,-1,0,0,1,2,0,0,0,0,0,-1,0,-1,0,-0.653231,0,-1,-0.675694,0,0,-1,0,0,0,0,0,0,-3,0,1
-1,1,0,0,0,0,0,-0.664878,0,0,0,0,0,-1,0,0,-0.584427,-1,0,0,3,2,1,-4,0,0,0,2,0,0,-2,0,2.21673,11,0,0,0,6,0,0,0.98687,-1,0,-0.875082,-1,0,0,0,1,1,0,-1,0,0,0,0,0,0,0,0,0,0,-1,0,0,0,-2,0,0,0,-2,0,3,0,0,0,-2,-1,0,0,0,-3,0,0,-2,0,0,-0.624369,1,0,-0.784523,2,0,0,1,0,0,3,0,0,0,1,1
0,0,0,0,0,-1,0,-0.675676,0,0,0,0,0,1,0,0,-0.651335,0,0,0,0,0,0,-1,-1,-2,-1,0,0,0,0,0,2.92112,0,0,-1,0,0,0,0,1.0,0,0,-0.79661,0,0,0,0,-1,0,0,0,0,-1,0,0,0,0,2,0,-2,1,0,0,0,2,0,0,0,1,1,0,1,0,0,0,2,0,0,0,0,0,0,0,0,1,0,-0.719928,-1,0,-0.217356,0,0,0,0,0,0,0,0,0,0,1,1
0,0,2,1,0,0,-1,-0.675676,0,0,-1,0,0,0,0,0,-0.724189,0,1,0,1,0,-1,0,0,0,0,0,0,0,0,0,1.82687,3,0,-1,-1,-1,0,2,0.587533,0,0,-0.789958,0,0,0,0,0,0,1,0,0,-1,0,0,-1,-1,0,-1,0,0,0,0,0,2,4,0,-1,0,0,-1,2,2,0,0,-1,0,0,0,-4,0,0,1,0,0,-1,-0.416765,0,0,-0.7,0,0,1,0,0,0,1,1,0,0,1,1
0,0,1,0,1,0,1,0.394151,0,0,0,1,1,0,0,0,-0.721844,1,0,0,1,0,0,0,-1,0,0,0,0,2,0,1,0.73724,19,0,0,1,0,0,0,2.794646,0,0,-0.508417,0,1,1,0,0,0,0,1,1,-1,0,-2,0,0,0,0,0,0,0,0,0,0,0,1,0,0,0,-1,0,0,0,0,0,0,2,1,0,-2,0,0,0,0,0,-0.586221,0,0,-0.536626,0,0,0,0,1,0,0,1,0,1,1,1
0,0,0,0,0,-1,0,-0.150976,0,0,0,0,0,1,0,0,-0.744433,0,1,0,2,0,1,0,1,0,-1,0,0,0,0,0,0.77143,3,0,0,1,0,0,0,2.090444,2,0,0.417376,0,1,0,1,1,0,0,0,0,1,1,1,2,0,0,1,0,0,0,-1,0,0,0,0,0,0,1,0,0,0,0,0,0,0,0,0,1,0,0,0,0,0,0,0.163468,0,0,-0.76,2,0,0,0,1,0,1,1,1,1,1,1
0,0,0,-2,0,0,0,-0.856778,1,0,0,0,0,0,0,3,-0.748177,0,0,0,0,0,0,1,0,0,0,0,3,0,0,0,2.59448,2,0,0,0,-1,0,0,1.31757,0,0,-0.097647,0,0,0,0,0,0,0,0,0,0,0,1,0,0,0,0,0,0,0,0,0,0,1,0,0,0,1,0,0,3,0,0,0,0,0,0,1,0,0,0,0,0,0,-0.651695,0,0,-0.76,0,0,3,0,0,0,0,0,0,0,1,1
0,0,0,1,0,2,1,-0.77879,0,0,2,1,0,0,0,0,-0.181021,2,0,0,0,0,0,0,0,0,0,0,0,0,0,0,1.11769,2,1,0,0,0,-1,1,1.64865,0,0,-0.482768,-3,1,1,2,0,1,0,0,0,0,0,-1,-1,0,0,-1,0,0,0,-2,-1,1,0,-1,2,0,2,3,1,1,-1,0,0,0,-1,1,1,0,0,-1,0,0,0,-0.603908,-1,-1,-0.776299,0,0,0,0,0,0,0,1,0,0,1,1
-1,-1,0,-3,-1,0,0,-0.809524,0,0,0,1,0,0,0,1,-0.18691,0,0,2,0,0,0,0,1,0,0,-1,0,0,1,0,0.94596,1,-1,0,0,-1,0,0,2.714951,-2,0,-0.812628,0,0,1,0,0,1,0,0,0,1,0,1,-2,1,0,0,0,1,0,1,-2,0,0,0,0,1,0,2,0,-2,0,0,0,0,0,0,0,0,0,0,0,-1,0,-0.384009,0,0,-0.855998,-2,0,0,0,-1,0,0,0,0,0,1,1
0,0,1,2,0,0,1,-0.809524,0,0,1,1,1,0,0,1,-0.899616,0,0,0,1,0,1,0,0,0,0,0,0,-1,0,0,0.41544,1,0,0,1,0,-2,0,1.48569,0,0,-0.70804,0,1,1,1,0,1,0,0,-1,-1,1,0,0,1,1,0,-1,-1,3,0,0,0,0,0,0,0,0,0,2,0,0,0,0,0,0,0,1,0,0,0,0,0,0,-0.766268,0,0,-0.347499,0,0,3,1,0,0,-1,1,0,0,1,1
0,0,-3,-1,0,0,0,-0.265861,0,0,-2,0,0,0,0,0,1.93878,0,-1,0,0,0,0,-1,0,0,0,0,0,0,1,0,1.0424,8,-1,-1,0,0,0,0,1.061498,-1,0,-0.375984,0,0,0,0,0,1,0,0,0,2,1,0,1,0,0,1,0,0,0,1,0,0,0,-2,0,0,0,0,0,0,0,0,0,0,0,1,1,0,0,0,0,0,0,-0.803279,0,0,-0.478199,0,0,0,0,0,0,3,0,0,1,1,1
0,-2,0,0,0,-1,0,-0.370984,-1,0,0,0,0,0,0,0,1.93878,0,0,3,0,0,0,0,-2,0,0,0,0,2,0,0,0.60549,2,0,0,0,1,0,0,2.715422,0,0,-0.467421,-1,0,0,0,0,0,1,0,0,0,1,0,0,0,1,0,0,0,0,1,0,0,0,0,0,1,1,0,0,0,2,0,0,0,0,0,0,0,0,1,0,0,0,-0.803279,0,0,-0.743109,0,0,0,-1,0,0,0,0,0,-1,1,1
0,2,0,0,-1,0,3,-0.517303,0,0,0,0,0,0,0,0,2.853422,0,0,0,0,1,0,0,0,0,0,0,0,2,-2,0,0.70588,-21,0,0,0,1,0,0,2.184264,0,0,-0.518586,0,2,0,0,1,0,0,0,-1,0,0,-2,2,1,0,-3,0,0,2,1,2,0,-2,0,0,0,-3,0,0,0,0,0,1,0,0,-1,0,0,0,1,0,0,2,-0.754358,0,0,-0.684211,0,0,0,0,1,0,0,0,0,1,1,1
0,0,0,1,-1,0,0,-0.610818,0,0,0,0,0,0,0,0,-0.612559,0,0,0,-1,0,0,-1,0,0,0,0,0,0,-1,-1,0.89182,4,0,0,0,1,-2,0,0.260115,-1,0,-0.357313,0,0,0,-1,0,0,0,0,0,0,0,0,0,1,0,0,0,0,2,1,2,-2,0,0,-1,2,-1,-1,0,0,0,0,0,0,0,0,0,0,0,0,0,0,0,-0.727271,0,0,-0.6,-1,0,0,0,0,0,0,0,1,1,0,1
0,4,0,2,0,0,0,-0.73971,0,-1,0,0,0,0,0,0,-0.065391,0,-1,0,2,0,0,0,0,0,0,0,-3,0,0,-1,1.11179,3,0,0,2,0,0,0,0.222222,0,0,0.040035,1,0,0,2,1,0,0,0,0,0,0,0,0,1,0,0,0,0,0,0,1,3,5,-2,0,0,0,0,0,0,0,0,0,-1,0,-1,0,0,-1,0,0,0,0,-0.7,0,0,-0.601305,0,0,-2,1,0,0,0,0,0,0,0,1
0,0,0,1,0,2,0,-0.77371,0,0,-1,0,-2,-1,0,0,-0.586207,0,-2,0,0,0,-1,0,0,0,0,0,1,0,2,0,1.56049,1,0,0,1,0,0,0,2.437484,1,0,-0.739639,0,0,0,0,1,0,0,-1,0,0,0,0,0,1,1,0,2,0,2,1,0,0,0,0,2,1,0,0,2,-1,0,0,-1,1,0,0,0,1,0,0,0,1,0,-0.71823,0,0,-0.701661,0,0,0,0,0,1,-1,0,0,0,0,1
1,2,0,0,0,0,1,-0.72152,0,0,1,0,0,0,1,7,-0.738131,0,0,0,0,0,1,0,1,0,0,0,0,0,0,0,1.65775,18,1,1,-2,0,0,0,0.696741,0,-2,-0.576614,-1,0,4,0,0,2,0,0,0,0,0,1,0,0,1,1,0,0,0,3,0,0,0,2,-2,-1,0,0,2,0,0,0,-1,0,0,0,0,0,0,-1,0,-1,0,-0.507875,2,1,-0.623629,2,0,0,-1,0,0,0,0,0,-2,0,1
0,0,0,0,0,0,0,-0.727273,0,0,0,0,2,-2,-1,0,-0.522911,0,-1,4,0,0,0,0,0,0,0,-1,0,5,0,0,1.9282,2,0,0,0,0,-1,0,1.790454,2,0,-0.713745,0,-1,0,0,0,0,0,0,0,0,0,0,0,-1,0,0,0,0,0,0,1,3,0,2,1,0,0,0,0,0,1,0,-1,0,0,0,0,0,0,0,0,2,0,-0.542844,0,0,-0.07957,0,0,0,0,0,0,1,0,0,0,0,1
0,0,0,0,0,1,-1,-0.727273,0,0,0,0,0,0,5,-1,-0.72093,0,0,0,0,0,0,0,0,0,0,0,0,0,1,0,1.38226,0,2,0,0,0,0,-2,0.742924,0,0,-0.675625,0,0,0,1,-1,-1,0,0,0,-1,0,0,0,-3,2,0,0,0,2,0,1,0,-1,0,0,0,1,-3,5,0,2,0,1,0,0,1,0,1,0,-1,0,0,0,-0.654708,0,1,-0.586207,0,0,0,0,0,0,0,-4,1,0,0,1
0,2,0,0,0,0,0,-0.682225,0,0,3,0,0,-1,0,0,-0.516045,0,0,0,0,0,-1,1,1,0,0,-2,0,0,0,0,1.14903,1,-1,0,0,0,0,-1,1.70833,0,0,0.389964,0,0,0,0,0,-1,1,0,2,0,0,0,1,-1,0,0,0,0,0,1,1,1,0,0,4,0,0,2,0,0,2,2,0,0,0,0,0,0,2,0,0,-2,1,-0.649864,0,0,-0.895572,0,0,0,0,-1,1,1,0,1,-2,0,1
0,0,0,0,0,0,0,-0.883438,0,1,0,0,0,0,0,0,-0.240492,0,0,0,0,0,0,0,0,0,1,0,0,2,0,0,1.51299,1,0,0,2,0,0,0,2.359607,0,0,-0.910612,0,0,0,0,0,0,1,0,0,0,0,0,0,0,0,0,0,0,0,0,0,1,0,0,0,0,0,0,1,-1,0,1,-1,0,0,0,1,0,0,0,0,1,0,-0.517063,0,0,-0.810875,0,0,0,0,0,1,0,0,1,0,0,1
0,0,0,-1,-1,0,0,-0.71058,0,1,0,0,0,2,0,-1,-0.474653,0,0,0,0,0,-2,0,0,1,0,0,1,0,0,1,1.02708,2,0,0,0,0,0,0,1.983577,0,0,0.196091,1,0,1,-1,0,0,1,0,1,0,0,0,0,0,0,-2,0,0,0,1,1,1,2,1,0,0,4,1,0,0,3,0,-1,-1,-2,-1,-1,-1,0,-1,0,0,0,-0.34049,0,0,-0.518863,0,0,0,-2,0,1,1,0,0,0,0,1
0,0,0,0,0,0,0,-0.896286,0,1,0,0,0,2,-3,1,-0.600052,-1,0,0,0,0,0,1,0,0,0,0,0,0,0,0,3.01718,8,0,1,0,0,-1,-1,2.549478,0,1,-0.673353,0,0,-1,0,0,0,0,0,0,0,1,-1,0,0,1,0,0,0,0,1,-2,0,0,0,0,0,0,0,2,0,0,0,1,0,0,-1,0,1,1,0,0,0,0,-0.523517,0,3,-0.1532,0,0,0,0,0,0,0,0,0,0,1,1
0,-2,0,-3,1,0,0,-0.731226,0,0,0,0,1,0,-1,0,-0.716351,0,0,0,-3,0,2,2,0,0,0,0,0,1,0,-1,1.56304,4,0,0,0,0,0,0,0.77551,0,0,0.338105,0,0,0,1,0,1,0,0,0,0,0,-2,0,-1,0,0,0,0,0,0,0,0,0,0,0,-1,1,-1,0,0,0,0,1,2,0,0,0,0,0,0,0,1,0,-0.671229,0,0,-0.325837,0,1,0,0,0,0,1,0,-2,0,1,1
0,0,0,0,0,0,0,-0.813982,1,1,2,0,0,1,0,-2,-0.70684,0,0,0,-3,0,0,0,0,0,1,0,0,1,0,0,1.50851,3,0,0,0,0,0,0,0.722389,1,0,-0.741609,1,0,0,0,0,0,0,-1,0,0,1,0,0,0,0,0,0,0,-1,1,0,0,0,-1,2,0,0,1,0,0,3,1,0,0,0,0,-1,0,0,-1,1,0,0,-0.011987,1,0,-0.383979,-1,0,0,-2,0,0,0,0,1,0,1,1
0,2,0,1,1,0,0,-0.661734,0,0,0,0,0,0,2,0,-0.789474,0,0,1,0,0,1,0,0,0,0,-2,0,-1,0,0,0.83912,1,1,0,0,1,0,0,0.249094,0,0,-0.56421,0,1,0,-1,0,0,0,0,0,0,0,2,-1,0,0,1,1,1,0,1,0,0,0,0,0,0,1,1,0,-1,0,0,0,0,0,1,-1,0,0,3,0,-4,-1,0.10358,0,0,-0.620859,0,0,-2,0,0,0,0,0,0,2,0,1
0,0,0,1,0,0,-1,-0.84,0,0,0,-2,-1,0,0,0,-0.712213,0,0,1,0,1,0,1,0,0,0,2,0,0,0,0,0.8,0,0,0,1,-2,0,0,0.17667,1,0,-0.743588,0,0,0,0,0,0,3,0,0,0,1,0,0,0,1,0,0,1,0,2,0,0,0,2,1,-1,0,0,-4,-1,0,0,0,0,0,1,0,0,0,0,0,0,0,0.274778,1,0,-0.507909,1,0,0,0,0,0,0,2,0,0,0,1
0,2,-1,1,1,0,3,-0.246355,0,0,0,0,0,0,1,0,-0.777536,0,0,1,1,1,-1,0,1,0,0,2,1,0,0,0,1.39665,2,0,0,0,0,0,0,0.278551,0,0,-0.571429,-1,0,2,0,0,0,0,0,0,-4,1,0,0,0,0,0,0,1,1,0,0,-1,0,2,0,0,0,-1,-1,0,0,0,0,0,0,0,1,0,0,1,0,0,1,-0.00588,-1,0,-0.536168,-1,0,0,0,1,0,0,0,2,0,0,1
0,0,0,0,2,1,0,-0.453932,-1,0,0,1,0,0,1,0,-0.694301,-1,0,1,0,1,0,2,0,0,0,3,0,0,-2,0,1.17988,7,0,0,0,0,0,0,0.673469,0,0,-0.759479,0,0,0,0,-1,1,0,0,1,0,1,1,2,0,0,0,0,0,-1,-1,0,0,1,0,0,0,0,0,0,0,0,0,1,0,0,0,-1,-1,1,1,0,3,0,-0.75,0,0,-0.46112,0,0,4,0,0,0,0,0,0,-1,1,1
0,0,0,-1,2,0,0,-0.614708,0,0,0,0,0,-1,0,0,-0.701419,0,1,0,0,0,0,0,0,1,0,-2,0,0,0,0,1.90308,10,0,1,0,0,1,0,2.544196,0,0,-0.727538,2,0,-1,0,0,0,0,0,0,0,2,4,0,-1,0,0,0,0,-1,0,0,0,1,0,0,0,1,0,0,0,0,0,0,1,-1,0,0,0,0,1,1,0,0,-0.663357,0,0,-0.762091,0,1,0,0,0,0,0,0,0,0,1,1
0,-4,0,0,0,0,0,-0.650031,2,0,0,0,0,0,0,0,-0.621294,0,1,0,0,0,0,0,0,0,0,0,0,0,-1,0,1.4,6,0,0,2,0,1,0,1.16007,2,0,-0.738912,-1,-3,0,0,0,0,0,1,0,0,0,0,0,0,0,0,0,0,1,0,1,-1,1,-3,0,0,1,0,0,0,0,0,0,0,0,0,0,0,0,1,1,0,0,-0.74668,0,0,-0.751436,0,0,0,0,-2,0,0,0,0,0,1,1
0,0,0,0,1,1,1,-0.779906,1,0,0,0,0,0,0,0,0.735073,0,0,0,0,0,0,0,0,0,0,0,0,0,0,0,1.24622,2,0,1,0,-1,2,1,1.530927,0,0,-0.724505,1,-1,0,0,0,0,0,0,0,1,0,0,0,0,-1,0,0,0,0,1,1,0,0,1,0,0,1,-1,0,0,0,0,0,1,0,1,0,1,0,0,0,0,0,-0.363702,0,0,8.175782,0,0,0,0,0,0,0,0,0,0,1,1
1,-1,-1,-2,0,1,0,-0.812965,0,1,-2,0,0,-1,0,0,-0.658285,0,0,0,0,0,0,0,0,1,0,0,2,3,0,0,0.80233,2,0,0,0,0,2,-2,1.452335,0,0,-0.501003,0,0,0,0,0,0,0,0,0,1,0,0,0,-2,1,0,0,0,0,0,2,0,0,-1,0,0,0,-3,-1,0,0,0,0,1,0,0,0,0,0,0,0,0,0,0.119415,0,0,7.646255,0,-1,0,0,1,0,0,0,0,0,1,1
0,0,2,0,0,1,0,-0.455806,-1,1,-1,0,1,0,1,0,-0.780438,0,0,0,0,1,0,0,1,0,0,0,0,0,0,-1,0.79645,3,0,0,0,0,0,0,1.58824,0,-2,-0.618664,0,0,0,0,-2,0,0,0,0,1,-2,0,0,1,0,0,-1,-3,1,0,1,-1,0,1,0,0,0,0,-1,0,2,0,0,0,-1,0,0,0,0,0,0,0,0,-0.605363,0,0,8.725955,0,0,0,0,0,-1,0,0,0,0,1,1
0,0,0,1,0,3,1,-0.773585,0,0,0,0,0,1,0,0,0.295592,0,0,1,0,0,0,-2,0,0,0,0,0,0,0,0,0.64105,0,0,0,0,0,0,0,0.457277,0,0,-0.612841,0,0,0,0,-1,-1,0,0,-1,0,1,0,-1,2,0,0,0,1,0,0,0,2,4,0,0,0,0,0,-3,0,0,0,0,0,0,0,-1,0,0,1,0,-1,0,-0.573182,1,1,-0.8241,1,0,1,0,0,0,0,2,1,0,0,1
0,0,0,-1,1,0,0,0.186097,1,0,0,0,0,0,-3,1,-0.3628,0,0,1,0,0,-1,2,0,1,1,1,3,-5,0,-1,0.91429,4,0,-1,-2,1,0,0,0.5,0,0,0.033848,0,0,0,1,0,0,0,0,0,0,0,0,0,0,0,0,-2,0,-1,2,0,0,0,0,0,0,0,0,1,-1,0,0,0,2,0,0,0,0,0,0,0,-2,0,-0.693402,0,0,-0.781818,2,0,0,-1,-1,0,0,0,0,1,0,1
0,0,4,0,3,0,1,-0.754033,0,-1,0,0,0,0,-1,0,1.685454,0,1,1,0,0,0,0,0,1,0,0,1,0,0,1,0.90962,5,0,0,1,0,0,0,0.547808,-1,0,-0.693926,0,1,-1,1,0,0,0,0,0,-1,1,0,0,0,0,1,-1,0,0,1,0,0,0,0,0,-1,-1,-1,-2,-1,-1,-1,0,0,0,-1,1,0,0,0,0,0,0,-0.815485,0,1,-0.559595,0,2,0,0,0,0,0,0,1,0,0,1
0,6,0,-2,0,0,0,-0.851852,0,0,0,0,0,0,3,4,-0.31504,0,-1,1,1,0,0,0,1,1,0,0,1,-1,0,0,0.7678,9,0,0,0,0,0,0,1.8,0,0,-0.659842,0,0,0,-1,0,0,0,0,-1,0,0,0,0,-1,0,0,0,0,0,0,0,0,0,0,0,-1,0,0,0,0,2,0,-1,0,1,0,0,0,0,-1,0,0,0,-0.842102,0,1,-0.609352,0,3,1,0,2,0,3,0,0,1,1,1
0,0,0,2,-1,0,-1,-0.851852,0,0,0,0,0,0,0,0,-0.775794,0,1,1,0,0,0,3,0,1,0,2,0,0,0,0,0.96623,4,0,0,0,0,0,0,1.8,3,0,-0.545357,2,0,-1,1,-1,0,0,-1,0,0,0,1,0,0,0,0,0,0,0,1,-1,0,0,0,-3,0,0,-2,0,0,0,0,0,2,0,0,0,0,0,0,0,0,0,-0.635937,0,0,-0.561376,0,0,0,0,0,0,0,0,0,0,1,1
0,0,0,0,0,0,0,-0.053495,0,-2,-2,0,0,0,0,0,-0.615324,-1,0,1,0,0,0,0,0,1,0,0,0,0,0,0,1.0,4,0,0,0,0,0,0,3.415915,0,1,-0.582807,-1,0,0,0,0,0,0,0,0,-1,0,1,1,0,0,0,0,0,0,1,0,0,0,0,0,-1,0,0,0,0,0,-1,0,0,0,0,1,0,0,-1,0,0,0,-0.767513,0,0,-0.657218,0,0,0,0,-1,0,0,0,0,2,1,1
-1,0,1,0,0,0,0,-0.843439,-1,0,0,1,0,1,0,0,-0.843628,0,0,0,1,0,0,0,0,0,0,0,0,1,0,0,0.90268,2,3,0,1,0,0,0,0.71875,0,1,-0.619216,1,0,0,1,0,0,1,0,-1,0,0,1,-2,0,0,0,0,0,1,1,-1,0,1,0,0,0,0,-1,-1,0,0,0,3,0,1,1,0,0,0,1,0,0,0,-0.727123,0,0,-0.35138,0,0,0,0,0,0,0,0,0,1,0,1
0,0,1,0,0,2,1,-0.691032,0,0,0,0,0,0,-1,0,-0.442884,1,0,0,0,0,0,0,0,0,0,0,0,-2,0,0,0.7126,1,0,0,0,0,0,0,0.605888,0,0,-0.688875,2,0,0,0,0,-1,0,1,2,0,0,0,1,0,-2,0,0,-1,0,1,2,0,-1,0,0,0,4,0,-1,0,0,0,0,-2,0,0,0,1,1,0,0,0,1,-0.809562,0,0,-0.567513,1,-2,0,0,0,0,0,0,1,1,0,1
0,0,1,0,0,0,0,-0.860748,0,0,0,-1,1,0,1,0,-0.840851,0,0,0,0,0,0,0,0,-1,0,0,0,0,0,0,0.90204,0,0,0,0,0,0,0,0.352712,0,1,-0.638344,-2,0,0,0,0,-2,-1,0,0,0,0,1,1,0,0,0,0,0,-2,1,0,0,0,0,-1,-1,3,2,0,0,0,0,0,0,0,0,0,0,0,1,1,0,0,-0.713632,0,0,-0.49241,-1,-1,0,0,0,2,0,4,0,1,0,1
0,-1,0,-1,-1,0,0,-0.763396,1,0,1,0,2,0,0,0,0.742869,0,-1,0,-2,0,0,2,0,0,0,0,0,2,0,0,1.90981,9,0,0,0,0,0,0,0.895362,0,-1,-0.747346,2,1,0,0,1,0,0,0,0,-1,3,0,0,-1,-1,0,0,0,-1,0,0,-3,3,0,0,0,0,0,0,0,0,0,0,0,0,0,0,0,0,0,0,-3,0,-0.785714,0,2,-0.5884,2,0,0,0,0,0,0,-2,0,0,1,1
0,0,0,0,0,0,-1,-0.222195,0,1,-1,-1,0,0,0,-1,1.269347,0,0,0,0,0,0,0,0,0,0,0,0,0,0,0,1.85993,5,0,0,1,0,0,0,0.298883,0,0,-0.710156,1,1,1,0,0,0,0,0,0,0,0,1,0,-2,0,0,0,0,1,0,0,0,0,1,2,0,0,2,0,0,0,0,0,0,0,0,0,0,0,-2,0,0,-4,-0.876049,0,0,-0.345444,2,0,0,0,0,0,2,0,-3,2,1,1
0,0,0,0,0,0,-1,-0.780555,-1,1,0,0,0,0,0,0,-0.428963,0,0,0,0,0,0,0,0,1,0,0,2,0,0,0,1.45889,8,0,0,0,4,0,0,3.627401,2,-1,-0.744308,0,1,0,0,1,-1,-1,0,0,0,1,0,1,0,0,0,1,0,2,0,0,0,0,2,0,0,-1,0,0,0,0,0,0,0,1,-2,0,1,0,-1,0,0,0,-0.891759,0,1,-0.749004,0,0,-1,0,1,0,0,0,0,0,1,1
1,-1,0,1,0,-1,0,-0.68907,0,0,0,1,-1,0,0,0,-0.559634,0,0,0,0,0,0,-2,0,-1,0,0,0,0,0,0,0.56159,2,-1,1,0,0,0,0,1.288878,-1,0,-0.800321,0,0,1,0,0,0,0,-1,0,1,0,0,0,0,0,0,2,0,0,0,0,0,0,-1,3,-1,0,0,0,0,0,-1,0,0,0,1,0,-1,0,-1,0,0,0,-0.173322,0,0,-0.636364,0,1,0,0,0,0,0,0,0,0,1,1
0,1,0,0,0,-1,0,-0.684211,0,0,1,2,-1,0,0,0,-0.548843,0,0,-1,0,0,-1,-1,0,0,0,0,1,3,2,0,0.94642,2,0,0,0,1,0,0,0.669287,-1,0,-0.67281,1,-1,2,0,0,2,-1,0,0,0,1,0,0,0,1,0,0,0,2,-2,0,1,0,0,0,0,0,1,1,0,0,0,-2,0,0,1,0,0,0,0,-2,0,0,-0.58678,0,0,-0.660511,0,1,-1,0,0,0,0,1,0,0,1,1
0,1,0,0,0,0,0,-0.656731,0,0,3,2,0,0,0,0,-0.610005,1,0,0,-2,0,0,2,0,0,0,0,0,0,1,-1,0.63366,8,0,0,0,0,0,0,0.731625,0,0,-0.601506,0,0,0,-1,0,-2,0,0,0,-1,-1,0,0,0,-3,2,0,0,1,0,0,1,0,0,0,-1,0,0,0,-2,0,0,-2,0,0,1,0,0,0,0,0,0,0,-0.705343,0,-1,-0.255852,0,1,0,-1,0,1,0,-3,0,0,1,1
0,0,0,0,0,1,0,-0.759411,0,0,-1,0,0,1,2,0,-0.417242,0,0,0,0,0,0,0,0,0,0,0,0,0,0,0,1.78959,15,0,0,0,1,0,1,0.678571,0,1,-0.831402,1,1,0,0,1,0,1,0,0,1,2,1,0,1,0,0,0,0,2,0,0,0,0,0,0,0,0,1,0,0,-1,-1,0,1,0,-1,0,0,0,0,0,0,-1,-0.460352,0,0,-0.815385,0,0,0,-1,1,0,0,0,0,0,1,1
0,0,0,-1,0,1,0,-0.719505,0,0,2,0,1,-1,1,0,-0.485724,0,-1,0,0,0,1,0,0,0,1,-1,2,1,0,0,2.07389,5,0,0,0,0,-1,0,0.817855,0,0,-0.512056,0,0,0,0,0,0,0,0,0,1,0,0,0,0,0,0,1,0,0,0,0,0,1,1,0,0,0,1,0,3,0,0,1,0,0,1,1,1,0,0,0,0,0,3.524499,0,0,-0.889143,-1,0,2,0,0,0,0,1,0,0,1,1
0,0,0,1,0,0,-1,-0.552317,0,0,0,-1,0,0,0,0,-0.422169,0,0,0,-2,1,2,0,1,0,1,0,0,0,0,0,1.47638,2,0,0,0,0,1,0,1.056807,0,0,-0.670202,1,3,0,0,0,0,1,0,0,2,0,0,0,0,0,0,1,0,0,0,0,-3,0,0,0,0,0,0,0,0,0,0,0,1,1,1,3,0,1,0,0,2,0,-0.625812,0,0,-0.561147,3,1,0,-2,1,1,1,1,-2,0,1,1
0,0,0,0,0,0,1,-0.875499,0,0,0,0,0,0,0,0,-0.659486,1,0,0,2,0,0,0,0,0,0,0,0,0,0,0,0.53159,4,0,0,1,0,0,0,0.620268,0,0,2.82979,-1,2,0,0,0,-1,0,-1,0,0,0,0,3,0,0,1,0,-1,0,-2,0,0,0,0,0,0,0,0,1,0,0,1,0,0,0,1,0,-2,0,-1,0,2,0,-0.709998,-1,0,-0.462982,0,0,0,0,0,1,0,1,-1,0,0,1
0,1,0,1,0,0,0,-0.809524,0,-1,0,0,0,0,-3,3,-0.797986,1,-1,0,0,0,0,0,0,-2,0,0,0,0,2,0,0.44852,2,0,0,1,0,0,0,0.906594,0,0,9.106981,4,0,1,0,1,0,0,0,0,0,0,0,0,0,0,0,0,0,0,0,0,1,0,0,0,0,1,0,0,0,0,0,0,1,0,-1,0,0,0,1,0,0,0,-0.712078,-1,0,-0.354919,0,0,-2,0,0,1,0,0,0,0,0,1
0,0,0,0,0,-1,2,0.598803,0,0,0,-1,0,0,0,0,-0.604987,0,0,-1,0,0,0,0,0,0,0,0,5,0,0,3,2.26264,16,0,0,0,1,0,0,1.624168,-2,-1,2.82979,0,-1,0,2,0,0,0,0,0,0,0,0,0,0,0,0,0,0,0,0,0,0,0,0,0,-1,0,-2,1,0,0,0,0,0,0,1,0,0,0,0,0,0,0,-0.729005,0,0,-0.604966,0,0,0,0,-1,1,0,2,0,0,0,1
0,3,0,0,0,0,1,-0.713855,0,-1,0,-1,1,1,0,0,-0.707317,-1,0,0,0,0,0,1,0,0,1,0,0,0,-1,0,0.80737,7,0,0,0,3,0,-1,2.769208,2,0,-0.509166,0,0,0,0,0,1,0,0,0,1,0,2,0,0,1,0,0,0,0,0,0,1,0,0,1,0,0,0,0,-2,0,1,1,0,0,0,0,0,0,-1,0,0,3,-0.612111,0,1,-0.769919,0,0,5,1,0,0,0,0,0,0,0,1
0,0,2,0,0,0,0,-0.833156,0,-2,-1,-1,2,0,0,1,-0.15214,0,0,0,0,0,0,0,-1,0,1,0,0,0,0,1,1.33266,12,1,-1,0,2,0,0,3.187831,0,0,-0.723418,-1,-3,0,0,0,1,0,-1,1,0,0,0,0,0,0,0,0,0,0,1,1,5,0,0,0,0,1,0,0,0,1,1,0,1,0,0,0,0,0,0,0,1,0,-0.688311,0,1,-0.744315,0,0,0,0,0,-8,0,0,3,0,0,1
2,0,2,0,-1,2,0,-0.741764,0,-1,0,0,3,0,0,2,-0.755501,0,0,0,1,-1,1,3,0,0,1,0,0,0,0,1,2.23873,6,1,0,1,0,0,0,2.41463,0,0,-0.707317,0,-1,0,0,1,0,0,0,0,0,0,0,0,0,-1,2,-1,0,0,-1,1,0,0,0,0,0,0,0,0,2,1,1,0,0,0,0,1,-1,0,-1,0,1,0,-0.853437,0,0,-0.788925,1,0,0,0,0,0,0,0,1,0,0,1
0,0,-3,-1,0,0,0,0.131736,-1,0,0,0,0,0,0,1,-0.64562,-1,2,0,0,0,0,-1,0,1,1,0,0,0,0,0,1.17143,2,2,0,1,1,0,0,0.855646,-1,1,-0.817039,-1,0,0,0,0,0,0,-1,0,0,-1,0,0,0,0,0,0,0,0,-3,1,0,0,0,0,0,0,1,-1,0,0,0,-2,0,0,0,0,1,0,1,0,0,0,-0.549156,0,0,-0.635291,-1,0,0,0,-3,0,0,0,0,0,0,1
0,0,0,0,0,2,1,0.022796,0,0,1,0,0,0,0,0,-0.600738,0,3,0,-2,0,0,0,0,0,0,2,2,0,0,0,1.91874,12,2,0,2,0,0,0,0.375666,0,0,-0.571725,0,0,0,0,0,0,1,0,-1,1,0,-1,-1,2,7,0,0,0,2,1,0,0,1,2,2,0,2,0,0,0,0,0,1,0,0,0,0,0,0,0,0,0,0,-0.675126,0,0,-0.555556,2,0,0,0,0,0,0,0,0,0,0,1
0,0,0,1,0,-1,0,-0.625,0,2,1,0,0,1,1,0,-0.609628,0,0,0,0,0,0,0,1,0,1,2,0,0,0,0,1.15596,1,0,0,3,1,-2,0,1.792862,-1,0,-0.703594,0,0,-1,0,0,0,0,0,0,0,0,0,4,0,0,1,0,0,0,0,0,0,-2,1,0,0,0,2,1,0,0,0,0,0,0,0,0,1,-1,0,0,0,0,-0.766913,0,0,3.731825,0,0,-1,0,0,0,0,0,0,0,0,1
0,0,0,0,0,0,0,-0.661094,-1,0,1,0,0,0,-1,0,-0.553952,-1,1,1,0,0,0,0,0,0,0,0,0,-1,0,0,0.95681,2,0,0,0,0,0,1,1.844857,1,1,-0.682598,0,0,-1,0,0,0,0,1,0,0,0,0,0,0,2,2,0,0,-1,0,2,1,1,2,2,0,0,0,0,0,0,0,1,-1,0,0,0,0,1,0,0,1,0,-0.428571,0,0,-0.742557,0,0,0,0,0,0,-1,0,0,0,0,1
1,0,0,0,0,-2,0,-0.626574,0,0,2,-1,-2,-2,-2,2,-0.687687,0,0,1,0,0,0,-1,0,0,0,2,0,0,0,0,0.80603,-16,0,0,0,1,0,0,0.25313,0,-1,-0.753926,1,0,0,0,0,0,0,0,0,-1,0,0,2,0,3,-1,0,0,0,0,0,1,1,0,0,0,0,0,1,1,0,0,0,0,0,-1,1,0,0,1,0,0,0,-0.730861,1,0,-0.851604,0,-1,0,0,0,0,0,1,-1,1,0,1
0,0,0,0,0,-1,1,-0.636364,0,0,2,0,1,0,-4,0,-0.751271,1,0,0,0,-1,-1,0,-1,0,0,0,0,0,0,0,1.05611,0,0,0,1,0,0,0,3.313595,0,0,-0.636364,-2,0,0,0,-2,0,0,0,0,-2,0,0,0,0,1,0,0,0,-1,0,3,0,1,0,-2,0,0,0,0,0,0,-2,0,0,0,0,0,0,0,0,0,0,0,-0.428571,1,1,-0.247044,0,0,0,0,0,1,0,0,0,0,0,1
0,1,0,1,0,1,0,-0.8,0,-1,1,0,0,0,3,0,-0.800524,0,0,0,0,1,0,0,0,0,0,0,0,-2,0,0,0.48496,3,0,0,0,0,0,0,0.892646,0,0,-0.662912,0,0,0,4,0,0,-2,1,0,0,0,0,-2,0,0,0,0,0,2,0,0,-1,0,-2,4,0,3,0,1,0,0,0,0,0,0,0,0,1,1,0,0,0,0,-0.511391,0,0,-0.898266,0,0,0,1,0,1,0,1,0,0,0,1
0,0,1,1,0,1,-4,-0.81903,-1,-2,-2,0,0,1,0,0,-0.616405,0,0,0,0,1,0,0,0,-1,0,0,-1,0,0,0,0.74286,12,0,0,0,-1,0,0,0.674499,1,0,-0.504074,0,-1,0,-1,0,0,0,0,0,0,1,0,0,0,0,1,0,0,0,1,0,2,0,0,0,0,-1,0,-2,0,0,-1,0,2,0,0,0,1,0,0,0,0,0,-0.505139,-1,1,2.176567,-2,0,0,0,0,0,1,1,-1,0,0,1
0,2,0,1,-1,0,0,-0.8,0,0,0,0,0,0,0,0,-0.725777,1,0,0,0,0,0,0,0,0,0,0,-1,2,0,0,0.46926,3,0,1,0,0,-1,2,0.818498,-1,0,-0.609873,0,0,0,0,-2,-1,0,0,0,-2,-1,0,-1,0,-1,2,0,0,0,0,0,0,0,0,0,-1,0,0,0,0,0,0,0,0,0,0,1,0,2,0,0,0,-1,-0.555556,0,2,-0.7,0,0,0,0,0,1,0,0,0,0,0,1
0,0,0,-1,-2,0,0,-0.786586,0,0,0,0,0,0,7,0,-0.26051,0,0,0,0,-2,0,1,0,-2,0,0,2,0,-1,0,1.19095,3,0,0,0,-1,-1,0,1.124308,0,0,-0.740401,0,0,0,0,0,0,0,0,0,0,2,1,0,0,1,0,0,0,-1,-1,1,2,0,0,0,1,0,0,1,0,0,0,0,0,0,0,0,0,0,1,0,0,0,-0.460273,0,0,-0.774422,0,0,0,-1,1,2,3,1,0,1,1,1
0,0,0,0,0,0,0,-0.459614,0,0,0,-2,-1,0,1,0,-0.054306,1,0,-1,0,0,0,4,1,0,1,0,0,0,0,0,1.19464,5,0,0,1,1,0,-1,3.881646,-3,0,-0.599082,3,0,0,0,0,0,1,0,0,0,0,1,0,0,-1,0,0,0,0,-1,1,1,0,0,0,0,0,0,0,0,3,0,0,0,0,0,0,0,0,0,0,2,0,-0.540481,0,0,-0.572388,0,0,0,-1,0,0,0,1,0,1,1,1
1,-1,2,0,0,0,0,-0.607164,0,0,0,0,0,0,1,4,0.000508,1,-1,2,2,0,0,0,1,0,0,0,0,-1,0,0,1.2,4,0,0,0,-1,-1,0,0.559315,0,0,-0.666514,0,0,0,0,0,0,0,0,1,0,2,1,0,0,0,0,0,0,0,0,1,1,0,-1,0,2,0,1,0,2,0,0,-1,0,0,0,0,0,0,3,0,2,0,-0.767417,0,-1,-0.777778,0,0,0,0,0,0,0,1,1,0,1,1
0,0,0,0,0,0,0,-0.707317,0,0,0,0,1,-1,4,0,-0.586781,0,-2,1,1,0,0,0,0,-2,0,0,0,0,0,0,1.69294,4,1,0,0,0,0,0,1.061435,1,0,-0.716208,-1,0,-2,0,0,0,0,2,0,-1,0,0,0,-2,0,1,0,0,3,0,-1,1,0,0,0,0,0,0,-1,1,2,0,0,0,0,1,0,0,0,0,0,0,0,-0.649297,0,0,-0.590308,0,2,0,0,0,0,0,-1,0,0,1,1
0,0,0,0,0,0,0,-0.289357,0,0,0,1,0,0,2,-1,-0.736219,0,1,0,0,0,0,0,0,1,0,0,0,0,0,0,1.26584,2,0,0,0,0,0,0,0.986075,0,-3,-0.616095,1,1,0,0,-1,0,0,0,0,0,1,1,0,0,-1,0,0,0,0,0,1,-1,1,0,-2,-1,0,0,1,0,0,0,0,0,0,0,0,0,0,0,0,0,0,-0.730023,0,-1,-0.213928,0,0,4,0,0,1,-1,-3,1,1,1,1
0,-3,1,0,0,0,0,-0.839656,0,0,0,0,0,-1,3,0,-0.639414,0,0,-1,0,0,3,0,0,0,-1,0,0,3,0,0,0.93295,6,0,0,0,0,1,0,0.924528,0,0,-0.475672,0,1,0,0,0,0,0,-1,0,0,1,0,0,0,0,0,0,0,0,0,0,0,0,0,0,0,0,0,0,-2,0,0,0,0,0,0,0,-2,0,0,0,0,0,-0.800474,0,0,-0.636364,0,0,4,0,0,-1,0,0,2,0,1,1
0,-1,-3,0,1,0,0,-0.570207,0,-1,0,1,0,0,0,0,-0.33476,0,0,0,1,0,-2,1,0,0,0,0,0,0,1,0,1.28444,7,0,0,0,0,0,0,0.375696,0,1,-0.711339,0,0,0,0,0,0,0,0,0,-1,-1,0,-1,0,0,0,0,-1,0,1,1,0,-1,-1,0,-2,-1,0,0,0,-1,0,0,0,0,0,0,0,0,1,0,0,0,0.322615,0,0,-0.835592,0,0,1,1,0,0,0,1,1,0,1,1
0,-1,0,0,1,-1,3,-0.522607,0,0,2,1,0,0,0,3,-0.454545,0,0,0,1,2,0,-2,0,0,0,0,0,-2,1,0,1.42278,9,0,1,2,0,0,0,0.446293,2,0,-0.74393,0,0,0,0,0,0,-1,-1,0,1,0,1,0,0,-1,0,0,-1,0,0,1,0,1,0,3,0,0,1,0,-2,0,-1,1,0,0,0,-1,-1,0,1,0,0,0,-0.714286,0,2,-0.758371,2,-2,0,0,0,0,-1,0,1,0,1,1
1,0,-2,0,1,1,0,-0.27361,0,0,1,1,0,0,0,0,0.278883,0,-1,0,1,2,0,0,0,1,0,0,1,2,0,0,1.2527,4,0,0,0,0,0,0,0.417155,0,-1,-0.763222,0,0,0,-2,0,1,0,0,0,0,2,0,-1,0,0,3,0,0,0,0,1,0,0,0,0,0,0,0,0,1,0,0,1,0,1,1,0,0,0,0,0,0,0,-0.714286,0,0,-0.241914,0,-1,0,0,1,0,0,1,0,0,1,1
0,0,0,1,0,0,-1,8.902954,0,0,0,0,0,0,-1,0,-0.701334,0,1,0,0,0,0,1,-1,0,0,0,1,0,0,0,1.57556,0,0,-2,0,1,1,0,0.984399,0,0,0.577686,0,0,0,0,0,0,0,0,0,0,0,0,1,1,-2,0,0,0,4,0,4,0,1,0,0,0,0,0,0,0,0,0,0,0,0,0,0,0,-1,0,0,0,2,-0.190705,0,0,-0.817626,2,0,0,0,0,0,0,0,1,0,0,1
0,0,1,0,0,0,0,-0.316857,-1,0,0,1,0,0,0,1,-0.733182,0,1,0,2,0,0,0,0,0,1,0,0,0,0,1,1.47647,0,0,0,0,0,1,-1,0.5,0,-1,-0.724433,-1,0,0,0,0,0,-1,0,0,0,0,0,0,2,0,1,0,0,0,-3,0,-1,0,0,2,0,0,0,1,-1,0,0,0,0,-1,0,0,0,0,2,0,0,0,-0.408047,0,0,-0.747832,0,0,0,0,0,0,0,1,0,0,0,1
0,0,0,0,0,1,1,-0.756042,0,0,0,1,0,0,1,1,-0.692308,0,1,8,0,0,0,0,1,0,0,0,0,0,0,0,1.51227,0,0,0,0,1,1,-1,0.765443,0,0,-0.766839,0,-1,0,0,0,0,-1,0,0,0,0,-1,-1,-1,1,0,1,0,0,0,1,-1,1,0,0,1,0,1,1,-1,0,0,0,0,0,0,0,-1,1,0,0,1,0,-0.426466,0,0,-0.81496,0,0,0,-1,0,0,0,0,0,0,0,1
0,0,0,0,0,0,0,-0.775049,0,0,3,0,0,0,0,1,-0.805117,1,0,0,0,0,0,0,0,-1,0,0,0,0,0,1,1.28972,5,-2,0,1,0,0,0,1.512657,0,0,-0.728784,1,2,0,1,0,0,0,0,0,0,0,0,0,0,0,0,0,0,1,3,0,0,1,-1,0,0,1,-1,-1,0,2,0,0,0,1,-1,0,0,0,-1,-1,0,0,-0.555556,0,0,-0.538462,0,-1,0,0,0,0,0,0,0,0,1,1
0,0,0,0,0,0,0,-0.620059,-1,0,0,0,0,0,2,1,-0.713207,0,0,0,0,2,0,0,0,0,0,2,2,0,1,0,1.54185,-8,0,0,1,0,-1,0,2.630285,0,0,-0.603468,0,0,0,0,-1,0,0,0,0,0,0,3,0,0,0,0,0,-1,0,-1,0,0,1,2,0,0,1,0,-1,0,0,0,0,0,0,0,0,0,0,0,0,0,0,-0.68169,-1,0,-0.607445,0,0,2,0,0,0,0,-1,0,0,1,1
0,0,0,0,0,0,1,-0.666667,-1,1,0,0,0,1,0,0,-0.697447,0,0,-1,1,1,0,0,0,0,1,0,0,4,0,0,1.39283,3,0,0,1,2,-4,0,2.514516,0,0,-0.79633,0,0,0,0,0,2,0,0,0,0,0,0,0,0,0,0,2,0,0,0,1,-1,1,0,0,-1,2,0,2,0,0,1,0,3,0,0,0,0,0,0,0,2,-1,-0.466947,0,0,-0.547629,0,0,0,0,0,-1,-1,1,0,0,1,1
0,0,0,-1,0,0,0,-0.659946,0,0,0,0,0,0,0,0,-0.6,0,1,0,0,-2,0,0,0,0,0,0,0,2,2,0,0.68674,14,1,0,0,0,0,0,1.66781,0,0,-0.793326,1,0,0,0,0,2,0,0,0,0,0,-1,0,0,0,0,0,0,0,0,-2,0,0,0,0,0,1,0,0,4,-2,0,0,0,0,1,0,1,0,0,0,0,0,-0.621806,0,0,-0.716165,0,0,0,0,0,1,0,0,0,0,0,1
1,0,0,2,0,0,0,2.387007,0,0,0,-1,1,0,3,0,-0.428864,0,1,0,0,0,0,0,0,0,0,2,0,6,1,0,0.68117,2,0,0,2,0,0,0,0.884191,0,-1,-0.51748,0,11,0,0,1,-1,0,0,0,1,1,0,-1,0,0,0,0,-2,0,0,0,0,0,0,2,0,1,0,0,3,0,0,0,0,0,1,1,0,0,2,0,1,0,-0.7,0,0,-0.681915,0,0,-4,0,-1,1,-1,0,0,0,0,1
0,0,0,0,0,0,2,-0.696044,0,0,0,0,0,0,-1,0,-0.580442,0,1,1,0,0,0,1,0,0,0,0,0,0,1,0,1.88779,3,0,0,0,1,0,0,3.472896,0,-1,-0.412235,0,0,0,0,0,0,0,0,0,0,0,-1,0,1,0,-2,2,0,0,0,0,0,-1,0,0,-1,0,0,5,0,2,0,0,0,0,1,0,1,0,0,0,0,0,-0.64619,0,0,-0.750829,0,0,-2,0,0,1,1,1,0,0,0,1
0,0,0,-1,0,0,0,0.64512,0,0,0,0,0,0,0,0,-0.805875,0,0,0,-1,-1,0,0,0,0,0,-1,1,3,1,0,2.37793,13,-1,0,1,0,1,-1,1.437331,-1,0,-0.862268,0,0,0,0,-2,-1,0,0,0,1,-2,0,3,0,3,0,0,0,0,0,-1,0,1,1,3,-1,1,-1,0,0,0,0,0,1,0,0,0,0,0,0,0,1,0,-0.626305,0,0,-0.611567,0,0,0,0,0,0,0,1,0,1,0,1
0,0,0,-1,0,0,0,0.28332,0,0,0,0,0,1,0,0,-0.880683,0,0,-1,0,-2,0,-1,0,0,0,0,3,3,0,0,2.82854,6,0,0,0,0,0,0,1.051543,0,3,-0.572809,0,0,0,0,0,0,0,0,0,-2,0,0,0,0,0,2,-2,0,0,0,0,1,1,0,2,-1,-1,0,0,1,0,0,1,1,0,0,0,0,2,0,0,1,0,-0.702202,1,2,-0.149825,-1,1,0,-1,0,0,-3,1,1,1,0,1
1,0,1,1,-1,0,0,0.481181,0,0,1,0,0,0,2,5,-0.743242,0,1,-3,0,0,0,0,0,1,0,2,0,0,-1,0,2.03562,8,2,0,0,0,0,1,0.78435,1,0,-0.798393,2,0,0,0,0,0,-1,0,0,0,0,0,-1,0,0,0,0,1,1,0,0,0,0,0,0,-1,0,0,0,1,0,1,0,0,0,1,0,3,0,0,0,0,1,-0.675676,0,0,-0.417906,0,0,-1,0,0,0,0,1,0,0,0,1
0,0,-1,0,0,0,0,-0.625,0,0,0,1,0,1,2,0,-0.638927,0,0,0,0,0,0,2,0,1,0,0,2,2,-1,0,1.45801,7,0,0,0,0,0,0,1.703096,0,2,-0.8336,0,0,-1,0,0,0,-1,0,2,0,1,1,2,0,-1,-1,0,-3,0,1,-1,0,0,0,0,0,0,0,1,0,0,0,0,0,0,1,0,0,0,0,0,0,0,-0.527384,1,0,-0.573545,0,-1,0,2,1,0,0,2,0,-1,1,1
0,0,0,1,0,0,0,-0.60774,0,0,0,0,-1,0,0,0,-0.60149,0,1,0,0,0,0,0,1,1,0,0,2,3,0,0,1.56112,10,0,0,0,0,0,0,1.345707,0,1,-0.79661,2,0,0,0,0,1,0,0,0,0,1,0,0,0,0,0,0,0,3,0,0,0,0,0,1,-1,0,0,1,0,0,0,0,0,0,1,0,0,0,-1,0,0,0,-0.66998,0,1,-0.657143,0,0,0,0,1,0,0,1,0,1,1,1
0,0,0,0,0,0,0,-0.630045,0,0,0,0,-1,0,0,1,-0.369828,0,0,0,0,1,-1,0,0,0,0,0,0,0,0,0,1.85327,10,0,1,0,0,0,1,0.921957,5,1,-0.809655,0,0,1,0,0,-2,0,0,0,0,1,0,2,0,2,0,1,0,0,0,0,0,-1,0,0,0,1,0,2,-1,0,0,0,-2,0,0,1,0,0,0,0,-1,0,-0.812444,0,0,-0.580023,0,0,2,0,0,0,0,0,0,0,1,1
0,0,-3,1,0,-1,1,-0.552772,0,0,0,0,0,1,0,0,-0.368421,0,0,0,0,0,0,0,0,0,-1,0,3,5,2,0,1.89153,4,0,1,0,0,1,0,1.68333,0,0,-0.802504,0,-1,1,2,0,1,0,0,0,0,0,0,0,0,0,-3,-1,1,0,0,0,-1,1,0,0,0,-1,0,0,0,-2,1,0,0,0,0,0,0,0,0,0,0,0,-0.764959,0,0,-0.587704,0,3,0,0,0,0,0,0,0,0,0,1
0,0,0,0,0,0,0,2.479072,0,0,0,-1,0,1,0,1,-0.368421,0,0,1,0,0,0,0,0,0,0,0,0,-4,0,-1,1.23555,7,0,1,-1,0,0,-1,0.827388,0,0,-0.788522,0,0,1,5,-1,1,1,0,-2,0,1,0,2,0,0,0,0,1,0,0,0,0,1,0,-1,0,-1,0,0,0,0,2,0,2,0,0,0,-2,0,1,0,0,0,-0.717756,0,-1,-0.652175,0,0,0,-1,0,0,0,0,1,0,0,1
0,0,3,-2,0,0,0,0.316201,0,0,3,-1,0,1,0,0,-0.368421,2,-1,1,1,0,0,0,0,1,0,2,0,0,1,0,2.68512,9,0,0,0,0,0,0,3.118193,0,0,-0.886828,0,0,1,0,0,0,0,0,0,0,1,0,2,1,0,0,0,1,0,0,0,0,1,-1,0,0,0,1,-2,0,0,0,0,0,0,0,-1,0,0,1,0,0,0,-0.659732,0,0,-0.311199,2,1,0,0,1,0,0,1,1,0,0,1
0,0,1,0,0,0,0,-0.111515,0,0,0,0,0,-1,1,-1,-0.591935,0,1,0,1,-1,1,0,0,3,0,0,0,0,0,-1,1.35067,1,0,0,0,0,0,0,0.629024,0,0,3.097449,0,1,0,-1,0,0,0,0,0,0,0,0,1,-1,0,-1,0,0,0,-2,0,0,0,0,0,1,0,0,0,1,0,0,-1,-5,0,0,0,-1,0,2,0,0,0,2.619575,0,-1,-0.457855,0,-2,0,0,1,0,0,2,-1,0,0,1
0,0,-2,0,0,0,0,-0.649295,-1,-1,0,1,0,0,2,0,0.016618,1,0,0,0,0,0,0,1,0,-2,0,0,0,2,0,1.40931,0,2,1,0,0,0,0,0.316481,2,0,-0.65728,-1,1,-2,0,0,-1,0,1,0,0,1,0,0,0,0,1,-1,-1,0,0,1,-1,0,0,0,-3,0,0,0,0,0,0,0,0,0,0,0,-1,-1,0,0,-2,1,-0.50501,0,0,-0.024115,0,0,-2,0,0,0,0,0,1,1,0,1
1,0,0,-5,0,0,0,-0.200525,-1,0,0,0,0,1,0,-1,-0.855157,0,1,0,0,1,0,0,0,0,0,0,0,-1,0,0,0.51429,0,1,0,0,-2,0,0,1.055801,0,0,0.624868,1,0,0,0,0,0,-1,0,-1,-3,0,0,0,0,1,0,0,0,-1,-1,0,0,0,0,-1,-1,1,0,0,1,0,0,0,0,0,0,0,0,0,-1,0,-1,0,3.132047,0,-1,-0.521464,2,0,-1,0,0,0,0,2,0,0,0,1
0,0,2,0,0,0,0,-0.664777,0,1,1,0,0,1,-1,0,-0.646913,-1,0,0,1,0,0,0,0,0,0,0,0,1,0,-1,0.68571,0,0,0,0,2,0,0,0.192011,-2,0,-0.475851,0,1,0,0,1,-1,0,0,0,-1,0,0,3,0,0,0,-1,0,0,1,1,0,1,0,0,0,0,-1,0,0,-1,0,0,0,0,1,0,0,1,0,1,0,0,0.331851,0,1,-0.750163,-1,0,0,0,-1,0,0,1,0,0,0,1
0,2,2,2,0,3,0,-0.697137,0,0,0,0,-1,0,0,0,-0.857353,-1,0,0,1,0,0,0,0,0,0,1,0,0,0,0,1.17629,1,0,0,0,1,0,0,1.58333,-2,0,-0.172766,0,0,0,0,0,0,0,0,0,0,0,1,-1,-2,-1,0,1,0,0,0,0,1,0,0,2,-1,0,0,0,0,0,0,2,0,0,0,0,0,0,0,0,-1,0,-0.701152,0,0,-0.600319,0,1,-1,0,0,0,0,0,0,1,0,1
0,-1,2,0,0,0,1,-0.619715,-2,0,0,0,0,1,0,0,-0.641202,0,1,0,1,0,0,1,0,0,0,-3,0,1,0,0,0.68571,4,0,1,1,1,0,0,3.631886,-1,0,-0.193438,0,0,0,0,0,0,0,0,0,2,0,0,0,0,0,0,1,0,0,0,1,1,0,0,0,0,0,0,0,0,1,0,0,0,0,-2,0,1,0,0,0,0,0,-0.762587,0,0,-0.655652,0,0,1,0,0,0,0,-1,0,2,0,1
0,1,-2,0,0,0,0,-0.640797,0,0,0,1,0,-1,1,0,-0.849173,0,0,0,0,0,0,0,0,0,0,2,0,0,1,0,0.70328,6,0,0,-1,0,0,-1,1.507389,2,2,-0.664875,0,0,0,0,0,1,-1,1,0,0,0,3,0,1,0,0,1,0,-1,0,0,0,-2,2,0,0,0,0,-1,0,2,0,0,0,-1,0,0,-1,0,-2,0,2,0,-0.667314,0,0,-0.661982,0,0,2,0,-1,0,0,0,1,0,1,1
0,1,0,-2,0,0,0,-0.527153,1,0,3,1,0,0,0,1,-0.426328,0,0,-1,1,0,0,0,0,0,0,0,0,0,-1,1,0.91429,2,0,1,0,1,0,0,2.671131,0,0,-0.771834,0,0,0,0,0,0,0,-2,0,0,0,0,0,0,1,0,0,1,0,-3,0,-2,0,0,0,0,0,0,0,0,0,1,0,0,0,1,0,1,0,0,0,1,0,-0.528311,0,0,-0.298541,0,0,0,-2,0,0,0,2,1,0,1,1
0,0,0,0,0,0,0,-0.66949,0,0,0,1,-1,0,2,0,-0.451234,0,0,0,0,0,0,1,-1,0,1,6,0,0,4,0,0.98194,5,2,0,0,1,0,0,1.497446,0,0,-0.58962,0,0,0,-1,0,0,0,0,1,-1,1,1,0,0,0,0,0,0,0,2,0,-2,0,0,0,0,0,0,1,0,0,0,1,0,0,0,0,0,-1,0,0,0,0,-0.712936,0,0,-0.620829,0,0,4,2,0,0,0,0,1,1,1,1
0,0,1,-1,0,0,1,-0.636364,0,0,1,0,0,0,-1,1,-0.703851,0,0,0,0,0,1,0,0,0,-1,0,0,0,0,0,0.97809,0,-2,0,0,0,0,0,0.562961,2,0,-0.722291,0,0,0,0,0,0,0,0,0,0,0,0,0,2,0,1,0,0,0,-1,0,-2,0,2,2,0,0,0,1,0,0,0,0,0,0,0,0,1,0,0,1,0,0,-0.702802,0,0,-0.601487,2,0,0,-1,0,0,0,0,-1,-1,0,1
0,0,1,0,0,0,0,-0.59608,0,0,0,0,0,0,0,1,-0.885591,0,0,0,-1,0,0,0,1,0,0,0,2,0,0,0,0.79771,7,0,0,0,0,0,0,0.957735,0,0,-0.867314,0,0,0,0,0,0,0,0,0,0,0,0,0,0,0,0,0,0,0,1,0,-1,0,0,0,0,0,0,0,-1,0,0,-1,0,0,1,0,1,0,0,1,0,0,-0.78724,0,0,-0.664268,0,0,-2,0,0,0,0,0,0,0,0,1
0,0,0,-1,0,0,-2,-0.636364,0,0,1,0,0,-1,0,0,-0.742765,0,0,0,2,0,0,0,0,0,0,0,0,0,-5,0,1.26019,3,0,0,0,0,0,0,1.641537,0,0,-0.715931,0,2,-1,0,0,1,0,0,0,1,0,0,-4,-1,0,4,0,0,0,-1,0,0,0,0,1,-1,0,0,0,0,0,0,-1,0,0,0,0,1,0,-1,1,0,0,-0.545176,0,0,-0.737851,0,0,0,0,0,-3,0,0,0,0,0,1
0,0,0,0,-1,0,1,-0.351535,-1,1,0,0,0,0,0,0,-0.300041,1,0,0,1,1,0,0,-4,0,0,2,0,0,0,0,1.11429,0,0,0,1,0,1,2,1.220748,0,0,-0.475667,0,1,0,0,-1,0,0,0,0,1,0,0,5,0,0,0,0,0,-2,-1,0,0,0,0,2,-1,2,-4,1,0,-1,0,0,0,0,0,0,0,0,0,0,0,-1,-0.281412,0,1,-0.67185,0,0,2,0,0,0,0,0,0,2,1,1
0,1,0,0,0,-2,1,-0.271859,0,1,0,0,0,0,0,0,-0.211908,1,0,-1,1,0,0,0,1,1,5,0,2,0,0,0,0.64612,5,0,0,0,0,0,2,1.871625,0,0,-0.578645,0,1,1,0,1,2,0,0,0,4,0,1,0,1,0,0,0,0,0,0,1,2,1,0,-3,0,0,0,1,2,0,0,0,-3,-1,0,0,1,0,0,0,0,0,-0.486079,0,0,-0.55823,2,0,0,4,0,-1,0,0,0,2,1,1
1,0,0,0,0,0,0,-0.522295,1,0,0,-2,0,0,3,0,-0.454545,1,0,0,0,0,0,0,0,1,0,0,0,0,0,-1,1.79224,1,-1,0,0,0,0,0,1.68459,0,0,-0.692308,0,1,0,1,1,0,1,0,1,0,0,0,2,0,0,0,0,0,2,0,0,0,0,1,0,-1,0,0,1,5,2,-1,3,0,0,0,2,0,0,0,0,1,0,-0.476821,0,0,-0.744681,0,0,0,0,0,-1,0,1,0,0,1,1
0,0,1,0,0,1,0,-0.684058,0,0,1,0,1,1,0,2,-0.561087,0,-2,2,0,0,0,-2,0,2,0,1,3,-1,0,0,1.23854,5,0,0,0,-2,1,0,1.468945,0,0,-0.756732,2,0,-1,0,0,0,0,0,0,0,0,0,0,0,1,0,0,0,1,0,0,2,0,1,0,0,1,0,0,0,2,0,1,0,1,0,0,0,0,0,0,0,0,-0.616216,0,0,-0.590737,0,-2,2,1,0,1,0,0,3,0,0,1
0,1,2,0,0,0,0,-0.499852,1,1,0,-1,0,0,0,0,-0.60218,0,0,0,3,0,0,0,0,0,0,0,0,0,2,1,1.04967,6,0,-1,0,1,-2,0,1.469298,0,0,-0.83086,1,0,1,1,0,0,0,0,0,0,0,0,1,0,0,0,0,0,0,0,0,0,0,0,0,0,0,2,0,0,0,-1,0,0,0,0,0,1,0,0,0,0,0,-0.56949,1,0,0.054638,-1,0,0,0,0,1,0,0,1,0,0,1
0,0,0,0,0,2,0,-0.660595,-1,0,0,-1,0,2,0,0,-0.590474,0,1,0,0,0,0,0,-1,0,0,0,3,-1,1,1,1.47979,6,0,0,0,0,0,0,1.294464,0,0,-0.827501,1,0,2,0,0,0,0,0,0,0,0,0,3,0,0,0,0,0,1,-1,0,0,0,-2,2,0,-1,0,0,0,0,0,2,0,0,0,0,1,0,0,0,0,0,-0.734376,1,1,-0.723186,-1,0,0,0,0,1,0,-2,0,0,0,1
0,1,0,1,0,1,0,-0.53735,1,1,0,0,1,1,-3,0,-0.647059,0,0,1,2,0,1,2,0,0,0,0,2,-4,0,0,0.42867,3,0,0,0,3,-2,0,0.346096,-3,0,0.501888,0,0,1,0,0,0,1,0,0,0,-2,-2,0,0,1,0,0,0,0,0,1,0,0,0,0,0,0,0,-1,2,2,1,-1,0,0,-1,0,0,0,0,3,0,-1,-0.70539,0,0,-0.490118,2,0,0,0,1,0,0,0,0,0,1,1
0,-2,0,-1,0,-1,1,-0.605074,0,0,0,0,1,1,0,0,0.157052,0,0,1,2,0,0,0,1,0,0,2,0,-1,0,0,1.14286,3,0,-1,1,0,0,0,1.133192,1,0,-0.7,0,0,1,0,0,0,0,0,0,0,-1,0,0,0,1,-1,0,0,-4,3,1,0,0,0,1,-2,0,0,0,0,-1,1,0,1,-1,0,0,0,0,0,0,-1,1,-0.676538,0,0,-0.568897,0,3,0,0,1,0,-1,0,0,0,1,1
0,1,0,0,-1,0,1,-0.59773,-1,1,0,0,1,1,0,0,-0.190452,0,1,1,0,0,0,2,0,0,0,0,0,0,1,0,1.13044,4,0,0,0,0,0,0,0.428021,0,0,-0.7,-1,0,0,0,0,0,0,0,0,-2,0,2,0,0,1,2,0,0,0,0,0,0,0,0,1,-1,-1,-1,0,0,0,1,0,1,0,0,0,-3,0,0,0,0,0,-0.64017,0,-1,-0.025762,0,0,0,0,1,0,0,0,0,0,1,1
0,0,0,0,0,0,0,-0.850985,0,0,0,0,0,0,0,1,-0.522574,0,0,0,1,0,3,0,0,0,0,0,0,-1,0,0,1.8835,5,0,0,0,0,-1,0,0.932717,0,0,-0.602339,0,2,1,0,-1,1,0,0,0,0,5,2,3,0,0,-1,0,0,0,0,0,0,0,1,0,-1,0,0,1,0,-1,0,0,0,0,0,0,0,0,0,-1,0,0,-0.92443,0,0,-0.616981,2,0,0,0,0,0,1,0,0,0,1,1
0,0,2,0,0,0,1,-0.826087,0,0,0,0,0,1,0,0,-0.46664,0,0,0,0,0,0,0,0,0,1,0,0,0,4,0,0.54066,4,0,0,0,1,1,0,0.815469,0,0,-0.691786,0,0,0,0,0,2,0,0,0,0,0,2,3,1,0,1,0,0,0,0,0,-2,0,0,0,0,1,0,1,1,2,1,0,0,1,1,0,0,0,-2,0,1,-2,-0.669191,0,0,-0.614785,0,0,2,1,0,0,0,1,0,0,1,1
0,0,2,2,-1,0,0,-0.802996,-1,0,0,0,0,0,2,0,-0.375851,0,0,0,3,0,1,0,0,0,0,0,2,0,-1,0,1.08061,1,0,0,0,-1,1,0,0.863636,-1,0,-0.616363,-1,0,1,0,2,0,0,0,0,0,0,1,0,1,0,1,0,-1,0,-1,1,0,-1,0,0,0,0,0,0,-1,0,0,0,0,0,0,0,0,0,0,0,3,0,-0.161097,0,0,-0.657034,0,0,0,0,0,0,0,1,0,0,1,1
0,0,3,-5,0,0,1,-0.721491,0,0,0,0,0,1,0,0,-0.728871,0,0,0,1,0,0,1,0,1,0,0,0,0,0,0,1.48603,1,0,0,1,0,1,0,2.974942,0,-1,-0.778909,0,1,0,0,1,0,0,0,0,0,0,1,0,0,-4,0,0,1,-1,1,0,0,0,0,0,0,0,0,0,0,0,1,0,1,1,0,0,0,0,0,0,0,-1,-0.796774,0,0,-0.580016,0,0,0,1,0,0,1,0,0,-2,1,1
0,0,0,0,0,-1,0,-0.716582,0,0,0,0,1,1,0,0,-0.783477,0,0,-1,0,0,1,1,0,0,0,0,0,0,0,-2,0.72553,0,0,0,-1,0,0,0,2.935853,2,0,-0.707461,0,1,0,0,0,0,0,0,0,2,1,1,-1,0,0,0,0,0,0,4,0,0,0,0,-1,0,-1,0,0,0,0,1,0,1,1,0,-1,0,0,1,0,0,0,-0.641938,0,0,-0.833064,0,0,0,1,0,0,0,0,0,0,1,1
0,-2,0,0,0,0,1,-0.715423,0,0,0,0,-1,0,0,-1,-0.869913,1,0,0,0,0,0,1,0,0,0,0,3,0,0,0,1.58649,2,0,0,1,0,0,0,2.645511,-1,0,-0.838015,0,0,2,0,0,0,0,1,0,0,0,1,2,0,0,0,0,0,1,-1,0,0,0,2,2,0,0,0,0,0,0,1,0,0,0,0,0,0,-1,1,0,0,0,-0.675676,1,0,-0.631093,0,0,0,1,0,0,0,0,0,0,1,1
0,-1,0,0,0,0,0,-0.619736,0,0,1,1,0,0,0,1,-0.620508,0,0,2,0,0,0,0,0,0,0,0,0,0,0,-1,0.88571,-6,0,0,1,1,-2,0,2.012377,0,2,-0.370847,1,1,0,0,0,0,0,0,0,-1,3,0,-1,1,1,4,0,0,0,0,-2,-2,0,0,0,0,1,0,1,0,0,0,0,1,0,0,2,0,0,1,0,0,0,-0.606691,-1,0,-0.532413,-1,0,0,0,0,0,2,1,0,-2,1,1
0,1,0,0,-1,1,-1,-0.70639,0,0,1,0,0,0,0,0,-0.683686,0,0,3,0,0,1,0,0,-2,0,0,0,0,0,0,0.73766,4,0,3,0,0,0,0,0.928162,0,0,-0.604279,0,2,0,1,1,0,0,0,0,-3,0,0,0,0,-4,0,0,0,0,0,-3,1,0,0,0,0,0,0,0,0,0,-1,0,1,0,0,1,0,0,0,0,0,-1,-0.753418,0,0,-0.691417,0,0,-5,1,1,-1,1,0,0,0,1,1
-1,0,0,0,0,2,-1,-0.71075,0,1,0,0,-2,0,4,0,-0.567522,0,0,0,0,0,0,0,0,0,0,-1,0,5,0,0,0.88571,-12,0,0,1,1,0,-1,0.663836,5,0,-0.582271,0,1,0,0,1,-1,0,0,0,-2,1,1,3,1,0,0,0,0,0,0,0,1,0,0,0,1,0,2,0,0,0,0,0,0,-1,-1,0,2,0,0,0,2,0,-0.890652,0,1,-0.65272,0,0,-3,0,-1,2,0,2,0,0,1,1
0,2,1,0,0,0,0,-0.619936,0,0,1,0,0,1,0,0,-0.725762,0,1,0,-2,0,0,0,0,0,0,2,0,0,0,0,1.78524,2,0,0,0,0,0,0,1.05882,0,-1,-0.746635,0,0,0,0,0,0,0,0,0,1,0,0,2,0,1,2,0,-1,2,0,1,1,1,-2,2,0,0,0,0,2,4,0,2,0,1,-1,0,1,1,1,0,0,-1,-0.869533,0,0,-0.634352,0,0,0,0,0,-1,0,1,0,0,1,1
0,0,0,0,0,0,0,-0.599988,0,0,1,0,0,0,0,1,-0.629005,1,0,2,0,0,0,0,0,0,0,0,0,3,0,0,1.45714,4,0,0,0,1,0,1,0.782699,-1,0,-0.605083,4,0,0,-1,0,0,0,0,0,-1,0,0,0,-1,0,0,0,0,0,0,1,0,0,0,3,0,0,0,0,0,0,1,0,0,0,0,0,1,0,0,0,0,0,-0.58036,0,0,-0.473013,0,0,0,1,0,0,0,0,0,0,1,1
0,0,0,0,0,-2,1,-0.779008,0,1,0,0,0,0,0,0,-0.717646,0,0,0,0,1,0,1,0,0,1,0,0,0,0,0,3.40954,21,0,0,0,0,-3,0,1.096029,0,0,-0.748769,0,-2,0,0,1,0,0,0,0,0,0,0,0,0,0,-2,0,0,-2,1,1,1,0,1,0,-1,1,0,0,2,0,0,0,1,-1,0,0,0,0,1,0,0,0,-0.490102,0,0,-0.571429,0,0,3,0,0,0,0,0,0,0,1,1
0,-1,1,1,0,1,1,-0.532457,0,-1,0,0,1,-1,0,1,-0.760114,0,0,0,0,1,3,0,0,0,0,0,0,2,0,0,0.54024,11,0,0,0,1,0,-1,1.003172,0,0,-0.725823,0,0,-1,2,0,0,0,0,1,1,1,-1,3,0,1,0,0,0,4,0,1,-5,2,1,0,0,0,0,0,0,2,0,2,-1,0,0,0,1,0,0,0,0,0,-0.817443,0,0,-0.600762,0,0,0,0,0,0,0,0,0,0,1,1
0,0,1,1,0,1,1,-0.571429,0,0,0,0,0,0,2,1,-0.714286,2,0,0,0,1,0,0,0,0,0,2,2,0,0,0,2.05866,11,0,0,0,1,0,0,0.812662,3,0,-0.803143,0,0,0,0,-1,0,0,0,0,1,0,0,0,0,1,0,0,0,2,0,1,1,0,0,2,1,2,0,0,0,2,0,0,1,0,0,0,0,0,0,0,-1,0,-0.70534,-1,0,-0.616072,0,0,5,1,0,0,0,0,0,0,1,1
0,0,1,0,0,1,1,-0.571429,0,0,2,0,1,0,1,0,-0.899029,0,0,0,2,0,0,0,-2,0,0,2,0,1,-2,0,1.5472,12,0,0,0,1,0,0,0.806452,0,0,-0.892774,0,0,0,0,0,0,0,0,0,1,0,0,0,0,1,0,0,1,0,0,0,0,-1,0,0,0,0,0,2,0,0,2,0,0,0,0,0,0,0,1,0,0,0,-0.756428,0,0,-0.606376,2,0,0,0,0,0,2,0,-2,0,1,1
0,-2,0,0,0,0,0,0.189212,0,0,0,0,0,-1,0,-1,-0.763205,0,0,3,0,1,0,0,1,1,0,0,0,0,0,0,0.98624,4,0,0,0,-2,-1,0,0.55381,0,0,-0.623721,-1,0,0,1,0,0,0,0,-1,0,1,-1,0,0,-1,0,0,0,0,0,-4,0,1,2,0,0,0,-1,0,0,0,0,0,-2,0,1,-1,0,0,0,0,0,0,-0.595574,0,0,-0.704744,0,0,0,0,0,-1,0,0,0,0,1,1
0,0,1,0,0,-3,0,-0.494548,0,0,0,0,1,0,0,1,-0.604245,3,0,0,1,0,0,1,0,0,0,0,4,0,0,0,0.97143,0,0,0,-3,0,-2,1,0.984029,0,0,-0.647059,1,0,0,-1,0,0,0,0,0,0,1,1,0,-1,2,0,0,0,0,0,0,1,0,0,5,0,0,-1,0,0,-2,-1,1,-2,0,0,0,-1,0,1,0,0,-1,-0.56538,0,0,-0.595135,0,0,0,1,0,-1,0,0,1,0,1,1
0,1,0,-1,0,0,0,-0.625504,1,0,2,0,0,0,0,-1,0.275664,0,-1,1,0,1,0,-2,0,1,2,0,-1,0,0,0,0.98282,4,0,0,2,0,0,0,0.857438,2,1,-0.567945,0,0,0,0,0,0,0,0,0,0,0,0,0,0,1,0,0,0,-2,0,-1,0,1,0,0,0,1,0,0,0,0,0,0,0,0,0,0,-1,0,2,0,0,0,-0.662763,0,1,-0.052186,0,0,-2,0,0,0,0,0,0,0,1,1
1,-1,1,0,2,1,0,-0.80959,0,0,1,0,0,0,2,0,-0.521154,0,0,0,0,1,0,0,0,0,0,0,0,0,0,0,0.83819,6,0,0,-1,-1,1,0,1.264313,0,0,-0.571166,0,0,0,0,0,1,0,1,0,0,0,1,0,1,0,0,0,0,0,0,0,0,1,0,0,0,0,-1,0,0,0,0,0,0,0,1,2,2,0,0,-1,0,0,-0.791793,0,-1,-0.916008,5,0,0,0,0,1,0,0,0,-2,1,1
0,0,1,1,0,0,0,-0.722222,0,-2,1,0,0,-1,0,0,-0.708412,0,1,3,-1,0,0,0,0,0,1,0,0,0,0,0,0.82991,12,0,0,0,0,0,0,1.401008,0,0,-0.546473,0,-1,0,0,0,1,0,0,0,-2,1,0,0,0,1,0,0,0,0,0,0,0,1,-1,0,0,0,0,0,0,0,0,0,2,0,0,2,0,0,0,0,1,0,-0.661439,0,0,-0.465641,0,0,2,-1,0,3,0,0,-1,0,1,1
0,0,1,0,1,0,0,1.51174,0,0,1,0,1,0,0,0,-0.780049,0,0,1,0,0,0,0,0,0,1,0,3,0,1,1,0.9346,4,0,0,0,-2,1,0,0.735203,2,0,-0.550558,0,-2,1,0,1,0,0,0,0,0,0,0,0,0,1,0,0,0,0,0,-1,1,0,0,0,0,0,0,0,0,0,0,0,2,0,0,0,0,0,1,0,0,-1,-0.753814,0,0,-0.433258,0,0,0,1,0,1,1,1,0,0,1,1
0,0,0,0,0,0,0,-0.781655,0,0,-1,1,0,0,0,0,-0.714286,0,0,0,0,1,0,1,0,-3,0,0,0,0,0,-1,2.5501,3,0,0,0,0,0,0,0.649939,1,0,-0.722023,0,0,0,-1,0,2,0,0,0,-2,0,0,1,0,1,0,0,0,2,0,0,0,0,1,0,0,-1,1,0,0,0,0,0,2,0,0,0,0,0,-1,0,0,0,-0.232825,0,1,-0.681025,2,0,0,0,1,0,0,0,1,1,1,1
0,0,1,0,0,0,0,-0.782158,0,0,0,0,0,-1,0,4,-0.222153,0,0,2,0,1,0,0,0,1,0,0,0,0,0,-1,1.24336,18,0,0,0,-1,0,0,2.611401,-1,0,-0.834009,2,0,0,0,-1,0,0,-1,1,-1,0,0,3,0,2,-2,0,1,0,0,0,1,0,0,0,0,0,0,0,0,0,1,0,0,1,1,0,1,0,0,0,0,0,-0.593693,0,1,-0.475681,0,1,6,0,0,0,2,0,0,2,1,1
0,3,0,0,1,0,-1,-0.8,0,1,-2,0,0,0,0,3,-0.714286,0,0,0,0,0,0,0,0,-1,0,0,0,2,0,0,3.29743,2,0,0,0,0,0,0,0.634615,0,1,-0.459591,1,0,0,2,0,0,0,0,0,2,0,-4,0,1,0,0,0,1,0,-2,0,0,1,0,0,0,-1,0,0,1,0,0,-1,0,0,0,0,1,0,-4,-1,-1,0,-0.642063,0,0,-0.548216,0,0,0,1,0,1,0,0,0,0,1,1
0,-1,1,-2,2,0,1,-0.573002,0,0,0,0,1,0,-1,0,-0.666679,0,-2,0,0,1,0,-1,0,0,1,2,0,0,0,0,0.89638,-18,0,0,0,0,0,0,2.657109,-1,0,-0.645487,0,0,0,0,0,0,0,0,0,-1,0,1,0,0,1,1,0,-1,0,1,1,0,0,2,0,-1,-1,0,0,0,0,0,0,0,0,0,0,0,0,0,0,0,0,-0.630663,0,0,-0.86509,0,0,2,1,0,0,2,1,0,0,0,1
0,-1,3,2,0,0,1,-0.332676,0,0,0,0,2,0,0,0,-0.671654,-1,0,1,0,0,-2,0,1,0,0,0,0,0,0,0,0.89047,1,0,0,0,0,2,0,3.316079,2,0,-0.605748,0,1,0,2,1,0,0,1,-1,0,1,0,0,0,0,0,0,0,-1,0,-1,0,1,-1,-1,0,0,0,1,0,0,0,-1,0,0,0,0,0,1,0,0,-1,0,-0.712431,1,0,-0.659359,0,0,2,0,0,0,-1,2,1,0,0,1
0,0,2,0,0,0,1,-0.72056,0,0,0,0,0,0,-1,1,-0.689803,1,0,1,0,1,0,0,0,0,0,2,0,5,0,0,0.86455,15,0,0,0,0,-1,0,1.891513,0,1,-0.645214,0,1,1,1,0,0,0,0,0,3,0,1,0,-1,0,0,0,1,-6,1,0,1,1,0,0,1,0,0,1,-1,0,0,0,0,0,0,3,0,1,0,0,0,1,-0.626397,0,0,-0.647059,0,0,-5,0,2,0,0,1,0,0,0,1
0,1,0,0,0,-1,0,-0.890129,1,0,0,0,3,0,1,0,-0.529813,0,0,0,0,1,-1,0,0,0,0,4,0,1,1,2,2.21871,7,0,0,0,-1,0,1,0.595586,0,0,-0.776154,0,0,1,-2,0,2,0,0,-1,0,0,0,0,0,2,0,0,0,0,0,0,0,0,1,1,0,1,2,0,0,0,0,-1,0,-1,0,0,0,-1,0,0,0,0,-0.589728,0,-1,-0.569027,1,0,0,0,0,0,0,0,0,-3,1,1
0,0,0,1,0,0,0,-0.42249,0,0,2,0,0,0,0,1,-0.420014,0,0,0,0,0,1,2,0,0,0,1,0,1,1,-1,2.29008,6,0,0,0,0,0,0,0.701603,1,0,-0.790298,1,0,0,0,0,0,-1,0,0,0,0,0,0,0,0,0,0,1,0,-2,0,0,1,2,0,0,-3,0,0,0,0,0,-1,0,0,0,0,1,1,1,0,0,0,-0.650993,1,-1,-0.611546,0,0,0,0,0,0,0,0,0,0,1,1
0,2,2,0,0,0,0,-0.550076,0,0,0,1,0,0,-1,0,1.767465,0,0,0,1,0,0,0,0,0,0,2,0,2,-1,0,1.74046,8,0,-1,0,0,0,0,0.585708,0,0,-0.815814,2,0,0,1,0,0,0,1,0,1,1,1,0,0,0,0,0,0,1,0,0,0,0,0,0,0,1,0,0,-1,0,-1,1,1,0,0,1,-1,0,0,0,0,1,-0.796362,0,0,-0.410555,-1,1,0,0,0,0,1,0,0,0,1,1
0,0,0,0,0,0,0,-0.878788,0,0,0,0,0,0,0,1,-0.404686,0,0,0,1,0,0,0,1,0,0,0,0,0,0,0,1.1084,3,0,0,-3,0,0,0,0.221817,0,0,-0.745304,0,0,0,1,0,0,0,0,1,0,1,0,0,0,0,0,0,0,-1,0,0,0,0,0,0,0,0,0,6,-1,0,0,0,-1,0,3,0,0,0,-1,0,0,1,-0.7,0,0,-0.625,0,0,0,0,0,-1,0,0,1,-2,0,1
0,0,1,0,0,2,0,-0.878788,0,0,0,1,0,-1,1,0,-0.625,0,0,0,0,0,0,-2,1,0,0,1,0,1,1,0,1.80868,6,0,0,-3,1,-1,0,0.286958,-2,0,-0.65674,0,1,0,0,2,0,0,0,0,-1,1,0,0,0,0,0,-1,0,0,-1,0,1,0,0,0,3,1,0,-1,-1,0,0,0,0,0,0,0,1,0,0,0,0,0,-0.7,-1,0,-0.287122,0,0,-1,-1,0,0,0,0,0,0,0,1
0,0,0,0,0,-3,0,-0.878788,0,0,0,-1,0,0,1,1,-0.821365,0,0,0,1,0,-3,0,1,0,0,0,0,-1,0,0,1.17712,1,0,0,0,1,0,0,0.186471,0,0,-0.660491,0,-1,0,0,0,0,0,1,0,-1,1,1,0,0,1,0,0,0,0,0,-3,0,0,5,0,0,0,0,0,-1,1,0,0,0,0,0,0,0,1,0,0,2,2,-0.594639,0,-1,-0.625,-1,0,0,0,0,-1,1,0,1,0,0,1
0,0,0,0,1,0,0,-0.754703,0,-1,0,0,0,0,0,1,-0.457852,0,0,0,0,1,1,0,0,4,0,0,-2,0,0,3,0.82036,4,0,0,0,0,0,-2,0.972606,0,0,-0.5143,-1,0,0,0,0,0,0,0,0,0,1,5,0,0,0,0,0,0,0,0,0,0,0,0,0,0,0,0,0,3,-1,0,0,0,0,0,0,0,0,0,0,1,0,1.853742,0,-1,4.254851,0,0,1,-1,0,0,0,1,0,0,0,1
1,0,0,0,1,0,0,-0.707507,0,0,0,0,0,0,0,0,-0.601802,0,0,0,0,0,0,3,0,1,1,0,0,1,-1,0,0.93882,2,1,0,0,0,0,0,0.95256,0,0,-0.495478,0,1,0,0,0,-1,0,0,0,0,0,1,-2,0,0,0,0,0,2,0,0,3,0,0,0,0,-4,0,0,2,0,0,0,0,-1,0,0,0,0,0,0,0,0,-0.670564,-1,0,-0.799474,0,0,-5,0,0,0,0,1,0,1,0,1
-2,-3,0,0,1,2,0,-0.546404,0,0,1,0,0,0,0,0,-0.586207,0,0,0,0,0,0,0,0,0,0,0,0,0,0,0,0.85185,4,0,0,0,0,1,0,1.137191,3,0,-0.684998,0,2,1,0,-1,0,0,0,1,-1,-1,0,-1,0,0,0,0,0,0,0,0,0,0,0,0,-2,0,-1,0,0,0,-1,0,0,0,0,0,0,1,0,0,0,-1,-0.573867,0,1,-0.71971,0,0,0,0,-1,0,-1,1,0,0,0,1
0,0,0,2,0,1,0,-0.758859,1,0,-2,0,1,0,0,-3,-0.657143,0,0,-1,0,0,0,0,1,0,0,2,0,0,0,1,1.39038,1,0,0,0,0,-1,0,1.426085,0,0,0.006975,0,0,-1,0,0,0,0,0,0,0,1,2,0,0,-2,0,0,0,0,4,0,-1,-1,0,1,0,0,-1,3,-2,0,0,-1,0,0,0,0,-2,0,0,0,1,0,-0.595851,-1,0,-0.571429,0,0,0,0,0,0,1,1,-1,4,0,1
0,0,0,0,0,0,1,-0.747162,0,0,-1,0,0,0,-2,0,-0.657143,0,1,0,0,0,1,0,0,0,0,0,1,-1,0,0,0.8626,2,0,0,0,0,0,0,0.864865,1,0,-0.674058,0,0,-1,0,0,0,1,0,0,0,0,0,1,0,-3,0,0,0,1,0,0,2,-1,0,0,0,-1,0,1,0,0,0,1,0,0,0,0,0,0,0,0,-2,3,-0.687877,0,0,-0.666503,0,0,0,0,1,0,0,1,0,-1,0,1
0,2,0,0,-1,0,0,0.075475,0,0,0,0,0,0,0,0,-0.700966,0,0,0,0,0,0,0,1,0,0,0,4,0,0,0,0.67398,1,0,0,0,0,1,0,0.904933,0,1,-0.675676,0,0,0,0,0,-1,0,0,0,-2,0,0,1,0,0,0,0,0,0,0,0,0,0,0,1,0,-1,0,0,0,0,0,1,0,0,0,0,0,0,0,0,0,0,-0.550639,0,2,-0.549451,0,0,-1,0,0,0,0,0,0,1,0,1
0,0,1,0,0,0,0,-0.656909,0,2,0,0,0,0,0,2,-0.729373,0,3,0,0,0,0,0,0,-1,0,0,0,-1,1,0,0.6,11,0,0,1,-1,0,0,0.593254,-2,-1,-0.05877,-1,0,0,1,-1,0,1,1,-1,0,-1,0,0,0,0,-4,0,0,-1,0,1,1,0,0,-5,0,0,0,-1,-1,0,0,0,0,0,0,0,0,0,1,0,0,0,-0.629816,0,0,-0.926289,0,0,0,0,0,1,0,0,0,0,0,1
0,0,0,0,0,1,0,-0.841409,0,0,0,2,0,0,0,0,-0.761031,0,0,0,0,-1,0,1,0,-1,0,0,0,0,-2,-1,1.0413,0,0,0,1,0,0,0,0.71694,0,0,-0.183577,2,-1,0,0,0,1,0,0,-1,0,2,0,0,0,1,0,0,0,0,0,1,1,1,0,0,0,0,0,1,0,0,0,-1,0,0,0,0,2,1,1,0,0,0,-0.880295,0,0,-0.874677,-1,0,0,1,0,0,1,0,-1,-1,0,1
0,2,1,0,0,0,0,-0.830384,0,0,0,0,0,1,0,0,-0.657143,0,0,0,0,0,0,0,0,0,0,1,-1,1,0,0,0.6,0,-1,0,1,0,3,0,0.706697,-1,0,-0.391941,1,0,0,0,0,0,1,0,0,0,0,0,0,0,0,1,0,3,0,0,1,0,0,0,0,1,0,1,-2,0,0,0,1,0,0,0,0,0,0,1,0,-1,1,-0.60503,1,0,-0.576298,0,0,0,0,0,1,0,0,-2,0,0,1
0,-1,-1,0,-1,0,0,-0.168716,0,0,0,0,0,0,0,0,-0.562389,0,0,0,1,0,0,0,1,0,0,0,0,2,0,0,1.79886,7,0,-1,0,1,2,0,1.08163,0,0,1.513287,-2,0,0,0,0,0,0,0,0,0,0,0,0,0,0,0,0,0,0,0,0,-2,1,-1,0,0,0,0,0,0,0,0,0,0,0,0,0,0,0,0,0,0,-1,-0.697716,0,0,-0.600759,3,0,0,0,0,0,0,-1,1,0,1,1
0,0,0,0,0,0,0,-0.52176,0,0,0,0,0,-1,0,0,-0.58973,0,0,0,-1,0,0,0,0,0,0,0,0,2,0,0,0.89914,-14,0,-1,0,0,0,0,1.216486,0,0,-0.661264,1,0,0,0,-2,0,0,0,0,0,0,-1,2,0,0,0,0,0,0,1,-1,0,1,0,0,1,-1,0,0,0,0,0,0,0,0,0,0,1,1,1,0,0,0,-0.785974,0,0,0.814667,0,0,0,-1,0,-2,0,3,2,0,1,1
0,0,2,0,0,0,1,-0.555627,1,0,0,0,0,1,2,0,-0.389988,0,0,0,3,0,-1,0,0,0,-1,0,0,0,0,0,1.36162,2,0,0,-1,0,0,0,1.025523,0,2,-0.755102,0,0,0,0,0,0,0,1,0,0,0,0,1,1,1,0,0,-1,0,1,0,0,0,-1,0,1,0,-1,0,1,0,0,2,0,0,0,0,0,0,1,0,0,1,-0.784631,0,0,-0.088991,0,0,0,0,0,0,0,0,0,2,1,1
0,0,0,1,0,0,-3,-0.480749,0,0,0,0,0,-1,0,0,-0.501637,0,0,0,0,0,0,2,0,0,1,0,0,0,-3,0,1.80283,5,0,0,0,-1,1,1,1.107388,0,1,-0.55078,1,0,1,2,1,-1,0,0,-1,0,-1,0,0,0,0,0,0,0,0,0,1,0,0,0,0,1,1,0,-1,0,2,1,0,1,1,-1,2,1,0,1,0,0,2,-0.695962,-1,0,-0.678291,-1,-1,2,2,1,1,0,2,3,1,0,1
0,0,0,1,0,0,-1,-0.820499,0,0,1,0,1,-1,2,-1,-0.692093,0,-1,0,0,0,5,0,0,0,1,0,2,0,0,1,1.51798,6,0,1,0,-2,1,-1,0.982445,0,0,-0.291187,1,0,0,0,0,0,-1,0,-1,0,0,0,-2,-1,0,0,0,0,0,1,0,-5,0,0,0,1,0,0,0,0,0,-1,0,1,0,1,0,1,0,0,0,0,0,-0.600588,0,0,-0.731548,0,-1,0,1,0,0,0,0,0,0,0,1
1,0,0,1,0,0,0,-0.66865,0,0,0,0,0,0,0,0,-0.612903,0,0,0,0,0,0,0,0,0,0,0,2,2,0,-1,0.78272,21,2,0,0,0,1,0,1.21053,0,0,-0.684211,0,0,0,0,0,0,0,0,-1,0,0,0,0,0,0,0,0,0,0,0,1,0,0,0,0,0,-2,0,0,2,0,0,0,0,0,0,0,1,-1,0,0,0,0,-0.591518,0,0,-0.761097,2,0,0,1,1,0,0,0,0,0,0,1
0,-1,0,0,2,0,0,-0.687667,1,0,0,0,1,0,0,0,-0.685807,-1,0,0,-2,0,0,-1,-1,3,0,0,2,0,0,0,3.35494,2,2,1,1,0,0,0,0.605995,0,0,-0.746747,-2,0,1,0,2,0,0,0,0,0,0,0,0,0,0,0,2,1,0,3,0,1,0,-2,0,1,0,0,1,0,-1,0,0,0,0,0,0,0,0,0,0,1,0,-0.392613,0,0,-0.691522,4,0,0,1,0,1,0,0,0,0,0,1
0,-1,0,0,0,2,0,-0.636409,3,0,0,0,-3,-1,1,0,-0.675676,0,0,0,0,-2,0,0,0,1,0,0,0,0,0,0,0.73249,14,0,1,1,0,0,0,0.670481,0,0,-0.766666,-1,2,1,0,0,0,0,0,0,2,1,1,0,0,1,0,0,0,0,1,0,0,0,0,2,-2,1,0,0,-2,0,0,0,0,0,0,0,0,0,0,0,0,0,-0.705374,0,0,-0.666667,2,0,0,1,0,-3,1,0,1,0,0,1
1,0,-1,0,0,0,1,-0.624646,0,0,0,0,0,0,0,0,-0.483885,0,1,4,1,0,0,0,0,1,1,0,-2,0,0,0,1.25714,8,0,0,1,0,0,1,1.57777,0,0,-0.82932,-2,0,1,1,1,0,0,0,0,0,0,0,1,0,1,0,0,0,0,1,0,0,0,0,0,1,0,0,1,0,2,-1,0,0,1,0,0,2,0,-1,0,0,0,-0.538462,0,0,-0.666667,0,0,0,1,0,0,-4,0,0,-2,0,1
0,1,0,0,0,0,0,-0.679105,1,0,0,0,0,0,0,1,-0.529551,0,0,1,1,0,0,1,0,0,0,0,0,0,0,0,1.46552,1,0,0,1,0,0,0,0.558823,0,2,-0.761684,2,-1,0,0,0,0,0,0,0,5,0,-1,0,0,0,0,0,0,0,-1,0,1,0,0,0,0,0,0,1,0,0,0,0,0,0,0,-2,0,0,0,0,0,1,-0.79158,0,0,-0.659593,0,0,0,1,0,0,0,-1,1,0,1,1
0,0,-1,1,0,4,0,-0.737165,0,0,-2,-2,0,0,0,4,-0.597539,0,0,1,0,1,-2,0,0,0,0,0,0,2,0,0,1.51429,8,0,0,0,0,0,0,0.698113,0,0,-0.829447,2,0,0,0,0,0,1,0,0,0,-1,0,0,0,0,0,0,0,0,-1,1,0,0,0,0,0,0,1,0,0,0,-2,0,0,0,0,0,0,0,1,0,0,0,-0.597225,0,0,-0.755705,0,0,0,0,-1,0,0,0,0,1,1,1
1,0,0,1,0,0,0,-0.647939,1,0,0,0,2,0,0,1,-0.627273,0,0,0,1,0,0,0,0,1,0,-1,0,-1,0,0,1.47806,16,0,0,0,-1,0,1,1.059274,0,0,-0.76083,3,1,0,0,0,1,0,1,0,0,0,3,0,0,-1,2,0,0,0,-5,0,1,0,-1,0,0,-2,0,0,0,3,0,0,0,0,0,0,0,0,0,1,0,0,3.223446,0,-1,-0.664752,0,0,0,1,0,0,0,0,1,0,1,1
0,-1,0,0,0,0,0,0.737922,0,0,0,0,2,0,0,0,-0.769231,0,0,0,0,1,0,0,0,1,0,2,-1,0,-2,0,1.43044,0,0,0,0,0,-3,0,1.175227,1,0,-0.677631,0,1,0,0,1,0,0,0,0,0,-2,0,0,1,0,0,1,0,0,1,1,0,1,-2,0,2,0,0,2,0,0,0,0,0,0,0,0,0,0,0,0,1,0,-0.25133,0,0,-0.607188,-1,0,0,0,0,0,0,0,0,0,1,1
0,0,0,-2,0,1,0,-0.820572,0,0,-1,0,0,3,2,0,-0.322321,0,0,0,0,1,1,0,0,-1,0,1,0,2,-1,0,1.02307,1,0,0,0,0,0,0,0.653041,0,0,-0.714553,1,0,-3,0,1,0,-1,-1,0,1,1,0,0,1,2,0,0,0,0,1,0,1,0,0,0,0,2,0,1,0,2,0,0,0,0,0,0,0,0,0,0,1,0,-0.715658,0,0,-0.311072,0,0,0,0,0,0,-1,0,0,0,1,1
0,1,0,0,-1,1,2,-0.263501,0,0,1,0,0,0,-1,-1,-0.255929,0,0,0,0,0,0,0,1,0,0,1,0,-1,0,0,2.14011,12,0,0,0,0,0,0,1.15217,0,0,-0.744829,-2,0,0,0,1,0,0,0,0,1,1,2,0,1,2,0,1,0,0,-1,0,-1,1,1,0,-1,2,0,0,0,0,0,0,0,0,0,1,2,0,2,0,1,0,-0.592996,0,-1,-0.611518,0,0,0,0,0,0,0,0,0,0,1,1
0,0,1,0,0,0,1,-0.76,0,0,0,0,0,0,0,0,-0.626104,0,0,0,4,1,0,0,1,0,0,1,0,0,0,0,2.68403,7,2,0,4,0,1,0,2.961939,0,0,-0.815385,2,0,0,0,0,1,0,0,0,0,0,0,1,2,0,0,1,0,-1,1,1,-1,0,1,2,0,0,0,0,0,-6,0,0,0,0,0,2,0,0,1,0,0,0,-0.453645,0,1,-0.22272,0,0,0,0,0,1,2,1,0,1,0,1
0,0,1,0,1,-2,0,-0.126536,0,0,0,0,-2,0,1,3,-0.539768,1,0,0,0,0,0,0,0,-1,0,0,2,0,0,0,3.11364,8,0,0,0,1,0,0,2.47692,2,-3,-0.743321,0,0,0,0,0,0,0,-1,-1,3,1,0,0,0,1,0,0,0,0,2,0,-1,0,0,0,-5,0,0,0,-2,0,0,0,0,-1,-1,0,0,-1,0,1,1,0,-0.368421,0,1,-0.762563,1,0,0,0,0,0,0,0,0,0,0,1
1,0,0,0,0,1,1,-0.76,-1,0,0,0,0,0,0,0,-0.224236,0,0,0,0,0,0,2,0,0,0,0,-1,0,0,0,1.6471,12,0,0,0,1,0,0,0.801031,0,0,-0.806309,0,-1,0,2,0,0,0,0,0,0,1,0,0,0,1,0,0,0,0,-2,1,0,-1,0,0,0,0,1,0,0,2,1,1,0,1,0,0,0,0,0,0,0,0,0.922723,0,0,-0.764706,0,0,3,0,0,2,0,0,0,0,0,1
1,0,0,0,0,0,0,-0.636364,0,-1,0,0,2,0,3,1,-0.871645,0,1,0,2,-1,1,1,0,0,0,0,0,0,0,0,2.52943,5,0,0,0,0,0,0,1.088028,0,0,-0.475004,0,1,0,0,0,0,1,0,0,0,0,0,0,0,0,0,0,-1,-1,0,0,0,0,0,-1,0,1,0,0,0,0,1,3,0,0,0,0,0,0,1,0,0,1,-0.575346,0,0,-0.620332,-4,0,0,1,0,1,-1,1,1,1,0,1
0,0,0,0,2,-1,0,-0.787265,0,0,0,0,1,0,0,0,-0.736612,0,1,1,2,0,0,3,0,1,1,0,0,0,0,0,0.99644,4,0,0,1,1,0,0,0.88,0,-1,1.197097,0,0,0,0,0,0,0,1,0,0,1,0,0,1,0,0,0,0,2,0,0,0,0,0,0,-2,0,1,0,0,0,0,1,0,0,0,0,0,0,0,0,-1,1,-0.252772,0,0,-0.654923,0,0,0,0,-2,0,0,1,-2,1,0,1
0,0,0,0,1,0,0,-0.690319,0,0,0,0,0,-1,-2,1,-0.603833,0,1,2,0,0,0,1,1,0,0,2,0,0,0,0,1.83542,7,2,-1,0,0,0,0,0.987316,3,0,-0.724364,0,0,0,0,0,0,0,0,0,0,0,0,0,0,0,1,1,1,0,0,0,0,0,2,1,0,0,0,0,0,0,1,0,0,0,0,0,0,0,1,0,0,1,-0.458794,-1,-1,-0.810883,-1,0,0,1,0,1,1,1,0,1,0,1
0,0,0,2,0,1,1,-0.081637,0,-1,0,-3,0,0,0,1,-0.872088,0,0,2,0,1,-3,1,0,0,0,0,1,-1,0,0,0.95498,3,0,0,0,1,0,0,0.6,-1,0,0.993232,0,0,0,0,0,0,0,0,-1,0,0,0,0,0,3,-2,-1,0,0,0,0,0,-1,0,0,0,0,0,2,0,-1,0,0,1,0,0,0,0,0,0,0,0,0,-0.662681,0,-1,-0.888344,-3,1,0,0,-1,0,1,0,1,2,0,1
0,0,-1,0,-1,-1,0,-0.282329,0,-1,1,0,0,-2,-3,0,-0.110104,0,0,0,1,1,0,0,0,2,0,0,-1,0,0,0,0.57143,1,0,-1,1,1,1,0,0.795918,0,0,-0.4,0,0,0,1,0,1,1,0,0,0,2,2,1,0,0,0,0,0,0,4,1,1,-2,0,0,0,0,0,0,1,2,0,0,1,0,0,0,0,0,0,0,0,0,-0.73293,-2,0,-0.719022,0,0,1,-1,-2,0,5,1,0,0,0,1
0,0,0,0,0,0,0,-0.566797,0,0,-1,1,1,0,0,3,-0.397936,0,0,0,0,0,-2,0,0,1,-1,0,0,-2,2,1,0.57143,7,0,0,2,2,0,0,1.673547,0,0,-0.291565,0,1,0,0,-1,-1,0,0,0,0,0,1,0,-1,0,0,1,0,2,0,1,0,0,0,0,0,0,0,0,0,0,0,0,0,0,0,0,0,0,1,0,0,0,-0.679223,0,-1,-0.721913,2,0,0,0,0,0,0,-1,0,0,0,1
0,0,2,0,0,-3,0,-0.73648,0,0,1,0,1,0,1,0,-0.773585,0,0,1,0,0,0,0,0,0,0,0,0,0,0,0,1.82594,3,0,-1,0,-3,0,0,0.783941,0,1,-0.75,0,0,0,0,0,0,1,0,0,0,1,1,1,-1,0,-1,0,0,0,0,0,1,0,0,-2,0,1,0,0,0,0,0,0,0,1,0,1,0,0,0,0,0,0,-0.781818,1,0,-0.885319,0,0,4,1,0,0,2,1,1,0,1,1
0,-1,0,-1,0,0,0,-0.776322,0,0,1,0,0,-1,0,1,-0.74412,0,0,0,1,0,0,0,0,0,0,0,0,0,1,0,1.47275,8,0,0,-1,1,0,0,1.003062,0,0,-0.896502,-1,-1,1,0,0,0,1,0,1,0,0,0,0,0,1,0,0,0,0,0,0,0,0,-1,2,1,0,0,0,0,3,0,1,-4,0,0,0,2,0,-1,0,1,0,-0.781818,1,0,-0.65189,0,0,0,0,0,0,0,0,0,0,1,1
0,0,0,0,0,0,0,-0.677439,0,0,0,1,1,1,-2,0,-0.773585,0,0,0,1,0,0,0,0,0,0,0,0,0,-1,1,0.96994,0,0,0,1,0,0,0,0.49032,2,0,-0.667886,0,0,0,-1,0,0,0,0,1,0,0,1,0,0,2,0,1,0,0,1,0,2,0,3,3,0,0,0,0,1,0,0,0,0,1,0,0,0,0,0,0,1,1,-0.784566,0,0,-0.507101,0,0,0,1,0,0,-1,0,-2,0,1,1
0,0,0,0,0,0,0,-0.715416,0,0,1,0,0,0,-2,0,-0.584682,0,0,0,0,0,0,0,-1,1,0,2,0,3,0,0,1.0353,0,0,0,1,-1,0,0,0.978261,0,-1,-0.733786,-1,3,0,0,0,-2,0,0,0,0,1,0,0,0,0,0,0,0,0,0,0,0,0,-1,0,1,1,0,1,0,0,0,0,-1,0,0,0,0,0,-1,0,0,-1,-0.732128,0,0,0.363477,2,0,0,0,0,0,0,0,0,0,0,1
0,2,0,0,0,0,0,-0.780355,0,0,0,0,0,0,2,0,-0.727535,0,0,0,0,0,0,0,0,0,1,0,0,0,-1,0,0.93192,0,0,0,-1,0,0,0,2.65459,-2,0,-0.737461,0,0,0,0,0,0,0,0,0,0,0,0,1,0,0,0,0,0,0,0,-2,0,-1,0,4,0,1,0,1,0,0,0,0,0,0,0,-1,0,0,0,0,0,0,-0.658805,0,1,-0.760659,0,0,-1,1,0,0,-1,0,0,0,0,1
0,1,0,0,0,0,0,-0.895283,0,0,0,0,-2,0,0,0,-0.652039,0,0,1,1,0,0,1,0,0,0,0,2,2,0,0,1.46472,0,0,0,1,0,-1,0,0.861318,0,0,-0.577557,0,0,0,0,0,0,0,1,1,0,2,0,0,-1,0,3,0,0,0,0,0,0,0,-1,0,1,0,1,0,1,0,0,1,1,0,0,0,0,0,0,0,0,0,-0.634474,0,-1,-0.595953,4,1,0,0,0,0,0,0,1,-3,0,1
0,0,1,0,0,-3,1,-0.534456,0,0,1,0,-2,1,0,1,-0.684541,0,0,0,0,1,0,0,0,0,0,2,3,2,-1,0,0.9717,4,0,0,0,1,-1,0,2.448032,0,0,-0.511497,0,0,0,0,0,1,0,0,0,0,0,0,2,0,1,1,0,0,0,0,0,1,2,0,-2,0,0,0,0,0,0,0,0,1,0,0,0,-1,0,1,0,-2,1,-0.81247,0,0,-0.612903,3,0,0,0,0,0,0,0,0,0,1,1
0,0,0,2,-1,0,0,-0.449645,0,0,3,0,0,0,3,0,-0.697698,0,0,1,-3,0,0,0,-1,0,0,0,0,0,0,0,3.1743,1,0,1,0,0,0,-1,1.749805,3,0,-0.21741,0,0,0,0,0,0,0,0,0,0,1,0,0,0,0,-1,0,0,0,1,0,1,1,-1,2,-1,1,-1,0,-2,0,0,0,0,0,0,0,0,0,1,-1,0,1,-0.456366,0,0,-0.485258,0,0,2,0,0,0,0,0,0,0,1,1
0,1,0,0,0,0,2,-0.733744,-1,0,1,0,0,-2,0,3,-0.699973,0,0,1,0,0,-2,0,1,-1,-1,0,2,0,0,0,1.52223,2,0,-1,-1,0,-1,0,1.829014,2,0,-0.6,0,0,0,0,0,1,0,0,-1,0,1,0,0,0,0,0,0,0,0,0,1,1,0,0,2,0,0,0,0,0,0,0,0,-3,0,0,0,-1,0,1,0,-1,1,-0.593569,0,0,-0.670805,0,0,0,0,0,1,0,0,2,0,1,1
0,0,0,1,0,0,0,-0.630844,0,0,0,0,0,0,-1,0,-0.385801,0,0,1,1,-2,0,-1,0,0,-1,0,0,2,1,0,1.87271,6,2,0,1,0,0,0,1.906442,0,1,-0.803279,0,-1,1,0,0,0,0,1,0,0,0,0,0,0,0,-1,0,-2,0,0,0,1,0,0,0,-1,0,0,0,0,0,0,0,0,0,0,0,1,0,0,0,-5,0,-0.547754,-1,0,-0.818182,0,0,0,0,0,-2,1,1,0,0,1,1
1,0,0,1,0,0,-3,-0.682067,0,0,1,0,0,0,0,0,-0.675364,-1,0,1,0,-1,0,0,0,0,1,0,-1,0,0,0,2.10835,6,1,0,3,1,0,1,0.81437,-2,0,-0.823144,1,0,0,0,0,0,0,0,0,2,-4,0,0,-1,3,0,1,0,-1,0,0,0,-1,0,0,0,0,0,2,0,-1,0,1,0,0,1,0,1,0,0,0,0,0,-0.597317,0,0,-0.805032,0,0,0,0,0,0,0,0,0,0,1,1
1,0,2,1,0,0,1,-0.757892,0,0,0,0,0,0,2,0,-0.727727,0,0,0,2,0,0,0,0,0,0,2,0,0,-1,0,1.74286,0,0,0,0,1,0,1,0.770492,0,2,-0.851117,0,0,1,0,0,0,0,0,0,0,0,0,0,0,0,1,-1,0,0,0,0,1,-1,0,0,0,1,1,0,1,0,0,1,0,0,0,0,0,0,0,0,1,0,-0.818778,0,0,-0.689126,4,0,-3,0,0,0,0,1,0,0,1,1
-1,0,0,0,0,0,0,3.536924,0,0,1,0,1,0,0,0,-0.026331,0,-2,0,0,0,0,4,0,0,0,0,0,0,2,0,1.16143,5,0,0,1,0,0,0,1.849069,0,0,-0.676925,0,0,-2,0,-1,0,0,0,0,0,0,0,-1,1,0,0,-2,0,4,0,0,0,1,0,0,0,0,0,0,2,0,-1,0,0,0,1,0,0,0,0,0,0,0,-0.454545,0,2,-0.658319,0,0,2,-2,0,3,0,0,1,0,1,1
0,0,1,1,0,0,0,-0.684211,1,0,0,0,0,0,0,0,-0.723983,0,0,-2,1,0,0,-4,1,0,0,0,0,0,1,0,1.2585,7,0,0,0,0,0,0,1.231813,2,3,-0.664831,0,2,0,-1,0,-1,1,0,0,1,0,0,0,0,0,0,0,-1,0,0,0,0,0,0,4,0,0,0,0,0,0,1,3,0,1,0,0,-1,0,-1,-1,0,0,0.487653,0,0,-0.499863,2,0,0,0,0,-1,1,0,1,1,1,1
0,-1,0,0,0,-1,0,-0.684211,0,1,0,0,0,-3,3,0,-0.71192,0,1,-2,1,0,0,1,0,0,0,0,0,0,1,1,2.39506,8,0,0,0,-2,0,0,3.704745,0,1,-0.884758,0,0,0,2,-1,0,2,0,0,-1,0,0,0,0,-1,0,0,0,0,0,0,0,1,0,2,0,0,0,0,0,0,0,0,0,1,-2,0,0,0,-2,0,0,0,0.066537,0,0,-0.404923,0,0,0,0,0,0,0,0,0,0,1,1
0,0,0,0,0,0,0,-0.73913,0,0,0,1,0,0,0,2,-0.751427,0,0,0,1,0,0,0,0,-1,-1,-1,0,0,-1,0,1.7461,9,0,1,0,0,0,0,0.197919,0,0,-0.295765,-1,0,0,0,-2,0,0,0,0,0,0,0,0,0,0,1,0,0,0,1,0,1,-2,-1,0,0,1,0,0,-2,0,0,0,3,0,2,0,0,1,0,0,0,0,-0.612903,0,0,-0.186971,0,0,0,0,0,0,0,0,0,0,1,1
0,2,0,-1,0,2,-1,-0.709491,0,0,0,1,0,-1,2,0,-0.581229,0,0,1,0,0,0,-1,0,-1,0,0,0,0,0,0,1.30814,4,0,0,0,0,0,0,1.279566,1,0,-0.708951,0,1,0,0,-1,0,0,0,0,0,1,1,-2,0,0,0,0,0,-1,-1,0,-1,0,0,-1,-1,1,0,1,0,2,0,0,0,-1,0,0,1,1,0,1,-2,0,-0.495454,0,0,-0.671253,0,0,0,0,0,1,0,0,0,-1,1,1
0,0,1,0,0,2,0,-0.758509,-1,0,0,1,0,-2,0,0,-0.679204,0,0,1,-2,0,-1,0,0,0,0,0,0,0,2,0,1.48806,13,0,0,-1,0,-1,-1,1.443366,2,0,-0.882973,2,-1,0,0,0,0,0,0,0,0,0,1,0,1,0,0,0,0,0,0,0,0,-1,0,3,-1,1,0,0,1,0,0,0,0,0,0,0,1,1,-1,0,0,0,-0.656284,0,0,-0.61005,0,0,0,0,0,1,0,0,0,-2,1,1
0,-4,0,0,0,-1,-1,-0.769645,0,0,-1,0,0,-2,0,0,-0.639462,0,-1,3,0,0,0,0,0,0,0,0,8,0,-2,0,0.40175,6,0,0,1,0,0,0,0.894311,0,0,-0.579598,3,0,2,0,2,1,0,-1,-1,-1,0,0,0,0,0,1,1,0,0,0,1,0,0,0,0,0,0,0,0,2,0,0,1,0,0,0,0,0,1,0,0,0,1,-0.492983,0,0,-0.705142,0,0,0,0,2,0,0,1,0,0,0,1
0,0,0,0,0,0,0,-0.717372,0,0,0,0,-2,0,0,0,-0.630548,0,0,0,0,0,1,0,0,0,0,0,0,0,0,0,0.82857,8,0,0,0,0,-3,0,0.503669,1,0,-0.576086,0,0,-1,1,0,0,0,0,0,0,0,0,1,0,1,0,0,0,1,0,1,4,0,0,0,1,-2,2,1,1,0,0,0,0,0,0,0,0,0,0,0,0,1,-0.56181,0,2,-0.681602,0,0,0,0,0,3,-1,1,0,0,0,1
0,0,1,2,0,2,1,-0.675676,0,0,-1,0,0,-1,-3,0,-0.707317,0,0,0,0,0,0,2,0,0,0,0,0,0,0,0,0.90254,-20,0,0,3,0,0,0,0.62407,0,-1,-0.57939,0,0,0,-1,0,0,0,0,1,-1,0,0,-1,1,0,0,1,0,-1,1,1,1,-3,0,1,1,4,0,-1,0,0,0,-1,0,0,-1,0,0,1,0,0,0,0,-0.593874,0,0,-0.714249,0,0,0,-1,0,0,0,0,0,0,0,1
0,0,0,1,0,0,3,0.153727,-1,0,0,0,0,0,3,0,-0.594179,0,0,0,0,0,-1,-1,0,1,1,0,2,-1,2,0,1.22023,1,2,1,1,0,-3,1,2.963595,0,0,-0.717987,-4,0,0,0,0,0,0,-1,0,0,-2,-1,0,0,0,0,0,0,-1,0,0,0,0,0,-1,1,0,1,2,0,0,0,0,0,0,0,0,-1,1,1,1,-1,0,-0.629688,0,0,0.224689,0,-1,1,0,0,0,1,0,0,0,0,1
0,2,0,0,0,0,0,-0.75,0,2,1,0,0,-2,0,0,-0.571429,-1,0,0,-2,0,1,3,0,0,0,0,-1,0,0,0,0.93963,2,0,0,4,0,0,0,0.61208,1,0,-0.771677,0,0,0,0,0,0,0,0,0,0,0,0,0,0,0,-1,1,0,0,0,-1,0,0,0,0,0,0,0,4,0,0,0,1,1,0,-1,0,-1,0,-3,1,0,0,-0.137562,-1,0,-0.789324,0,0,0,1,0,0,0,0,1,0,0,1
1,2,1,0,0,-1,0,-0.730993,0,0,0,0,1,1,0,0,-0.203621,0,0,1,0,0,0,1,0,0,1,0,0,1,0,-1,1.3613,1,0,1,0,0,0,0,1.645922,0,0,-0.446411,0,0,0,0,0,0,0,0,0,0,0,0,0,0,1,0,1,0,1,0,1,1,0,-2,0,0,1,-1,1,3,0,0,0,0,0,0,-1,1,0,0,0,0,1,-0.25257,0,0,-0.568975,-1,-1,1,0,1,1,0,0,0,0,0,1
0,0,0,0,0,0,0,-0.247634,0,0,0,0,0,0,0,0,-0.867696,0,0,0,-1,-1,-2,0,0,1,0,0,0,-1,0,-1,0.57143,7,0,0,0,0,0,0,0.854878,0,1,0.565909,0,0,0,0,0,0,0,0,0,0,1,1,1,-1,4,0,0,1,0,0,1,-1,1,-1,0,0,1,-1,0,2,3,0,0,0,0,-3,0,-1,0,0,0,0,0,-0.733558,0,1,0.071349,2,0,0,0,0,0,0,-1,1,1,0,1
0,-3,0,1,0,0,0,-0.780074,0,0,-1,0,0,0,1,1,-0.550008,0,0,0,0,0,0,-1,-3,1,1,0,0,0,0,0,0.52404,5,0,0,0,0,0,1,0.849078,1,0,-0.814606,0,-1,0,0,3,0,-1,0,0,1,1,-6,0,0,0,0,0,0,3,0,1,1,0,-1,0,0,1,0,0,-2,3,1,0,0,0,1,0,0,0,0,0,2,0,-0.383986,0,0,-0.653055,0,0,0,0,0,0,0,0,0,1,0,1
0,2,1,0,0,0,0,-0.666667,0,0,0,2,2,0,0,0,-0.395624,0,0,0,-2,0,-1,0,0,-1,0,0,0,-1,0,0,0.62492,10,0,0,0,2,0,0,0.584421,2,-1,-0.029036,0,0,0,0,1,0,0,-1,0,0,0,0,0,0,0,0,0,1,0,0,0,-1,0,-1,0,0,1,0,2,0,3,0,1,-1,0,1,0,0,0,0,0,0,0,-0.582955,0,0,-0.62588,-1,0,3,0,0,0,-1,0,1,2,0,1
0,1,0,0,0,0,1,-0.709205,0,0,0,0,-2,0,0,0,-0.603402,0,0,-5,0,0,2,1,0,0,0,0,0,0,-1,0,3.01705,4,0,0,2,0,0,0,0.533187,-3,0,-0.78243,1,2,0,-1,0,0,0,1,0,0,0,-1,0,1,-1,1,0,0,-1,1,1,1,1,0,0,0,0,0,-1,0,0,0,0,0,0,0,0,-1,0,0,0,0,1,-0.624879,0,0,-0.42724,2,0,0,0,0,0,1,0,0,0,1,1
0,0,5,0,0,0,-3,-0.737844,0,0,0,0,-2,0,-2,0,-0.842105,0,0,0,0,0,-1,0,0,1,0,0,0,0,-1,0,2.34102,6,0,0,0,1,0,0,0.478958,3,0,-0.823529,0,0,0,0,1,0,0,0,0,0,0,0,0,0,0,2,0,0,0,1,1,1,0,0,0,0,0,0,0,0,0,-2,0,0,0,0,-2,0,0,0,0,0,0,-0.554728,0,0,-0.199354,0,1,0,0,0,0,0,0,0,-1,1,1
0,2,0,0,0,0,0,-0.734715,0,0,2,0,0,0,1,0,-0.77138,0,0,-1,-2,0,0,0,0,1,0,-1,0,0,0,0,0.87202,6,2,0,0,1,0,0,0.251911,0,0,-0.840152,0,0,0,0,1,0,0,1,0,0,0,0,0,0,0,1,0,1,0,1,1,0,0,0,0,0,0,2,2,0,0,-1,1,-2,0,0,0,0,0,0,0,0,1,-0.443981,0,0,-0.693729,0,0,4,-1,0,1,0,1,-1,0,1,1
0,1,-2,-3,0,0,0,-0.859621,0,0,-5,1,0,1,0,0,-0.772329,0,0,0,-1,1,0,0,0,0,0,0,0,0,0,-1,1.32417,4,0,1,1,0,1,0,0.665507,0,0,-0.756525,0,0,0,1,-1,0,0,0,0,0,-1,-1,2,0,0,0,1,0,0,0,1,-1,0,-2,0,-1,-1,0,0,0,0,0,-1,0,0,0,0,0,0,0,2,0,0,9.13333,0,0,-0.684211,0,0,3,0,0,0,1,-3,0,-1,0,1
0,0,0,0,0,4,-1,-0.589113,1,-3,0,1,2,0,0,0,-0.632586,-1,0,7,0,1,0,1,0,0,0,3,0,0,0,0,1.28689,12,1,0,1,0,0,0,1.49318,1,0,-0.715681,1,0,0,1,0,0,0,0,0,1,0,0,0,0,-1,1,1,0,0,0,1,0,0,-1,0,0,0,2,-2,0,0,0,0,0,0,0,0,1,0,-1,1,1,0,9.259985,0,0,-0.718267,0,0,0,0,0,0,1,0,0,1,0,1
0,-2,0,0,0,0,0,-0.738087,0,0,0,1,0,-1,0,0,-0.686752,0,0,0,0,1,1,0,0,1,0,0,0,0,-2,0,2.21499,5,-2,0,1,0,-1,0,1.594182,2,0,-0.675095,2,1,0,1,0,0,0,0,0,0,0,0,0,-1,0,0,0,0,0,0,1,0,0,0,0,0,0,0,0,3,0,0,0,0,2,0,0,0,0,0,0,1,0,7.257671,1,0,-0.685463,0,0,0,0,0,0,1,0,0,2,0,1
0,0,-4,-1,0,0,0,-0.7074,0,0,-2,0,-6,0,0,0,-0.803279,0,0,1,0,1,0,0,0,-1,0,6,0,0,0,0,0.88571,1,0,0,0,0,0,0,0.853009,-2,0,0.147258,0,-3,0,2,0,0,0,0,-1,0,-1,0,1,1,0,-1,0,0,0,0,0,0,0,0,0,0,0,-1,1,0,-2,1,-2,0,0,0,0,0,0,0,0,1,-1,-0.78076,0,1,-0.73196,0,0,0,0,0,0,0,0,0,0,0,1
0,0,-1,-1,0,0,-1,-0.586207,0,0,-1,0,-1,0,-2,0,-0.803279,0,0,0,0,0,0,0,-1,0,0,0,2,0,-1,0,1.22926,6,0,0,0,0,-1,0,0.469001,2,0,-0.084759,0,0,0,0,0,-1,0,0,1,0,0,0,0,0,2,-2,0,0,0,-2,0,0,0,0,1,0,0,0,1,0,0,-1,0,0,0,0,0,0,0,0,1,0,0,-0.281989,1,1,-0.761726,0,1,0,0,0,0,1,0,0,0,0,1
0,2,0,1,0,0,0,-0.681085,1,0,0,0,0,0,0,0,-0.803279,0,0,0,0,1,0,0,0,0,0,0,0,0,1,0,0.88571,15,0,0,0,0,0,1,1.58388,0,0,-0.199347,1,1,0,0,0,0,0,0,1,0,0,0,1,0,3,0,0,0,0,0,0,0,0,0,2,0,0,2,0,0,0,0,-1,0,0,0,0,0,1,-1,0,1,1,-0.809449,-1,1,-0.745085,0,0,0,0,0,0,0,0,0,-1,0,1
0,-1,-1,0,-1,0,0,1.293602,0,1,0,0,0,0,0,0,-0.350328,-1,-1,0,0,1,0,1,0,0,0,0,3,2,0,0,1.39884,6,0,0,0,0,0,0,0.262903,0,0,-0.675885,0,0,0,2,0,0,0,-1,0,0,0,0,1,0,-2,2,-1,0,1,0,0,0,0,3,6,0,0,-2,0,2,3,0,-1,0,0,0,0,0,0,0,0,0,0,-0.428571,-1,0,-0.813048,0,0,0,0,0,-2,0,1,1,0,1,1
0,0,0,1,0,2,0,-0.806452,0,1,0,0,0,0,2,0,-0.563937,0,1,0,0,1,0,0,0,-1,0,0,4,0,0,0,1.65714,-9,0,0,1,0,2,0,0.869098,0,0,-0.667693,0,0,-1,-1,1,0,1,0,0,0,0,0,0,0,-1,2,0,0,0,0,0,0,0,0,2,0,1,0,0,3,0,0,0,0,0,0,0,0,1,0,0,0,0,-0.339932,0,0,0.995221,0,0,0,1,0,-3,0,1,1,0,1,1
0,0,-2,0,0,0,1,-0.806452,0,0,1,0,0,0,0,0,-0.613753,0,0,0,0,1,0,0,0,0,0,0,0,0,0,0,1.41577,2,0,0,0,-3,0,0,0.99224,0,0,-0.901233,2,0,0,0,0,0,0,0,0,3,0,0,0,0,0,0,0,-1,0,0,1,0,0,0,-1,-1,0,0,0,0,3,0,0,0,1,0,0,-1,0,0,0,-1,0,-0.417706,0,0,0.447216,2,0,-4,2,0,0,0,0,0,-1,1,1
0,0,0,0,0,0,0,-0.72093,0,0,-2,0,0,0,0,2,-0.612903,0,-1,1,1,0,0,0,1,-1,0,-2,0,-2,0,0,0.89706,0,0,1,0,2,1,0,2.157755,0,0,-0.528919,0,0,0,1,0,0,0,0,0,0,0,1,0,1,0,1,0,0,-1,-1,1,1,0,0,0,0,-1,-2,0,0,0,1,0,-1,0,0,0,0,0,0,0,0,0,0.372411,0,0,-0.632181,0,0,0,-1,1,1,0,1,0,1,0,1
0,0,2,1,0,-2,0,-0.72181,0,0,0,0,0,0,0,0,-0.612903,0,-2,0,0,1,0,0,0,0,0,-3,0,0,0,0,0.95161,3,0,0,1,0,2,0,0.173936,0,0,-0.340981,-2,0,0,0,1,0,0,0,0,0,0,2,0,0,0,0,0,0,0,0,1,1,1,0,0,1,1,0,-2,0,1,0,0,0,0,0,0,0,0,1,0,0,0,-0.420456,0,0,-0.619495,0,0,5,0,0,0,0,0,-1,2,0,1
0,0,0,1,0,0,0,-0.72093,0,0,0,0,-1,0,0,0,-0.565144,0,0,0,0,0,0,0,0,-1,0,-2,-2,0,0,0,0.52281,2,0,0,1,0,1,0,1.398555,-1,0,0.068027,0,-1,0,0,0,0,-1,0,1,0,1,4,0,0,-1,0,0,0,0,0,0,1,2,0,1,0,1,0,0,0,-1,0,0,0,0,0,-1,1,0,0,0,0,-1,-0.752053,0,-1,-0.833409,0,0,0,0,0,0,0,0,0,3,0,1
0,0,0,0,0,0,-2,-0.677696,0,0,-1,0,0,2,0,1,0.271283,0,0,0,0,0,0,0,0,-1,0,-2,0,-1,1,0,0.47022,16,0,0,0,1,0,0,0.879052,0,-2,-0.464672,0,0,0,2,0,1,-1,0,0,0,1,-1,0,1,1,0,0,-1,3,0,0,2,1,0,0,0,0,0,0,-1,1,0,2,0,0,5,0,1,0,0,1,1,-1,-0.777061,0,0,-0.584945,1,0,-2,0,0,-1,0,0,0,0,0,1
0,0,0,-3,0,0,0,-0.710422,0,0,0,0,2,0,1,1,-0.375861,0,0,0,0,0,0,0,0,0,0,0,2,0,1,0,0.62246,12,0,0,0,0,0,0,0.199548,-1,0,-0.493119,0,0,0,1,0,-1,1,0,1,0,0,0,0,0,0,0,0,0,4,0,0,0,1,0,0,0,5,-1,0,0,-2,1,0,0,0,0,0,-2,0,0,1,-1,0,-0.707349,0,0,-0.66527,1,0,2,-1,-1,0,0,0,0,0,0,1
0,0,1,1,0,0,0,-0.182232,0,0,0,0,0,0,1,0,-0.588208,0,0,-3,0,0,-2,0,0,0,0,-4,0,0,0,0,0.6632,4,-1,-1,0,0,0,0,0.708333,0,0,-0.574557,0,0,0,0,0,0,0,1,0,-1,0,0,1,0,0,0,0,0,0,0,0,4,0,0,-5,-1,1,0,0,3,0,0,-2,0,0,0,0,0,0,0,2,0,0,-0.755102,0,0,-0.816185,1,0,1,0,-1,-1,0,0,0,0,0,1
0,-1,0,0,0,1,0,-0.535406,0,0,1,0,-2,-2,2,0,-0.5,0,1,0,0,0,0,-2,-1,0,0,0,0,0,1,0,0.88957,2,0,0,1,1,1,0,1.45455,0,0,-0.824142,0,0,-1,0,0,0,0,0,0,1,0,2,1,0,0,-1,0,0,0,0,0,0,1,0,0,0,0,-1,1,0,3,0,0,1,0,0,0,0,0,1,0,1,-1,-0.744803,0,1,-0.88985,0,0,1,0,0,0,0,-1,0,0,1,1
0,0,0,0,0,-1,0,-0.333202,0,0,0,1,0,0,0,0,-0.456084,0,0,0,0,0,0,2,0,0,0,0,0,0,0,0,0.90753,4,0,0,0,0,1,0,1.45455,0,0,-0.646406,0,0,0,0,1,0,0,0,0,0,0,0,0,1,-1,0,0,0,0,0,0,0,0,-1,0,0,0,0,0,-2,3,0,0,0,0,0,0,-1,0,1,1,0,0,-0.755102,0,0,-0.727623,0,1,0,1,-1,0,0,2,1,0,1,1
0,0,0,0,-1,1,0,-0.435014,0,0,0,0,1,1,0,0,-0.5,0,0,0,0,0,0,-2,0,0,1,0,1,5,1,-1,1.31997,2,0,0,0,1,1,0,1.156502,1,2,-0.521099,0,-1,0,0,0,3,-2,0,0,1,0,2,4,0,0,0,0,0,0,-1,1,0,1,-3,0,1,0,0,0,0,0,0,1,1,0,-2,0,0,0,1,0,0,0,-0.768106,1,1,-0.692308,0,0,1,2,0,0,0,-1,0,0,1,1
0,1,0,-1,0,0,-1,-0.741672,0,0,0,0,2,0,0,0,-0.85633,0,1,0,-1,0,0,0,0,0,0,0,0,-1,0,0,1.53692,4,0,2,1,0,0,0,1.201665,0,0,-0.777818,0,0,0,0,0,-1,0,0,0,0,0,2,0,0,2,2,0,0,0,0,0,-1,0,0,0,0,0,-1,0,2,0,1,0,0,0,0,0,0,0,1,0,1,1,-0.592534,0,0,-0.205601,0,0,3,-1,0,0,1,0,0,2,1,1
0,-1,0,0,1,1,3,-0.632455,0,0,-2,0,0,0,1,0,-0.538462,0,0,1,0,0,0,0,0,0,0,0,0,-1,0,0,1.85081,6,1,0,0,1,0,0,0.737544,0,0,-0.756477,0,0,0,0,1,1,0,0,0,0,-1,0,-2,0,0,0,0,0,0,-1,0,0,0,2,0,0,1,0,0,0,0,0,2,0,0,0,0,0,0,0,1,2,-1,-0.52,0,0,-0.820896,0,0,3,0,1,0,-1,0,1,0,1,1
0,2,2,0,0,0,0,-0.660408,0,-1,0,0,0,0,0,0,-0.690936,1,0,1,0,0,0,0,0,-1,-1,0,0,0,0,0,1.26979,4,0,0,0,1,0,1,1.121586,2,0,-0.750889,-1,0,0,0,0,0,0,0,0,0,0,1,0,0,0,0,0,0,0,-1,0,0,0,0,0,0,1,-1,0,-1,0,0,0,0,0,0,0,0,1,1,0,0,0,-0.578842,0,1,-0.820896,0,0,3,0,0,-1,0,1,1,2,1,1
0,0,0,0,0,0,0,-0.426184,0,0,0,0,0,-2,0,0,-0.492677,0,0,1,5,0,0,0,0,0,-2,0,0,0,0,0,0.9066,5,1,0,1,0,0,0,1.474986,2,0,-0.581338,0,0,0,0,0,0,0,0,0,1,0,0,2,0,2,0,0,0,0,0,0,0,0,1,0,0,-1,1,-1,0,0,0,0,0,0,0,0,0,0,0,0,0,1,0.012571,0,1,-0.366484,0,0,0,0,0,0,0,1,0,0,1,1
0,0,3,-1,0,0,0,-0.72126,-2,1,0,0,0,1,0,1,-0.67966,0,1,0,0,0,2,3,0,0,0,-1,0,0,-2,0,1.36394,7,1,0,0,2,0,0,0.424041,0,0,-0.765651,0,0,0,0,0,-1,0,0,0,0,0,0,1,0,-1,0,0,0,0,1,0,0,0,1,0,0,0,1,0,-3,0,0,2,0,0,0,0,0,0,0,0,1,1,-0.438598,0,1,-0.571429,0,0,0,-1,-1,1,0,1,0,0,1,1
0,0,-1,0,0,0,0,-0.649034,1,-1,0,1,0,1,0,1,-0.469332,0,0,2,0,0,0,0,0,0,2,0,0,0,-1,0,1.31091,0,1,0,0,0,0,-1,1.461282,0,0,-0.747809,0,0,0,0,0,0,0,0,0,0,0,0,0,0,0,0,0,0,0,0,0,-1,1,1,0,0,0,1,0,0,-1,0,0,0,1,0,0,3,0,0,0,1,1,-0.622981,-1,0,0.798778,0,0,2,0,0,0,0,3,0,0,1,1
0,0,0,0,-1,2,0,-0.713235,0,0,0,0,0,0,0,0,0.002727,-1,0,0,1,1,1,2,1,0,0,0,-1,0,0,0,1.91429,2,1,0,0,0,0,0,0.963401,3,0,-0.882394,1,0,0,0,0,0,1,0,0,0,0,0,0,0,0,0,0,0,0,0,1,0,0,0,0,0,0,2,-1,0,1,0,0,1,0,1,1,0,0,-3,0,0,0,-0.779476,0,0,-0.501871,0,0,0,0,0,0,-1,0,-1,1,1,1
0,1,1,-2,0,0,1,-0.851737,0,0,0,0,1,1,1,2,-0.803279,0,1,0,0,0,0,0,1,2,0,0,0,3,0,-1,1.97431,2,0,0,0,-1,0,0,0.481998,0,0,-0.796362,0,0,0,0,0,0,0,0,0,2,0,1,0,0,0,2,-1,1,1,0,1,0,0,1,0,-2,2,0,0,0,3,0,0,0,0,1,0,0,1,0,0,0,0,-0.811345,0,0,-0.229754,0,0,0,1,0,0,1,0,0,0,1,1
0,1,1,0,-1,2,1,-0.727273,-1,0,-1,0,1,1,0,3,-0.803279,0,0,0,1,0,0,3,1,0,0,2,2,1,-1,0,2.16287,7,0,0,0,0,0,0,0.591434,-1,-1,-0.750723,0,0,-1,0,0,0,0,-2,0,0,0,0,4,0,0,0,0,0,1,1,0,0,0,1,-2,0,0,1,0,2,0,1,2,-1,0,1,0,0,0,0,0,0,0,-0.775659,0,0,-0.218783,0,0,0,1,0,0,-1,0,0,0,1,1
0,0,0,0,0,0,0,-0.586207,3,0,0,0,1,0,0,0,-0.744681,2,0,1,1,0,0,2,0,0,0,2,0,0,0,0,2.11664,2,0,0,-1,0,0,-1,1.500342,0,0,-0.814269,0,0,0,0,0,0,0,-1,0,0,0,0,0,0,1,-1,0,0,0,0,1,0,0,-2,0,0,-1,0,0,0,0,0,0,0,0,0,0,0,0,0,0,0,1,-0.710693,0,0,-0.753867,0,0,0,0,-2,0,1,1,0,2,1,1
-1,-1,0,-1,0,0,0,-0.556992,0,0,0,0,0,1,0,-3,-0.079744,0,0,1,0,0,0,0,-1,1,0,0,1,7,1,0,1.96576,3,0,-1,2,1,0,0,1.063722,0,0,-0.734651,1,0,0,0,0,0,-1,0,0,0,0,0,0,0,3,0,0,2,0,1,0,0,0,0,0,0,0,0,0,0,0,0,0,0,0,0,0,0,0,1,0,0,0,-0.682274,0,1,-0.7,0,0,0,0,0,-2,0,0,1,0,1,1
0,0,0,1,1,0,-1,-0.603967,0,0,0,0,1,0,2,0,-0.744681,1,0,1,1,0,0,0,1,0,1,0,-2,0,0,-1,1.12277,4,-1,0,0,1,0,1,0.793506,0,-2,-0.790986,0,1,0,0,0,0,0,0,-1,0,-2,1,-1,0,-1,1,0,0,0,0,2,0,1,0,0,0,0,0,-2,0,0,0,0,1,0,0,-1,0,0,0,0,0,0,-0.155045,0,0,-0.700233,0,0,0,-1,0,0,0,0,1,0,1,1
0,0,0,0,0,0,0,-0.646304,0,0,0,0,2,0,1,1,-0.652514,0,0,1,0,-1,0,-1,0,0,0,0,0,0,-1,0,1.53034,8,-1,0,2,0,-1,0,1.57447,0,2,-0.155987,0,0,0,0,0,0,0,0,0,0,-2,0,0,-1,1,0,0,0,1,-1,-1,0,0,3,2,0,-2,1,0,-1,2,0,0,0,0,-1,0,1,0,0,1,0,1,-0.252631,0,0,-0.549098,2,0,0,0,0,0,0,0,1,2,1,1
0,0,0,0,0,0,0,-0.625959,0,0,0,0,0,0,0,0,-0.518356,0,0,1,1,0,0,0,0,3,0,0,0,0,0,0,2.0754,3,-1,0,0,0,0,0,1.515329,0,0,-0.744681,0,0,0,0,-1,0,1,0,0,0,0,0,0,0,0,0,1,0,1,0,2,0,0,0,0,1,0,0,1,0,0,0,0,0,-1,0,0,0,2,0,0,0,0,0.726987,2,0,-0.625639,0,0,3,0,0,0,0,0,0,1,1,1
0,-1,0,0,0,0,-1,-0.632265,0,0,0,0,0,1,1,1,-0.507636,0,0,1,3,0,0,0,0,0,0,0,0,0,0,0,0.62949,7,0,0,0,0,0,0,1.57447,-1,0,-0.798671,1,-2,0,0,0,-1,2,0,0,2,0,0,3,0,0,0,0,0,1,0,0,0,0,-3,4,0,0,1,0,0,2,0,0,0,0,0,0,1,0,0,1,0,1,-0.728608,0,0,-0.396587,0,0,3,0,0,0,0,0,0,0,1,1
0,1,0,0,0,1,0,8.6338,0,0,2,0,0,0,0,0,-0.737514,0,0,0,0,0,0,3,0,0,0,0,2,0,0,0,1.30831,0,0,0,1,0,0,1,1.24345,-3,0,-0.779315,0,1,0,0,1,0,0,0,0,0,1,0,0,-2,0,-2,0,0,0,0,0,-2,0,1,0,2,0,0,1,0,0,1,-1,0,1,0,0,0,0,0,0,-1,0,-0.762075,0,-3,-0.076562,0,0,0,0,1,-1,0,0,0,-2,0,1
0,0,1,0,0,0,1,7.659432,0,0,0,1,1,0,0,0,-0.689494,1,0,0,3,0,0,0,0,0,0,0,0,0,0,0,1.30279,0,0,-1,1,1,0,0,1.14286,-1,0,-0.654107,0,0,1,0,0,0,0,-1,0,0,0,1,0,0,1,0,0,0,-2,0,0,0,1,0,-1,0,0,2,1,0,2,1,0,2,0,-1,0,1,0,4,0,0,0,1.15905,0,0,-0.685688,0,0,-1,0,2,2,-1,2,0,-1,0,1
0,0,1,-1,0,0,0,8.552547,0,0,0,0,1,0,0,0,-0.374481,0,0,0,0,0,0,0,0,0,1,-1,0,0,0,0,1.12246,3,0,0,1,1,0,0,1.14286,0,-1,-0.824365,0,2,0,1,0,0,0,0,0,0,0,1,0,0,1,0,0,0,0,0,0,0,1,-2,0,-1,0,0,0,1,0,0,0,0,1,-1,0,0,0,1,0,0,0,-0.718153,0,0,-0.702363,3,0,0,-1,0,0,0,0,1,0,0,1
-1,0,0,0,-3,0,0,-0.72093,0,2,0,0,0,0,-1,1,-0.858552,0,0,0,1,0,0,0,0,0,0,0,0,0,0,3,0.95571,7,0,0,1,0,0,0,0.605133,0,0,-0.052517,0,0,0,1,0,1,0,0,1,0,0,0,-1,1,0,0,1,0,0,0,0,0,0,0,0,1,2,-2,1,2,-1,0,1,0,0,1,0,0,0,-2,0,0,0,-0.84,0,0,-0.850226,2,0,2,-1,0,1,0,0,0,1,1,1
0,-1,0,1,0,0,0,-0.72093,-2,1,2,0,0,0,0,0,-0.581455,0,0,0,0,0,0,0,0,0,0,2,0,0,0,-1,1.70531,4,0,2,1,0,0,0,2.316062,0,0,-0.097328,0,1,0,1,0,0,1,0,1,0,0,0,0,1,0,0,0,0,3,0,-3,0,0,0,1,1,0,0,0,0,7,0,1,0,0,1,0,0,0,0,0,2,0,-0.715505,0,0,0.194134,4,0,0,0,-2,1,0,1,0,1,1,1
0,1,0,1,0,0,-1,-0.775448,0,0,2,0,0,-1,0,1,-0.776332,0,0,0,-2,0,0,-1,-1,0,0,-1,0,0,0,0,3.55026,4,0,0,0,0,0,2,2.448611,2,0,-0.086397,0,1,0,1,0,2,2,0,1,0,0,-1,-1,0,0,0,0,0,-1,0,2,0,0,0,0,1,0,0,0,0,0,0,0,0,0,1,0,-1,0,1,0,4,0,-0.84,0,0,-0.82155,0,0,6,0,0,1,0,0,3,1,1,1
0,0,2,0,-1,-1,0,-0.541803,0,0,0,0,0,0,0,1,-0.771138,0,0,0,-1,0,1,0,0,0,0,0,-3,0,1,0,1.4938,0,0,0,0,1,0,0,0.974501,2,1,-0.748959,0,-1,0,-1,0,-1,-1,0,0,0,0,0,0,0,1,0,0,0,1,0,0,0,0,0,2,1,0,0,-1,0,0,0,0,0,0,0,0,0,0,0,-1,2,0,-0.662441,2,-1,-0.722994,0,0,-1,0,0,0,-1,1,0,1,1,1
0,0,0,0,-2,-1,1,-0.797977,0,1,0,0,0,0,0,0,-0.817395,0,0,0,0,0,-2,0,0,0,0,0,0,0,0,0,2.77237,1,0,0,1,0,0,0,0.598092,0,0,3.153488,0,-2,0,-1,0,0,1,0,0,-2,-2,0,1,1,0,0,0,0,0,1,1,0,0,-3,2,0,5,0,0,-1,0,0,-1,0,-2,0,0,1,-1,0,-1,0,0,-0.725093,0,0,-0.734893,0,0,0,0,0,0,-1,0,0,3,1,1
0,-2,-4,0,0,0,0,-0.611247,0,1,1,0,0,-3,0,0,-0.75505,0,0,1,0,0,0,0,0,0,0,2,2,-1,0,0,1.4,8,0,1,1,1,0,0,1.835095,2,0,-0.733455,1,0,0,0,0,0,0,0,1,0,0,-1,0,1,0,0,0,0,0,-1,0,0,-1,-1,0,0,1,0,-2,1,0,0,0,0,0,0,0,1,1,1,0,0,0,-0.798767,0,0,-0.680311,0,0,0,0,0,0,0,0,1,0,1,1
1,0,0,0,0,6,0,-0.758522,0,0,0,0,0,0,0,1,-0.330269,0,0,0,-2,0,0,0,0,0,0,0,-1,0,0,1,1.12051,2,1,-1,-2,0,0,1,1.022225,0,0,-0.786179,0,0,0,0,0,-1,0,0,-1,1,0,0,1,0,0,2,0,0,0,0,0,0,0,0,0,0,-3,0,0,-2,1,-1,0,0,0,0,0,0,0,0,0,0,-2,-0.524157,0,0,-0.675814,-1,0,0,-1,0,3,1,0,1,0,0,1
0,0,0,0,1,0,0,-0.745285,0,0,1,0,1,0,0,-3,-0.680098,0,0,0,0,0,0,-1,0,0,0,0,7,0,0,0,1.02629,0,0,0,0,0,0,-1,0.325,0,-1,-0.664805,0,-1,0,0,0,0,0,0,0,0,0,0,0,1,1,0,1,0,1,1,0,0,1,0,1,-3,-1,2,0,0,1,0,0,0,0,1,0,0,0,-1,0,0,0,-0.530888,0,0,-0.723257,0,0,3,0,0,0,0,0,0,1,0,1
0,0,-1,0,0,0,-1,-0.785714,0,-1,0,0,0,0,0,1,-0.73129,0,0,0,0,0,0,0,0,0,0,0,0,-1,1,0,1.10998,1,0,0,0,0,0,0,0.403798,3,-1,-0.767265,0,3,0,0,0,0,0,1,0,0,0,0,0,0,0,-2,0,0,0,0,0,0,0,0,0,-1,1,0,1,-1,0,0,0,2,0,0,-1,0,-1,-1,0,0,0,-0.410607,0,0,-0.605774,0,0,2,0,0,0,0,1,0,0,0,1
0,0,0,0,0,0,0,-0.70474,0,0,0,0,0,0,0,0,0.461388,0,0,1,0,0,0,1,0,0,0,3,0,0,0,0,1.39672,5,0,0,1,0,0,0,1.64019,1,1,-0.684211,1,-1,0,-1,0,-1,0,-1,1,0,-1,0,0,0,0,0,0,0,0,5,0,2,0,1,0,1,0,-1,0,1,0,0,1,0,-1,0,1,2,0,0,0,-3,0,-0.696975,0,-1,6.89474,0,0,0,0,0,0,0,0,0,0,1,1
1,2,-1,0,0,1,1,-0.743666,0,0,0,0,0,0,-1,0,-0.802079,0,0,1,0,0,1,0,0,0,0,0,0,0,1,0,0.82786,8,0,2,0,0,0,0,1.95325,0,0,-0.792252,0,0,2,0,0,0,0,0,0,0,1,2,0,0,2,1,0,0,1,0,0,0,2,1,1,0,0,0,0,0,2,0,1,0,-1,0,0,0,0,1,0,0,0,-0.565107,0,1,6.773577,2,0,0,-3,0,0,0,0,0,2,1,1
0,-1,0,0,0,0,0,-0.790492,0,0,0,0,0,0,0,3,-0.79661,0,0,1,0,0,1,1,-1,-1,0,0,0,0,1,0,1.19954,3,0,0,0,0,0,0,1.71947,2,0,-0.736624,0,1,1,0,0,0,0,0,0,1,0,1,0,0,-1,-1,0,0,0,0,1,0,0,-1,0,0,1,0,0,0,0,0,0,0,0,0,0,0,0,0,0,0,0,-0.7,0,0,3.636183,0,0,2,0,-1,-1,0,0,0,0,1,1
0,0,2,1,0,0,1,-0.522104,0,1,0,0,0,0,0,-2,-0.225911,0,0,0,0,0,0,-1,0,0,0,0,0,0,0,2,1.60339,1,0,0,1,0,-1,0,1.382965,0,0,-0.798217,0,0,0,0,0,0,0,0,0,0,1,0,1,0,0,0,0,0,3,-2,0,0,0,0,0,1,1,0,0,-1,0,1,0,2,0,1,0,0,1,1,0,1,0,-0.690714,0,0,-0.51279,0,0,0,0,1,-1,0,0,0,1,1,1
0,0,0,1,0,0,0,-0.707317,0,0,0,0,2,0,0,0,-0.795495,0,0,0,0,0,2,-2,0,0,0,2,0,0,0,0,1.96296,3,0,0,0,0,0,0,0.891739,0,0,-0.761845,-1,0,0,0,0,0,0,0,0,2,0,0,-2,0,0,0,0,0,0,0,0,0,0,0,0,0,0,2,1,0,-1,0,0,0,0,1,0,0,1,1,0,0,1,1.429672,0,0,-0.664131,0,0,4,0,1,1,0,0,-1,1,1,1
0,0,2,0,0,2,0,-0.216518,0,0,0,0,0,2,0,0,-0.608746,0,0,0,1,0,0,0,0,0,0,0,2,2,0,0,1.32697,4,0,0,1,0,0,0,1.495474,0,0,-0.827563,0,0,0,1,0,1,0,0,0,0,0,1,1,0,0,0,1,1,0,-1,0,0,0,7,0,0,0,0,1,-1,0,0,0,0,0,1,0,1,1,-1,0,0,0,-0.521841,0,0,-0.140281,0,-1,0,0,0,1,0,0,0,1,1,1
0,1,1,0,1,0,1,-0.750332,1,0,0,0,0,1,0,-1,-0.745087,0,0,0,-1,0,2,0,0,2,0,-2,-1,0,0,0,1.00229,14,0,0,0,1,0,-1,1.601042,0,1,-0.517679,1,0,0,0,0,0,0,0,0,0,0,0,2,0,2,0,2,0,0,1,1,1,0,1,2,0,1,0,0,-1,0,0,0,3,0,0,1,1,0,0,0,0,0,-0.711137,0,0,-0.666913,0,0,0,0,0,0,0,1,-1,0,1,1
0,0,1,0,1,0,0,-0.703017,0,0,0,0,0,1,0,0,-0.713512,0,0,3,0,0,3,0,0,0,0,0,0,0,0,0,1.4,7,0,0,0,1,1,0,1.608545,0,1,-0.755102,1,-1,0,0,-1,0,0,0,0,0,1,0,4,2,0,0,0,0,0,-1,0,1,1,0,2,0,1,0,0,0,0,0,0,0,0,-1,0,0,0,0,0,0,0,-0.676962,1,0,-0.509951,0,0,0,1,1,1,0,1,0,0,1,1
0,0,1,1,0,0,0,-0.692308,0,0,1,1,1,1,0,0,-0.576939,-1,0,1,3,0,2,0,0,0,0,0,-2,0,0,0,1.37142,3,0,0,1,0,1,0,1.015997,0,0,-0.697117,0,0,0,0,0,0,0,0,0,0,2,1,4,0,1,2,0,0,0,-2,0,1,0,0,0,1,0,0,0,0,0,0,0,0,0,0,0,1,0,-3,0,2,0,-0.511984,0,0,-0.607581,0,0,0,0,0,-1,0,0,0,-2,1,1
0,0,1,0,1,3,0,-0.636364,0,0,1,0,-2,-1,0,2,-0.823432,0,0,0,0,0,0,2,0,0,1,0,2,0,1,0,1.46628,6,0,0,1,-1,0,0,0.943307,-2,0,-0.707971,0,0,0,0,0,1,0,0,0,0,0,0,0,1,1,0,0,2,1,0,0,-1,0,-1,0,0,2,0,1,-1,0,1,2,0,0,-1,0,1,0,-1,0,0,0,-0.773585,0,0,-0.582232,2,0,6,1,0,0,1,0,0,0,0,1
0,0,0,0,0,1,0,-0.669495,0,-1,0,0,0,0,0,1,-0.647059,-2,0,0,1,0,0,0,0,1,1,-1,0,0,0,2,2.96594,5,0,0,0,0,2,0,0.655115,0,3,-0.296142,0,0,0,0,0,1,0,0,0,1,0,0,0,1,2,0,0,1,1,0,0,0,0,0,0,0,3,-1,1,0,0,0,0,0,0,0,0,0,0,2,0,0,0,-0.680993,0,0,-0.67098,0,0,0,0,0,0,-1,1,0,0,0,1
0,-2,0,1,0,1,0,-0.614979,0,1,2,0,-1,0,0,0,-0.509855,0,0,0,4,0,0,0,1,0,2,1,0,0,0,0,1.60694,2,1,0,0,0,1,1,0.844223,-1,0,-0.798664,0,-1,0,-1,0,0,0,0,0,0,0,0,1,1,2,0,1,1,0,1,0,0,0,0,0,0,1,0,1,0,0,1,-1,0,1,0,0,0,0,0,-1,0,0,-0.850072,0,0,-0.42189,2,0,0,0,-1,3,-2,1,0,1,0,1
0,0,1,2,0,0,0,1.061602,0,0,1,0,1,1,2,0,-0.525941,0,1,2,0,0,0,0,1,0,0,0,-1,0,1,-2,1.91429,3,2,0,1,0,0,0,1.191592,0,1,-0.25296,0,0,0,0,0,0,-1,0,-2,1,0,0,0,0,1,0,1,1,-3,0,0,1,1,0,0,1,0,0,0,0,0,-1,1,0,0,0,-1,0,0,0,0,0,0,1.022581,0,1,-0.809754,-1,1,0,0,0,0,0,0,1,1,0,1
0,1,1,1,0,0,3,0.535169,1,-1,0,1,0,0,0,0,-0.548112,0,0,0,0,0,0,1,0,0,0,0,2,0,0,0,2.75378,15,0,0,0,0,-1,0,2.807066,2,0,-0.836554,-2,0,-2,0,0,1,0,0,0,0,0,0,0,0,1,0,0,1,0,0,1,-4,0,0,0,0,0,0,0,0,0,0,3,1,0,0,0,1,0,0,1,0,0,-0.478261,0,0,-0.675025,0,0,0,0,0,0,0,4,0,1,0,1
0,0,1,1,-1,0,-1,-0.066218,-1,0,1,0,1,0,0,1,-0.545884,0,0,0,0,0,0,1,0,-2,0,0,0,0,0,0,1.91429,4,0,-1,0,-3,0,0,0.999061,0,0,-0.820896,0,0,0,0,0,0,0,0,0,0,0,-1,0,-1,1,0,0,0,4,-1,1,0,0,1,0,0,0,0,0,0,0,0,0,1,0,0,0,1,-1,0,1,2,0,-0.844667,0,0,-0.662097,0,1,0,0,0,-1,0,0,0,1,0,1
0,0,1,-2,0,0,0,-0.75742,1,0,0,0,0,0,0,0,0.316192,0,0,0,0,0,0,0,-1,0,1,0,0,0,0,0,2.17272,5,1,0,1,0,0,0,0.912926,0,0,-0.661833,0,0,0,0,0,0,0,0,0,0,0,1,0,3,0,0,1,0,0,1,0,2,0,3,0,0,0,0,0,0,0,0,-1,0,0,0,0,0,0,0,1,0,0,-0.689376,0,1,-0.877608,0,0,0,0,0,0,0,0,0,0,0,1
0,0,0,0,-1,-5,1,-0.686278,3,0,0,0,0,0,1,-1,-0.547831,0,0,0,0,0,0,-3,2,0,0,0,0,1,0,0,0.82857,3,0,0,0,1,0,0,0.689655,0,0,-0.586207,0,0,0,0,0,0,0,-1,0,0,0,2,0,0,1,2,0,1,-1,0,0,0,0,0,0,3,1,0,0,1,0,0,0,0,0,0,0,0,0,0,0,0,0,-0.628201,-1,0,-0.520206,-1,0,0,0,0,0,0,-1,0,2,0,1
0,0,0,-2,-1,0,0,-0.70251,0,0,0,0,-5,0,0,0,0.320645,0,0,0,0,0,0,-1,1,0,0,0,0,0,0,0,0.99393,6,0,0,0,2,0,0,0.308433,0,0,-0.623559,0,-1,2,0,0,0,0,-1,0,1,0,0,-2,0,0,-1,0,1,-2,0,1,1,0,2,0,0,0,0,0,0,0,0,0,0,-1,0,0,-1,0,1,0,0,0,-0.703962,0,0,-0.630273,0,0,1,0,0,1,0,0,2,1,0,1
0,2,0,1,0,3,0,-0.562599,0,0,0,1,-1,0,0,0,-0.840861,0,0,0,0,0,0,0,1,0,-1,0,0,-1,0,0,2.02028,2,0,0,0,2,0,0,0.773585,0,3,0.039866,0,1,0,1,0,-1,0,0,0,0,-2,0,0,0,0,0,0,-1,0,0,1,0,-1,1,0,0,0,0,0,0,-1,0,0,0,0,0,0,0,0,2,1,0,1,-0.603424,0,0,-0.61874,0,0,0,0,0,0,1,1,0,-1,1,1
0,0,1,-3,0,0,0,-0.653887,0,-1,0,0,0,0,2,0,-0.785978,0,0,0,0,0,0,1,0,0,0,0,0,0,0,0,1.63533,6,0,-2,0,0,0,0,0.773585,0,0,-0.797974,-1,0,1,0,0,0,0,0,0,2,0,0,0,0,0,0,0,0,0,0,0,0,-1,-3,-1,0,2,0,0,-2,0,0,-1,0,0,-1,0,0,-1,1,0,0,0,-0.438873,0,0,-0.513208,0,1,0,3,0,0,-2,0,0,-1,1,1
0,0,0,-3,0,0,1,-0.521123,0,0,2,1,0,0,0,0,-0.571467,0,0,2,3,0,0,1,0,-1,0,0,2,0,0,0,2.02912,5,-1,0,0,1,1,0,3.654288,1,0,-0.773585,0,0,0,0,0,0,0,2,0,0,1,0,0,0,0,1,0,0,0,0,0,0,0,1,0,0,0,0,0,0,0,0,0,0,0,0,-1,0,0,1,0,1,0,-0.84949,0,0,-0.513998,-1,0,0,0,0,0,0,0,0,0,1,1
0,0,0,0,0,0,0,-0.428571,0,1,0,0,0,0,2,0,0.110999,0,1,0,1,0,-1,-1,0,0,0,2,0,2,1,0,1.21646,3,0,1,1,0,0,0,1.35547,0,0,-0.803279,0,0,1,0,-1,-1,0,0,0,0,0,0,0,0,0,0,0,0,0,0,1,2,0,-1,0,0,0,0,0,0,0,1,0,0,1,0,0,0,0,0,0,-1,0,-0.716701,0,0,-0.908415,0,0,0,0,0,0,1,1,0,1,0,1
-2,0,2,0,0,5,0,-0.64451,0,0,0,0,0,1,0,0,-0.570187,0,1,0,0,0,0,-1,0,0,0,0,-1,0,-1,0,1.47643,4,1,0,0,0,0,1,1.279366,0,1,-0.454855,-1,0,0,0,1,0,-1,0,0,0,0,1,0,-1,2,1,0,0,0,2,0,0,0,1,0,-1,0,2,0,1,3,0,0,0,0,0,0,1,0,0,2,0,1,-0.7522,0,0,-0.752804,0,-1,3,0,1,0,1,0,0,0,0,1
0,0,0,0,0,0,0,0.619287,0,0,0,0,0,0,0,0,-0.623554,0,1,0,0,0,0,0,1,0,0,0,0,0,0,0,1.36851,11,1,0,1,0,0,1,0.95082,0,1,-0.752965,0,0,0,0,0,0,0,0,0,0,-1,0,0,0,0,2,0,1,0,-2,1,1,0,1,0,0,0,0,0,0,0,0,0,0,0,0,0,0,0,0,0,0,0,-0.30829,0,0,-0.628275,0,0,2,0,0,0,0,-3,0,1,0,1
1,-1,0,1,0,0,0,-0.55017,-1,0,0,0,0,0,1,-3,0.387397,0,0,0,1,-1,-1,1,0,0,-1,0,0,0,0,1,0.90929,2,0,0,1,0,0,0,0.716981,0,0,-0.465042,0,0,0,-1,0,0,0,0,0,0,4,1,-2,-1,0,0,0,1,0,0,0,0,0,0,0,0,0,0,0,0,0,0,0,0,0,-1,-1,0,0,0,0,0,0,1.564196,0,0,-0.552232,0,0,0,2,0,0,0,0,0,-1,1,1
0,0,0,1,0,0,-1,-0.536504,0,-1,0,0,0,-1,-1,0,-0.577074,0,0,-2,0,-2,0,0,0,1,2,0,2,0,-1,0,1.70603,13,0,0,1,0,1,0,0.251718,1,0,-0.802307,1,2,0,0,-1,0,0,0,1,0,0,1,0,0,0,0,0,0,1,1,1,4,0,2,0,0,0,0,0,0,0,0,0,3,0,0,0,-2,0,1,0,2,0,6.455013,0,0,-0.516682,0,0,0,0,0,0,-1,1,0,-1,1,1
0,1,0,1,0,3,0,-0.858025,0,0,0,0,0,0,0,0,-0.006168,0,-1,0,0,0,1,0,0,1,0,0,0,0,-1,0,1.99422,5,0,-1,1,0,0,0,0.711468,0,0,-0.756865,-1,3,0,0,0,0,0,0,0,0,0,1,0,-1,2,0,0,0,0,1,1,0,0,0,0,0,5,0,0,0,0,0,1,2,1,0,0,0,0,1,0,3,0,2.33784,0,0,-0.394357,0,0,0,-2,0,0,-1,1,1,0,1,1
-1,-1,2,0,0,0,0,-0.714286,1,0,0,0,2,0,4,0,-0.783654,-1,0,0,0,0,0,0,0,0,0,0,0,0,1,0,1.19217,8,0,0,0,0,0,0,1.976527,0,0,-0.742221,0,0,0,0,0,0,0,0,0,0,0,1,0,0,0,1,0,0,2,1,0,0,0,0,0,0,-1,0,0,1,0,0,0,3,0,0,1,0,0,0,0,0,1,-0.173008,1,-2,-0.31412,0,0,0,0,1,0,0,0,1,0,1,1
0,0,1,0,2,0,-1,-0.32777,0,0,0,0,0,0,0,0,-0.789474,0,0,0,1,2,2,0,0,0,0,0,-1,0,1,-1,0.91567,5,-1,0,0,0,0,0,3.334989,-2,0,-0.679164,0,0,0,0,-1,0,0,0,1,0,0,0,0,0,2,0,0,0,0,0,1,0,0,0,0,0,1,0,0,0,0,0,1,-1,0,0,0,-1,0,0,0,1,0,-0.488612,0,0,-0.801485,0,0,0,1,0,0,1,0,0,0,1,1
0,0,0,0,0,-2,0,-0.894132,-1,0,1,0,0,0,0,-1,-0.790372,0,0,0,-1,0,0,0,0,1,0,0,0,2,1,0,1.56223,2,0,0,0,0,0,0,2.135931,0,0,-0.786078,0,0,0,0,0,0,-1,0,0,0,0,0,0,-3,0,7,0,0,-1,0,0,0,0,0,0,0,1,0,-3,0,0,1,-1,1,0,0,0,-3,-1,0,0,-1,1,-0.414873,0,0,-0.874067,-1,0,0,0,0,2,1,2,1,2,1,1
0,-1,-3,1,0,0,-1,2.993317,0,0,0,-1,-2,0,-1,0,-0.65412,1,-1,0,1,0,0,0,0,0,0,0,-1,0,1,-1,1.87556,6,0,-2,0,0,0,0,1.156361,0,1,-0.719531,0,0,0,0,0,0,0,0,0,0,3,0,0,0,0,0,0,0,0,0,0,2,0,0,0,0,0,0,0,2,0,0,-1,-2,0,0,0,0,0,-1,0,0,0,-0.698769,-2,0,-0.79134,0,0,0,0,0,0,-2,0,1,0,0,1
-1,0,0,0,0,0,-2,1.66667,0,0,0,0,0,0,0,0,-0.659163,1,-1,0,0,0,-1,0,0,0,1,0,0,0,0,0,1.41344,8,0,0,0,0,0,0,0.339066,0,0,-0.778507,0,0,0,0,0,0,1,0,0,0,-1,0,0,0,0,0,0,1,0,0,0,0,0,0,0,0,0,0,0,0,0,0,0,2,0,0,0,0,0,0,0,0,0,-0.55327,0,0,-0.79661,0,0,0,0,0,-2,0,0,0,0,0,1
0,1,0,0,-1,0,1,1.66667,0,0,0,3,0,-1,0,0,-0.76,0,0,1,0,-1,-1,0,0,-1,-1,0,0,-1,1,0,2.42367,0,0,0,0,0,0,0,0.858236,0,0,-0.764706,0,0,0,0,0,0,0,0,1,-1,0,0,0,0,0,0,0,0,0,-1,-1,-1,0,0,0,-1,0,0,0,-1,0,0,0,2,0,1,-1,-1,0,0,0,1,0,-0.675676,0,1,0.768843,0,1,0,0,0,2,0,0,1,0,0,1
0,0,0,1,0,-1,0,-0.083861,0,0,0,0,0,0,4,0,-0.848761,0,0,0,0,-1,6,0,0,0,0,0,0,0,0,0,1.62857,5,0,0,1,0,0,0,0.690257,0,0,-0.795393,0,-1,0,0,0,0,-1,0,0,0,1,0,0,1,0,0,0,0,0,0,0,2,0,0,0,0,1,1,1,0,0,0,1,0,0,0,0,0,0,1,0,0,0,-0.697034,0,-1,-0.90699,0,0,0,0,0,0,0,0,2,0,1,1
0,1,0,0,0,0,2,-0.096667,0,0,0,0,1,1,4,2,-0.015516,0,-1,1,0,0,2,0,0,-1,0,-2,0,0,0,0,1.895,1,0,0,1,0,0,0,1.485007,0,0,-0.80445,3,0,0,0,0,0,-1,1,0,0,0,0,0,1,0,0,0,0,-1,0,1,1,0,0,0,1,4,0,0,0,0,0,0,0,1,0,0,0,0,0,-1,0,0,-0.665107,2,-2,-0.513353,0,0,0,1,3,0,1,0,0,2,1,1
0,0,1,0,0,-2,1,-0.428571,0,2,1,0,0,0,-2,0,-0.585088,0,0,1,0,0,1,0,0,0,0,0,0,0,0,1,1.47497,7,0,0,0,0,0,2,1.563774,3,0,-0.789474,0,0,0,1,0,0,-1,0,0,0,0,0,1,0,0,0,4,0,0,0,0,0,0,0,0,1,0,0,1,1,0,2,0,0,0,0,0,-1,0,0,0,0,-2,-0.705078,1,0,-0.628828,0,0,0,0,0,2,0,0,0,2,1,1
0,1,0,0,0,0,1,-0.704188,-1,0,0,0,-4,0,-1,0,-0.42488,0,0,0,1,0,1,0,1,-3,0,2,0,0,2,-1,1.11429,2,0,1,-1,3,0,0,1.736979,0,0,-0.279171,0,-2,0,0,1,0,1,0,1,0,2,1,1,-1,2,0,0,0,0,0,-1,0,0,0,4,-1,0,0,1,-1,3,0,-1,0,0,0,0,0,0,1,0,1,-1,-0.356322,0,0,-0.571429,0,0,0,0,0,0,0,0,-3,0,1,1
1,2,0,0,0,0,0,-0.746043,0,0,0,0,0,3,0,0,-0.612903,0,-1,0,0,1,0,0,0,0,0,5,0,0,0,-1,1.10645,5,0,0,0,-1,0,0,2.368995,0,1,-0.769512,0,0,0,0,0,-1,1,0,-2,1,0,0,0,1,0,1,0,0,0,0,-1,2,0,0,0,0,0,0,0,0,0,0,0,0,2,0,0,0,0,0,0,0,0,0.044362,0,0,-0.677402,0,0,0,-2,0,0,0,0,0,0,1,1
0,0,1,0,0,3,0,-0.796633,0,0,0,-1,1,1,3,0,-0.468871,0,0,0,1,1,0,0,0,0,-1,-1,0,2,1,0,1.18957,1,0,0,-3,0,2,0,1.872177,0,0,-0.819107,4,0,0,-2,0,0,1,0,0,0,0,0,-3,0,1,0,0,1,0,0,0,-1,0,-1,-1,0,-2,1,0,0,0,0,0,2,0,0,0,0,0,0,0,0,1,-0.382698,0,0,-0.699205,0,0,0,1,0,0,0,0,0,0,1,1
0,0,0,0,0,0,0,2.48387,1,1,0,0,0,0,-4,1,4.63045,0,0,0,-2,0,0,-1,0,0,0,0,0,-1,0,0,1.13521,4,1,0,0,1,0,0,1.46972,-1,0,-0.707974,0,0,0,0,0,0,0,0,0,1,1,0,0,0,0,0,0,0,0,0,0,1,-1,0,0,1,0,0,0,0,0,0,0,0,0,0,0,0,0,0,0,0,0,-0.548919,0,0,-0.657143,0,0,2,2,1,1,-1,2,0,0,0,1
0,1,0,1,0,-2,0,2.48387,0,1,0,0,0,0,0,2,2.003605,0,0,0,0,0,0,0,0,0,-1,0,0,0,-1,0,0.93592,11,1,0,0,0,0,0,1.070962,0,0,-0.73552,2,0,0,0,0,0,0,0,0,-1,0,0,0,0,0,0,-1,-1,1,0,0,0,0,1,0,1,0,0,1,2,0,0,0,0,0,0,1,0,0,0,0,0,-1,-0.279009,0,1,-0.65726,0,0,0,-1,0,1,1,1,1,0,0,1
0,1,0,0,0,-1,0,1.223968,0,2,0,0,0,2,-1,1,2.06383,0,0,1,-1,0,0,0,0,0,0,0,-2,-2,0,0,1.28571,11,0,0,0,0,0,0,1.35556,0,0,-0.783833,0,0,0,-1,0,0,0,0,-1,-1,1,0,0,-1,0,0,0,0,3,0,0,0,0,0,0,1,-1,-1,0,3,2,0,0,0,0,0,0,-1,0,0,0,-2,0,-0.408162,-1,0,-0.687197,0,0,0,0,0,0,0,1,0,0,0,1
0,0,0,0,0,0,0,-0.358963,0,0,0,0,-1,0,0,0,-0.751428,0,0,1,0,0,0,2,0,-1,0,0,0,-2,0,0,0.42767,2,0,0,1,1,0,0,0.659686,0,0,-0.494632,0,0,0,1,0,0,2,0,0,0,1,0,-1,0,0,0,0,0,0,1,-2,0,1,0,0,1,0,0,0,0,9,0,0,0,0,0,0,1,0,0,1,-1,0,-0.383874,0,0,-0.712863,0,1,1,0,1,0,1,1,0,0,0,1
0,-1,1,0,0,0,-1,-0.845267,0,0,0,0,2,0,-1,2,-0.783723,0,1,0,0,0,0,0,0,0,0,2,1,1,0,-1,1.65477,2,1,0,0,1,0,0,0.416997,0,1,0.336683,0,0,-1,0,0,0,0,0,0,0,-1,0,1,0,0,0,0,0,0,0,0,-3,1,2,0,1,1,0,0,2,0,0,0,0,-1,0,0,1,0,0,-1,1,0,-0.671933,0,0,-0.684798,0,0,2,-1,0,0,0,1,1,0,0,1
0,0,0,0,0,0,-1,-0.54492,-1,0,0,-1,0,1,2,0,-0.504347,1,0,1,1,0,0,0,0,0,0,0,3,0,0,0,0.5814,6,-1,0,0,0,1,0,0.652122,0,0,0.005795,-1,0,0,0,0,2,0,0,0,0,1,0,0,0,0,2,0,0,0,0,0,0,0,0,-3,1,0,0,-1,0,0,0,0,0,0,0,0,1,0,0,0,0,-1,-0.53485,0,0,-0.65051,0,0,1,0,0,0,-1,2,0,-1,0,1
2,0,0,1,0,1,-2,-0.760124,0,0,0,0,1,1,0,1,-0.488187,0,0,0,0,0,0,0,0,0,0,-1,0,1,0,0,1.97399,0,0,2,0,1,0,0,1.367381,-2,0,0.006468,0,0,0,0,0,0,0,0,0,1,0,0,0,1,0,-2,0,0,0,0,1,0,0,1,0,0,0,0,0,0,0,0,0,0,0,0,0,-1,0,0,0,1,0,-0.771248,0,0,-0.442386,0,-1,0,1,1,0,0,2,1,-1,1,1
0,0,2,0,0,1,1,-0.80598,0,0,0,0,1,1,0,1,-0.76,0,0,1,0,0,0,1,0,0,-1,-2,0,0,0,0,3.08776,9,0,0,0,0,0,0,1.775267,0,-2,-0.82381,-1,0,0,0,0,0,0,1,-1,1,-1,0,0,0,0,0,0,0,0,0,1,0,1,1,0,0,0,0,-2,0,2,0,0,0,0,0,1,1,0,0,0,1,0,-0.73913,0,0,-0.367791,0,-1,0,0,1,0,0,-3,1,0,1,1
1,0,0,0,0,-2,0,-0.735255,0,0,2,1,0,0,0,1,-0.483426,0,0,1,0,0,0,1,0,0,0,0,1,2,0,0,1.14286,1,0,1,0,2,0,0,1.591216,0,2,-0.72695,1,0,0,0,0,0,0,0,0,0,0,0,0,0,-1,0,0,0,0,0,3,0,1,0,-1,0,-2,0,1,0,0,1,-1,0,0,1,0,0,0,0,0,0,0,-0.841547,0,0,-0.571429,0,0,1,1,0,-1,0,-1,2,0,1,1
0,0,0,0,0,1,0,-0.879679,0,0,0,1,0,0,0,0,-0.707317,0,0,-1,2,2,0,2,0,0,0,-1,0,0,0,0,1.11429,5,0,-2,0,0,0,0,1.172891,3,0,-0.605959,0,0,2,1,1,0,0,0,0,-2,-1,2,2,0,0,2,0,1,-5,-3,0,0,1,-2,0,0,0,0,0,0,2,0,0,0,0,0,0,1,0,0,0,-2,0,-0.755102,0,0,-0.61565,2,0,0,0,0,0,0,0,1,1,1,1
0,-1,3,0,0,0,0,-0.680496,0,0,0,0,1,0,1,0,-0.707317,0,0,1,1,0,0,0,0,0,0,0,0,1,0,0,1.11429,4,0,0,-3,0,-1,0,1.872891,1,0,-0.692308,1,0,-1,0,0,1,-1,0,0,0,-2,0,0,1,0,0,0,1,0,0,0,0,0,1,2,2,3,0,0,0,-1,0,1,1,-1,-1,0,0,0,3,0,1,0,-0.82063,0,1,-0.507097,0,0,0,0,0,0,0,-1,4,0,1,1
0,0,1,0,0,1,1,-0.681368,0,0,0,0,0,0,1,2,-0.707317,0,0,0,1,0,0,0,0,1,0,0,0,0,3,0,0.94343,4,0,0,0,3,0,0,0.658027,1,0,-0.677558,1,0,0,0,0,0,0,1,0,0,-1,2,0,0,0,1,1,0,0,-2,-2,3,0,0,0,0,-1,0,0,0,0,0,0,-2,0,0,0,0,0,0,0,0,0,-0.726561,0,0,-0.536177,0,0,0,0,0,0,-1,0,0,2,1,1
0,0,1,-3,0,0,0,-0.724111,0,1,2,0,2,2,0,1,-0.725538,0,0,0,0,-1,0,-1,0,0,-1,0,0,-2,-1,0,2.69088,2,-1,0,0,0,2,2,0.933423,0,0,-0.731801,0,1,0,1,0,-2,0,0,0,0,1,0,0,0,0,-1,0,0,0,0,0,0,0,0,7,0,0,0,0,-1,2,0,1,0,0,0,0,-1,0,0,0,-2,0,-0.663415,0,-1,-0.296775,0,0,0,0,-1,1,1,1,0,0,0,1
0,0,0,-1,0,0,0,-0.88203,0,0,4,-1,0,0,0,0,-0.781818,0,0,-2,3,0,-1,0,1,0,0,3,0,0,0,-1,1.52127,1,0,0,0,0,0,0,1.747992,-1,0,-0.753595,0,0,0,0,0,1,0,1,0,0,1,0,0,0,0,0,0,1,2,1,0,0,-2,0,0,0,0,-2,0,4,0,0,3,0,0,1,0,0,0,-2,0,0,0,-0.89312,0,0,-0.783629,0,0,0,2,0,1,-1,0,0,1,0,1
0,0,0,-1,0,0,0,-0.743387,0,-1,0,-1,0,2,0,0,-0.388227,0,2,0,0,0,0,0,-1,0,0,2,0,0,0,1,1.03957,3,0,-1,0,0,0,0,0.712382,0,0,-0.87102,0,2,0,0,-2,0,0,1,0,0,1,0,0,0,0,1,0,0,0,0,0,0,0,-1,0,0,1,0,0,-1,0,0,0,0,0,0,0,0,0,0,-1,1,0,-0.82306,0,0,-0.829854,0,0,0,0,0,0,1,0,0,-1,0,1
0,0,0,0,0,0,0,-0.079874,-1,0,1,0,0,0,0,0,-0.842145,0,0,0,-1,0,0,0,0,0,0,1,0,0,0,0,0.7392,2,1,-1,0,1,-1,0,1.720554,1,0,-0.824193,-3,1,0,0,1,0,0,0,0,1,0,1,2,0,0,0,0,0,0,0,0,2,1,0,0,1,0,1,-1,-1,0,-1,1,0,0,1,0,-1,0,-1,0,1,0,-0.831589,0,0,-0.72019,0,0,2,1,0,0,0,-1,1,0,1,1
0,1,0,0,0,0,0,-0.306429,0,0,0,0,1,0,0,-1,-0.85019,0,0,0,2,0,0,0,0,0,0,0,3,0,3,0,0.47665,3,0,0,-3,0,2,0,1.105837,1,0,-0.480561,1,0,0,0,1,0,0,0,0,1,0,1,0,0,0,0,1,0,0,0,0,0,0,0,0,1,0,-1,0,0,0,0,0,0,-1,1,0,0,-1,0,0,1,0,-0.675676,0,0,-0.859898,1,0,0,0,0,0,0,0,0,0,1,1
0,-2,0,1,2,0,2,0.153215,0,0,0,0,0,-1,4,0,-0.692308,0,0,0,0,0,-1,0,0,0,0,0,0,0,0,-1,2.02196,8,0,0,0,0,0,0,1.296767,2,0,-0.003115,0,3,0,0,0,0,-1,0,-1,0,0,0,0,0,0,0,1,0,0,1,0,0,1,0,0,1,0,0,2,0,0,2,0,1,0,0,0,0,0,0,-1,0,0,-0.859457,0,0,-0.92791,0,0,-1,0,0,-2,1,0,-2,1,1,1
0,0,-2,0,0,0,-1,-0.71133,-1,-1,0,0,0,0,0,0,-0.898671,0,0,-1,1,-1,1,1,0,0,1,0,0,0,0,0,0.85714,3,-1,0,-1,1,0,1,0.2,0,-1,-0.6,-2,0,0,0,0,0,0,0,0,0,0,0,1,0,2,0,0,0,-1,0,2,0,0,0,0,1,0,0,0,1,0,0,0,0,0,0,-2,1,0,0,0,0,0,-0.60833,0,0,-0.649893,0,0,0,0,0,1,0,0,0,0,0,1
0,0,0,0,0,0,3,-0.744663,0,0,-1,0,0,0,0,0,-0.696348,0,0,0,3,0,0,0,0,0,0,0,0,-3,0,0,0.78656,7,0,-1,0,0,-1,0,0.2,-5,0,-0.684108,0,0,0,0,0,0,0,-2,0,-1,1,0,0,0,0,0,0,0,-3,0,0,0,0,0,2,1,0,-1,0,0,0,0,0,0,1,0,0,1,1,0,0,0,1,-0.530018,1,1,-0.306224,-1,0,0,0,0,1,2,-1,0,0,0,1
0,0,1,-1,0,0,0,-0.579532,0,0,-1,0,-1,0,1,0,-0.709101,-2,0,0,-1,0,0,0,-1,0,0,0,0,0,0,0,0.85714,4,1,0,0,-2,0,0,0.387925,0,0,-0.429502,0,0,0,0,0,-1,0,0,0,0,0,0,0,0,0,3,0,0,0,0,-3,0,1,2,0,1,0,0,0,0,0,0,-3,-2,0,0,0,-2,0,0,0,0,0,-0.552353,0,0,-0.682007,0,0,0,0,0,0,0,0,1,0,0,1
-1,0,1,0,0,0,0,-0.733174,0,0,-1,-1,0,0,-1,0,-0.633104,0,0,0,1,1,0,0,0,0,0,0,0,0,-2,0,2.23435,6,0,1,-1,0,1,0,2.93766,0,0,1.672597,0,0,0,0,0,0,0,0,0,2,0,1,0,-1,1,3,0,0,1,0,0,0,0,0,0,0,0,0,0,2,2,0,0,0,0,-1,0,0,0,0,0,0,0,-0.58444,0,0,-0.648632,2,0,5,0,0,0,0,0,1,0,1,1
0,-1,-1,0,0,0,0,-0.733333,0,0,0,0,4,0,0,0,-0.811982,0,1,0,0,1,0,1,0,1,-1,0,0,0,0,0,1.06656,5,0,0,-2,0,0,0,2.15789,4,-2,-0.684211,-1,0,0,0,-1,0,-1,1,0,0,0,2,0,0,0,0,0,-1,0,0,0,0,1,0,0,0,0,0,0,0,0,0,0,0,0,0,0,1,0,0,0,0,1,-0.749267,0,0,-0.323641,0,1,0,0,0,-1,2,0,1,0,1,1
-1,0,1,0,0,-3,0,-0.236132,0,1,0,0,0,0,0,0,-0.730389,0,0,0,1,1,0,0,0,0,0,-1,0,0,0,0,0.97655,4,-1,0,0,2,0,0,2.08651,0,0,-0.693988,0,-1,0,0,0,0,1,0,0,0,0,0,-3,1,0,0,0,0,0,0,0,0,0,0,0,0,0,0,0,2,0,0,1,0,0,0,0,1,0,1,0,0,0,-0.671152,1,0,0.316327,0,0,0,0,0,-3,0,1,1,1,1,1
0,-1,0,0,0,2,0,-0.4,0,0,0,0,1,0,0,1,-0.708892,0,0,0,1,0,0,0,0,0,1,-2,0,2,0,0,2.14286,5,0,0,0,0,0,0,1.049534,0,0,-0.759029,-1,0,1,0,1,0,0,0,0,1,1,-1,1,0,0,0,0,0,0,0,0,0,0,0,0,0,0,0,0,-7,0,0,0,0,0,0,0,0,1,-1,0,1,0,-0.69536,0,0,-0.156181,0,1,0,0,0,4,0,-1,0,0,1,1
0,-1,0,0,0,2,2,-0.4,0,0,-2,0,1,1,0,1,-0.814292,-1,-1,0,0,0,0,0,0,0,0,-1,2,0,-2,0,2.09184,4,0,0,0,-1,0,0,0.694062,4,0,-0.828726,0,-1,0,0,0,0,0,1,0,0,0,0,0,2,-2,0,0,0,0,0,1,0,-1,0,0,0,0,0,0,0,0,0,-1,0,0,-4,0,0,0,0,0,0,0,-0.552656,0,0,-0.73913,2,0,0,0,0,1,0,0,0,0,1,1
0,0,0,-1,0,0,0,-0.692592,0,0,0,0,0,0,1,1,-0.864077,0,-1,0,1,2,0,1,-1,0,0,0,0,0,-1,0,3.54383,6,2,0,0,0,-2,0,0.587777,0,0,-0.848905,0,0,0,0,0,0,0,1,0,0,1,0,0,0,0,0,0,0,-2,-1,1,0,-1,0,0,0,0,0,0,0,2,0,0,2,0,1,0,0,0,0,0,0,0,-0.642309,0,0,-0.677363,0,0,0,0,1,0,0,0,0,-1,1,1
0,2,0,0,0,0,0,-0.571429,0,0,0,0,0,-1,0,0,-0.773039,0,0,0,0,0,0,0,-1,0,0,-1,-1,0,0,0,0.8689,5,0,0,1,2,0,0,0.242424,-2,0,-0.645888,-1,0,0,0,0,0,0,-1,0,0,1,0,0,1,1,0,0,2,2,0,2,-3,-1,0,0,0,2,0,1,0,-2,0,0,2,0,1,1,0,0,0,0,1,0,-0.697197,0,0,-0.744681,1,0,0,0,0,0,0,3,0,0,0,1
0,0,0,0,0,0,2,-0.573335,0,0,0,0,0,2,0,0,-0.520684,0,0,0,0,0,0,1,0,0,0,0,1,0,2,0,1.48155,1,0,0,0,0,0,0,0.181617,0,0,-0.484183,0,0,0,1,-1,0,0,0,0,0,0,1,0,2,-1,0,0,0,0,1,0,0,0,0,0,0,0,0,0,0,0,0,0,0,0,1,0,0,0,0,0,1,0,-0.606881,0,0,-0.786381,0,0,1,0,0,0,-1,0,1,0,0,1
0,0,-3,0,0,0,0,-0.603216,0,0,0,0,0,0,0,0,-0.759642,0,0,0,1,0,0,0,0,0,0,2,0,-2,0,1,1.0732,5,-1,-1,2,0,0,0,0.242652,0,0,-0.484454,-1,0,0,0,0,0,0,0,0,-1,0,1,2,0,2,0,0,-1,0,1,1,0,0,2,1,0,1,0,0,1,1,0,0,-2,0,1,0,0,0,0,0,-1,0,-0.416021,-1,1,-0.769968,1,0,1,0,0,2,0,0,1,0,0,1
0,0,0,0,0,0,-1,-0.42995,0,0,0,0,0,0,0,0,-0.754972,0,0,-1,0,0,0,0,0,0,0,0,0,4,0,0,0.66367,5,1,1,0,0,0,0,2.588981,0,1,-0.574658,0,0,0,0,0,0,0,0,0,0,1,0,0,0,1,0,0,0,-3,0,0,0,-2,0,3,-1,-1,0,0,0,0,0,-1,0,0,0,0,0,0,1,0,1,0,-0.690491,0,0,-0.484432,-2,0,0,0,0,0,0,0,1,0,0,1
0,0,0,0,0,0,0,-0.744303,0,0,0,0,1,0,0,0,-0.55653,0,0,0,0,0,0,3,0,0,1,-3,0,2,1,0,0.82857,1,0,1,0,0,0,0,2.551713,1,0,-0.68851,1,0,0,-1,-1,0,0,0,0,-2,0,0,0,0,0,0,0,0,0,0,2,4,0,0,1,0,0,0,-1,0,2,0,0,0,0,0,0,0,0,2,0,0,0,-0.541422,0,0,-0.140579,0,0,0,0,0,0,0,2,5,0,0,1
0,0,0,1,0,0,0,-0.518368,-2,0,0,0,0,-1,-1,0,-0.551963,1,0,0,3,-3,0,0,-1,0,0,0,-1,-3,1,0,0.76309,8,0,0,0,0,0,0,1.992771,0,2,-0.602754,0,0,0,0,0,0,-1,0,1,0,1,0,0,0,1,0,1,0,0,0,0,0,1,0,0,0,0,1,0,-1,0,0,-4,0,0,0,0,0,0,1,0,-1,0,-0.577182,0,1,-0.792797,0,0,1,0,0,0,1,0,1,0,0,1
0,0,0,1,0,0,0,-0.509586,0,0,0,0,0,0,0,2,-0.673456,0,0,0,0,1,-1,0,0,0,-1,0,-3,0,0,2,1.21313,1,0,0,-1,0,0,0,0.447364,0,0,-0.820075,0,1,0,0,0,0,0,0,0,-1,0,0,0,0,0,0,0,0,0,1,0,0,0,0,0,0,1,-1,1,0,0,0,1,0,0,0,0,1,0,1,0,1,0,-0.389108,-1,0,-0.863326,0,0,0,1,1,1,0,0,0,-1,1,1
0,-1,0,0,0,0,0,0.036982,0,0,0,0,2,-1,0,0,-0.677518,0,0,0,0,0,-1,0,0,0,0,-1,0,0,0,0,1.10956,1,0,0,0,0,0,0,1.894846,-1,0,-0.663351,-1,0,0,0,0,0,0,0,0,2,0,0,-1,1,0,0,-1,-2,0,0,1,0,0,2,0,0,0,0,0,0,0,0,0,2,0,0,0,1,0,0,0,0,0,-0.263534,0,0,-0.745038,0,0,2,0,3,0,-1,1,0,0,1,1
0,-1,0,1,0,0,0,-0.540965,0,0,0,0,0,-2,0,1,-0.871399,0,0,0,0,0,1,0,0,0,0,0,0,0,0,0,1.19769,6,0,0,0,-1,0,0,1.10811,0,0,-0.747918,0,1,0,0,1,0,0,0,-1,1,0,0,0,1,0,-1,-2,0,1,1,0,0,1,-1,0,0,1,-1,0,0,2,0,1,-1,0,0,0,0,0,0,0,2,0,-0.52,0,0,-0.104571,0,0,0,0,0,3,0,0,0,0,1,1
0,0,1,1,1,0,0,7.051642,-1,0,0,0,1,0,0,3,-0.657143,0,0,0,0,0,-1,0,0,1,0,2,1,-1,0,0,0.4396,1,0,0,0,0,-1,0,0.644255,1,0,-0.616422,1,0,0,-1,0,0,1,0,1,0,0,0,-1,0,1,0,0,0,0,0,-2,0,0,4,0,1,0,0,1,1,3,0,1,1,0,0,0,0,0,0,1,0,-1,-0.397977,0,0,-0.798894,0,-1,0,0,0,-1,0,0,0,0,0,1
0,0,0,0,0,-1,0,6.803015,1,0,0,0,0,0,0,1,-0.701004,1,-1,1,0,-1,0,1,0,1,0,0,1,0,0,0,0.57561,2,0,0,0,-1,0,0,0.575758,1,0,-0.789875,1,0,0,0,0,0,0,0,1,0,3,0,0,0,3,1,0,0,0,2,0,0,-1,-1,0,0,0,1,1,1,0,0,0,1,0,0,0,-1,0,0,1,0,0,-0.532887,0,0,-0.769878,3,-2,1,0,2,0,0,0,0,-1,0,1
0,-1,0,0,2,0,0,7.52632,0,0,-1,0,0,0,0,1,-0.715118,0,0,1,0,0,0,1,0,1,0,0,0,0,0,0,0.94638,5,0,0,0,-1,0,-1,0.490843,1,0,-0.477847,1,0,0,0,0,0,0,1,1,0,-1,0,0,-2,2,0,0,0,2,0,0,0,0,0,0,-1,0,0,1,0,-1,0,1,1,-1,0,0,1,0,1,1,3,0,-0.503124,0,0,-0.744488,0,-1,1,3,0,1,2,0,0,0,0,1
0,3,3,1,0,0,0,-0.52126,1,0,0,0,0,-1,3,0,-0.669378,0,1,0,0,1,0,0,-2,0,0,0,0,0,0,0,0.80438,0,0,0,1,0,1,0,1.503979,0,-1,-0.630056,0,0,0,0,0,1,0,0,0,0,0,0,1,0,0,0,0,0,1,0,-2,0,0,-3,0,-1,0,0,1,0,0,0,0,0,0,1,0,0,0,1,0,0,0,-0.516611,0,0,-0.565684,2,-1,0,0,0,1,0,0,-1,0,0,1
0,0,1,0,0,0,0,-0.8125,0,0,0,0,0,0,0,0,-0.691844,0,0,-1,0,1,0,1,0,1,0,0,2,0,2,0,0.77737,4,0,0,0,0,1,0,1.966825,2,0,-0.515101,-1,0,0,0,0,0,0,0,0,0,1,0,1,-2,0,0,0,0,1,0,0,0,0,0,5,0,0,0,1,0,0,0,0,0,0,1,0,0,0,1,0,0,0,-0.557292,0,0,-0.702811,0,0,2,0,0,0,0,0,0,0,0,1
0,6,0,0,0,0,0,-0.718634,0,0,0,-2,-2,0,0,0,-0.734531,1,0,2,0,0,1,0,0,0,0,0,0,0,1,0,0.82857,0,0,1,0,0,1,0,1.885547,1,2,-0.437956,0,0,0,-1,0,1,0,0,0,1,0,2,0,0,1,0,0,0,0,1,0,0,0,3,-3,0,1,0,0,0,0,0,0,0,0,0,0,-1,0,0,0,0,0,-0.122917,0,-2,-0.7,0,2,0,0,0,1,0,0,-1,1,0,1
0,0,0,0,0,0,0,0.001265,0,0,0,0,1,0,0,0,-0.47008,0,0,1,1,0,0,0,0,-1,0,0,0,0,-1,1,1.0,4,0,0,-1,0,0,0,2.08571,1,0,-0.669668,0,0,0,0,0,0,0,0,0,0,0,0,0,0,0,1,0,0,0,0,0,0,0,-1,-2,-4,0,0,0,0,0,0,-1,0,1,1,0,0,0,1,0,0,-1,-0.27935,0,0,-0.086677,0,0,0,1,0,1,1,1,3,-1,0,1
0,0,0,-1,0,0,0,-0.739878,0,0,0,-2,0,0,1,0,-0.27331,-1,0,1,1,0,0,0,0,0,0,0,0,0,0,0,1.0,4,0,0,1,0,0,0,1.206835,1,0,-0.657143,0,-1,0,0,-1,0,0,0,0,0,0,0,-2,0,3,0,0,1,4,0,0,0,0,-1,0,1,1,0,0,0,0,0,1,0,1,1,0,0,0,1,0,0,0,-0.728825,0,0,-0.386368,0,0,0,0,0,0,0,0,1,-1,0,1
0,0,2,-4,0,0,0,-0.103537,0,0,1,0,1,-2,2,0,-0.203431,0,0,1,1,0,0,0,0,0,0,0,0,2,0,0,0.89712,9,0,-1,0,0,-1,0,2.08571,0,0,-0.677886,1,1,0,0,0,0,0,0,-1,0,1,2,-1,0,2,0,0,0,0,0,0,-2,0,0,2,0,1,2,0,0,0,-1,0,0,1,1,0,-1,0,1,0,0,0,-0.552134,0,0,-0.114891,0,0,2,0,0,0,1,-1,0,0,0,1
0,0,-1,0,0,0,1,-0.601051,1,0,-1,0,0,0,0,0,-0.74911,0,0,0,1,0,0,0,0,0,0,0,2,0,1,0,1.58236,3,0,0,2,0,0,0,2.000022,0,0,-0.777517,0,0,0,0,0,0,0,0,-1,0,0,-2,-1,0,-1,0,0,0,0,0,0,0,0,0,0,2,0,0,0,1,0,0,0,0,1,0,0,0,0,1,0,0,0,-0.81664,0,-1,-0.691351,0,0,0,-2,0,1,2,0,0,0,1,1
0,0,0,0,0,0,0,-0.781344,0,0,0,0,0,0,0,0,-0.73913,0,0,0,1,0,1,0,1,0,-1,0,3,0,1,0,1.97452,1,0,0,0,0,1,0,1.079142,2,0,-0.695614,0,0,0,0,0,0,-1,0,0,0,0,0,-1,0,0,0,2,0,0,0,-1,0,0,0,0,1,0,2,0,0,0,0,0,-1,0,0,0,0,0,0,0,0,0,-0.919007,0,0,-0.636146,0,0,0,2,0,1,0,0,1,1,1,1
0,2,-2,0,0,2,0,-0.68412,0,0,0,0,0,1,1,0,-0.699361,0,0,-1,1,0,0,0,0,-1,0,0,0,-1,1,0,0.86954,2,0,0,0,0,0,0,1.002865,0,0,-0.795308,-1,0,0,0,0,0,0,0,0,0,0,1,0,0,0,0,0,0,1,0,1,3,-2,0,0,1,1,0,0,0,0,0,2,0,0,0,0,1,0,0,0,0,0,-0.447577,0,0,-0.720651,3,-1,2,0,-1,0,1,0,0,0,1,1
0,1,0,-1,0,0,1,0.058197,0,0,0,-1,0,1,3,-1,-0.461562,-1,1,2,0,-1,0,1,0,0,0,0,1,0,0,-1,1.34286,6,1,0,-1,0,-1,0,1.106578,0,0,-0.576158,1,0,0,-1,0,0,0,1,1,-2,0,1,0,0,0,0,0,0,0,0,1,0,0,0,0,1,0,-1,1,0,2,0,-1,1,1,0,0,0,1,0,0,0,0,-0.476019,0,0,-0.720788,0,0,1,0,0,1,0,0,2,0,1,1
0,1,0,0,0,-2,0,-0.564775,0,0,0,0,0,1,0,0,-0.353692,0,0,0,0,0,0,0,0,1,0,2,0,0,0,0,1.38394,1,0,0,0,1,-1,0,0.903889,0,0,-0.739403,0,1,0,1,0,0,-1,0,-1,0,0,1,0,-1,0,0,0,0,0,0,0,0,1,1,5,0,0,0,0,0,0,0,1,0,0,0,0,0,1,0,-1,0,0,-0.476039,0,0,-0.418196,0,0,0,0,0,0,1,0,-1,1,1,1
0,1,0,0,0,0,0,-0.573541,0,0,-1,1,0,0,0,0,-0.64081,0,0,-2,0,1,0,0,0,0,0,0,1,0,0,0,1.23248,1,0,0,0,4,-3,1,1.19149,0,2,-0.67729,0,0,0,0,0,0,0,0,0,0,0,1,1,0,0,1,0,1,0,0,0,-1,0,0,0,0,0,2,0,0,0,0,-1,1,0,-1,0,0,1,0,0,3,1,-0.566564,-1,0,-0.751304,0,1,1,0,0,1,0,0,-2,0,1,1
0,4,0,1,0,0,1,-0.740668,0,0,0,0,0,0,3,0,-0.257736,0,0,1,0,0,0,0,1,-1,0,0,0,0,0,0,0.6455,5,1,0,0,3,0,0,1.957473,0,0,1.576124,3,0,0,0,-1,0,0,1,0,0,0,0,1,0,0,0,0,0,0,1,-2,0,0,0,0,0,0,0,0,0,0,0,0,0,0,0,0,0,0,0,0,0,0,-0.648303,0,-1,-0.730347,0,0,0,0,0,0,0,-2,4,-1,1,1
0,1,0,0,-2,0,0,-0.812139,0,0,0,0,0,0,-1,0,-0.717704,-1,0,1,0,0,0,1,1,0,0,0,0,0,-2,0,1.33619,10,0,0,0,0,-1,1,1.436045,-2,0,-0.740078,0,0,0,0,-1,0,0,-2,0,0,0,0,0,0,0,0,0,0,0,1,0,-1,0,0,0,0,0,0,0,0,0,0,0,0,0,0,0,0,0,0,0,1,0,-0.634718,0,0,-0.756953,3,0,0,1,0,0,0,2,0,0,1,1
0,0,-1,0,0,0,0,-0.73913,1,0,0,0,0,0,0,0,-0.431168,0,0,1,0,-1,0,1,1,0,0,0,0,2,0,0,1.60829,14,-1,0,0,1,0,-1,1.435921,0,0,-0.699951,0,0,0,0,0,0,0,-2,0,0,0,0,0,0,0,0,-1,-2,0,1,1,0,0,0,0,0,0,0,0,3,0,-1,1,0,0,0,0,0,0,0,0,1,0,-0.517428,0,0,-0.817125,3,0,0,0,0,0,0,0,3,3,1,1
0,0,0,1,0,0,0,-0.733361,-1,0,0,0,1,0,0,0,-0.696165,0,0,0,-1,0,-4,0,0,1,0,0,0,4,0,0,1.01584,4,-2,-1,0,1,1,0,1.305335,2,0,-0.547491,0,0,0,0,1,0,0,0,0,0,0,0,3,0,-1,0,0,0,2,0,-1,0,1,0,0,0,0,0,0,0,-1,0,0,0,0,0,-1,1,2,0,0,-1,0,-0.557773,0,0,-0.82228,0,0,0,0,0,0,0,0,1,1,1,1
0,0,2,-1,0,1,0,-0.857442,0,0,0,0,0,1,0,0,-0.554289,0,0,2,0,0,0,0,0,0,0,0,0,0,0,0,1.02857,2,0,0,0,0,0,0,1.670869,0,0,-0.373175,0,0,0,0,0,1,0,0,0,0,1,0,0,-2,1,0,0,0,0,0,0,0,1,-1,0,0,0,0,0,3,0,0,3,0,0,0,-1,1,1,-4,0,0,0,-0.67457,0,0,-0.867764,0,0,0,0,0,0,-1,0,1,0,1,1
0,0,3,0,0,0,0,-0.618196,1,0,-1,0,0,1,0,0,-0.59942,0,0,0,1,-1,0,0,0,0,0,0,0,2,0,0,3.572,15,0,0,1,0,1,0,3.180796,2,0,-0.281804,0,-1,0,0,0,0,0,0,1,-1,1,1,0,0,0,1,0,0,0,0,0,0,0,0,2,0,0,0,0,2,0,0,0,1,0,0,0,0,0,0,0,-1,0,-0.684016,0,-1,0.028,0,0,0,0,-1,0,0,2,5,1,1,1
0,0,0,0,0,0,0,-0.755742,0,0,0,0,0,1,0,0,-0.75,0,0,-1,4,1,-1,0,1,0,3,0,0,0,1,0,1.5315,0,0,0,0,1,0,0,1.839236,0,0,-0.692308,0,0,0,-1,0,0,0,0,0,0,-1,0,0,0,0,-1,0,0,-1,1,1,0,1,-1,0,0,0,0,0,0,-1,0,0,0,0,0,0,0,0,-1,1,-3,0,-0.614131,0,0,-0.575265,0,1,0,0,0,0,0,0,-2,-1,1,1
0,-2,0,0,0,0,1,-0.823529,0,0,0,0,0,1,3,0,-0.853455,0,0,0,0,0,-1,0,1,0,0,0,0,0,1,0,1.11429,4,0,0,-2,1,0,0,1.910598,0,0,-0.732179,0,1,0,0,0,1,0,0,-2,-1,0,0,0,0,0,0,0,1,0,1,0,0,0,0,0,2,0,0,0,0,3,0,0,2,0,0,0,0,0,1,0,1,1,-0.757272,0,0,-0.809378,0,0,0,0,0,0,0,0,0,0,1,1
0,2,0,0,0,0,1,-0.820087,0,-1,0,0,0,1,-1,0,-0.766047,0,0,0,0,0,0,0,0,0,0,0,-2,0,1,2,1.58668,5,0,-3,0,1,0,0,1.89744,0,0,8.02329,3,0,0,0,0,1,0,0,0,1,1,0,0,0,0,0,0,0,0,1,1,0,0,0,0,0,0,0,0,0,0,0,0,0,0,0,0,0,0,0,0,0,0,-0.703696,0,0,-0.654071,0,1,2,2,0,0,-1,0,0,0,1,1
0,0,0,0,0,4,0,-0.352338,-1,1,0,0,0,-2,0,0,0.120321,0,0,0,2,0,0,1,0,0,0,0,0,0,0,0,0.46108,-15,1,0,0,0,0,-1,1.268852,0,0,-0.6,0,0,0,0,0,0,0,0,-2,2,0,0,0,0,0,2,0,0,0,0,-1,0,4,0,0,0,0,1,0,0,0,0,0,5,0,0,0,0,0,0,0,1,0,-0.745049,0,0,-0.635715,0,0,0,0,0,0,0,0,1,0,1,1
0,0,-1,-1,0,0,0,-0.447082,-1,0,1,0,1,0,0,0,-0.684599,1,0,3,-2,0,1,1,0,0,0,0,0,0,0,0,0.54219,5,0,1,0,0,0,0,2.36667,0,0,-0.467299,0,0,0,0,0,0,0,0,0,2,0,0,1,0,0,0,0,0,0,0,0,2,0,-2,0,0,0,1,0,-1,0,0,0,0,0,1,-2,0,0,1,0,1,0,-0.119784,0,0,-0.729785,4,0,0,0,0,0,0,1,1,0,1,1
0,0,1,0,0,0,0,-0.601763,-1,0,0,0,0,1,5,0,-0.400973,0,0,1,0,1,0,1,0,-1,0,0,-1,0,0,0,0.85714,-14,-1,0,0,0,0,0,1.920174,2,0,-0.663128,0,2,0,0,0,0,0,0,-1,0,1,0,0,0,0,0,-1,-1,0,0,0,0,0,-1,2,0,-1,0,0,0,0,0,0,0,0,0,0,1,0,0,0,1,1,-0.767963,-1,0,-0.793786,0,0,0,0,0,0,0,0,0,0,1,1
0,0,-2,1,0,0,0,-0.723126,0,0,0,0,0,0,-3,0,-0.727298,0,0,0,0,0,0,-1,0,0,0,0,-1,0,0,0,0.88571,12,0,0,0,1,0,0,0.225806,0,0,-0.612903,0,1,0,0,0,0,0,-1,0,0,0,0,0,0,-2,0,0,-1,0,2,0,0,1,0,0,-1,0,0,1,0,0,-1,0,0,0,0,0,0,0,0,0,-3,0,-0.809524,0,0,-0.682344,-1,0,-5,0,0,0,0,0,0,1,0,1
0,0,-1,0,0,0,1,-0.619907,0,0,0,0,0,0,0,0,-0.8,0,0,0,0,0,0,-1,0,0,0,0,0,0,-1,0,0.94296,1,0,0,0,0,0,0,0.271325,0,0,-0.589829,-1,0,0,-1,0,0,0,0,0,2,1,0,0,0,-2,-1,0,0,3,0,0,0,3,-1,-2,1,1,0,0,-2,0,0,0,2,0,0,0,0,0,0,-1,0,-1,-0.709441,1,0,-0.66154,0,0,0,0,0,0,0,0,1,0,0,1
0,-1,0,0,0,1,0,-0.633801,0,0,1,0,0,-1,0,0,-0.875544,0,0,0,0,0,0,0,0,0,0,0,0,-1,0,0,1.45227,2,0,1,0,2,0,1,1.011156,0,0,1.352688,-1,0,0,0,1,0,0,1,0,0,0,0,0,0,1,0,0,0,0,0,0,0,0,0,0,2,2,-2,4,0,0,0,0,1,0,0,0,0,0,0,0,0,0,-0.809524,0,0,-0.631747,0,0,0,0,0,0,0,1,0,0,0,1
0,0,-1,0,0,0,0,8.45048,0,1,1,0,0,0,5,1,-0.800923,0,0,1,0,0,0,0,3,0,0,0,0,0,1,0,0.87501,15,0,0,0,0,1,0,0.212491,-1,0,-0.586737,0,0,0,0,0,-1,0,0,0,-1,1,0,0,0,0,0,1,0,3,0,0,0,0,2,1,0,0,0,1,0,0,0,0,-2,0,1,0,0,0,0,0,2,0,-0.850759,0,1,-0.813054,0,0,0,0,0,0,0,1,0,0,0,1
0,1,-1,0,0,0,-1,8.87097,0,0,0,-2,0,-1,0,0,-0.900847,0,0,0,0,0,0,0,0,0,0,0,0,0,-1,0,0.88571,0,0,0,0,1,0,-2,0.258065,0,0,-0.512957,0,0,-1,0,0,0,0,0,0,0,1,2,1,0,0,0,0,0,0,0,0,-1,0,1,0,0,0,0,1,0,0,0,2,0,0,0,0,0,0,-1,0,0,0,-0.90187,0,0,-0.691707,0,-1,0,0,0,1,0,1,0,0,0,1
0,0,3,0,0,0,0,6.652306,0,0,0,0,1,0,0,0,-0.687201,1,0,0,1,0,0,0,0,0,0,0,1,0,0,0,0.82605,2,0,0,0,0,1,0,0.263514,0,0,-0.648932,0,0,1,0,-1,0,0,2,1,0,-1,1,-1,0,0,0,1,0,0,0,1,0,0,0,0,0,0,2,1,0,-4,0,0,0,0,0,0,0,0,0,0,0,0,-0.773585,0,-1,-0.733333,0,0,0,0,0,1,0,1,0,0,0,1
-1,0,0,0,1,2,0,-0.677359,0,0,1,1,0,0,0,0,-0.838948,0,0,0,0,0,0,0,0,1,0,0,-1,1,0,1,1.53546,1,0,0,0,0,0,-2,0.307778,-1,0,-0.587554,0,0,0,0,0,0,0,0,0,0,1,0,0,0,0,0,0,0,1,0,0,0,0,0,3,0,0,0,0,0,0,0,0,0,0,0,0,0,0,0,0,-1,0,-0.909332,0,0,-0.916245,0,0,3,0,0,1,0,-1,0,0,0,1
0,0,0,0,0,-3,0,-0.634038,0,-1,0,1,0,-1,-2,0,-0.733333,0,-1,0,0,0,1,0,0,1,1,1,0,0,1,0,1.127,2,0,-1,3,2,0,0,0.265922,5,0,0.336791,0,0,0,1,0,0,0,0,-2,0,0,0,2,2,0,1,0,0,0,-2,0,0,0,0,3,0,0,0,0,1,0,1,0,3,1,0,0,0,0,0,0,0,0,-0.894027,0,0,-0.543954,0,0,0,0,0,2,0,0,0,0,0,1
0,2,0,0,1,0,0,-0.881802,0,0,0,1,0,0,0,2,-0.733333,0,0,0,0,1,0,1,0,1,1,0,0,0,0,0,0.41668,1,-1,0,0,4,0,0,0.206897,0,0,-0.349971,0,0,0,2,0,0,0,0,0,1,0,0,0,0,0,0,0,1,0,-1,5,0,0,0,0,0,0,0,0,0,0,0,-1,-3,1,-1,0,0,0,0,0,0,0,-0.736764,0,0,-0.523857,-1,0,0,0,0,0,0,0,0,3,0,1
0,0,-1,0,0,0,0,-0.774583,1,0,0,0,0,0,-2,0,1.396013,0,0,0,-1,1,1,0,0,0,0,-2,-1,1,0,0,0.84325,6,0,0,0,0,0,0,0.532841,3,0,-0.614774,0,0,-2,0,0,0,0,0,-1,0,1,1,-1,0,0,0,0,0,0,1,0,-1,0,0,0,0,0,0,0,-1,0,-1,3,0,0,0,0,0,1,1,0,0,1,7.458507,-1,0,-0.826431,1,0,-1,-1,0,5,-1,1,0,1,0,1
0,0,0,0,1,4,0,-0.666667,-1,0,-1,0,0,0,0,4,-0.837838,0,0,0,0,1,0,0,0,0,-2,0,-1,0,0,0,0.83517,1,0,0,0,1,0,0,0.294511,0,0,-0.508399,0,1,0,0,0,0,0,-1,0,0,0,1,-1,0,0,0,-1,0,0,1,0,-1,0,0,0,0,0,0,0,0,0,1,2,0,1,-1,-2,0,0,1,0,0,0,3.222224,0,0,-0.916433,0,0,0,0,-2,0,-1,0,0,0,0,1
0,0,0,0,0,0,0,-0.452245,-1,0,0,-1,0,0,1,0,-0.618952,0,0,0,1,1,1,0,0,0,0,0,-1,0,-2,0,0.74529,0,0,0,0,0,2,0,0.545696,0,0,-0.605185,0,1,0,0,0,0,0,0,0,0,0,1,0,0,2,1,0,0,0,0,0,1,-1,0,0,0,0,0,0,0,0,-1,0,0,0,1,0,2,0,1,0,-2,0,3.91678,0,1,-0.466922,0,0,0,0,0,1,0,0,0,0,0,1
0,0,0,0,0,0,0,-0.175735,0,0,0,0,0,0,2,-1,-0.769231,0,0,0,2,0,0,-2,0,0,0,0,0,0,0,0,1.3896,2,0,0,0,2,-1,0,0.666834,-1,-1,-0.789287,0,0,0,0,0,0,0,0,1,0,0,0,0,0,-1,0,1,0,0,2,0,1,-1,0,2,1,-1,0,0,0,0,0,-2,-1,0,-1,0,1,0,0,0,-1,1,-0.608658,0,0,-0.509766,0,0,0,0,0,0,0,0,2,0,1,1
0,0,-2,1,-4,0,0,-0.469826,0,0,0,0,0,0,0,2,-0.769231,0,0,1,0,0,0,-1,-1,0,0,-2,3,-2,0,0,1.61679,3,0,0,0,0,0,0,0.708072,0,0,-0.6318,0,0,0,1,0,0,0,0,0,0,1,0,0,0,0,0,0,-1,0,0,0,0,0,0,0,0,0,0,1,0,0,0,1,0,0,0,0,0,0,0,0,0,0,-0.325627,0,0,-0.770097,0,0,0,0,0,0,0,1,0,-1,1,1
0,0,0,0,0,0,0,-0.745063,0,0,0,0,0,0,0,3,-0.769231,0,0,0,0,1,0,0,-1,0,1,2,2,2,0,0,1.52109,-12,0,0,0,-2,0,-1,0.632653,0,0,-0.737005,0,0,0,0,0,0,2,0,0,0,1,1,-1,-1,0,-2,0,0,0,1,0,2,0,0,0,1,0,0,-1,3,0,0,0,0,0,0,0,0,0,0,0,-2,0,-0.635879,0,1,-0.451843,0,0,0,0,-1,0,1,4,-1,0,1,1
0,0,0,0,0,0,0,-0.605523,0,0,0,0,1,1,0,2,1.516817,0,0,0,1,0,0,0,-1,0,0,1,-3,1,2,0,0.96021,3,0,0,0,0,0,0,1.17241,0,0,-0.532461,0,0,0,0,0,1,2,0,0,-1,0,1,2,0,1,0,1,0,2,0,1,0,0,0,1,0,0,-1,0,-1,0,0,0,0,0,-1,0,0,0,0,0,0,0,-0.818908,0,0,-0.667329,0,0,0,0,0,0,1,0,0,-1,0,1
0,-1,0,0,0,0,0,-0.681069,0,2,2,0,0,0,0,0,1.596742,0,0,0,1,0,1,0,0,-3,0,0,1,0,0,1,1.45717,8,0,0,-1,3,0,0,1.216991,0,0,-0.495945,0,0,0,1,0,0,0,0,0,-1,0,1,0,0,0,0,-1,0,0,0,0,1,5,0,1,0,-1,2,0,0,3,0,0,2,0,0,0,0,0,0,0,0,-2,-0.248095,0,0,-0.583697,0,1,1,0,0,0,-3,0,0,0,0,1
0,0,1,0,0,0,0,-0.75,0,0,-1,0,-3,0,-1,0,-0.759319,0,0,0,0,0,0,0,0,0,0,0,0,0,-1,1,1.2524,1,0,-1,0,0,2,0,1.17241,0,0,-0.617195,0,0,3,-1,-1,1,0,0,0,0,0,-1,1,0,0,0,0,0,0,0,0,1,0,2,1,1,0,0,0,0,0,0,0,0,0,0,1,-1,0,0,0,0,0,-0.740601,0,0,-0.629431,0,0,0,1,0,0,0,0,0,0,0,1
0,0,0,0,0,0,0,-0.530164,1,0,0,1,0,0,0,0,2.6,0,0,0,0,-1,0,0,0,0,0,0,1,0,0,0,0.62686,7,0,0,0,0,1,0,0.887838,0,0,-0.432517,0,2,0,0,0,0,1,0,0,-1,0,0,0,0,0,-1,0,0,0,0,1,0,1,0,0,0,0,1,1,0,0,0,0,0,0,0,0,-1,0,0,0,0,0,-0.814192,-1,0,0.496807,-1,0,0,0,0,0,0,0,0,1,0,1
0,0,3,-1,0,0,-1,-0.128839,0,0,0,0,0,0,0,0,2.6,0,0,0,0,0,0,0,-1,0,0,4,0,0,0,0,0.65612,1,0,-1,0,0,0,0,0.856001,0,0,-0.332287,0,0,-2,0,2,0,0,0,0,0,0,0,0,0,2,0,0,0,0,2,1,0,1,2,0,0,0,0,1,0,-1,0,0,0,1,0,0,0,0,1,0,0,0,-0.754298,0,0,-0.414526,0,0,1,0,0,1,0,0,0,1,0,1
0,0,0,-2,0,0,0,-0.759734,0,-2,0,-1,1,0,2,0,-0.648211,0,0,1,0,0,0,0,0,0,0,1,1,0,0,0,0.58626,5,0,0,0,0,0,0,2.002558,0,0,-0.565126,1,1,0,0,0,0,0,0,-2,0,0,0,-1,0,1,0,0,0,-1,0,1,0,1,0,1,0,2,1,1,-1,0,1,1,-1,0,0,0,-2,0,1,0,-2,0,-0.772417,0,0,-0.82518,0,0,0,0,0,3,-2,0,0,0,0,1
0,-1,-2,0,0,2,0,-0.692308,2,0,1,-1,0,0,0,0,-0.653556,0,0,0,4,0,0,0,0,0,0,0,0,0,0,0,1.15588,8,0,0,0,0,0,0,2.218793,0,0,-0.148476,0,0,1,0,0,0,0,0,0,0,0,1,0,0,-1,0,0,1,0,0,0,0,0,1,0,0,1,0,0,-3,4,0,0,0,0,0,0,1,0,0,0,1,1,-0.727763,0,0,-0.789474,-1,0,0,0,0,0,0,0,2,0,0,1
0,-1,0,2,0,0,0,-0.698863,0,0,0,0,0,0,1,0,-0.09181,0,-1,0,0,0,1,1,0,0,0,0,0,0,0,0,0.4868,11,0,0,0,1,0,-1,0.884421,0,0,-0.494165,1,0,0,0,1,0,0,-1,0,0,1,0,0,-4,0,0,1,0,0,-3,0,1,0,0,0,0,1,0,-1,2,-1,0,0,0,0,0,0,0,1,0,0,1,0,-0.712826,0,0,-0.149746,0,0,0,-1,1,0,2,0,-4,0,0,1
0,2,1,1,2,0,-1,-0.672877,0,-2,-1,0,0,-1,-2,0,-0.58912,0,0,0,0,0,-1,0,0,0,-1,0,0,2,0,0,0.94286,8,0,-1,0,0,0,2,1.605708,0,0,-0.377332,0,0,-3,0,-1,0,0,0,0,0,0,5,1,0,0,0,0,0,0,-1,0,0,-1,0,0,0,1,0,0,-1,0,0,0,0,0,0,0,0,0,0,0,0,0,-0.71233,0,-1,-0.807949,0,0,2,0,0,0,-1,-1,0,0,0,1
0,0,0,0,1,-1,2,-0.765956,0,0,0,0,0,3,2,0,-0.524886,0,0,0,1,0,0,3,1,0,0,0,0,0,-2,0,0.68518,6,0,0,4,0,0,0,0.543486,-1,0,-0.750725,0,2,0,0,0,0,0,0,0,0,-1,0,1,0,0,-2,0,0,-2,0,-1,0,0,0,2,0,0,0,1,0,0,0,0,0,0,0,1,0,0,-1,0,0,0,-0.74021,1,-1,-0.763984,2,0,0,0,0,0,0,0,-1,-3,1,1
0,0,0,0,0,2,0,-0.658621,0,1,0,0,2,0,2,0,0.205372,0,0,-1,3,0,-1,0,0,0,0,0,0,0,-1,0,1.5511,3,0,0,0,0,0,0,1.943319,0,0,-0.656618,1,0,-1,0,-1,0,0,0,0,0,0,1,0,-2,0,-1,0,0,2,0,0,0,0,0,0,1,1,0,0,0,-1,0,1,0,0,0,0,0,0,0,0,0,-1,-0.729726,0,0,-0.686777,0,0,2,0,0,0,0,0,1,-2,1,1
0,0,0,0,0,0,0,-0.612903,0,-1,0,0,2,0,0,0,-0.573613,0,0,0,0,0,0,-1,0,0,0,0,2,0,1,0,1.14286,1,-2,1,-2,1,0,0,1.57989,0,0,-0.748699,0,0,0,0,-1,0,1,0,0,0,0,1,0,1,0,0,-1,0,0,1,0,0,0,0,0,0,0,0,0,0,-1,0,0,1,0,0,0,0,0,-1,0,0,0,-0.604541,0,0,-0.79661,0,0,0,0,0,0,1,0,1,0,1,1
0,0,0,-1,0,0,0,-0.831333,0,0,-1,0,1,0,-1,0,-0.8014,1,0,0,0,1,0,0,1,0,0,0,0,0,0,0,1.64135,5,0,1,1,-1,0,0,0.629954,0,0,-0.6891,0,0,0,0,0,-1,0,0,0,0,1,1,5,0,0,2,0,0,1,0,3,-1,1,1,0,0,0,0,0,0,0,0,0,0,0,1,0,0,0,0,-1,0,-1,-0.063573,0,0,-0.436107,0,0,0,0,1,0,2,0,0,-2,0,1
0,0,-1,0,0,0,0,0.556873,0,0,0,0,2,0,0,0,-0.633725,1,0,0,0,0,0,0,-2,0,1,-2,0,0,0,0,1.42857,6,0,0,0,0,0,0,0.6,0,1,-0.76,0,0,0,0,0,0,0,0,0,0,1,2,0,1,0,0,0,0,-1,0,0,0,0,0,1,0,-1,0,0,0,0,0,0,0,0,0,1,0,0,0,0,0,0,-0.216844,0,-1,-0.773471,1,0,0,0,0,0,0,1,0,0,0,1
0,0,0,0,0,0,-1,0.931474,1,0,-1,0,0,0,0,0,-0.692308,1,0,0,0,1,0,-1,-1,0,0,0,0,-1,0,2,1.97352,13,0,0,0,0,0,0,3.157254,0,1,-0.589185,-1,0,0,0,0,0,-1,0,0,0,1,0,0,0,0,0,0,0,5,0,0,-1,1,-1,1,-2,0,1,0,0,0,0,0,0,0,1,1,0,0,0,0,0,0,0.273636,0,0,-0.714305,0,1,0,0,0,0,0,0,0,0,0,1
0,1,0,0,0,1,0,-0.828783,0,0,0,0,0,0,1,0,-0.758466,0,0,0,0,0,0,0,0,0,0,0,0,1,1,0,1.21065,1,0,0,0,-1,0,0,1.473834,0,-1,-0.647059,0,0,-2,0,0,-1,0,0,0,0,0,0,0,1,0,0,0,-1,0,1,0,0,0,-1,0,0,-2,0,0,0,0,0,0,0,1,0,-1,0,0,0,0,0,0,8.06075,0,0,-0.648743,0,0,0,0,0,-1,0,0,0,0,1,1
0,0,1,0,-1,1,-2,-0.805674,-1,0,0,0,0,0,2,1,-0.595724,0,0,0,0,0,0,0,0,0,0,5,0,0,0,0,0.87165,5,0,-1,0,0,0,0,0.669903,0,0,-0.657895,0,1,0,0,0,0,1,0,0,6,1,0,0,0,-1,1,0,0,1,1,0,-1,1,0,0,0,0,0,0,0,0,0,0,0,1,0,0,0,0,0,0,0,0,8.88235,0,0,-0.627131,0,-2,0,0,0,0,0,0,0,-1,1,1
0,0,-2,1,0,0,0,-0.4643,0,-1,0,0,0,0,1,3,-0.624924,0,0,0,0,0,0,1,0,2,0,1,0,1,0,0,1.3413,0,-2,0,0,0,0,0,0.822788,0,0,-0.357351,0,1,2,1,0,0,0,0,0,-1,0,0,0,0,0,0,0,0,1,1,0,0,0,0,1,0,0,0,0,0,1,0,1,0,0,0,0,0,0,0,0,2,0,8.88235,1,0,-0.7,0,0,0,0,0,0,1,0,0,0,1,1
0,0,0,0,1,0,0,-0.168745,0,0,0,0,0,0,1,0,-0.07153,0,0,0,0,0,-1,0,0,0,-1,0,0,0,-2,0,0.96262,5,0,0,0,-3,0,-1,1.573191,0,1,-0.682413,0,0,0,2,1,1,0,0,0,3,1,0,0,0,2,0,0,0,0,0,0,0,0,0,-5,-1,0,0,-2,0,0,0,0,0,-1,0,0,0,0,0,0,0,0,-0.588315,0,0,-0.538462,0,-1,0,1,0,0,0,1,0,0,0,1
0,0,0,0,1,-1,1,-0.805466,0,0,0,-1,0,0,1,0,-0.764498,0,0,0,0,0,0,0,0,0,0,0,0,0,0,0,0.7599,12,0,0,0,0,0,0,4.000951,0,0,-0.586207,0,0,0,0,0,2,-1,0,0,2,0,0,0,0,0,0,0,0,0,0,0,3,-1,0,1,0,1,1,0,1,-1,0,0,0,0,0,0,0,0,0,1,-1,0,-0.726131,0,0,-0.14609,0,0,-1,0,0,0,0,2,1,0,0,1
0,0,0,0,0,0,0,-0.431827,-1,1,1,1,0,0,2,0,-0.522886,0,0,0,0,0,0,-1,-1,0,0,-1,0,0,0,0,0.88414,1,0,0,-1,0,0,0,1.55172,-1,-1,-0.656279,0,1,0,0,0,0,0,0,0,0,0,-1,0,0,0,0,0,0,0,0,1,0,0,0,-1,0,1,0,1,1,-2,0,0,-2,0,0,0,0,0,-1,-1,-3,-2,-0.655313,0,-2,-0.567148,0,0,0,0,1,1,-2,1,0,0,0,1
0,0,4,-1,0,0,0,-0.722265,0,0,2,0,0,0,0,0,-0.75,0,0,0,1,1,0,0,0,0,0,0,0,0,1,0,1.51496,1,0,0,1,0,0,0,2.96558,0,0,-0.748398,0,0,1,-1,0,0,0,-1,0,-4,2,0,0,0,0,0,0,0,0,-3,-1,-2,0,0,0,0,0,0,0,0,0,0,0,0,0,0,0,0,0,0,0,1,0,-0.514764,0,0,1.009459,0,0,0,0,0,0,0,1,0,1,1,1
0,0,2,1,1,0,0,-0.666492,-1,0,2,0,0,0,0,0,-0.857235,0,0,1,1,0,0,0,0,0,0,0,0,0,1,0,1.66351,1,0,-1,1,0,0,0,2.121623,0,0,-0.851624,-1,0,0,1,0,0,1,0,0,4,0,0,0,0,2,0,0,0,0,0,0,1,0,0,-1,0,0,0,0,-1,0,0,0,0,0,2,1,0,0,0,0,0,0,-0.777618,0,0,-0.782771,0,0,0,1,0,0,0,0,0,0,1,1
0,-1,2,1,0,4,1,-0.647059,0,1,0,0,1,0,0,0,-0.533695,0,0,1,0,0,0,-1,0,1,0,0,0,0,1,0,2.20551,1,2,0,0,2,0,-1,2.875752,0,0,-0.805574,0,0,0,0,0,0,1,0,0,0,0,-1,0,0,0,0,0,0,0,0,0,1,0,0,1,0,0,0,-1,0,0,0,1,0,0,0,0,0,-1,0,0,1,1,-0.673094,0,0,-0.793103,0,-2,0,0,0,2,0,0,-1,1,1,1
0,0,0,1,0,-4,0,-0.194736,-1,0,1,0,2,2,0,0,-0.57604,-1,0,0,0,0,0,0,0,1,0,2,2,0,0,0,1.16345,6,0,0,0,0,0,0,0.925578,0,0,-0.769478,0,0,0,0,1,0,0,0,4,0,0,-1,0,0,0,-1,1,0,-2,0,0,0,0,0,0,0,1,2,0,0,1,0,0,0,0,0,0,0,0,0,0,1,2,0.150759,0,0,-0.72093,2,1,0,0,0,0,2,1,0,0,0,1
0,0,-3,1,0,0,0,-0.709322,0,1,0,0,0,2,1,0,-0.663734,0,-1,0,4,0,0,0,0,-1,1,0,0,4,0,0,1.02385,5,2,0,-2,0,1,0,1.519698,3,0,-0.752257,0,0,0,0,0,-2,-3,1,0,0,0,1,0,0,0,0,1,-1,0,0,0,0,0,0,0,1,0,1,0,2,-1,0,0,1,0,0,0,0,0,0,0,1,0,0.08505,0,0,-0.692798,0,0,0,0,0,0,2,0,0,0,0,1
0,2,0,1,0,-2,0,-0.694065,-1,0,0,0,0,-1,0,0,-0.604586,0,2,0,-1,0,0,2,0,0,0,0,0,-1,0,0,1.25714,2,0,0,2,0,0,0,1.145448,0,0,-0.789589,0,0,0,0,1,0,0,0,0,0,2,0,0,-3,0,0,1,0,0,-2,0,0,0,0,0,0,-1,1,0,0,2,0,2,0,0,-1,0,0,0,0,0,1,1,-0.426079,0,0,-0.713543,-1,0,0,0,0,0,0,0,0,0,0,1
0,0,-1,0,1,0,0,-0.669516,0,1,0,0,0,0,0,0,-0.880653,0,0,0,0,0,0,3,0,0,0,2,2,-3,0,0,1.09339,10,1,0,0,1,0,0,3.035006,0,2,-0.666622,0,0,1,0,0,0,1,0,0,0,1,-1,3,1,0,0,0,0,0,1,0,2,1,0,0,-1,0,0,1,-1,0,0,-1,3,1,0,0,2,-1,0,0,0,1,-0.281786,0,0,-0.714286,-1,0,0,0,0,0,0,0,0,0,1,1
0,0,0,0,0,1,0,-0.675241,0,1,-1,-1,0,0,3,1,-0.213879,-1,0,0,0,0,0,0,-1,-1,0,0,0,0,2,0,0.57103,7,0,-1,0,0,0,0,1.62746,0,0,-0.544349,0,0,0,0,0,-1,0,0,0,0,1,0,0,0,-1,2,0,0,1,0,0,0,-1,2,0,0,0,0,0,0,0,0,0,2,0,-1,0,0,1,0,0,0,0,-0.490313,0,0,-0.714286,3,0,-1,0,1,0,0,0,-2,0,1,1
0,-1,0,0,-1,-1,0,-0.726012,0,1,0,0,0,1,1,0,-0.473147,0,0,-1,2,0,0,0,0,-1,0,-1,0,0,0,0,1.34122,9,0,0,-3,0,-1,0,1.886033,0,0,-0.594036,0,1,1,0,0,1,0,0,0,0,0,0,0,0,0,0,0,0,2,1,0,-1,0,0,0,0,0,0,0,0,0,0,0,0,0,0,1,0,0,1,0,-1,0,-0.666478,0,0,-0.896663,0,1,3,0,0,0,1,0,0,0,1,1
0,0,1,0,0,-1,0,-0.336195,0,0,1,0,1,0,1,0,-0.295309,0,0,0,1,0,0,0,0,0,0,0,0,-1,0,0,0.61132,4,0,0,0,1,0,0,0.734694,0,0,-0.761564,0,2,0,0,0,0,2,0,0,0,0,0,0,0,1,1,0,0,1,-1,0,0,0,0,1,0,0,0,1,0,0,0,0,0,0,0,0,0,0,1,0,0,0,2.131017,0,1,-0.318079,1,0,0,0,1,1,0,0,0,0,0,1
0,0,0,1,0,0,0,1.120234,-1,0,1,0,0,0,0,0,-0.73835,0,0,0,0,0,0,1,0,0,1,0,-1,0,-1,0,2.29397,4,0,0,0,0,0,0,0.385502,0,1,-0.755102,0,1,0,0,0,0,0,1,1,0,0,0,-2,0,0,1,0,0,1,0,0,2,0,0,0,-2,-1,0,0,0,1,0,1,0,0,0,0,-1,0,1,-1,1,0,-0.646006,0,0,-0.865937,0,0,0,0,1,0,0,0,0,0,0,1
0,0,1,0,0,0,1,-0.512152,0,0,0,0,1,0,0,0,-0.662113,0,0,1,-3,0,0,1,1,0,0,0,1,1,0,1,1.607,3,0,1,0,0,0,0,1.059192,0,0,-0.755102,0,1,0,1,0,-1,0,0,0,0,0,-1,0,0,1,0,0,0,0,0,0,0,0,2,0,0,-2,0,0,-1,0,0,1,0,0,0,-1,0,1,0,0,0,1,-0.491361,1,0,-0.569285,0,0,-1,0,0,0,0,0,2,0,0,1
0,0,2,0,0,0,-1,-0.634062,0,0,1,0,0,0,0,1,-0.771696,0,0,1,1,0,0,0,0,1,0,0,0,0,1,0,1.60275,2,1,0,0,1,0,0,0.479126,2,0,-0.774507,-1,-2,1,0,0,0,0,0,2,0,1,2,0,0,1,0,-2,2,2,0,0,0,-1,0,0,2,2,0,0,1,2,0,0,0,0,0,1,2,0,0,0,-3,1,-0.802089,0,1,-0.707485,0,0,0,0,3,0,0,1,1,0,1,1
0,0,0,-1,0,-1,0,-0.707339,0,0,0,0,0,1,-1,0,-0.698143,-1,0,1,0,-1,-1,0,0,1,1,3,-2,0,0,0,1.19483,2,0,-2,-1,0,0,0,0.574074,-6,0,-0.855633,1,0,0,0,-2,0,0,1,0,2,0,0,0,0,-1,0,0,0,0,0,1,0,0,2,0,0,0,0,0,0,0,0,0,0,-1,0,0,4,0,-2,-1,0,0,-0.625,0,0,-0.680963,0,0,0,2,0,0,0,0,0,0,1,1
0,-1,0,0,0,0,-2,-0.287465,0,0,2,0,0,0,0,0,-0.666667,0,1,0,0,0,0,0,0,0,0,0,0,0,0,0,1.41118,1,0,0,1,0,0,0,0.206813,0,0,-0.820262,0,0,0,0,0,0,0,0,0,0,3,0,0,0,0,0,0,0,0,-4,1,1,1,-1,3,-1,0,0,0,0,0,0,0,0,2,0,0,0,0,0,0,0,3,-0.636194,0,0,-0.684211,2,0,3,0,0,0,0,0,0,1,1,1
0,0,0,2,0,0,0,-0.478261,0,1,1,0,0,0,-1,0,-0.636364,0,1,0,1,0,0,-1,1,0,0,0,0,0,-2,0,1.19006,0,0,0,1,0,1,0,0.305923,-2,0,-0.43088,0,0,1,1,0,0,0,0,0,-1,-1,0,0,1,-2,1,0,0,0,0,0,0,0,0,0,1,0,1,1,-2,-1,0,0,0,0,0,0,0,0,0,0,1,2,-0.682882,1,0,-0.492061,0,0,0,0,0,0,-1,0,0,-2,0,1
0,0,0,0,0,0,0,-0.539411,0,0,0,0,0,0,1,0,-0.636364,0,0,0,1,0,0,0,1,0,0,0,0,0,-2,0,0.81293,1,0,0,0,1,0,0,0.181871,1,-3,-0.71923,2,0,-1,0,0,0,1,0,0,0,0,0,4,1,-2,1,1,-1,0,0,0,0,0,0,0,1,0,-2,0,0,0,-1,3,0,0,0,1,-1,0,0,0,0,0,-0.640392,0,0,0.128067,0,0,1,0,0,1,0,-1,0,0,0,1
0,0,0,0,0,0,0,-0.474433,0,0,0,0,0,0,-2,2,-0.553097,-1,0,0,0,0,2,-1,0,0,-1,0,0,0,0,0,1.01972,16,0,0,0,0,0,0,2.248576,0,1,-0.661298,0,0,1,0,0,0,0,0,0,2,0,2,0,1,0,0,0,0,0,0,0,0,1,2,-1,0,0,0,1,0,0,1,0,0,0,0,0,0,0,0,0,3,0,-0.571083,0,3,-0.555692,0,1,0,0,0,0,0,0,0,0,0,1
0,2,0,0,-2,0,0,-0.695548,1,1,0,1,0,0,0,0,-0.524007,0,0,0,0,0,1,0,0,0,0,0,2,0,0,0,1.67745,3,0,0,0,1,1,-1,0.927888,0,-1,-0.596601,1,1,2,0,-1,0,0,0,0,0,0,0,-1,0,0,0,0,0,0,0,-3,0,1,0,0,0,0,0,-1,-1,0,0,-2,-1,0,0,-1,0,0,0,0,0,0,-0.79661,0,1,-0.445752,1,0,2,0,0,1,0,0,1,0,1,1
1,2,-1,0,0,0,-1,-0.645433,1,1,0,0,0,0,0,0,-0.333755,0,0,0,0,1,-1,0,0,0,0,0,0,2,0,0,1.72425,17,0,1,0,0,0,0,0.401511,0,0,-0.827768,1,0,0,0,0,-1,0,0,0,0,1,0,0,0,0,1,0,0,-1,0,-1,0,1,0,0,0,3,2,0,0,0,-1,-4,0,1,1,0,-1,1,0,0,0,0,-0.331485,0,1,-0.188612,0,0,2,0,-1,0,0,0,0,0,1,1
0,0,0,0,0,1,1,-0.744844,0,0,0,0,0,1,1,0,-0.228199,0,0,0,1,0,0,0,0,0,0,1,0,1,0,0,0.82943,5,0,0,-1,0,0,0,1.271241,0,1,-0.72093,-1,0,1,0,1,0,0,0,0,1,0,0,0,0,0,-1,0,0,2,0,0,0,0,0,-5,0,0,1,3,0,0,0,0,0,0,-1,0,0,-1,0,0,0,0,-0.716658,0,0,-0.769231,0,0,-1,0,0,2,1,2,0,-1,1,1
0,2,0,0,0,0,0,-0.784657,0,0,0,0,0,1,0,0,-0.610768,0,2,1,0,0,-1,0,0,0,0,0,1,0,0,0,1.16055,0,0,0,0,1,0,0,0.337489,2,2,-0.689245,0,0,0,0,0,0,0,0,0,-2,1,0,-1,0,1,0,0,0,0,0,1,0,0,0,0,-1,-2,-2,3,0,0,0,0,0,-1,0,0,4,0,1,0,0,0,1.684615,0,0,-0.455877,0,0,0,0,0,-1,0,0,0,0,0,1
0,2,0,-1,0,0,1,-0.477809,0,0,0,0,1,0,0,1,-0.775253,0,0,1,0,0,2,1,0,0,0,0,0,-1,0,0,1.1138,0,2,0,0,0,0,0,0.175,-1,0,-0.709586,-1,0,0,0,0,0,0,0,-1,0,1,0,0,0,0,-1,1,0,0,0,1,0,0,0,0,0,0,0,0,-1,0,0,0,0,0,0,-1,0,0,1,1,0,0,-0.428315,0,0,-0.644145,0,0,0,0,0,0,0,0,-2,0,0,1
0,0,0,0,0,0,0,-0.755102,0,0,0,0,0,0,0,1,-0.894337,-1,0,1,0,1,0,1,0,0,0,0,0,2,0,0,1.63545,8,0,0,-1,1,0,0,1.790583,2,0,-0.244679,1,1,0,1,0,1,0,1,0,0,0,0,0,-1,0,3,0,1,0,0,1,0,1,0,0,-1,0,0,-2,0,0,2,0,4,0,0,0,0,0,0,1,0,0,-0.714848,0,0,-0.818392,0,0,0,0,0,-3,0,0,0,0,0,1
0,-1,0,0,1,0,0,-0.645259,0,0,0,0,0,1,2,1,-0.766781,0,0,0,0,0,0,0,0,0,0,0,0,0,-1,0,1.39633,1,0,1,1,1,0,-1,0.516225,0,1,-0.734282,4,0,0,0,0,0,0,0,0,2,1,1,0,-1,-2,0,0,0,0,0,1,1,1,-2,0,0,1,0,0,-1,0,0,1,0,0,-1,0,1,0,0,0,0,0,-0.650319,0,0,-0.851852,2,0,0,0,0,1,0,1,0,1,1,1
0,0,0,1,0,0,0,-0.769083,0,0,0,0,0,0,2,0,-0.240925,0,0,0,0,1,0,1,0,0,0,2,0,2,-2,0,1.50923,4,0,0,0,0,0,1,0.522727,0,0,-0.422608,0,0,0,0,0,0,1,0,0,-2,3,0,0,0,0,0,0,0,0,0,1,0,0,0,1,0,0,0,0,0,0,0,0,0,0,0,0,0,0,2,0,0,0,-0.589139,0,0,-0.851852,0,0,0,-1,0,0,0,1,0,0,1,1
0,0,-2,0,0,0,-1,-0.625,0,0,0,0,0,0,2,0,-0.712772,-2,0,0,7,1,1,-2,0,0,0,0,2,2,0,0,1.9863,3,0,-1,0,1,0,0,0.522104,0,1,-0.702851,0,0,0,0,0,0,0,0,0,0,3,0,0,0,0,0,0,0,0,0,1,0,0,0,1,0,0,2,0,-2,0,0,0,2,0,0,0,0,1,0,0,0,-1,-0.539578,0,0,-0.851852,0,0,4,0,0,0,0,1,0,1,1,1
0,1,1,1,0,1,0,-0.72093,0,0,1,0,1,0,0,2,-0.692573,0,1,1,0,0,0,-6,0,0,0,0,0,2,-2,0,1.15654,2,0,0,1,0,0,0,2.45608,1,0,-0.729616,1,0,0,0,0,0,0,0,-2,0,0,0,1,0,1,0,0,0,0,0,1,0,0,0,0,0,0,0,1,0,2,0,1,1,0,0,0,1,0,0,0,0,-1,-0.751818,0,0,-0.614919,3,0,1,1,0,1,-1,0,0,0,1,1
0,0,1,0,0,0,0,-0.819077,0,0,1,0,1,0,0,3,-0.771918,0,0,1,0,1,0,-2,0,0,0,0,0,0,-1,0,1.18671,2,1,0,1,0,-2,0,0.855947,0,0,-0.685118,1,0,0,3,0,0,1,0,0,0,2,0,0,-1,0,-1,0,0,0,0,1,0,0,0,1,0,1,-1,1,1,0,0,1,0,0,0,0,0,0,0,0,0,1,-0.856972,-1,0,-0.578552,0,0,0,1,0,1,0,1,0,0,1,1
0,0,1,0,0,0,0,-0.742888,0,0,1,0,1,0,0,2,-0.684211,1,0,0,0,0,-2,0,0,0,0,2,0,3,0,0,1.33135,4,0,0,0,0,0,0,0.935345,0,1,-0.913398,0,1,1,0,0,0,1,-1,0,-1,1,0,1,0,0,0,0,0,-2,2,2,1,0,0,-1,0,1,2,0,0,0,0,1,0,0,1,0,0,-1,0,0,0,1,-0.41298,0,0,-0.7059,4,0,0,1,0,1,0,1,0,0,1,1
0,-1,0,0,-1,0,0,-0.571429,0,0,0,0,0,0,0,0,-0.73913,0,-1,3,0,0,0,1,-1,1,0,0,2,0,1,0,1.50315,2,0,0,-1,1,-4,1,2.3512,0,0,-0.562076,0,3,0,0,0,0,0,0,0,0,0,1,0,0,3,0,0,0,-1,0,0,0,0,1,0,0,-2,0,1,0,0,0,-1,0,0,2,0,-2,0,0,0,0,0,-0.514022,-1,0,-0.314187,0,0,0,0,-1,0,0,0,-3,0,1,1
0,-1,0,0,0,0,0,0.139987,0,0,0,0,0,0,0,1,-0.336693,-1,0,1,0,1,0,0,1,1,1,0,0,0,1,0,1.73671,2,0,0,0,0,0,0,-2.415826,0,0,-0.773743,0,1,0,0,0,0,0,0,0,2,-1,1,0,1,0,0,0,0,0,-1,0,1,-1,0,2,0,0,0,-1,-1,0,0,0,1,1,0,0,0,-1,-1,0,0,0,-0.143911,0,0,-0.46153,0,0,0,0,0,1,0,0,1,1,1,1
0,0,1,0,0,1,1,-0.589591,0,0,0,0,0,0,-1,0,-0.756391,0,0,0,0,0,0,0,-1,0,0,0,-1,2,0,0,1.6,6,0,0,0,0,0,1,0.987223,0,2,-0.785714,0,0,1,0,1,-1,0,0,0,0,0,0,-4,0,1,0,0,0,0,0,3,0,0,0,0,0,0,0,0,0,0,0,0,0,0,0,0,0,0,0,0,0,2,-0.33758,0,0,-0.557126,0,0,0,0,1,0,0,0,0,0,1,1
0,0,0,2,0,5,0,-0.294118,0,0,0,0,0,0,0,-1,-0.657143,0,0,0,2,0,0,-5,1,0,0,0,0,0,0,0,1.36978,15,0,0,0,0,0,0,0.536988,0,1,-0.763702,0,0,0,0,0,2,0,0,0,0,0,0,0,0,0,1,-2,-2,0,0,0,0,0,0,-1,1,-1,-2,0,0,0,0,0,0,0,0,0,0,0,-2,0,-1,-1,-0.591744,0,0,-0.67874,2,0,0,0,0,0,0,2,0,0,0,1
0,0,0,1,0,1,0,-0.294118,2,0,0,1,0,0,1,0,-0.626647,0,-1,0,0,0,-1,0,0,0,0,-3,0,0,0,1,1.51429,1,0,0,-2,0,0,0,3.82542,1,0,-0.857168,1,0,0,0,0,0,0,0,0,1,0,0,0,0,0,-3,0,0,-1,0,0,0,0,2,0,0,2,0,1,0,0,0,1,0,0,0,0,0,0,0,0,0,-1,-0.518648,0,1,-0.586207,0,0,0,0,-1,0,0,1,0,0,0,1
0,0,0,0,1,0,1,-0.23606,0,-1,0,0,0,0,0,0,-0.391529,0,0,0,2,0,1,0,1,-1,0,0,0,0,1,0,2.42675,5,0,0,0,-2,0,0,1.016984,0,0,-0.707328,0,1,0,0,0,0,0,0,0,0,0,0,0,0,2,0,0,2,0,0,0,0,1,-1,0,1,1,0,0,0,4,0,0,0,0,-1,0,0,-1,0,0,2,0,-0.41547,0,0,-0.601995,4,1,0,0,1,-1,0,1,-1,0,0,1
0,0,0,0,0,0,0,-0.815385,0,0,0,-1,0,0,0,0,-0.845286,0,0,0,0,1,0,0,0,0,0,0,-2,-2,-1,1,0.41408,6,0,0,0,0,-1,0,0.572627,0,1,0.101215,0,1,0,0,0,0,0,0,0,0,0,0,0,0,2,-1,0,0,0,0,0,1,1,0,0,-1,0,0,0,0,0,0,0,0,0,0,-1,-2,0,0,0,0,-1,-0.754444,0,0,-0.73913,0,0,0,0,0,0,0,0,1,0,0,1
0,0,0,0,0,0,0,-0.71388,0,0,2,0,0,0,0,1,-0.785714,0,0,0,0,0,-3,0,2,0,0,-1,0,-1,0,0,1.04509,2,0,0,-1,2,0,0,0.294139,2,0,-0.406654,-2,-3,0,2,0,0,0,0,1,0,0,1,0,0,0,0,0,0,1,0,1,0,1,0,0,0,0,0,0,0,1,0,2,0,0,0,0,0,0,-1,0,0,0,0.406273,0,0,-0.637759,0,0,-1,0,0,-1,0,0,1,0,0,1
0,0,0,0,0,1,0,-0.815385,0,0,0,0,0,0,0,3,-0.656902,0,-1,1,-1,0,0,0,0,1,0,0,0,0,0,1,0.67859,0,-1,1,0,1,0,0,0.630485,0,0,-0.515471,0,0,0,0,-1,0,0,0,0,0,0,0,0,0,0,0,0,1,0,1,1,0,0,0,0,0,0,0,0,0,0,0,-3,0,0,0,0,0,0,0,0,0,0,-0.766936,0,0,-0.729139,-2,1,0,1,1,0,0,0,0,0,0,1
0,3,0,0,0,0,0,-0.733866,0,0,0,0,0,0,-1,0,-0.546619,0,0,1,0,0,0,2,0,0,0,2,1,0,0,0,0.64308,4,0,0,0,2,0,0,0.437543,0,0,-0.827055,-1,0,0,0,0,0,0,0,0,-1,0,0,0,-1,0,-1,0,0,0,1,0,1,0,0,1,0,0,0,0,0,-1,1,0,0,-1,0,0,0,0,0,0,0,0,-0.624779,0,0,-0.629634,1,0,-1,0,0,0,0,0,0,0,0,1
0,0,0,0,0,-1,-1,-0.514982,0,0,0,0,2,0,-2,0,-0.724844,0,0,0,0,0,0,0,0,0,1,0,-2,0,0,0,0.54286,1,0,0,0,0,0,0,0.614418,0,0,-0.786341,0,-1,0,0,0,1,0,0,0,0,0,0,0,-1,0,0,0,0,0,1,0,0,-2,2,0,0,0,2,0,2,1,0,0,2,0,0,0,2,0,-1,-2,-1,0,-0.272166,-1,0,-0.75103,0,0,1,0,1,0,0,2,0,0,0,1
0,0,0,0,0,0,0,-0.555556,0,0,1,0,0,0,1,0,-0.615366,0,1,0,0,0,0,0,0,0,0,0,0,0,2,0,0.54286,3,0,1,0,0,0,0,0.789474,0,0,-0.534456,0,0,0,0,0,-1,0,0,0,0,0,0,0,0,0,0,-1,0,-3,1,1,2,0,0,2,0,0,0,0,0,0,1,1,0,0,0,0,0,2,-5,0,0,0,0.228568,0,0,-0.738478,0,0,0,1,1,-2,3,0,1,1,0,1
0,0,-1,0,0,0,0,-0.076,0,1,-2,0,0,0,5,0,-0.627826,0,0,0,0,-1,0,0,0,0,0,0,2,0,0,0,1.24411,2,0,0,0,0,0,0,1.251907,0,0,-0.657257,0,0,0,0,0,0,0,0,0,-1,0,0,0,1,0,-1,0,0,0,0,0,0,2,0,0,0,0,0,1,3,0,0,3,1,0,1,0,0,0,1,0,0,0,-0.684811,0,1,-0.626609,4,0,2,0,1,0,0,0,0,0,1,1
0,1,0,0,0,0,0,-0.369615,0,1,-1,0,0,0,0,0,-0.507236,0,-2,0,2,0,-1,0,1,-1,0,0,0,0,0,0,1.57625,1,1,0,0,0,0,0,1.087455,0,0,-0.730342,0,0,0,0,0,2,0,0,0,-1,-1,0,0,0,0,-1,1,0,0,0,0,0,0,2,2,0,0,0,1,0,0,0,0,0,0,0,0,0,0,0,0,0,0,-0.713211,0,1,-0.779722,2,0,0,0,0,2,-1,0,0,0,1,1
0,0,0,0,0,0,0,-0.593656,0,0,0,0,-1,0,0,-1,-0.6,1,0,0,0,0,0,1,1,-2,0,0,0,0,-1,1,1.4578,2,0,0,0,-1,0,0,1.130505,2,0,-0.733333,0,0,0,0,0,0,-1,0,0,0,0,1,0,0,0,2,0,0,0,0,0,0,0,0,0,0,0,0,0,0,0,0,0,1,3,1,0,1,0,0,0,2,0,-0.763887,0,1,-0.788244,0,0,0,0,0,0,-1,0,-2,-1,1,1
0,0,0,1,1,0,0,-0.630654,0,0,0,1,0,0,0,1,-0.35593,0,1,0,0,0,0,0,2,0,0,3,0,0,0,-1,0.68571,4,0,0,0,0,0,0,3.0,0,0,-0.749113,-2,0,0,0,0,0,0,0,0,0,1,-1,0,0,0,0,0,0,5,0,0,0,1,0,0,1,3,0,-2,0,0,0,0,0,1,0,-1,-1,0,-1,1,0,0,-0.603685,0,-1,-0.694528,0,0,2,0,0,-1,1,0,0,0,0,1
0,0,0,0,-1,0,0,-0.454519,0,0,0,0,0,0,-2,-2,-0.770774,0,0,0,2,-1,2,0,0,0,1,0,0,4,1,0,0.74832,4,2,0,0,0,0,0,2.433651,0,0,-0.062775,-1,0,0,0,0,-1,1,0,1,0,0,-1,0,2,1,3,-1,0,3,1,-1,0,1,0,0,1,2,0,1,-1,0,0,0,0,0,0,0,1,0,-3,0,0,0,-0.712492,0,-1,-0.72302,0,0,0,-1,0,0,-1,0,-1,0,0,1
0,0,-1,0,0,0,-1,-0.630267,-1,0,0,0,0,0,2,-2,-0.668124,0,0,0,0,0,0,0,0,0,0,0,0,0,0,1,0.42987,2,0,1,0,1,0,0,2.516871,0,0,-0.540435,0,0,1,0,0,0,0,0,0,0,-1,1,0,2,0,0,0,0,4,-1,0,1,0,1,0,2,1,0,0,0,3,0,0,0,0,-1,0,0,0,0,0,0,1,-0.681476,0,0,0.384496,0,0,0,0,0,0,-2,0,0,0,0,1
0,0,2,0,0,0,0,-0.773623,0,0,0,0,0,0,0,0,-0.467378,0,0,0,1,0,0,1,0,0,0,0,0,0,0,0,1.12935,5,0,-1,0,0,0,0,0.591728,0,-1,-0.435476,2,-1,-1,0,-1,0,0,0,0,3,0,0,0,0,0,1,0,0,0,1,1,-1,0,0,0,0,0,1,1,0,0,0,-1,-1,0,0,0,0,0,3,0,0,0,-0.458119,0,0,-0.363837,0,0,0,0,0,0,1,-1,0,0,1,1
0,-1,0,0,-1,0,0,-0.388838,0,-1,0,0,-5,0,-1,0,-0.841511,0,0,-5,1,0,0,0,1,0,0,3,0,2,0,-1,1.40575,2,0,0,0,-2,1,0,0.710387,0,-1,0.235027,-1,0,0,0,0,0,0,-1,-1,0,0,1,0,0,-2,0,0,0,0,3,0,0,0,0,0,0,0,0,1,0,0,1,0,-1,0,-1,0,1,0,0,0,0,2,-0.607506,0,0,-0.496774,2,0,0,0,0,1,0,0,0,0,1,1
0,0,0,0,0,0,1,-0.802651,0,0,0,0,1,1,0,0,-0.713542,0,0,0,0,0,0,-1,1,0,-1,0,0,0,0,-1,1.78188,2,0,-1,0,0,1,0,0.634615,0,1,-0.803686,0,0,0,0,0,0,0,0,-1,0,1,0,1,0,-2,2,0,1,0,1,0,-1,0,1,2,0,0,0,0,-1,-7,0,0,0,0,0,0,0,0,1,0,0,0,-0.567743,0,0,0.249847,0,0,0,0,0,0,0,0,0,0,1,1
0,0,0,1,-1,0,0,-0.663223,0,0,0,0,-1,0,-1,0,-0.733001,0,0,0,1,0,1,2,0,0,0,0,1,1,0,0,1.35502,2,0,0,0,0,0,-1,1.17729,1,0,-0.675676,-1,0,0,0,0,0,0,0,0,-1,0,0,1,0,0,0,0,-1,0,0,0,0,0,0,1,1,0,0,0,3,0,0,0,-1,0,-1,0,0,0,1,0,0,0,-0.85973,0,0,-0.651973,1,0,1,0,0,0,0,0,0,0,1,1
-1,0,1,0,-1,0,-1,-0.3974,0,0,0,0,0,0,0,-1,-0.901756,-1,1,2,0,0,0,-1,0,0,-2,0,0,0,-2,0,1.01307,6,0,0,0,2,0,0,1.975284,0,0,-0.729386,0,3,1,0,0,0,0,0,0,0,0,0,2,0,2,0,0,0,0,1,-2,1,0,3,-1,0,0,0,0,0,0,0,-3,0,0,-1,-1,0,0,0,0,0,0,-0.727685,0,0,-0.624201,0,0,-3,0,0,0,0,1,0,1,1,1
0,2,0,0,0,0,-2,-0.52374,0,0,0,0,2,0,-2,0,-0.769231,0,0,0,0,0,0,0,0,0,0,0,1,1,0,0,1.05714,5,0,0,0,0,0,0,0.890358,1,0,-0.675676,0,0,0,0,0,0,0,0,-1,0,0,0,1,0,-1,0,0,0,0,0,0,2,1,0,1,0,1,0,0,0,2,0,1,0,0,0,0,0,0,0,0,-1,0,-0.548956,0,0,0.057713,1,0,1,0,0,1,0,2,0,0,1,1
0,0,0,2,2,0,0,-0.60044,0,0,0,0,0,0,2,0,-0.467946,0,0,0,0,0,0,0,0,0,1,0,0,0,0,0,1.25789,9,0,0,0,0,0,0,1.197751,0,0,-0.625831,0,1,0,0,0,0,0,0,0,3,0,0,-1,0,1,0,0,0,0,0,1,0,1,2,0,0,0,0,0,0,3,0,1,0,0,-1,0,0,0,-1,0,1,0,-0.843813,0,0,-0.509773,0,-1,0,0,0,0,0,0,0,2,1,1
0,0,0,0,0,0,0,-0.654395,0,0,0,0,0,0,2,0,-0.560203,0,0,0,0,0,0,0,0,0,0,0,0,0,2,0,1.37515,5,0,0,0,0,0,0,1.725976,0,4,-0.738628,0,0,3,0,0,0,-2,0,0,0,1,1,0,0,0,2,0,2,0,0,0,1,0,0,0,0,0,0,-1,0,0,0,0,0,0,0,0,0,0,0,0,1,-1,-0.600396,0,0,-0.160272,3,0,0,0,0,3,0,2,1,0,1,1
0,0,0,0,1,0,0,1.187165,0,1,0,0,0,1,0,0,-0.386861,-1,0,-1,0,0,0,0,0,0,0,0,0,0,1,0,0.56494,8,0,0,0,0,-1,0,0.550052,0,0,-0.818878,0,1,0,0,0,0,0,0,0,0,2,0,0,0,2,0,0,0,0,0,-2,1,1,0,1,-1,1,0,2,0,0,0,0,0,0,0,0,0,0,0,0,0,0,-0.581975,0,0,-0.661898,0,0,0,0,0,0,0,0,0,0,1,1
0,0,0,0,0,0,0,-0.361896,0,0,2,0,0,0,2,0,-0.812642,0,0,-2,-1,-1,-1,0,0,1,1,0,0,0,1,1,1.11094,0,-1,0,0,0,3,0,0.883912,0,0,-0.740736,0,0,0,0,0,-1,0,0,0,-1,0,0,-1,0,0,2,1,0,0,0,0,0,0,0,0,2,0,0,1,0,0,-1,0,0,0,0,0,0,0,1,0,0,0,-0.544925,0,0,-0.706257,0,0,0,0,0,0,0,0,0,0,1,1
0,0,0,0,0,-3,0,-0.625,0,0,0,0,0,1,3,-2,-0.73913,0,0,0,0,0,0,0,0,0,1,0,0,0,0,0,1.25588,10,-2,0,0,0,2,0,0.895385,-2,-3,-0.7188,1,1,0,0,-2,0,0,0,0,0,0,0,0,0,0,1,0,0,-1,0,0,0,-1,0,2,0,1,0,0,0,0,0,0,2,0,0,0,1,0,0,0,0,0,-0.821071,-1,0,-0.683193,2,0,2,0,0,0,0,1,-3,0,1,1
0,0,0,0,0,0,0,-0.428462,0,0,0,0,0,0,0,0,-0.73913,-1,0,0,0,0,0,1,0,-3,0,0,0,3,0,1,1.77063,13,0,0,0,0,0,0,0.884295,1,-1,-0.432548,0,0,0,0,0,-1,0,0,1,0,0,0,0,0,1,0,1,0,0,1,0,0,0,0,2,1,0,0,0,-1,0,0,0,0,0,0,0,0,0,0,0,0,1,-0.683891,0,0,-0.789636,0,0,2,0,1,0,0,0,-2,0,1,1
-1,1,0,0,0,3,0,-0.666667,0,0,0,0,0,0,0,0,-0.692001,0,0,0,0,0,0,0,0,1,0,-1,0,0,1,0,1.4,1,0,0,0,0,0,1,1.550204,0,0,-0.580699,0,0,0,0,0,0,0,0,0,-1,0,1,0,0,-2,0,0,0,0,0,0,0,-1,1,0,0,-2,0,0,2,0,0,0,0,0,0,0,0,0,0,0,1,0,-0.696971,1,0,-0.395349,0,0,0,1,0,0,-1,0,1,0,0,1
0,0,0,0,0,0,0,-0.425574,0,0,1,0,0,0,0,1,-0.570773,0,0,0,0,0,0,0,1,-1,1,0,0,0,1,0,1.4,15,1,1,0,0,0,1,1.669074,0,0,-0.817195,-1,0,0,0,0,1,0,0,0,0,-1,0,0,1,0,0,0,-1,0,1,0,0,0,1,0,0,1,0,-2,0,0,0,0,0,0,0,0,0,0,0,0,0,0,-0.515631,-1,-1,0.003916,-1,0,2,0,0,0,0,0,0,0,0,1
0,0,0,0,0,0,0,-0.636507,0,0,-1,0,0,0,0,1,-0.664575,-1,0,3,0,0,0,1,0,0,0,0,-1,0,0,0,1.50263,12,0,1,0,0,1,0,1.431518,3,1,-0.832514,0,1,0,0,0,1,0,0,0,0,0,0,0,0,0,0,0,0,0,0,0,0,0,2,0,0,0,0,0,0,0,0,0,0,0,1,1,-2,0,0,-1,1,0,-0.378697,0,0,-0.555556,1,0,-4,0,-1,0,-1,0,-1,-1,0,1
0,-1,0,0,0,0,2,-0.625007,0,0,0,0,0,0,0,1,3.343306,0,0,1,1,0,0,1,1,0,0,0,0,0,-2,0,1.60438,3,0,1,0,1,0,0,1.221757,1,0,-0.824237,2,0,0,0,0,0,0,0,0,-2,-2,0,-1,0,2,0,0,0,1,0,1,0,0,0,1,0,0,0,0,0,0,0,1,0,0,0,1,0,0,0,0,0,0,-0.344882,0,0,-0.695552,1,0,0,0,0,1,0,1,0,0,1,1
0,0,1,0,0,2,1,-0.586207,0,0,0,0,0,0,0,2,-0.077575,0,0,0,0,-1,0,1,1,0,0,0,0,0,0,0,2.81304,7,0,2,2,0,0,0,0.86837,0,0,-0.814071,-1,0,0,-1,0,0,0,0,0,2,0,0,0,1,0,0,0,0,1,1,1,0,0,2,0,0,0,1,1,0,0,0,0,-2,0,0,0,1,0,1,0,0,0,-0.728286,0,0,-0.711713,0,1,0,0,0,0,0,1,0,0,1,1
0,1,0,0,0,0,-2,-0.80028,0,0,0,0,0,-1,2,1,0.029215,0,0,3,0,0,0,0,0,0,0,0,0,1,-1,0,2.05714,19,0,0,1,0,1,1,0.875243,0,0,-0.57735,0,0,1,0,0,0,0,0,0,0,1,1,0,1,0,0,0,0,-1,0,0,-1,0,0,0,0,0,0,1,0,0,0,0,1,0,0,0,0,0,0,0,0,0,-0.861816,0,1,-0.638694,0,1,0,1,0,0,0,0,3,0,1,1
0,0,0,1,0,0,0,-0.60113,-1,0,0,0,-1,0,0,0,-0.678217,0,0,1,0,1,0,0,0,0,0,0,0,0,0,0,1.21406,4,-1,0,1,0,0,0,1.318418,0,0,-0.60289,0,0,0,0,0,0,0,0,0,0,0,1,1,0,-1,1,0,0,0,0,-2,0,0,0,0,1,-1,-1,0,0,0,0,0,0,1,0,0,1,0,1,0,0,0,-0.605442,0,0,-0.925326,-1,0,0,1,0,1,0,0,0,0,0,1
0,0,0,2,0,-3,0,0.456465,0,0,0,-1,0,0,0,0,-0.797853,0,1,3,0,0,-1,0,1,0,0,3,0,0,0,0,1.11156,2,0,0,1,0,0,0,0.749691,0,1,-0.876638,0,0,0,0,0,0,0,0,0,0,1,0,0,0,0,0,0,0,0,2,0,0,0,0,0,0,0,-1,-1,-3,0,0,1,2,0,0,0,1,0,0,0,0,0,-0.498253,-1,0,-0.740174,-1,0,1,0,0,0,0,0,0,0,0,1
0,0,0,1,0,0,0,-0.277795,0,0,0,2,0,0,0,0,0.371473,0,0,1,2,1,0,0,0,0,0,0,0,0,-1,-1,1.76391,0,0,0,1,0,0,2,0.528268,0,0,-0.729163,-1,0,0,0,1,-1,0,0,-2,-1,0,1,0,0,0,0,0,0,0,-1,0,0,0,3,4,1,0,0,-1,0,0,0,-2,0,0,-1,0,0,1,0,0,-2,-1,-0.25066,0,0,-0.732314,-4,0,-1,0,0,0,0,0,-3,0,0,1
3,-1,0,0,0,0,-1,-0.790313,-3,0,0,1,0,1,0,0,-0.647059,-1,1,1,0,0,0,0,0,-1,0,0,0,0,0,0,1.96701,1,1,0,0,0,1,0,1.08477,-1,0,-0.835491,0,0,-2,0,0,0,0,0,0,0,0,-2,1,0,0,0,0,0,0,0,0,0,0,1,-3,1,0,0,0,0,0,0,1,0,0,-1,0,0,0,-4,-1,0,0,-0.398484,0,1,-0.764706,-1,1,0,0,0,2,0,0,0,0,0,1
0,0,0,0,1,0,0,-0.803168,0,0,0,1,0,0,0,0,-0.441935,0,0,0,0,0,0,0,0,0,0,0,0,0,0,0,2.84164,8,1,0,0,0,1,0,0.670469,1,0,-0.824767,0,0,0,0,0,0,0,3,0,0,0,0,-1,0,3,0,-1,0,0,0,-4,1,0,1,1,0,0,-4,0,0,0,0,0,0,0,0,0,0,0,0,0,-1,0,-0.286962,0,0,-0.833731,1,0,0,0,1,1,0,1,0,0,0,1
0,0,0,-1,1,1,0,-0.497507,0,0,0,0,0,0,0,0,-0.813229,0,0,0,0,0,0,1,0,-1,0,1,-1,-1,0,0,1.85714,1,3,0,1,0,0,0,0.569231,0,0,-0.233087,0,-2,1,0,0,0,0,0,0,1,0,0,-1,1,0,0,3,0,1,1,0,0,0,0,0,0,0,1,0,1,1,0,0,0,-1,0,0,-1,-1,0,0,0,0,-0.588013,0,0,-0.841771,0,0,2,1,0,0,1,0,0,-1,0,1
0,0,0,0,1,0,0,-0.773981,1,0,1,0,0,1,0,-3,-0.634877,0,0,0,2,0,0,0,0,2,0,0,0,0,0,0,2.70415,8,0,0,0,0,0,0,3.788806,0,-1,-0.454545,0,0,0,1,1,-1,0,0,0,0,1,0,-1,0,0,0,0,0,0,2,0,1,0,2,0,0,1,0,0,0,0,0,0,0,0,1,1,-1,0,0,1,0,0,-0.779631,0,0,-0.484738,2,0,0,-1,0,3,-3,0,0,0,1,1
0,-1,0,0,0,0,-3,2.21711,0,0,3,0,0,0,0,0,-0.399747,0,0,0,0,1,0,-1,0,1,0,0,0,0,0,0,2.78129,4,0,0,0,2,0,0,0.960709,0,-1,-0.374274,0,1,0,0,1,0,0,0,0,0,0,0,0,1,0,1,0,-1,0,1,0,0,0,0,0,-1,0,0,0,-1,0,0,-2,3,0,1,-1,0,-1,0,0,0,0,-0.333333,0,0,-0.661962,0,0,0,0,0,6,-1,0,0,0,1,1
0,0,-2,0,0,0,1,-0.814752,0,0,0,0,-1,0,0,0,-0.650384,0,0,-3,2,-1,0,0,0,1,0,0,0,0,1,0,2.8736,6,0,0,0,2,1,0,1.52201,-1,0,-0.035447,0,0,0,1,2,0,0,0,0,0,0,0,0,0,0,0,0,1,3,1,1,0,0,1,0,0,1,0,0,0,0,0,0,0,0,1,1,0,0,0,-1,0,0,-0.333333,0,0,-0.27789,0,0,0,0,0,0,0,5,0,0,1,1
0,0,0,-1,0,0,0,-0.429864,0,1,0,0,0,1,0,0,-0.379549,0,-1,1,0,-1,0,1,0,0,0,0,-1,-1,0,0,1.08363,6,0,0,0,0,2,0,0.567715,2,0,-0.736629,0,0,0,0,0,0,0,0,1,0,1,1,0,0,0,0,0,0,0,0,0,0,0,2,0,-1,0,0,0,0,0,0,0,-1,0,0,0,0,0,-1,0,3,-1,-0.910744,0,0,-0.518085,0,0,0,0,0,2,0,-1,0,0,0,1
0,0,0,-1,0,0,0,0.436541,0,1,-2,0,2,0,0,0,-0.828639,0,0,0,0,0,1,0,2,0,0,0,0,0,0,0,1.0155,0,0,0,0,-1,-1,0,0.618095,0,0,-0.699131,-1,-1,0,0,0,0,0,0,2,0,1,1,-2,0,0,0,0,-3,4,0,0,0,0,0,-1,0,0,-2,0,0,0,0,0,0,-1,-1,0,0,0,0,0,0,0,-0.47534,1,0,-0.64031,0,0,1,0,0,2,1,0,0,-1,0,1
-1,0,0,0,0,0,0,-0.393698,1,1,0,0,0,0,0,2,-0.577124,0,1,0,0,0,0,1,0,0,0,0,0,-1,-1,0,0.79085,4,0,0,0,4,1,0,0.59375,-1,0,-0.573726,0,0,0,0,2,0,-1,0,0,0,0,0,-1,0,0,0,1,0,-1,0,0,1,0,0,0,0,0,0,1,2,0,0,-1,0,0,0,0,1,0,1,-1,-1,0,-0.581581,0,1,-0.567443,1,0,0,0,-2,0,0,0,0,0,0,1
0,0,0,0,0,0,-1,-0.61783,-1,0,0,0,0,0,0,1,-0.490102,0,0,0,0,0,0,-1,0,0,-1,0,0,0,1,0,0.6928,2,0,0,0,0,0,0,0.55814,0,0,-0.61065,0,0,0,0,0,0,0,1,0,-1,0,0,1,-2,-1,0,0,0,0,1,0,0,0,0,-1,1,0,0,1,-1,0,0,0,0,0,0,0,0,0,1,0,0,0,-0.701476,-1,0,-0.599313,0,0,0,0,1,2,-4,0,0,0,1,1
0,0,-1,0,0,0,0,-0.256825,0,0,1,-1,0,0,-1,0,-0.896399,0,1,3,0,0,0,0,0,0,0,-1,0,0,1,0,1.13923,5,0,0,0,0,0,0,0.640774,-1,0,-0.686885,1,0,-1,-1,0,0,0,0,0,0,0,0,-2,-1,0,0,0,0,-1,0,0,-1,1,-1,0,1,0,0,0,0,0,0,-2,0,0,0,0,0,-1,0,0,5,0,-0.692308,0,0,-0.868456,0,0,0,0,1,0,0,0,0,2,1,1
0,0,-2,0,0,1,0,-0.522291,0,0,0,-1,-1,1,0,0,-0.738347,0,0,1,1,0,0,1,1,1,0,-1,0,0,0,0,1.41327,6,0,0,-2,-1,-1,0,0.798014,0,0,-0.438888,-2,1,0,0,0,0,0,0,0,1,0,0,0,-1,0,1,1,-1,-1,0,0,0,1,0,0,0,0,0,2,0,-1,0,0,-2,0,0,1,0,0,1,1,-1,-1,-0.776313,0,0,-0.420216,0,1,0,-1,1,0,0,2,0,0,1,1
0,0,0,0,0,2,2,-0.3182,0,0,0,0,0,0,3,0,-0.458994,0,0,0,0,0,2,0,0,0,0,0,0,0,0,0,1.69077,10,0,0,0,1,0,0,1.835871,8,4,-0.795198,0,0,0,0,1,1,0,0,0,0,0,0,0,0,0,0,-1,1,3,0,3,0,1,2,2,0,0,-1,0,2,0,0,0,7,0,0,1,0,0,0,0,0,0,-0.501885,0,0,-0.603347,0,0,0,0,0,0,0,-2,1,2,1,1
0,0,0,0,0,0,1,-0.84985,1,0,0,0,0,-1,-3,0,-0.725633,0,0,0,1,2,3,0,0,0,0,0,0,0,0,0,1.55076,9,0,1,0,4,-1,0,1.841204,0,0,-0.782273,0,0,0,0,0,0,0,0,0,0,0,1,2,-3,0,0,0,1,1,-1,0,0,1,1,0,3,0,0,0,0,0,0,0,0,0,0,0,0,0,2,0,0,-1,-0.072577,1,0,-0.509116,0,0,0,0,0,0,-1,0,1,1,1,1
0,-3,1,0,0,0,0,-0.464228,0,0,0,0,0,0,1,0,0.168895,0,0,-1,0,0,0,0,-1,0,0,0,0,1,0,0,1.53173,8,0,0,0,1,0,0,2.388503,2,0,-0.802393,1,0,0,1,-1,0,1,-3,0,0,1,0,1,0,0,0,0,1,0,1,0,0,0,0,0,0,1,0,0,0,0,0,1,0,0,0,0,0,0,0,0,0,0,-0.682451,1,0,-0.358832,0,0,0,0,2,0,1,0,1,0,1,1
0,0,0,0,0,1,0,-0.539679,0,0,0,1,0,0,0,3,-0.610592,0,0,0,0,0,4,0,0,0,0,0,0,0,0,0,2.87107,8,0,0,0,1,0,1,0.462687,0,-1,-0.774071,0,0,0,1,0,0,0,0,0,0,0,0,0,0,0,2,0,0,-1,0,0,0,1,0,0,0,0,-1,1,-1,0,0,0,1,1,0,0,0,0,0,0,0,0,0.221767,0,0,-0.655205,0,0,2,0,0,0,0,1,-1,0,1,1
0,0,0,0,0,0,0,-0.555556,-1,-1,0,1,0,0,0,-1,-0.546123,0,0,0,-1,0,0,0,0,1,0,0,0,0,1,0,2.47211,5,-1,0,0,-3,0,0,0.783688,-2,-1,-0.397324,0,0,0,0,1,0,0,0,0,2,0,0,0,0,1,0,0,0,3,1,0,0,1,0,0,0,-1,0,0,0,2,0,0,0,0,0,1,0,0,0,0,0,0,-0.427484,0,0,-0.608482,0,0,0,3,-1,0,1,0,-2,0,1,1
0,0,0,0,1,-1,0,-0.734082,0,0,0,0,0,-1,0,2,-0.46515,0,0,0,1,0,-1,1,0,1,0,0,1,0,2,0,0.84757,9,1,0,0,2,0,0,0.473612,1,1,-0.820896,1,0,0,0,0,0,0,0,0,1,0,-1,1,0,0,0,0,0,0,1,0,0,1,0,2,0,0,-1,1,1,0,0,0,1,0,3,0,0,0,2,0,0,0,-0.121197,0,0,-0.605235,2,1,1,-1,0,1,0,1,0,-1,1,1
-1,1,0,0,0,-2,0,-0.755102,0,0,0,0,0,0,0,0,-0.520463,0,0,0,0,0,0,3,0,0,0,0,0,0,0,0,2.73768,-16,0,0,-2,0,0,1,0.260434,0,0,-0.759621,2,0,0,0,0,1,0,0,0,0,0,0,0,0,0,0,0,0,1,0,0,0,0,-1,1,1,0,-3,0,-1,0,2,0,0,1,0,0,0,0,0,0,0,0,-0.489476,0,1,-0.601086,0,0,0,0,0,0,0,0,0,-1,1,1
0,0,2,0,0,0,0,-0.655452,0,1,0,0,0,0,0,0,7.486519,0,0,0,0,0,-1,0,0,0,0,0,0,0,0,0,1.32496,8,0,0,0,0,0,1,0.415908,0,0,-0.733093,0,0,1,0,2,0,0,0,0,0,0,0,-2,-1,0,0,0,0,-6,0,1,2,0,-3,0,0,-2,0,0,0,2,-1,0,0,1,0,0,1,0,0,0,0,-2,-0.490755,1,0,-0.680692,0,0,0,-1,0,0,0,0,0,0,1,1
0,1,0,0,0,0,0,-0.7647,0,-1,0,0,0,-1,0,0,-0.814586,0,0,3,1,0,0,0,0,0,0,2,-1,0,0,0,1.34286,5,0,0,0,0,0,0,0.425532,0,-1,-0.773794,-2,3,0,0,0,1,0,0,-1,0,0,1,-1,-2,-1,0,0,0,-2,0,0,0,0,0,-1,1,0,-2,0,0,0,0,0,0,1,0,0,0,0,-1,0,2,0,-0.591476,0,1,-0.491348,0,0,0,0,0,0,0,0,0,0,1,1
0,0,0,0,0,0,0,-0.638503,-1,0,1,0,1,1,0,0,-0.636364,0,0,2,1,0,0,0,0,0,1,2,-3,0,0,-3,3.24051,3,0,0,0,0,1,0,1.52307,-1,0,-0.74839,1,0,0,0,0,0,-1,0,1,0,-1,1,0,0,2,0,0,1,0,2,0,0,0,-1,-4,0,0,0,0,0,0,0,0,1,0,0,0,0,0,2,0,0,0,-0.572116,0,0,-0.434762,0,1,0,1,0,0,0,0,0,0,1,1
0,0,0,0,0,0,0,-0.72093,0,0,0,0,1,1,4,1,-0.787135,0,0,0,1,0,0,0,0,-2,0,-1,-1,0,2,0,1.56586,2,0,0,0,0,1,0,0.833528,0,0,-0.724897,0,0,0,0,0,0,0,0,0,0,0,0,0,0,2,0,0,0,1,0,1,1,-1,0,0,0,0,0,0,4,0,0,0,1,0,0,1,-3,0,0,0,0,0,-0.479915,0,0,-0.657143,3,1,0,1,0,-1,0,0,0,0,1,1
0,0,0,0,0,0,0,-0.709196,0,1,0,0,0,1,0,2,-0.858916,0,0,0,0,0,0,0,0,0,0,0,0,0,0,0,1.90716,8,1,0,0,0,1,0,1.331156,2,1,-0.754958,1,0,0,0,0,0,0,0,-1,0,-1,0,1,0,0,0,0,1,0,0,0,2,-1,-1,0,0,2,0,0,3,0,0,0,0,0,0,0,1,0,-1,1,0,1,-0.308424,0,0,-0.641189,0,0,-1,0,0,0,-3,0,0,0,1,1
0,-1,1,0,0,0,1,-0.219952,0,0,-1,0,-1,0,1,1,-0.705842,0,1,0,0,0,0,0,0,0,0,0,0,1,0,0,1.60684,8,0,0,1,0,0,0,1.535856,1,0,0.095092,0,2,1,2,0,1,0,0,0,1,0,0,0,0,1,1,0,0,0,0,0,0,1,3,0,-1,-1,0,0,0,0,0,0,0,1,0,0,-1,1,1,1,2,0,-0.696011,0,0,-0.716249,-3,0,0,0,0,0,0,-4,-1,-3,1,1
0,0,0,0,0,3,-3,-0.826087,0,0,0,0,0,-2,0,-3,-0.75747,0,2,2,0,0,0,3,1,0,0,0,0,-2,1,2,1.91023,7,0,0,1,0,0,0,0.834926,0,0,-0.677172,0,0,0,0,0,0,0,-1,0,0,1,-1,0,0,0,0,0,-1,0,0,0,2,0,0,0,0,0,3,-3,0,0,0,0,0,0,0,0,0,0,0,0,0,0,-0.499923,0,0,-0.558426,0,1,0,0,0,0,-1,-1,0,0,1,1
0,0,1,0,0,1,1,-0.826087,0,0,0,0,-1,2,1,1,-0.769231,0,1,0,0,0,0,0,1,-1,0,0,0,0,-5,0,1.51429,2,0,1,1,0,0,0,0.341469,0,0,-0.807142,0,0,1,1,0,1,0,1,1,0,1,1,2,0,1,0,0,0,0,0,0,0,0,3,0,0,0,1,-1,0,0,0,0,0,0,0,0,-3,0,-1,0,0,1,-0.895558,0,-1,-0.70459,0,0,0,0,0,0,0,-1,0,0,1,1
-1,0,0,-4,0,0,0,0.221221,-1,1,0,0,0,0,0,0,-0.607323,0,0,1,4,0,0,2,0,0,-1,0,0,1,0,0,0.97143,1,1,0,1,2,0,0,0.43453,2,0,-0.764578,0,1,-1,0,0,0,0,0,0,-2,1,0,0,0,0,0,0,0,1,0,1,1,0,1,0,0,1,0,0,0,0,0,-1,0,0,0,0,0,0,0,0,0,0,-0.299826,0,0,-0.493127,0,1,-3,0,0,0,2,0,2,0,0,1
0,0,0,0,0,0,0,-0.454545,1,0,0,1,1,0,1,0,0.076574,0,0,0,0,-2,0,1,0,1,0,1,0,0,1,0,0.97143,1,0,-1,2,-2,1,0,0.36501,0,0,-0.647059,0,0,1,0,0,0,0,0,0,5,1,0,1,0,0,0,-1,0,3,0,0,0,0,0,0,1,0,0,0,1,1,0,0,0,0,0,0,2,0,-1,0,1,0,-0.631301,0,0,-0.6699,0,0,1,0,0,0,0,0,-3,0,0,1
0,0,-1,0,0,0,0,-0.402602,0,0,1,0,0,0,0,0,-0.733269,0,-1,0,1,-1,0,0,0,0,0,0,3,-3,1,0,0.97143,9,0,2,0,0,0,1,0.483887,0,1,-0.257718,0,0,0,0,0,-2,-1,2,0,0,0,0,0,-1,-1,0,0,0,0,-2,1,0,0,0,1,1,-2,-1,1,0,2,0,0,1,0,0,0,0,0,0,0,0,0,-0.725019,0,0,-0.427108,0,1,0,0,0,0,0,0,0,0,0,1
0,0,-1,0,1,0,1,-0.675256,0,0,0,0,0,0,0,0,-0.35029,0,1,0,0,0,1,0,0,0,0,0,0,0,0,1,3.04648,2,0,1,0,0,0,0,2.577039,0,0,-0.777778,2,0,2,-1,0,0,0,0,0,0,0,1,1,0,1,0,0,0,1,2,0,-1,0,3,0,-1,1,0,0,0,0,0,1,0,0,1,0,2,0,-1,0,0,0,-0.314769,0,0,-0.550191,3,0,0,0,1,0,0,-1,1,-1,0,1
0,0,0,0,1,-4,0,-0.597887,0,0,0,0,0,0,0,1,0.440076,0,1,0,0,0,-1,1,-3,0,1,-1,0,0,0,0,2.00949,1,0,0,0,0,0,0,1.23979,0,0,-0.849187,0,1,0,0,0,-1,0,0,0,0,7,0,0,0,0,0,0,0,0,0,-1,-2,0,0,2,0,1,0,0,0,3,1,0,1,-1,0,0,1,0,0,1,0,-1,-0.53996,0,0,-0.383766,0,0,3,0,0,1,0,0,1,-1,0,1
0,-1,4,0,0,0,2,-0.840521,0,0,-1,-1,0,0,-2,0,1.37299,0,0,0,0,1,0,0,-1,0,0,0,0,0,0,0,3.10911,3,0,0,-1,0,-1,0,0.45261,0,-1,-0.777778,0,0,0,0,0,0,0,-1,0,-3,0,-1,0,0,0,-1,0,0,1,0,0,0,0,0,1,0,1,0,0,0,0,1,1,0,0,1,1,0,0,0,2,0,0,-0.606452,0,1,-0.562907,2,0,0,0,0,0,2,1,1,0,0,1
0,0,0,0,0,0,0,-0.785714,0,0,1,0,1,0,0,0,-0.426546,1,1,0,0,0,0,0,1,1,0,0,-2,-1,0,0,1.41672,2,0,-1,1,1,0,0,1.365889,0,0,-0.687888,1,0,0,0,0,0,-1,0,0,3,-3,0,1,1,-1,0,0,1,0,0,0,0,0,0,0,0,2,-2,1,0,0,0,0,2,0,0,0,0,0,0,0,0,0,-0.439493,0,0,-0.704739,0,0,-1,0,0,3,0,1,0,0,1,1
0,1,0,1,0,1,0,-0.840994,1,0,0,0,0,0,0,2,-0.475707,1,0,0,0,0,0,0,1,0,1,0,1,0,0,0,1.74633,0,1,0,0,0,0,0,0.714271,0,-1,-0.674138,-1,0,0,0,0,0,1,0,0,1,0,0,0,1,0,1,0,0,0,0,0,0,0,-1,2,0,-2,-2,1,1,-1,0,1,0,0,0,-1,0,0,0,0,-1,0,-0.614319,0,0,-0.7,0,0,1,0,0,1,0,0,0,-1,1,1
0,1,1,0,1,0,-1,-0.785714,-1,0,0,0,0,0,0,0,-0.676685,1,-2,0,0,0,0,0,1,0,1,0,0,2,0,-1,1.1599,13,0,0,-1,0,-1,0,0.9,0,0,-0.7,0,0,0,0,2,0,0,0,0,0,-1,1,0,0,-3,0,0,0,0,-1,1,0,0,0,0,0,0,0,0,2,0,0,0,2,0,0,0,0,0,0,0,0,0,0.292455,0,1,-0.585778,0,0,0,0,0,1,1,0,0,0,1,1
0,0,0,1,0,0,0,-0.720945,0,0,1,0,0,0,0,0,-0.808107,0,1,0,0,1,0,0,0,-1,0,0,0,0,0,0,2.39064,6,0,1,2,0,0,0,0.575758,0,0,-0.68256,2,-1,0,0,0,1,2,0,0,0,1,3,1,-1,0,0,0,1,0,-2,1,0,0,0,0,1,1,-2,0,0,2,0,0,0,1,-2,0,1,0,0,0,1,-4,-0.633945,0,0,-0.781379,0,0,0,-1,0,0,0,0,0,0,0,1
0,1,0,-1,0,0,0,-0.627872,1,0,1,0,0,-2,-1,0,-0.621397,0,0,0,1,0,1,0,0,0,1,3,0,2,0,1,0.94286,11,-1,1,1,1,0,0,0.575758,1,0,-0.849609,0,1,0,1,0,0,-1,0,0,-1,0,0,0,1,-1,1,1,1,0,-3,1,1,0,0,5,0,0,-2,0,0,0,0,0,0,0,0,0,0,0,0,0,1,0,-0.595521,0,0,-0.877433,0,0,2,0,0,1,1,0,0,1,0,1
0,0,1,0,0,0,-1,-0.443018,-1,0,0,0,0,1,0,0,-0.555636,0,1,0,0,-4,0,0,0,-1,0,0,-1,0,-1,0,1.0137,4,0,0,0,0,0,0,0.575758,0,0,-0.67141,0,1,0,0,0,0,0,0,0,0,1,0,0,0,0,0,0,1,0,0,1,1,0,-2,0,0,0,1,0,0,-3,0,0,0,1,0,0,1,0,0,0,1,0,-0.568019,0,0,-0.65738,0,0,0,0,0,1,0,0,0,0,0,1
0,2,0,1,0,0,0,-0.721352,0,0,0,0,0,0,0,0,-0.737433,0,0,0,0,0,0,0,1,0,0,0,-1,0,0,0,1.45302,14,0,2,0,0,0,1,2.232649,0,0,-0.210329,2,0,0,0,0,0,0,0,0,-1,0,0,0,0,-2,0,0,0,0,0,0,0,0,0,0,0,2,0,0,0,2,0,0,-1,0,0,0,0,0,1,1,0,0,-0.76,0,0,1.295624,1,4,0,0,0,0,0,0,0,2,0,1
0,0,0,1,0,2,1,-0.193261,0,0,1,0,2,0,3,0,-0.596774,0,0,0,-1,0,1,-2,0,0,0,1,0,6,0,0,1.78574,0,-1,0,0,-1,-1,0,0.314649,-1,0,-0.692308,0,0,1,0,0,0,2,1,0,-2,1,0,-3,1,0,0,0,0,0,1,0,4,0,0,1,0,2,0,0,0,-1,0,0,0,0,0,0,0,0,1,0,0,0,-0.73322,0,0,-0.834177,0,0,0,0,0,0,0,0,0,0,0,1
1,-1,0,1,-1,0,0,-0.854686,0,0,0,0,0,3,0,0,-0.669406,0,0,1,0,-1,0,0,2,0,0,-4,-1,0,0,1,0.82045,0,-1,1,0,1,-1,0,0.189869,0,0,-0.846837,0,0,-1,0,-1,0,0,0,0,-2,1,0,0,0,-3,-1,0,0,1,0,0,0,0,0,1,0,-1,0,0,0,0,0,0,-1,0,1,0,0,0,0,-1,0,0,-0.614025,0,0,-0.4,0,-1,0,0,0,0,-1,0,1,-2,0,1
0,0,0,-1,0,2,0,-0.769307,0,0,0,0,0,0,0,0,-0.776406,0,0,0,0,1,-2,0,0,0,-1,1,0,0,0,1,1.06241,10,1,0,0,1,0,0,0.761598,0,0,-0.729127,0,0,0,1,1,0,2,0,0,-1,0,0,0,-1,0,-3,-1,0,0,1,2,3,0,0,0,0,-1,0,0,-1,0,1,0,1,0,0,0,1,0,2,0,0,0,-0.576504,0,0,-0.846386,0,0,0,0,0,3,1,-1,1,1,0,1
0,0,2,0,0,-4,0,-0.808019,0,0,-2,0,0,0,0,0,-0.75,0,3,0,1,1,0,0,0,-2,0,0,1,0,0,0,1.2407,7,1,1,1,1,0,0,0.614638,0,0,-0.649519,0,-1,0,0,1,0,1,0,0,2,1,0,0,0,0,0,0,0,0,0,0,0,0,0,1,1,0,1,0,-1,-1,0,0,0,-1,-1,0,0,0,0,0,-2,0,-0.735043,0,-1,-0.803279,-1,0,0,0,0,0,0,2,0,1,0,1
0,0,1,0,0,0,0,-0.64454,1,0,0,-1,1,0,0,0,-0.529427,-1,-1,0,0,0,-2,0,0,-1,0,0,0,-1,0,0,1.00164,9,0,0,1,0,0,0,0.785078,1,-2,-0.675512,1,0,0,0,0,0,0,0,0,1,-1,0,0,0,1,0,1,0,-1,0,0,2,0,0,0,-1,0,0,-1,0,0,0,0,-2,0,0,1,1,0,0,1,-2,0,-0.507966,0,0,-0.899733,0,0,0,0,0,0,-1,1,1,0,0,1
0,0,0,0,0,-1,0,0.368292,0,-1,0,0,0,0,0,0,-0.777778,0,0,0,0,0,2,0,0,0,0,0,0,2,0,0,1.2748,0,-2,0,0,0,2,0,1.289192,0,0,-0.60178,0,0,0,0,0,0,0,0,0,0,2,0,0,0,0,0,0,-2,-1,0,0,0,0,-1,0,0,1,0,0,0,0,0,2,0,-1,0,0,1,1,0,0,3,0,-0.562379,1,0,-0.616495,0,1,0,0,0,-1,0,0,0,0,1,1
-1,-2,0,-3,0,1,0,-0.832947,0,1,0,-2,1,0,0,-2,-0.737054,-1,0,0,0,0,0,0,0,0,0,0,0,0,0,0,1.2952,-13,0,0,0,1,0,0,1.036897,0,0,-0.35679,0,0,0,0,0,0,0,0,0,0,0,0,0,0,0,0,0,0,0,1,6,0,1,0,0,0,3,0,0,2,0,0,0,0,0,0,1,0,0,1,0,0,0,-0.555553,0,0,-0.657143,0,0,2,0,1,-1,0,0,0,0,1,1
0,0,0,0,0,0,0,-0.64109,0,0,0,0,0,0,1,0,-0.794885,1,0,0,0,0,0,2,1,1,0,0,0,0,0,0,2.45943,4,0,2,0,1,1,0,1.490489,-2,1,-0.584089,0,1,1,0,0,0,0,0,0,0,0,1,4,0,0,0,0,0,0,1,0,0,1,0,6,0,0,2,0,0,0,0,0,0,0,0,0,1,0,1,0,0,0,-0.566849,0,-1,-0.783192,0,0,0,0,1,0,0,0,0,2,1,1
0,0,0,0,0,0,0,-0.819141,0,0,0,0,0,0,1,0,-0.53414,1,1,0,1,1,0,1,2,0,0,0,0,0,0,0,1.72769,6,0,0,-1,0,0,-1,1.633651,0,1,-0.818559,-1,0,0,0,0,0,0,1,1,4,0,0,-2,1,0,0,0,0,-1,0,0,0,1,0,-1,0,0,1,0,0,0,0,0,0,-1,1,0,-1,0,-1,0,0,1,0.132315,0,0,-0.769021,0,0,2,0,0,0,0,0,1,0,1,1
0,0,0,0,1,2,0,-0.61018,0,0,0,0,0,0,0,1,-0.449795,0,1,0,1,1,0,1,-1,-1,0,0,5,0,0,0,1.04352,9,0,0,2,0,0,0,3.450687,0,1,-0.828824,0,1,0,0,0,0,0,0,0,0,0,0,0,0,0,0,0,0,0,0,0,0,1,0,0,0,0,2,0,0,0,0,0,2,-1,0,-1,0,0,0,1,1,0,-0.547906,1,0,-0.735338,2,-1,0,0,0,1,2,0,-1,0,1,1
0,0,0,3,-1,0,0,-0.647059,0,0,0,0,0,3,1,0,-0.603662,0,0,0,1,1,0,1,0,0,0,0,0,2,0,2,1.61992,3,0,1,0,5,0,0,1.841374,0,0,-0.798199,2,-1,0,0,0,0,0,-2,0,0,0,0,0,-1,0,0,0,0,1,0,-1,2,1,2,0,0,0,1,0,0,-1,0,0,0,0,0,0,1,0,-1,0,0,1,-0.517101,0,0,-0.697857,0,0,0,-2,0,0,0,1,0,0,1,1
0,0,0,1,0,0,1,-0.543915,0,0,4,-1,0,1,1,0,8.112344,0,0,1,0,1,0,0,0,0,0,0,0,0,2,0,1.31429,8,0,0,0,-2,0,0,2.0,0,0,-0.723304,1,1,0,0,0,1,0,0,0,0,-1,1,3,0,-1,0,0,0,1,1,0,-1,0,0,0,0,1,0,0,0,0,0,0,0,0,0,-1,0,0,0,0,0,0,-0.749005,0,0,-0.569935,0,0,0,1,-1,0,0,0,0,-1,1,1
1,0,0,0,0,0,1,-0.336399,0,-2,0,0,0,1,1,0,6.718101,0,0,1,0,0,0,0,0,0,0,0,0,0,0,0,2.04257,1,0,0,1,0,0,0,2.0,0,0,-0.643465,1,0,0,0,0,1,0,0,0,0,0,1,0,0,2,0,0,0,1,-2,0,0,0,0,-1,1,1,0,0,0,3,0,0,0,0,0,-1,0,0,1,0,0,0,-0.719501,0,0,-0.799997,0,0,0,1,0,1,2,0,-2,-1,1,1
0,-1,0,0,1,0,1,-0.444621,0,0,0,0,0,0,0,1,7.86957,0,0,0,0,0,0,0,1,0,0,0,0,-1,0,1,1.98089,6,0,0,0,0,0,1,0.275565,1,0,-0.086019,0,0,1,1,0,1,-2,0,0,0,0,1,1,-1,2,1,0,0,4,0,0,0,0,-3,0,1,0,0,0,1,0,1,-1,0,0,0,-2,0,1,0,0,3,1,-0.339808,0,0,-0.571429,0,0,0,0,0,0,1,0,0,1,1,1
1,0,-1,0,0,-2,0,-0.478995,0,0,1,0,-1,1,0,0,-0.738847,0,0,0,0,0,0,1,0,0,1,0,-1,0,0,0,1.28619,4,0,0,0,-1,0,0,0.601685,0,0,-0.643116,1,0,0,0,-1,0,0,0,0,0,0,0,0,2,0,0,0,0,3,1,0,0,0,0,0,-1,1,0,0,0,0,0,0,-2,0,0,0,0,0,0,0,0,0,-0.79331,0,0,-0.799454,-1,0,0,0,0,-1,0,0,0,2,0,1
0,0,0,3,1,2,0,-0.739371,0,0,0,0,0,0,0,0,-0.541938,0,0,0,0,0,0,-1,0,1,0,0,-2,0,0,0,1.05793,1,1,1,0,0,0,0,0.714286,0,0,-0.593253,0,1,0,0,0,0,0,0,0,-1,1,0,0,1,1,-2,0,0,0,1,0,0,0,0,0,0,-1,0,0,0,0,0,0,2,1,0,0,2,0,0,1,0,0,-0.707725,1,0,-0.706817,1,0,0,-1,0,0,0,0,0,1,0,1
0,0,-1,0,0,1,-1,-0.180472,0,0,0,0,0,-1,0,-1,-0.125467,0,0,1,0,0,0,-1,1,0,-1,2,0,1,0,0,0.94999,0,0,0,0,0,0,-1,0.787742,0,0,-0.721953,2,0,0,0,0,0,0,0,0,1,0,2,0,0,0,0,0,1,0,1,0,0,0,0,0,0,-5,0,1,-2,0,0,0,1,0,0,0,0,1,0,0,0,0,-0.718107,0,0,-0.641903,0,0,0,0,-1,0,0,2,0,0,0,1
0,0,0,0,0,0,1,-0.575006,0,1,1,1,1,0,0,0,-0.551528,0,1,0,0,0,0,0,0,-1,1,0,0,-1,1,0,0.98995,2,0,0,0,0,-1,0,0.525981,0,0,-0.322963,0,1,1,0,0,0,0,0,0,1,0,3,0,0,0,0,0,0,0,0,0,0,-2,0,0,0,0,1,0,0,0,0,0,0,0,2,0,1,0,0,0,0,5,-0.706767,0,0,0.098986,0,0,0,0,0,0,1,-1,0,0,0,1
0,0,0,0,0,0,0,-0.592758,0,0,0,0,0,0,0,0,-0.779015,0,0,0,0,0,0,1,0,0,1,0,0,0,0,0,1.02402,2,0,0,0,0,0,-1,0.89163,-1,0,0.07354,0,0,0,0,0,0,-1,0,0,0,2,0,0,0,0,0,0,0,0,-1,0,0,0,0,-1,0,-1,0,1,0,1,0,-1,-2,0,1,2,0,-1,-1,0,0,0,-0.710017,1,0,-0.814718,1,0,1,0,0,0,0,-1,1,0,0,1
0,-7,0,0,0,0,0,-0.488933,0,0,0,0,1,0,-1,0,-0.550256,-1,0,0,0,-1,1,0,0,0,0,0,0,0,0,0,2.74089,10,0,0,-1,0,0,0,0.483282,-3,2,-0.742166,-1,0,0,0,0,0,-1,0,0,0,0,1,3,1,0,0,0,1,0,0,1,5,0,0,0,0,-1,1,0,-1,0,0,1,0,0,1,0,0,0,0,0,0,0,-0.630088,0,0,-0.892439,0,0,0,0,1,0,-1,0,0,2,0,1
0,0,0,0,1,0,0,-0.78715,0,0,0,0,0,1,1,0,-0.696115,0,0,0,-1,0,0,1,0,0,0,0,0,2,1,1,1.37033,3,0,0,0,0,0,1,1.61818,0,0,-0.771549,0,1,0,0,0,0,0,0,0,0,0,0,1,0,-1,0,0,0,2,0,0,0,-1,2,0,0,0,0,1,0,0,0,5,0,0,0,0,0,0,0,0,1,0,-0.706465,0,0,-0.79805,0,0,0,0,0,1,0,0,0,0,1,1
0,-1,-2,0,0,2,0,-0.829315,0,0,0,0,1,-1,2,0,-0.714286,1,0,1,0,0,0,0,0,-1,0,0,0,0,0,0,1.98513,9,0,1,0,0,0,-1,2.21602,3,0,-0.798905,0,1,1,0,-1,0,0,2,0,0,-1,0,0,0,0,-1,0,0,0,0,0,1,0,0,2,0,0,1,0,0,0,0,0,0,1,0,0,0,0,0,0,0,1,-0.750364,0,0,-0.176437,0,0,0,0,0,3,0,0,0,1,1,1
0,0,0,0,1,0,0,-0.714513,0,-2,-1,1,0,0,1,0,-0.658809,0,-1,0,0,0,0,1,0,0,0,0,0,0,-1,0,1.8956,12,1,0,0,-1,1,1,1.61818,0,0,-0.783637,0,0,0,0,-2,-1,1,0,0,0,0,0,0,0,0,0,0,0,0,0,0,0,0,0,0,-1,0,0,0,0,0,0,0,0,0,0,0,0,0,0,2,0,0,-0.675781,1,0,-0.553125,4,0,0,0,0,1,2,-1,0,0,1,1
0,0,0,0,1,0,0,-0.735697,0,0,0,1,0,0,0,-1,-0.491187,0,0,0,0,0,0,0,1,0,0,0,0,0,0,0,0.583,4,0,1,1,2,0,0,0.324952,0,0,1.294299,0,0,0,0,1,0,0,0,0,0,0,0,0,-2,-1,0,1,0,0,0,0,0,1,0,2,0,0,-1,0,0,0,0,0,3,0,-1,0,0,0,0,0,0,0,-0.653973,0,2,-0.774134,-1,0,-3,-1,0,1,1,1,0,2,1,1
0,0,0,0,0,1,0,-0.676341,0,0,1,1,0,0,0,0,-0.625,1,0,3,0,0,0,0,1,0,0,0,1,2,0,0,0.93796,-14,0,0,1,-4,-1,-1,0.47619,2,0,0.376398,0,-1,0,0,4,0,0,0,0,0,1,0,0,0,0,0,1,0,0,0,0,-1,1,0,0,0,0,0,0,0,0,0,0,1,1,-1,0,0,1,0,0,0,0,-0.733689,0,0,-0.715302,2,0,0,-1,0,2,0,1,0,0,1,1
0,-1,0,0,0,-1,0,-0.716805,0,0,2,1,0,0,0,-2,-0.518378,0,0,0,2,0,-1,-4,1,0,0,0,0,0,0,0,2.18528,7,0,0,0,0,0,-1,0.47619,0,0,1.263817,-2,0,0,1,0,0,0,0,0,0,0,1,0,1,0,0,0,1,-1,0,0,0,1,1,0,0,0,0,-1,0,0,0,0,-1,0,0,-1,0,0,0,0,0,0,-0.518636,0,0,-0.7893,0,0,-1,0,0,0,0,1,0,4,1,1
0,0,0,0,0,-1,1,-0.385322,-2,0,0,0,0,0,0,0,-0.83956,0,0,1,0,2,0,0,0,1,0,-1,0,0,0,0,0.90665,5,0,0,0,0,0,0,1.765,0,0,2.382003,0,0,0,-1,0,1,0,0,0,1,0,0,0,1,0,0,0,0,0,-1,1,0,1,0,0,0,1,0,0,0,0,0,0,0,0,0,0,0,1,0,0,0,0,-0.547098,1,0,-0.419384,0,0,0,0,-2,0,0,0,5,1,0,1
0,0,0,0,0,0,2,-0.684211,-1,0,0,0,0,0,0,0,-0.489298,0,0,0,3,0,0,0,0,0,0,0,0,0,0,0,1.20998,7,0,0,0,0,0,-1,2.441972,0,0,3.501528,0,0,1,0,0,0,0,0,0,1,0,0,-1,0,0,0,0,0,-1,0,1,1,0,-1,0,0,-1,-2,0,0,0,0,0,0,2,1,0,0,0,1,0,-1,0,-0.715382,0,1,-0.612903,0,0,0,0,0,0,-1,0,0,0,0,1
0,0,0,0,0,0,0,-0.721032,0,0,0,1,0,0,0,0,-0.450204,0,0,2,2,1,-2,0,0,0,0,0,0,0,0,0,1.16549,4,0,-1,0,1,0,0,1.372419,0,0,5.567888,0,0,0,0,0,0,0,1,0,1,0,0,0,1,2,0,1,1,0,0,1,1,0,0,0,0,0,-1,-2,0,0,0,0,-1,1,-1,0,0,0,0,0,0,0,-0.783466,1,0,-0.714132,0,0,0,0,-2,0,0,0,0,0,0,1
0,-1,1,0,0,0,0,-0.713057,1,0,0,0,1,0,0,0,-0.816195,0,1,1,0,2,0,0,0,1,0,0,0,0,0,0,1.11406,-18,0,0,0,-1,0,0,0.658523,0,0,-0.712156,0,0,0,0,2,0,0,0,0,0,0,2,0,0,0,1,0,0,-1,2,1,0,2,0,0,-1,1,2,1,1,0,0,1,-3,0,0,0,0,0,0,1,0,0,-0.656873,3,1,-0.625,0,0,0,2,1,0,0,1,1,0,1,1
0,0,0,-2,0,0,-1,-0.787076,0,0,-1,0,0,0,-1,1,-0.741238,0,0,0,0,0,0,1,0,1,0,0,0,0,1,0,1.15329,4,0,0,0,0,0,0,0.521739,0,0,-0.700188,1,0,0,0,3,1,2,0,0,0,0,3,0,0,4,0,0,0,-1,1,1,-1,-1,0,0,0,0,0,3,1,0,0,0,0,0,0,1,-1,0,1,0,3,0,-0.433259,0,0,-0.502665,0,0,0,0,1,0,-1,0,1,0,1,1
0,1,0,0,-1,0,1,-0.777778,0,-1,0,0,1,-1,1,5,-0.770605,2,0,0,1,0,-1,1,0,1,0,0,0,4,0,0,1.40015,1,0,0,0,1,0,0,0.523729,-1,-1,-0.639854,0,0,0,0,1,0,0,0,0,1,0,1,1,0,0,0,0,0,0,0,1,0,0,0,0,0,-1,0,1,0,0,0,0,0,0,0,0,0,0,0,0,0,0,-0.819143,0,-1,-0.670616,0,0,0,0,0,0,0,0,0,0,1,1
0,0,0,1,0,-1,0,-0.503183,1,0,0,2,0,0,0,0,-0.803397,0,0,0,-1,0,0,1,0,-1,0,0,0,0,0,0,0.73278,-18,0,0,0,0,0,0,0.91747,-1,0,-0.65227,0,-2,0,0,-1,0,2,0,1,2,2,0,0,0,0,0,0,1,0,0,0,1,0,0,0,-1,0,0,-1,0,0,-2,0,0,0,0,0,0,0,1,0,1,0,0.339367,0,0,-0.532852,-3,0,0,-2,0,0,0,-1,0,0,0,1
0,0,0,0,0,0,0,-0.637287,1,0,1,0,0,0,0,0,-0.419577,0,0,0,0,0,0,0,0,0,-1,0,0,-1,0,0,1.02857,5,0,-1,0,0,0,0,0.761281,-1,0,-0.590624,3,0,0,1,0,0,0,-1,0,0,1,0,0,0,0,0,0,0,0,0,-3,1,1,0,-2,1,1,0,0,0,1,0,-1,0,0,1,0,3,-1,0,0,0,0,0.64636,0,-2,-0.488888,0,0,0,0,0,1,0,2,-3,0,0,1
0,0,0,0,0,0,-1,-0.649108,0,0,0,0,0,0,0,0,-0.892961,0,0,0,0,0,2,0,0,0,0,0,0,0,0,0,0.99136,6,0,0,1,0,0,0,0.652063,0,0,-0.254943,0,0,0,0,0,0,-1,0,0,0,1,0,0,0,0,0,-1,0,0,0,0,0,0,0,0,0,0,0,0,0,0,0,-1,0,0,1,0,0,0,0,2,0,0,0.501101,0,1,-0.653518,0,0,0,0,0,1,0,0,0,0,0,1
1,0,0,0,0,1,0,-0.209229,0,0,0,0,0,0,1,0,-0.752532,0,0,1,0,0,0,1,0,0,0,1,0,1,0,0,1.57143,1,0,1,0,1,0,0,0.682345,0,0,-0.485891,2,1,1,0,0,0,0,0,0,-1,0,1,0,0,1,0,0,1,1,0,0,0,0,0,0,0,1,0,-1,0,1,0,0,0,0,0,2,0,0,1,0,1,0,-0.770513,0,0,-0.8,1,0,0,0,0,2,0,-1,2,1,1,1
0,0,0,0,0,0,1,-0.37824,1,0,1,0,1,0,0,0,-0.769231,0,0,0,0,0,2,0,0,0,0,1,0,1,-2,0,1.47149,5,0,1,0,0,0,0,1.028116,0,0,-0.909423,0,0,1,-2,0,1,1,0,0,1,0,0,2,0,1,0,1,0,0,0,0,1,0,0,-1,0,0,0,0,0,0,0,0,0,0,0,0,0,0,0,0,1,-2,-0.532836,0,-1,-0.81503,0,0,0,0,0,-1,0,0,1,0,1,1
0,0,-3,0,0,0,0,-0.740721,0,1,1,0,0,1,1,1,-0.750306,0,0,0,0,-1,0,0,0,0,0,1,4,0,0,0,1.21799,3,0,1,0,0,0,0,0.715597,0,0,-0.781818,0,0,1,0,0,0,0,0,0,2,0,3,1,0,1,0,0,0,0,0,1,0,0,0,1,0,0,-2,0,0,1,0,-1,0,0,0,0,0,3,1,0,0,0,-0.755102,0,1,-0.8,0,0,0,0,0,0,-2,2,0,1,1,1
1,0,0,0,0,0,-1,-0.415733,0,0,0,0,0,0,0,2,-0.513022,0,0,1,0,0,-1,0,0,0,0,0,2,0,0,0,1.32062,12,0,0,2,1,0,1,0.47126,0,2,-0.77254,0,0,0,0,0,0,0,0,1,0,0,0,2,0,-2,0,0,0,0,0,0,2,0,0,0,0,0,0,2,0,3,0,0,0,0,1,0,1,0,0,0,0,0,-0.467665,0,0,-0.447569,0,0,0,0,-1,0,0,0,0,0,0,1
0,1,-1,0,0,-2,0,-0.829981,0,0,-1,0,0,0,2,0,-0.711907,0,0,-1,0,0,0,0,0,0,0,0,0,0,0,1,0.49421,13,1,0,0,0,0,-1,2.050401,0,0,-0.727273,0,0,0,0,0,0,0,0,0,0,0,1,0,1,0,2,-1,0,0,0,0,0,-1,0,0,-1,0,1,-1,0,0,0,1,0,0,0,0,1,0,0,1,0,1,-0.753904,0,1,-0.847221,0,0,0,1,0,0,0,-1,0,0,0,1
0,0,0,-1,0,0,0,-0.598588,0,2,0,0,0,1,0,0,-0.826395,0,0,1,0,0,0,0,0,1,0,0,0,-1,0,0,1.50677,2,1,0,1,0,-1,0,2.362447,0,0,-0.867392,0,1,1,0,1,0,-2,0,1,2,-1,0,-1,0,0,0,0,-1,-4,0,0,0,0,0,0,0,0,0,1,3,0,0,1,0,0,0,0,1,0,0,1,0,0,-0.747889,0,0,-0.659538,0,0,0,0,1,0,0,0,0,1,0,1
0,3,0,-1,0,0,-1,-0.749307,0,0,0,-1,1,-1,0,0,-0.900421,1,0,1,0,0,0,0,0,0,0,-2,2,0,2,0,1.20608,1,0,0,0,0,0,0,2.36296,2,0,-0.572215,0,0,0,0,0,0,1,0,0,-1,0,0,0,0,0,0,1,0,2,0,1,2,3,-1,0,0,0,0,0,0,0,0,0,0,0,0,0,0,0,0,0,-2,0,-0.786406,0,0,-0.554465,2,0,0,0,0,0,-2,0,0,0,1,1
1,0,0,-2,0,0,0,-0.809524,0,0,-2,0,0,0,0,0,-0.42542,0,0,1,1,0,-2,0,0,1,-1,0,0,2,1,0,2.41927,2,0,0,0,1,2,0,1.90711,0,0,-0.670337,0,0,0,1,-2,0,0,0,1,0,0,2,2,0,-1,0,0,0,0,0,1,0,0,2,3,0,0,0,0,2,0,1,0,0,0,0,1,0,0,0,0,0,0,-0.110578,0,0,-0.73913,0,0,0,0,0,-1,0,1,0,0,1,1
0,0,0,0,0,0,0,-0.624626,0,0,0,0,0,0,1,0,-0.587657,0,0,2,0,0,1,-1,0,0,0,0,0,0,0,0,1.60354,14,0,0,-1,0,0,0,1.568398,0,0,-0.743124,0,-1,1,1,0,0,0,-3,1,0,0,3,0,0,0,0,0,0,0,0,1,0,0,0,0,-2,0,0,-1,0,3,-1,0,0,0,0,0,0,0,-1,0,0,0,0.664452,0,0,-0.787094,2,0,0,0,0,0,0,0,0,0,1,1
0,-1,0,0,1,0,1,-0.158615,-1,0,2,-1,0,0,2,0,-0.789283,0,0,0,0,0,0,1,0,0,0,0,4,0,0,0,0.94286,2,0,0,-1,2,-1,0,1.303107,2,0,-0.570435,0,0,0,0,0,0,1,0,0,0,0,0,0,0,0,0,0,0,0,1,0,-1,1,0,2,0,1,0,2,3,3,0,1,0,0,0,-1,1,0,0,0,0,1,0.40929,0,0,-0.439255,0,0,0,0,0,0,-2,2,-1,4,1,1
0,-1,0,1,0,0,1,-0.619537,-1,0,0,0,0,1,0,1,-0.769231,0,0,0,3,0,0,0,0,0,-1,0,0,0,0,0,0.94286,6,0,1,0,1,0,0,1.269204,0,0,-0.636364,0,0,0,0,0,1,0,0,0,0,0,0,2,0,-1,0,0,0,1,1,-1,1,0,0,0,0,0,0,1,2,0,0,1,0,0,0,0,1,0,4,0,0,0,-0.708265,0,0,-0.688894,0,0,2,0,0,-1,1,0,0,0,1,1
0,1,2,0,0,0,0,-0.419422,1,0,0,0,2,0,0,0,-0.769231,-1,0,0,-1,0,-1,0,0,-1,0,0,2,0,2,0,0.94286,4,0,0,-1,0,-1,0,1.272833,0,0,-0.908484,0,0,0,-2,0,0,1,0,0,0,0,0,1,0,0,0,0,0,0,0,-7,0,1,2,3,0,1,0,2,0,0,0,1,0,0,0,-1,1,0,0,0,0,0,-0.675676,0,0,-0.716784,0,0,0,0,0,0,0,0,0,0,1,1
0,0,0,0,0,0,0,-0.544894,0,0,0,0,0,0,-2,1,-0.705624,0,0,1,1,1,0,1,0,0,0,0,0,0,0,0,1.95246,12,0,0,0,0,-4,0,0.710157,-2,-2,-0.624245,2,0,0,0,1,0,0,0,0,0,0,0,2,0,0,2,1,3,1,3,0,0,0,0,0,3,0,0,0,0,0,0,0,1,0,0,1,1,0,1,0,0,0,-0.732197,0,1,-0.593939,0,0,3,0,0,1,0,0,0,0,1,1
0,0,0,0,0,3,0,-0.782907,1,0,0,1,0,1,0,0,-0.104684,0,0,0,0,1,0,1,0,0,0,0,0,0,0,0,1.71409,11,0,0,-2,1,-1,0,1.502926,0,0,-0.906157,0,3,0,2,2,0,0,0,0,0,0,0,0,0,0,0,1,0,2,0,1,1,0,0,0,1,0,0,0,3,0,0,1,0,0,0,0,0,0,0,0,0,0,-0.808241,0,0,-0.801304,0,0,0,1,0,0,0,0,0,0,1,1
0,0,-3,0,0,0,0,-0.841569,0,0,0,0,1,0,0,-2,-0.698106,-1,0,0,1,1,0,0,0,0,0,0,2,0,0,0,1.77143,1,0,-1,0,0,-1,0,0.709677,0,-1,-0.806452,0,1,0,0,0,0,0,0,0,0,0,1,0,0,0,0,1,2,0,-1,0,1,0,0,0,0,2,0,0,0,0,0,0,0,0,0,1,-1,0,0,0,0,0,-0.705307,0,0,-0.62406,2,0,0,0,-2,1,0,0,0,1,1,1
0,2,0,0,0,0,0,0.161333,0,0,0,0,0,0,0,0,-0.707171,0,0,0,0,0,-1,0,0,0,0,-1,0,0,-1,1,1.00983,1,0,0,1,0,0,0,0.314081,2,0,-0.621709,-2,0,-1,0,0,0,0,0,0,0,0,1,1,0,0,2,0,0,0,0,0,-1,0,0,0,0,0,0,-1,0,0,0,3,3,1,0,0,0,0,0,-1,0,0,-0.537624,0,0,-0.815385,0,-1,0,0,0,0,0,2,1,1,1,1
0,-1,0,0,0,2,-2,-0.793405,0,0,2,0,0,0,2,0,-0.693847,-2,0,0,0,0,1,1,1,0,1,0,0,0,0,0,0.4282,4,0,0,1,0,1,0,1.44444,0,0,-0.357659,1,0,1,0,0,0,-1,0,0,0,-3,2,0,0,-2,0,0,0,2,0,0,4,0,0,1,0,0,0,0,0,0,0,0,0,1,0,0,0,-1,0,0,3,1,-0.297832,0,2,-0.815385,0,0,0,0,0,0,0,0,0,0,1,1
0,0,-1,0,-1,0,0,-0.276341,0,0,0,0,2,0,1,0,-0.667935,0,0,0,0,0,1,1,0,0,0,-1,0,0,0,1,2.24662,13,-1,0,1,0,0,0,1.582243,0,0,-0.847715,-3,0,-1,1,0,0,0,-1,0,2,2,0,0,-1,0,0,-1,0,2,0,0,0,0,0,0,0,2,0,0,0,0,0,0,0,1,0,1,0,0,-1,0,-1,2,-0.839086,1,0,-0.815385,0,0,0,0,0,-1,-1,0,0,0,1,1
0,0,-1,0,-1,0,0,-0.803531,0,0,0,0,2,0,0,1,-0.20229,0,-2,0,-1,-1,5,-1,0,2,1,0,0,0,0,0,2.56707,1,1,0,0,0,0,0,0.848485,0,-1,-0.591597,0,1,0,0,2,0,0,0,0,0,1,0,-1,1,0,-4,-1,0,0,0,0,0,1,0,0,0,1,1,0,0,0,0,0,0,1,0,-1,1,1,-1,0,0,0,-0.727498,0,0,0.010443,0,0,0,1,0,0,0,-1,0,0,0,1
0,0,-1,0,0,0,0,-0.699128,0,0,1,0,-1,0,3,2,-0.686789,0,0,0,0,0,0,-1,1,-1,0,0,-2,4,1,0,0.94286,-15,0,2,-3,2,-1,0,0.848485,-1,0,-0.779807,0,0,-1,0,0,0,0,0,0,-1,0,0,0,1,-3,0,0,0,0,0,0,1,0,0,0,0,0,0,0,-1,0,0,0,5,0,0,-1,1,0,0,0,-1,0,-0.587476,0,0,-0.699221,0,0,0,0,0,0,0,0,0,0,0,1
0,0,-2,0,1,0,0,-0.66386,0,0,3,0,0,0,0,3,-0.539552,0,0,0,0,0,0,0,0,0,-1,-1,0,0,1,0,0.65493,10,0,0,0,0,0,0,0.680694,-1,0,-0.686378,0,0,0,0,0,0,0,0,0,0,0,0,0,1,0,0,0,0,0,0,0,1,1,-1,0,0,0,1,0,0,2,0,0,0,0,0,0,1,0,0,0,0,0,-0.621648,0,0,-0.507122,0,0,0,0,0,0,1,0,0,1,0,1
0,0,0,0,0,-2,1,-0.570204,0,0,2,0,-1,-1,0,0,-0.203577,0,0,0,0,0,1,0,0,0,0,0,-1,2,1,0,0.69675,2,0,0,4,0,1,0,2.297506,1,0,-0.415418,-1,0,0,0,0,0,0,-1,0,1,0,0,0,0,-2,0,0,0,0,0,2,0,0,0,-1,0,-4,0,-1,0,-2,0,1,0,0,0,2,1,0,0,0,0,0,-0.75,0,0,-0.889663,1,0,0,0,0,0,-1,0,0,1,0,1
0,0,2,0,0,0,0,-0.712909,0,0,-2,0,0,0,0,0,-0.875929,0,0,0,-1,0,0,2,0,0,0,0,0,0,0,1,0.77236,2,0,0,0,1,0,0,1.15789,0,1,-0.474084,0,2,1,0,0,0,0,0,1,1,1,1,0,1,0,-1,0,0,-1,0,0,0,0,0,-5,0,0,0,1,0,0,0,-2,-2,0,0,0,0,0,0,0,-1,0,-0.75,0,0,-0.648862,2,0,0,0,0,1,0,0,0,1,0,1
0,0,0,0,0,-1,0,-0.44291,0,0,0,0,0,0,0,0,-0.538462,0,0,0,0,0,0,0,-1,0,0,0,1,0,0,0,0.66327,7,0,0,0,0,0,0,0.839142,0,0,-0.546253,0,0,0,0,0,0,-1,0,0,0,0,0,-1,1,0,0,0,0,0,0,0,0,0,5,0,1,0,0,-2,0,0,0,0,0,0,0,0,2,0,0,0,1,1,-0.767984,0,0,-0.68339,0,0,-1,0,0,0,0,1,0,0,0,1
0,0,0,0,0,0,2,-0.538999,0,0,1,1,-3,0,0,0,-0.473223,0,-1,0,0,0,0,0,0,0,1,0,0,0,1,0,1.16429,6,0,0,0,0,0,0,0.929825,0,0,-0.627406,0,1,2,0,0,0,0,1,0,0,0,-1,0,-2,0,0,1,0,0,0,0,0,0,0,-1,-1,0,0,1,0,0,-1,0,0,0,0,0,0,0,0,0,0,0,-0.667864,0,0,-0.67002,0,0,0,0,0,0,2,0,0,0,1,1
0,0,2,0,0,-1,0,-0.837784,0,0,1,1,0,-1,0,0,-0.625,0,0,0,0,0,0,0,0,1,1,2,1,0,0,0,1.16124,2,0,1,0,0,0,0,0.850517,0,2,-0.76964,0,0,0,0,1,1,0,0,0,-1,2,0,1,1,0,0,0,2,0,1,-2,2,0,0,0,0,1,0,0,1,3,0,0,-1,0,0,0,0,-1,0,0,2,1,-0.370775,0,0,-0.451287,0,0,1,0,1,0,0,0,0,1,1,1
0,-1,0,0,0,-1,0,-0.545552,1,0,1,1,0,0,0,0,-0.574519,0,0,0,0,0,0,0,0,0,0,2,0,1,0,0,1.56962,-13,0,0,0,0,0,0,0.929825,0,0,-0.892645,0,0,2,0,1,0,0,0,-2,1,1,0,0,0,0,0,1,0,2,1,0,1,0,0,0,0,-3,0,0,-1,0,1,0,0,0,0,0,0,0,0,0,0,0,-0.571429,0,0,-0.459073,0,0,-1,0,0,0,0,1,0,1,1,1
0,0,0,0,0,0,0,-0.79517,0,2,1,0,0,0,0,0,-0.266111,0,0,0,3,0,0,0,0,0,0,2,2,0,0,0,1.48233,19,0,0,1,0,0,0,1.195627,-1,0,-0.733228,0,0,0,0,0,0,0,0,0,2,0,0,0,0,0,4,0,0,-1,0,0,0,0,0,3,0,0,0,1,-2,0,0,0,-1,0,0,0,1,-1,0,0,0,0,-0.626621,-2,0,-0.636764,0,0,2,0,0,1,0,0,1,1,1,1
0,-1,0,1,0,0,0,-0.768149,1,0,0,0,0,0,0,0,0.009544,0,0,1,1,-1,0,-1,-1,0,0,-1,0,0,0,0,0.42974,4,0,0,1,0,0,0,1.284833,0,2,-0.701785,0,0,0,1,0,0,-1,0,0,0,1,0,0,0,0,0,0,0,0,0,0,0,0,0,0,0,3,0,1,0,0,-1,0,-1,0,0,0,1,0,0,0,0,0,-0.849842,1,0,-0.810028,0,-1,3,2,0,-2,0,1,1,0,1,1
0,0,0,0,1,0,0,-0.806452,0,1,3,0,0,0,1,2,-0.886137,-1,0,1,1,0,0,0,0,-1,0,0,0,2,0,1,1.04888,1,0,0,0,0,2,0,1.328488,0,0,-0.702678,0,0,1,0,0,0,0,0,0,0,1,0,0,0,2,0,0,0,0,0,2,0,0,0,0,0,1,-1,2,0,0,0,0,3,0,0,0,1,1,1,0,-1,0,-0.621619,0,0,-0.612903,2,0,0,-1,-1,0,2,0,1,0,1,1
1,0,-1,0,0,-1,-1,-0.870693,0,0,0,0,0,0,1,0,-0.764706,0,0,0,2,0,0,0,0,0,0,0,0,1,0,0,1.07743,0,0,0,0,0,0,0,0.641296,0,0,-0.538462,0,0,0,-5,0,0,0,0,0,0,2,0,0,0,0,0,0,1,-2,0,0,0,-3,0,0,0,0,0,0,4,2,0,0,3,0,0,0,0,0,0,0,0,0,-0.57149,0,0,-0.511451,0,0,0,0,0,1,0,0,1,1,0,1
0,0,2,1,0,0,0,1.266495,0,0,-1,0,0,1,2,0,-0.198523,0,0,1,1,0,0,1,0,0,-1,0,0,0,1,1,0.46811,1,0,-1,0,0,0,0,2.817171,0,0,-0.125908,2,0,1,0,0,0,0,0,0,0,0,1,3,-2,-1,0,0,0,0,1,0,3,0,-5,1,0,-2,0,0,0,-1,0,0,1,0,-1,-1,1,0,-2,0,0,1,-0.654606,0,0,-0.613918,-2,0,0,-1,0,0,0,0,0,0,0,1
0,0,1,-1,0,-3,0,-0.644637,0,0,-4,0,0,0,1,0,-0.764706,0,0,0,-3,0,0,0,1,0,0,3,-1,1,-1,0,1.29113,1,0,1,1,0,0,0,1.791359,2,0,-0.538462,0,-2,0,0,0,0,0,0,0,0,0,-1,0,0,0,0,0,0,1,0,-1,0,-1,0,0,0,0,0,0,2,0,0,0,0,0,0,0,0,0,2,0,0,0,-0.657143,0,0,-0.555673,2,0,9,0,0,1,0,2,1,1,0,1
0,1,1,1,0,0,-1,-0.893033,0,0,0,0,0,0,0,0,-0.675508,0,0,0,0,0,-1,0,0,0,1,2,0,0,0,0,1.25714,11,0,0,0,1,0,0,0.276202,2,2,-0.56018,0,0,0,0,-1,1,0,0,0,0,1,0,0,-1,0,0,0,0,-4,0,1,1,-1,0,3,1,0,0,0,4,0,0,0,0,0,0,0,2,0,0,-1,1,0,-0.621852,1,0,-0.646982,0,0,2,0,0,1,0,0,2,0,1,1
0,0,0,0,0,0,0,-0.636364,1,0,2,1,0,0,2,0,-0.267073,0,0,0,0,2,0,0,0,0,1,0,0,0,0,-1,2.84534,4,0,2,-1,1,0,-1,1.731203,0,0,-0.04779,0,0,0,0,0,0,0,0,-1,0,1,0,1,0,0,0,0,-1,0,3,1,1,0,0,0,1,0,1,0,0,0,0,0,0,1,0,0,2,0,0,0,0,0,-0.601253,0,0,-0.703466,0,0,0,1,0,1,0,0,0,0,1,1
1,0,0,0,0,2,0,-0.725806,0,0,0,0,0,0,2,0,-0.779237,0,0,0,1,0,-2,0,0,0,0,0,0,-2,1,0,0.77044,2,0,0,-1,-1,0,-1,1.31743,0,0,-0.754024,0,0,0,0,0,0,1,0,-1,0,0,1,0,0,0,0,0,0,0,0,0,0,0,0,0,1,0,0,1,0,0,0,0,0,0,0,0,-1,0,-2,0,-1,0,-0.11523,0,0,-0.688114,0,0,0,0,0,0,0,1,0,1,1,1
1,2,0,0,0,-1,0,-0.63971,0,0,0,0,1,0,0,1,-0.733333,0,0,0,0,-1,0,2,0,0,-1,0,0,0,0,0,1.09754,8,0,0,0,0,0,0,1.31915,0,0,-0.744681,0,1,1,2,0,0,0,0,0,3,0,0,0,0,1,0,0,1,0,0,0,-2,0,0,1,0,0,2,0,-1,0,0,0,1,0,0,-1,0,0,0,0,1,-1,-0.113882,0,0,-0.743124,1,0,0,0,0,0,2,0,0,0,1,1
0,0,0,0,0,0,0,-0.403561,0,0,0,0,0,0,0,0,-0.733333,0,1,-1,0,0,0,0,0,0,0,0,0,0,1,0,1.66593,8,0,0,0,0,0,0,2.566286,3,-1,-0.737661,3,1,0,0,0,0,0,0,0,0,0,0,1,0,0,0,0,0,0,1,1,0,0,0,0,0,-1,0,2,0,0,0,1,3,1,1,0,0,0,0,0,0,0,-0.820896,0,0,-0.727852,0,0,0,0,0,-1,0,0,0,0,1,1
0,0,4,0,0,-2,0,-0.743586,-2,-3,0,0,0,0,0,0,-0.590029,0,0,0,0,0,2,2,0,1,0,0,0,0,0,0,1.32093,9,0,0,0,0,0,0,3.709446,2,0,-0.737526,0,1,0,0,0,0,0,0,0,0,0,0,0,-1,0,0,0,0,0,-1,2,1,0,0,3,1,0,1,0,0,0,-1,1,1,0,0,0,1,0,0,0,0,1,-0.820896,0,0,-0.599143,0,0,2,0,0,1,0,0,1,0,1,1
0,-1,1,1,0,0,1,-0.903545,0,1,0,1,0,0,2,0,-0.565785,0,0,0,0,1,0,-3,1,1,0,0,0,0,0,0,2.23153,6,0,0,1,0,0,0,0.215197,0,0,-0.755873,-1,0,1,0,0,0,0,0,0,0,0,0,0,0,1,0,0,0,3,0,1,0,0,0,2,0,0,0,0,0,0,0,3,0,-3,0,0,2,0,0,0,1,0,-0.097207,1,0,-0.861942,2,1,0,0,0,0,0,0,0,3,1,1
-1,0,1,0,0,2,1,0.159766,0,1,-1,1,-2,1,0,0,-0.583763,0,0,1,0,0,1,0,1,0,0,0,0,0,0,1,1.37902,4,1,1,1,0,0,0,0.463803,2,0,-0.71064,0,0,1,0,0,1,0,0,0,0,1,0,0,1,1,0,0,0,0,0,2,0,0,0,-3,0,3,0,0,-4,-1,0,0,2,0,0,0,2,0,0,-2,0,1,-0.625,-1,0,-0.627604,0,0,0,1,0,0,0,1,0,0,1,1
0,2,0,0,0,0,1,-0.665772,0,0,0,0,2,1,0,-1,-0.389599,0,0,-1,0,0,0,1,1,-1,1,0,0,0,-1,0,2.11672,6,0,0,0,2,0,0,1.215058,1,0,-0.801495,0,0,0,0,0,0,0,0,0,0,0,0,0,1,0,-1,-1,0,1,7,1,0,3,1,1,-1,-2,2,0,0,2,-1,1,-1,0,0,0,1,0,0,0,0,1,-0.611264,0,0,-0.613856,0,0,0,0,0,0,0,0,1,-2,1,1
0,-1,0,0,0,1,0,-0.619253,0,0,0,0,-1,1,0,1,-0.789151,0,0,0,0,1,0,0,0,0,0,-1,1,0,0,0,1.5649,9,0,0,0,0,0,1,0.409976,0,0,-0.560008,1,0,0,0,0,0,0,0,0,0,0,0,0,1,0,0,0,0,0,0,1,0,0,0,2,0,2,-2,0,0,0,1,0,1,0,0,0,3,0,1,0,0,0,-0.737091,0,0,-0.634332,4,0,0,0,0,0,0,0,0,0,1,1
0,0,0,1,0,1,0,0.857995,0,0,0,0,0,0,1,0,-0.561446,0,1,0,0,1,0,0,1,1,0,2,0,0,0,0,0.94192,-19,-1,0,0,0,0,0,1.359766,0,0,-0.603215,0,0,0,0,0,0,0,0,0,0,1,1,0,0,0,0,0,0,0,0,4,0,1,0,0,0,0,0,0,0,0,0,0,0,0,0,-3,0,0,-1,0,-1,-2,-0.328363,0,0,-0.657143,2,0,2,0,0,0,0,0,0,0,1,1
0,-2,0,-1,0,0,0,-0.704676,0,0,1,0,-1,0,0,0,-0.300154,0,0,4,0,0,0,1,0,1,0,0,0,0,0,-1,3.47579,4,-1,0,0,0,-1,0,1.13004,-1,0,1.669841,0,0,1,0,0,0,0,0,0,2,2,0,0,0,-2,0,0,0,0,0,4,0,1,0,0,0,-1,-1,0,-2,0,0,0,3,0,0,0,0,2,0,0,0,2,-0.510153,-1,0,-0.930005,0,0,0,0,0,0,0,0,0,0,1,1
0,0,0,0,0,0,-1,-0.113956,0,1,3,1,0,0,1,0,-0.751497,0,0,0,1,0,-1,0,0,-1,0,1,0,-1,0,0,0.89875,2,-1,0,1,0,0,0,0.401556,-2,0,-0.599793,1,0,0,0,0,0,1,-1,0,0,0,0,1,-1,0,0,0,0,0,0,0,0,-1,0,0,0,2,0,0,0,-4,0,1,0,0,0,0,1,0,0,0,-2,0,-0.324155,0,0,-0.769581,6,1,-1,1,1,1,0,-2,0,0,0,1
0,0,0,1,0,0,0,-0.596402,0,0,-1,-1,0,-1,0,1,-0.619548,1,0,0,0,0,0,0,-1,1,0,0,0,1,0,0,1.34101,3,0,0,0,-2,0,0,0.227554,-1,0,-0.618238,-1,0,0,0,0,1,0,0,0,1,-2,1,1,0,-1,0,0,0,-1,-1,-1,2,0,0,1,0,2,1,1,0,0,0,-1,0,0,-1,0,-1,0,0,-1,-1,0,-0.645387,0,0,-0.704948,-2,0,0,0,0,1,0,0,0,0,0,1
0,0,0,0,-1,-1,0,-0.523134,0,0,1,0,0,0,0,0,-0.634389,2,0,0,0,0,1,3,-1,0,1,0,1,0,0,0,0.655,7,-1,0,0,0,0,0,0.266667,-2,0,-0.581683,2,0,-1,0,0,0,0,0,0,0,0,0,-1,0,0,0,1,0,0,1,1,0,0,0,0,0,0,0,0,0,0,0,3,-3,0,0,0,1,0,0,0,1,2,-0.613087,0,2,-0.526379,0,0,-1,0,0,0,0,0,0,0,0,1
0,0,0,2,0,0,1,-0.891182,0,0,0,1,0,1,2,1,-0.669938,0,0,3,0,0,-1,0,0,0,0,3,0,0,-4,0,1.42814,0,0,0,0,0,0,0,1.399694,0,0,-0.629949,0,0,0,0,0,0,1,0,0,-2,-3,0,4,0,-1,0,0,0,0,-2,1,0,1,0,0,1,1,0,0,0,0,0,0,0,0,0,0,0,0,0,0,0,0,-0.340682,0,0,0.10814,0,0,0,1,0,1,0,0,-2,0,1,1
0,0,0,0,1,0,0,-0.818182,-2,0,0,1,0,0,0,1,-0.634508,0,0,0,0,0,0,-1,0,-1,-2,0,0,0,0,0,1.05714,1,0,0,0,0,3,1,2.460801,0,0,-0.682274,0,0,0,-1,0,0,0,0,0,1,0,0,0,0,0,-1,0,0,0,0,1,0,1,0,0,-1,1,0,0,0,0,1,0,0,0,0,0,0,0,0,0,0,0,-0.313581,0,0,-0.478261,0,0,-2,0,1,1,-1,0,2,0,1,1
0,-1,0,0,0,0,0,-0.818182,0,0,0,1,0,1,0,0,-0.742564,0,0,0,1,0,0,0,0,0,-1,0,0,4,0,0,3.73906,12,0,1,1,0,0,2,1.402893,0,0,-0.6929,0,0,0,0,-2,2,1,2,0,0,3,0,0,0,0,0,0,0,3,0,-1,0,1,0,0,0,0,0,0,0,0,0,0,2,0,0,0,0,0,0,0,0,0,-0.5,2,0,0.09214,2,0,0,0,-2,0,1,0,0,0,1,1
0,0,-1,1,0,0,0,-0.78701,0,0,0,0,0,0,7,0,-0.839875,0,0,0,0,0,0,0,2,0,0,0,-1,0,0,1,1.76133,10,0,1,1,-1,0,0,1.515235,2,0,-0.631403,1,-1,0,0,0,0,0,2,0,0,1,2,1,0,-2,-1,0,0,0,1,0,0,-1,0,0,1,1,0,1,0,0,0,0,0,0,0,0,1,0,0,0,0,0,-0.635638,0,1,-0.830192,3,1,0,0,1,0,-1,0,1,1,1,1
0,0,0,0,0,2,0,-0.392536,0,0,0,-1,1,0,0,-2,-0.69743,0,0,0,4,0,0,0,1,0,1,0,1,0,2,0,0.61645,2,0,0,1,1,1,0,1.329234,0,2,-0.844651,-1,0,0,-2,0,0,0,0,0,-1,-1,-1,-1,0,2,0,0,-1,0,0,0,0,0,0,0,2,1,0,0,0,0,0,1,0,0,0,0,0,0,1,0,1,0,-0.63012,0,0,1.886657,0,0,1,0,0,0,0,0,0,-3,1,1
0,-2,0,0,0,-4,0,-0.475652,0,0,0,0,-1,0,1,-3,-0.707317,0,0,1,5,0,0,0,1,1,1,0,0,0,0,0,1.46533,5,0,0,1,0,1,0,1.550477,0,0,-0.781178,0,1,0,0,0,0,0,-1,0,-1,0,1,0,0,0,0,-1,2,0,5,1,1,0,0,0,1,0,0,-1,0,0,0,0,0,0,0,0,1,0,0,0,0,0,-0.765309,0,-1,-0.641519,0,-1,0,0,0,0,0,2,1,0,1,1
2,0,0,0,-1,0,0,-0.712592,0,0,0,1,0,0,0,0,-0.348104,0,-1,0,0,0,0,0,0,0,0,0,0,0,0,0,0.51128,1,0,-1,-3,0,0,0,0.534293,0,0,-0.743192,0,0,0,-1,0,0,0,0,0,-1,0,1,0,0,0,0,0,0,0,1,0,1,0,0,0,0,0,0,0,0,3,0,1,2,1,0,0,0,0,0,0,0,0,-0.8,0,0,-0.755102,0,0,3,0,0,-1,0,1,-1,0,1,1
0,0,0,1,0,0,0,-0.70627,0,0,0,0,0,-2,1,0,-0.798035,0,0,0,1,0,0,0,0,-1,0,0,0,1,0,0,1.45998,3,0,0,1,0,0,0,0.881359,1,0,-0.775928,1,1,0,0,1,0,0,0,0,0,0,0,-1,0,0,0,0,0,0,0,2,1,0,2,0,1,0,0,0,0,2,0,1,0,1,0,0,1,1,0,0,0,4,-0.59407,0,0,-0.755102,0,0,-1,0,0,0,0,1,0,0,1,1
0,0,0,0,0,-1,0,-0.761472,2,0,0,1,-1,0,2,0,0.437348,0,0,1,0,0,0,0,0,0,0,0,0,0,1,0,1.17202,12,0,0,0,-2,0,0,0.541733,0,0,-0.72093,0,0,0,1,0,-1,1,-1,0,0,1,-1,2,0,-2,0,0,0,-1,2,0,0,0,0,0,0,0,0,0,0,3,0,0,0,1,0,0,1,0,1,0,0,0,-0.80229,0,0,-0.650708,0,0,0,0,0,0,0,0,0,0,1,1
0,0,0,0,0,0,0,-0.636364,0,0,0,1,0,-3,0,0,-0.659447,0,0,0,0,1,0,0,0,0,0,0,0,0,0,-2,1.00582,5,-1,0,-2,0,0,0,2.181455,-1,0,-0.600753,0,0,0,1,1,0,0,0,0,0,0,0,-3,1,1,0,0,0,2,0,1,0,0,-2,0,0,1,1,0,-2,0,0,0,0,0,-1,1,0,0,0,0,0,0,-0.478261,1,0,-0.497302,2,0,-1,-1,0,0,0,0,0,0,1,1
0,0,2,0,0,0,0,-0.355022,1,0,2,0,0,0,0,1,-0.417183,0,0,0,0,0,0,0,0,0,0,0,0,-2,1,0,0.85714,15,0,0,0,0,0,0,1.040164,0,0,-0.540427,0,0,0,0,0,0,0,0,0,0,0,1,0,0,1,0,0,1,2,0,0,0,0,0,0,-1,0,0,-1,0,0,0,0,2,0,-1,0,0,0,0,1,0,-1,-0.555436,0,0,-0.503297,0,0,0,1,0,0,0,0,0,1,1,1
0,0,0,0,0,1,0,-0.681931,0,-2,0,-1,0,0,0,0,-0.843046,0,0,0,-1,0,1,1,0,1,0,0,-3,3,-2,0,0.85714,2,0,0,0,1,0,0,2.253147,0,0,-0.708825,0,0,0,0,0,-1,0,-2,0,0,0,0,0,0,0,0,0,0,-2,0,0,-3,0,0,0,0,1,0,0,2,0,0,-1,0,0,0,0,0,0,-1,0,0,0,-0.5672,0,0,-0.896941,0,-1,0,0,0,0,0,0,0,0,1,1
0,2,2,0,0,0,0,-0.068463,0,0,0,0,0,2,1,0,-0.406767,0,0,0,0,0,0,0,0,1,-1,0,0,0,0,0,1.13795,3,0,0,0,0,0,0,0.848228,-1,0,-0.744225,0,1,0,0,0,0,0,0,0,0,0,0,0,0,-1,0,1,0,2,0,0,3,0,0,0,1,0,0,1,0,0,0,0,0,0,0,0,1,0,1,0,-1,-1,-0.564178,1,0,-0.724591,0,0,0,0,1,0,0,0,0,1,1,1
0,0,0,0,0,0,0,-0.694925,0,0,3,0,-1,0,0,0,-0.604336,0,0,1,1,0,1,0,0,0,0,0,0,0,0,0,1.342,8,0,0,-2,2,0,0,0.843619,2,0,-0.744287,0,1,0,0,0,0,0,0,0,0,0,0,0,0,4,0,0,0,0,-1,0,1,0,1,0,0,0,0,0,0,2,0,0,0,0,0,0,1,0,0,0,0,-1,-0.674235,0,0,-0.707317,0,0,3,-1,1,0,0,0,2,0,1,1
0,1,-1,-1,0,0,0,-0.79661,0,0,0,0,0,0,0,0,-0.807654,0,2,0,0,0,1,1,0,1,0,0,0,0,0,0,1.26096,3,0,0,0,0,0,0,0.893245,0,0,-0.815996,0,1,0,0,0,0,0,0,0,0,1,0,0,0,0,0,0,1,0,0,0,2,0,0,0,1,0,0,2,0,0,0,0,0,0,0,0,1,0,-2,0,0,0,-0.706071,0,0,-0.649144,2,0,0,0,1,-1,0,1,0,1,1,1
0,0,-1,0,0,0,0,-0.684135,0,0,0,0,-1,0,0,0,-0.408523,1,0,0,1,1,0,0,0,0,-1,2,0,0,0,0,1.40961,7,-1,0,0,0,0,0,1.119439,0,-1,-0.767848,0,0,0,0,0,1,0,0,0,0,0,-2,0,1,0,0,-2,0,0,0,0,2,-1,0,0,1,0,0,0,0,0,0,-1,0,0,1,0,-1,0,0,0,0,0,-0.402908,0,0,-0.799373,0,0,0,1,0,0,0,-1,1,0,1,1
0,0,0,0,0,0,0,-0.842077,0,0,0,1,0,0,0,0,-0.557678,0,0,0,1,0,2,0,0,0,0,0,0,0,2,0,1.45198,14,0,0,1,1,0,0,0.87786,0,-2,-0.782147,0,0,0,0,-2,0,0,1,0,0,-3,0,-2,1,0,0,0,0,0,1,2,2,0,0,0,1,0,0,0,2,0,0,0,0,0,0,0,1,0,2,0,0,0,0.278724,0,1,-0.572259,0,0,3,0,1,1,-1,-1,1,2,1,1
0,0,0,0,0,0,0,-0.8125,0,0,1,0,0,0,1,1,-0.555556,-1,0,0,0,1,-1,0,0,0,-1,0,0,0,0,0,1.44116,7,-1,0,1,0,0,0,3.031145,0,-1,-0.786969,0,2,0,1,0,0,0,0,0,-1,0,0,2,0,2,1,0,0,0,1,2,0,0,2,0,0,0,0,1,0,0,0,2,0,0,0,0,-1,0,0,0,0,0,-0.538462,0,0,-0.527565,0,0,0,-1,0,1,-1,0,0,0,1,1
0,0,0,-1,0,3,0,-0.316742,0,0,1,0,-1,0,3,0,-0.386162,0,0,1,0,0,0,0,0,0,0,0,0,-1,-1,2,1.33155,3,0,1,0,1,0,0,0.790663,0,0,-0.526489,0,0,0,-1,0,0,0,0,0,0,1,0,2,1,-3,3,0,0,0,0,0,0,0,0,2,0,0,0,1,0,0,-1,0,-1,0,0,0,0,0,0,0,0,0,-0.854101,-1,0,-0.38979,0,0,0,0,-1,0,2,1,0,0,0,1
0,0,2,0,-1,0,0,-0.866885,0,0,1,0,-1,0,2,0,-0.856368,0,0,1,1,0,0,0,0,0,0,0,2,0,0,0,1.44564,6,0,-1,0,0,0,0,0.817798,0,0,-0.673555,0,0,0,0,-2,1,1,0,0,2,0,-2,0,1,1,0,1,-1,0,-2,1,0,0,-1,0,0,3,0,1,0,0,0,0,2,0,-1,-1,1,0,0,0,0,0,-0.699968,-1,0,-0.880833,0,0,0,-1,0,0,2,1,0,0,0,1
0,0,0,0,0,2,0,-0.498702,0,0,0,0,2,1,0,0,-0.819837,1,0,1,1,-1,0,0,0,1,-1,0,0,0,0,-1,1.86773,0,1,0,1,1,0,0,0.860048,2,0,-0.804147,0,0,0,-1,0,1,0,0,1,-1,1,0,0,1,-1,0,0,-1,0,0,-2,1,2,-2,0,0,1,1,1,0,0,-1,0,0,0,0,0,1,0,1,0,0,0,-0.716285,0,0,-0.576235,2,0,0,0,0,0,3,0,1,0,0,1
0,1,2,1,1,2,1,-0.435341,0,1,0,0,0,0,2,0,-0.72516,0,0,0,0,0,0,2,0,0,0,0,0,0,1,0,1.30612,5,0,3,-2,0,0,0,1.02128,2,1,-0.777206,0,1,0,1,0,0,0,1,0,-1,3,0,-1,0,0,0,0,1,0,0,0,0,0,0,0,0,0,0,0,2,2,0,-1,0,0,0,0,-2,0,0,0,0,1,-0.857018,-1,0,-0.67928,-2,0,0,0,0,0,1,0,0,0,1,1
0,1,0,0,1,0,1,-0.283672,0,1,0,0,0,0,0,0,0.001583,0,0,0,-3,0,0,0,0,0,0,0,0,-1,0,0,1.51545,3,0,0,0,0,0,0,1.148207,0,0,-0.643695,0,1,0,0,0,0,0,0,0,0,0,2,0,0,0,0,0,0,1,0,0,1,4,3,-1,0,0,0,3,2,0,0,-1,0,0,0,1,0,0,0,0,0,1,0.364463,0,0,-0.591893,0,0,0,0,0,0,0,0,-2,0,1,1
2,0,0,0,1,0,1,-0.614473,0,1,3,0,0,0,0,0,-0.851852,0,1,0,0,0,-4,0,0,0,0,0,0,3,0,0,1.58469,5,-1,0,0,0,0,0,1.478264,0,3,-0.762887,0,2,0,0,0,0,0,-1,1,0,1,2,0,0,0,0,0,0,0,1,0,0,0,0,0,0,0,-2,0,0,0,0,2,0,0,0,0,0,0,0,0,0,0,-0.278671,0,-1,-0.6107,0,0,0,0,0,-1,0,0,0,1,1,1
0,0,0,0,0,2,0,-0.675676,0,0,1,0,0,0,0,0,-0.586207,3,0,1,1,0,-1,0,0,0,0,-1,1,2,0,0,1.92947,3,0,0,1,0,1,0,0.853415,0,0,-0.748242,-1,1,-4,-1,0,0,-1,0,0,1,1,0,0,0,1,0,0,0,0,0,0,0,1,0,0,0,0,0,0,0,-1,0,0,0,0,0,0,0,0,0,0,0,1,1.887035,0,0,-0.896944,0,0,1,0,0,0,1,0,0,0,1,1
1,0,0,3,0,0,-1,-0.66368,0,-1,-1,0,0,0,0,0,-0.586207,0,1,0,-1,0,1,1,0,0,0,0,0,0,0,0,1.11429,0,0,0,1,0,-1,1,2.071434,0,0,-0.346279,0,0,0,0,0,0,0,0,0,0,1,0,0,0,-4,0,0,1,4,0,0,0,0,0,0,-1,2,0,1,0,3,0,1,0,0,-1,0,0,0,0,0,3,-1,-0.305097,1,0,-0.714747,0,0,6,0,0,1,0,-1,0,2,1,1
0,-1,1,0,0,2,0,-0.663531,0,0,-2,0,-2,0,0,0,-0.196929,0,1,-2,0,0,0,0,0,0,0,0,0,0,0,0,0.80867,0,0,0,0,0,0,0,1.33333,0,1,-0.897794,0,0,0,0,0,0,0,0,0,0,1,1,-1,1,1,1,0,0,0,0,0,0,0,1,0,0,-3,0,0,-1,0,1,1,0,0,0,0,0,0,2,0,0,0,-0.357115,1,0,-0.82879,0,0,0,0,0,1,0,0,0,0,1,1
0,0,4,0,0,1,0,-0.606613,1,0,0,0,2,0,1,0,-0.666667,2,1,3,0,0,0,0,0,0,0,2,0,0,0,-1,1.12991,2,0,-1,0,0,0,1,1.832294,1,0,-0.236529,0,-1,0,0,0,-1,0,0,0,1,-1,0,0,0,0,0,1,0,0,0,0,1,0,1,0,0,2,0,1,0,0,0,0,2,1,0,1,0,0,1,0,0,-1,-0.770953,0,0,-0.636364,0,0,0,0,1,0,1,1,3,2,1,1
0,0,0,0,0,0,1,-0.759708,1,1,0,0,0,0,0,0,-0.703119,0,0,0,1,0,0,0,1,0,0,0,0,0,0,0,0.65714,1,0,0,0,1,0,0,0.762966,1,0,-0.38609,0,0,0,-1,-5,0,0,2,0,0,0,0,1,0,0,0,1,-1,-1,0,0,1,-2,1,0,0,1,-1,0,0,0,0,0,0,0,0,0,0,0,1,1,0,0,-0.623465,0,1,-0.436069,0,0,3,0,0,0,0,2,1,6,1,1
0,0,0,0,-1,1,0,-0.42255,1,0,0,1,0,0,-1,0,-0.642087,0,0,-1,2,0,0,0,0,0,0,3,0,0,1,0,1.33039,5,0,0,0,2,0,0,1.796571,-1,0,0.097522,0,0,0,0,0,2,0,-1,0,1,1,0,0,0,0,-1,1,0,-1,0,0,1,0,0,0,0,0,0,-2,0,0,0,0,0,1,0,0,0,0,1,0,0,0,-0.753958,0,0,0.202873,0,-1,0,0,1,1,1,0,6,3,1,1
0,0,2,0,-1,0,1,0.222031,0,0,2,0,1,1,1,0,-0.907454,0,0,0,0,0,0,0,0,0,0,-1,0,0,0,0,1.57597,3,0,0,0,0,-1,0,3.070041,0,0,-0.683275,-1,1,0,0,-1,-1,0,0,1,1,3,0,0,0,1,0,0,0,0,0,0,-1,0,-3,-1,2,1,0,0,0,0,0,0,0,0,0,0,0,0,0,-2,0,1,-0.891085,0,0,-0.690782,1,0,0,0,-3,0,0,0,0,0,0,1
0,0,0,0,0,1,1,-0.332721,0,0,0,1,1,1,1,0,-0.710917,-1,0,1,0,0,0,3,0,0,0,0,-1,0,0,0,1.05577,4,-1,0,0,0,0,0,0.962871,0,0,-0.606025,0,0,0,0,0,-1,0,0,0,0,-2,0,1,0,1,0,1,-1,0,0,0,0,0,0,0,-1,1,0,0,0,0,0,-1,0,0,0,0,0,0,0,0,0,0,-0.778221,0,0,-0.729641,0,-1,0,0,0,1,0,0,0,-1,0,1
0,0,0,-1,-1,1,1,0.483382,0,0,0,1,0,1,-2,-2,-0.749403,0,0,0,0,-1,0,0,0,-1,0,-1,0,0,-2,0,0.67195,5,1,0,4,1,0,0,2.803808,0,0,-0.289921,0,0,1,1,0,0,0,0,0,0,0,0,0,0,1,0,0,0,0,0,0,0,-1,0,0,0,1,0,0,0,0,0,0,0,0,1,0,2,0,1,0,1,0,-0.755102,0,-1,-0.730178,1,0,-2,0,0,1,-1,-1,0,0,0,1
0,0,1,0,0,-1,0,-0.496662,0,0,0,0,-1,-1,0,1,-0.84616,0,0,0,0,0,1,0,1,0,0,0,0,0,0,1,1.84464,5,0,0,0,1,1,0,0.578125,0,0,-0.801463,1,0,0,1,0,0,0,1,1,0,1,0,0,0,0,0,0,1,0,1,1,1,-2,-1,0,0,0,0,0,0,0,0,0,0,0,0,1,0,1,0,0,-3,0,0.407356,0,0,-0.79454,-1,0,0,0,0,0,1,-2,2,0,1,1
0,1,-1,0,0,0,0,-0.453134,0,0,0,0,1,0,0,0,-0.538462,0,0,0,0,-2,0,0,0,0,0,2,0,0,0,1,1.55196,5,0,0,0,1,0,0,0.574223,0,0,-0.807538,1,0,0,1,2,0,0,0,0,0,1,0,0,0,0,1,0,2,0,1,0,0,0,0,0,0,0,1,1,1,0,0,0,0,0,0,0,1,0,1,0,0,1,-0.517547,0,0,-0.538879,2,0,0,0,0,0,1,0,0,0,1,1
0,0,0,0,0,1,0,-0.32234,2,0,0,0,0,1,0,0,-0.647076,0,1,0,0,0,0,0,0,-2,0,-1,5,0,0,0,2.28175,2,0,0,0,1,0,0,0.30704,0,1,-0.763121,0,0,0,0,1,1,0,0,0,0,0,-1,0,0,0,0,0,0,0,1,1,0,0,0,0,0,-1,0,0,4,0,0,1,0,0,0,1,-1,0,3,0,1,0,-0.277258,0,0,-0.541801,0,0,0,0,0,0,0,0,0,0,1,1
0,0,0,0,0,0,0,-0.835002,0,0,-1,0,-1,-1,-1,0,-0.744681,-1,0,0,0,0,0,0,1,2,0,0,0,0,1,0,1.37042,11,1,0,0,0,1,0,0.944673,0,3,-0.741517,0,0,0,0,0,0,0,0,0,0,0,2,2,0,0,0,0,0,0,0,0,0,1,0,0,-1,1,1,-2,0,0,-1,0,0,0,0,0,0,0,0,0,0,-1,-0.891455,0,0,0.057377,0,0,0,0,0,0,0,0,0,0,1,1
0,0,0,0,0,0,0,-0.845247,0,0,0,0,0,-6,0,-1,-0.507893,0,0,0,0,-2,0,0,0,0,0,0,0,0,1,0,1.43198,5,0,0,0,0,1,0,1.053085,0,0,-0.718508,0,0,0,0,0,0,0,0,1,0,0,-1,0,0,1,0,0,0,-1,0,0,0,0,0,0,0,0,0,-1,0,4,0,1,-1,0,1,0,0,0,0,0,0,0,-0.685681,0,0,-0.464318,0,0,3,0,0,0,0,0,1,-4,1,1
0,0,1,0,1,0,0,-0.167439,0,0,0,0,0,-1,2,0,-0.524592,0,0,0,0,0,0,3,1,1,0,0,0,0,1,0,1.29008,12,0,0,2,0,1,0,2.343474,0,0,-0.745471,0,1,0,0,0,0,0,0,0,0,0,0,2,0,4,0,0,0,-4,0,0,0,0,1,0,0,0,1,0,0,0,0,0,0,0,0,2,-1,0,0,-2,0,-1,-0.658124,0,0,-0.655623,-1,0,0,-2,0,0,0,0,0,2,1,1
0,0,0,0,0,-1,-2,-0.46952,0,0,0,0,0,-1,0,0,-0.529893,0,-1,0,0,0,0,0,0,0,0,0,0,0,1,0,1.27055,12,0,0,1,0,0,0,1.117437,-1,-1,-0.8125,0,0,0,0,0,0,0,0,0,0,0,0,0,0,0,0,0,0,0,0,-1,0,0,1,0,0,0,1,1,1,2,0,0,0,0,0,0,-2,0,1,0,0,0,0.460313,0,0,-0.625,0,0,0,2,0,2,1,1,0,0,0,1
-1,0,-1,0,0,0,0,-0.031199,0,0,0,0,1,0,0,4,-0.75,0,0,0,0,0,0,0,0,3,0,0,0,2,-2,0,1.82857,6,0,0,0,0,1,0,2.118859,0,1,-0.818749,3,0,0,0,1,0,0,0,0,0,0,0,3,0,0,2,0,0,0,0,2,0,0,1,0,0,1,1,0,3,0,0,-2,0,0,0,0,0,0,1,0,0,0,-0.532632,0,0,4.818279,3,0,2,0,0,1,2,1,0,0,0,1
0,0,0,0,0,-1,0,-0.4,0,0,0,0,0,0,0,0,-0.899206,0,0,-1,0,0,0,1,0,-1,0,0,0,0,1,-1,3.02047,5,1,0,0,0,1,0,1.15625,1,0,-0.870274,0,1,2,0,-1,0,0,0,0,-1,0,0,1,0,0,0,0,0,0,-2,1,0,0,0,0,0,0,-1,0,-1,0,0,0,0,0,0,0,0,0,0,0,0,0,-0.675676,0,0,1.523299,0,0,0,0,0,0,0,1,0,0,0,1
0,0,0,0,0,0,0,-0.741364,0,-4,3,0,0,0,0,2,-0.657606,0,0,0,0,1,1,0,0,1,0,0,0,0,1,0,0.61961,5,0,0,1,0,0,1,0.211239,0,-1,-0.525705,0,0,-2,4,0,0,0,-1,0,0,1,1,5,4,0,0,0,0,-1,0,0,0,-1,0,0,0,0,0,0,0,0,1,4,1,0,0,0,0,0,1,0,0,0,-0.723342,0,0,-0.773585,0,0,0,0,0,0,1,1,-1,1,0,1
0,2,0,0,0,0,0,-0.650208,0,1,0,0,2,-1,0,0,-0.636364,0,0,0,0,0,0,0,0,0,0,1,-1,1,2,0,0.70078,10,0,0,0,1,0,0,0.21875,0,0,-0.895929,0,1,0,2,0,0,0,0,0,0,0,0,0,0,1,0,1,0,1,-1,1,1,0,2,1,0,0,0,0,0,-1,0,0,0,0,0,0,0,0,2,0,0,0,-0.652417,0,-1,-0.772554,2,0,0,1,1,0,0,0,1,0,0,1
0,0,0,0,0,0,0,-0.764203,-3,0,0,0,0,0,-1,0,-0.584712,2,-1,0,0,0,0,0,0,0,0,0,0,0,0,0,1.95683,0,0,-1,2,1,0,0,1.021881,0,0,-0.596731,3,1,0,0,1,0,0,0,1,0,0,3,-1,-2,0,0,1,0,-2,0,1,1,0,2,1,0,0,0,0,0,0,0,0,1,0,0,0,0,0,0,0,1,0,-0.658571,0,0,-0.768302,1,0,0,0,0,0,-1,1,0,0,0,1
0,0,0,1,0,0,0,-0.779594,-1,0,0,0,0,1,2,1,-0.775812,0,0,-1,0,0,0,-1,0,0,-1,0,0,0,1,0,0.51754,5,0,0,0,0,0,0,0.482544,0,0,-0.626693,0,-1,0,0,0,0,-2,1,0,-1,0,-3,-1,0,0,1,0,1,-1,0,0,0,-1,0,0,1,0,-1,1,0,0,0,0,-1,0,0,0,0,1,0,0,-1,0,-0.333048,0,1,-0.813024,0,0,1,0,0,3,0,0,-3,1,0,1
0,0,0,0,0,0,-2,-0.777778,0,0,0,1,0,2,0,0,-0.690545,0,0,0,0,0,0,0,0,0,0,0,-1,3,0,0,1.89521,15,0,0,-2,3,0,0,0.195122,-2,-1,3.657241,0,0,0,0,0,0,0,0,0,-1,0,0,0,0,0,2,0,0,3,0,0,0,2,0,0,0,0,2,-2,0,0,0,0,0,0,0,0,0,1,1,0,0,0,-0.68162,0,1,-0.470639,0,0,0,0,0,0,0,1,-1,0,0,1
0,-1,0,0,0,2,0,-0.667489,0,0,0,0,0,0,0,0,-0.72093,1,0,0,0,2,0,0,0,0,-1,0,0,0,0,0,1.70471,4,0,0,0,0,0,0,3.078943,0,0,-0.711314,0,0,0,0,0,0,0,0,1,0,0,2,0,0,-1,0,0,0,0,0,0,0,0,2,0,0,0,0,0,0,0,0,-1,0,0,0,0,0,0,0,0,-3,0,-0.759375,0,1,-0.284889,0,0,0,0,0,6,1,0,-1,0,0,1
0,0,0,0,1,0,0,-0.410533,2,0,0,-1,-2,0,0,0,-0.646908,0,0,0,0,0,0,-1,0,0,0,2,0,0,0,0,1.16188,2,0,0,1,0,0,-1,2.943599,2,0,-0.553937,3,1,0,0,0,0,0,0,0,0,1,0,1,1,0,-1,0,0,0,0,1,0,-2,0,0,0,0,0,0,-1,0,0,0,-2,0,1,0,1,0,0,0,0,0,-0.342516,0,0,-0.73913,0,2,0,1,0,0,0,0,-1,0,1,1
-1,1,0,0,0,0,2,-0.872095,0,1,0,2,0,0,0,0,-0.653037,0,-1,0,3,0,-3,0,0,0,0,0,1,0,0,-1,1.06434,10,0,0,0,0,1,3,1.223085,0,0,-0.761507,0,1,0,0,1,0,0,0,0,0,2,0,0,1,2,1,0,0,1,1,0,0,0,0,0,0,0,0,0,0,0,2,0,0,0,0,0,0,0,0,0,0,0,-0.243233,0,-1,-0.498061,0,0,-2,0,0,-3,0,0,-2,0,1,1
0,0,0,0,0,0,-1,-0.136386,0,0,0,0,0,0,1,3,-0.640024,-1,1,1,0,0,0,0,0,0,0,-2,0,3,0,0,1.18535,0,0,0,0,0,1,-2,1.072485,0,0,-0.644396,-1,1,-2,0,0,0,1,-1,0,0,3,0,1,1,-3,0,0,0,0,-2,0,0,2,0,0,0,-1,0,0,0,0,0,0,0,0,0,0,0,0,0,0,0,0,0.604626,0,0,-0.462675,0,0,0,0,0,1,0,0,1,0,1,1
0,1,0,0,0,0,0,-0.731091,0,1,0,0,0,0,0,1,0.018765,0,0,1,1,0,0,0,0,0,0,2,2,-1,1,0,1.54341,0,0,0,0,0,0,1,0.557624,0,0,-0.760076,-4,1,0,0,0,0,0,0,0,0,0,0,0,-1,0,0,0,0,3,2,2,0,0,0,0,0,1,0,1,0,0,0,0,0,0,0,0,0,1,0,1,0,1,-0.349511,0,1,-0.82787,0,0,0,0,0,0,-1,-1,0,-1,1,1
0,0,0,0,0,3,0,-0.807899,1,1,0,0,0,-1,0,4,-0.608074,0,0,0,0,-1,0,-2,0,1,0,-1,0,0,0,1,0.94282,1,0,0,0,0,2,0,0.566038,0,0,-0.825967,0,1,0,0,-2,0,0,0,0,0,-1,0,0,1,0,0,0,0,0,1,0,0,0,-1,0,0,-3,0,0,0,0,0,0,0,-1,0,0,2,0,5,0,0,0,-0.579008,0,0,-0.59691,2,0,0,-1,0,1,0,0,-2,1,1,1
0,-1,0,0,0,0,1,-0.757012,2,1,0,1,0,0,0,0,-0.555729,0,0,1,0,0,0,1,0,0,-2,0,0,0,0,0,1.14027,5,0,0,0,0,0,0,0.851747,1,0,-0.549682,0,1,0,0,0,0,0,0,0,2,0,-2,-1,0,1,1,1,0,0,1,2,1,0,1,0,0,0,1,0,0,2,0,1,2,0,0,2,0,0,0,0,0,1,-0.803262,-1,0,-0.848237,0,0,0,0,0,0,0,0,-3,0,1,1
0,0,0,0,0,0,0,-0.761257,0,0,-1,0,0,0,0,0,0.698138,0,0,0,0,0,0,0,0,0,0,0,0,0,2,0,1.6288,1,0,0,0,1,0,0,1.057931,0,-1,-0.756637,0,0,0,3,0,0,0,0,-2,0,1,0,0,0,2,-1,0,0,1,0,1,0,0,0,-1,0,0,0,0,0,0,0,0,0,0,0,0,0,0,1,0,0,0,-0.680857,0,1,-0.322508,3,0,0,1,0,0,0,0,0,5,1,1
0,0,0,0,0,0,0,0.780906,0,0,0,0,0,0,0,-3,-0.341779,0,0,1,0,0,0,-1,0,1,0,2,0,0,0,0,0.84322,14,0,0,0,0,0,0,0.59803,0,0,-0.793971,0,-1,0,0,0,0,1,0,0,0,0,1,1,0,7,1,0,0,1,0,1,0,0,0,-3,0,0,0,-2,1,0,0,1,0,0,0,0,0,0,0,0,0,-2,-0.470912,0,1,-0.488657,0,-1,0,-1,0,0,0,0,0,0,1,1
0,0,0,0,-1,0,0,-0.773585,0,2,0,0,1,0,1,0,-0.777778,0,0,1,0,0,0,0,0,-1,0,1,0,1,0,0,1.04481,3,0,0,0,1,0,-1,0.988404,0,0,-0.762151,0,2,2,0,0,0,0,0,2,0,0,1,1,0,0,0,0,0,0,0,1,0,1,2,0,0,0,0,2,0,0,0,-1,0,0,2,0,0,-1,0,0,2,0,0.334474,0,0,-0.661443,0,0,0,0,0,0,0,0,0,1,1,1
0,1,0,0,0,1,-1,-0.538462,0,0,1,0,0,0,0,0,-0.613865,1,0,0,0,0,0,2,0,0,1,0,0,0,0,0,1.5678,6,0,0,1,0,0,1,0.189157,1,-1,-0.178603,0,1,0,0,-1,1,1,0,1,1,0,1,0,0,0,0,0,0,0,1,0,0,0,0,3,0,1,0,1,0,0,-1,1,0,0,0,0,0,0,0,0,0,0,-0.650969,0,0,-0.522876,0,0,3,0,0,0,0,0,0,0,1,1
0,0,0,0,0,0,0,-0.369568,0,0,0,0,0,0,0,2,-0.541228,0,0,0,0,0,0,0,0,-1,0,0,0,0,1,0,1.09375,2,0,0,1,0,1,0,1.800518,0,0,-0.675441,0,1,1,0,0,0,0,-1,0,-1,0,0,0,0,-1,0,0,1,0,0,2,2,2,1,2,0,-2,0,0,2,0,2,0,-2,0,0,-1,0,0,0,0,0,0,-0.4,0,0,-0.722459,0,0,0,0,0,0,0,0,0,0,1,1
0,1,-2,1,0,-1,-1,-0.617695,0,0,0,0,0,0,0,1,-0.535307,-1,0,3,0,0,0,0,0,0,0,2,0,0,0,0,1.15535,1,0,0,0,0,1,1,1.81081,0,0,-0.723965,0,0,0,0,1,0,0,0,0,2,0,0,0,0,-2,0,0,0,2,1,0,0,0,0,0,0,-1,0,0,0,2,0,1,1,0,0,-1,0,2,0,0,0,1,-0.4,0,-1,-0.635963,0,0,2,2,0,0,0,0,0,0,1,1
0,2,1,3,1,0,2,-0.50412,0,0,6,1,0,2,0,0,-0.476272,0,1,0,1,0,0,0,0,1,0,0,-1,0,0,0,1.02637,1,0,0,0,0,1,0,1.204405,0,0,-0.580137,0,0,0,0,0,0,0,0,-1,0,0,0,0,0,-1,0,0,0,1,0,1,0,0,0,0,0,1,0,0,0,0,0,0,1,0,0,0,0,0,0,0,0,0,-0.671249,0,-1,-0.228529,0,0,0,1,0,0,0,0,-1,0,1,1
0,0,0,-1,1,2,0,-0.731686,-2,1,0,0,0,0,0,2,-0.494535,0,0,0,0,0,1,0,-1,1,0,0,4,2,0,0,1.09187,14,0,0,0,1,0,0,1.959237,0,-1,-0.679783,0,2,0,0,0,0,-1,0,0,2,0,0,0,0,1,0,0,0,1,0,1,0,-4,0,2,6,0,0,0,0,2,1,0,1,1,0,0,0,0,0,0,0,0,-0.655373,0,0,-0.34019,0,0,0,0,0,0,0,0,0,0,1,1
0,0,0,0,0,0,0,-0.666667,0,1,0,-1,-1,0,0,0,-0.46822,0,0,0,2,0,0,1,0,1,0,0,4,0,0,0,1.21847,4,1,0,0,1,0,0,2.687968,0,0,2.999407,0,1,1,0,0,0,0,0,0,0,0,0,0,0,0,0,0,0,0,0,0,-3,1,2,0,0,0,0,0,0,0,0,0,0,0,0,2,0,0,0,0,9,0,-0.652564,0,0,-0.799902,0,0,0,0,0,1,0,0,1,0,1,1
0,0,0,0,0,-2,0,-0.774392,0,0,0,0,0,0,0,3,-0.210401,0,0,0,0,0,2,0,0,-1,0,-1,0,-1,1,0,0.56713,4,0,1,0,-1,0,0,0.882039,0,0,-0.647055,0,1,0,0,0,0,-1,-2,0,0,0,0,0,1,-1,1,0,0,0,0,1,0,0,0,0,0,-1,0,1,0,0,0,0,-1,1,0,0,0,0,-1,0,1,0,-0.5,0,0,-0.419984,-1,0,0,0,0,-1,0,2,0,1,0,1
-1,0,2,0,1,0,0,-0.733162,1,0,0,-1,1,0,0,0,-0.476865,0,0,-1,1,0,0,0,0,0,0,-2,3,0,0,0,1.3082,1,1,0,0,2,1,0,3.154938,0,-1,-0.054834,-1,0,0,0,0,-1,-1,0,1,1,0,0,0,0,0,0,-1,0,0,0,0,0,0,0,0,1,-1,0,0,0,-3,0,-2,0,0,0,-1,0,0,0,0,1,0,-0.485819,0,0,-0.365384,0,0,0,0,0,0,0,-1,-1,0,0,1
0,0,-3,0,1,0,0,-0.714286,0,0,0,0,-1,-1,2,-1,-0.1145,0,0,0,2,0,0,0,0,0,0,0,0,0,0,0,0.56958,2,0,0,0,0,0,0,0.884615,0,-1,-0.554274,0,0,3,0,0,0,0,0,0,0,0,0,0,0,-1,2,0,1,1,0,0,0,0,0,1,1,0,1,0,0,0,0,0,0,0,0,0,0,0,1,0,0,0,-0.5,0,1,-0.384163,1,0,1,-2,0,0,0,1,0,0,0,1
-1,0,0,0,1,1,0,-0.37426,1,0,1,1,-1,0,3,0,-0.699694,1,0,1,0,0,0,0,0,0,0,2,1,0,0,0,0.69731,12,0,0,1,0,0,0,0.458058,0,1,-0.675408,0,0,1,0,0,-1,0,-1,0,1,0,1,1,0,0,0,0,0,0,0,0,0,2,-1,0,0,0,2,0,0,0,0,1,0,0,1,0,0,0,1,0,-2,0,-0.322374,0,0,-0.735062,2,0,0,0,0,0,0,0,0,0,0,1
0,0,0,0,-1,0,0,-0.83804,0,0,1,2,0,0,1,0,-0.7,0,0,1,0,0,0,-1,0,0,0,0,-2,1,0,0,1.83021,0,0,0,1,-1,0,0,1.301911,0,0,2.784059,1,0,3,0,0,0,0,0,0,1,0,0,1,0,0,0,0,0,1,0,-1,0,0,0,1,1,1,0,6,-1,1,0,-2,0,0,-1,0,1,0,0,0,0,0,-0.538462,0,0,-0.740019,1,-1,1,4,1,0,0,1,-1,0,0,1
0,0,0,1,0,-2,0,-0.745009,0,1,1,0,0,0,0,0,-0.214617,1,0,1,0,0,0,0,0,0,-1,0,1,0,0,0,0.42689,4,0,0,0,0,0,0,1.874847,-2,0,-0.675676,-2,0,0,0,0,-2,0,0,0,-2,-1,0,0,0,1,1,1,0,0,0,0,0,0,1,0,0,1,1,0,1,-1,0,0,-1,0,0,1,1,0,2,0,0,0,0.230434,0,0,-0.679272,0,0,0,0,0,0,-2,0,1,0,0,1
0,4,0,0,0,1,0,-0.35675,0,0,0,0,0,0,0,0,-0.863096,0,0,1,3,0,1,0,0,1,0,0,2,0,0,0,1.17143,3,0,0,0,1,0,1,1.14634,0,1,-0.697964,0,0,0,0,0,0,1,0,0,2,0,1,-1,0,-1,1,0,0,-2,0,-2,2,0,-2,0,0,0,0,0,0,2,-1,0,2,1,0,0,0,0,3,0,0,0,-0.621882,0,0,-0.586207,0,0,2,1,1,1,0,2,0,4,1,1
0,0,0,0,0,0,-1,-0.755102,0,0,0,0,0,0,0,0,-0.781724,0,1,-2,0,1,0,0,0,-1,0,0,0,4,3,0,1.00206,3,0,0,0,1,0,1,1.109731,0,0,-0.853815,1,0,0,0,0,0,0,0,0,1,1,0,1,0,0,-1,0,0,2,0,1,0,0,1,2,0,0,0,1,2,0,0,0,0,1,0,0,0,0,1,0,-1,1,-0.660863,0,0,-0.588604,0,0,0,0,-1,0,0,0,0,0,1,1
0,0,-3,0,2,0,1,-0.738256,0,0,0,0,0,0,0,0,-0.755001,0,0,1,2,0,0,0,0,0,0,0,3,2,0,0,1.24508,5,0,0,0,1,0,0,0.422227,0,-1,-0.614807,0,0,0,1,0,0,0,0,0,-1,0,1,-1,0,0,-1,1,0,0,-2,0,0,0,0,0,0,0,0,0,0,0,0,0,0,0,0,0,0,0,0,0,0,0,-0.923767,0,0,-0.612347,2,0,0,0,0,1,1,1,0,0,1,1
-1,0,0,0,0,0,1,-0.480939,1,0,0,0,0,0,0,0,-0.431599,0,0,0,1,0,3,0,0,0,0,-1,0,-3,-2,0,0.87622,0,-1,1,2,1,0,0,0.194959,-1,0,-0.571429,1,-1,0,0,0,0,0,0,0,0,0,0,2,0,0,-2,0,0,0,0,0,0,2,0,-1,0,1,0,0,-2,2,0,0,3,-1,0,0,0,0,2,0,-1,-2,-0.698414,0,0,-0.727755,2,0,2,0,0,-3,0,0,1,0,0,1
0,0,0,0,0,1,3,-0.591109,0,0,0,0,0,0,0,0,-0.733477,0,0,0,2,1,0,0,0,0,-1,0,0,1,-1,0,0.81351,2,0,0,0,1,0,0,1.877447,0,0,-0.535188,0,0,0,0,0,-1,0,0,0,0,0,2,0,-1,1,0,0,0,0,1,1,-1,3,0,0,0,0,0,-1,0,1,0,-1,-1,0,1,0,1,0,3,0,0,0,-0.642723,0,0,-0.627866,1,0,0,0,0,0,1,0,1,0,0,1
0,0,0,1,0,-1,0,-0.7,0,0,-1,0,1,0,1,0,-0.650043,0,0,0,0,1,0,0,0,-5,0,-1,3,0,-1,1,0.75048,1,0,1,0,1,0,0,0.25,0,0,-0.549641,0,0,0,-1,0,0,-1,0,-1,0,0,0,0,0,-2,0,0,0,0,1,1,-1,1,0,0,1,0,1,1,1,0,0,0,-1,0,0,1,1,0,0,0,0,0,-0.671682,1,0,-0.541586,0,0,1,0,0,0,2,0,0,3,0,1
0,0,3,0,0,0,0,-0.474031,0,0,0,0,0,0,-1,0,-0.744681,0,0,0,0,1,0,0,-1,0,0,0,0,0,0,1,0.8,1,0,0,0,0,0,0,0.206869,-1,0,-0.546892,-2,1,0,-1,-1,0,0,0,0,0,0,0,0,-1,0,0,0,0,0,2,1,0,1,0,-1,0,0,0,0,0,0,0,0,0,0,0,0,1,0,1,0,0,0,-0.728762,0,0,-0.428571,0,1,0,0,0,0,0,1,-1,0,0,1
0,0,1,0,0,0,0,-0.642017,0,0,0,1,-3,1,0,2,-0.744681,0,0,0,0,1,0,0,0,0,0,0,-1,0,0,0,0.79196,8,0,0,1,0,0,0,0.340718,0,0,-0.558146,0,0,0,0,2,0,1,0,0,0,0,0,-4,1,2,0,0,1,1,0,0,0,1,0,0,0,-3,0,0,-3,0,0,0,0,0,0,0,0,0,1,0,0,-2,-0.69545,0,0,-0.385998,0,-2,0,0,0,0,0,1,0,1,0,1
0,0,0,0,0,0,0,-0.557386,0,0,0,0,1,0,1,-1,-0.744681,0,0,0,0,1,1,0,0,0,1,-2,-1,-2,0,0,0.61168,13,0,0,0,0,-1,0,0.251591,0,0,-0.411975,0,1,0,0,0,0,0,0,-1,0,-4,0,0,0,1,0,0,0,0,0,-3,0,0,0,0,0,-1,1,0,0,0,0,0,2,0,0,0,0,0,0,0,0,0,-0.734014,0,0,0.912641,0,0,2,-2,0,0,0,1,-1,0,0,1
0,0,-2,1,0,2,0,-0.392107,0,1,0,0,0,-1,0,0,0.983091,0,0,3,0,0,1,0,0,0,0,-1,0,1,1,0,1.2527,6,0,0,0,1,0,0,1.236573,0,1,-0.720819,0,0,0,0,0,0,2,0,0,0,0,0,2,0,0,0,1,0,0,0,0,1,0,0,0,0,0,0,0,0,0,2,0,-2,0,0,0,0,0,0,0,1,1,-0.592934,0,0,0.942188,0,0,0,2,0,-1,0,0,0,0,1,1
0,-1,0,0,0,0,0,-0.724313,0,0,0,0,0,0,0,-1,-0.759705,0,0,0,0,-1,0,0,0,0,0,0,0,0,1,-1,1.11858,-21,0,0,1,1,-2,-1,1.253684,0,2,-0.829864,0,0,0,0,0,0,0,0,0,0,1,0,1,1,0,0,1,0,0,0,0,0,1,0,0,1,0,0,0,0,0,0,0,0,0,0,0,-1,0,0,0,1,1,-0.624417,0,0,-0.555814,2,0,0,0,0,0,0,0,1,0,1,1
0,0,0,1,0,-1,0,0.177195,0,0,0,0,-1,0,0,0,-0.773585,0,0,1,-3,1,0,0,0,-1,0,1,-1,0,1,0,0.70653,6,-1,2,0,0,0,-3,1.043611,0,0,-0.769697,0,1,0,0,0,0,-1,-1,0,0,0,0,1,0,0,-2,0,0,0,1,0,0,1,0,0,1,-2,0,1,0,2,0,-3,0,0,0,0,0,-2,0,0,1,0,-0.662063,0,0,-0.48915,0,-1,0,0,0,-2,0,1,0,0,1,1
0,0,0,-1,0,4,0,-0.62319,-1,0,-1,0,0,0,0,1,-0.520344,0,1,-3,1,0,0,0,0,0,0,0,0,2,1,0,1.3829,4,0,0,0,1,0,0,1.561307,0,0,-0.762453,0,0,0,0,0,1,-1,0,0,-1,0,0,0,0,2,0,1,0,1,0,0,1,0,-1,0,-1,2,0,0,0,0,0,1,0,0,-3,0,0,0,0,-1,0,0,-0.666667,0,0,-0.523021,5,0,0,0,0,0,2,0,1,2,1,1
1,0,1,0,0,-3,1,-0.411533,0,0,1,0,1,0,0,0,-0.541025,0,2,0,2,1,0,0,0,1,0,0,0,0,0,0,3.16238,10,0,0,3,0,0,0,1.190525,2,0,1.255496,1,0,-1,0,0,0,-1,0,1,1,0,0,4,0,1,0,0,0,0,0,0,0,0,0,0,0,1,0,0,0,3,0,0,0,0,0,0,0,0,1,1,0,0,-0.670274,0,0,-0.755102,0,0,0,-1,0,0,-1,0,0,1,1,1
-1,-1,1,0,0,0,1,-0.807466,0,0,0,0,1,0,2,0,-0.055466,0,1,0,0,0,0,2,0,0,0,3,0,0,0,0,1.36938,8,0,0,0,0,0,0,0.779253,0,0,-0.750901,2,0,-1,0,0,0,0,0,0,0,0,-2,2,0,1,0,0,0,0,0,-1,1,1,0,0,0,1,0,0,-1,0,0,0,0,0,0,0,-1,0,3,0,0,0,-0.634694,0,1,-0.755102,0,0,4,2,0,0,0,0,0,1,1,1
0,0,0,-2,0,-2,-1,-0.821645,0,1,0,0,0,0,3,4,-0.294118,0,0,0,0,0,0,0,0,0,0,-1,0,1,0,0,1.14689,4,0,0,1,-2,1,0,0.781577,1,1,-0.694739,0,0,0,0,0,0,0,0,0,0,0,0,1,0,0,-1,0,1,0,0,1,0,0,0,0,1,0,0,0,0,0,0,0,0,0,0,0,0,0,0,0,0,0,-0.846999,0,0,1.681093,0,0,0,-1,2,0,0,1,0,0,0,1
0,3,0,0,0,0,0,-0.55718,0,0,0,0,1,1,0,0,-0.294118,0,1,0,1,0,3,0,0,0,0,0,1,0,0,-1,0.54475,1,0,0,0,-1,1,0,0.232329,0,0,-0.72496,0,0,1,0,0,1,0,1,-1,0,0,0,0,0,0,3,0,1,0,1,1,0,1,0,0,0,0,0,0,-1,-1,0,0,0,0,0,0,0,0,0,-1,1,0,-0.536073,0,0,-0.842042,0,0,-2,0,0,1,0,0,0,1,0,1
0,0,0,0,0,4,0,-0.741081,-2,0,0,0,1,0,0,0,1.259119,-1,1,0,2,0,-1,-1,1,0,0,1,0,1,0,0,0.98519,5,0,-1,1,0,0,0,0.303044,0,0,-0.659331,0,-5,0,0,0,0,0,1,0,0,0,0,-1,0,2,0,0,0,1,1,0,-1,0,0,0,0,1,0,1,0,0,0,1,-1,0,0,0,-1,0,0,-1,-1,0,-0.478991,0,0,-0.716061,1,-1,-1,0,0,1,0,2,0,0,0,1
0,-1,0,0,-3,0,0,-0.10144,1,1,0,-1,0,2,0,0,-0.724925,0,-2,0,0,1,0,-3,0,0,0,0,0,0,0,1,0.97143,5,0,0,1,0,0,0,0.8863,0,0,-0.647059,0,0,0,0,1,-2,0,0,1,0,2,1,0,1,0,0,0,0,0,0,0,1,0,0,0,1,2,0,1,0,0,0,0,0,-2,0,0,0,0,0,0,1,0,-0.678387,0,1,0.535694,0,0,0,0,0,0,0,1,0,0,1,1
0,1,0,0,0,0,0,-0.534243,1,0,0,0,1,1,0,0,-0.500563,0,0,-1,1,0,0,0,0,0,-1,0,0,0,0,0,0.94327,4,0,1,0,0,0,0,1.110313,0,1,-0.728267,-1,0,0,-1,0,2,0,0,1,0,2,0,0,1,1,1,0,0,0,0,1,-1,0,0,-1,1,0,0,3,2,0,1,0,0,0,1,1,0,0,0,0,1,0,-0.747717,0,0,-0.627559,5,0,0,1,0,0,-2,0,0,1,1,1
0,0,0,0,0,0,1,-0.547531,1,1,0,0,0,0,0,0,-0.770713,0,-1,-4,1,1,0,0,1,-2,0,2,0,0,0,0,0.97143,0,1,1,0,0,0,0,1.531035,0,0,-0.703635,-3,1,0,0,0,0,0,0,1,-1,0,1,0,1,0,-1,0,1,0,0,1,0,0,-1,0,1,1,-1,1,0,0,0,1,-1,0,-1,0,0,0,-2,0,1,1,-0.614573,0,0,-0.367655,0,0,0,0,1,0,0,0,2,0,1,1
0,0,1,0,0,-1,0,-0.368421,-1,0,0,-1,0,0,-1,-1,-0.577912,0,0,0,0,0,0,1,0,0,0,4,2,-1,1,0,1.36638,5,1,0,-1,1,0,0,1.18367,1,-1,1.20408,1,-1,0,0,0,0,1,0,0,0,0,1,0,0,0,0,3,0,0,0,0,0,0,0,0,1,1,0,0,1,0,0,0,2,0,0,0,1,0,0,0,1,0,-0.683384,0,1,-0.538462,0,0,0,0,0,0,-1,-2,2,1,1,1
0,0,4,1,1,0,0,-0.368421,0,1,0,0,0,0,0,0,-0.39293,-1,0,2,-2,0,-3,0,0,1,-1,0,0,4,1,0,0.89623,5,2,1,0,0,0,0,1.719053,0,2,1.20408,0,0,0,0,0,0,0,2,0,0,0,0,0,0,0,1,0,0,0,0,0,0,0,0,0,0,1,0,0,-1,0,0,0,0,0,0,0,0,0,-1,0,-1,0,0.077866,1,1,-0.491657,2,1,0,0,0,0,1,0,0,1,1,1
0,0,0,-1,1,0,0,1.160408,1,0,-1,-1,0,2,2,0,-0.099842,0,0,2,-2,0,0,0,0,0,0,2,-2,0,0,-1,2.10759,1,0,0,0,-1,0,0,1.341411,0,-1,1.20408,-1,0,0,0,0,0,0,0,0,0,0,-2,2,1,0,0,0,0,0,1,0,1,0,1,2,0,0,0,0,0,0,0,0,0,0,0,0,-1,0,-1,-1,0,0,-0.649402,0,1,-0.538462,0,0,-1,0,0,0,0,-1,0,1,1,1
0,0,-3,3,0,-1,3,-0.782326,0,1,0,0,0,0,0,1,-0.777778,0,1,-1,0,-1,0,0,1,0,0,0,0,-1,1,-1,1.45012,1,0,2,0,0,-1,0,0.973684,0,0,-0.844739,0,-1,0,-1,0,1,0,0,0,3,0,0,0,0,0,1,0,0,0,0,0,0,0,0,2,0,1,0,0,0,0,0,0,-1,0,0,0,0,0,1,0,0,0,-0.085122,0,-1,-0.570548,0,0,2,0,0,1,0,-1,0,0,0,1
0,1,0,0,0,0,0,-0.591512,0,1,0,1,0,0,0,1,-0.557542,0,1,0,2,0,0,0,1,-1,0,0,2,0,0,0,1.18157,0,-1,0,0,1,0,0,0.973684,1,-1,-0.691694,0,0,-1,0,0,1,0,0,1,0,0,1,-1,0,0,0,0,-1,0,0,-5,0,1,0,0,0,0,0,-1,0,0,0,0,3,0,0,0,0,0,0,0,0,0,-0.721662,0,0,-0.137851,0,1,3,0,0,0,0,0,2,2,0,1
0,0,0,0,0,-1,0,-0.680717,0,0,0,0,0,0,0,1,-0.777778,0,1,-1,1,0,0,0,1,2,0,0,0,0,0,0,1.08571,0,0,0,0,0,0,0,1.4844,0,-1,-0.419088,0,0,1,0,0,0,0,0,0,0,0,0,0,1,0,0,0,0,0,0,1,0,0,0,4,0,0,0,0,1,0,0,0,0,0,0,2,0,0,1,0,0,0,-0.715104,0,-1,-0.8,0,0,0,0,0,1,0,-1,0,0,0,1
0,3,0,1,0,0,-1,-0.684211,0,-1,0,0,0,0,1,1,-0.870705,0,0,0,0,0,0,-1,0,0,0,0,0,0,-3,0,3.32867,4,0,-2,1,1,0,0,1.759327,0,0,-0.503159,1,0,0,0,0,0,0,0,0,-1,0,0,0,0,0,-1,0,0,0,1,0,0,0,4,1,0,0,0,0,-1,-2,0,-1,0,0,0,0,-1,1,0,0,0,0,-0.525813,0,0,-0.438277,0,0,-2,0,0,1,0,0,0,0,0,1
0,0,1,0,0,0,0,-0.644063,-2,0,0,0,0,0,0,0,-0.732206,0,1,0,0,0,0,-1,0,0,0,0,0,5,1,0,0.88913,0,0,0,0,0,0,0,2.03109,1,-1,-0.606336,2,0,0,0,0,0,0,0,1,1,0,0,0,2,0,0,0,0,0,0,0,-1,0,0,-3,0,1,0,0,1,0,0,0,0,0,0,0,-1,1,0,0,0,1,-0.593419,1,0,-0.896137,0,0,1,1,0,0,0,0,1,0,0,1
0,0,-2,0,0,0,0,-0.699555,0,0,0,0,0,0,0,0,-0.790527,0,0,1,2,0,0,1,0,0,0,-1,-2,0,0,0,0.66646,2,2,0,-1,0,0,0,1.545606,0,0,-0.578263,0,-1,0,0,0,-1,0,0,0,0,2,-6,1,0,0,0,0,0,0,0,0,0,0,0,0,0,0,0,0,0,-4,0,0,-1,0,1,0,0,0,0,0,0,1,-0.522678,0,-1,-0.047743,0,1,0,0,0,1,0,0,1,0,0,1
0,0,0,-2,0,3,-2,-0.850185,2,0,0,0,4,0,0,0,-0.750736,0,0,0,1,0,0,-3,0,0,0,0,0,3,0,0,1.98563,5,0,0,0,-1,1,0,0.730691,0,0,-0.824056,2,1,0,0,0,-1,0,0,0,1,1,0,1,0,0,0,0,-1,0,1,1,0,0,0,0,-1,-2,0,0,2,0,0,1,2,0,0,-1,0,0,0,0,2,1,-0.390386,0,0,-0.541024,0,0,0,0,0,-3,-1,0,0,0,0,1
0,0,0,0,0,0,1,-0.664177,0,0,1,0,0,0,7,0,-0.84874,1,0,1,0,0,-3,0,0,0,0,0,0,0,0,0,1.21576,2,0,1,0,1,2,0,0.672292,1,0,-0.6871,0,1,1,0,0,1,-2,0,1,0,0,0,0,-3,1,0,0,0,-1,0,3,4,0,0,1,0,0,0,0,0,0,1,0,0,0,-1,0,0,0,0,0,0,0,-0.532447,0,1,-0.808115,0,0,0,-1,0,0,0,0,-1,0,0,1
0,-1,0,0,0,0,0,-0.478261,0,1,0,0,0,0,0,1,-0.864137,0,0,0,1,1,0,-1,0,0,0,0,0,0,0,0,1.42712,7,0,2,0,0,1,0,0.993032,0,0,-0.76095,0,1,0,0,1,0,0,0,1,0,0,0,0,0,2,0,0,0,0,-1,0,1,2,0,0,0,-1,0,1,0,0,0,0,0,0,0,0,0,0,0,0,1,2,-0.648091,0,0,-0.662082,0,0,0,0,-1,0,1,0,0,0,0,1
0,0,0,0,0,0,0,-0.333599,1,0,0,0,0,2,0,0,-0.77366,0,0,0,0,0,1,1,0,0,0,3,0,0,0,0,1.23772,4,0,0,0,-1,0,0,3.200124,0,0,-0.448929,0,-1,0,-1,0,0,1,0,0,-1,0,-2,0,0,0,0,-1,1,0,0,-3,-1,1,0,0,0,0,0,0,2,0,0,0,0,0,0,0,1,0,0,0,1,0,-0.60587,0,0,-0.636963,0,0,0,1,0,-2,0,0,0,3,0,1
0,0,1,0,0,0,0,-0.470558,0,0,0,-1,0,0,0,-2,-0.785714,0,0,1,0,-1,0,1,0,1,0,0,-1,0,0,0,0.76681,3,0,0,0,1,1,0,0.192756,2,0,-0.657143,0,-1,0,1,0,-1,-1,0,-1,0,0,0,0,1,2,-1,0,0,0,1,0,0,-1,0,0,1,0,0,1,0,0,0,0,1,0,1,0,0,-1,3,0,-1,1,-0.773693,-1,0,-0.636823,-1,1,0,0,0,1,0,0,0,0,0,1
0,2,0,-2,0,0,0,-0.615402,1,-1,0,0,0,0,0,0,-0.544735,0,0,1,0,0,0,0,0,-1,-1,0,0,2,1,0,1.0,0,0,0,0,0,2,-1,0.183806,0,0,-0.529755,0,0,0,0,0,0,0,0,0,0,3,0,0,0,0,0,0,0,1,1,0,-1,0,0,0,1,0,2,1,0,0,0,0,0,0,0,-1,0,-1,0,0,0,1,-0.666667,0,0,-0.694157,0,-1,0,-1,0,-2,0,-1,0,0,0,1
0,0,0,-1,0,0,0,-0.50552,1,0,0,0,2,0,1,1,-0.74818,0,-1,0,0,0,0,-1,0,0,0,0,3,1,1,0,1.08571,1,1,0,0,1,0,0,1.050296,0,0,-0.684211,0,-1,0,1,0,0,0,-1,0,-3,0,0,0,0,0,0,2,0,0,0,-1,0,1,0,0,0,0,0,1,0,0,0,0,0,0,-1,0,0,0,-2,0,0,0,-0.574555,0,0,-0.772047,0,0,5,3,0,1,1,0,0,0,0,1
0,-7,2,0,0,0,0,-0.52835,0,0,-1,-1,0,0,0,1,-0.738388,1,0,1,0,0,0,0,0,0,0,0,0,0,1,0,1.65964,3,0,0,0,0,0,0,2.383565,0,0,-0.675105,-1,0,0,0,0,0,-1,0,0,0,0,0,2,0,-2,0,0,0,0,0,-1,0,1,0,3,0,0,0,0,0,3,0,0,1,0,0,-1,0,0,1,0,1,-1,-0.852644,1,0,-0.70558,0,1,4,0,0,1,0,-1,0,0,0,1
0,0,0,0,0,2,4,-0.704571,0,-1,0,0,2,0,2,0,-0.564346,1,0,1,1,0,-2,0,1,0,0,0,-1,0,1,0,1.50235,0,0,0,-1,0,0,1,2.553739,0,0,-0.526154,-1,0,0,0,0,0,0,0,0,0,1,0,0,0,0,0,0,0,0,0,0,0,0,2,0,0,1,0,0,3,0,0,0,1,0,0,0,-2,0,0,0,0,0,-0.370699,0,0,-0.692308,0,0,0,0,0,0,1,0,0,0,0,1
0,0,-1,0,0,0,-1,-0.835353,0,0,1,0,0,-2,-1,1,-0.625,1,0,1,-1,0,-1,0,0,0,0,0,0,0,0,-1,2.44622,6,0,0,0,1,0,-1,1.166127,-1,0,-0.806321,-3,1,1,0,0,0,0,0,0,0,0,0,0,-1,-1,0,0,0,0,-3,1,2,1,-1,0,-1,1,0,0,0,0,0,0,0,0,1,0,0,0,0,0,0,1,-0.562153,0,0,-0.636364,0,0,2,0,0,0,2,0,-1,0,1,1
0,-1,1,0,0,0,0,-0.815385,0,1,2,0,0,0,0,1,-0.529935,0,0,0,0,0,0,0,1,0,-1,1,0,0,0,0,1.63426,13,0,0,0,0,0,0,0.802941,0,0,-0.834515,0,0,0,0,0,0,0,0,0,1,0,-1,1,1,0,0,0,1,0,-3,0,1,1,0,-2,1,1,0,1,0,0,0,0,2,0,0,0,0,-1,1,0,-3,0,-0.75745,1,0,-0.340539,0,0,0,0,0,0,0,0,3,0,1,1
1,0,0,0,0,0,0,-0.83916,0,0,1,0,1,-3,5,1,-0.625,0,0,1,-1,0,0,0,0,0,1,0,0,0,0,0,1.80528,3,0,0,0,1,0,-1,1.323766,2,0,-0.819084,0,0,0,-1,0,-1,0,0,0,0,0,0,0,-1,0,0,0,0,2,-1,1,2,1,0,0,0,1,0,0,0,3,0,0,0,0,0,0,0,0,0,0,0,-2,-0.547482,0,0,-0.855619,0,0,0,0,0,0,3,0,0,0,1,1
0,-1,0,0,0,0,0,-0.835606,0,0,0,0,-1,0,0,0,-0.564163,0,0,0,0,0,-1,0,0,3,0,0,2,-1,0,-1,1.94488,1,0,-2,1,0,0,0,0.934545,0,0,8.791336,0,1,0,0,0,0,0,0,0,1,0,1,0,0,0,0,0,0,0,0,2,1,0,0,1,0,1,0,1,0,0,0,2,0,0,0,0,0,0,0,0,0,0,-0.60229,0,0,-0.486059,0,-1,0,0,0,0,0,1,0,0,0,1
0,0,0,-1,0,0,0,-0.692308,2,0,-1,0,0,0,0,0,-0.311192,0,0,1,0,0,0,0,-1,0,0,0,0,-2,0,0,0.82857,4,0,0,1,1,-2,0,1.892804,0,0,7.27586,1,0,0,0,2,0,0,0,0,0,0,1,4,0,0,0,0,3,1,0,0,0,-3,-2,0,0,0,0,0,0,2,0,1,0,0,0,2,0,0,0,0,0,-1,-0.629119,0,0,-0.439173,0,0,0,0,0,1,0,1,0,0,0,1
0,0,0,1,0,0,2,-0.491594,0,0,0,0,0,-1,0,-2,-0.76,1,0,1,0,0,0,1,0,0,0,0,0,0,0,0,2.50698,5,1,0,1,0,0,0,1.520086,3,2,6.195094,0,1,0,1,1,0,0,0,0,0,0,0,1,0,0,0,0,0,0,1,0,2,0,0,0,1,0,0,0,1,0,0,0,-1,-1,0,0,0,0,0,0,0,0,-0.484084,0,0,-0.607123,3,0,0,0,0,0,0,1,-1,0,0,1
0,1,0,0,0,0,0,-0.366226,0,0,0,0,0,-1,1,6,-0.478261,0,0,0,1,0,0,0,0,0,1,0,1,0,0,0,1.05714,12,0,0,0,0,0,0,1.01015,0,0,-0.514761,0,-1,0,0,1,0,0,0,0,0,0,0,0,1,0,-1,0,0,0,1,0,0,1,0,0,0,0,-1,1,-3,0,0,0,0,0,0,0,0,1,0,0,0,-2,-0.312861,0,1,-0.658908,-1,0,-1,0,0,1,0,0,0,-1,0,1
0,0,0,-1,0,0,0,-0.586207,0,0,0,0,0,0,1,-1,-0.607177,0,0,0,0,-1,0,0,0,-1,0,2,0,0,-3,0,1.95572,11,0,0,0,0,-1,0,2.913192,1,0,-0.675676,1,0,0,0,0,0,0,0,0,-2,0,0,-1,-1,0,1,0,0,2,1,0,0,0,0,4,0,0,0,0,0,0,0,0,0,0,0,0,0,0,0,0,-1,-2,-0.543352,0,0,-0.885042,2,0,0,0,2,0,0,0,0,0,0,1
0,-1,0,0,0,0,0,-0.052994,1,0,1,0,3,0,0,1,-0.55302,0,0,0,0,0,0,1,0,0,0,0,0,0,0,0,1.05714,9,0,0,-1,1,0,0,1.244535,0,0,-0.46448,0,0,0,0,0,0,0,0,0,0,0,0,1,1,-3,1,0,0,1,1,0,0,0,0,0,0,1,0,2,-1,0,0,1,0,0,0,0,0,0,0,0,0,0,-0.445169,0,1,-0.65736,0,0,0,0,0,1,0,0,0,0,0,1
0,0,2,0,-1,0,0,-0.614603,0,0,0,0,2,1,0,1,0.425644,0,0,0,0,0,0,0,0,0,0,0,4,0,0,0,0.49614,6,0,0,0,2,0,0,2.422574,0,1,-0.714286,2,0,0,0,0,0,0,0,0,1,0,0,0,0,0,-2,0,0,0,0,1,0,0,0,0,1,-1,1,-1,0,0,0,0,0,1,2,0,0,0,1,0,1,0,-0.532156,0,0,-0.798811,0,0,0,0,0,0,0,0,0,0,0,1
0,-1,0,0,0,0,-1,-0.734629,0,0,0,0,1,0,0,0,-0.603527,0,-1,0,2,1,0,0,0,1,0,0,-1,0,1,0,1.19592,2,0,0,1,3,0,0,1.07143,2,0,-0.724114,0,0,0,0,0,0,0,0,0,1,-1,0,0,1,2,0,0,0,0,0,1,0,0,0,-1,0,0,0,-2,0,0,0,0,-1,1,0,0,0,1,0,0,1,0,-0.509894,0,0,-0.707507,2,0,0,0,0,0,1,0,0,1,0,1
0,0,0,-1,2,1,0,-0.561132,0,0,1,0,5,0,0,0,-0.676572,1,0,0,0,-1,1,0,0,0,0,0,0,0,0,0,1.02425,7,0,0,0,0,1,0,0.588939,0,0,-0.709734,1,1,1,-1,-1,0,0,0,0,0,0,0,0,0,0,-1,0,0,0,-1,0,0,0,-1,0,1,1,0,0,0,2,0,0,0,0,0,0,0,0,0,0,3,0,-0.54623,-1,0,-0.733333,2,0,0,-3,0,1,0,1,0,1,0,1
0,0,0,1,0,0,0,0.202081,0,-1,0,0,0,0,0,0,-0.332004,-1,0,1,0,0,1,0,2,0,-2,2,0,0,0,0,2.10988,0,0,0,0,0,0,0,1.42424,3,0,-0.855577,-1,-1,0,0,0,0,0,-1,0,0,2,0,1,0,-1,-1,1,0,0,0,2,1,0,0,1,0,1,0,0,0,0,0,0,0,0,0,0,0,0,0,0,0,0,2.375,0,0,-0.623063,0,0,-1,0,0,-1,0,0,1,0,0,1
0,0,0,1,0,-1,0,1.090668,1,0,0,0,0,0,0,0,-0.159911,0,1,1,0,0,0,0,0,0,0,0,0,0,0,0,2.42216,0,0,0,0,0,0,-1,1.42424,1,0,-0.668484,0,0,-1,0,0,0,0,0,0,0,0,0,2,1,0,0,-1,0,-1,2,0,1,-1,1,0,1,1,0,0,0,3,0,0,2,-1,0,0,0,0,2,0,0,0,2.375,0,0,-0.590428,0,0,0,0,0,0,0,0,1,0,0,1
0,2,0,0,0,0,0,7.041815,0,0,0,1,1,0,0,0,-0.636364,0,1,0,1,0,0,0,-1,0,0,0,-2,0,1,0,0.89009,0,0,0,0,1,0,0,1.479876,0,1,-0.634658,1,-1,0,0,0,0,0,0,0,0,2,0,-1,0,0,0,0,0,0,0,-1,1,0,4,3,1,0,0,0,0,-1,0,0,-2,0,0,-1,0,0,1,0,0,0,2.597324,0,0,-0.428632,0,0,-1,1,0,0,0,0,1,0,0,1
0,0,0,0,1,0,0,-0.543159,0,0,0,-1,0,0,0,0,-0.508411,0,0,0,-1,0,0,1,0,0,0,0,-3,0,0,0,1.65025,4,0,-2,1,0,-1,0,0.986664,0,0,-0.816566,0,1,-2,0,-1,0,0,0,0,1,0,1,0,0,0,0,0,0,0,3,-1,0,1,0,0,0,1,0,0,0,2,1,0,0,1,1,1,1,0,0,0,1,0,-0.58903,0,0,8.457591,0,0,0,0,1,0,1,1,0,1,1,1
0,0,1,1,0,0,-1,-0.597314,0,0,1,-1,0,0,0,0,-0.529166,0,0,0,1,0,0,0,0,0,0,0,0,0,0,0,1.54172,2,0,-2,1,0,-1,0,0.460677,0,-1,-0.261686,1,0,0,0,0,0,0,0,0,1,0,0,0,0,0,0,0,0,0,1,2,0,1,0,0,0,1,0,2,2,0,0,0,1,0,0,0,0,0,0,0,0,0,-0.903852,0,0,8.531943,2,0,0,1,0,1,0,1,0,0,1,1
0,0,0,0,1,-1,0,-0.551995,0,0,0,-1,0,1,3,0,-0.598651,0,0,0,0,0,0,1,0,0,0,2,0,0,0,0,1.18132,2,0,0,1,0,0,0,3.271565,0,0,-0.669988,0,0,0,0,0,1,-1,0,0,0,0,1,0,0,0,0,1,1,0,-1,0,1,1,0,0,0,0,0,0,0,0,1,0,1,0,0,0,1,0,1,0,0,0,-0.765676,0,0,8.311837,-1,0,0,0,1,1,1,1,0,1,1,1
-1,0,-1,1,0,1,0,-0.675521,0,0,-1,0,0,1,0,0,-0.675676,0,0,0,0,0,1,0,1,-1,-1,0,0,0,0,1,0.45517,4,0,0,1,1,0,0,0.380965,0,-2,-0.744681,0,0,-1,0,-5,0,0,0,1,0,0,1,0,1,1,0,-1,0,-3,-1,0,0,1,2,3,0,-1,0,0,0,0,0,0,-3,0,0,0,0,0,0,0,0,-2,-0.755301,0,0,-0.236094,0,0,0,0,1,1,0,0,0,0,0,1
0,0,0,1,0,0,0,-0.580322,0,0,0,1,0,0,-1,1,-0.807077,1,0,0,0,0,0,0,0,-2,0,0,0,1,0,0,1.31921,0,-1,0,1,1,1,0,0.842138,0,-1,-0.729384,0,3,0,1,2,0,0,0,0,1,1,1,0,1,-1,0,0,0,2,0,0,-1,0,0,0,0,0,0,2,0,0,1,0,0,-2,0,1,0,0,0,0,0,0,-0.160573,0,0,-0.372038,0,-1,0,0,0,1,0,0,-3,0,0,1
0,0,0,1,0,0,0,-0.740119,0,-1,0,0,0,0,0,1,-0.524378,0,-1,0,5,0,0,0,1,0,-1,0,2,0,1,0,1.47549,2,0,0,0,0,0,0,0.911025,0,0,-0.752636,0,0,1,0,-1,0,0,0,0,0,1,1,0,1,0,0,0,0,0,0,1,0,0,0,0,0,0,0,0,2,0,0,0,0,0,0,0,0,0,0,0,0,0,0.310063,0,-3,-0.750788,0,-1,3,0,-1,1,0,0,0,0,0,1
0,1,1,0,0,0,1,-0.610735,0,0,-1,0,1,1,-1,-4,-0.803279,0,-1,1,0,0,1,0,1,0,0,0,1,-2,-2,0,0.98342,0,0,0,-3,0,0,0,1.023971,0,0,-0.614203,0,0,0,0,5,0,1,0,0,0,0,0,0,1,1,0,0,0,0,1,0,0,1,0,0,0,1,0,0,0,3,0,-1,-1,0,0,2,0,1,1,0,1,0,-0.764424,0,0,-0.602865,0,0,-1,0,0,0,0,1,0,1,0,1
0,0,0,0,0,0,0,0.493997,0,0,-1,1,0,3,0,1,-0.394718,0,0,0,0,0,0,3,0,0,0,0,0,0,-1,-1,1.30597,4,0,1,0,1,0,0,3.076894,-2,0,-0.783184,0,0,0,0,0,0,1,0,0,-1,0,0,-2,1,0,3,0,-1,0,0,0,1,1,0,0,0,0,0,0,-1,0,0,-1,1,0,0,0,0,1,1,0,0,0,-0.677482,0,0,-0.617005,0,1,-1,0,0,0,-1,1,1,0,0,1
0,-1,0,1,0,-3,0,-0.354896,0,0,0,0,0,0,0,-2,-0.642367,0,0,0,0,0,0,0,0,0,0,2,1,0,-1,0,1.08571,0,0,0,0,1,0,0,0.794059,0,0,-0.584583,1,0,0,0,-1,0,0,0,0,-1,0,1,0,0,0,0,0,0,0,0,0,0,1,2,-2,0,0,0,-1,0,0,0,0,-1,0,0,0,0,0,1,0,1,0,-0.644055,0,0,-0.633748,0,1,0,0,0,0,-1,0,0,0,0,1
0,-1,0,0,0,0,-1,-0.850417,0,0,0,0,0,0,0,0,-0.649928,0,1,0,0,0,0,0,0,0,0,0,0,0,1,0,2.15867,9,0,0,1,1,-1,0,1.286824,0,0,-0.765124,0,0,0,0,0,1,2,0,0,0,-2,2,0,0,2,0,0,0,0,0,0,0,0,1,-1,2,0,0,-1,0,0,0,-1,0,0,0,0,1,0,1,0,0,-2,-0.682716,1,0,-0.675726,0,0,0,-1,0,0,0,1,0,1,1,1
0,-1,0,-1,1,0,1,-0.697132,0,0,0,-1,-1,0,-5,0,-0.764318,0,0,0,0,0,0,0,-1,0,1,0,2,0,1,0,1.43088,10,0,0,0,0,0,0,1.15566,0,0,-0.756741,0,0,0,0,0,0,0,-1,0,0,-1,0,0,0,0,0,0,0,0,0,1,2,0,0,-2,0,0,-1,0,0,2,0,0,0,0,0,-1,0,0,0,0,1,1,-0.564288,0,0,-0.605922,0,0,0,0,1,0,0,1,0,1,1,1
0,1,0,1,1,1,0,-0.678192,1,0,0,0,0,0,0,1,-0.695225,0,0,0,0,0,2,0,0,0,1,-2,0,0,3,0,1.92707,12,0,-1,0,0,0,0,2.08284,0,0,-0.158652,0,0,1,2,0,0,0,0,0,0,0,1,0,0,0,-1,0,1,0,0,2,1,0,0,0,0,0,0,0,0,2,0,0,0,0,0,0,1,0,0,0,6,1,-0.423995,0,0,-0.88737,0,0,2,0,0,0,0,0,2,1,1,1
0,-1,0,0,0,2,1,-0.534896,0,1,0,1,2,0,0,2,8.55932,0,0,1,0,0,0,0,1,0,0,0,2,0,0,0,2.54093,2,0,0,1,0,-1,0,2.05882,1,0,-0.839089,0,0,-1,0,0,1,0,0,0,0,1,-1,1,0,0,5,0,0,0,1,0,0,0,0,4,0,0,1,0,0,-1,0,1,3,0,0,0,0,0,0,0,0,0,-0.586207,-1,0,-0.678706,0,0,0,0,0,1,0,-2,0,0,1,1
0,0,0,0,0,0,1,-0.519541,-2,0,0,1,0,0,2,-1,7.64815,0,0,1,0,0,0,0,0,-1,1,0,2,0,0,0,1.01392,1,0,1,0,1,0,-1,1.764203,0,0,-0.735216,2,-2,0,1,-1,0,0,0,0,4,0,1,0,0,0,3,0,0,0,0,0,0,0,0,0,0,0,0,6,0,2,1,0,0,0,0,1,0,0,1,0,0,0,-0.281219,0,0,0.416658,0,0,0,0,0,0,0,1,0,0,1,1
0,0,2,0,0,3,1,-0.694438,0,1,0,1,2,0,4,1,8.654367,0,0,0,1,0,0,0,0,0,1,0,0,0,-1,0,0.83947,2,0,0,0,1,0,0,2.022996,1,-1,-0.882181,0,0,0,0,1,0,1,0,-1,-1,0,1,0,1,0,-1,0,0,0,1,0,0,0,0,3,0,0,1,1,0,2,1,1,0,0,1,0,0,0,0,0,1,0,-0.548365,0,0,-0.692308,2,0,0,0,0,1,0,0,0,1,1,1
0,0,0,1,0,0,0,-0.699142,0,0,0,0,0,0,0,0,-0.827201,0,0,0,0,0,1,0,0,0,0,2,1,0,0,-1,1.65422,6,0,0,3,1,0,1,0.937035,0,0,-0.794001,-1,0,0,0,2,0,0,0,0,0,1,0,0,0,0,0,0,0,1,1,1,1,0,1,0,0,0,1,0,0,0,0,0,1,0,0,0,4,1,0,1,0,1,-0.666731,0,-1,-0.657812,0,0,1,1,-1,0,0,0,-1,0,0,1
0,0,0,0,0,0,0,-0.676559,0,0,0,0,0,0,0,0,-0.754292,-1,0,0,0,0,0,0,1,0,0,0,0,0,1,0,2.13719,0,2,0,0,1,0,-1,0.918367,2,2,-0.755102,-3,0,0,2,0,0,0,0,0,0,0,0,0,0,0,0,0,0,0,0,0,1,-1,0,0,0,0,1,1,0,2,0,0,2,0,0,1,0,0,-1,0,0,1,-0.668746,0,-3,-0.450453,0,1,0,0,0,0,0,0,0,0,0,1
0,0,0,0,0,0,0,-0.718063,0,1,0,-1,0,0,-3,1,-0.730722,0,0,1,0,0,0,0,0,0,0,0,2,0,1,0,1.4,3,1,0,0,1,2,0,0.918367,2,0,-0.844746,1,-1,-1,0,1,0,0,0,2,0,0,0,1,0,2,1,0,0,0,2,0,1,-1,4,0,0,0,1,1,0,4,0,-2,0,0,0,0,1,0,0,0,0,1,-0.721159,0,0,-0.815147,0,0,-1,0,0,0,0,0,1,0,0,1
0,0,1,0,0,0,0,-0.098471,0,0,0,2,0,0,0,0,-0.532348,0,0,1,0,0,0,1,0,0,0,0,0,-1,-1,0,0.98494,10,0,0,1,1,2,0,0.648652,0,1,-0.549154,0,0,0,0,0,0,0,0,0,2,0,0,0,0,-1,2,0,0,0,0,0,0,2,0,0,1,0,0,0,3,1,-1,1,-1,0,1,0,0,0,0,0,0,0,-0.634551,0,1,0.04664,0,0,0,0,0,0,-2,-2,0,0,0,1
0,0,0,0,1,0,-2,-0.026245,0,-1,1,0,0,0,0,-1,-0.573098,0,0,0,0,0,0,-1,1,0,0,0,-2,-2,1,0,3.05604,0,0,0,0,1,0,0,0.602141,0,0,0.955129,0,0,0,0,0,0,0,0,0,0,0,0,1,0,0,0,0,0,0,-4,0,0,0,0,0,1,0,1,0,1,0,0,0,0,0,0,2,0,0,0,0,0,0,-0.666667,0,0,0.193128,1,0,0,0,0,0,0,0,0,0,0,1
0,0,0,1,0,0,-1,-0.219705,0,0,0,0,0,0,0,-2,-0.333638,0,0,-2,0,0,-1,0,0,1,2,1,0,2,0,0,1.15307,3,0,0,1,1,0,0,0.482965,1,0,1.224862,0,0,0,0,0,0,0,0,1,0,0,0,0,-2,-1,-1,-1,0,4,1,0,2,0,0,0,1,-2,0,0,-1,2,1,0,-1,0,1,0,0,0,0,0,0,0,-0.366774,0,0,-0.491735,0,0,0,0,0,0,-2,3,0,0,0,1
0,-1,1,0,0,1,0,-0.765567,0,0,1,0,1,0,2,-1,-0.84723,0,0,1,1,0,0,0,0,0,0,2,0,-1,1,0,3.71309,5,0,0,0,0,1,1,1.183704,0,0,2.29412,0,0,1,0,0,0,0,0,1,0,0,0,0,0,0,0,0,-1,0,0,0,3,0,0,0,0,0,0,0,-1,3,0,-1,-2,0,0,0,0,0,1,0,0,0,-0.73736,0,2,-0.646912,0,0,-1,0,0,1,0,0,0,1,1,1
0,0,0,0,0,0,0,-0.523225,0,0,0,0,0,0,2,0,-0.044891,0,0,1,3,0,0,0,0,1,-1,0,-1,0,0,0,1.56108,1,0,0,0,-2,1,0,0.916472,0,0,2.366306,0,0,0,0,0,0,0,0,0,0,0,0,-1,0,0,0,0,0,0,0,0,1,1,1,0,-1,0,1,0,2,2,0,0,-1,0,0,-1,0,-1,0,0,0,1,-0.226858,0,1,-0.52343,0,0,0,0,0,1,0,0,0,-2,1,1
0,-2,0,0,0,-1,0,-0.585971,0,0,1,0,0,0,0,0,-0.17669,0,0,0,0,0,0,0,0,0,0,0,-1,0,0,1,1.44942,4,0,1,0,0,2,0,1.0,-1,0,0.589447,-1,0,-1,-1,0,0,0,0,0,0,0,1,0,-2,-1,0,0,0,-2,1,0,1,-2,0,0,-3,0,1,0,2,0,0,0,0,0,-1,0,0,0,1,0,0,1,-0.674719,0,1,-0.817477,0,0,0,0,0,2,0,2,1,0,1,1
0,0,0,2,0,0,0,-0.779865,0,0,0,0,0,0,0,0,-0.690222,0,1,0,2,0,2,0,0,0,1,0,0,0,2,0,1.3635,5,0,0,0,1,0,0,0.542155,0,0,-0.662159,0,0,0,0,0,0,0,0,0,0,-1,-1,1,0,0,0,0,0,1,0,0,0,-1,0,0,1,0,0,2,2,0,0,0,0,0,-1,0,2,0,1,0,0,0,-0.655333,0,0,-0.848553,0,0,0,0,0,0,0,0,1,0,0,1
0,0,1,-1,0,0,0,-0.539253,0,0,-1,2,0,-1,0,0,-0.687239,0,0,-3,1,0,0,0,0,0,1,0,0,0,-4,0,1.15943,17,-1,0,0,2,0,-1,1.624645,-1,0,-0.830813,2,-2,0,0,-1,0,0,0,1,0,-1,1,0,0,-1,0,0,-1,-1,0,0,0,0,0,0,1,0,-1,0,-5,0,0,-1,0,0,0,0,0,0,1,0,0,0,-0.59091,0,0,-0.405324,4,0,2,0,0,-1,0,0,0,0,0,1
0,0,0,-1,0,-2,0,-0.773376,0,0,0,0,1,0,0,0,-0.78594,0,1,-2,1,0,0,0,0,0,0,3,0,0,0,0,1.34965,12,0,0,0,1,0,0,0.690361,0,0,-0.844929,0,-2,0,0,0,0,0,0,1,0,-1,0,0,1,1,0,0,0,0,0,0,0,-2,0,0,1,0,0,0,0,2,0,0,-1,0,0,1,0,0,0,0,0,0,-0.653104,0,-1,-0.722325,0,0,0,0,1,-1,0,0,-3,0,0,1
1,0,0,-2,0,-1,0,-0.093593,0,0,0,0,1,0,1,0,-0.454545,0,0,0,0,0,0,0,0,-1,0,0,-1,0,0,0,1.17143,17,0,0,0,1,0,0,0.558711,0,0,-0.808592,0,1,0,0,0,0,0,0,0,0,0,1,0,1,0,0,0,1,0,1,0,0,1,0,0,0,2,0,0,0,0,0,0,0,1,0,0,0,0,0,0,0,0,-0.645142,1,-1,-0.748693,0,0,0,0,0,1,0,0,0,-1,0,1
0,1,0,0,1,0,0,-0.636364,0,0,-1,0,0,0,1,0,-0.454545,0,0,0,1,0,0,2,0,0,0,0,0,2,0,0,1.35406,4,0,0,-1,1,0,-2,0.756098,0,0,-0.691705,0,1,0,0,0,0,0,0,0,-1,-3,0,0,1,2,-1,0,0,0,0,1,2,0,0,0,0,2,1,0,-1,0,1,0,0,0,0,0,0,0,0,0,0,0,-0.746578,0,0,-0.777778,0,0,0,0,0,0,0,-5,0,0,0,1
1,0,0,0,0,0,0,-0.590935,0,2,-2,0,-1,0,0,0,-0.110743,0,-1,0,0,0,0,0,0,0,0,2,0,0,0,0,0.65849,5,0,-1,0,3,1,-1,1.037074,0,0,-0.716457,0,1,0,0,0,0,0,0,0,-1,0,0,0,1,0,0,0,-1,5,1,0,1,0,0,0,0,0,1,0,0,0,0,0,1,0,-1,0,0,0,-1,0,0,0,-0.77508,0,-1,-0.321936,0,0,0,0,0,0,0,0,0,0,0,1
0,0,0,0,0,0,0,-0.209251,1,1,1,0,0,0,3,2,-0.72777,0,0,0,0,0,0,0,0,0,0,-2,0,0,0,0,0.67004,2,0,1,1,1,0,0,2.161108,0,0,-0.718099,1,1,-1,0,-1,0,-2,-1,0,0,3,1,0,0,0,0,0,0,0,0,1,0,0,0,0,0,0,2,0,0,0,1,0,0,0,1,-1,0,0,1,0,-2,1,-0.562799,0,0,-0.426253,3,0,0,1,-1,0,0,0,0,0,0,1
0,-3,0,2,1,0,0,-0.787016,0,0,-1,0,2,0,0,3,-0.77022,0,0,2,0,0,0,0,0,0,0,0,0,-1,0,0,0.88571,2,1,1,1,0,-1,0,1.89159,2,1,-0.185061,1,2,0,0,0,0,0,0,0,0,0,0,0,0,0,0,0,0,0,-1,0,2,0,0,0,0,0,2,-1,-1,0,0,0,0,0,0,0,2,0,1,0,0,0,-0.650157,0,0,-0.063833,0,0,0,0,0,1,-1,1,0,1,0,1
0,1,0,0,0,0,0,-0.473683,0,1,0,0,0,0,0,0,-0.719863,0,0,3,0,1,0,0,0,-1,0,0,4,0,0,0,0.52116,2,1,1,4,0,0,0,2.618468,0,0,-0.877828,1,0,0,1,0,0,0,0,0,0,0,-1,1,2,0,2,0,1,0,-1,1,0,0,0,0,0,0,0,0,0,0,0,0,0,0,-1,0,0,0,1,-1,-3,-1,-0.30677,0,1,-0.333333,0,0,0,2,0,0,0,0,0,1,0,1
0,0,0,1,0,1,0,-0.500219,0,0,0,0,3,2,1,0,-0.790261,0,0,0,-1,-3,1,0,0,-1,0,2,0,0,1,0,1.67288,6,1,0,0,0,0,0,0.888855,1,-1,-0.675676,0,0,1,0,0,0,0,-1,0,1,0,-1,-2,0,0,1,0,0,1,0,1,0,0,0,0,0,0,0,0,0,0,0,0,0,-1,0,-1,1,0,1,0,0,0,-0.586596,0,0,-0.721236,0,0,4,0,0,1,0,0,1,0,0,1
0,0,5,0,2,0,0,-0.29516,-1,0,0,0,0,0,0,1,-0.789474,0,2,0,1,0,0,0,1,0,0,-1,2,0,0,0,1.06967,2,0,-1,0,0,0,0,0.813042,0,-1,-0.669085,0,0,0,0,0,0,0,0,0,0,0,1,0,0,0,-3,0,0,1,-1,1,-5,0,0,0,0,1,0,0,-1,0,0,0,1,0,-1,0,0,-1,1,0,0,0,-0.523583,0,1,-0.764779,0,0,-1,4,0,0,0,1,0,0,0,1
0,0,0,0,0,3,0,-0.367589,2,2,0,0,0,0,0,0,-0.545892,0,0,0,0,0,0,2,0,0,0,2,0,-1,0,0,1.07996,2,0,0,0,0,0,0,0.810811,0,0,-0.549288,0,-1,0,-1,0,0,2,0,0,0,0,0,0,0,0,-2,0,0,0,0,0,-1,0,1,0,0,0,0,0,-1,0,1,0,1,0,0,0,-2,0,1,0,0,0,-0.37288,0,1,-0.643522,-1,0,0,0,0,0,-1,0,-1,0,0,1
0,0,0,0,0,-1,0,-0.631025,0,0,0,0,0,0,0,0,-0.567657,1,0,0,0,1,0,0,0,0,0,0,0,0,-1,-1,1.51735,4,1,1,0,0,0,0,0.969386,1,0,-0.743953,0,0,0,-1,-2,0,0,0,1,1,0,0,0,-1,0,1,0,0,1,2,1,1,0,0,0,0,0,0,1,2,0,0,1,0,0,0,0,1,0,0,0,0,0,-0.472759,0,0,0.446279,0,0,2,0,0,1,1,0,0,1,1,1
0,-2,0,1,0,2,0,-0.76188,1,0,0,0,0,0,0,0,-0.369027,0,0,0,2,1,0,2,-1,0,0,0,2,0,1,0,1.72179,8,0,0,1,0,0,-2,1.286571,2,0,-0.752414,0,1,0,0,0,-1,0,0,0,0,0,0,2,0,0,0,0,0,0,0,0,0,0,-2,-2,0,2,0,0,0,2,0,1,1,0,0,0,0,0,0,1,1,0,-0.507697,0,-1,-0.803957,0,0,0,0,0,1,0,0,1,1,1,1
1,0,2,2,0,0,0,-0.76301,-1,0,0,0,-1,0,-1,0,-0.579958,0,0,0,0,0,0,0,0,0,0,1,3,0,3,1,1.06281,3,0,0,0,0,-1,0,0.57418,0,0,-0.741552,0,-1,0,0,1,0,0,0,0,-2,1,1,0,-1,0,0,0,0,0,0,0,1,0,1,0,1,1,0,0,0,0,0,2,0,0,0,0,0,0,1,0,1,1,-0.422844,0,0,-0.675676,0,0,-1,0,0,0,2,0,0,1,1,1
0,0,-2,0,0,0,-2,-0.767871,0,0,1,1,0,0,3,2,-0.701223,1,0,1,0,0,0,0,1,0,0,0,0,0,-1,0,1.33053,3,0,0,0,0,0,0,1.983054,0,0,-0.824083,0,0,-1,1,0,0,0,0,0,0,0,0,0,0,0,0,0,0,1,0,2,0,0,0,0,0,1,0,0,3,0,0,0,0,0,0,0,1,0,0,0,0,0,-0.550546,0,0,-0.647059,0,0,0,1,0,0,0,0,0,2,1,1
0,0,0,-1,0,2,0,-0.648435,-1,0,1,-1,0,0,0,0,-0.67121,0,0,0,3,0,2,-1,0,0,0,0,0,-3,0,0,2.22571,1,0,0,0,1,1,0,0.583269,-1,0,-0.828452,0,0,0,0,0,-1,-1,0,-1,0,-1,0,-1,0,0,-2,0,0,0,1,0,1,0,0,0,-1,1,0,0,1,2,0,0,0,0,0,0,0,0,0,-2,0,0,-0.73866,0,0,-0.819788,0,0,0,0,-2,-1,0,0,1,0,1,1
2,1,0,0,0,0,0,-0.565623,0,0,1,0,0,0,0,-2,-0.682614,0,0,1,0,0,0,0,0,0,0,0,0,0,0,0,2.55603,2,0,0,0,0,0,-1,0.964447,0,0,-0.831696,0,0,0,0,0,0,0,-1,0,0,0,0,-1,1,0,1,0,0,1,1,1,0,0,0,0,0,0,0,1,0,0,0,0,-4,0,0,0,1,2,0,0,0,0,-0.609035,0,0,-0.036414,0,0,0,-1,2,0,0,0,-2,0,1,1
1,0,0,1,0,0,0,-0.39998,0,0,0,0,0,0,0,0,-0.503988,0,0,0,1,0,0,0,0,-1,0,0,-2,1,0,0,2.31271,2,0,-1,0,0,-1,1,1.585406,0,1,-0.432613,-1,0,0,0,0,0,0,0,1,2,0,3,0,0,0,1,0,0,0,0,0,1,0,1,0,0,0,0,-1,2,4,0,0,0,0,0,0,0,0,0,0,-4,0,-0.904284,0,0,0.021597,0,0,2,0,1,0,0,0,0,1,1,1
0,-1,0,-1,0,0,0,-0.538462,2,0,0,0,0,2,0,0,-0.493838,0,0,0,1,0,0,0,0,0,0,2,0,0,0,1,1.93968,3,0,0,0,1,0,0,1.1248,0,0,0.06754,0,0,0,0,0,0,1,-1,0,3,0,0,0,1,-2,0,1,0,0,0,0,0,1,0,1,1,4,2,0,-1,0,0,0,1,0,0,0,1,-1,0,0,0,0,-0.82757,0,0,-0.368421,1,0,0,0,1,2,0,0,0,1,1,1
0,0,0,0,0,0,2,-0.130641,0,0,0,0,0,0,0,0,-0.702039,0,0,-1,0,0,0,0,0,0,0,0,0,-4,0,0,2.30681,5,0,0,0,0,-1,0,0.959359,0,1,-0.787769,0,0,0,0,0,0,0,0,0,0,0,1,0,0,2,0,1,0,0,1,0,1,0,0,0,-1,1,0,0,0,0,0,0,0,0,0,0,1,0,0,0,0,0,-0.826934,0,0,-0.361179,2,0,0,0,0,0,0,-1,0,1,1,1
0,0,0,0,0,0,0,-0.824473,0,0,0,1,0,0,0,0,-0.743305,0,0,-1,0,0,2,0,0,0,0,0,0,-2,-1,0,1.48882,4,0,0,1,2,0,0,0.688889,0,0,-0.810593,0,1,0,0,1,0,0,0,-1,0,1,2,3,0,0,0,0,0,0,0,0,0,0,0,0,0,0,0,0,0,2,0,0,0,0,0,0,0,-1,1,0,1,0,-0.135421,0,0,-0.672198,0,0,0,0,0,0,1,0,3,0,1,1
0,0,-1,0,-1,0,0,-0.789474,1,0,0,0,1,0,0,1,-0.804,1,0,0,1,0,1,0,0,0,0,0,0,0,0,0,1.28571,9,-1,0,1,0,0,0,0.688889,0,0,-0.754244,0,0,0,-1,1,0,0,0,0,0,0,0,2,-1,-2,1,0,0,0,0,0,2,0,0,0,0,0,0,0,0,0,0,-1,0,0,0,0,0,0,0,0,1,-2,-0.761436,0,1,-0.692818,1,0,0,0,0,4,0,0,0,0,1,1
0,0,0,0,0,0,0,-0.789474,0,0,-1,0,1,0,0,0,-0.891904,0,1,0,3,1,-1,0,0,0,0,0,0,0,-2,0,1.44052,7,0,0,1,0,0,0,0.853751,0,0,-0.746902,0,0,0,-2,1,0,0,-1,-1,0,-1,0,3,0,0,-1,0,1,-2,1,0,1,0,0,0,0,0,0,1,0,0,0,0,0,0,0,0,0,0,0,0,0,0,-0.720821,0,0,-0.738608,0,0,2,1,0,0,0,0,0,4,1,1
0,2,0,0,0,0,0,0.00019,0,-1,0,0,0,0,0,0,-0.62725,0,0,0,0,0,0,-1,0,-3,0,0,2,0,0,0,2.89918,16,0,0,0,0,0,0,2.789108,0,0,-0.800651,1,1,0,1,0,0,0,1,0,0,0,0,0,0,2,0,0,0,0,-1,0,0,0,0,0,0,1,0,0,0,0,0,0,0,0,0,0,0,0,0,0,0,0,-0.513089,1,0,-0.774258,0,0,0,1,0,1,1,1,1,0,1,1
0,0,0,1,0,0,0,-0.685727,0,0,0,0,0,0,0,0,-0.651746,0,1,0,0,1,0,2,0,0,0,2,0,0,0,2,1.7439,16,1,1,0,0,0,1,0.642118,0,0,-0.78905,0,-1,2,0,0,0,0,0,0,0,0,0,0,0,0,0,1,0,0,0,0,0,0,2,0,-1,0,0,0,0,0,0,0,1,0,0,1,0,0,0,0,0,0,-0.576512,-2,0,-0.930687,3,0,0,1,0,0,0,1,0,0,1,1
0,0,0,0,0,1,0,-0.73913,1,0,1,0,0,0,0,0,-0.647059,0,0,0,1,1,0,0,0,-1,0,0,-2,0,0,0,1.38913,11,0,0,0,0,0,1,2.7679,0,0,-0.873021,0,1,0,0,0,0,0,1,0,0,2,1,0,0,0,0,1,1,1,0,0,0,0,-1,0,0,0,0,-1,0,0,0,0,0,1,1,-1,0,0,1,-1,0,0,-0.682475,0,0,-0.844156,0,0,0,1,0,1,-1,1,0,1,1,1
0,0,0,-1,0,0,1,-0.610246,1,0,2,0,0,0,2,0,-0.35946,0,0,6,2,1,0,0,0,0,0,0,-3,0,0,0,1.1255,4,0,0,1,0,1,0,0.740837,0,0,-0.685368,-1,0,0,0,1,2,1,0,1,0,0,1,0,0,1,0,1,0,0,1,0,2,0,0,0,0,-1,0,0,0,0,0,0,-2,0,0,0,1,0,0,0,2,0,-0.716485,0,0,2.654414,0,0,0,0,0,0,0,0,1,0,1,1
1,0,0,0,0,1,0,-0.638876,0,0,0,0,3,1,0,0,-0.740295,0,0,0,0,1,0,-2,-1,0,0,0,0,3,0,0,0.86597,2,0,1,0,0,1,0,0.851754,1,0,-0.604101,0,2,0,0,0,0,0,0,0,0,1,0,0,0,2,0,-1,1,0,0,-1,0,1,0,2,0,1,0,0,0,-1,0,0,0,0,1,-1,1,2,1,0,1,0,-0.741956,0,-1,2.245151,0,0,0,0,1,0,1,0,0,1,1,1
0,1,0,0,0,0,0,-0.672868,0,-1,0,1,0,0,0,0,-0.781818,0,0,-1,0,1,0,0,0,0,0,0,0,0,0,-1,1.53862,1,0,0,0,0,1,0,0.718235,0,1,-0.663126,0,0,0,0,0,0,1,0,0,0,0,0,-1,0,-1,-1,0,0,0,0,0,0,0,0,0,1,1,-1,2,0,0,1,0,5,0,0,1,0,0,1,0,0,0,-0.623404,1,0,-0.525541,0,0,0,0,2,0,0,0,1,0,1,1
0,0,1,0,0,0,0,-0.7,1,-1,0,0,0,0,0,1,0.384931,0,0,0,-2,0,0,1,0,0,1,0,0,0,2,0,0.85854,6,0,0,0,-2,0,0,0.233333,0,0,-0.606647,-1,0,-1,0,0,0,0,0,0,0,0,0,0,0,0,-1,0,0,0,0,0,-1,0,0,-1,0,-2,0,-5,0,2,0,-1,0,0,0,1,-1,0,0,0,0,0,-0.776395,0,0,-0.583123,-2,0,0,-1,0,0,0,1,1,0,0,1
0,2,2,1,0,0,0,-0.497192,0,0,1,0,0,0,1,0,0.087329,0,0,-1,0,0,0,-1,0,0,0,0,0,0,-1,-1,0.99181,10,0,0,0,1,0,0,0.245027,0,0,-0.560306,0,1,0,0,0,1,0,0,0,3,0,2,0,0,2,-1,0,0,0,0,-1,0,1,0,0,0,0,-3,-1,0,3,0,0,2,0,0,0,0,0,1,0,-1,0,-0.782617,0,0,0.147813,0,0,0,0,0,-2,-4,1,1,0,0,1
0,0,3,0,-1,0,0,-0.722506,0,-1,0,0,0,0,0,1,0.082208,0,0,0,0,0,0,0,0,0,0,0,0,3,0,1,0.76337,2,0,0,0,0,0,0,0.233333,0,-1,-0.607681,0,0,0,0,3,0,-1,0,0,0,3,0,0,0,0,0,0,0,0,-2,0,0,0,0,0,0,0,0,0,0,0,0,0,0,0,0,0,0,0,3,0,0,0,-0.704477,1,0,-0.653941,-2,0,0,0,1,0,-1,1,1,0,0,1
0,-2,0,0,0,0,0,-0.393052,0,0,1,0,0,0,0,0,-0.376248,0,0,-2,0,0,0,0,1,1,0,0,0,0,0,0,0.83697,-16,0,0,1,1,0,1,0.989663,0,0,-0.584328,1,0,0,0,1,0,0,-2,0,-1,1,1,1,0,0,0,1,0,0,1,0,0,0,-1,0,0,0,-3,0,0,0,0,2,0,0,0,0,-1,0,-2,0,0,0,-0.519796,0,0,-0.637447,-1,-1,-1,0,0,0,0,0,1,0,0,1
-1,0,0,0,-2,0,0,0.007202,-1,0,0,0,0,0,0,0,-0.723618,0,0,0,1,0,0,0,0,1,0,0,0,0,1,0,0.84225,13,0,0,0,1,-1,0,0.594369,1,0,-0.586258,0,0,0,0,0,0,0,0,-1,0,1,1,-2,1,1,0,1,-1,0,1,0,0,1,1,2,0,0,0,0,0,2,0,0,1,0,0,0,0,0,-1,0,0,0,-0.426975,0,1,-0.800761,0,0,0,0,0,0,0,0,1,0,0,1
0,0,0,-1,0,0,0,-0.154701,0,0,0,0,0,0,-1,2,-0.486024,0,0,1,-2,0,0,0,0,1,0,0,0,-1,3,0,0.80408,2,0,0,0,1,0,0,0.963825,0,-1,-0.568823,0,0,0,0,1,1,0,0,0,3,1,1,0,0,2,0,1,0,0,1,0,0,0,0,0,0,3,0,1,0,0,1,1,0,0,-1,0,0,1,0,1,0,0,-0.738539,0,1,-0.663508,0,0,0,1,0,0,0,0,1,0,0,1
0,3,0,0,0,-3,0,-0.8778,0,0,1,0,-1,0,0,0,-0.7,0,0,0,0,0,-1,-1,0,0,1,1,0,0,0,0,0.90343,0,1,0,2,0,0,2,0.17399,0,0,-0.592367,0,0,0,0,-2,-1,0,0,-1,0,-1,1,0,0,0,0,0,0,2,0,0,4,0,0,0,0,0,1,0,0,1,0,0,0,-1,0,0,0,0,-2,0,0,0,-0.648042,0,0,-0.248909,0,0,0,0,0,0,0,0,0,0,0,1
0,0,0,0,1,0,0,-0.75,0,0,0,0,-1,0,0,0,-0.566718,0,1,1,0,0,0,1,0,1,0,0,1,-1,-4,0,1.87059,4,0,0,0,1,0,0,0.2,0,0,-0.441832,-1,0,0,0,-1,0,0,0,0,0,-1,1,1,0,1,0,0,0,0,-1,1,0,0,0,-1,0,0,-2,0,1,0,0,-3,0,0,0,0,-1,-1,0,0,1,0,-0.675676,0,0,-0.077899,1,0,-2,0,0,0,0,1,0,-1,0,1
0,0,0,0,0,0,0,-0.692823,0,1,1,0,0,0,0,3,-0.7,0,0,0,0,0,-1,0,0,-1,0,1,-1,1,0,0,0.96593,1,0,0,0,0,0,0,0.268858,0,0,-0.473779,0,0,1,0,0,0,0,1,-1,-1,-1,0,0,0,0,2,0,0,-1,0,0,0,0,0,-1,-1,0,0,0,0,0,0,0,0,-1,0,0,0,0,0,0,1,0,-0.675676,0,0,-0.538462,-1,0,1,0,0,2,1,1,0,0,0,1
-1,-2,0,0,0,0,-1,-0.333246,0,0,0,-1,-1,0,0,0,-0.648379,1,0,0,1,-1,-2,0,-1,0,1,0,0,0,0,0,0.8,8,0,0,0,0,0,0,0.214286,0,2,0.337476,1,0,0,0,0,-1,0,0,0,2,0,0,0,2,-2,-2,0,1,0,0,0,1,0,0,0,1,0,3,0,0,0,0,0,0,1,0,-1,0,0,-4,0,0,0,-0.471902,0,-1,-0.333468,0,0,0,0,0,0,0,2,0,3,0,1
0,0,-2,0,0,-2,0,-0.52861,0,-1,1,0,1,0,0,0,-0.525812,0,0,0,-1,0,-1,1,0,0,1,0,1,0,0,2,0.86631,7,-2,1,-1,0,0,0,0.490779,-1,0,-0.496549,0,0,-2,0,0,0,0,0,0,2,0,0,0,0,0,0,0,1,0,3,-1,1,-1,0,0,0,2,0,0,1,0,0,-1,0,0,0,1,0,0,-2,1,1,0,-0.53284,0,0,-0.571429,-2,0,1,0,0,0,0,0,-1,2,0,1
-1,0,2,0,0,3,0,-0.049267,0,-1,-3,0,0,-2,-3,0,-0.6,0,0,0,0,0,0,0,0,0,1,0,0,0,1,0,0.94668,6,0,0,0,-3,0,0,0.215008,-3,0,-0.632409,0,0,0,1,1,0,0,0,-1,0,-1,0,1,0,0,-2,0,1,0,0,0,0,1,0,-3,1,0,-1,0,0,0,-2,0,-4,0,0,0,0,0,0,0,0,0,-0.549598,0,0,-0.580415,0,0,1,0,-2,0,0,1,0,0,0,1
0,1,0,0,0,3,1,-0.728626,0,0,0,0,0,0,2,-1,-0.48942,0,0,-1,0,0,0,1,0,1,0,2,0,0,0,0,0.61316,12,0,-1,0,0,0,0,0.486388,2,0,-0.365329,0,-2,0,0,0,0,0,0,1,0,0,0,2,1,3,0,0,0,1,-1,0,1,0,0,0,0,0,2,0,1,0,0,0,0,-1,1,0,1,0,1,0,0,0,-0.656744,0,0,6.192743,0,0,0,0,0,0,0,-1,0,1,1,1
0,1,-1,-1,0,0,0,-0.848551,1,1,0,0,0,0,0,0,-0.662646,0,1,0,2,-2,0,1,0,-2,-1,0,4,0,-2,0,0.43112,5,0,-1,0,0,0,-1,1.53333,3,1,-0.67034,-4,0,1,0,1,0,0,0,0,-1,0,0,1,0,0,0,0,0,0,-1,0,2,1,1,0,0,0,0,0,1,0,0,-1,-1,-1,0,0,1,0,0,0,-1,0,-0.447186,0,0,-0.201973,2,0,-1,0,-1,0,0,0,1,0,1,1
0,0,1,0,0,0,0,-0.422542,1,0,0,0,0,1,1,1,-0.62661,1,0,-1,0,0,0,0,0,0,0,0,0,1,1,0,0.80414,5,0,0,2,3,0,0,1.639515,0,0,-0.604568,0,0,1,1,1,0,0,0,0,0,0,-2,0,1,1,0,0,0,0,0,0,0,0,1,1,0,-2,0,1,0,0,0,0,0,0,1,0,0,0,1,0,0,0,-0.503632,0,0,-0.610936,1,0,-1,-1,1,0,0,0,0,0,1,1
0,0,0,0,1,3,0,-0.665187,0,0,-1,2,1,0,0,-2,-0.744681,0,0,2,0,1,0,0,0,1,0,0,0,0,0,0,1.31429,3,0,0,-3,0,0,0,0.796082,1,1,-0.73913,2,0,0,0,-1,1,0,0,1,0,1,1,0,0,-1,0,0,-1,2,1,0,0,0,-1,3,0,0,0,0,0,3,0,-1,1,0,0,0,0,0,0,0,1,0,2.631467,0,1,-0.484706,0,0,1,0,1,1,0,1,0,0,1,1
0,0,-1,0,0,0,0,-0.79661,1,0,0,0,0,-1,2,0,-0.785839,0,0,0,0,0,0,0,0,0,0,2,1,7,1,0,1.31429,0,-1,0,0,-1,1,0,0.782246,0,0,-0.73913,1,0,0,0,0,0,0,0,0,0,3,-1,0,0,0,1,0,0,2,0,0,0,2,1,2,2,2,0,0,0,0,0,0,0,0,0,0,0,0,0,0,0,0,0.771828,0,1,-0.75,0,0,0,0,0,0,0,-1,1,0,1,1
0,-1,0,1,0,0,-1,-0.79661,-1,0,-1,0,0,0,-3,0,-0.744681,0,0,0,0,0,1,1,0,1,0,-1,1,2,2,0,1.31429,3,0,0,-2,0,0,0,1.031602,0,0,0.475916,0,0,0,-2,0,-1,0,0,1,0,0,1,-1,0,0,0,-1,0,0,1,0,0,0,0,0,0,0,0,0,-1,-2,0,0,0,-1,0,0,1,0,-1,0,0,0,4.608695,0,1,-0.529039,0,0,1,0,0,0,0,1,0,1,1,1
0,0,0,0,0,0,0,-0.813496,0,0,-1,0,0,0,0,0,-0.776217,0,0,3,-1,0,0,0,0,0,0,0,0,0,1,0,1.03058,1,0,1,0,0,-3,1,1.485484,0,0,-0.763139,0,0,0,1,1,2,0,0,-1,0,1,0,2,0,-1,-1,0,0,0,-1,0,0,0,1,0,0,0,0,1,0,0,1,0,-2,0,0,0,0,-2,0,-1,0,0,-0.723408,0,0,0.094865,0,1,0,0,0,0,0,1,0,1,1,1
0,-4,0,1,0,-3,0,-0.609683,3,0,0,0,-1,1,0,0,-0.781818,0,0,0,0,0,2,2,0,0,0,0,0,1,0,0,3.32912,4,-3,0,-1,0,0,0,1.276078,1,0,-0.606037,0,0,0,0,0,0,0,0,0,0,0,-2,0,0,0,0,0,0,0,-3,1,0,1,0,0,0,0,-1,0,0,0,0,0,2,0,0,0,0,0,0,0,0,0,-0.697994,0,-1,-0.7,0,0,-1,0,0,1,0,2,1,0,1,1
0,-1,0,-3,2,-2,0,-0.566042,0,0,-1,0,1,-1,0,0,-0.686441,0,0,1,0,2,0,0,1,-1,0,0,-1,0,0,-1,2.00311,10,0,0,1,-1,-1,0,1.029133,0,1,-0.751975,0,0,0,0,0,0,0,0,-2,0,0,0,0,0,2,0,0,0,0,0,0,0,1,0,2,0,0,0,1,0,0,0,0,0,0,0,0,1,0,0,0,0,-1,-0.749893,0,1,-0.692937,0,1,3,0,0,1,0,1,0,1,1,1
0,0,0,0,1,-1,0,-0.824963,0,0,-2,0,0,-1,0,1,-0.296008,0,0,0,0,0,0,0,0,1,-1,0,0,0,1,-2,3.6755,9,0,0,0,-2,-1,-1,0.922184,0,0,8.549996,0,0,0,1,0,0,0,0,-1,0,0,0,0,0,0,0,0,0,0,1,0,2,0,0,0,0,0,0,1,0,-3,0,0,0,0,0,0,0,0,1,0,0,0,0.311583,0,0,-0.504314,0,0,0,0,0,0,-1,0,0,-1,1,1
0,0,0,1,0,0,0,-0.587025,0,0,0,0,0,0,0,0,0.631584,0,0,0,0,0,0,2,1,1,-1,1,2,0,0,-1,1.68571,2,0,0,-1,0,0,0,0.515526,0,0,8.298772,0,0,0,0,0,0,0,0,0,0,0,0,0,0,0,2,0,0,1,1,0,0,0,1,1,0,0,0,0,0,0,0,0,-1,2,-1,0,-1,0,0,0,0,0,-0.530976,0,0,-0.649337,0,0,0,0,0,2,0,2,0,0,1,1
0,0,3,0,0,0,0,-0.733107,0,0,0,0,1,0,0,2,-0.57911,0,0,0,0,0,1,0,0,1,0,0,0,1,0,0,1.59649,2,0,0,0,0,-1,0,1.068135,-1,0,8.541317,-1,0,0,0,0,0,0,0,0,-1,0,0,0,0,0,0,0,0,2,1,-1,1,-1,-1,0,0,0,0,1,0,2,0,0,0,0,0,0,0,0,0,0,0,-1,-0.511503,0,-1,-0.87221,0,0,4,0,0,0,0,-5,0,0,1,1
0,-4,0,2,1,0,0,0.082301,-1,0,0,1,0,0,0,0,-0.657143,0,0,0,0,0,0,0,3,0,0,3,0,0,0,2,1.3363,18,1,1,-2,1,0,-1,3.061543,0,-1,-0.75744,0,0,0,0,0,0,0,0,0,0,1,0,0,0,0,2,0,0,0,0,0,0,0,0,0,0,1,1,1,3,-3,1,1,0,0,0,0,1,0,0,0,0,1,-0.560861,0,0,-0.675676,0,0,0,0,0,0,0,0,2,0,0,1
0,0,0,2,0,0,0,-0.586745,0,0,5,2,1,-2,0,0,-0.254053,0,0,1,0,0,0,0,0,0,0,2,0,0,0,0,1.36849,10,0,1,0,1,0,0,2.361333,0,0,-0.7528,0,0,0,0,0,0,0,0,0,0,1,2,0,0,0,0,0,-2,0,0,0,1,0,0,2,0,1,1,1,0,0,1,0,-3,0,0,0,-2,0,0,0,0,0,-0.714286,0,0,-0.572001,0,0,0,-1,0,0,0,1,0,0,0,1
0,-1,0,0,0,-1,0,-0.819776,0,0,1,0,1,0,-1,0,-0.645687,0,0,0,0,0,0,0,0,1,0,0,0,0,0,0,2.35115,10,1,1,0,1,-2,0,1.821169,3,0,-0.743294,0,0,-1,0,0,0,0,0,0,0,0,2,0,1,0,0,0,0,-1,0,0,0,2,-1,2,1,0,1,0,0,3,1,1,-2,0,0,0,0,0,0,0,2,1,-0.702561,0,0,-0.692587,0,2,-1,0,0,0,2,0,1,0,0,1
0,1,0,0,0,1,0,-0.675676,1,0,0,0,0,0,0,0,-0.570068,0,0,1,-1,0,0,0,1,1,-1,0,0,0,0,0,1.17143,7,0,0,0,0,0,0,2.031798,0,2,-0.707317,0,0,0,0,1,0,0,0,0,0,0,-2,0,1,0,0,0,0,1,0,0,0,0,1,0,0,0,1,0,0,-2,0,0,1,0,0,0,1,0,1,1,0,1,0.066677,0,0,1.052202,0,0,0,1,0,0,0,0,0,0,1,1
0,0,0,0,0,0,0,-0.675676,-1,0,0,-1,0,0,1,2,-0.633933,0,0,0,0,-1,2,-1,1,1,0,0,0,0,-1,0,1.74562,9,-1,0,-1,0,0,0,3.260165,0,2,-0.837205,0,0,0,0,0,1,0,0,1,0,1,0,0,0,0,2,0,0,0,0,0,0,1,0,0,0,1,0,0,1,0,0,-3,2,0,0,0,1,0,1,0,3,1,-0.202688,0,0,-0.650004,0,-1,2,1,0,-2,0,0,0,0,1,1
0,1,0,-1,0,0,1,-0.675676,1,1,0,0,0,0,0,-2,-0.817019,0,0,0,0,1,0,0,1,1,0,0,0,0,2,0,2.64573,5,0,0,1,0,-1,0,2.715075,0,0,-0.777302,0,0,0,1,0,0,0,0,0,0,1,0,0,0,-2,0,1,0,0,2,2,0,0,0,0,0,1,1,1,-1,0,0,1,0,0,0,0,1,0,1,1,0,1,-0.452336,1,0,-0.736096,0,-1,0,0,0,0,0,0,1,0,1,1
0,0,0,1,1,0,0,-0.809524,0,0,0,-1,1,0,0,0,-0.538462,0,1,1,-2,-1,0,1,0,0,0,0,0,0,0,0,0.79562,1,0,0,0,1,0,0,0.891082,0,0,-0.755102,0,0,0,0,-1,-1,0,0,0,0,2,2,1,0,0,0,0,0,0,0,-1,1,-1,0,0,0,0,0,1,0,0,0,-3,1,0,0,0,0,0,0,1,1,1,-0.576051,0,0,-0.543796,0,0,2,1,-1,0,0,-1,0,1,1,1
0,0,1,1,0,0,0,-0.809524,2,1,1,0,0,2,1,0,-0.66512,2,0,0,-2,0,-1,0,0,0,0,0,3,2,0,0,1.40481,6,0,0,0,0,0,0,1.267024,-1,1,-0.831701,-1,0,0,0,0,0,0,0,1,-1,0,0,0,0,1,0,0,0,0,0,0,3,2,-2,2,2,1,0,0,0,0,0,0,-1,1,2,-1,0,0,0,0,2,-1,-0.783145,0,1,-0.6,0,0,0,0,2,0,1,0,0,0,1,1
0,0,0,1,0,-2,0,-0.809524,0,0,1,1,0,0,0,1,-0.665527,0,0,1,0,1,2,0,0,0,0,0,0,5,-1,1,1.19802,11,0,0,0,0,0,0,0.853512,0,0,-0.849332,0,-1,-1,0,-1,0,2,0,0,0,0,0,2,0,0,0,0,0,0,0,0,0,0,0,0,1,1,0,0,1,0,0,0,0,1,1,0,0,0,-1,0,-1,-1,-0.478261,0,0,-0.615626,0,0,0,1,0,0,0,0,0,1,1,1
0,0,0,0,0,0,0,8.638266,0,-2,0,-1,-1,0,0,0,-0.457451,0,-1,0,1,0,0,0,1,0,0,0,0,0,1,0,1.2587,1,0,0,0,0,0,0,1.10417,0,0,-0.764004,0,0,0,0,-2,1,0,-1,0,0,0,1,0,0,3,0,0,0,0,0,0,0,0,0,0,0,1,1,0,0,0,0,0,0,0,0,0,0,0,0,0,0,0,-0.586207,0,1,-0.729646,2,0,0,0,0,0,0,0,0,0,0,1
0,0,3,1,1,0,0,7.576602,0,0,0,0,0,0,0,0,-0.003703,0,0,0,3,0,1,0,0,0,0,1,-3,1,1,0,0.94237,2,-1,0,1,0,0,0,1.10417,-1,1,0.032122,1,0,1,0,0,0,0,0,0,0,3,0,0,0,0,0,0,0,1,0,0,0,0,0,1,0,0,0,0,0,0,0,0,0,0,0,1,0,0,0,0,1,0,-0.442129,0,0,-0.759042,1,1,1,0,0,0,0,-2,-1,0,0,1
0,-1,1,1,1,0,0,9.55422,0,0,0,-2,0,0,0,0,-0.765574,1,0,-1,1,0,0,1,0,0,0,0,-1,0,1,0,1.06839,14,1,0,0,0,-1,-1,1.072868,0,0,-0.618638,0,1,0,1,0,0,0,0,0,0,0,0,0,0,2,0,0,0,-1,0,0,0,0,0,0,0,3,0,0,-1,0,0,0,0,0,0,-2,-2,0,0,0,4,0,1.387221,0,0,-0.769231,0,0,0,0,0,0,0,0,0,0,0,1
0,0,0,0,0,0,0,-0.647059,0,0,0,0,2,0,0,0,-0.815582,0,0,0,0,0,2,0,1,1,0,0,0,0,1,0,0.85714,10,0,0,0,0,0,0,1.733248,0,0,-0.740998,1,0,0,0,-1,1,0,0,0,0,0,-3,2,0,0,0,0,0,0,0,2,0,0,1,0,-1,1,0,0,-1,0,0,5,1,0,0,0,0,0,0,-1,0,0,-0.673378,0,0,-0.766088,0,0,0,0,1,0,1,0,0,0,1,1
0,0,0,0,0,1,0,-0.647059,1,0,-1,0,2,0,0,0,-0.250764,0,1,0,0,0,0,0,0,0,0,0,2,0,0,0,0.85436,5,0,2,0,0,-1,0,2.418222,0,1,-0.490871,1,0,0,-1,0,0,1,1,0,0,1,0,0,1,-3,1,0,0,0,0,0,0,0,0,2,0,-1,0,0,0,0,0,0,1,0,-1,0,0,0,0,0,0,0,-0.7252,0,0,-0.396527,0,0,-1,0,-1,0,2,0,0,0,1,1
0,1,0,2,0,1,0,-0.773928,0,2,0,0,0,0,0,0,-0.755102,0,0,0,0,0,1,0,0,0,0,0,0,3,0,-1,0.85714,3,0,0,-1,0,-4,0,2.575659,0,1,-0.892874,1,0,0,0,0,0,0,1,0,1,0,0,2,1,4,1,0,0,0,2,1,0,0,0,0,0,0,0,1,-4,0,0,0,1,0,0,0,0,0,-2,0,0,0,-0.652801,0,0,-0.670802,0,0,0,0,1,0,0,0,0,0,1,1
0,0,1,0,0,0,0,-0.713509,0,0,0,0,0,0,-1,0,-0.623959,1,0,-1,0,0,0,0,0,-1,1,0,0,-1,0,0,1.37839,3,0,0,0,-1,0,0,2.478678,0,-1,-0.55551,2,0,-1,1,-1,0,0,0,0,0,0,1,0,2,0,0,0,0,1,-1,8,-1,-1,0,0,0,0,0,0,0,0,0,0,1,0,0,0,1,0,0,0,0,0,-0.844999,0,1,-0.873076,0,0,0,0,0,0,-1,0,1,0,1,1
0,-2,1,0,0,-1,0,-0.545963,0,0,1,0,1,0,0,0,-0.721614,0,0,0,0,0,0,0,0,-2,0,0,-2,2,-1,0,2.93803,5,0,0,0,0,1,0,2.5,0,0,-0.441303,0,0,0,3,0,0,0,0,1,0,0,0,0,0,1,0,0,0,0,0,0,-1,0,0,0,0,0,1,0,0,0,0,0,0,0,0,0,0,0,0,0,-1,0,-0.596469,0,0,-0.881472,0,0,0,0,-1,1,0,0,1,2,1,1
0,0,1,0,-1,-2,-2,-0.455675,1,0,0,0,-1,0,-4,-4,-0.558589,0,0,0,0,1,0,0,0,0,0,0,0,1,0,0,1.10087,4,0,0,-2,0,0,1,2.633396,0,0,-0.723271,2,-1,0,2,0,2,0,0,0,0,0,0,0,0,0,0,0,-1,0,0,-3,0,0,0,0,0,0,1,0,0,0,0,-2,3,0,0,0,0,0,2,-2,0,0,-0.690292,0,0,-0.827127,0,0,0,0,0,1,0,0,0,3,1,1
0,3,0,1,0,-1,0,-0.281185,0,0,0,0,-1,0,0,1,-0.37922,0,0,0,-1,0,0,-2,0,0,1,0,1,0,0,0,1.28659,11,0,0,0,0,0,0,0.822222,-1,0,-0.737372,-1,1,0,0,1,0,0,0,0,-2,0,0,0,0,0,1,0,0,0,0,1,0,1,-1,0,0,0,0,0,0,0,0,-3,-1,0,0,0,-1,0,0,0,0,0,-0.352265,0,0,0.776733,0,0,0,0,0,0,0,0,3,0,1,1
0,0,0,1,0,0,0,-0.680499,0,0,0,0,0,0,2,0,4.647806,0,0,0,0,0,0,1,0,0,1,0,0,2,0,0,1.31026,0,0,-1,0,3,0,0,0.631078,0,0,-0.757243,0,0,0,0,1,0,-2,0,0,0,0,0,0,0,3,0,1,-1,0,0,1,0,0,-1,0,0,0,0,-1,0,0,0,0,2,0,0,0,2,0,0,0,0,0,-0.612903,0,0,-0.071893,0,0,6,0,0,0,0,0,0,0,1,1
0,-1,1,0,0,1,0,-0.666667,0,0,1,0,-1,0,0,0,-0.550719,0,0,1,0,0,-1,-2,0,1,1,0,0,0,1,0,2.55387,15,0,0,1,-1,0,0,0.816941,0,0,-0.733333,0,0,1,0,0,0,0,0,0,0,1,0,-4,0,1,1,2,0,0,0,0,0,0,1,0,0,0,1,0,-1,0,0,0,0,0,2,0,0,0,0,0,0,0,-0.327987,0,0,-0.520781,0,0,0,-1,0,1,1,0,1,1,1,1
0,0,0,-2,0,0,0,-0.640781,-1,0,0,1,0,0,0,0,-0.393475,0,0,0,-2,0,-1,0,1,0,1,0,1,2,0,-1,0.98745,5,-2,0,0,-1,0,0,0.554002,1,-1,-0.721566,0,1,0,1,0,1,0,0,-1,2,0,1,0,0,1,0,0,0,0,1,1,1,0,-1,-1,0,1,-1,0,0,0,0,-1,-1,0,0,0,0,0,-1,0,0,0,-0.781953,0,0,-0.539699,0,0,0,0,-1,0,1,0,0,1,1,1
0,-1,-1,0,0,1,0,-0.664221,-1,0,-1,0,0,0,0,0,-0.534793,0,0,1,0,0,0,0,0,0,1,0,0,-1,0,0,0.93627,5,0,0,1,0,-2,0,0.511726,1,0,-0.642134,0,1,0,0,0,-1,0,0,0,-2,0,0,-2,-1,0,0,0,-1,0,1,1,1,0,0,0,0,0,0,0,0,0,0,0,-1,0,0,0,0,0,0,0,0,0,-0.498774,-1,0,-0.899414,0,0,0,0,-1,2,0,0,0,1,1,1
0,0,2,2,0,0,2,-0.625,0,0,0,1,0,0,0,0,-0.558779,0,0,1,0,-1,0,0,1,0,0,2,-3,2,0,0,1.51429,3,0,1,1,0,0,1,0.527663,0,0,-0.773585,0,1,0,0,0,0,0,0,0,-1,-1,1,0,0,1,0,1,0,2,1,1,0,0,0,0,0,0,0,0,-1,0,0,0,0,0,-2,0,0,0,1,0,0,0,-0.222581,0,-2,-0.530844,5,0,-1,0,0,1,0,0,0,1,1,1
0,-1,-1,-2,0,0,0,-0.792704,0,0,0,0,0,0,0,0,-0.856113,0,-1,0,0,0,2,0,0,0,0,0,-1,1,0,-1,0.51429,8,0,0,0,1,0,-2,0.574333,0,0,-0.36351,1,1,0,0,0,0,0,-2,0,-1,0,0,0,0,1,-1,0,1,0,1,0,2,0,0,0,0,0,1,0,0,0,0,1,0,0,1,0,0,0,1,0,1,0,-0.573118,0,0,-0.576165,0,0,0,0,0,0,0,1,0,-1,0,1
0,0,0,0,0,0,0,-0.859673,0,0,0,0,2,0,-3,0,-0.689042,0,1,0,0,0,0,2,0,0,0,0,0,0,0,0,0.51429,6,0,0,0,0,0,0,0.734645,0,0,-0.33432,0,-1,-1,0,0,0,2,0,1,-1,0,0,0,0,0,-2,0,0,0,0,3,0,0,0,0,0,-2,1,-1,0,0,0,0,0,0,0,0,0,0,0,0,1,0,-0.367641,2,1,-0.712109,-2,1,1,0,-1,0,1,1,2,0,0,1
0,1,0,0,-1,0,0,-0.437814,0,0,1,0,0,-1,0,1,-0.632002,0,0,0,0,-1,0,0,0,1,0,0,2,0,0,0,0.51858,0,0,0,0,1,-1,0,0.309305,0,0,0.121989,1,0,0,0,1,0,0,0,-2,-1,-4,0,1,1,0,0,0,1,2,1,1,1,0,0,0,0,0,0,-1,0,0,0,0,1,0,-1,0,0,0,0,0,0,0,-0.445597,0,0,-0.713645,0,1,-2,0,0,0,1,1,2,0,0,1
0,0,0,0,0,0,0,0.286342,-2,0,0,0,0,-1,0,0,-0.849384,0,0,1,0,0,0,0,1,-1,0,-1,0,0,0,0,2.43304,-8,1,1,0,0,0,0,1.407456,0,0,-0.781818,0,1,0,0,0,0,0,0,0,4,0,0,0,-1,2,0,0,1,5,-1,1,0,1,-1,0,0,1,0,0,0,0,0,0,0,0,0,0,0,0,0,0,0,0,1.08777,0,-1,-0.748824,0,0,0,1,0,-1,2,1,0,0,1,1
0,0,0,0,0,0,0,-0.6398,0,0,0,0,0,0,0,1,-0.665623,0,0,0,0,0,-1,0,1,0,-1,2,0,0,0,1,1.60318,5,1,0,0,0,0,0,2.102866,0,0,-0.749305,0,0,0,-2,-1,1,0,0,0,0,0,0,0,-3,2,0,1,1,0,1,1,0,0,0,2,0,0,0,0,0,2,0,0,2,0,0,0,0,0,0,0,1,0,-0.338934,0,0,-0.823953,0,0,0,0,0,0,0,2,2,0,1,1
0,0,0,1,0,0,0,-0.398413,1,0,0,0,0,0,0,0,-0.774027,0,0,0,0,0,0,0,1,1,0,0,0,0,0,1,1.57143,11,0,0,0,0,-1,0,1.681197,0,0,-0.667728,0,0,0,0,2,1,0,0,0,0,1,0,0,0,2,0,1,1,0,1,1,0,3,0,3,1,-1,0,0,3,0,0,0,0,0,1,0,0,0,0,0,1,0,-0.31455,0,1,-0.710152,2,0,0,-1,0,0,0,0,4,5,1,1
0,0,2,1,0,-1,0,-0.610977,0,0,0,0,0,-3,-1,0,-0.806919,0,0,0,0,0,0,0,1,1,0,1,0,0,0,0,0.8049,0,0,0,0,-1,0,0,0.666667,0,0,-0.599234,-1,0,0,2,0,0,0,0,0,0,1,0,1,0,0,0,0,1,0,0,0,0,1,0,0,0,0,0,0,-3,0,0,0,0,0,0,-1,0,0,-1,0,0,0,-0.272129,1,1,-0.765216,0,0,0,0,0,0,0,0,-1,1,0,1
0,0,0,0,1,0,0,-0.61747,0,0,1,0,0,0,0,0,-0.727273,0,0,0,0,0,0,0,1,0,0,0,0,0,0,1,1.23132,16,0,0,0,0,0,0,0.499205,3,0,-0.777699,-1,1,0,-1,0,1,0,0,1,0,0,0,0,0,0,0,0,0,1,0,0,2,1,0,0,0,2,1,0,0,0,0,1,-1,-1,0,0,0,0,1,0,1,0,-0.68153,0,0,-0.645598,1,0,0,0,1,0,0,0,6,0,0,1
0,0,0,-2,0,-1,0,0.191157,0,0,0,0,-1,0,0,0,-0.727273,0,0,0,-1,-1,1,0,1,-1,0,0,0,0,0,0,0.56008,2,0,0,-1,0,0,0,1.673752,0,0,-0.068687,2,0,-1,2,0,0,0,0,0,0,3,0,0,0,1,1,0,0,-1,0,0,-1,1,0,0,0,0,0,0,1,0,0,1,0,0,0,-1,0,0,0,0,0,0,-0.6,0,0,-0.623501,0,1,-1,0,0,0,1,0,1,0,0,1
0,2,0,0,-1,1,0,-0.159723,0,0,0,-1,0,-3,0,1,-0.791053,0,0,1,0,0,0,0,0,0,0,0,0,0,0,0,1.45341,0,0,0,1,1,0,0,1.113741,0,0,-0.668937,2,0,0,0,-1,0,0,0,0,0,-1,1,2,-1,0,2,0,0,0,0,0,2,0,2,0,1,0,0,0,0,0,0,0,0,0,1,0,0,0,0,0,0,0,-0.721667,0,0,-0.614869,0,0,0,0,-2,0,0,0,0,0,1,1
0,0,1,-1,0,-2,0,-0.52,0,1,0,0,2,0,0,1,-0.52,0,0,3,0,0,4,0,0,4,0,0,0,0,0,0,0.93353,9,0,0,0,0,-1,0,1.83164,0,0,-0.711976,0,1,0,0,0,0,0,0,0,0,0,1,0,0,0,2,0,0,0,0,0,0,0,0,2,0,-2,-1,0,4,2,0,0,0,0,1,0,0,0,0,0,1,0,-0.116485,0,0,-0.60481,0,0,0,0,0,0,0,0,0,0,1,1
0,0,0,0,0,-3,0,-0.807778,0,0,0,0,0,0,-2,0,-0.658078,0,-1,1,0,0,0,-1,0,2,0,0,0,0,0,0,1.3503,25,0,0,1,1,0,0,0.958237,2,0,-0.736864,4,-1,0,0,0,2,0,-1,-1,0,0,1,0,-1,0,0,1,0,0,0,0,0,0,0,0,1,1,0,3,2,0,0,2,0,0,0,0,0,-1,0,0,0,0,-0.62972,2,0,-0.612903,0,0,0,4,0,0,2,-1,0,0,1,1
0,0,0,0,0,0,0,6.969877,0,0,0,0,1,0,-3,0,-0.701054,0,0,1,0,0,-2,0,0,0,0,0,0,3,0,0,0.76484,0,0,1,4,-2,0,0,0.834007,0,0,-0.475555,1,0,-1,0,0,0,0,0,0,0,0,2,1,-1,1,0,0,1,1,0,0,0,0,0,0,0,0,1,1,0,0,0,0,0,0,0,-1,0,1,1,0,0,0,-0.565985,0,-2,-0.571429,-1,0,0,0,0,0,0,0,-2,0,0,1
0,0,3,0,0,0,0,1.139289,4,0,0,1,0,1,0,1,-0.412482,0,0,1,0,0,0,0,0,0,0,0,1,0,0,0,0.77143,1,0,1,0,0,0,0,0.381745,0,0,-0.464178,0,0,0,0,-1,0,0,0,0,-1,1,0,0,0,3,0,-1,0,1,0,1,1,1,-3,0,0,1,0,0,2,0,-1,0,0,0,0,0,0,1,1,0,0,0,-0.324537,0,0,-0.617244,0,0,0,0,0,0,0,0,0,2,0,1
-1,0,0,0,0,1,0,2.075247,1,-1,0,0,0,0,0,0,-0.569251,1,0,0,0,0,0,-2,0,0,0,-3,0,0,0,0,0.84225,4,0,0,1,0,-1,0,0.447656,-1,0,-0.884366,0,0,0,0,0,0,0,0,0,0,0,0,0,0,0,1,-1,1,0,0,1,1,0,2,0,0,0,0,1,-1,2,0,0,2,0,0,0,0,0,0,0,1,0,-0.552753,0,-1,-0.246537,0,0,0,0,0,0,0,0,0,1,0,1
0,2,0,0,0,1,0,-0.831208,0,0,0,1,0,1,1,0,-0.831723,1,0,0,-1,0,1,0,0,0,0,1,0,0,0,0,2.2567,2,0,0,0,0,-2,0,3.840708,0,0,-0.667622,0,0,0,0,0,-1,0,0,0,0,1,-1,-1,1,0,-2,0,1,0,-1,0,1,0,0,2,0,0,0,1,-1,0,0,0,0,0,0,0,7,0,3,1,-2,0,-0.687817,0,0,-0.175088,0,0,0,0,0,0,0,0,1,-1,0,1
0,0,0,0,0,0,0,-0.613276,-1,0,-1,0,0,0,-2,1,-0.89397,0,0,0,1,-1,1,0,0,0,0,0,1,-2,2,0,1.05714,4,1,0,0,0,-1,0,0.256493,0,0,-0.204835,0,2,0,-1,0,0,0,0,-1,0,1,0,0,0,0,0,0,0,0,0,0,1,0,0,0,0,0,-1,1,1,0,0,2,-1,0,0,0,-2,0,1,0,0,0,-0.719723,0,1,-0.478261,0,0,0,0,0,0,-1,-1,5,0,0,1
0,0,1,0,1,2,-1,-0.250435,0,0,-2,0,0,0,0,-2,-0.895691,1,0,0,0,2,1,0,0,0,0,0,0,0,0,0,3.79409,6,-1,0,-1,0,1,0,3.125137,0,0,-0.675676,0,0,-1,0,-1,1,0,-1,0,0,1,0,0,-1,1,0,0,0,0,0,0,1,0,0,0,0,0,-1,1,-1,0,0,0,0,0,0,-1,0,0,0,0,-1,0,-0.790638,0,0,-0.555124,-1,0,0,3,0,0,0,0,1,0,0,1
0,0,0,0,0,0,0,0.426803,0,-1,1,0,0,0,0,0,0.219191,0,1,1,0,0,0,0,0,1,-1,0,1,0,0,0,1.84144,3,0,0,0,-1,0,0,0.532326,0,1,-0.804411,0,0,0,1,0,0,0,0,0,1,0,0,1,0,0,0,1,0,0,-1,0,-1,0,-1,0,0,0,1,0,0,0,0,1,1,0,0,-1,0,0,0,0,1,0,-0.858924,0,0,-0.91331,4,0,1,0,0,1,0,0,1,0,1,1
0,1,0,0,0,2,0,-0.724572,0,1,1,1,0,0,4,-2,-0.661986,0,0,0,0,0,-3,2,0,0,0,0,0,2,1,0,1.86293,1,0,1,0,0,-3,0,0.655738,0,0,-0.787871,0,0,1,-1,0,0,1,0,0,1,2,0,1,1,1,0,0,1,0,0,0,0,-3,0,1,-1,-1,-1,1,0,0,0,0,0,0,0,0,1,0,-1,0,2,0,-0.649064,-1,0,-0.449005,0,0,3,-1,0,1,0,0,-1,1,1,1
0,-1,0,0,0,0,-1,-0.265407,0,0,0,0,0,0,0,0,-0.644208,0,1,0,0,1,0,0,0,0,0,0,3,0,0,0,2.30337,4,0,0,0,0,1,0,0.655738,0,-2,-0.793951,-1,0,1,0,0,0,-2,0,0,0,0,0,0,1,2,0,1,0,-1,-4,0,0,0,0,0,1,0,0,0,2,0,0,0,2,0,0,0,0,0,-1,0,0,-1,-0.710625,0,-1,-0.555556,0,0,0,0,0,1,-2,0,0,0,1,1
0,0,0,1,0,0,0,-0.771028,-4,0,0,0,0,0,0,3,-0.695693,0,0,0,0,0,0,0,-1,0,0,0,0,1,0,0,1.0,3,0,0,-1,0,0,1,3.409319,0,0,0.373516,0,1,0,0,0,0,0,0,0,0,2,0,0,0,0,-1,0,0,0,0,0,0,0,-1,0,-2,0,1,2,3,0,0,0,0,0,0,0,0,0,0,-1,0,0,-0.47859,0,0,0.766886,0,2,0,0,0,0,0,-2,0,-2,0,1
0,0,0,1,0,-1,-1,-0.647989,0,-1,0,0,0,0,0,-2,-0.660255,0,0,0,0,0,0,0,0,0,0,0,-1,0,-1,0,1.0,1,0,0,0,2,-1,0,0.971181,-1,0,-0.482988,-1,1,0,0,0,-1,0,0,0,0,0,-2,0,0,-2,0,0,0,-3,0,0,0,0,0,0,0,2,0,0,0,0,0,0,2,0,0,0,0,0,0,0,-1,0,-0.356213,0,0,-0.701231,2,0,0,0,0,1,0,0,0,0,0,1
0,2,0,0,0,0,0,-0.73913,0,2,0,0,-2,0,0,3,-0.481466,0,0,-4,0,0,0,-1,0,0,1,0,0,0,1,0,1.01281,1,2,0,-2,0,0,0,0.56858,0,0,-0.670865,1,0,0,0,0,0,0,0,0,-1,1,1,1,0,1,0,0,0,0,0,1,0,0,-1,0,0,0,-1,1,0,2,0,0,0,0,0,0,-2,1,0,0,2,0,-0.550693,0,2,-0.51374,0,0,2,0,0,0,0,3,0,0,0,1
0,-1,0,-1,0,0,0,9.001785,-1,0,-1,-1,0,1,1,0,-0.473383,0,0,0,0,-1,0,0,1,0,0,3,0,0,0,-2,1.01419,2,3,0,2,0,0,0,1.524176,0,0,-0.596146,0,0,-1,0,-1,0,1,0,0,0,0,0,0,0,0,0,0,0,1,1,0,0,0,0,1,0,0,0,0,0,0,0,1,0,0,0,0,1,-1,1,0,0,0,-0.75638,0,0,-0.662549,1,0,-2,1,0,0,0,1,0,1,0,1
0,3,0,3,0,-1,0,1.7541,0,0,1,1,0,3,1,1,-0.79441,1,0,0,0,-1,0,0,0,0,0,0,0,1,0,0,1.18655,4,0,1,4,6,0,0,0.723981,-1,0,-0.581526,0,0,0,0,0,0,0,0,0,0,0,0,0,0,0,0,2,0,0,1,0,0,0,0,0,0,0,-1,0,0,0,0,0,4,-1,0,-1,0,0,1,0,0,3,-0.710604,0,1,-0.639249,0,2,0,0,-2,0,0,1,0,0,0,1
0,0,0,0,0,-1,0,1.7541,0,0,-1,0,0,0,1,0,-0.770562,0,0,0,0,-1,0,0,0,-1,0,0,-5,1,0,1,1.17706,3,1,2,0,0,0,0,2.792723,0,0,-0.541136,-1,0,1,1,1,0,1,-1,0,-1,0,0,0,-1,0,-1,0,0,0,1,0,-3,0,0,1,0,0,0,-1,0,2,0,0,0,0,0,1,-1,-1,1,0,0,0,-0.698444,0,0,-0.732467,1,0,0,0,-1,2,1,1,0,1,0,1
-1,0,0,0,0,-3,0,-0.60215,0,0,1,0,1,1,0,2,-0.785714,0,0,2,0,0,0,0,0,0,0,-2,0,0,0,0,0.6656,10,0,0,0,0,0,0,0.2,-1,0,-0.622916,0,0,1,0,0,0,0,0,0,0,-1,0,0,0,0,-2,0,0,1,0,1,1,4,0,2,0,1,1,0,0,0,1,0,0,0,0,0,0,0,0,0,0,0,-0.487204,0,0,-0.62739,0,-1,1,0,0,0,0,-2,0,0,0,1
0,0,2,0,0,-2,0,-0.638896,0,1,0,0,1,1,0,0,-0.413452,0,0,0,2,0,0,0,0,0,0,0,0,-2,1,1,0.78488,3,0,0,0,0,0,0,0.277307,0,0,-0.63397,1,0,-1,1,0,0,1,-1,0,0,-1,0,0,0,1,0,0,0,0,1,3,1,0,0,1,0,0,0,0,0,0,0,0,0,0,0,0,0,0,0,0,-2,2,-0.613395,0,0,-0.877522,-2,1,0,0,0,-1,1,1,0,0,0,1
0,0,0,0,0,0,0,-0.5598,0,0,0,0,0,0,0,1,-0.785714,0,0,0,0,1,0,0,-1,0,0,-1,1,-3,0,0,0.86531,5,0,0,0,0,0,0,0.2,0,-1,-0.620008,0,1,0,0,0,0,0,0,1,1,0,0,3,0,1,0,0,0,0,2,0,1,0,0,0,-1,0,-1,1,0,0,0,0,0,0,0,0,0,0,-1,0,0,0,-0.579242,0,0,-0.661955,0,0,0,0,-3,1,0,-1,0,-1,0,1
0,0,0,1,0,0,0,-0.841166,-1,0,0,-2,0,0,0,0,-0.154517,0,0,3,1,1,0,1,0,0,0,0,2,1,0,-2,1.17923,5,1,0,0,1,0,0,0.37732,0,1,0.194085,-1,0,0,0,0,0,0,0,0,0,0,0,1,0,0,1,0,0,0,1,0,1,2,0,0,0,0,0,3,1,2,0,1,0,0,0,0,0,0,0,-1,0,0,-0.781818,0,0,-0.728669,0,0,0,0,0,0,1,1,1,0,1,1
-2,0,2,1,0,0,0,-0.748599,0,0,1,0,0,-1,0,2,0.027467,0,0,1,0,0,-1,0,1,0,0,0,0,-1,1,0,1.68571,1,0,0,0,0,-1,0,1.106845,1,1,-0.79661,0,0,0,0,0,0,0,0,0,1,1,1,0,0,0,1,0,0,0,1,0,0,0,0,0,0,0,0,1,0,0,0,1,0,0,0,0,0,0,0,-1,2,1,-0.453839,0,0,-0.74332,0,0,0,0,0,0,1,1,0,-1,1,1
0,0,0,1,0,1,0,-0.884009,1,0,1,0,0,0,0,0,0.982106,0,0,0,0,1,-1,0,2,0,0,0,0,0,1,0,1.91101,3,0,-1,1,-1,0,0,0.59322,0,2,-0.791967,0,-1,0,0,1,0,0,0,0,1,1,1,0,3,2,0,0,0,0,0,1,0,1,2,0,0,0,1,0,0,2,0,1,1,0,-1,0,0,0,-1,0,1,1,-0.772882,0,1,-0.711211,2,0,0,0,0,0,0,0,0,0,1,1
0,0,1,1,0,-1,0,-0.503242,0,0,0,0,1,1,1,1,-0.584764,0,0,0,0,0,0,0,0,0,0,0,0,0,1,0,0.64798,4,0,0,0,0,-1,0,1.447355,0,0,-0.656957,-2,1,0,0,1,0,0,1,0,0,1,1,0,1,-1,-2,0,0,2,2,1,0,0,2,-1,0,0,-1,2,0,2,0,0,1,1,0,0,0,0,0,0,-1,0,-0.744681,0,0,-0.146841,1,0,0,0,0,1,0,0,0,0,0,1
0,0,0,1,0,1,0,-0.626496,0,0,0,0,0,0,-1,1,-0.649975,0,0,0,0,0,0,0,0,0,0,0,1,0,1,0,0.8405,12,0,1,2,0,0,0,1.984906,-1,0,-0.259578,0,1,0,0,1,0,0,0,0,0,0,1,0,0,0,0,0,0,0,0,1,0,0,1,1,0,1,0,0,0,0,1,0,1,1,0,0,0,0,0,0,0,1,-0.139582,0,0,1.93968,0,0,1,0,-1,1,0,0,-1,2,0,1
0,0,-1,0,-1,0,0,-0.538462,0,0,0,0,-1,0,1,0,-0.800183,0,0,0,0,0,0,-1,0,-1,0,0,-1,0,0,1,1.11429,2,0,0,0,-2,0,0,1.200151,0,-1,-0.692308,1,1,0,0,0,0,0,0,0,2,2,1,0,1,1,0,0,0,1,1,0,0,2,1,1,1,0,0,1,0,0,0,0,0,1,0,0,1,0,0,0,0,0,-0.748603,0,0,-0.625,0,0,0,0,0,1,0,0,1,0,0,1
0,0,0,1,0,0,-1,-0.735245,0,0,3,0,0,0,2,0,-0.584065,0,0,0,0,1,0,0,0,0,0,0,-3,0,0,0,0.7712,0,0,0,1,-2,0,0,0.826543,0,0,-0.836617,0,0,0,1,0,-1,0,1,0,2,0,1,0,0,0,0,0,1,0,1,-2,0,0,0,0,0,3,0,1,0,0,0,-1,0,0,0,0,1,0,0,0,0,-1,-0.753423,0,1,-0.576341,1,0,0,-3,0,0,0,0,0,0,0,1
0,1,0,1,0,0,0,-0.687575,-1,0,0,0,1,0,0,5,-0.759222,0,0,0,0,0,0,0,0,-1,-2,0,-1,1,0,0,0.74007,3,0,0,1,0,0,0,0.521935,1,1,0.088392,0,0,0,-1,0,0,-1,0,0,0,0,0,0,0,1,-1,0,0,0,0,0,0,0,0,1,0,0,2,1,0,0,0,0,0,0,0,0,0,0,-1,0,0,0,-0.760155,0,0,-0.10542,0,0,0,-1,0,0,1,1,0,0,0,1
0,0,0,1,0,0,0,-0.38645,0,0,0,-1,-1,1,0,0,-0.714286,1,0,0,0,0,0,2,0,0,1,2,0,1,0,0,0.89835,3,-1,0,1,-1,0,0,0.729002,2,2,-0.449337,0,0,0,0,0,0,-1,0,0,0,0,0,0,1,0,0,0,0,-1,0,0,0,0,2,-3,-1,0,0,1,0,0,0,0,0,0,0,0,0,0,0,0,0,-1,-0.625795,0,-1,0.055126,-5,0,3,0,0,0,0,0,0,0,0,1
0,2,1,0,0,3,1,-0.586207,0,0,0,0,0,0,0,0,-0.531999,0,0,0,0,1,0,0,0,0,0,0,2,3,-2,0,1.00657,1,0,0,0,0,1,0,2.376485,0,0,3.388885,0,-3,0,0,0,0,0,0,1,0,0,0,0,0,1,0,0,0,0,0,0,0,0,1,0,1,0,0,-1,0,0,0,0,0,0,0,1,0,0,1,0,2,0,-0.666949,0,0,-0.755102,0,0,0,0,0,0,0,-2,2,2,1,1
0,0,0,1,-1,-1,-1,-0.041297,0,0,0,2,-3,1,0,0,-0.454545,0,0,0,-1,0,0,0,0,0,-1,2,0,0,-1,0,0.85714,7,1,0,0,-1,1,0,3.26667,0,1,-0.432411,0,-1,0,0,0,0,0,0,1,0,0,0,0,1,1,0,0,0,0,0,1,0,0,-1,0,0,0,0,-1,0,0,0,1,0,0,0,0,-1,0,0,0,0,0,-0.588463,0,3,-0.729478,0,0,0,0,-2,0,0,-1,1,1,1,1
0,0,0,0,0,0,0,-0.75325,-1,0,-1,0,0,0,2,0,-0.454545,0,0,0,0,0,1,0,0,0,0,0,2,-1,0,0,0.85714,4,1,0,1,1,1,0,3.26667,0,0,-0.6,-3,0,0,0,0,-1,0,0,1,0,0,0,1,-1,0,0,0,1,0,0,1,0,0,-1,0,1,0,0,0,0,0,0,3,3,0,-1,1,0,0,0,0,0,0,-0.61851,0,0,-0.768053,0,0,0,0,0,0,-1,1,0,2,1,1
0,0,0,1,0,0,-3,-0.788816,0,0,0,0,-1,0,0,1,-0.807645,0,0,0,2,0,0,0,0,3,0,-1,0,0,0,-1,0.7507,2,0,0,0,0,0,0,3.095853,0,-1,-0.554681,0,0,0,0,0,0,0,0,0,0,4,0,-3,2,-2,0,0,-1,3,0,0,1,1,0,0,0,1,0,-2,2,0,0,0,0,0,0,-1,0,0,1,0,0,0,-0.6,0,0,-0.477306,0,-1,0,2,0,0,0,-3,-1,0,1,1
1,0,-1,1,0,0,0,-0.076071,0,0,0,0,0,0,0,0,-0.7,0,0,-3,0,0,0,-1,0,1,0,0,-2,0,1,0,1.82894,7,0,0,0,0,0,0,2.25,0,0,-0.700332,0,0,0,1,0,0,0,0,0,0,0,1,0,0,0,0,0,0,0,0,0,0,0,3,0,1,0,0,-2,0,0,0,1,0,0,0,0,0,0,1,0,0,0,-0.461195,0,0,3.574871,0,0,0,0,0,0,0,0,0,1,1,1
0,0,0,1,0,4,0,0.134532,0,0,0,0,0,-2,3,0,-0.484954,0,0,0,0,0,0,0,0,0,0,0,0,3,0,0,1.71888,5,1,0,0,0,0,0,2.19109,0,0,-0.651009,0,0,-2,0,0,0,0,-1,0,3,0,0,0,0,1,-1,-1,0,0,0,0,1,0,0,-1,0,1,0,-1,0,0,0,0,0,0,0,0,0,0,0,0,0,1,-0.858999,0,0,-0.463701,0,0,-1,0,0,1,0,0,0,-1,1,1
0,0,0,1,0,0,0,-0.849522,0,0,2,0,0,0,0,0,-0.202984,0,0,1,0,0,3,-1,0,0,0,0,0,0,0,0,1.59124,14,0,0,1,0,0,1,2.224585,0,0,-0.395371,-1,3,0,0,0,0,0,0,0,0,-1,0,1,0,1,2,0,0,-2,0,1,2,1,0,1,0,3,0,0,0,1,0,0,-1,0,0,0,0,0,0,0,0,0,-0.647059,0,1,-0.550155,-1,0,0,0,0,1,0,0,0,1,0,1
0,0,0,0,0,0,-1,-0.803279,0,0,2,0,-1,0,0,1,-0.732529,0,0,0,1,0,0,0,-1,0,1,0,-1,2,-3,0,1.51918,7,0,1,-1,0,0,0,1.256019,0,-3,-0.684076,0,0,0,0,0,0,0,1,0,0,0,0,0,0,-1,2,0,1,0,0,0,0,1,2,-2,0,0,0,0,-2,0,0,0,0,1,0,1,-2,0,0,0,0,0,-0.655613,-1,1,-0.587451,0,0,0,0,0,1,2,2,3,1,0,1
0,2,1,2,0,0,-1,-0.01222,0,0,0,0,0,0,0,0,-0.764847,0,0,0,0,0,0,0,0,0,0,0,0,0,-1,0,1.60722,-18,0,0,0,3,0,-1,1.956254,0,1,-0.727906,1,1,0,0,0,0,0,0,0,1,0,0,0,0,0,0,1,0,0,0,0,0,0,0,0,0,0,0,-2,-1,0,1,0,-3,-1,0,0,0,0,0,0,0,0,-0.781799,0,0,-0.594225,0,0,0,0,0,0,0,1,-1,5,0,1
0,1,0,1,0,2,0,2.655083,0,1,0,0,-1,0,0,1,7.734735,0,0,0,1,0,0,1,-1,0,1,0,0,0,0,-1,0.51429,0,0,0,0,0,0,0,1.208323,1,0,-0.333333,2,0,-1,0,0,0,-1,0,0,0,0,1,0,0,0,0,0,0,0,1,0,-1,0,1,0,0,0,0,0,0,0,1,0,0,0,0,0,0,0,0,-1,-2,0,-0.637327,0,0,-0.654922,0,1,-2,0,0,0,0,-1,0,0,0,1
0,0,0,0,0,0,0,0.090909,0,-1,0,1,0,0,0,0,7.5,0,-1,-1,1,0,0,0,-1,0,1,0,3,0,-1,0,0.98319,2,1,0,0,1,0,0,0.944444,1,1,-0.333333,0,0,0,0,0,0,0,0,0,-1,0,-1,0,1,0,0,0,-1,0,0,0,1,0,0,0,0,-1,0,0,0,0,0,-4,0,0,0,0,2,0,0,0,-2,-3,-0.657143,0,0,-0.794929,0,1,0,0,-2,1,2,-1,1,1,0,1
0,1,-1,0,0,1,0,-0.045248,0,1,0,0,0,0,0,0,8.201934,0,0,0,1,0,0,0,0,0,1,0,0,0,0,1,0.65871,0,0,0,0,0,-1,0,1.260397,2,0,0.206836,0,0,0,1,1,0,0,0,1,0,0,1,0,1,0,0,0,0,0,0,0,1,0,1,0,0,1,-4,0,0,0,0,-1,0,0,0,0,0,-1,0,0,0,0,-0.560272,0,0,-0.661552,0,1,0,0,0,0,0,0,2,0,0,1
0,2,-2,1,0,0,0,-0.483276,0,0,1,0,-1,0,1,0,-0.830986,1,0,0,1,0,0,0,1,0,0,0,0,0,1,0,0.97403,1,0,0,2,0,0,-1,2.888619,-1,0,-0.374456,-3,0,0,0,0,0,0,0,0,0,0,0,-1,0,0,0,0,0,0,4,1,0,0,0,0,0,0,0,0,4,0,0,0,-2,0,-1,-1,3,0,0,0,0,-1,-0.75,0,0,-0.136441,0,0,0,0,0,-2,0,1,1,1,0,1
0,-1,0,-1,0,0,0,-0.847351,0,0,1,0,0,-1,0,0,3.566,0,0,2,0,0,2,0,0,0,0,0,0,0,3,0,0.91429,6,0,0,0,5,0,0,1.430333,0,0,-0.020076,0,1,0,0,0,0,0,0,0,0,0,1,-3,0,0,-1,0,0,3,2,0,0,0,0,0,0,0,0,0,0,0,0,1,1,0,0,0,1,0,0,0,2,0,-0.75,0,0,-0.690438,0,0,0,0,0,0,0,0,0,0,0,1
0,0,0,0,0,0,0,-0.636364,-2,0,0,0,0,0,-4,0,-0.326909,0,0,0,0,0,0,0,-1,0,-1,0,2,-1,1,0,2.08058,4,0,1,0,0,0,0,1.65625,0,-1,-0.13503,0,0,0,0,0,1,0,0,0,-2,1,1,2,0,0,0,0,0,1,0,0,0,1,0,0,0,1,0,1,0,0,0,0,0,0,0,0,0,1,0,0,0,0,-0.853757,0,0,-0.787995,0,0,0,0,0,0,0,0,1,0,0,1
0,0,0,1,-1,2,-1,-0.480669,0,0,0,0,1,0,0,0,-0.652507,0,1,0,1,0,0,1,0,4,0,0,0,0,0,0,0.58074,5,-1,0,1,0,0,0,1.189359,0,0,-0.708295,0,0,0,0,0,0,0,0,-1,0,0,0,0,0,-2,0,0,1,0,0,0,0,0,3,0,0,0,0,0,4,3,0,0,1,0,0,-1,0,0,0,0,1,0,-0.69314,0,0,-0.495116,0,1,0,0,0,0,2,0,0,1,1,1
0,0,0,1,0,2,-2,-0.474473,0,0,0,0,0,0,0,0,-0.63384,1,1,0,1,0,0,0,0,0,0,3,0,0,0,0,1.21179,7,0,0,0,0,0,0,2.081718,2,0,-0.026033,0,0,0,0,0,0,0,0,0,0,-1,1,2,1,0,0,0,0,0,0,0,0,0,0,0,0,0,0,5,2,0,0,1,0,0,0,1,0,-1,1,0,1,0,-0.73127,0,0,-0.735096,0,0,0,0,0,1,0,1,0,0,1,1
-1,0,2,0,0,0,0,-0.574706,3,0,-1,0,1,-1,0,0,-0.614622,0,1,0,1,0,0,1,0,0,0,0,0,0,0,0,1.11429,7,0,0,0,0,0,-1,2.817485,0,-2,-0.422367,0,2,-2,2,0,0,0,-1,0,0,-1,0,0,0,2,0,1,1,0,0,0,0,0,0,0,-2,0,0,0,0,2,0,1,1,1,0,0,0,0,1,0,1,0,-0.70081,0,-1,-0.608047,0,0,0,0,-1,0,0,0,0,1,1,1
0,0,-1,0,0,0,0,-0.727287,0,1,0,0,1,0,0,0,-0.467457,0,0,0,0,1,0,0,1,0,0,-1,0,0,1,-1,1.16145,8,0,0,0,-1,0,0,2.425695,0,0,-0.668479,0,0,1,0,0,0,-2,0,0,0,0,2,0,0,2,0,0,0,4,0,0,1,-1,0,3,1,0,0,0,0,0,0,1,0,1,0,0,1,0,1,0,0,0,-0.740028,0,0,-0.528412,0,0,0,0,0,1,0,0,1,0,1,1
0,2,1,1,0,0,0,-0.678102,0,1,0,0,0,0,0,1,-0.688496,0,0,-1,0,1,-1,0,0,0,1,2,0,0,0,-1,1.08571,1,0,0,-1,0,0,0,2.28947,0,0,-0.217106,0,0,0,0,0,0,1,0,1,0,3,0,0,0,0,0,0,0,0,0,0,5,0,2,2,1,0,0,0,-1,0,0,-1,0,1,0,0,0,0,0,0,-1,0,-0.728739,0,0,-0.656228,2,0,2,0,0,1,-2,0,0,1,1,1
0,1,0,1,0,2,-1,-0.831212,0,1,0,0,0,0,0,0,-0.675676,0,0,1,1,1,0,-2,0,0,0,2,0,0,0,1,0.88949,1,-1,1,0,0,0,0,2.432536,0,0,-0.689287,0,1,0,1,0,-1,0,0,0,0,0,0,2,0,0,2,0,0,0,0,1,1,-1,-1,-1,0,3,0,0,0,0,0,-1,-1,1,0,-1,0,0,0,0,0,0,-0.764146,0,0,-0.570093,0,-2,0,-2,1,0,1,0,0,-1,1,1
0,0,-1,0,0,0,0,-0.713644,-2,0,1,0,-1,0,3,0,-0.567473,0,0,0,0,0,-2,0,0,0,0,0,0,0,1,1,0.92943,1,0,1,0,0,0,0,0.222173,0,0,-0.588173,-1,0,-3,1,1,0,0,0,0,0,0,0,2,0,0,0,0,0,0,0,0,0,0,0,0,0,0,0,1,0,1,-1,0,1,0,0,0,0,0,-1,0,0,0,-0.649006,0,0,-0.901972,0,0,0,0,2,0,0,0,-1,-1,0,1
-1,3,-2,0,-1,0,0,-0.867082,0,1,0,0,0,-1,0,0,-0.720303,0,-1,0,3,0,-1,-2,0,-1,1,2,0,3,3,0,0.62119,1,-1,0,-1,0,0,0,0.223145,0,0,-0.55276,1,-1,-1,0,1,0,2,0,0,0,1,0,0,0,0,0,0,0,0,0,0,0,0,2,0,0,2,0,3,0,-1,0,1,-1,0,0,0,1,0,0,0,0,2,-0.824857,0,0,-0.764706,0,-1,0,0,0,0,0,2,0,1,0,1
0,0,0,0,0,3,0,-0.666811,0,0,0,0,-1,0,-1,0,-0.407723,0,0,4,0,-2,0,0,0,0,-2,0,0,0,0,0,0.6161,2,0,0,-1,0,0,0,3.150278,6,0,3.058071,0,0,-1,0,1,0,0,0,0,0,0,0,0,0,1,0,0,0,0,0,0,0,0,3,1,0,0,0,0,0,0,0,0,0,0,0,1,0,0,0,0,-1,-1,-0.67297,0,0,-0.653638,0,4,0,0,0,1,0,0,1,0,0,1
1,0,-1,0,0,1,0,7.108926,-1,0,0,0,-1,0,1,0,-0.838577,0,0,-1,0,1,0,1,0,-1,0,0,1,1,0,0,1.62555,3,0,1,0,-1,1,0,1.538724,1,-1,-0.864307,1,0,0,0,0,0,1,0,0,2,0,0,0,0,0,0,0,0,0,0,0,0,0,0,1,0,2,-1,0,1,1,0,0,1,0,0,0,-1,0,1,0,1,0,-0.886949,0,1,-0.927233,1,0,1,1,0,1,0,1,0,0,1,1
0,-1,0,0,0,0,0,4.380939,0,0,0,-2,1,0,0,2,-0.585809,0,0,1,-1,1,0,1,0,0,2,0,1,0,0,0,1.62699,8,0,0,0,0,1,0,3.465378,0,0,-0.849292,-1,-2,0,-1,-1,0,0,0,-1,1,0,0,-4,0,-1,0,0,0,0,0,2,0,0,0,3,0,0,0,4,0,0,0,0,1,0,0,0,0,0,0,0,1,0,-0.819307,0,0,-0.663552,0,0,1,0,0,-1,0,0,0,0,1,1
0,0,0,0,0,0,0,8.42857,0,0,0,0,-1,0,0,0,-0.495907,0,0,0,0,0,-2,1,0,0,0,0,1,1,0,0,1.26054,4,0,0,1,0,0,0,1.81579,0,-1,-0.60884,0,0,0,0,-1,0,0,0,0,0,0,1,0,-4,0,0,0,0,0,-1,0,-1,0,0,1,0,1,2,0,1,1,0,0,1,-1,0,0,0,0,1,0,1,0,-0.441932,0,0,-0.675676,1,0,0,0,0,0,0,0,1,-1,1,1
0,0,0,0,0,0,0,-0.635614,-1,0,0,0,1,0,0,2,7.522935,0,-2,0,1,0,1,0,-2,0,0,0,0,0,1,0,0.88571,13,0,0,0,7,0,0,1.285219,0,0,-0.761409,1,0,0,-1,0,0,0,0,0,1,0,1,0,0,0,0,0,0,-1,0,-1,0,0,0,2,0,0,0,1,0,0,0,0,-1,0,1,0,0,0,1,0,-4,0,0.553703,0,0,-0.740916,-1,0,0,0,0,0,0,0,0,0,1,1
0,0,0,-1,0,1,0,-0.705784,0,-1,1,0,0,0,0,-1,-0.129064,0,0,0,1,2,0,0,0,0,0,0,0,0,1,0,0.91447,4,0,0,0,0,0,0,0.834301,0,0,-0.671531,0,-1,-1,0,0,0,1,0,0,1,0,0,0,0,0,0,1,0,0,0,-1,0,0,0,0,0,0,0,1,0,-1,0,0,-1,0,1,0,0,0,-2,0,0,0,-0.5673,0,0,-0.809154,0,0,0,0,-1,0,0,0,0,1,1,1
0,0,0,0,0,2,0,-0.564156,0,0,1,0,0,-1,0,0,1.353803,0,0,2,1,0,0,0,1,0,0,0,1,0,1,0,0.73179,3,0,0,0,0,0,0,0.542949,2,0,-0.568724,0,3,1,1,0,0,0,1,0,0,0,1,-1,1,0,0,0,0,0,0,0,0,0,0,0,0,0,0,1,0,-1,0,0,1,0,0,0,0,1,1,1,0,1,-0.769231,0,1,-0.662288,0,0,-1,0,0,0,1,0,0,0,1,1
0,-1,6,0,1,0,2,-0.514598,0,0,0,1,0,2,0,1,-0.73194,0,1,1,4,0,1,0,0,-1,0,0,0,0,1,-1,1.71575,3,0,0,0,0,0,0,1.35678,0,0,-0.80997,0,0,1,-1,0,-1,0,0,0,0,0,0,0,-2,0,0,0,0,0,1,0,1,0,-1,0,0,1,0,0,0,0,0,0,0,0,0,0,1,0,-2,0,0,-1,-0.700646,0,0,-0.658617,0,0,0,0,2,0,0,1,0,0,1,1
0,0,0,-1,0,0,2,-0.530775,0,0,0,1,0,0,1,1,0.193412,0,1,1,0,0,0,0,0,0,0,2,2,-2,1,0,1.64298,8,0,0,0,2,0,0,1.203457,0,1,-0.832336,0,0,0,0,-2,0,0,0,0,0,0,0,0,0,0,0,0,1,2,0,0,1,-1,0,0,0,0,0,0,0,3,0,0,-1,0,0,0,-4,0,0,0,0,0,-0.773777,-2,0,-0.691645,0,0,0,-1,0,0,1,-2,0,0,1,1
0,0,-1,0,0,0,4,-0.737165,0,0,1,1,0,3,1,0,-0.781818,0,1,1,0,0,0,0,1,1,0,0,0,0,0,-1,1.50365,4,0,-1,0,0,0,0,1.24528,0,0,-0.685928,0,0,0,-3,1,0,0,0,0,0,0,0,3,-1,0,0,1,0,-2,1,0,3,0,0,0,-1,0,0,0,4,0,0,1,0,0,0,0,-2,0,0,0,0,0,-0.174957,0,0,-0.143773,0,0,2,-1,0,0,0,0,1,0,1,1
0,0,2,0,0,0,0,-0.647436,0,1,1,0,0,0,0,0,-0.478261,0,0,1,1,0,0,5,0,0,1,0,0,0,0,0,1.37085,2,0,0,0,0,0,-2,1.388925,0,0,-0.724329,0,0,0,0,1,0,0,0,0,0,-2,3,-1,1,0,0,0,1,0,0,0,1,-2,0,0,0,-1,0,0,-1,0,0,0,2,0,0,1,1,0,4,0,0,0,-0.71045,0,1,-0.540084,0,0,0,0,0,0,-1,0,0,0,1,1
0,0,0,0,-1,0,0,-0.795097,0,1,0,0,0,0,0,1,-0.826813,0,1,1,0,1,0,0,-2,0,0,-1,0,0,0,1,1.23483,4,0,-1,0,-1,0,-2,1.34146,0,0,-0.898413,0,0,0,0,-1,0,0,0,0,0,0,0,1,0,-1,-1,0,1,2,0,0,0,0,1,0,0,1,0,0,1,2,0,0,10,0,0,-1,0,0,-1,0,-3,0,-0.850536,0,0,-0.718056,2,0,3,0,0,0,0,-1,0,0,1,1
0,-1,0,1,0,0,-1,-0.873684,0,0,0,0,0,1,0,0,-0.566481,0,0,0,0,0,0,-1,0,0,0,0,0,0,0,0,3.43502,1,0,-1,0,0,0,0,1.093953,0,0,-0.667761,1,0,0,0,0,0,0,0,0,0,1,1,0,1,0,1,3,1,-2,1,0,0,0,0,3,0,0,1,0,0,0,0,0,0,0,0,1,0,0,1,0,1,0,-0.622241,0,0,-0.563871,0,0,0,0,0,0,0,-1,0,0,1,1
0,0,2,0,0,0,2,-0.76,0,0,0,0,0,0,0,0,-0.897899,0,-1,0,1,-1,-1,1,0,1,0,0,0,0,0,0,1.72689,4,0,0,1,0,0,0,1.802285,2,0,-0.591486,0,1,0,0,0,0,-1,0,0,2,0,0,3,0,2,0,-1,-1,0,0,0,0,1,0,0,0,1,0,-1,0,0,0,-2,1,0,1,2,0,1,1,1,1,2,-0.771373,0,0,-0.701223,3,0,0,0,0,0,0,0,1,0,1,1
0,0,0,2,0,0,0,-0.76,0,0,-1,0,0,0,0,0,0.9878,0,0,0,1,0,0,0,0,1,0,0,0,0,0,0,2.97027,-6,0,0,0,0,0,0,1.243276,0,0,-0.754772,-1,-2,0,0,0,2,0,0,0,0,0,0,2,0,0,2,0,0,0,2,0,0,0,0,0,0,1,0,0,2,0,0,-1,1,0,0,0,3,0,1,0,1,-1,-0.81487,0,0,-0.829539,0,0,2,0,2,0,2,1,0,0,1,1
0,0,0,1,0,0,0,-0.76,0,0,0,0,1,0,0,0,-0.323361,1,0,0,1,0,0,-1,-1,2,0,0,0,0,-1,-1,3.06462,1,1,1,0,0,0,0,1.468753,2,0,-0.794865,0,1,-1,0,0,0,0,0,0,-3,0,0,2,0,1,0,0,0,0,1,0,0,0,1,0,0,0,1,0,0,0,0,0,0,0,0,0,0,0,1,1,0,1,-0.810786,0,2,-0.711376,0,0,0,-1,0,-2,0,1,-1,-1,1,1
0,1,0,0,0,4,0,0.003056,0,0,0,0,0,0,2,0,1.080191,0,-1,1,0,0,0,0,0,0,0,0,0,0,3,0,2.13708,1,0,0,0,1,0,0,0.467796,3,0,-0.8453,0,0,0,0,0,0,0,1,0,0,0,0,0,0,0,-1,0,0,0,0,0,-1,0,0,0,0,0,2,-1,2,0,0,0,2,-1,0,-2,0,0,0,0,0,0,-0.579106,0,-1,-0.658732,0,0,0,1,0,0,-2,0,0,0,1,1
0,2,2,0,0,0,-1,-0.708884,0,0,0,0,0,0,3,1,-0.832805,0,-1,1,0,0,0,0,0,-2,-1,2,3,0,-2,0,2.03145,13,-1,0,1,1,0,1,0.512742,0,0,-0.852562,-1,-1,0,0,0,0,0,0,1,2,0,0,0,2,-1,0,0,0,0,1,0,0,0,0,1,0,0,0,0,1,0,0,0,0,0,0,0,-1,0,1,0,-1,1,-0.692308,0,0,-0.634133,0,0,0,0,0,0,0,0,0,0,1,1
0,4,0,0,0,0,0,-0.707317,0,0,2,0,-1,-1,0,0,0.685037,0,0,1,0,0,0,0,0,0,0,0,2,0,0,0,0.9625,8,0,0,0,0,0,0,0.572256,0,0,-0.887727,-1,0,0,0,0,1,0,0,0,0,0,0,0,-1,0,0,0,0,0,1,0,2,0,0,0,1,0,0,1,-1,2,0,0,3,0,0,0,0,-1,4,0,0,0,-0.701158,0,0,-0.736754,0,0,0,-2,0,0,0,0,1,0,1,1
0,1,2,0,0,0,0,-0.661756,0,0,0,0,0,-1,0,1,-0.581523,0,0,0,0,0,0,0,0,0,0,0,0,2,0,1,1.05521,6,0,0,0,0,0,0,1.575141,0,0,-0.748972,0,0,0,0,0,0,0,0,0,0,1,0,1,0,1,0,0,-1,0,0,1,0,1,0,0,1,0,0,0,0,2,1,0,0,0,0,0,0,0,0,0,1,0,-0.809524,1,0,-0.571429,-1,0,0,0,0,0,0,1,0,-2,1,1
0,1,0,0,0,0,1,-0.628161,1,0,0,-1,0,0,0,0,-0.5,0,0,0,1,0,0,0,0,0,-2,0,0,0,0,0,2.9839,2,0,0,0,0,0,0,1.48,0,0,-0.747791,-1,1,1,0,0,0,0,0,0,1,1,4,0,0,1,0,0,-1,1,0,0,0,1,4,1,1,0,0,0,0,0,0,0,-3,0,0,1,-1,0,-1,1,0,0,-0.682517,0,0,-0.340095,0,0,0,0,0,1,0,0,0,1,1,1
0,1,0,0,0,1,0,-0.636182,0,0,0,0,0,-1,0,0,0.41111,0,0,0,1,0,0,0,0,0,0,1,0,5,1,0,1.85802,3,0,0,0,1,1,0,2.144392,0,0,-0.785004,0,-2,0,0,0,-1,0,2,0,1,0,0,0,1,0,0,0,0,0,0,2,-1,0,0,0,0,0,-1,0,0,0,0,0,0,0,0,0,0,0,0,0,-2,0,-0.811118,0,0,-0.550169,0,0,-1,0,0,0,0,1,1,0,1,1
0,0,-1,0,0,0,0,-0.510029,0,0,1,-1,1,0,0,0,-0.674326,1,0,0,0,0,1,1,0,0,0,0,1,0,0,0,2.08058,5,0,1,0,0,0,1,0.561867,1,1,-0.611415,-1,0,0,0,0,0,1,0,0,0,0,-1,0,0,1,0,0,0,0,0,0,2,1,0,0,-2,0,1,1,1,0,-1,1,0,0,0,0,0,0,1,-1,0,1,8.41176,0,0,-0.679048,0,0,1,-1,0,0,0,1,1,0,1,1
0,0,0,0,0,0,0,-0.402081,1,0,1,0,0,0,0,0,-0.72236,0,0,0,0,0,0,0,0,0,0,0,0,3,0,1,1.78698,5,0,0,1,0,0,0,1.029,2,0,-0.80631,0,1,0,0,0,0,0,0,0,0,0,1,0,0,0,0,0,0,0,0,0,3,0,0,0,0,0,1,0,0,0,1,0,0,0,0,1,0,0,1,0,1,1,8.590261,0,0,-0.86887,-1,0,-1,2,0,-1,1,1,1,0,1,1
0,0,0,-1,-1,0,0,-0.669857,0,0,1,0,0,0,-1,0,-0.70199,0,-1,0,0,0,1,0,0,0,0,2,0,0,0,1,1.79528,5,0,1,1,0,0,1,0.872563,0,0,-0.811748,0,1,0,0,0,0,0,0,0,0,-1,1,0,0,1,0,0,0,0,0,0,-1,1,0,0,0,0,1,0,0,0,0,1,0,0,0,1,0,1,1,0,0,0,8.41176,0,0,-0.833095,0,0,0,0,0,0,2,1,2,0,1,1
0,0,-1,2,0,0,3,-0.76,1,0,1,0,1,1,0,0,-0.660477,1,0,1,0,0,1,0,0,0,0,0,0,0,0,1,1.09763,9,0,0,1,-1,1,0,0.363268,0,0,-0.360297,0,0,-1,0,0,0,0,-2,0,0,1,0,0,0,1,-1,0,0,0,0,0,0,3,4,0,0,-1,0,2,0,1,0,0,1,1,1,0,0,0,1,0,0,0,-0.767667,1,0,-0.691726,0,1,0,0,0,1,0,0,-1,0,0,1
0,2,-1,0,0,0,0,-0.76,0,0,0,0,0,0,0,0,-0.607254,0,-1,1,0,0,0,0,0,0,0,-1,2,0,0,0,0.47166,1,0,0,0,0,-1,0,1.466281,0,0,-0.528427,-2,0,0,0,0,-1,-1,-1,0,2,1,0,0,0,0,0,2,-1,0,1,0,0,0,0,0,0,0,0,1,0,0,0,1,1,0,0,0,0,0,1,0,5,-1,-0.637417,0,1,-0.812244,-2,0,0,-2,0,1,0,0,1,0,0,1
0,2,0,0,0,2,-1,-0.780601,0,0,-3,0,0,0,0,2,-0.703218,0,1,0,0,0,0,-2,0,0,0,0,2,0,1,-2,0.7121,2,0,0,0,-1,0,0,2.281067,2,1,-0.559678,0,0,0,0,0,0,0,0,-1,1,0,0,0,-1,3,0,0,-1,0,0,3,0,0,0,1,1,0,0,0,0,0,0,0,0,0,0,0,0,0,1,0,0,0,-0.640494,0,0,-0.595943,0,0,1,0,0,1,0,-2,0,0,0,1
0,0,5,1,0,0,-2,-0.584932,1,0,0,0,0,0,0,0,-0.217488,0,0,0,0,0,-1,0,0,0,0,0,-1,0,0,0,0.74286,0,0,0,-5,1,0,1,1.395058,-1,0,-0.682006,1,0,0,0,0,0,0,0,0,0,1,0,0,0,0,3,0,0,1,0,0,3,-1,0,0,0,0,0,0,0,0,0,0,0,1,0,1,0,-1,-1,0,0,0,0.269186,0,0,-0.847137,2,1,0,0,1,0,0,0,0,1,0,1
0,0,0,1,0,0,1,-0.446763,1,0,0,0,0,0,0,1,-0.284103,0,-1,0,0,0,-1,0,-1,0,0,0,0,0,0,0,1.68501,6,0,1,0,0,0,0,1.759837,0,0,-0.651742,1,0,3,0,-2,0,0,0,0,0,0,0,0,0,0,-1,0,0,2,0,1,0,0,0,0,0,0,0,1,0,0,0,-1,0,1,0,-1,0,0,1,0,2,1,-0.672537,0,0,-0.729659,-1,0,0,-1,0,0,-1,-1,-1,1,0,1
-1,0,0,1,0,0,1,-0.325009,1,0,0,-1,0,0,0,0,-0.581758,0,0,0,1,0,0,0,1,0,0,2,0,0,0,0,0.74286,4,0,0,0,1,2,0,1.417395,0,-1,-0.081965,-1,1,2,0,0,0,1,0,0,0,1,0,0,0,0,0,0,0,1,0,0,0,0,0,0,0,0,-2,0,-1,5,0,0,0,1,1,0,-1,1,0,0,0,0,-0.628809,0,0,-0.806452,2,0,0,0,0,0,0,-5,0,1,0,1
0,0,0,-2,0,0,-1,-0.538471,0,0,0,-1,-7,0,0,0,-0.594971,0,-1,0,0,0,-2,0,0,0,0,0,0,0,-1,0,0.68571,9,0,0,1,0,0,0,0.865864,0,-1,-0.5,0,0,0,0,0,-1,0,0,0,2,1,0,-1,1,-2,0,0,0,1,2,0,2,0,0,0,0,0,-2,1,0,2,0,0,0,0,0,1,0,0,0,0,0,0,-0.757625,0,0,-0.030982,0,0,0,-1,0,4,2,0,-2,0,0,1
0,1,-1,0,0,-1,-1,-0.607333,-1,0,-2,-1,0,0,0,0,-0.392868,0,-1,0,1,1,0,0,0,0,0,0,0,-1,1,0,1.0742,1,-1,0,0,2,1,0,0.661741,0,0,-0.126033,1,0,1,0,1,1,0,0,0,1,1,0,-1,0,0,0,0,0,2,0,1,0,0,0,0,0,0,0,0,2,0,0,1,0,0,-1,0,0,0,-1,0,1,0,-0.700942,0,0,4.705388,1,0,-1,-1,0,0,0,1,0,-2,0,1
0,-2,0,0,0,1,0,-0.241036,0,0,0,0,0,2,0,0,0.15708,0,0,0,0,-1,0,0,-2,-1,0,2,0,-1,1,1,1.68213,1,0,1,1,0,-1,0,0.712803,0,0,0.239033,-1,0,0,0,-2,0,0,0,2,0,-1,0,0,1,-1,0,0,0,0,0,0,0,0,-1,0,1,1,0,1,0,0,0,0,0,0,0,0,0,0,0,0,0,0,0.380666,0,0,-0.555556,0,0,0,0,0,1,1,1,0,2,0,1
0,0,0,0,1,0,0,0.13987,1,0,-3,0,2,1,0,0,-0.743834,0,0,1,0,0,0,2,0,0,1,2,0,1,0,0,2.28571,10,3,0,0,0,0,0,1.756291,0,1,-0.779746,0,1,1,0,0,1,0,-1,0,0,0,0,2,1,0,0,0,0,0,1,0,-2,-1,0,3,0,0,1,1,0,0,0,0,0,0,0,0,0,0,0,0,-1,1,-0.600919,0,0,-0.562033,0,0,3,0,0,0,0,0,0,2,1,1
0,-1,0,0,0,0,1,-0.727273,0,0,0,0,0,1,-1,0,-0.599163,0,0,1,0,0,0,1,0,0,0,0,-1,0,0,0,1.89168,2,1,1,0,1,0,0,0.675,1,0,-0.850106,-3,1,3,0,0,-1,0,0,0,0,1,-1,1,0,3,0,0,0,0,-1,0,0,0,0,0,1,0,0,1,1,2,0,0,0,0,0,0,0,-1,0,0,0,0,-0.4,0,0,-0.732161,2,0,0,1,1,0,0,0,0,0,1,1
0,0,0,0,0,0,0,-0.727273,0,0,-2,0,0,0,0,0,-0.620167,0,0,0,0,0,-1,0,0,0,1,0,2,3,0,0,2.61174,6,0,0,0,0,0,0,0.593395,3,0,-0.889661,0,1,1,0,0,1,0,0,0,0,0,-1,0,1,0,1,0,0,2,1,1,0,0,0,0,2,1,0,1,0,0,0,0,0,0,0,0,-2,0,-1,0,0,1,-0.308153,0,0,-0.478703,0,0,0,0,0,1,1,0,0,1,1,1
0,0,3,0,0,0,0,-0.733333,-1,0,0,0,2,2,3,2,-0.588321,0,0,0,1,0,0,0,0,0,0,0,4,0,0,0,2.412,2,-1,0,-2,0,0,0,2.299226,0,0,-0.773051,0,0,-1,0,1,0,0,0,-1,0,0,1,0,0,3,0,0,0,0,0,1,-5,0,0,3,0,-1,1,0,0,0,0,-1,1,0,1,0,0,0,0,0,0,0,-0.28147,0,0,-0.604364,0,0,0,0,0,1,-1,-1,0,0,1,1
0,0,2,0,2,0,0,0.118202,0,0,1,1,0,0,0,2,-0.661756,0,1,2,0,0,0,0,0,0,0,0,0,2,0,0,2.59588,8,0,0,-1,0,0,0,0.969773,2,0,-0.730317,0,0,3,-1,1,0,0,0,0,0,0,0,0,0,0,0,0,1,0,-1,1,0,-2,1,0,0,-2,1,0,0,0,0,0,1,0,0,0,0,0,0,0,1,0,-0.002243,0,0,-0.735504,2,-1,0,-1,0,1,2,-2,0,-3,1,1
0,2,0,1,0,1,0,-0.656423,-1,0,0,1,0,1,0,0,-0.64692,0,0,1,0,0,0,0,0,0,0,0,0,0,0,0,1.81305,11,1,-1,-3,0,1,0,0.93372,0,0,-0.795299,0,0,-1,0,1,0,0,0,-1,0,0,0,0,0,3,0,0,0,0,0,0,0,0,1,0,0,0,0,0,0,0,0,0,1,0,0,0,0,0,0,0,-1,0,-0.825891,1,1,-0.789474,0,0,0,0,0,0,0,2,0,0,1,1
0,0,2,1,0,0,0,-0.6,0,0,-1,0,0,0,0,0,-0.852408,0,0,0,0,0,0,-1,0,0,0,3,0,-2,1,0,0.93866,3,0,0,0,1,1,0,1.202223,1,0,-0.573835,0,-1,0,0,1,0,0,0,1,0,2,0,0,0,0,0,0,0,0,0,0,0,0,0,0,1,1,0,0,0,-1,1,0,0,-1,-1,0,-2,1,0,-1,-1,0,-0.388185,1,0,-0.593576,-1,0,0,0,0,0,0,0,2,0,0,1
0,2,0,0,0,1,0,-0.600813,0,0,0,0,0,0,0,0,-0.443191,0,1,0,0,0,-1,0,0,0,0,0,0,1,0,0,0.91429,0,0,-1,1,0,0,0,1.331395,2,0,-0.625,0,0,-1,-1,0,0,0,0,0,0,1,0,1,0,0,0,0,0,0,0,0,0,1,-1,-1,1,1,-1,-2,-2,0,0,0,0,2,0,0,0,0,0,1,0,0,-0.869978,0,0,-0.6616,0,1,1,0,0,0,0,0,0,0,0,1
0,0,1,0,0,0,1,-0.755276,0,0,0,0,1,0,0,0,-0.815385,0,0,0,0,-1,0,0,0,1,0,0,0,-1,0,0,0.82285,0,0,0,0,0,1,0,0.774306,1,-1,-0.599214,-1,0,0,0,0,0,0,0,0,0,0,0,1,0,1,0,0,0,1,-2,0,0,1,2,0,0,0,0,0,4,0,0,1,1,0,0,0,-1,0,0,0,1,0,-0.803968,0,-1,-0.382738,0,0,0,0,0,0,-2,0,0,-2,0,1
0,-3,0,3,0,0,0,-0.456187,0,0,1,0,0,-1,0,-1,1.107083,0,-1,-2,0,0,0,0,0,0,0,0,-1,0,1,-2,1.40828,9,0,1,0,0,-2,0,2.473485,0,0,-0.580318,3,0,0,-1,0,-1,0,-1,0,1,0,0,0,0,-2,0,0,0,0,2,1,1,1,1,0,0,0,0,-1,0,2,-1,0,0,1,0,-1,0,0,0,0,1,0,-0.703729,0,1,-0.523827,0,1,1,0,1,1,0,0,1,0,0,1
0,0,0,0,0,0,0,0.536148,0,0,2,1,0,0,1,0,-0.846178,0,0,-1,1,0,0,0,0,0,0,0,0,-2,0,0,2.49684,5,0,-1,0,0,0,0,2.31579,-3,-1,-0.368421,0,-1,-2,0,0,0,0,1,1,0,0,-1,0,0,0,0,1,1,1,-1,0,4,1,0,0,1,0,-1,0,0,0,0,0,0,0,0,-1,0,0,0,0,0,0,-0.722756,0,0,-0.763296,0,0,-1,0,1,0,0,1,0,0,0,1
0,0,0,1,0,0,1,-0.264518,0,0,-2,0,0,1,2,0,-0.425099,0,0,0,3,0,0,0,0,-1,0,0,0,0,1,0,1.83378,10,0,0,0,1,0,0,3.2247,0,0,-0.414909,0,0,-1,0,0,0,0,0,0,0,0,0,0,1,1,0,0,0,0,0,0,1,0,2,0,0,0,0,0,0,0,0,0,0,1,0,0,0,0,0,0,-3,0,-0.490414,0,1,-0.533453,0,1,0,0,1,0,0,0,1,6,0,1
0,1,0,1,0,0,0,-0.768664,0,0,0,0,0,-2,3,0,-0.714407,0,0,0,0,0,0,-1,0,0,0,0,-1,0,1,0,0.88571,0,0,0,3,0,0,0,2.279283,-1,0,-0.800934,-1,1,0,0,0,0,0,0,0,0,0,0,1,0,1,0,0,0,0,1,1,0,0,-1,2,0,-1,0,0,0,0,0,-1,0,0,0,0,0,0,0,0,1,0,-0.470097,0,1,-0.896655,0,0,0,0,0,1,-2,0,1,0,1,1
0,0,0,1,0,0,0,-0.791586,1,0,0,0,0,0,0,0,-0.359477,0,0,0,0,0,3,0,1,0,1,2,1,0,0,0,0.83484,5,0,0,1,3,1,0,1.002047,0,-1,-0.484389,0,2,0,0,0,0,0,-1,0,-2,0,2,3,3,0,-3,0,-1,1,0,0,0,0,-1,0,0,0,0,0,0,0,0,-1,0,0,0,-1,-1,0,1,0,0,0,-0.739451,0,0,-0.733969,-1,0,0,0,0,0,0,0,2,0,1,1
0,2,0,1,-1,0,-3,1.817932,1,0,0,0,0,0,0,1,-0.804555,-1,1,1,0,0,4,0,0,0,-2,0,0,0,-1,0,0.87051,0,0,0,2,1,0,0,2.720769,0,0,-0.624506,0,0,1,1,0,0,0,0,0,0,0,0,0,0,0,0,0,0,2,0,0,2,1,0,2,0,-1,0,1,0,0,0,0,1,1,0,0,0,0,0,0,0,0,-0.645027,0,0,-0.578762,0,0,0,1,0,0,0,0,0,0,1,1
0,0,0,0,0,0,0,-0.511391,1,0,0,0,0,-1,0,0,-0.033242,0,0,0,1,-1,0,-1,0,0,0,0,1,0,0,0,0.82648,4,0,0,-1,0,1,0,2.271685,0,-1,-0.813962,-1,1,0,0,1,0,0,0,0,0,0,0,0,0,0,-1,0,0,-1,0,0,2,1,3,0,0,0,1,0,1,0,0,2,0,0,0,0,1,0,0,0,2,0,-0.454545,0,0,-0.750219,0,0,1,0,0,0,0,0,1,0,1,1
0,1,1,1,0,0,0,-0.501381,0,0,0,0,0,0,0,0,-0.235619,0,1,0,1,-1,0,0,0,0,0,0,-2,0,0,0,1.14286,9,0,0,1,-2,0,0,1.636407,0,0,-0.59611,-1,2,0,0,0,0,0,0,2,0,1,0,0,0,1,0,0,0,0,0,0,0,0,0,0,-1,1,-1,1,0,0,-1,-1,0,0,0,0,0,-3,-1,0,1,0,-0.454545,0,0,0.177849,5,0,0,0,0,1,0,-2,1,0,1,1
0,0,0,1,0,0,0,-0.555556,0,0,0,0,0,0,1,0,0.98828,0,1,0,1,0,0,-2,0,0,0,0,0,1,0,1,1.22695,0,0,0,1,0,0,0,1.639919,0,0,-0.809496,0,0,0,0,0,0,0,0,0,0,1,0,0,0,0,0,0,0,0,1,0,0,0,0,0,0,1,0,1,2,0,1,0,0,0,0,0,0,0,1,0,0,0,-0.851713,-2,0,0.029934,0,0,0,0,0,0,-1,-1,0,0,1,1
0,-4,1,0,0,0,2,-0.69438,0,-1,-1,0,0,-1,0,0,0.583609,0,0,1,0,0,-1,0,0,1,0,0,0,0,-1,0,3.03527,3,0,1,0,0,0,0,0.420603,0,0,-0.510513,0,0,0,0,0,0,0,0,0,0,0,0,0,0,0,0,0,0,-2,0,0,0,0,-1,-1,-1,0,0,0,2,0,0,0,2,0,0,0,0,0,1,0,0,-1,-0.708358,0,1,-0.551591,-1,0,0,-1,0,0,2,0,0,0,1,1
-1,0,0,1,0,0,0,-0.72093,2,0,1,0,0,0,0,-1,-0.561278,0,0,0,0,-1,2,0,0,0,0,0,0,0,0,0,1.12191,5,0,0,0,-1,-1,0,1.387717,0,-1,-0.751954,7,0,0,0,1,0,1,1,-1,0,0,0,0,1,0,0,1,0,0,1,0,1,0,0,0,0,0,0,0,4,2,0,0,0,0,0,0,1,0,1,0,1,0,-0.419581,0,0,-0.628496,0,0,2,2,0,-2,2,0,0,1,1,1
0,0,-2,1,1,0,0,-0.772604,1,0,0,0,1,0,0,1,-0.677509,0,0,0,0,1,0,-2,2,1,0,0,2,4,-1,0,2.95214,14,0,0,1,0,0,0,1.6465,0,0,-0.647098,0,0,-1,0,0,0,0,0,0,0,1,0,0,-1,0,0,0,0,0,0,1,1,-1,0,0,0,0,2,-2,2,0,0,0,2,0,0,0,1,0,1,0,1,0,-0.72941,0,0,-0.861997,-1,0,-3,0,1,1,0,0,0,1,1,1
0,0,1,0,0,0,0,0.990419,-1,1,-1,0,-1,0,0,0,-0.62269,0,0,0,0,1,0,0,0,0,-1,-1,2,0,1,0,0.85691,5,0,0,0,0,0,0,2.702269,0,0,-0.493362,0,0,0,0,0,0,0,0,0,0,0,0,0,0,0,0,-1,0,0,0,1,0,3,-2,7,-1,-1,0,2,0,0,0,0,0,0,0,0,0,0,0,0,0,2,-0.64412,0,0,-0.849267,0,0,0,0,1,1,0,-1,0,0,1,1
0,0,0,1,0,0,1,-0.521457,-2,1,0,1,0,0,5,0,-0.687532,0,0,0,0,1,0,-2,-1,2,0,0,1,0,0,0,0.95208,2,0,0,0,0,0,0,3.0,1,0,-0.579525,1,0,0,0,0,0,0,0,1,-1,0,0,0,1,0,0,0,1,0,0,1,0,0,0,0,0,0,0,2,1,0,0,1,0,0,0,0,0,1,-1,-3,-1,-1,2.404682,0,0,-0.658776,0,0,1,1,1,1,0,1,3,1,1,1
0,-2,-1,0,0,0,0,-0.275485,0,0,0,1,0,0,1,0,-0.6355,0,0,0,2,1,-1,-1,0,0,0,0,2,0,0,0,0.91429,3,0,1,0,0,-3,0,3.0,0,0,-0.411255,0,0,0,0,0,0,0,0,0,0,0,1,1,0,0,0,-1,0,0,0,1,0,0,0,0,1,0,1,0,0,-1,0,1,0,0,0,0,1,0,0,0,6,0,8.359962,0,0,-0.580639,-2,0,0,-1,1,1,0,0,-1,1,1,1
0,0,0,0,0,0,0,0.723371,0,0,0,0,1,0,-1,1,-0.610068,0,0,0,2,0,-1,0,0,0,0,3,2,-1,0,0,0.83535,0,1,0,0,-1,0,0,1.000034,-1,0,-0.57669,0,0,0,0,1,0,0,0,-1,-1,0,0,-1,-2,0,0,0,0,1,0,0,0,-1,-1,0,0,1,0,0,0,-1,0,0,0,-1,0,0,0,0,0,0,0,-2,-0.874045,0,0,-0.331547,0,0,0,0,0,-1,-4,0,0,0,0,1
0,0,1,0,2,0,0,-0.428571,0,0,0,0,0,-1,3,0,-0.59561,0,0,0,-1,0,0,0,0,0,0,2,0,1,0,0,1.02068,2,0,0,0,0,0,0,0.686949,1,0,-0.319953,0,0,0,0,0,1,1,0,1,1,1,0,0,0,3,0,0,0,1,0,0,1,1,0,0,1,0,0,-1,0,0,0,0,0,0,0,0,0,0,0,0,0,2,0.606117,0,-1,-0.4,0,0,0,0,1,0,0,0,0,0,0,1
0,0,1,0,0,0,0,-0.470825,0,-1,4,0,-1,0,0,1,-0.608382,0,0,2,0,0,0,0,0,0,0,1,0,0,3,0,1.40999,7,0,0,0,0,0,0,0.714286,0,0,-0.889651,0,0,-1,0,0,0,1,0,0,-2,0,0,0,0,0,-1,0,0,-2,0,0,0,0,0,0,2,0,0,-1,-1,0,-1,0,0,0,0,0,0,0,2,0,-3,1,0.594427,0,0,0.949725,0,1,2,1,0,-3,0,1,-2,0,0,1
0,0,0,0,-1,0,0,-0.272328,0,0,1,0,0,0,-6,0,-0.697123,0,0,0,0,0,0,-2,0,0,0,0,2,0,0,0,0.91429,12,0,0,1,0,0,0,0.993739,-2,0,-0.582899,0,0,1,0,0,0,0,0,0,3,1,0,0,0,1,0,0,0,0,-1,0,0,0,0,0,0,0,1,1,-7,0,0,-1,2,0,-1,-1,0,0,1,0,1,1,-0.785714,0,0,-0.714093,0,0,2,0,0,-1,0,0,0,0,0,1
0,0,0,1,0,0,0,-0.052448,0,0,-1,0,1,1,-1,0,-0.588209,0,1,0,0,0,2,-3,-1,0,0,0,5,0,-1,1,1.19331,6,0,0,0,4,1,0,1.15625,0,0,-0.62453,0,0,0,0,0,-1,0,0,0,0,0,0,0,0,0,0,-1,0,0,2,0,0,0,0,0,-1,0,0,0,0,0,-1,2,2,0,0,0,-1,0,0,1,1,-1,-0.628009,1,0,-0.769231,0,0,0,0,0,0,0,1,0,0,0,1
0,0,0,1,-1,-1,0,-0.368421,0,1,-1,0,-1,0,0,0,-0.564867,0,0,0,3,0,0,0,-2,0,0,0,0,0,0,0,0.91429,8,-1,0,0,0,0,0,0.675996,0,6,-0.625,0,0,0,0,1,0,2,0,0,3,1,0,0,0,-1,-1,0,0,0,-2,0,1,-2,0,0,0,2,0,1,0,0,0,0,0,0,0,0,0,0,2,0,1,-1,-0.785714,0,0,-0.043987,2,0,-2,0,0,0,0,0,-1,0,0,1
0,0,0,0,0,0,0,-0.624132,0,0,1,0,0,1,0,0,-0.818606,0,1,0,0,0,-1,0,1,0,0,-1,-2,0,0,0,0.85714,2,0,0,0,1,0,0,0.177976,2,0,-0.588502,0,0,0,1,0,0,0,0,0,0,2,0,0,0,1,0,0,0,0,1,0,0,0,0,-3,1,1,0,1,-1,0,0,1,0,0,0,0,0,1,0,0,3,0,-0.684848,0,0,-0.663375,-1,0,0,1,0,-2,0,0,0,0,0,1
0,0,0,0,1,0,0,-0.537198,0,0,0,0,0,-1,1,0,-0.73913,-1,0,0,3,0,0,-1,0,0,0,0,-1,-1,1,0,2.41879,10,0,0,0,0,0,0,0.273796,-1,0,-0.651496,0,1,0,0,0,0,1,0,0,0,0,0,0,0,0,0,1,0,0,0,0,0,1,0,-1,0,0,-1,-2,0,0,0,-2,0,0,0,-1,0,1,0,0,0,-1,-0.775874,0,0,-0.724438,2,0,0,0,0,1,1,-1,0,0,0,1
0,0,0,0,1,0,0,-0.76,4,0,0,0,1,0,-1,0,-0.733456,0,0,-1,0,0,0,0,1,0,0,0,0,-1,1,0,0.93871,2,0,0,0,1,0,0,0.847671,-1,0,-0.667387,0,1,0,0,0,0,0,0,0,0,0,0,-2,0,-1,0,-1,0,0,0,1,1,0,0,1,0,0,0,0,0,0,0,0,0,0,0,0,0,0,1,0,0,0,-0.396834,-1,0,-0.595349,-2,0,0,0,0,0,0,1,0,1,0,1
0,0,1,-1,0,0,0,-0.344412,0,1,-1,1,0,0,-2,0,-0.684211,0,0,1,0,0,0,1,1,0,0,0,0,0,1,0,2.03007,0,1,0,0,1,0,0,0.321602,0,-2,-0.79661,1,0,0,1,0,1,0,0,0,0,0,0,0,0,1,0,0,0,0,1,0,1,0,0,0,-1,1,0,0,0,0,0,0,0,-1,1,0,0,0,-3,0,-1,0,7.676084,0,1,1.68951,0,0,-1,0,0,0,0,0,0,1,0,1
0,1,1,1,0,0,1,-0.625712,0,0,1,1,0,0,0,0,-0.897852,0,0,-1,0,0,-1,0,0,0,0,0,0,0,1,0,1.68571,8,1,0,0,1,0,0,2.893139,0,-1,-0.33347,-1,0,0,0,0,0,0,0,0,1,0,0,-1,0,0,0,0,0,0,1,0,0,0,1,0,0,0,0,1,-2,0,0,0,0,0,1,0,0,0,0,0,0,0,8.51211,0,1,-0.673336,0,0,0,0,0,1,0,1,0,1,0,1
0,-1,1,0,0,0,1,-0.312865,0,-1,0,1,0,0,0,0,-0.749315,0,0,1,1,0,0,0,0,0,0,0,1,1,1,0,3.6849,0,0,0,0,0,0,0,0.318763,1,0,-0.779161,-1,0,0,2,0,0,-1,0,0,1,0,3,1,0,1,2,0,-1,0,1,0,1,0,0,1,-1,1,0,0,0,0,0,1,0,-3,1,0,0,0,2,0,0,1,8.6,0,1,-0.593592,0,-1,0,0,0,1,0,1,0,1,0,1
0,0,0,1,0,0,0,-0.7,0,0,0,-1,2,0,0,0,-0.368421,0,-1,1,1,0,0,0,-1,0,0,0,0,0,0,0,1.53555,0,1,0,1,0,0,0,0.647059,0,0,-0.770399,0,0,0,0,0,0,0,0,0,0,0,0,1,0,-2,0,0,0,0,0,0,0,0,0,0,0,1,0,0,1,0,0,0,0,0,0,0,0,0,1,0,1,0,-0.435196,1,1,-0.636364,3,0,0,-1,0,0,0,2,0,0,0,1
0,-2,0,0,0,-1,1,-0.684595,0,0,0,0,-1,0,-1,0,1.81614,0,-2,0,0,0,1,0,1,0,1,0,0,0,0,1,1.85171,6,0,0,0,0,0,0,0.647059,0,0,-0.527035,0,0,0,0,0,0,1,0,0,0,1,0,-1,2,0,0,0,0,1,0,0,5,0,0,0,0,1,3,1,0,0,0,0,0,1,1,0,0,-2,0,0,0,0,-0.6,0,0,-0.764497,0,1,0,0,0,1,2,1,0,1,0,1
0,1,0,1,0,0,0,-0.285083,0,0,0,0,0,0,0,0,-0.242375,-1,0,0,-1,0,0,0,0,0,0,0,0,0,0,0,1.37575,1,0,0,0,1,0,0,1.864063,0,0,-0.70524,0,0,0,0,0,-2,0,0,0,1,0,0,0,0,0,0,0,0,1,-1,0,-1,0,0,0,0,0,0,0,2,3,0,0,0,1,0,0,-1,0,0,1,0,0,0.872681,0,0,-0.386434,0,0,-1,0,0,-1,-1,0,0,-1,0,1
0,0,1,0,2,0,0,-0.650675,2,0,0,0,0,0,0,0,-0.058683,0,-2,0,0,0,0,0,0,0,0,0,0,0,1,0,0.56465,4,-2,1,0,0,-2,0,0.727273,0,1,-0.431943,1,-1,-1,0,-2,0,0,0,0,0,0,0,1,0,0,0,0,0,0,0,-3,1,0,0,0,0,0,-1,0,0,0,0,0,0,2,0,0,1,0,0,0,0,0,-0.657726,0,0,-0.691214,0,0,0,0,0,1,0,0,0,1,0,1
0,2,0,0,2,1,0,-0.728763,1,-1,0,-1,4,0,0,1,-0.898567,0,0,2,0,0,0,0,0,1,0,0,0,-1,0,-1,0.7291,0,0,0,-1,1,1,0,0.761319,0,-1,-0.454545,0,-1,1,0,0,0,0,0,0,0,1,0,0,0,0,0,1,0,0,0,0,0,0,0,2,0,0,0,0,0,2,0,0,-1,0,0,0,1,0,0,0,0,0,-0.363468,0,0,-0.856671,-1,0,0,0,0,2,0,0,0,0,0,1
2,2,0,-1,0,0,0,-0.244991,-1,0,0,0,1,0,0,0,-0.426794,0,0,0,0,0,0,0,0,0,2,0,2,0,0,0,1.27272,2,0,0,4,0,1,0,0.773261,1,-2,-0.546475,0,0,0,0,0,0,0,0,0,1,0,0,-1,0,1,0,0,0,1,0,0,0,0,0,0,-2,3,0,0,0,1,-1,0,0,0,0,0,0,0,1,0,-1,0,-0.639398,0,0,0.350667,1,1,0,0,0,0,0,-1,0,-1,0,1
0,0,0,0,0,0,1,-0.343156,0,0,0,1,0,0,0,0,-0.619247,0,0,1,0,0,0,0,1,0,0,0,3,3,1,0,0.80411,15,0,0,0,1,0,-1,1.362883,-1,0,-0.73913,0,0,-1,0,0,0,0,0,0,0,0,0,-1,3,0,-3,0,0,0,1,0,0,0,0,0,0,0,0,1,0,0,0,2,0,0,0,0,0,0,1,0,-3,0,-0.428571,0,0,-0.720905,0,0,2,0,0,0,0,-1,1,0,1,1
0,0,0,2,0,0,0,-0.698717,0,0,2,0,0,0,0,0,-0.7,0,0,-1,1,0,0,0,-1,1,1,0,0,0,1,0,1.26423,12,0,-1,0,0,0,1,2.698261,0,0,-0.738708,0,1,0,1,0,0,0,0,0,1,0,1,0,0,-2,0,0,0,2,0,-2,0,-1,-1,0,0,0,0,0,-1,0,0,-1,0,0,1,0,0,0,1,0,0,0,-0.452272,0,-3,-0.567968,0,0,-2,0,0,-3,1,2,0,0,1,1
0,0,2,0,0,0,0,0.39682,0,-1,0,0,0,0,2,1,-0.777977,-4,-1,1,1,0,0,0,0,0,1,-2,0,0,-1,0,1.865,2,0,0,0,-1,0,0,1.293548,0,0,-0.733689,-1,0,0,0,2,0,0,0,0,0,0,0,1,1,0,0,0,0,0,0,0,0,0,0,3,-1,0,0,1,0,0,0,-1,0,0,0,1,0,1,1,0,0,-1,-0.359452,0,0,-0.433993,-2,0,0,0,0,0,0,-1,2,-1,1,1
0,0,0,0,0,-3,-1,-0.801073,0,0,0,0,0,1,0,0,-0.562488,0,1,2,-1,0,1,0,0,0,0,0,0,2,-1,0,0.94882,0,0,0,0,0,1,0,1.592405,0,0,-0.642221,0,-1,0,0,-1,0,0,0,0,0,0,1,0,0,0,0,1,0,0,0,0,1,0,3,0,0,3,2,-1,2,1,0,-1,0,0,1,0,0,0,1,0,0,1,-0.301467,0,0,-0.730648,0,0,0,0,0,0,0,0,1,1,0,1
0,0,0,0,-1,4,0,-0.527007,0,0,0,0,0,0,-4,0,-0.570702,0,1,0,0,0,0,0,-1,0,0,-1,0,-5,-2,0,1.20333,0,0,0,0,0,0,0,0.488353,0,0,-0.659899,0,0,0,0,0,0,1,0,0,0,-1,1,0,0,0,0,1,0,0,1,0,1,0,0,2,0,0,0,0,0,1,0,0,0,0,0,0,0,0,1,1,0,0,-0.666799,-1,1,-0.751388,0,0,0,0,0,0,0,0,3,1,0,1
0,0,0,0,0,0,0,-0.741597,0,0,0,0,0,0,0,-1,-0.197968,0,2,0,0,-1,0,1,0,1,0,0,0,0,0,0,1.96133,0,0,0,0,2,0,-1,1.149713,0,0,-0.628521,0,0,0,-3,0,0,0,1,1,0,0,0,0,1,0,1,1,0,-1,1,0,2,0,2,1,0,0,0,0,-1,0,0,0,1,0,0,0,2,0,1,0,0,0,-0.855888,0,-1,-0.762602,-1,0,0,0,0,0,0,0,0,0,0,1
0,0,0,0,0,1,0,-0.828057,2,-1,2,0,1,1,0,0,-0.73237,0,-1,1,0,1,0,0,0,0,0,0,0,0,0,-1,1.25067,2,0,1,0,1,0,1,2.890925,1,2,-0.723833,0,0,0,0,-1,0,0,0,1,-2,1,1,0,0,2,0,0,0,0,0,0,1,1,0,2,1,0,0,1,0,0,0,-2,-1,-1,0,0,0,0,0,0,0,0,-0.918015,0,0,-0.789403,3,0,2,0,0,1,2,0,0,0,1,1
0,-1,1,0,0,0,0,-0.68446,0,0,0,0,1,1,0,0,-0.773795,-2,0,3,0,0,-1,0,-1,0,1,0,0,0,1,0,1.21375,0,0,0,-2,2,0,0,0.544896,-1,0,-0.786036,0,0,-2,0,0,0,0,0,0,-1,0,-1,0,1,0,0,0,0,0,0,1,0,1,1,0,0,0,0,0,0,0,0,0,-2,0,0,0,0,0,0,1,2,-3,-0.698162,0,0,-0.787991,0,0,1,0,-1,0,1,-1,1,0,1,1
0,0,0,0,0,0,0,-0.684211,0,0,3,0,1,0,0,0,-0.737729,0,0,1,0,1,0,0,0,0,0,0,2,3,0,0,2.01629,11,0,0,0,1,0,0,0.555978,1,0,-0.803279,-1,0,0,0,-1,0,0,0,0,-1,1,1,-1,1,0,0,0,0,1,0,0,0,0,-1,0,1,0,0,-2,0,2,0,0,-1,0,0,0,0,0,-2,0,0,0,0.020313,1,0,-0.906976,0,0,-2,0,0,0,0,0,0,1,1,1
0,1,0,2,0,0,0,-0.669822,0,1,0,0,0,0,0,0,-0.634256,0,0,0,-1,0,0,0,0,0,0,0,0,0,0,-1,0.60928,8,0,0,1,1,-2,-1,1.5411,0,0,-0.6318,0,1,1,0,0,0,0,-1,0,0,0,-1,1,1,0,0,0,0,0,0,0,4,0,1,0,1,0,0,0,1,0,0,0,-2,0,0,0,0,0,0,0,0,0,-0.625,0,0,-0.368421,0,0,0,0,0,1,-1,0,0,0,1,1
0,1,0,0,0,1,0,-0.549912,0,0,0,1,-2,0,0,0,0.192171,0,0,-1,-1,0,0,0,-3,0,0,1,0,0,0,-1,0.94286,2,0,1,0,0,0,0,1.74933,2,-2,-0.658019,1,1,0,0,0,0,0,0,0,1,0,0,1,1,0,1,0,0,0,0,0,0,0,1,0,1,0,1,0,0,0,0,2,0,0,-1,0,0,0,0,0,0,0,-0.391484,0,0,-0.452438,3,0,0,0,0,0,0,0,-1,1,1,1
0,1,1,0,0,1,0,-0.700957,-1,0,2,-1,1,0,0,0,-0.623971,0,0,-2,0,0,0,0,0,0,0,0,-1,0,0,0,0.7648,5,0,0,1,0,0,0,0.238564,0,0,-0.776004,2,0,0,0,0,-1,0,0,0,1,0,0,1,1,-1,3,0,0,0,3,3,0,0,1,0,0,0,-1,0,0,0,0,1,2,0,0,0,1,0,0,0,0,0,-0.864647,0,0,0.160438,0,0,0,0,1,0,0,0,0,0,1,1
0,0,0,0,0,0,1,-0.671521,0,1,0,0,0,0,0,0,-0.7,1,0,1,2,0,0,0,1,0,0,0,-1,0,0,0,1.49821,0,0,0,0,0,0,0,2.079138,0,1,5.058108,0,3,0,0,0,0,0,0,0,0,0,1,0,0,0,0,1,0,0,0,0,2,0,0,0,0,0,-1,0,0,0,0,0,0,0,0,2,1,0,0,0,0,0,0.543596,1,0,-0.627087,0,0,2,0,0,1,0,0,0,0,1,1
0,0,2,0,0,0,0,-0.619915,0,1,0,0,2,0,0,0,-0.451671,1,0,0,0,0,0,0,1,0,0,2,0,4,0,0,1.57998,1,0,0,0,0,0,0,2.410302,0,0,-0.245279,0,-1,0,-1,0,0,0,0,0,0,0,1,0,0,3,0,0,-1,0,1,-4,3,0,1,0,0,0,0,0,-1,0,0,1,0,0,0,0,-3,0,1,0,0,0,-0.232025,0,0,-0.692308,0,0,-1,0,0,1,0,0,0,0,1,1
-1,0,0,1,0,0,1,-0.601893,0,0,0,0,0,0,0,0,-0.86336,0,0,1,0,0,0,0,1,0,-1,0,0,0,0,0,0.42264,0,0,0,0,2,1,0,0.563766,0,2,0.103414,1,2,0,0,0,-1,0,0,0,0,0,1,-3,2,-1,0,0,0,0,0,1,2,0,0,0,-1,1,0,0,1,0,0,0,0,1,0,0,0,0,0,0,0,1,0.059095,0,0,-0.622104,2,0,0,0,0,1,-3,-1,0,0,1,1
0,0,0,0,0,0,0,-0.020008,-1,0,0,0,1,0,0,0,-0.720578,0,0,1,0,0,0,1,0,0,-1,0,0,0,0,0,0.96128,3,0,-1,1,1,0,0,1.78895,0,0,-0.515884,0,-2,0,0,0,1,0,0,0,0,0,0,0,0,0,1,0,0,0,0,0,0,0,0,0,2,0,0,1,0,2,0,2,0,0,0,1,0,-1,0,0,1,0,-0.666656,-1,0,-0.360514,0,0,0,0,2,0,0,0,0,0,1,1
0,0,0,0,0,0,0,-0.687089,-1,-1,0,0,0,0,0,0,-0.557045,0,0,0,1,0,0,0,0,0,0,0,0,3,0,0,0.97901,2,0,-4,0,1,1,0,1.887723,0,0,-0.657931,0,0,0,0,0,0,0,0,0,1,0,0,3,-1,0,1,0,0,0,0,-1,0,0,0,0,0,1,-1,1,2,0,0,0,-1,1,0,-1,-1,-1,0,0,1,0,-0.698426,0,0,-0.586207,0,0,4,1,0,0,1,-1,1,0,1,1
0,0,0,0,-1,0,0,3.834331,0,0,3,1,0,1,0,0,-0.696656,0,0,-1,0,0,0,1,0,0,0,0,0,0,0,0,1.19606,3,0,0,1,1,0,0,3.39801,3,0,-0.693015,0,1,0,0,0,0,0,0,0,1,0,0,0,0,0,0,1,0,0,0,0,0,0,0,0,0,0,0,-3,0,0,0,-2,0,0,0,0,0,0,0,1,1,0,-0.682679,0,0,-0.922681,-1,0,0,0,0,0,0,0,1,0,1,1
0,0,-2,3,0,0,0,-0.447158,0,0,-1,0,0,0,2,0,-0.808053,0,0,-4,0,1,1,0,0,1,0,0,0,0,-1,0,0.68571,4,0,0,0,0,0,1,1.329154,0,0,-0.053254,2,0,1,0,1,0,0,0,0,0,0,0,0,1,0,-1,0,0,0,1,0,0,0,0,0,2,0,0,1,1,0,0,0,0,0,0,0,0,0,0,0,0,0,0.732319,0,0,-0.624634,0,0,2,1,0,0,0,0,0,0,1,1
0,-1,0,0,0,0,0,-0.555556,0,-1,0,0,0,0,0,0,-0.759522,0,0,2,0,1,0,0,0,0,0,0,2,0,0,0,0.89929,2,-1,0,2,0,0,0,1.581094,0,0,-0.414916,0,0,2,0,0,0,0,0,-1,0,-1,2,0,0,-1,0,0,0,0,2,1,-1,0,0,0,-1,0,0,0,0,0,0,0,3,0,0,0,0,1,0,0,0,0,-0.840183,0,0,-0.703901,0,0,0,0,0,0,0,2,0,0,1,1
0,0,0,-1,0,2,0,-0.455283,-1,0,0,1,1,2,0,3,-0.821666,0,0,1,0,1,0,0,0,0,0,0,0,0,-1,0,0.68571,6,1,0,0,0,0,0,1.840994,0,0,-0.39141,0,0,0,0,0,0,0,0,2,0,0,0,0,1,0,0,0,-1,0,1,1,0,0,0,0,0,0,0,1,1,0,0,0,-1,0,0,-1,0,1,0,0,0,0,-0.555556,0,0,-0.688873,0,0,0,0,0,0,0,0,0,1,1,1
0,-2,0,0,0,0,0,-0.730425,1,0,1,0,1,1,0,-1,-0.659276,0,0,0,1,0,0,0,0,0,1,0,0,0,4,0,0.62315,6,0,0,-1,2,0,1,1.352874,0,0,-0.784307,0,0,1,0,0,1,0,0,0,2,2,2,-1,0,1,0,0,0,0,0,0,0,0,0,0,0,1,0,0,0,0,0,0,0,1,0,0,0,0,-1,0,0,0,-0.455251,0,0,-0.89981,0,0,0,1,0,0,0,-1,1,-1,1,1
0,0,1,1,0,-1,1,-0.742331,0,0,-1,0,1,1,0,0,-0.728906,0,0,0,0,0,0,0,0,-1,1,0,0,2,1,0,1.73513,11,0,0,0,0,1,0,3.553795,0,2,-0.764888,1,0,0,0,-1,0,0,-1,0,-1,0,3,-1,0,1,-2,0,0,0,-1,0,0,0,1,0,0,1,0,1,0,-1,0,3,2,0,0,0,0,0,-1,-1,1,2,-0.15917,0,0,-0.616513,0,0,0,1,0,0,0,1,1,0,1,1
-1,0,0,-1,0,0,0,-0.364217,1,0,0,0,0,0,0,1,-0.636364,0,0,0,0,0,0,0,0,-1,0,-1,0,0,0,0,1.5123,3,0,0,0,2,0,0,2.244961,0,0,-0.69313,0,0,0,0,0,0,-1,0,0,0,0,-2,0,0,0,0,0,0,0,1,0,0,1,1,-1,0,1,0,0,0,0,0,0,2,0,0,0,0,-1,-1,-1,1,0,-0.79295,0,0,-0.666754,0,0,2,0,1,0,0,0,1,1,1,1
-1,0,0,0,0,0,0,-0.59029,-1,0,0,1,-1,0,0,0,-0.555556,0,0,0,2,0,0,0,0,0,0,0,0,2,1,0,1.9745,5,0,0,1,0,0,0,0.409651,0,0,-0.581182,-1,0,0,0,-4,-1,-2,0,1,1,0,0,0,0,0,-1,0,-2,0,0,-2,1,0,0,0,0,-1,1,0,0,0,0,0,0,0,0,0,1,0,0,0,0,0,-0.669508,0,0,-0.555556,3,0,0,0,0,0,1,0,1,0,1,1
0,1,0,0,-1,0,0,-0.671176,1,0,0,1,0,0,0,0,-0.560202,0,0,2,0,0,0,0,0,-1,-1,0,0,0,0,0,0.44641,7,0,0,0,1,0,0,2.645558,-2,0,-0.339021,4,0,0,-1,1,0,0,0,0,0,0,0,0,0,0,0,0,0,2,4,2,1,1,0,0,0,0,0,1,0,0,0,0,0,0,1,-1,0,0,-2,0,0,0,-0.356963,0,0,-0.452048,0,0,2,0,0,0,1,0,0,0,1,1
0,0,0,0,0,0,0,6.744235,0,0,0,0,0,-1,0,0,-0.365462,0,0,0,0,0,0,-2,0,0,0,2,0,0,-1,0,1.80352,4,2,0,-1,0,-1,0,1.593733,0,0,-0.570118,0,-1,1,0,-4,0,0,0,0,0,0,-1,0,0,0,0,0,-1,-1,0,0,1,0,-1,0,0,0,2,1,0,0,0,0,0,0,0,0,0,0,0,0,-1,0,-0.780839,0,0,-0.555556,0,0,-2,0,0,0,1,1,1,0,1,1
0,-2,-1,1,2,0,-1,3.895193,-1,0,-2,0,0,0,0,1,-0.63237,1,0,0,0,0,0,2,-1,0,0,0,0,1,1,0,1.14512,10,0,0,1,0,-1,0,1.52764,0,0,-0.717859,0,0,3,0,0,0,0,0,0,0,1,1,0,-1,0,-1,0,0,0,0,0,0,0,5,0,-2,0,-1,0,0,2,0,0,0,0,0,0,0,1,0,0,1,0,-0.724737,0,0,-0.672708,2,0,0,0,0,0,0,-1,0,0,1,1
0,0,0,1,0,0,0,1.470739,-1,1,1,0,0,0,2,1,-0.609683,0,0,0,0,0,0,2,0,0,0,0,0,1,0,0,1.08941,7,0,0,1,0,1,0,1.19048,1,0,-0.720857,1,0,0,0,0,0,0,0,1,0,0,1,0,0,-3,0,0,0,3,0,0,0,-2,-1,-3,0,0,-1,1,0,0,0,0,0,0,0,0,0,1,1,0,3,0,-0.493072,0,0,-0.713661,0,0,0,-1,0,0,0,0,0,0,1,1
0,0,1,1,0,0,2,-0.770306,0,0,0,0,0,0,0,1,-0.701123,0,0,4,0,0,0,0,1,-1,0,0,2,4,0,-1,1.26835,2,0,1,0,0,2,0,2.230818,-1,0,-0.711115,-5,0,0,0,0,0,0,0,-1,1,0,0,1,0,0,3,0,2,1,0,0,0,0,1,1,0,4,0,0,2,2,1,0,0,0,0,0,1,0,0,0,0,0,-0.617449,0,0,-0.468627,2,0,0,0,0,-1,0,3,3,0,1,1
0,0,3,1,1,0,0,-0.740071,0,1,0,0,0,0,1,0,-0.643402,0,1,0,0,0,-1,0,0,-1,0,0,0,1,-1,0,0.8586,2,-1,1,0,0,0,0,0.67731,0,0,-0.571429,0,0,0,0,0,0,0,0,0,0,0,0,0,0,0,-1,0,0,0,0,1,1,-2,1,0,1,0,0,0,2,0,0,0,0,0,0,0,0,1,-1,1,0,-2,-0.581462,0,0,-0.187617,-2,0,2,2,-1,1,0,0,0,0,0,1
0,0,0,2,1,0,0,-0.800334,0,0,1,-1,1,1,2,-1,-0.666667,1,0,0,0,0,0,0,0,0,0,1,0,0,-1,-1,0.71484,3,0,-1,0,0,0,0,0.625857,0,0,-0.604667,0,0,0,0,0,0,0,0,0,1,0,0,1,0,1,0,0,1,0,1,1,1,0,0,4,0,0,-1,1,1,1,-1,0,0,0,0,-1,0,0,1,0,1,1,-0.831305,0,0,0.22382,0,0,-1,0,-1,0,0,1,-1,0,0,1
0,0,0,2,0,0,1,-0.693006,0,1,0,0,0,1,0,0,0.085581,1,0,0,0,0,0,1,0,0,0,1,-3,0,0,0,0.7704,1,0,3,0,0,0,0,1.118685,-2,0,-0.571531,1,0,0,0,0,0,-1,0,0,0,0,0,0,0,1,2,-1,1,0,-1,1,1,0,0,0,2,0,0,1,1,1,0,0,3,0,0,0,-1,0,-1,0,1,0,-0.676531,0,0,-0.478261,1,0,0,1,0,0,0,1,0,0,0,1
0,0,0,1,2,0,0,-0.707317,0,0,0,0,0,0,0,0,-0.633805,0,0,0,1,0,0,0,0,0,0,0,0,0,0,0,1.08306,6,0,0,0,0,0,0,0.2,0,1,2.578457,0,-2,-1,-2,0,0,0,0,1,0,0,1,0,-1,0,2,0,0,0,0,2,1,-1,2,-3,0,3,0,0,0,0,1,0,0,0,0,-1,0,0,-1,0,0,0,-0.590539,0,0,-0.426568,0,0,0,0,0,1,0,3,0,0,0,1
0,2,0,1,0,-1,2,-0.527361,0,-1,0,0,0,0,0,0,-0.647226,0,0,0,0,0,-1,0,0,0,0,1,1,-2,0,0,0.91569,4,0,1,-1,-1,0,0,1.816943,0,0,-0.7,1,0,0,-1,0,0,0,0,0,0,0,0,2,0,0,-1,0,0,-1,-2,-3,-1,0,0,0,0,0,0,0,0,2,0,0,3,0,0,0,0,0,-1,0,0,0,-0.454415,0,0,-0.689492,0,1,0,0,0,0,0,1,0,0,0,1
0,0,0,1,0,2,0,-0.68694,-2,0,0,0,0,1,0,0,-0.62706,0,0,0,0,0,0,0,0,0,0,-1,1,1,-3,0,2.9284,1,0,0,1,0,0,0,0.2,0,0,-0.652977,0,0,0,0,0,0,-1,0,0,0,0,0,0,0,0,-2,0,0,-1,0,0,1,0,0,1,0,1,1,0,1,0,0,0,0,0,0,0,1,1,0,0,0,0,-0.539731,0,0,-0.513519,-4,0,0,0,0,1,0,0,0,0,0,1
1,0,0,-1,0,2,1,-0.423986,1,0,0,0,2,0,-3,0,-0.223103,0,0,0,0,0,0,-3,1,0,0,-1,-2,2,0,0,2.76522,2,0,0,1,0,3,0,2.260176,4,0,-0.75,0,0,0,1,0,0,-1,0,0,-1,-1,0,0,0,2,0,0,1,-2,0,0,1,1,0,0,0,0,0,2,1,0,1,1,-2,0,1,-1,0,0,0,0,0,0,-0.826087,0,0,-0.773277,0,0,0,0,1,0,0,0,0,0,1,1
0,0,2,0,0,0,1,-0.12159,0,0,0,0,0,0,3,0,-0.704972,0,0,0,0,0,1,0,1,2,0,2,-2,2,0,0,1.67723,3,2,0,1,0,0,0,1.75,0,0,-0.706327,1,0,1,0,0,0,0,1,0,-1,2,0,-1,0,0,1,0,1,0,0,0,1,0,1,0,1,1,0,0,0,0,1,0,-1,0,1,0,0,0,0,0,0,0,-0.762735,0,0,-0.500461,0,0,0,-1,0,0,0,0,0,0,1,1
0,0,0,1,0,-1,2,-0.578305,0,0,0,0,0,0,-2,0,-0.763992,0,0,0,0,0,0,0,1,0,0,0,3,0,0,-2,2.59227,7,-1,0,0,1,-1,0,2.954951,-1,0,-0.876958,0,0,0,0,0,0,-2,0,0,0,5,0,0,0,0,0,0,1,0,2,0,1,0,0,0,0,1,0,0,0,0,0,1,0,-1,0,0,0,0,0,0,0,0,-0.474675,0,0,-0.827568,0,0,-2,0,0,0,0,1,0,0,1,1
0,2,0,1,1,1,1,-0.569238,0,0,2,0,0,0,0,0,-0.665799,0,0,0,0,0,0,0,0,0,1,-1,0,1,0,0,0.98445,14,0,0,0,0,0,0,0.553424,0,0,-0.63714,-1,0,0,-2,0,0,0,0,2,0,0,1,0,0,0,1,0,1,0,0,0,-1,0,0,-1,1,0,0,0,-1,0,0,0,-2,0,0,0,1,0,-2,0,0,0,-0.42094,0,0,-0.691713,0,0,0,0,0,0,0,0,0,0,0,1
0,0,0,1,-1,0,0,-0.490344,0,0,0,0,0,0,0,0,-0.668478,0,0,0,0,2,0,0,0,0,0,0,3,-1,1,0,1.2565,3,-1,1,0,0,0,0,0.549446,0,0,-0.790565,0,0,0,0,0,0,0,1,0,0,0,0,0,0,-2,1,0,1,0,0,-1,0,2,2,1,1,0,0,0,-4,0,0,0,0,0,-1,0,0,0,1,0,0,0,-0.364545,0,0,-0.602908,0,0,0,2,0,0,0,0,0,2,0,1
0,0,-1,1,0,0,0,-0.612903,0,1,0,0,0,0,-1,0,-0.681843,0,0,0,0,0,0,0,0,0,0,0,0,1,0,-1,0.86335,9,0,0,1,0,0,0,0.923587,1,1,-0.622122,0,0,1,0,0,0,0,0,0,0,0,0,0,1,0,0,0,0,0,0,-6,-1,0,5,0,0,0,-1,-2,2,0,0,1,0,0,0,0,0,0,0,0,0,0,-0.666152,0,0,-0.118894,0,0,0,0,1,-1,0,-2,0,0,0,1
1,0,0,0,0,0,0,-0.665589,0,0,0,0,3,0,-1,1,-0.544603,0,0,0,3,0,0,0,0,1,0,0,0,0,0,0,0.79985,1,0,0,0,0,1,1,1.34393,2,0,-0.733786,0,-2,0,0,0,0,0,0,0,2,0,0,0,0,-1,1,0,0,0,0,0,0,1,0,-1,0,1,0,0,0,0,0,0,1,0,0,0,0,0,0,1,0,0,-0.7,0,0,-0.351723,-4,0,2,2,1,0,0,0,0,0,1,1
0,0,0,0,0,4,0,-0.803875,0,0,0,0,0,0,0,1,-0.569379,-1,0,0,0,-1,0,0,0,0,0,2,1,-1,0,0,1.11429,0,0,0,0,0,0,0,1.248199,1,0,-0.718848,0,1,0,0,0,2,0,0,0,0,2,0,-1,0,0,0,0,0,1,0,0,0,1,0,0,-1,0,0,1,2,1,0,1,1,0,0,-2,0,0,2,0,-2,0,-0.768609,1,0,0.325213,0,0,1,1,0,0,0,0,0,0,1,1
1,-1,0,0,0,0,0,-0.677569,0,0,2,0,0,0,2,0,-0.56968,0,1,0,0,0,0,1,0,1,0,2,0,-1,0,0,1.79825,2,0,2,0,0,0,1,0.942721,3,0,-0.577525,0,-1,-1,0,0,0,0,0,0,-2,0,-2,0,0,3,0,0,0,0,0,1,0,1,0,0,0,1,0,0,0,0,0,2,1,0,0,0,0,0,0,0,0,0,-0.668445,0,0,-0.402838,0,0,0,0,1,0,1,-2,0,0,1,1
0,3,0,1,-1,0,0,-0.754733,0,0,0,0,-1,0,0,0,-0.779652,0,0,0,1,1,0,0,0,0,0,0,1,0,2,0,2.58762,3,0,0,0,0,1,0,1.285967,0,0,0.40357,1,2,0,0,0,0,0,0,1,0,1,0,0,1,0,0,0,-1,0,0,0,0,0,0,0,0,3,1,0,-1,1,0,1,4,1,0,0,0,0,0,0,0,0,-0.775573,0,0,-0.586207,-1,0,0,-1,0,1,0,0,0,1,0,1
0,0,0,0,0,0,1,-0.555556,0,0,0,1,2,0,0,0,-0.330193,0,-1,0,1,1,-1,0,1,0,0,1,0,0,1,0,3.02026,13,0,0,0,0,1,0,0.675288,0,0,-0.609168,0,0,0,0,-1,0,0,0,0,0,1,0,0,1,1,0,0,0,0,1,0,1,2,0,1,0,0,0,0,1,0,0,1,0,0,0,0,-1,0,1,0,0,0,-0.76671,0,0,-0.586207,1,2,1,0,0,0,0,-2,0,1,0,1
0,0,-1,-2,0,-6,0,-0.555556,0,0,1,0,1,0,-1,0,-0.793143,0,0,0,1,1,1,-1,0,1,0,0,0,0,0,0,0.41987,0,1,0,0,2,0,0,0.869565,0,0,0.505866,0,0,0,0,-1,0,0,0,0,0,0,0,0,1,-1,0,0,-1,2,1,0,2,1,3,0,-1,0,0,1,-3,-2,0,0,-1,0,1,1,0,0,0,-1,3,0,-0.623279,0,0,-0.830911,0,0,2,0,0,0,0,0,0,1,0,1
0,-1,0,-1,1,0,0,3.894279,0,0,-1,0,0,0,-2,1,-0.383259,0,1,3,0,0,0,0,1,1,0,2,0,0,1,0,1.55737,1,0,0,0,0,0,0,1.470801,0,0,-0.744812,1,0,1,0,0,0,0,0,0,0,0,1,0,0,-1,-2,0,0,0,0,1,1,0,-4,0,0,0,2,1,2,0,0,1,1,0,0,0,0,0,-1,0,1,0,-0.555725,-1,0,0.455477,0,0,0,-1,1,-1,0,0,0,0,1,1
0,0,0,1,1,0,2,-0.605057,0,0,1,0,0,1,2,0,-0.719637,0,1,0,0,-2,0,0,1,1,0,-2,1,0,1,0,1.36202,3,0,0,0,0,0,0,1.124328,0,0,-0.8,0,2,-2,-1,0,0,0,0,0,2,0,0,-1,1,3,1,0,0,0,0,0,6,1,0,2,0,0,0,0,0,0,0,0,0,-1,-1,-1,0,0,-2,0,0,0,-0.597881,0,0,0.002462,0,0,0,0,1,1,0,0,0,0,1,1
0,0,0,0,1,0,1,-0.651947,0,0,0,-1,0,0,0,-1,-0.622732,-2,1,0,0,0,-1,0,0,1,1,0,0,0,0,0,1.17048,2,0,-2,0,2,0,0,1.473526,0,-1,-0.735739,1,0,0,0,1,0,0,1,0,0,0,0,0,0,0,0,0,0,0,0,0,2,0,0,3,0,1,0,1,-3,5,0,0,0,0,0,0,0,0,0,-1,0,0,-0.794617,0,0,-0.163196,0,0,0,0,1,0,0,0,0,1,1,1
0,0,0,0,0,0,-1,-0.606535,0,0,0,1,0,0,0,0,-0.063628,0,0,1,0,-1,0,0,0,0,1,0,1,0,1,0,1.14286,1,0,1,2,0,0,0,2.758677,0,-3,9.133832,0,0,-1,0,0,0,0,0,0,0,0,0,0,-1,2,-1,0,0,0,0,0,5,-2,0,0,0,1,0,0,0,0,0,0,-3,0,0,0,0,0,0,0,0,0,-0.633866,0,1,-0.809524,0,0,-2,-1,0,1,0,0,1,1,0,1
0,0,0,0,0,0,0,-0.733333,0,0,1,0,-1,2,0,1,-0.81917,0,0,-1,0,0,0,0,0,0,0,0,0,0,0,0,1.14286,2,2,0,0,0,0,0,0.874187,1,0,0.453468,0,0,0,0,0,0,0,0,0,0,0,0,0,2,0,1,0,0,0,0,0,1,-2,0,0,1,0,0,0,0,0,-1,-1,2,0,0,0,0,0,-3,0,0,0,0.030611,0,0,-0.477864,0,0,0,0,0,1,0,0,0,3,0,1
0,-3,0,0,0,-1,0,0.961304,0,0,0,0,0,0,1,-1,-0.521834,0,0,0,0,0,0,0,0,-1,0,0,0,0,0,0,1.22347,4,0,0,0,0,0,0,1.102959,0,0,7.866527,0,0,1,0,0,0,0,0,0,-1,1,-3,0,0,0,0,0,0,0,0,2,1,0,-1,0,0,0,0,0,-3,0,0,0,0,0,0,0,2,0,-1,0,0,0,-0.642951,0,0,-0.25595,0,0,0,-1,-1,-1,-1,3,1,0,0,1
0,2,0,0,1,2,0,-0.519493,0,0,1,0,0,1,2,0,-0.105838,1,0,0,0,-1,0,2,1,0,0,0,0,2,0,-1,1.52745,6,0,0,3,0,-1,0,0.575997,0,0,-0.752613,0,0,0,0,1,0,1,0,-1,1,1,-1,0,1,0,0,0,0,2,1,0,1,2,0,0,3,1,0,2,0,0,0,0,1,0,0,0,0,0,-1,0,0,0,-0.515116,0,0,-0.613033,0,0,0,0,0,0,0,0,1,0,1,1
0,0,0,0,1,0,0,-0.697113,0,0,0,-2,-3,0,0,1,-0.574355,0,0,1,0,0,0,1,0,0,0,0,0,2,0,0,1.86366,2,0,0,1,1,0,0,0.33087,1,-2,-0.764706,0,1,0,0,0,0,0,-1,0,0,0,0,1,0,0,0,0,0,1,0,-1,0,1,-3,0,0,1,0,0,1,0,0,0,0,0,1,0,1,0,1,0,0,-1,-0.538462,0,0,-0.488371,0,0,0,4,0,0,0,1,1,0,1,1
0,0,0,2,0,0,1,-0.07232,0,0,0,0,3,0,0,-2,-0.568599,0,0,0,0,0,0,0,0,1,0,0,0,0,0,0,2.06709,8,-1,0,1,1,1,1,1.348097,0,1,-0.488877,0,-1,-2,0,0,0,1,0,0,0,0,-1,0,1,0,0,0,0,2,0,2,0,1,0,0,0,1,0,0,1,0,1,1,-2,0,0,0,1,0,0,0,1,-1,-0.336228,0,1,-0.470052,0,0,-1,0,0,-1,0,1,1,0,1,1
-1,-3,0,0,1,0,0,-0.604074,0,0,0,0,0,0,0,0,-0.511823,0,0,1,0,0,0,0,0,0,-1,3,0,-1,0,0,1.83856,8,0,0,1,0,0,0,1.057727,0,0,8.617024,-1,-1,0,1,1,2,0,0,0,1,1,0,0,0,0,0,0,0,0,0,0,0,0,0,0,0,0,0,0,0,0,0,0,0,0,0,0,1,0,0,0,3,0,-0.557317,0,0,-0.661078,0,0,-1,0,0,1,-1,0,1,1,1,1
1,-1,0,0,0,0,0,-0.635269,1,0,0,1,1,-2,0,2,-0.558164,0,0,0,-1,0,-3,0,0,0,0,0,-1,0,0,1,1.84255,4,0,0,0,0,0,0,1.138798,-4,0,8.649091,-1,-2,0,0,0,0,0,0,0,0,1,0,0,0,-4,0,0,0,1,0,0,0,0,0,0,-2,0,0,0,4,0,0,0,3,0,0,0,1,0,0,0,0,0,-0.316149,0,0,-0.829124,0,0,0,0,0,1,-1,1,1,1,1,1
1,-1,0,0,0,0,0,-0.65821,0,0,0,1,0,0,0,1,-0.540019,-1,0,2,0,0,-5,0,0,-1,0,0,0,0,1,0,1.57143,1,-1,0,0,0,0,0,1.219014,-2,-1,8.569486,-1,-1,0,0,0,0,0,0,0,2,1,0,0,1,0,0,0,0,0,0,0,0,0,0,0,0,0,-1,-2,0,0,0,1,0,1,0,0,1,0,0,0,0,0,-0.648206,0,0,-0.468683,0,0,0,0,0,0,0,0,0,0,1,1
0,0,0,0,0,0,0,-0.631461,0,0,1,1,2,1,2,0,-0.707317,0,0,1,0,0,-2,0,0,1,0,0,3,0,0,0,1.09338,7,0,1,0,0,1,0,1.852769,0,0,-0.634861,0,0,0,0,0,0,1,-1,0,-2,0,0,0,0,4,0,0,2,2,0,0,0,0,0,0,0,0,0,1,2,0,0,-1,-1,0,0,0,0,-1,0,1,0,0,-0.639865,0,0,-0.502501,0,0,0,1,0,1,0,1,0,0,1,1
0,0,0,0,0,0,0,-0.585046,-2,0,0,0,0,0,0,0,-0.734866,-1,0,0,0,0,0,1,0,0,0,2,0,0,0,0,1.9511,2,0,0,0,0,0,0,1.613193,0,1,-0.631047,0,0,0,0,0,0,1,0,0,0,1,1,2,0,0,1,0,0,1,1,-1,2,1,-2,0,-2,0,0,0,4,0,0,0,1,0,0,1,0,0,0,0,0,0,-0.714286,0,0,-0.422972,0,0,0,0,0,0,1,0,0,1,1,1
0,1,0,0,0,1,2,-0.568821,0,0,0,0,0,2,0,0,-0.740283,0,-1,0,0,0,0,1,0,1,0,0,3,0,0,0,0.88555,8,1,0,-2,0,0,0,1.493648,0,0,-0.752578,2,0,0,0,0,0,1,0,0,1,0,1,2,0,0,0,0,0,1,0,0,0,1,0,0,0,0,0,3,0,0,0,0,0,0,2,0,0,0,1,0,0,0,-0.80114,0,1,-0.775802,0,0,0,0,0,1,1,0,1,0,1,1
1,0,0,0,0,0,0,-0.764818,0,0,0,0,0,1,1,0,-0.818182,1,0,0,0,0,1,0,0,0,0,0,0,1,0,0,1.21731,5,0,1,0,0,0,1,1.687355,1,1,8.6,1,0,0,-1,0,0,1,0,0,1,-2,0,1,0,2,1,0,0,0,0,0,0,0,-1,2,0,0,0,0,1,0,0,0,0,0,0,1,0,0,0,-1,0,1,-0.619636,0,0,-0.892378,0,0,1,1,0,1,1,0,0,-4,1,1
1,0,3,0,-2,0,0,-0.649755,1,0,1,0,0,0,1,0,-0.818182,0,-1,0,0,0,0,0,-1,0,0,0,0,1,2,0,0.94415,4,0,0,1,0,0,1,1.020778,0,1,8.786533,0,-1,0,0,0,0,3,1,0,1,1,1,0,-2,0,0,0,1,1,0,0,2,1,1,0,1,1,0,0,0,0,0,0,-1,0,0,0,0,0,1,0,0,0,-0.643207,1,0,-0.6,0,0,0,0,0,1,0,0,0,1,1,1
0,0,0,2,0,0,0,-0.612903,0,0,1,0,0,0,0,0,-0.798911,1,0,0,0,0,0,0,0,0,0,0,0,0,0,0,1.22748,12,0,0,0,0,0,0,1.765887,0,0,5.553858,1,0,0,0,0,0,0,0,0,0,0,1,0,-1,0,0,0,1,0,0,0,0,0,0,-2,1,1,0,0,3,0,0,0,0,0,0,0,2,0,0,0,0,0,-0.771239,0,0,-0.272638,0,0,0,0,0,1,1,0,2,-1,1,1
0,3,1,1,0,-3,1,-0.609538,0,-1,0,0,0,0,-1,1,-0.667995,0,0,0,0,1,0,0,0,1,0,0,0,4,1,0,1.25277,4,-1,0,0,0,0,1,1.841787,2,1,-0.768367,0,0,0,0,0,0,0,0,0,0,-1,1,0,0,-1,1,1,0,0,-1,0,1,0,2,0,1,1,0,0,0,4,0,2,0,0,0,0,3,1,0,0,3,0,-0.555556,0,0,-0.514568,0,0,2,0,0,0,0,0,0,0,1,1
0,0,0,1,0,0,0,-0.625696,2,1,0,0,0,0,3,0,-0.506611,0,-3,0,1,1,0,0,0,0,0,0,-1,4,1,-1,1.77557,2,0,0,0,0,1,1,2.052096,3,1,-0.911228,0,0,0,0,0,0,0,0,0,0,0,1,0,0,0,1,0,-1,0,0,0,0,0,0,0,1,0,0,1,0,0,0,0,0,0,0,-2,1,0,0,0,0,0,-0.098427,0,0,-0.623714,0,0,2,0,1,1,0,1,-1,0,1,1
0,0,0,0,0,0,0,-0.770098,0,-1,0,0,0,0,0,0,-0.730268,0,0,0,0,1,0,0,0,0,0,2,3,0,0,-2,1.17143,1,0,0,0,0,1,0,3.844806,0,1,-0.707317,0,0,0,0,-1,0,0,3,0,0,1,0,0,0,0,1,0,1,0,1,2,0,-1,0,0,0,0,0,0,0,2,1,0,0,0,-1,0,0,1,0,0,0,0,-0.288856,0,0,-0.522999,0,0,0,0,1,1,1,0,0,1,1,1
0,0,0,1,0,-1,1,-0.86924,0,0,0,-1,0,3,0,-1,-0.237538,0,0,0,0,0,0,2,0,0,-1,-1,0,5,0,0,1.9836,3,0,0,0,0,0,0,1.142941,0,0,-0.826087,0,0,0,1,1,0,0,0,1,-2,0,1,0,0,-1,0,0,-2,0,0,1,1,1,0,0,0,1,0,0,0,0,0,3,0,0,1,0,0,0,0,0,2,1,-0.714105,0,0,-0.896729,0,0,0,0,0,0,0,0,0,0,1,1
-1,-8,0,1,0,-1,0,-0.669559,0,0,0,0,0,0,0,0,-0.54401,0,0,2,0,0,0,0,1,0,0,0,0,0,2,0,1.97143,4,0,0,0,-1,-1,0,1.112013,0,0,-0.826526,0,0,0,0,1,0,0,0,0,0,0,0,-2,0,2,2,0,0,0,1,0,0,1,0,0,0,0,0,0,0,2,0,0,0,2,1,0,0,0,1,0,0,0,-0.672545,0,0,-0.824403,-1,0,0,1,0,-1,0,0,0,0,1,1
0,0,1,0,0,0,0,-0.815675,0,2,0,0,0,0,0,-1,-0.636364,0,0,0,0,1,0,0,0,0,0,-1,2,0,2,0,1.73809,5,0,0,0,0,0,0,1.490904,0,0,-0.826087,0,0,0,1,1,0,0,1,0,0,0,0,2,-1,0,0,0,-1,0,0,1,1,1,-1,0,-2,1,-1,-2,0,0,0,1,1,0,0,0,0,0,0,0,0,0,-0.321933,0,0,-0.896221,0,0,0,0,0,-1,0,-1,0,-1,1,1
1,0,0,1,0,0,-1,-0.634945,1,0,0,0,-1,0,0,0,-0.755505,0,0,0,0,0,0,-1,1,0,-1,0,0,0,0,0,0.74286,2,0,0,0,1,0,0,1.4602,0,0,-0.690656,0,0,1,0,0,0,0,0,-1,-1,1,0,-1,0,2,0,1,0,2,1,1,0,0,-1,0,1,0,0,1,0,0,0,-1,0,0,-1,0,-1,0,0,0,0,3,-0.441672,0,0,-0.767558,0,0,0,0,0,1,0,-4,0,-1,0,1
0,0,0,1,0,0,0,-0.618393,-1,0,-5,0,0,0,0,-1,-0.550758,0,0,-1,-1,1,0,0,0,1,0,2,0,0,0,0,1.25438,2,0,0,0,0,0,0,1.42308,0,0,-0.722258,1,1,0,3,0,0,-1,0,0,0,1,0,0,0,0,-1,0,0,2,1,2,0,0,0,0,1,1,0,1,0,0,0,0,0,0,0,0,1,1,2,0,0,0,-0.769506,0,0,-0.791618,-2,0,0,0,0,0,0,0,0,0,0,1
0,0,1,0,0,0,0,0.133736,0,0,0,0,1,-1,0,0,-0.76931,0,0,0,0,0,0,0,0,0,0,5,0,0,0,0,0.58527,2,-1,0,0,0,-1,-1,1.295792,-1,0,-0.597524,-1,0,0,0,0,0,1,2,-2,0,1,0,-1,0,0,-1,0,0,0,0,1,0,0,0,-2,1,0,0,1,0,4,0,0,0,0,0,-1,0,0,2,0,0,1,-0.811526,-1,0,-0.876724,0,0,0,-1,0,0,0,4,0,0,0,1
0,0,2,0,0,-4,2,-0.746669,1,0,-2,0,-2,0,0,0,-0.716234,0,0,-1,-1,0,0,0,0,0,-1,0,0,0,0,0,0.54286,4,0,0,-2,0,0,0,2.323925,0,0,-0.645833,0,0,0,0,0,1,0,0,1,0,1,0,0,0,0,-2,0,0,1,0,-1,0,0,0,0,0,1,1,0,0,0,0,0,2,1,0,2,0,0,1,0,0,-1,0.456652,0,0,-0.334553,0,0,0,2,1,0,0,1,0,0,1,1
0,-1,0,0,1,-1,0,-0.491757,2,0,3,0,1,2,-1,1,-0.748711,0,0,0,0,1,0,0,0,0,0,0,0,2,0,0,0.54286,5,0,0,2,0,0,-2,2.63158,0,-1,-0.912566,0,0,0,-1,0,-1,0,-2,0,0,0,0,0,-1,2,0,0,0,0,2,0,0,0,0,2,0,0,0,0,-2,0,0,0,0,0,-1,0,0,1,0,0,0,-1,-0.312224,0,0,-0.40437,0,0,0,-1,0,-1,0,1,0,0,1,1
1,0,0,0,0,0,0,-0.78576,0,0,0,0,0,0,-1,1,-0.553601,1,0,-2,0,0,0,0,0,-1,0,0,3,0,0,0,0.54286,2,2,-2,-1,0,2,0,2.58792,0,0,1.226869,-1,0,0,0,0,0,0,0,0,0,-1,0,0,0,0,0,-2,0,0,0,-2,0,1,-2,-1,0,0,-1,1,0,0,0,-1,0,0,0,0,0,0,0,0,0,0,-0.843007,0,0,-0.391357,0,0,0,0,0,0,0,0,0,1,1,1
0,0,0,0,0,0,0,-0.852066,0,0,0,0,0,0,0,0,-0.73822,0,0,1,0,0,0,0,1,0,0,2,2,2,0,0,1.27962,6,0,1,0,0,1,-1,0.982289,0,0,-0.793103,0,0,0,-1,0,0,1,0,0,0,0,4,0,-1,0,1,1,0,3,1,0,1,2,0,3,0,2,0,0,0,5,0,0,2,0,0,0,0,0,0,0,0,0,-0.491757,0,-2,-0.78828,0,0,3,0,1,-1,0,0,0,3,1,1
0,0,0,0,0,0,-2,-0.836984,0,0,0,-1,0,-1,0,1,-0.783702,0,0,3,0,0,-1,0,0,0,0,0,0,0,1,0,2.07564,0,0,0,0,1,1,0,0.574161,0,0,-0.796265,0,-1,-1,-1,0,0,0,0,0,-1,0,1,0,0,0,-1,-1,1,1,1,2,0,0,0,0,0,0,0,-1,0,2,0,-4,0,0,0,0,1,1,-1,0,0,0,-0.569557,0,0,-0.754629,2,0,3,-1,0,0,0,1,0,2,1,1
0,0,1,1,0,3,0,-0.631012,0,0,1,0,-1,0,0,-1,-0.645148,0,0,3,0,0,0,1,0,0,0,0,2,0,1,0,2.06948,0,0,0,0,0,1,-2,0.772008,-2,0,-0.644038,0,0,1,-1,0,1,1,0,0,0,0,0,-1,-1,1,0,-1,0,0,0,1,0,0,0,4,0,0,2,-2,0,3,0,0,2,2,0,0,1,0,0,0,-1,0,-0.460575,0,0,-0.762181,0,0,0,0,0,0,2,0,1,0,1,1
0,0,0,0,0,0,0,-0.6245,0,1,0,0,0,0,0,0,-0.627012,0,0,0,1,1,0,1,0,0,0,0,-1,0,0,1,1.08571,6,0,0,0,0,1,0,0.531722,0,0,-0.399496,2,0,0,2,0,0,0,0,0,0,0,0,0,1,3,3,0,0,0,0,0,1,1,1,0,0,0,0,2,0,0,0,0,0,0,0,0,0,0,1,1,0,0,-0.652983,0,0,1.024789,2,-1,0,0,0,0,0,0,1,0,1,1
0,1,1,1,0,-1,1,-0.481635,0,1,3,0,0,0,0,0,-0.696084,0,0,0,0,0,0,0,0,0,0,2,0,0,1,0,1.12723,1,0,-1,-2,0,0,-1,0.655096,0,0,-0.694934,0,1,1,0,0,0,0,0,0,0,0,0,0,0,0,0,0,0,0,0,0,0,0,-1,0,0,0,0,1,0,0,-1,2,-1,0,0,0,0,0,0,0,1,0,-0.711628,0,0,-0.679725,0,0,-1,0,0,0,0,2,0,0,1,1
0,0,1,0,0,2,0,-0.55622,0,0,0,0,0,0,2,0,-0.735237,0,0,0,0,1,0,0,0,1,0,0,0,3,1,0,1.14654,3,0,0,0,0,0,0,1.335463,0,0,-0.465718,0,0,1,-2,0,1,0,0,0,0,0,0,0,0,0,0,0,0,1,0,0,0,0,0,1,-1,2,0,1,0,0,0,1,0,0,0,0,2,0,0,1,0,0,-0.774759,0,0,-0.324077,2,0,0,-2,0,1,0,1,0,1,1,1
1,3,0,0,-2,2,1,-0.79661,0,0,0,0,-2,2,1,0,-0.522692,0,0,0,1,-1,1,0,0,2,0,0,1,1,1,0,0.69496,1,0,0,0,0,0,1,0.567312,-4,1,-0.626438,0,0,0,0,0,0,0,0,-1,0,0,1,0,0,0,0,0,0,1,0,-3,0,0,0,-1,1,0,0,0,-1,0,0,0,-1,0,0,0,0,0,0,0,0,-1,-0.480356,0,-1,-0.889078,0,0,2,-1,0,0,0,-1,1,0,0,1
0,0,-1,0,0,-1,0,-0.636855,0,1,-1,0,-1,0,0,1,-0.105015,0,0,1,0,0,0,-1,0,0,0,1,0,1,0,0,0.53645,6,0,0,0,3,0,0,0.219512,2,1,-0.626528,1,0,0,0,-1,2,3,0,0,-1,3,0,0,0,0,-1,0,0,0,-1,0,1,-1,-2,-1,0,1,-1,1,-1,2,0,0,0,-1,-1,0,1,0,0,0,-1,0,-0.775313,0,2,-0.789474,0,-1,0,1,0,-1,0,0,0,0,0,1
0,0,0,2,0,0,0,-0.881518,0,0,0,1,0,0,2,1,-0.372257,0,0,0,0,-1,0,0,1,0,0,0,0,0,0,0,1.24649,1,0,0,1,1,0,0,0.296382,0,0,-0.577923,0,0,0,0,0,0,0,0,0,0,1,0,-1,0,0,0,0,1,1,0,0,1,0,0,0,1,0,0,0,0,-1,0,0,0,0,0,0,0,0,-1,0,-1,0,-0.790874,0,0,-0.862094,0,0,0,0,0,0,0,0,0,1,0,1
0,3,2,0,1,-1,0,-0.487184,0,0,0,0,0,0,3,2,-0.688568,0,0,0,1,0,0,1,0,0,-1,0,0,-1,0,0,0.93442,2,1,0,0,0,1,0,0.2,0,0,-0.683642,0,0,0,1,0,1,0,-2,0,0,3,0,-1,0,-2,0,0,0,0,1,0,0,0,0,0,0,0,0,0,0,0,0,1,0,1,0,0,0,0,0,0,3,0,0.293737,0,0,4.159522,0,1,-1,0,0,1,0,0,0,0,0,1
0,0,0,0,0,-1,0,-0.684735,0,0,-1,0,1,0,-2,0,0.063239,0,0,0,5,0,0,1,0,0,0,-1,-1,1,0,0,0.84715,6,0,0,1,0,0,0,0.629087,0,0,-0.619551,0,0,0,0,0,0,0,0,-1,0,0,2,0,0,0,0,0,0,0,1,0,1,-1,0,1,0,0,0,0,2,-3,0,0,0,0,0,-1,0,0,1,-1,0,0,-0.776143,0,0,8.535769,-1,0,1,1,0,0,0,0,0,0,0,1
0,0,0,0,0,0,1,-0.781818,0,0,0,0,1,0,0,0,-0.550956,1,0,-1,0,0,0,0,0,0,0,0,0,2,1,0,0.85248,12,-2,1,0,0,1,0,0.2,0,-1,-0.650968,0,0,0,1,0,0,0,0,0,-1,0,0,0,1,0,-2,-1,0,2,1,0,-3,0,3,0,0,1,0,0,0,0,0,0,0,-1,0,0,0,0,0,0,0,0,-0.662316,0,0,2.85714,0,0,-1,0,0,1,0,0,0,0,0,1
0,0,-1,0,0,0,-2,-0.710325,0,0,1,0,-1,0,0,0,-0.717947,0,0,1,0,1,0,0,2,0,0,0,2,0,0,-2,0.63825,6,1,0,0,0,-3,0,1.191401,1,0,-0.477811,0,0,-1,0,0,0,0,0,0,2,1,1,0,0,1,0,0,0,0,1,5,0,-2,0,0,1,0,0,1,0,0,1,0,0,0,0,0,0,0,0,1,-1,1,-0.647059,0,1,-0.419705,0,0,0,0,0,1,0,0,1,0,1,1
0,0,0,1,0,1,0,-0.418503,0,-1,0,0,0,0,0,0,-0.59279,0,0,0,0,0,0,0,0,0,0,0,1,0,0,0,0.65714,2,1,0,4,0,0,0,1.523442,2,0,-0.348332,-1,0,0,0,1,2,0,0,0,1,3,1,1,0,0,0,0,0,0,0,1,1,0,0,0,2,0,0,0,0,4,0,0,1,0,0,1,0,0,0,1,0,1,1.728693,0,0,-0.26004,0,0,1,0,1,0,0,0,0,0,1,1
0,0,0,0,0,0,0,-0.531963,0,0,0,0,1,0,0,0,-0.709278,0,0,1,1,0,1,0,0,-1,0,0,0,-1,0,0,0.65714,5,0,0,2,0,-1,0,2.202656,0,0,-0.517472,0,0,0,0,0,0,0,0,0,0,1,0,1,0,0,1,0,0,1,1,1,0,0,0,0,-1,0,0,0,0,0,0,1,0,0,1,0,0,0,0,1,0,-2,-0.582486,0,0,-0.613276,0,0,0,4,1,0,-1,2,0,0,1,1
0,2,0,5,0,0,0,-0.591623,0,0,0,1,0,0,0,0,-0.366691,0,0,0,2,0,2,0,0,0,0,0,0,0,0,0,2.44439,0,0,1,0,0,1,0,1.583179,0,0,-0.555556,0,-2,-1,-1,0,0,-1,0,0,-2,0,0,0,0,1,0,0,0,0,1,0,0,0,0,0,1,0,0,2,0,-1,0,1,0,0,1,0,0,0,0,0,0,0,-0.785714,-1,0,-0.699881,0,0,0,0,0,1,0,-2,-3,0,0,1
0,0,1,1,0,0,0,-0.795871,0,0,1,2,0,0,-1,-2,-0.79661,0,0,2,0,-1,0,0,1,1,0,0,0,4,0,1,1.16544,1,0,0,1,1,0,1,1.268968,0,1,-0.475723,-2,-1,0,0,0,0,0,1,0,0,3,0,0,0,0,0,0,0,0,1,0,0,0,0,-1,1,0,1,0,0,0,0,0,0,0,0,0,0,-1,0,0,0,0,-0.771465,0,0,-0.619183,0,0,-2,0,0,0,0,0,-1,2,0,1
0,0,0,1,0,0,0,-0.506591,1,0,0,0,3,-1,-1,0,-0.79661,0,0,0,-2,0,0,0,0,0,0,0,0,1,-1,0,0.73595,0,0,0,1,1,0,0,1.59259,0,0,-0.342418,-1,0,2,0,0,0,0,-1,0,0,1,0,0,0,-1,1,0,0,0,1,0,1,0,0,3,0,0,2,0,0,0,0,0,1,0,0,1,0,0,0,0,1,0,-0.796423,0,1,-0.647059,0,0,0,0,0,0,0,0,0,0,0,1
0,0,0,0,0,0,0,-0.68778,0,0,0,0,-1,0,2,0,-0.538462,1,0,1,0,0,-1,2,0,0,0,0,0,0,1,0,1.64595,11,-1,0,0,1,1,0,1.669673,0,0,-0.098738,-1,0,0,0,0,0,0,0,0,0,0,0,0,-1,0,0,1,1,0,1,0,0,0,0,0,1,0,0,0,0,0,0,0,3,0,0,0,0,0,0,-1,1,0,-0.612903,0,0,-0.811686,0,0,3,0,0,0,0,0,-2,1,1,1
0,-1,0,1,0,0,0,-0.62622,0,0,0,0,0,0,0,0,-0.538037,1,0,1,0,0,0,0,0,0,0,0,6,0,1,0,1.46255,0,0,0,0,0,0,0,0.852125,-2,0,-0.742518,0,0,0,2,0,0,0,0,-2,0,0,-1,0,0,0,0,1,0,0,0,0,-2,0,0,0,0,1,0,2,0,0,0,0,0,0,0,0,2,-1,0,0,1,0,-0.605909,0,0,-0.054166,0,0,2,0,0,-1,0,0,0,0,1,1
-3,0,1,1,1,1,0,-0.69775,0,0,0,0,0,0,-1,-1,-0.61102,1,2,0,1,1,-2,0,0,-2,0,0,0,0,0,0,1.2182,1,0,0,0,0,0,0,0.901662,0,0,-0.73913,0,0,0,0,0,0,0,0,0,0,0,1,0,0,0,0,1,0,0,1,0,0,1,0,0,1,0,0,2,0,0,-1,0,0,0,0,0,0,0,1,-1,0,0,-0.471874,0,0,-0.785714,0,0,0,0,-1,0,0,2,0,1,1,1
0,0,-1,1,0,0,0,-0.588539,0,0,0,0,0,0,0,1,-0.81967,0,-1,2,0,0,0,0,1,0,0,1,0,0,1,1,1.3767,12,0,1,0,1,0,0,0.283982,0,0,-0.817871,0,0,-1,0,0,2,0,0,0,0,0,0,0,0,0,2,0,0,-2,0,0,-3,0,0,0,-1,0,1,0,0,-1,0,1,1,0,0,1,0,0,-2,0,0,0,0.130963,0,3,-0.902714,1,2,1,0,1,1,0,4,0,0,0,1
0,0,0,0,0,1,0,-0.571429,-1,0,0,0,0,0,0,1,-0.39962,1,0,2,0,-1,0,0,0,0,0,0,0,0,0,0,1.13961,0,0,0,1,1,0,-1,0.325,0,0,-0.724667,0,-2,0,0,0,0,0,0,0,0,0,1,0,1,3,-6,1,0,1,-1,0,0,-1,0,-2,0,0,0,-1,0,0,0,2,0,0,0,1,0,0,1,0,0,0,-0.834321,0,0,-0.755017,0,0,0,0,0,-1,-2,0,0,0,0,1
0,-3,0,-1,0,1,-1,-0.47419,1,0,-3,0,-1,-1,0,0,-0.440326,0,0,0,-3,0,0,0,1,0,0,0,0,1,1,0,0.60294,4,0,-1,0,1,-2,0,0.299982,0,0,-0.7,0,0,-1,0,0,0,0,1,1,0,0,0,0,0,0,0,0,-2,-1,0,-2,0,0,2,0,1,0,0,1,-1,0,-1,0,0,0,-1,0,1,0,0,0,2,0,0.62227,0,0,-0.764556,0,0,-1,0,1,0,0,0,0,0,0,1
0,2,-1,-1,0,-1,0,-0.391115,0,0,0,1,0,0,0,0,0.787794,0,0,0,0,0,0,0,1,0,0,0,0,0,0,0,1.27151,5,0,0,0,-2,0,0,0.707317,0,-1,-0.689529,0,1,0,0,1,0,1,0,0,0,0,0,0,0,0,0,0,0,0,1,0,0,0,0,0,0,0,0,0,0,0,-1,-3,1,0,0,0,-3,0,0,-1,2,0,-0.836629,0,1,-0.580151,0,0,-1,0,0,0,0,-1,0,0,0,1
0,3,0,0,0,-2,0,0.288358,0,0,0,0,0,0,0,0,-0.4968,1,0,0,0,0,0,0,0,0,0,0,0,0,0,0,1.31121,1,0,0,0,0,0,0,2.555043,0,0,-0.733413,-2,0,0,0,0,2,0,0,1,-1,0,0,0,0,-1,-1,0,0,0,1,-1,1,1,2,1,-3,0,-1,0,-2,1,0,0,0,0,0,0,0,0,1,0,-1,0,-0.544523,0,1,-0.751892,0,0,0,0,0,1,0,0,-1,0,0,1
0,4,0,0,0,0,1,-0.518001,0,0,-1,0,0,0,0,6,-0.473044,0,0,0,0,0,1,0,0,0,0,0,1,0,0,0,1.31988,0,0,0,0,0,1,0,1.149991,0,-1,-0.720939,0,1,1,-1,-2,0,0,0,0,1,0,0,0,0,0,0,0,1,0,1,2,1,1,0,1,1,3,1,0,0,0,0,0,0,0,0,0,0,1,1,0,0,0,-0.906948,-1,1,-0.842532,0,0,0,0,1,1,1,0,3,0,0,1
0,0,0,1,0,0,0,-0.844356,0,0,2,0,1,0,1,0,-0.691121,0,0,1,1,0,0,0,0,0,0,0,3,0,0,0,3.16828,4,0,0,0,1,0,0,1.25532,2,0,-0.744681,0,0,0,0,0,0,0,1,-2,0,1,0,0,0,2,2,0,0,0,0,1,1,1,0,2,0,-5,0,0,2,0,0,0,0,0,0,0,0,0,1,1,1,2,-0.684384,0,0,0.115071,0,0,0,0,0,0,2,0,0,1,1,1
0,-1,2,0,0,0,0,-0.540641,0,0,2,0,-1,0,0,4,-0.394389,0,-1,1,1,1,0,1,0,0,0,0,3,0,0,-1,1.21826,2,0,0,0,0,0,0,0.39846,0,-1,-0.665295,0,0,0,2,1,0,0,-1,0,0,0,0,0,0,0,0,2,0,0,0,0,1,0,1,3,1,0,0,0,0,2,0,1,0,0,1,0,0,0,0,0,0,-1,-0.704605,0,1,-0.075156,0,0,0,0,1,0,0,0,1,0,1,1
0,1,0,0,0,0,0,-0.523064,0,0,0,0,0,2,1,1,-0.851325,0,0,1,1,0,0,0,0,0,0,2,2,0,0,0,1.34286,12,0,0,0,1,0,0,4.085076,0,0,-0.694777,2,-1,0,0,0,0,0,0,0,0,-1,0,0,0,0,0,0,0,0,2,0,1,0,0,0,0,0,0,0,2,2,0,0,0,0,0,2,0,1,1,0,0,0,-0.660345,0,0,-0.396815,0,0,0,0,0,0,0,0,0,1,1,1
0,0,0,0,1,0,0,-0.789474,0,1,0,0,0,0,-1,0,-0.598408,0,0,0,1,1,0,0,0,-1,0,0,0,0,0,0,1.5101,9,0,0,0,0,0,0,0.830363,0,0,-0.801457,0,0,0,0,0,0,1,0,0,0,4,0,1,0,0,2,0,0,0,2,-1,1,0,0,0,1,1,0,1,0,0,0,0,0,1,0,0,0,0,0,0,1,0,-0.236812,0,0,-0.657357,-1,0,0,0,0,0,0,-4,-1,0,1,1
1,0,0,-1,0,0,0,-0.797042,3,0,0,1,0,0,0,0,-0.820488,0,0,0,0,0,0,0,0,1,0,0,0,0,1,0,0.99073,24,0,0,1,0,0,0,0.613745,0,0,-0.880646,0,1,0,0,0,-1,1,-1,1,0,2,0,0,1,0,2,0,0,0,0,0,2,0,0,0,0,0,0,-2,0,0,0,-1,0,1,0,0,-1,0,1,-1,0,0,-0.752479,0,0,0.433495,0,0,0,0,0,1,0,0,0,0,1,1
0,2,0,0,0,0,0,-0.737119,2,0,0,0,-1,0,0,-2,-0.714286,0,-1,0,1,0,1,0,0,0,0,0,0,0,0,0,1.44631,0,0,0,0,0,0,0,0.733655,0,0,-0.796573,0,0,0,-2,1,0,1,1,0,-1,0,-2,0,1,-1,0,0,0,0,0,0,1,1,0,0,-1,1,0,1,3,0,0,0,0,1,0,0,0,0,0,0,0,0,-0.467802,0,1,-0.420373,0,-1,0,1,0,0,0,0,0,0,1,1
0,0,0,1,0,1,0,-0.536685,1,0,1,0,2,0,0,1,-0.636784,0,1,0,2,0,0,0,0,0,0,0,0,0,0,0,1.43515,2,0,0,0,0,0,1,0.664779,-3,1,-0.444261,0,0,0,0,0,0,0,1,0,2,-3,1,0,0,0,0,0,1,0,-2,-3,0,0,0,0,0,1,1,0,0,2,0,1,0,0,0,0,-1,-1,0,0,0,1,-0.720406,0,0,-0.648894,0,0,0,1,1,0,0,1,-1,0,0,1
0,0,0,1,0,0,0,-0.509745,0,0,0,1,0,0,0,7,-0.752909,0,0,0,1,0,2,0,0,0,0,0,0,-1,0,1,1.59994,7,0,0,1,2,1,0,1.278532,0,1,-0.060006,0,0,0,0,0,0,0,1,0,0,0,0,0,0,0,0,-2,0,0,0,0,3,-1,3,0,0,1,0,0,0,0,0,1,0,0,0,-1,0,0,1,1,0,2,-0.894162,0,0,-0.675676,0,0,2,0,0,0,0,0,0,1,0,1
0,0,3,1,0,0,0,-0.72807,0,0,0,0,0,0,0,0,-0.636364,0,0,0,1,0,2,1,0,0,0,0,0,0,0,0,1.26584,4,0,0,0,0,2,-1,2.174137,0,1,-0.753116,2,0,0,0,0,0,0,0,0,0,0,0,0,1,-2,0,0,0,-1,0,0,0,1,0,0,0,1,0,0,0,0,0,1,0,0,0,-1,0,0,1,1,0,0,-0.675676,0,0,-0.675676,0,0,0,0,0,0,0,4,0,0,0,1
0,0,0,2,0,-2,0,-0.844972,1,0,0,0,0,0,0,-1,0.144193,0,-1,1,-1,-1,0,0,0,-1,0,0,0,6,0,0,1.00508,7,1,0,0,0,0,1,1.614609,0,0,-0.658125,1,0,0,0,-2,0,0,0,0,0,0,0,-4,0,0,1,0,0,1,0,0,0,1,0,0,0,-3,2,0,1,2,0,0,0,0,0,0,1,0,-2,0,0,0,-0.570944,0,0,0.975907,0,0,0,0,-1,0,1,2,1,0,0,1
0,0,1,1,0,2,1,0.056777,0,0,0,0,0,0,0,0,-0.818743,0,0,1,0,0,1,0,0,0,0,0,0,0,0,0,0.97143,11,0,0,0,3,-1,0,1.339334,0,0,-0.664505,2,0,0,0,-2,0,1,0,0,0,0,1,0,0,0,2,0,0,0,0,1,2,0,-1,0,0,1,0,0,0,2,1,0,0,2,0,0,0,-1,0,0,0,0,-0.336887,0,0,-0.828571,0,0,0,0,0,0,0,0,1,1,0,1
0,1,0,1,0,0,1,-0.685979,1,0,0,0,0,2,0,0,-0.79498,0,0,0,0,0,0,-2,2,0,0,0,0,0,0,0,0.71519,1,0,0,-2,0,0,0,2.077337,0,1,-0.236735,0,0,0,-1,0,0,0,0,1,0,-1,0,1,1,0,0,0,0,0,0,0,2,0,0,0,0,0,0,-2,0,0,0,-1,0,0,0,0,1,0,0,0,-2,0,-0.853659,0,0,-0.828906,0,0,3,0,0,0,0,0,0,0,0,1
0,0,-1,0,-1,0,0,-0.717516,0,1,0,1,-1,0,0,2,-0.611015,0,0,0,0,0,0,0,0,0,-1,2,0,0,0,0,1.11954,1,0,0,1,0,1,0,0.849637,2,1,-0.690174,0,0,0,0,0,0,0,0,0,0,-3,1,0,0,0,0,0,0,0,0,1,1,0,0,0,0,0,0,0,0,0,0,0,0,0,0,0,0,1,0,0,1,0,-0.232694,0,0,-0.748788,4,0,2,1,0,0,0,1,0,2,1,1
0,-3,1,1,0,1,0,-0.744681,0,0,0,1,0,0,0,0,-0.454347,0,2,1,1,0,0,0,0,0,0,0,0,0,-1,1,1.40865,5,0,-1,0,0,1,0,0.396917,0,0,-0.701904,0,0,0,0,0,0,0,0,0,1,0,2,0,0,0,5,0,0,1,0,0,0,0,1,0,1,-2,0,0,0,0,0,0,1,0,0,0,0,0,1,-1,0,0,-0.475079,0,0,-0.642458,2,0,0,-2,0,0,0,1,0,0,1,1
0,1,0,1,0,0,-1,-0.744681,0,0,0,1,0,0,0,4,0.471139,0,0,0,0,0,0,1,0,0,0,0,0,0,0,0,1.14713,2,0,0,0,1,0,0,1.18693,0,0,-0.66221,2,0,0,0,-1,0,0,0,0,0,0,0,0,0,2,0,0,-1,0,-1,-1,1,-1,-3,0,0,0,0,0,-1,0,0,0,0,0,0,1,0,0,2,0,1,0,-0.646383,0,0,-0.659681,0,0,0,0,0,2,0,0,0,1,1,1
0,0,0,0,0,0,0,-0.663728,0,0,0,-1,0,0,0,1,-0.713979,0,0,1,0,0,0,0,0,0,0,0,1,0,0,0,0.97384,5,0,0,-1,0,3,0,0.789608,0,0,-0.621491,0,1,0,0,0,0,0,0,0,-1,0,0,0,0,-1,0,0,0,0,-1,1,0,0,0,0,0,0,1,0,0,2,0,0,0,0,0,0,0,0,1,0,1,0,-0.655436,0,0,-0.715818,0,0,0,0,0,-1,0,0,0,1,1,1
0,0,0,0,0,0,0,-0.658394,0,0,1,1,0,1,3,0,-0.73244,0,0,2,0,0,0,2,0,1,0,2,0,0,0,0,1.55652,0,0,0,0,0,-1,0,1.045824,0,0,-0.744088,0,0,-1,1,0,0,0,0,-1,0,0,2,0,1,0,0,1,0,1,-1,1,0,1,3,0,-1,0,-1,0,0,0,0,1,0,0,0,0,0,0,1,-1,0,0,-0.657143,0,0,-0.636665,0,0,0,1,0,0,0,0,0,0,1,1
0,0,1,0,0,0,-2,-0.705288,0,1,0,0,1,0,-1,1,-0.709851,0,0,1,0,0,0,-1,0,0,1,2,1,0,0,0,2.44764,3,0,0,0,0,0,0,0.599251,0,0,-0.894444,1,1,0,0,0,0,0,0,0,0,0,0,0,0,7,0,0,-1,0,0,1,0,0,0,0,0,0,0,0,1,2,0,-1,-3,-1,0,0,0,0,1,0,1,0,-0.791809,0,0,-0.716027,3,0,0,0,0,0,0,0,1,0,1,1
0,0,0,0,1,0,0,-0.803279,0,1,-1,0,-1,0,0,0,-0.541658,0,0,0,0,0,0,-2,0,0,0,0,0,0,1,0,0.75845,2,0,0,0,0,1,0,0.275862,0,0,-0.583514,-1,0,1,0,0,0,0,0,0,0,0,0,0,0,0,0,0,0,0,0,0,0,1,0,0,0,0,0,0,-1,0,0,1,0,-1,2,0,0,0,0,0,-1,-1,-0.211175,0,0,-0.746605,0,0,0,0,0,2,2,2,0,5,0,1
0,0,0,0,0,0,0,-0.79524,0,-1,0,0,-2,0,0,0,-0.7979,0,1,0,7,0,0,-2,-1,0,0,0,0,0,0,0,0.97702,0,0,0,1,0,1,0,0.275862,0,0,-0.55893,0,0,0,2,0,0,0,-1,0,0,0,0,-2,0,0,0,0,0,0,0,0,0,1,0,0,0,0,1,0,1,-4,0,0,-1,0,0,-1,0,0,0,0,0,1,2.333657,0,1,-0.616887,1,0,-1,0,0,1,0,1,0,2,0,1
-1,2,0,0,0,-1,0,-0.45859,-1,0,0,0,0,0,0,0,0.07199,0,0,0,1,0,0,-1,0,0,-1,1,1,0,1,0,1.35394,0,0,0,0,0,0,0,1.157446,0,-1,-0.760917,0,0,0,0,0,0,0,0,0,0,0,0,3,0,-2,0,0,0,-3,0,0,0,1,0,0,0,3,-2,-2,0,0,-1,1,3,2,0,0,0,0,0,0,0,-1,-0.733333,0,0,-0.559927,0,0,0,0,0,0,0,1,6,2,0,1
1,1,1,0,1,0,0,-0.618348,0,0,1,0,-1,0,0,0,-0.666667,1,0,1,0,0,0,0,-1,1,0,0,0,0,0,0,1.25602,5,0,1,1,0,1,0,1.903902,0,0,-0.716309,1,0,-1,0,0,0,0,0,-1,0,0,0,0,-4,0,0,0,0,0,0,0,-2,0,0,0,0,1,1,0,0,0,0,0,2,0,0,-1,0,0,0,0,-1,0,-0.819957,0,0,-0.713081,0,0,0,0,0,0,0,0,0,0,1,1
0,0,0,0,-1,0,0,1.108728,-2,0,1,0,0,-1,5,0,-0.563401,-1,0,0,0,1,0,-4,2,0,0,0,0,0,1,-1,1.22434,5,0,0,2,0,0,0,0.996104,0,0,-0.726218,0,-1,0,0,0,0,0,1,0,0,-2,0,1,7,0,2,0,0,0,0,0,0,0,0,2,0,0,0,0,0,-3,0,0,0,0,0,-1,-1,0,-2,0,0,-1,-0.540273,0,0,-0.755102,0,0,0,0,0,0,0,0,0,0,1,1
0,0,0,0,1,0,0,-0.098063,0,2,0,0,0,0,0,0,-0.332299,0,0,1,0,0,0,0,0,0,0,0,-2,0,2,0,1.36599,-9,0,0,0,0,1,0,1.499424,0,0,-0.714286,1,0,-1,0,-1,0,-1,2,0,0,0,0,0,0,0,0,0,0,-1,0,0,-1,0,0,0,1,1,0,-2,0,2,0,0,2,0,-1,0,0,0,1,0,0,3,-0.756029,0,0,-0.699628,2,1,-2,0,0,0,0,0,0,0,1,1
0,0,0,-2,0,2,1,-0.666077,0,0,0,0,0,0,1,-3,-0.803279,0,1,1,1,0,0,0,0,0,0,2,0,0,0,0,3.43011,11,1,0,0,0,0,0,0.556069,0,1,-0.906335,0,0,0,-1,0,0,0,0,3,1,0,-5,0,1,2,0,0,1,0,0,0,1,0,0,0,-1,1,0,1,0,0,0,0,0,0,0,0,0,0,0,0,0,0,-0.674661,0,0,-0.675676,5,0,0,1,0,0,0,0,0,1,1,1
1,0,0,1,-1,0,0,-0.643972,0,1,0,0,0,0,0,0,-0.837106,0,0,0,2,0,0,0,3,1,0,0,-3,0,0,0,2.83958,9,0,0,0,1,0,1,1.672759,-1,1,-0.904762,-1,0,-1,0,0,0,-1,0,-4,0,1,0,0,1,0,0,0,1,1,1,0,1,0,-1,1,0,0,0,2,0,0,0,0,1,0,1,0,0,0,0,0,0,0,-0.871156,0,0,-0.622596,-1,0,0,0,0,3,0,0,0,0,1,1
0,-1,0,0,0,1,-3,-0.624008,0,0,-1,0,0,2,0,0,-0.886836,0,0,1,0,-1,-1,0,1,-2,0,0,0,0,0,0,3.6,11,1,0,0,2,0,0,2.835103,2,1,-0.904762,0,-2,0,0,-1,-1,0,0,0,1,1,0,0,0,0,0,1,1,0,0,0,0,0,0,0,0,-2,1,0,2,0,0,0,2,0,0,0,0,0,0,0,-1,0,-0.826188,0,1,-0.595189,0,1,0,0,0,1,0,0,0,2,1,1
0,0,4,0,0,1,0,-0.673809,-1,1,0,0,0,0,-1,0,-0.445535,0,0,1,0,0,0,0,0,1,0,0,0,1,0,0,1.02857,0,0,0,0,0,0,0,0.47205,0,-1,-0.394569,0,0,3,0,-1,0,0,0,0,0,2,0,0,1,0,0,0,0,-2,0,0,0,0,0,3,0,0,0,0,0,0,0,0,0,0,1,0,0,0,0,0,0,0,-0.538462,0,0,-0.663971,-1,1,-1,1,1,0,1,0,0,0,0,1
0,0,0,0,-1,0,1,-0.502751,-1,1,0,1,1,0,-1,0,-0.82353,0,0,0,0,1,0,3,0,0,0,1,1,0,0,0,0.54248,6,0,0,1,2,0,0,0.65221,3,0,-0.631345,1,0,0,0,0,0,0,0,0,0,3,2,-1,1,1,0,0,0,-2,-1,0,2,0,0,0,0,0,-2,0,1,1,0,0,0,0,0,0,0,0,0,0,0,0,0.201896,-2,0,-0.682992,0,0,0,0,0,1,0,-1,1,1,0,1
0,0,0,1,0,0,0,-0.867336,0,1,1,0,0,0,-1,3,-0.400066,0,0,1,0,0,0,0,0,0,0,0,0,0,0,0,2.03872,1,0,0,0,-6,0,0,0.675073,0,0,-0.728616,0,1,0,0,0,0,0,0,-1,1,0,0,2,-1,-1,0,0,0,0,0,0,-1,0,0,1,1,1,0,0,0,1,0,0,0,0,0,0,0,0,0,0,0,0,-0.897885,0,0,-0.679846,-2,1,0,0,0,1,-1,0,0,0,0,1
0,0,1,2,0,3,0,-0.655653,0,0,0,0,2,-1,0,0,-0.792053,0,0,0,0,0,0,0,-1,0,0,0,0,0,0,1,2.03712,3,0,0,0,0,0,0,0.176913,2,0,-0.83454,0,0,0,0,0,-1,1,0,0,2,1,1,0,0,0,0,-1,0,0,0,2,0,5,-1,0,0,0,0,1,0,0,-1,0,0,0,0,0,0,0,0,0,0,0,-0.773585,0,0,-0.663318,0,0,0,0,0,1,0,3,1,1,1,1
0,0,-1,1,0,0,0,-0.493557,0,-1,0,0,0,0,2,2,-0.62577,0,0,0,1,0,0,0,0,0,0,-1,0,2,0,0,1.56763,10,0,0,-1,0,0,0,1.429942,2,0,-0.761516,2,0,0,0,1,0,1,0,0,0,0,0,0,-1,-4,0,1,0,0,0,-1,0,0,0,0,0,0,0,1,-5,0,0,0,0,0,0,0,0,0,0,0,0,0,-0.853141,0,-1,0.170169,0,0,2,0,0,1,-2,0,-1,0,1,1
0,0,2,1,0,0,0,-0.76114,0,0,1,0,-3,0,4,1,-0.78736,0,0,1,0,-1,0,-1,0,0,0,0,-1,0,0,0,2.24338,1,0,0,0,0,0,0,3.450288,0,3,-0.352699,0,0,0,0,3,0,1,0,0,0,0,0,0,1,0,-4,0,1,0,0,0,0,0,0,0,0,0,2,0,-1,0,0,0,0,0,0,0,0,0,0,1,-1,1,-0.451558,0,0,-0.620075,0,0,0,-2,0,0,-1,0,0,0,1,1
0,0,-1,0,0,0,0,-0.621423,0,0,0,0,0,0,1,0,-0.819218,0,0,0,0,0,0,0,0,0,-1,0,3,0,0,2,1.33376,3,0,0,0,1,0,0,0.488964,0,0,-0.761328,0,0,-1,-1,0,0,1,0,1,0,1,-1,0,0,1,0,1,1,0,2,0,0,0,-1,0,0,0,2,-2,0,0,0,0,-2,0,0,-1,0,0,0,-1,0,0,-0.655118,0,0,-0.580375,0,0,4,0,0,0,0,0,-1,3,1,1
0,-1,0,0,0,-1,0,-0.548573,0,-1,0,0,0,0,0,0,-0.432024,0,1,-1,0,0,-3,0,0,0,0,2,0,0,0,1,1.15482,4,0,1,0,0,0,0,0.545455,0,-2,-0.781818,1,0,0,2,0,0,1,0,0,0,0,0,0,0,2,-1,1,0,0,1,0,-1,0,3,0,0,0,0,0,0,0,0,1,0,0,0,1,1,0,-1,0,0,0,-0.248612,0,0,-0.167727,0,0,0,0,-1,0,0,0,0,2,1,1
0,0,0,-2,0,0,0,-0.706469,0,0,0,-1,-1,0,1,2,-0.574013,0,0,0,7,-1,0,-1,1,0,0,0,0,0,0,0,1.57143,3,0,0,0,0,0,0,0.545455,1,0,-0.701674,0,0,-1,0,0,0,1,0,0,0,0,1,-2,0,0,0,1,0,0,1,0,0,0,0,-2,0,0,1,0,0,0,0,0,0,0,0,1,0,0,0,0,0,0,-0.568879,1,1,-0.645062,0,0,-2,1,0,1,0,1,0,0,1,1
0,0,0,0,0,0,0,-0.657143,0,0,0,0,0,-1,0,0,-0.561557,0,0,1,0,0,-1,0,0,0,0,0,0,0,0,0,1.90197,4,0,-4,1,-1,0,0,0.810657,0,0,-0.873832,0,0,0,0,0,0,1,0,0,1,0,1,0,0,0,-2,-1,0,-1,0,0,2,0,-4,0,1,-1,0,1,0,-2,1,0,-2,0,0,0,1,0,0,0,0,0,-0.82971,0,2,-0.749889,0,0,0,0,0,0,0,0,0,0,1,1
0,0,-2,0,0,0,0,-0.63502,1,0,0,0,0,0,0,0,-0.72093,0,0,0,0,0,0,3,0,0,0,2,0,0,0,0,1.37042,3,0,0,0,0,0,0,0.432853,0,0,-0.523835,0,0,0,0,1,0,0,0,-1,0,0,1,0,0,-1,0,0,0,0,0,0,0,0,0,0,0,0,0,0,0,0,0,0,0,0,0,0,0,-1,0,0,0,0,-0.410316,0,0,-0.638571,0,0,0,0,1,-2,0,0,-1,-1,1,1
0,0,2,2,0,2,0,-0.822712,1,1,0,0,1,0,0,1,-0.84542,0,0,1,1,0,0,0,0,0,0,-1,-6,2,0,0,1.44904,10,0,0,1,-1,0,0,0.812732,0,0,-0.849868,0,0,0,0,0,-1,0,0,0,0,0,-1,1,0,0,0,1,0,0,-1,0,0,0,0,0,0,0,0,0,2,0,0,0,0,0,0,0,1,0,0,0,0,0,-0.69151,0,0,-0.551305,2,0,3,0,0,-2,0,0,1,1,1,1
0,1,0,1,1,0,0,-0.604438,0,0,0,0,1,1,-1,0,0.336999,0,-1,1,0,0,0,0,0,0,0,0,0,0,0,0,1.54172,4,0,0,0,1,0,0,1.060959,0,0,-0.831618,0,-1,1,-1,0,0,0,0,0,1,0,1,1,0,0,0,0,1,0,1,0,0,0,4,0,0,0,3,0,-1,0,0,2,0,0,0,0,0,0,0,0,1,0,-0.647094,0,0,-0.549954,2,0,0,0,0,0,0,1,0,0,1,1
0,2,0,-1,0,0,0,-0.692969,1,0,0,0,-1,0,0,0,-0.567669,0,0,2,0,0,1,0,-1,0,-1,0,2,0,0,0,1.90515,5,1,0,0,1,0,0,0.657696,0,0,-0.761748,0,0,0,0,0,1,0,0,0,0,0,0,-1,0,-1,0,0,0,0,1,-1,0,1,1,0,0,0,0,0,-1,-1,-1,0,0,0,1,0,0,0,0,0,0,2,-0.77812,0,0,-0.613197,4,0,0,0,0,1,1,1,0,0,1,1
1,0,0,0,0,0,0,0.032214,0,0,0,0,0,0,0,1,-0.638507,0,0,1,0,0,0,0,-1,0,0,0,0,0,-1,0,1.60959,4,-1,0,1,0,0,1,1.046607,0,0,-0.60852,0,0,0,0,0,0,0,0,0,3,0,1,0,1,-1,1,0,0,0,2,0,0,0,-2,-4,0,0,0,-1,-1,0,0,0,0,0,1,0,0,0,0,0,-1,0,-0.784602,0,1,-0.482191,0,0,2,0,0,0,0,0,0,0,1,1
0,0,1,0,0,2,2,-0.636364,0,-1,1,0,1,0,-1,0,-0.849543,0,0,0,0,1,0,0,0,0,0,0,0,0,0,0,1.19094,3,0,1,-1,1,0,0,2.09756,0,0,-0.829812,2,0,0,0,0,2,-1,1,0,0,1,0,0,0,1,0,0,0,2,0,0,0,0,-1,0,0,0,1,1,3,0,1,2,0,0,0,0,0,0,2,0,0,1,-0.808784,0,0,-0.625809,0,0,0,0,1,1,0,0,0,0,1,1
0,0,0,0,0,2,0,-0.587221,0,0,1,0,-1,0,0,1,-0.567042,0,0,1,0,0,0,0,0,0,0,0,0,0,0,0,1.17315,7,0,0,0,-1,0,0,1.522521,0,0,-0.727463,-1,0,0,1,-1,0,0,0,0,2,1,-3,0,0,0,0,-1,0,0,1,0,0,-1,0,0,1,0,0,0,-1,0,0,0,0,1,1,0,0,0,1,0,-1,0,-0.692308,0,0,-0.68255,2,0,0,1,1,0,-2,0,0,-1,1,1
0,0,0,0,0,0,0,-0.32398,0,0,1,1,0,1,0,1,-0.756576,0,0,1,-2,0,0,0,0,0,0,0,2,-1,0,0,1.22552,19,0,0,0,2,0,-2,2.525168,0,0,-0.655748,0,0,0,0,0,0,0,0,0,0,1,2,0,0,0,0,0,1,1,0,-2,-1,0,0,-2,1,0,0,0,0,4,0,0,4,-1,0,0,0,0,1,-2,0,0,-0.912215,0,4,-0.707317,3,0,2,0,0,0,0,0,-1,0,1,1
0,0,0,0,-1,0,-2,-0.59593,0,0,0,1,1,0,0,0,-0.296825,0,0,0,1,0,0,-1,0,0,0,-1,2,0,0,0,1.31724,2,0,1,0,0,0,0,1.474644,0,0,-0.879185,0,0,0,0,0,0,2,0,0,0,0,0,0,0,0,2,0,1,1,-1,0,1,0,1,0,1,0,2,0,0,0,0,0,-2,0,0,-1,1,0,0,0,0,-2,-0.761675,0,0,-0.720709,0,0,0,0,0,0,1,0,-3,0,1,1
0,0,0,-1,0,2,0,-0.572852,0,0,0,0,0,0,3,0,-0.498729,0,0,0,0,1,-1,1,0,0,0,1,0,2,1,0,0.51693,3,0,0,0,1,1,0,1.07352,1,0,-0.681336,1,1,0,1,0,1,0,-1,0,0,0,0,1,0,0,-2,0,0,1,0,-3,1,0,2,0,0,0,0,1,1,1,2,0,0,0,0,0,1,-1,1,0,1,-1,-0.757631,0,0,-0.417146,-1,0,0,0,1,0,0,0,0,0,1,1
0,0,0,1,0,0,1,-0.871252,0,0,0,1,1,0,0,0,-0.586207,-1,1,0,0,1,0,0,0,0,0,0,0,0,0,0,0.99995,4,1,0,-1,0,1,0,1.996068,0,0,-0.714286,1,0,0,0,0,0,0,-2,0,1,0,-1,0,0,-1,0,-1,-1,0,0,0,0,0,1,0,1,0,-3,0,0,3,0,0,-1,0,0,0,0,0,0,0,0,2,-0.611677,0,0,-0.602913,0,-1,0,0,0,1,0,1,0,0,1,1
0,0,0,1,0,2,0,-0.719151,0,0,0,0,0,0,1,0,-0.559972,0,0,0,0,0,0,1,0,0,1,0,0,1,0,0,1.01733,11,0,0,0,1,0,2,1.40988,2,0,-0.881456,0,0,0,0,0,0,0,0,0,-1,-1,0,0,0,-1,0,0,0,1,-1,0,0,0,0,1,1,0,0,0,1,0,0,4,0,0,-1,-1,0,0,1,0,2,0,-0.359214,0,0,-0.887425,0,1,0,-1,0,0,0,0,-1,2,0,1
0,1,0,0,0,0,0,-0.659642,0,0,0,0,0,0,0,6,-0.632643,0,0,0,0,0,0,0,0,0,1,0,0,0,0,0,1.203,0,0,2,1,0,1,0,1.363914,-1,0,-0.740832,1,0,0,0,0,0,0,0,0,-1,0,0,0,0,0,0,0,2,0,0,0,0,0,0,1,1,0,0,0,0,-1,0,4,0,1,0,0,0,0,1,0,-2,0,-0.675676,0,0,-0.636364,0,-2,2,0,0,0,1,0,0,0,0,1
1,0,0,-2,-2,0,0,-0.581321,1,-1,0,0,0,0,0,1,-0.663437,0,0,1,0,0,0,1,0,2,0,0,1,4,0,0,1.03029,10,0,1,0,1,0,0,1.908085,1,1,-0.852559,0,0,0,0,-3,1,0,0,0,-1,0,1,0,0,1,0,0,0,-2,-2,0,0,-3,2,2,1,0,1,0,0,0,0,1,0,1,1,1,-1,0,1,0,0,0,-0.713075,0,0,-0.671626,0,0,1,0,0,0,0,-1,0,0,0,1
0,0,0,0,0,0,3,-0.780405,0,0,0,0,0,0,0,0,-0.729184,0,0,0,0,0,-1,0,-1,0,0,0,3,0,-1,-1,0.74472,1,0,0,0,-1,1,0,3.477729,0,0,-0.414709,0,0,0,0,0,0,0,0,0,-1,1,0,0,0,0,0,0,0,0,1,0,0,0,0,0,0,0,0,1,0,0,0,0,0,0,0,0,0,0,0,0,1,-1,-0.395354,0,0,-0.253918,0,0,0,1,0,2,0,1,0,-3,0,1
0,1,0,0,0,0,0,-0.867297,0,-2,-1,0,0,-4,0,1,-0.808351,1,-1,0,0,-1,0,1,0,0,0,3,2,0,0,0,1.52768,7,0,0,-1,-2,1,0,0.773736,0,0,-0.762623,0,0,1,0,1,0,-2,0,-2,0,1,1,1,0,-1,0,1,0,0,1,0,1,0,0,0,-1,3,0,0,0,0,0,0,0,0,0,0,-2,0,0,0,0,0,-0.621848,1,0,-0.667633,0,0,0,0,0,0,0,1,-1,-1,0,1
0,0,0,0,0,0,0,0.726691,0,0,0,0,0,-1,0,-2,-0.751151,0,0,-1,0,0,0,0,0,0,0,0,0,2,0,0,1.37143,3,0,0,0,0,1,0,0.666667,-2,0,-0.313485,0,0,0,-1,0,1,0,0,0,0,0,0,1,0,1,0,0,0,0,0,0,1,0,0,1,0,0,0,1,0,0,0,1,-1,0,0,-1,1,0,1,0,1,0,-0.723749,0,0,-0.570356,2,0,0,0,0,0,0,1,0,1,0,1
0,-1,0,0,0,0,0,-0.715054,1,0,0,0,0,0,0,0,-0.657143,0,0,0,0,0,0,0,0,0,0,3,0,2,0,0,2.20578,6,0,0,0,0,3,0,2.407243,0,1,-0.830986,-1,1,0,0,1,0,0,0,0,0,1,0,0,1,1,0,1,-1,0,0,1,-1,0,0,0,2,0,0,0,0,0,0,0,0,0,0,1,1,0,0,1,1,4,-0.498823,0,0,-0.496603,-1,0,0,0,0,1,0,0,0,0,1,1
0,1,-1,0,0,0,0,-0.235242,0,0,0,0,1,0,0,0,-0.498483,0,0,0,0,0,0,1,0,0,0,0,2,0,0,0,1.82465,12,0,0,0,0,0,0,0.617882,-1,0,0.249931,0,0,-1,1,0,0,1,0,0,0,0,2,0,0,1,0,1,0,0,0,1,0,0,0,0,0,0,1,0,0,0,-1,-2,0,0,0,0,0,0,0,1,2,1,-0.479332,0,-2,-0.738616,0,0,0,-1,0,0,0,3,0,1,1,1
0,0,1,0,-1,0,-1,-0.755102,1,0,0,0,-1,-1,0,1,0.532086,0,0,0,-9,0,2,0,0,2,0,0,4,-1,0,0,1.93806,3,0,-1,0,0,1,0,1.235846,0,1,-0.830986,0,0,-1,0,1,0,-1,0,0,0,0,-2,-2,0,1,0,0,0,0,3,3,1,2,0,0,0,0,2,0,0,0,0,0,0,0,0,0,0,0,0,1,1,0,-0.618197,0,0,-0.468953,0,0,0,0,0,-1,0,0,-1,0,1,1
0,0,0,0,0,0,0,-0.630432,0,0,0,0,0,0,2,0,-0.833333,0,-1,-3,0,0,1,-1,0,0,0,0,0,3,0,0,2.02101,2,0,0,0,0,0,0,1.36957,2,-2,-0.71447,0,1,0,0,0,0,0,0,0,2,1,0,1,0,3,1,0,0,0,0,0,0,0,0,0,0,-1,0,0,-1,0,0,0,0,0,0,0,0,0,0,0,1,0,-0.494946,0,1,-0.555556,0,0,0,0,0,0,0,0,0,0,1,1
0,0,0,1,-1,0,0,-0.422074,0,1,-1,1,1,-2,2,0,-0.827267,0,0,0,0,0,0,0,0,0,0,4,3,0,0,0,1.31429,0,0,0,0,0,0,0,1.362925,-1,1,-0.73913,-1,0,0,-1,0,0,0,0,0,2,0,0,0,0,0,0,0,0,0,2,0,-2,-1,0,0,0,0,0,-1,0,0,0,0,0,0,0,0,0,0,0,0,1,0,-0.097159,0,0,-0.459454,2,0,0,1,0,0,0,-1,0,1,1,1
0,0,-1,0,0,4,0,-0.542652,0,0,0,0,-1,0,0,1,-0.606928,0,0,-1,1,0,0,2,0,1,0,0,0,-1,0,0,1.2407,1,0,0,-1,0,0,0,1.431801,0,0,-0.87912,0,0,-2,0,0,0,0,0,0,0,0,0,1,0,2,0,0,0,2,0,0,0,0,0,-1,1,0,0,1,-1,0,0,0,0,0,0,0,1,0,-2,0,0,-1,-0.61927,0,0,-0.574554,0,0,0,0,1,-1,0,2,0,1,1,1
0,0,0,0,1,0,0,-0.628245,-1,1,1,0,1,0,3,0,-0.433985,0,0,0,0,0,0,-1,0,0,0,-1,0,0,2,-1,1.09406,3,0,0,0,0,0,0,1.91429,0,0,-0.638876,0,1,0,0,0,0,1,0,0,0,0,0,1,0,1,0,0,-1,0,1,1,0,0,0,0,0,1,-1,0,2,3,0,1,0,0,0,2,1,0,0,0,1,0,-0.030372,0,0,0.184534,2,-2,-1,0,0,0,0,-2,0,1,1,1
0,0,0,0,0,0,0,-0.685956,0,0,0,0,0,0,-3,0,-0.410478,0,0,1,0,0,0,0,1,0,-1,2,0,0,1,0,1.36012,8,0,0,0,-4,0,0,3.67151,0,0,-0.878004,0,0,1,1,0,0,1,0,1,0,0,2,0,0,4,-1,0,0,0,1,0,1,0,0,0,0,1,0,-1,0,0,0,1,0,0,-1,0,0,0,-2,0,1,0,-0.428571,0,0,-0.320825,0,0,0,0,0,0,0,-1,0,0,1,1
0,1,1,0,0,0,0,-0.889715,0,0,0,0,2,0,2,1,-0.086693,0,0,1,0,0,1,0,0,0,0,0,-1,0,-1,0,1.0,3,0,0,0,0,-1,0,2.670076,0,0,-0.645667,0,0,0,0,0,0,0,1,1,2,0,-1,1,0,1,0,0,0,0,1,0,0,0,-3,0,0,4,0,0,0,0,0,1,0,1,2,1,0,0,1,0,1,0,-0.38452,0,-1,-0.88107,0,0,2,1,0,0,0,0,0,0,1,1
-1,0,0,0,0,1,-1,0.086029,0,0,0,0,0,0,-1,0,-0.703301,0,0,0,4,0,1,-1,0,0,0,2,0,0,0,0,0.88677,3,0,0,-1,0,0,0,0.642927,0,0,-0.497574,0,0,0,0,0,0,0,-1,0,0,1,-1,0,-1,0,0,0,0,0,0,0,0,0,0,0,1,0,0,-1,0,0,0,0,-1,0,0,1,0,-1,1,0,0,1,-0.692308,1,0,-0.675676,0,0,0,1,0,0,0,0,0,1,0,1
0,0,-2,0,0,-1,0,-0.72093,0,0,0,1,-1,0,0,1,-0.714286,0,1,0,0,0,1,0,0,0,1,0,3,-1,0,0,1.47611,1,0,0,0,0,0,0,0.205882,0,0,-0.817555,0,0,0,0,0,0,0,0,0,0,0,4,1,0,0,0,0,0,0,0,0,0,1,0,0,2,-1,0,0,0,2,0,2,0,0,0,0,0,0,1,0,3,0,-0.194069,0,0,-0.618291,0,0,2,0,0,-1,0,0,0,1,0,1
0,0,0,0,-1,-1,0,-0.427615,0,1,0,0,0,-1,-1,0,-0.874691,1,0,0,-1,0,0,1,0,0,0,1,0,-1,0,0,1.02511,4,0,0,1,0,0,0,0.205882,0,0,-0.645708,0,0,0,0,0,0,0,0,0,1,0,0,0,0,-1,0,0,0,1,0,0,0,0,3,1,0,0,0,0,0,0,0,-1,0,0,0,0,0,0,1,0,0,0,-0.692308,0,0,-0.498972,0,0,0,-1,0,1,0,0,0,0,0,1
0,0,0,0,0,0,0,-0.600611,0,0,0,1,0,-1,0,1,-0.072591,0,0,1,0,3,0,-3,-1,0,-3,2,3,0,0,0,0.82857,7,0,0,0,0,0,0,1.287662,0,0,0.028115,0,0,0,1,0,0,0,0,0,0,0,0,-2,0,0,1,0,0,0,0,2,0,1,-2,0,-1,0,1,0,0,0,0,0,0,0,0,0,0,0,1,0,0,-1,-0.891416,0,0,-0.621223,0,0,0,-2,0,0,0,1,0,-1,1,1
0,2,2,0,0,0,0,-0.607787,0,0,0,1,0,0,0,1,-0.769245,0,0,0,-1,0,-1,1,0,1,0,3,2,2,3,0,0.56406,42,0,2,0,0,0,-1,1.424572,0,0,-0.613675,-2,1,0,0,0,0,0,0,0,0,-2,0,0,0,0,-1,0,0,0,0,4,0,0,0,0,0,0,0,0,1,0,0,0,2,0,0,0,0,0,0,0,0,0,-0.76953,0,0,-0.623126,2,0,-1,4,0,0,0,0,1,2,1,1
0,0,0,0,0,0,0,-0.564974,0,0,1,1,0,0,0,3,0.33425,0,0,0,0,0,1,0,-1,0,0,0,0,0,0,0,0.95996,2,0,1,1,1,0,0,0.676315,0,0,-0.641896,0,0,1,-2,0,1,1,0,-1,0,0,1,0,0,1,0,0,0,2,1,1,0,0,0,0,-3,0,-1,5,0,2,0,0,0,0,0,0,0,0,0,0,0,0,-0.769231,0,0,-0.588727,0,0,0,0,0,-1,0,3,2,0,1,1
0,2,0,0,0,0,0,-0.677728,0,-1,-1,0,0,-1,1,0,-0.581917,0,0,-1,0,-1,1,-5,1,0,-1,1,0,0,0,0,0.81366,6,0,0,0,1,0,0,0.962721,0,0,-0.856374,0,-1,0,1,0,0,0,-1,1,0,-1,0,1,0,0,0,0,0,-1,3,0,3,1,0,-1,0,0,-2,1,1,1,2,-1,0,0,0,0,0,0,0,0,0,-1,-0.293624,0,0,-0.63417,0,0,0,1,0,0,1,0,0,-1,0,1
0,0,0,0,0,0,0,-0.903117,0,0,0,0,0,0,1,2,-0.627187,0,0,0,1,-1,0,0,0,0,0,-1,0,-2,-1,0,0.68752,1,0,0,0,0,0,0,0.46383,0,0,-0.558441,0,1,0,0,-2,0,0,0,1,0,-2,-3,0,0,0,0,0,0,0,0,0,0,0,3,0,0,0,0,0,1,-3,0,0,2,0,1,0,0,0,-1,0,0,0,-0.636364,0,0,-0.890749,2,0,1,-2,0,0,0,1,0,0,0,1
0,0,1,3,0,0,0,-0.771236,0,0,5,0,-1,0,-1,0,-0.639662,1,0,0,0,2,0,0,2,0,0,0,0,-1,0,0,0.82857,4,0,0,0,0,0,0,0.275862,2,0,-0.546458,0,0,0,0,0,0,0,0,1,-1,0,0,0,0,0,0,0,0,0,1,0,0,1,0,0,1,0,0,1,-4,0,0,0,0,-1,0,0,0,0,2,0,0,0,-0.80038,0,0,-0.818182,0,0,0,0,0,0,0,0,0,3,0,1
0,0,0,0,-2,0,0,-0.444865,0,0,0,0,0,0,-1,2,-0.563453,0,0,-1,0,0,0,0,0,1,1,3,0,0,0,0,2.32916,7,0,1,0,1,-2,0,1.71875,-1,0,-0.616358,0,0,0,1,0,0,0,0,3,2,1,0,2,0,0,0,-1,0,0,1,1,0,0,0,0,1,-1,0,0,0,0,-1,-1,0,0,0,1,0,0,0,1,1,0,-0.694309,0,0,-0.627899,0,0,2,0,0,0,0,0,1,1,1,1
0,0,0,-1,0,0,0,-0.336006,0,0,1,1,3,2,0,0,-0.548646,0,0,0,0,0,0,0,1,1,0,0,0,0,0,2,1.159,5,0,0,0,1,0,0,2.057223,0,0,-0.536349,0,0,0,0,0,0,0,0,-1,-1,1,0,0,0,1,0,0,0,0,1,0,1,1,0,0,0,0,0,0,-1,0,0,1,2,0,0,0,1,0,-1,0,1,0,-0.88438,0,-1,-0.813173,0,0,0,0,0,1,0,0,0,2,1,1
0,-1,1,0,0,0,0,-0.510644,0,1,1,0,3,0,0,1,-0.80221,0,0,1,0,0,0,0,1,0,1,-2,0,0,-2,-1,1.37206,0,0,0,0,1,0,-2,1.695933,0,0,-0.23275,-1,0,0,0,0,0,0,0,0,0,1,0,6,0,0,1,0,-1,0,-1,1,0,3,-1,0,0,0,0,1,0,0,0,0,-1,-2,0,0,0,0,0,0,0,0,-0.805809,0,0,-0.739706,3,0,0,0,-1,-2,-3,0,0,1,1,1
0,-1,0,0,0,0,0,-0.571429,1,0,0,0,0,1,0,0,-0.628708,-2,1,0,0,0,0,0,0,-1,0,1,0,0,0,0,3.54286,13,0,1,0,-5,1,0,0.629032,0,0,-0.860818,0,0,-1,0,-1,0,0,1,0,0,5,0,0,0,0,0,1,0,1,0,0,0,0,0,1,0,0,0,0,0,0,0,-1,1,1,0,0,0,0,0,0,0,0,-0.630331,0,0,-0.24763,0,0,4,-1,0,0,0,0,0,0,1,1
0,0,0,0,-1,0,0,-0.747504,1,0,0,0,0,0,0,0,-0.566966,1,0,0,0,0,2,0,0,0,0,-1,0,0,0,0,3.54286,12,0,0,0,0,1,0,0.441967,0,0,-0.903226,0,0,0,0,0,0,0,0,-1,-2,1,0,0,0,4,0,1,0,0,0,1,-1,0,1,1,0,1,0,0,0,2,0,0,0,0,0,0,-4,0,0,0,0,0,-0.712668,0,-1,-0.576155,0,0,0,0,1,0,0,0,0,0,1,1
0,0,0,0,0,1,0,-0.643026,0,0,0,0,0,0,0,-4,-0.678582,0,0,0,0,-2,0,1,0,-2,0,2,0,0,0,0,3.54286,13,0,2,1,0,1,0,0.629032,0,0,-0.903226,0,0,0,2,0,0,0,1,0,0,1,0,0,0,0,0,0,0,1,0,0,0,0,1,1,0,0,1,0,0,0,-1,0,1,0,0,0,0,0,-4,0,0,1,-0.716072,0,0,-0.88502,0,0,0,-2,0,1,0,0,0,0,1,1
-1,0,0,0,0,1,0,-0.311906,0,0,0,0,0,0,-1,2,-0.136206,0,0,0,0,0,0,-1,-1,-1,0,2,-1,1,1,-1,1.23835,1,1,2,0,1,0,-1,0.702037,0,0,-0.847685,1,0,0,-1,0,0,0,2,0,2,0,-1,0,0,0,0,0,0,-1,3,0,0,0,2,2,1,1,0,0,1,0,-1,0,0,0,-1,0,3,0,1,0,0,0,-0.560183,0,0,-0.578627,0,0,-1,0,1,0,0,0,-1,1,0,1
0,0,0,0,0,0,1,-0.831022,0,0,0,0,0,-1,1,0,-0.556642,-1,0,1,0,0,1,0,0,0,0,0,0,1,0,0,1.14286,3,0,0,0,2,0,0,0.380683,0,0,-0.565396,0,0,0,0,0,0,1,0,0,0,0,-1,-2,0,1,0,0,0,-1,1,0,1,-1,0,2,1,0,2,0,-1,0,0,0,1,0,0,-1,0,-1,0,0,2,0,-0.703108,1,1,-0.670336,0,0,1,0,1,0,0,0,0,0,0,1
0,0,0,-1,0,0,0,-0.742126,0,0,0,0,-1,0,0,1,-0.582593,0,0,0,0,0,0,0,0,0,0,0,1,-1,1,0,0.65062,1,0,0,0,2,0,0,0.609074,0,0,-0.684198,1,0,0,0,0,0,-1,0,-2,0,1,0,1,0,1,0,0,0,-2,0,-2,0,0,0,-3,1,0,0,1,-1,0,0,0,0,0,0,0,0,0,0,0,1,0,-0.752367,0,1,-0.104385,0,0,-1,0,0,0,0,0,1,3,0,1
1,0,0,1,0,0,1,-0.876056,2,1,0,0,2,0,-1,0,-0.087193,0,0,1,0,0,0,0,0,0,1,0,0,0,1,0,2.17451,5,0,0,0,0,-2,0,0.897278,0,0,-0.832794,0,0,0,0,0,2,-1,0,1,1,0,0,3,1,0,0,0,-1,0,0,0,1,0,-2,0,0,0,0,1,0,0,0,-2,0,-1,0,0,2,0,1,0,0,0,-0.677144,0,0,-0.594154,0,0,2,0,0,0,3,1,1,1,1,1
0,-1,0,2,0,-1,0,-0.678503,0,1,0,1,0,0,3,0,0.704125,0,1,0,0,0,0,0,-1,0,0,0,2,2,0,0,3.32526,5,0,0,0,0,0,0,1.616765,0,0,0.505635,1,2,0,1,0,-1,0,0,0,3,0,0,0,1,0,1,0,1,0,0,0,2,-1,0,0,0,0,0,0,1,3,0,0,0,1,0,0,0,0,0,0,0,1,-0.684211,0,0,-0.41312,3,0,0,0,0,0,1,0,0,0,1,1
0,-1,0,1,0,0,-1,-0.77846,0,1,0,1,-1,2,1,0,-0.231789,0,1,0,-2,0,0,0,2,-1,0,0,3,2,0,0,1.94098,11,0,0,0,0,0,-1,0.835474,0,1,-0.808438,0,0,0,2,0,0,0,0,-1,2,0,0,2,1,0,2,0,0,0,0,1,0,-2,0,0,0,1,0,0,2,0,0,1,0,-1,1,0,0,0,0,0,0,0,-0.427547,1,0,-0.684211,0,0,2,1,0,1,0,-1,1,1,1,1
0,0,0,0,0,-2,0,-0.469463,0,1,0,0,-1,0,0,1,-0.440984,1,0,0,-2,0,0,0,0,0,0,0,0,0,0,0,0.53537,8,-1,0,0,0,-1,0,0.635186,-2,0,-0.839626,0,-1,0,0,0,0,0,0,-1,-7,0,1,-1,0,0,0,0,0,0,1,0,-2,1,2,0,0,-1,0,0,0,0,0,0,0,0,0,0,0,0,0,0,0,0,-0.488402,0,0,-0.555556,0,0,-1,0,0,0,1,0,0,0,1,1
0,0,2,0,0,5,0,-0.654421,1,0,0,1,0,0,0,0,-0.527592,1,0,1,0,0,0,-4,0,0,1,0,0,2,-3,0,1.05596,5,0,0,0,4,1,-1,1.635101,0,-1,-0.904496,0,0,0,2,0,0,0,0,0,0,0,1,1,0,0,-1,0,-1,0,0,0,-2,0,0,-1,0,1,0,0,-1,2,0,0,0,0,0,0,0,0,0,0,0,1,-0.656316,0,0,-0.919985,0,0,0,3,0,3,1,0,0,0,1,1
0,0,0,0,-1,0,0,-0.430211,0,0,0,0,2,0,0,0,-0.234033,0,0,1,0,0,0,0,2,0,0,0,0,0,0,1,1.19888,2,0,0,2,0,0,0,1.17073,0,2,-0.72663,-1,-1,0,0,0,0,0,0,1,0,0,-3,0,0,0,0,0,0,0,0,0,0,0,-1,0,0,0,0,0,0,3,0,0,-2,1,1,0,0,0,0,-1,-1,0,-0.318027,0,0,-0.899964,3,-1,1,-1,1,0,1,0,-2,0,1,1
0,1,0,0,0,3,0,-0.666069,0,0,0,-1,3,0,5,0,-0.342481,0,1,0,0,0,0,0,0,1,0,0,0,0,0,0,0.99157,1,1,0,0,0,0,0,2.048283,0,-2,-0.637094,-1,0,0,0,-1,0,0,-1,0,2,3,0,1,0,0,0,0,0,2,0,0,0,0,3,0,0,-1,1,0,0,2,0,0,0,0,0,0,0,0,0,0,0,0,-0.558003,0,0,-0.849061,0,0,0,0,0,1,0,0,0,0,1,1
0,1,5,0,-1,0,0,-0.778669,0,0,0,0,0,0,0,0,-0.818214,-1,0,0,0,0,0,0,0,0,0,0,3,2,0,0,1.31523,0,0,0,0,0,0,0,1.41176,0,0,-0.615629,0,1,0,0,0,0,0,0,-1,0,0,0,0,0,0,0,0,0,0,1,0,0,0,0,3,0,0,-1,0,1,2,0,0,0,0,0,0,0,0,-1,0,-1,0,-0.766401,0,2,-0.692308,0,0,0,0,-2,0,0,1,0,0,1,1
0,1,0,0,0,0,0,-0.712866,0,0,1,0,0,0,0,0,-0.659879,0,0,0,0,0,1,1,0,0,0,-4,0,0,0,0,0.70388,0,1,0,0,0,0,0,1.246414,-3,0,-0.671576,1,0,0,0,0,0,0,2,0,0,1,0,0,0,0,2,-2,-2,3,0,1,-1,-1,0,-2,0,1,0,2,0,0,1,0,0,0,0,0,0,0,0,0,1,0,-0.725221,0,0,-0.749268,0,2,0,0,0,-2,-1,0,1,1,1,1
0,0,0,0,0,0,0,-0.820896,1,0,0,1,0,1,0,0,-0.674166,0,0,0,0,1,0,0,0,1,0,0,0,0,1,0,1.06786,5,0,0,-1,4,0,0,1.605041,0,0,-0.773463,0,0,0,0,0,0,0,0,0,0,-5,0,0,0,0,0,0,0,0,0,1,-3,1,1,0,1,0,3,-1,0,0,0,0,2,0,0,0,0,0,1,0,0,0,-0.771083,0,0,0.037583,0,0,2,2,0,0,0,1,-1,0,0,1
0,0,0,1,0,0,1,-0.807323,0,0,0,0,0,0,0,0,-0.82941,0,1,0,0,0,0,0,0,0,0,0,0,0,2,1,0.59034,3,0,-1,0,0,-2,-1,3.134634,0,0,-0.345876,0,0,0,0,0,0,0,0,0,0,0,0,-1,0,2,-1,0,1,0,0,0,0,0,1,0,1,1,2,1,0,0,0,0,0,0,1,0,0,1,1,1,-1,0,-0.093213,0,1,1.353404,0,0,-1,0,1,-1,0,0,1,0,0,1
0,-1,2,0,0,0,0,-0.817796,1,0,0,0,0,0,0,-1,-0.893375,0,0,2,0,0,0,0,0,0,0,2,0,0,0,0,0.68571,6,0,0,-2,0,0,0,1.860329,0,0,0.762158,1,0,0,1,0,0,0,0,0,2,1,0,0,0,-1,0,0,1,0,0,0,0,1,2,3,1,0,-1,1,-1,0,0,0,0,0,1,0,1,0,1,0,0,0,-0.175069,0,1,-0.368421,-1,0,0,1,1,0,0,0,0,0,0,1
0,0,0,0,0,0,-1,-0.825944,0,0,2,0,0,0,2,-1,-0.76,0,0,3,0,0,0,0,0,0,0,0,-1,1,0,-2,1.74841,0,0,1,0,0,0,0,0.508599,0,0,-0.890758,0,0,0,-1,0,0,0,0,1,0,0,1,0,0,2,-1,0,0,0,-1,0,0,1,2,0,0,0,0,-1,0,0,0,0,-1,0,1,0,0,0,0,0,0,0,-0.79661,0,0,-0.458805,0,0,0,0,0,0,1,1,0,0,0,1
0,0,1,-1,-1,-1,0,-0.409691,0,0,1,0,0,1,0,0,-0.881044,0,0,0,0,2,0,0,0,0,0,0,0,0,1,0,1.20794,10,1,1,0,0,0,1,0.6,1,0,-0.899858,0,0,0,0,0,0,0,-1,-1,0,1,1,0,0,1,0,0,0,3,1,3,0,2,0,0,0,0,-1,0,0,2,0,0,0,0,1,0,0,0,0,0,1,0,-0.699355,0,0,-0.745015,0,0,0,0,0,0,2,-3,1,0,0,1
0,0,3,0,0,0,0,-0.555288,0,0,0,0,0,0,0,0,-0.749225,0,-1,0,0,0,1,0,0,0,0,-1,2,0,1,0,1.19924,3,2,0,0,-1,0,0,0.334709,1,0,-0.618939,0,0,0,0,1,0,0,0,0,0,1,1,1,0,0,0,0,0,0,-1,0,0,1,2,0,1,0,0,-1,0,0,0,0,0,0,1,0,0,0,0,0,0,0,-0.910967,0,0,-0.910383,0,0,0,0,0,0,0,0,0,0,0,1
0,-3,0,0,0,0,-1,0.087421,0,0,1,0,0,0,1,0,-0.887523,0,0,0,0,0,0,1,0,0,0,2,2,0,0,0,1.49529,3,0,1,0,0,1,0,1.16667,0,0,-0.766808,-1,0,2,0,0,0,0,-1,-1,0,0,0,0,1,0,-1,0,0,0,0,0,0,1,0,0,-2,2,2,0,0,0,0,0,5,0,0,0,1,0,1,0,-5,0,-0.593265,0,0,-0.639988,0,0,0,-1,1,1,0,0,0,0,1,1
0,0,0,0,0,0,0,-0.530823,0,0,0,-1,0,0,2,-1,-0.692308,0,0,-3,1,0,1,0,0,1,1,0,0,0,0,0,1.93691,3,0,0,0,0,0,0,1.145823,0,0,-0.793225,1,0,0,0,1,0,0,0,0,0,0,0,0,1,0,0,0,0,0,-1,-1,0,1,-6,0,0,0,0,0,0,0,0,0,0,0,0,0,-1,-1,0,0,0,2,0.310339,0,0,-0.881483,0,0,0,0,1,0,0,0,0,2,1,1
0,0,0,0,0,0,0,-0.586207,0,1,1,0,0,1,0,1,-0.692308,0,0,0,1,0,0,0,0,0,0,0,0,0,0,0,1.1209,5,0,0,-1,0,0,1,1.465915,0,0,-0.697992,0,0,0,0,0,0,0,0,0,0,0,-1,0,1,0,-2,0,1,0,0,-1,0,0,0,0,0,0,2,0,-1,0,0,0,4,0,0,0,0,1,1,0,0,0,3.778827,0,0,-0.498945,0,0,0,0,0,0,0,0,0,0,1,1
0,0,0,0,0,1,0,-0.760927,0,0,0,0,0,0,0,-1,-0.51638,0,0,-1,0,-1,0,0,0,-1,0,0,0,2,0,0,0.64357,10,0,0,0,1,1,-1,0.414147,3,0,-0.82576,0,0,0,0,0,0,-2,0,0,-1,0,1,0,1,0,0,0,0,0,1,0,-1,0,0,4,2,3,0,0,0,-1,0,0,0,0,0,0,0,0,0,1,1,0,-0.378334,0,0,7.967044,0,0,0,0,0,0,2,0,0,0,0,1
0,1,0,0,0,0,-1,4.363579,0,1,-1,0,0,0,0,1,-0.663376,1,0,0,0,0,-2,0,0,0,0,0,0,0,-1,0,2.59667,1,0,0,0,1,1,0,0.282051,-1,-2,-0.378393,0,0,0,0,0,0,0,0,0,0,0,0,2,1,0,0,0,0,0,2,0,0,0,0,2,1,1,0,0,-1,0,0,0,0,0,1,0,0,0,0,0,0,0,-0.135734,0,0,8.692391,0,0,0,0,1,0,3,0,0,-1,0,1
0,0,-1,0,0,0,0,-0.805082,1,0,0,0,-3,0,-1,0,-0.629704,0,0,0,0,0,1,0,0,0,0,1,1,0,0,0,2.77406,0,0,0,0,1,0,1,1.014723,0,0,-0.807612,0,0,0,0,0,0,0,0,0,0,0,0,0,1,0,0,0,1,0,0,0,0,0,0,0,-1,-2,1,-3,0,0,0,1,1,0,0,0,0,0,-1,0,0,0,-0.063362,0,0,8.36,0,0,0,0,-1,0,1,0,1,0,0,1
0,0,0,1,0,0,0,-0.630897,0,0,0,0,0,0,0,0,-0.682276,0,0,0,0,0,0,0,0,0,0,0,0,-1,0,0,1.04983,2,0,0,2,0,0,-1,1.508283,0,0,-0.520746,0,0,0,0,-1,0,-1,0,0,0,1,0,0,0,0,0,-1,0,0,0,-1,0,0,0,0,1,2,1,2,0,1,0,1,-1,-1,0,0,0,0,0,0,1,1,-0.785714,0,0,-0.693235,0,0,0,0,0,1,0,0,1,0,1,1
0,2,0,1,0,0,0,-0.753984,-2,0,3,-1,0,0,0,0,-0.522647,0,-1,0,0,0,0,0,0,0,0,0,3,3,1,0,1.0,6,0,0,0,0,0,-1,1.126845,0,-1,-0.450847,0,0,0,0,0,0,0,0,0,0,1,0,0,0,0,0,0,0,0,0,0,0,0,0,0,1,0,0,0,0,0,0,0,-1,0,0,0,1,0,-1,0,0,0,-0.713912,0,0,-0.613077,2,0,0,0,2,0,0,0,3,0,1,1
0,2,0,1,0,0,0,-0.557554,0,-1,-1,0,0,0,1,0,-0.608997,0,0,0,0,0,-1,0,0,1,0,0,0,0,0,0,0.81518,7,0,0,0,1,-1,0,1.135807,-2,1,-0.89414,0,0,0,0,0,0,0,0,0,0,1,0,0,-1,0,2,0,0,-1,0,0,0,0,0,0,1,0,0,-4,0,0,0,0,0,0,0,0,1,0,2,0,-1,0,-0.620352,0,0,-0.586207,0,0,0,0,0,0,0,0,3,0,1,1
0,-1,-1,-1,0,0,0,-0.759898,0,0,1,0,0,-1,0,0,1.148377,0,-1,0,1,1,0,0,0,3,0,0,-2,0,1,0,1.23408,2,0,0,3,0,-1,0,0.462285,0,0,-0.721463,1,0,0,0,1,0,0,0,0,0,0,0,0,0,0,0,0,0,0,0,0,0,-2,-2,4,1,0,-1,0,0,0,0,-1,0,0,0,0,0,0,0,0,1,0,-0.623824,0,1,-0.685613,-2,0,0,0,0,0,0,0,1,2,1,1
0,0,0,0,1,1,0,-0.692792,0,0,1,1,0,0,-2,0,-0.848402,0,0,1,0,0,0,1,0,0,0,0,1,0,0,0,1.10547,6,0,0,1,0,0,0,0.250149,0,0,-0.705847,-2,0,0,0,0,0,0,0,0,0,0,0,0,0,0,0,0,0,2,0,0,0,0,0,0,0,0,0,0,1,0,0,0,-1,0,0,0,0,0,0,0,0,-1,-0.553013,0,1,-0.891281,2,0,0,-1,-1,1,2,0,0,0,1,1
-2,0,0,0,0,0,0,-0.221021,0,0,0,1,0,-1,0,-1,-0.650796,0,0,0,0,0,-1,-1,0,1,0,0,-1,0,0,0,1.44333,1,0,0,1,0,-2,0,0.55814,1,0,-0.717464,0,0,0,1,-1,0,0,0,0,0,0,0,2,-1,0,0,1,0,0,0,0,1,0,0,0,1,-1,1,0,0,0,0,0,0,0,0,0,-1,0,0,0,0,0,-0.507106,0,0,-0.825818,0,0,0,0,0,1,0,0,0,-2,1,1
1,0,3,0,0,0,0,-0.773585,0,0,0,0,0,0,0,0,-0.525272,0,0,0,0,0,0,0,1,1,1,3,0,0,2,0,2.57549,8,0,0,0,-1,-1,0,0.801872,0,0,-0.815452,1,0,0,0,0,0,0,0,0,0,0,0,0,0,0,0,0,0,0,1,-1,0,0,0,-2,-2,0,0,0,0,2,0,-1,0,0,0,0,0,0,0,0,1,0,-0.714605,0,-1,-0.698348,0,0,0,0,1,0,0,0,0,0,1,1
0,0,0,0,0,0,1,-0.744555,0,0,-1,0,-1,0,0,0,-0.44776,0,1,1,-2,-1,0,2,1,0,0,0,2,2,2,0,1.36667,25,0,0,1,0,1,0,0.682061,1,0,-0.726295,0,0,-6,0,2,0,1,-1,0,0,1,0,0,1,0,1,0,1,0,2,0,0,0,0,0,-1,0,0,0,0,0,2,0,0,0,0,0,-1,0,1,0,0,0,-0.801061,0,-1,-0.61269,0,0,0,1,1,0,1,-1,0,0,1,1
0,0,0,-1,0,0,0,0.050223,0,0,1,0,0,0,0,0,-0.632218,0,0,0,0,0,1,0,0,0,0,0,2,0,1,1,1.28571,7,0,3,0,0,0,0,0.844444,1,0,-0.733333,2,0,0,0,0,2,1,0,-1,0,0,1,0,0,0,-1,0,0,0,-2,1,0,0,0,2,-1,0,-1,0,0,0,0,-2,0,0,0,-2,0,0,3,0,-3,0,-0.861101,0,0,-0.605866,0,0,0,0,1,0,0,0,0,0,1,1
0,0,0,0,0,-2,0,-0.675804,-1,0,0,0,0,1,-3,1,-0.729188,0,0,0,1,0,0,0,0,-1,0,0,0,1,2,0,2.15329,6,-1,0,-1,0,0,0,1.2398,0,0,-0.769231,0,0,0,0,0,0,1,-2,2,0,0,0,-2,1,0,0,0,0,0,0,0,0,0,0,0,0,0,1,1,1,0,0,0,0,1,1,0,0,0,0,0,0,0,-0.776205,0,0,1.194975,1,0,3,-3,0,1,1,0,0,1,0,1
0,2,0,0,1,0,0,-0.652262,1,0,0,0,-1,0,0,1,-0.43033,0,0,0,0,0,-1,0,0,0,1,0,0,0,1,0,1.61365,0,-1,0,0,0,0,0,1.284881,2,0,-0.784133,0,0,0,0,0,-1,1,0,0,1,-2,2,-2,1,0,1,0,0,0,0,1,0,1,2,-1,0,1,0,1,-1,0,-1,0,0,1,0,0,0,0,0,1,0,0,-0.744681,0,0,-0.52226,0,0,0,-1,1,0,-1,0,0,1,0,1
0,0,1,-3,0,0,1,-0.7,1,0,-1,0,0,-1,0,2,-0.625258,0,1,0,1,0,-1,0,0,0,0,-1,0,-2,1,0,1.39601,1,0,0,0,0,0,0,0.21704,0,-1,-0.842001,0,0,0,0,-1,0,0,1,1,0,0,0,4,1,1,0,0,0,0,0,1,0,0,0,0,0,0,0,0,1,0,0,0,-1,1,0,0,0,0,-2,0,0,0,-0.747616,0,1,0.980126,0,0,0,0,-1,0,0,0,1,0,0,1
0,-2,0,1,0,0,0,-0.869085,0,0,1,-1,0,0,0,0,-0.632867,0,-1,0,0,0,0,1,1,1,0,2,0,0,0,-1,1.14583,3,0,0,0,0,-1,0,0.647059,4,0,-0.692511,0,0,0,0,0,0,0,0,1,0,0,2,0,1,0,0,0,1,0,-7,0,-1,2,1,0,0,0,0,0,2,2,0,2,0,0,0,0,1,0,1,0,0,-1,-0.71298,0,1,-0.721428,0,2,0,0,0,0,1,-3,0,0,0,1
1,0,0,1,0,0,0,-0.835616,0,1,0,0,0,0,0,0,-0.49494,0,0,4,0,0,0,0,-1,0,0,0,-1,0,1,0,0.90562,3,0,0,0,0,0,0,0.636353,0,0,-0.603246,1,0,0,0,0,0,0,0,0,0,0,0,0,0,0,0,0,1,-1,3,0,0,0,0,-2,0,0,0,0,0,0,-1,2,-1,1,1,0,1,0,1,0,0,1,-0.711871,0,0,0.949972,0,0,1,0,1,0,-1,3,1,0,0,1
0,0,0,0,0,1,-1,-0.699342,0,0,0,0,0,0,0,1,-0.636364,0,-1,0,0,0,0,0,-3,0,1,2,-1,0,1,-1,1.11024,3,0,0,0,-1,0,0,0.498019,-1,0,-0.849723,0,0,0,0,1,-1,0,0,1,0,0,2,-2,1,0,0,0,1,0,0,-2,-1,0,0,0,2,0,0,0,0,0,0,0,0,0,0,0,1,0,0,0,1,0,-0.73913,0,0,-0.716034,0,0,0,0,0,0,0,2,0,-1,0,1
0,1,1,0,0,0,1,-0.248566,0,0,0,-1,0,0,-1,2,-0.835482,0,1,1,0,-2,0,0,0,0,0,3,0,0,0,0,2.02857,1,0,0,0,1,1,2,1.422214,0,0,-0.724456,-2,5,1,0,0,1,0,0,0,0,1,0,0,0,0,0,0,1,0,0,0,0,0,0,0,-1,1,1,1,0,0,1,0,0,1,0,1,2,0,-1,1,0,0,-0.766437,-1,0,6.373201,6,0,0,0,0,0,0,0,0,0,0,1
0,1,0,0,0,0,2,1.66667,0,0,2,0,0,1,0,0,-0.422903,0,0,0,2,1,0,0,-1,0,0,0,0,0,1,-2,2.86702,6,0,1,0,1,0,0,0.492958,0,0,-0.830986,0,2,0,0,1,0,0,0,0,0,-1,0,-1,0,0,0,4,0,0,0,0,0,1,1,0,-1,1,0,0,0,0,1,0,-1,0,0,0,0,0,0,1,0,1,-0.653058,-1,0,7.877338,0,0,0,0,0,0,0,0,-1,1,0,1
0,1,0,0,0,0,0,1.66667,0,0,0,0,0,0,0,1,-0.707317,0,0,0,1,0,-1,0,0,0,0,4,2,0,1,-1,1.34816,6,0,1,-2,1,-2,0,0.352622,0,0,-0.830986,0,0,0,-2,0,1,0,0,0,0,1,0,-1,0,0,0,0,2,5,-1,3,0,1,2,0,0,1,1,0,0,0,0,0,0,1,-1,0,0,0,0,0,0,0,-0.801714,1,0,6.56522,0,0,0,0,2,0,0,0,-2,1,0,1
0,0,0,0,0,0,-1,-0.456699,0,1,1,0,0,2,0,0,-0.418394,0,0,1,0,0,0,0,0,-2,0,3,0,0,0,0,1.37143,4,0,0,0,0,0,-1,0.395833,0,-1,-0.672111,0,0,0,0,0,1,0,0,0,0,1,0,0,-1,5,0,0,0,-1,0,0,0,0,0,0,0,0,0,-1,0,0,0,-2,0,0,0,0,1,0,0,-1,0,0,-0.296258,1,0,-0.692555,-2,0,3,0,0,0,0,1,0,0,0,1
0,0,-2,0,0,0,0,-0.586114,-1,0,0,0,0,0,-1,0,-0.836873,0,0,1,0,0,0,-1,0,1,1,0,1,0,0,0,2.61415,5,0,0,2,-2,1,0,0.395833,-1,0,-0.842615,0,1,1,0,0,0,0,0,1,0,1,0,0,0,0,0,1,0,0,-1,0,-1,1,0,-1,0,0,-1,-1,0,0,0,0,-1,0,0,0,0,0,1,-1,1,0,-0.325616,0,0,-0.650399,0,0,0,0,0,0,0,1,0,4,0,1
0,0,0,0,0,1,-4,-0.538462,1,0,0,-1,0,0,1,0,-0.707317,0,0,0,0,0,0,0,0,-1,0,0,-1,0,0,0,1.44394,0,0,0,0,-1,0,-1,1.592558,1,0,-0.524274,1,0,0,0,0,0,0,0,0,2,1,0,0,0,0,-1,0,0,0,0,1,1,0,0,0,-1,0,0,0,0,0,0,0,0,0,0,0,1,0,0,0,0,0,-0.445382,0,0,0.178601,0,0,-2,0,0,0,-1,0,0,0,0,1
0,0,0,0,0,0,1,-0.605431,0,0,0,0,0,0,0,0,-0.624282,1,0,1,0,0,-1,-3,-1,-1,0,0,0,3,0,0,1.37439,2,0,0,0,0,0,0,1.083335,0,0,-0.497673,0,0,0,0,-1,0,0,0,0,1,0,0,0,1,0,0,0,0,-1,0,0,1,0,0,2,0,0,4,0,0,0,0,0,0,0,0,0,0,0,-1,1,0,0,-0.505094,0,0,-0.637623,0,-1,0,0,1,1,-3,0,2,0,1,1
0,0,3,0,0,0,0,-0.616041,-1,0,0,0,0,0,0,0,-0.821043,1,0,1,0,1,0,0,1,0,0,0,-4,0,1,0,1.21914,0,0,0,-1,5,0,0,1.31579,0,-1,-0.736131,0,0,0,0,0,0,3,0,1,1,0,0,0,0,0,0,0,0,-2,0,0,0,0,1,0,0,0,0,4,0,0,0,0,1,0,0,0,0,0,0,0,0,0,-0.051112,3,0,-0.571429,0,0,0,-1,0,1,0,1,0,0,1,1
0,0,0,1,0,0,2,-0.593641,0,0,0,0,0,0,0,0,-0.742792,0,1,1,0,0,0,0,-1,0,0,0,0,2,1,0,0.87479,14,1,0,-4,0,0,0,1.522438,0,0,-0.698702,0,0,2,1,-1,0,0,0,0,0,2,4,0,0,0,-1,0,0,-2,3,0,-2,0,0,0,0,0,0,0,1,2,0,0,0,0,0,0,-4,0,0,0,0,0,3.990007,-2,0,-0.398974,0,0,2,0,0,1,0,0,1,0,1,1
0,0,0,0,0,0,0,-0.372738,0,0,0,0,0,2,0,-1,0.52551,0,0,0,0,0,0,1,0,0,1,-1,0,0,0,1,1.0148,13,0,0,0,-1,0,0,0.2462,-3,0,-0.562903,2,2,0,0,0,0,0,0,0,0,0,0,0,0,3,1,0,0,0,1,0,1,1,0,0,1,0,0,0,0,0,0,0,2,0,0,0,0,0,0,0,0,0,-0.615158,0,0,-0.786449,2,0,0,0,0,0,0,0,0,1,1,1
0,0,-2,0,0,-1,1,-0.773585,1,0,3,0,0,0,0,0,-0.489499,2,0,-1,0,0,0,0,0,0,0,-2,0,0,0,0,1.36352,2,0,-1,-1,0,0,1,0.377633,-1,0,-0.658587,0,0,0,1,0,1,0,0,0,-1,0,1,-1,0,0,0,0,0,1,1,-1,0,0,5,0,0,0,0,0,0,0,0,-2,-2,0,-2,0,0,0,0,0,-2,0,-0.577609,-1,0,-0.688498,0,0,2,0,1,1,0,0,0,0,1,1
0,0,0,0,0,1,0,-0.713093,0,-1,0,0,0,0,0,0,0.051191,0,0,0,2,1,0,0,0,0,0,-1,2,0,1,-1,0.75521,6,0,0,0,1,1,0,0.607078,2,0,-0.434039,-2,1,0,0,0,0,0,0,0,0,0,0,0,1,0,0,0,0,0,1,1,1,1,1,0,0,1,0,0,0,2,0,0,1,0,0,0,0,0,0,0,0,0,-0.7696,0,0,-0.280823,0,0,-1,0,0,0,1,-1,0,1,1,1
0,0,0,0,0,2,-1,-0.642397,0,2,0,0,0,0,0,0,0.211253,0,-1,2,2,0,0,0,1,0,0,0,0,3,0,0,1.78325,2,0,-1,0,0,0,0,0.666667,0,0,-0.569908,0,-1,0,0,1,0,-1,0,0,2,1,0,0,0,0,-1,0,0,0,0,1,0,1,0,0,1,0,0,0,0,-1,0,0,-1,0,0,0,-1,0,0,0,1,0,-0.273041,-1,0,0.249422,0,0,0,1,0,0,0,0,0,2,0,1
-2,0,0,0,0,0,0,-0.657143,0,0,0,1,-1,0,0,0,-0.228383,0,0,0,0,0,0,0,1,0,0,0,0,0,0,0,0.88843,7,0,0,0,-1,0,0,2.00421,0,0,2.386064,0,0,-1,0,1,0,2,0,0,0,0,0,0,0,0,0,0,0,6,0,0,0,0,0,0,0,0,0,1,-1,0,0,-1,4,0,1,0,3,0,0,1,0,-2,-0.672282,0,0,-0.835616,0,0,2,0,0,0,0,0,0,0,0,1
0,0,0,0,0,3,0,-0.574644,0,-2,0,0,0,0,0,0,-0.489721,0,0,4,1,0,0,0,1,0,0,0,0,0,0,2,1.81077,1,0,0,0,-1,0,0,0.848193,0,1,1.225358,1,0,-1,0,1,0,-1,0,0,0,-2,0,0,0,0,0,0,-1,0,0,1,0,0,0,0,0,0,0,1,0,0,2,1,0,0,0,0,0,0,1,0,0,-1,-0.698244,0,0,-0.795516,0,0,0,0,0,0,0,-1,0,-1,0,1
0,0,2,0,0,-1,0,-0.729706,0,0,0,0,1,0,0,0,-0.710776,0,-1,1,0,0,0,0,0,0,0,0,0,0,0,-1,2.2,0,0,0,0,1,2,0,0.605931,0,0,-0.80355,0,0,0,0,1,0,1,0,0,0,0,2,-2,-2,0,0,1,0,1,0,2,0,0,0,0,0,0,0,1,0,0,0,0,0,0,0,0,0,0,1,1,0,0,-0.671196,0,0,-0.617694,0,0,0,0,0,1,-1,1,0,1,0,1
0,0,0,1,-1,0,-4,-0.582119,2,0,0,0,1,0,1,0,-0.753701,0,0,1,-3,0,0,-2,1,0,0,0,2,0,0,0,3.6451,5,0,1,0,0,0,0,0.648535,0,0,-0.844156,-2,-1,0,2,0,1,0,2,0,4,0,0,0,-1,1,2,-1,0,0,3,-1,0,0,-1,0,0,0,0,1,0,0,0,0,3,0,0,0,1,0,0,0,2,0,-0.637439,0,0,-0.229444,0,1,0,0,0,0,0,0,0,0,0,1
0,2,-1,1,0,0,0,-0.401585,5,0,0,0,1,1,7,2,-0.760754,0,0,0,0,0,2,1,0,0,-1,2,0,2,0,0,2.39856,6,0,1,0,0,1,0,0.584416,0,0,-0.833556,0,0,-2,0,0,0,0,0,0,0,1,0,1,2,0,0,1,0,0,0,0,0,0,-1,0,0,1,2,1,-1,0,0,0,0,0,0,1,0,0,1,0,0,0,-0.642025,0,0,-0.654433,0,1,0,0,0,1,0,0,0,1,0,1
0,0,0,0,0,1,0,-0.812781,0,0,1,0,0,0,0,0,8.557216,0,0,2,-1,0,0,0,0,0,2,0,1,0,0,0,1.6,1,0,0,0,0,1,0,0.998051,1,0,-0.866,-1,0,1,0,0,1,0,-3,0,1,0,-1,1,0,1,-2,0,0,0,1,0,1,0,0,5,0,1,1,0,0,3,0,0,1,0,0,0,1,0,0,1,0,0,-0.566717,1,2,0.941899,0,0,0,0,1,0,0,0,0,0,1,1
0,0,1,0,0,1,1,0.041366,-1,1,0,1,0,0,0,0,8.501197,0,0,0,-3,1,0,0,0,0,0,0,0,2,0,-1,1.60562,3,1,1,0,0,1,0,1.204388,1,0,-0.785714,0,0,1,0,2,1,0,1,0,1,0,0,1,0,1,0,0,0,0,0,2,1,-1,0,0,0,1,0,0,0,0,0,1,1,0,0,0,0,0,0,0,1,0,0.253603,0,0,-0.015946,0,-3,1,-2,0,0,-2,1,0,0,1,1
0,0,1,1,0,1,-1,-0.675676,0,0,1,0,0,0,2,0,8.3859,-1,0,-2,0,0,0,0,0,0,0,-1,1,0,0,0,2.94779,8,0,0,-1,0,1,0,1.472484,0,0,-0.770758,0,0,1,0,0,1,-1,0,-1,1,0,-1,2,0,1,1,0,0,-2,1,0,0,0,1,-2,0,1,0,0,-2,0,0,0,0,0,-1,0,-1,0,0,0,0,0,-0.39508,0,1,-0.437585,0,0,1,0,1,0,-1,0,0,0,1,1
0,0,0,0,0,0,0,-0.684211,0,0,0,0,0,0,0,0,-0.710437,0,0,1,1,1,0,1,0,1,0,0,0,3,0,0,1.48203,1,0,0,0,0,0,-1,0.7554,-1,0,-0.744269,0,0,-1,0,0,0,0,0,1,0,-1,0,0,0,0,0,0,0,0,1,0,1,2,-2,3,0,0,1,-2,0,0,0,0,-1,0,0,1,1,0,-1,0,0,0,-0.71839,0,0,-0.862178,0,0,0,0,0,1,2,0,0,1,1,1
0,-1,2,0,0,0,0,-0.673038,-1,-1,0,0,0,0,0,4,-0.633686,0,2,0,2,2,-2,1,1,0,0,2,0,0,1,0,1.81496,4,0,0,0,1,3,0,0.790323,0,1,-0.602653,0,2,0,0,0,0,-1,0,0,-1,-2,-2,0,2,0,0,1,1,0,0,0,0,0,0,-2,0,0,0,1,-1,0,1,-1,0,1,0,0,1,0,0,0,0,0,-0.72093,-1,0,1.284745,0,0,0,-1,0,1,0,1,0,0,1,1
0,0,0,0,0,0,-1,-0.686515,0,0,0,0,0,2,0,0,-0.837782,0,0,0,0,0,0,0,0,0,0,0,-1,0,0,0,1.77143,2,0,0,1,1,0,0,0.649751,3,0,-0.806452,1,0,0,0,0,0,0,0,0,2,-1,-1,0,0,4,0,0,0,0,0,0,0,0,0,0,0,0,-1,1,-1,0,0,0,1,0,-1,0,0,0,0,0,0,0,-0.72093,0,-1,0.554967,0,0,-1,0,0,1,0,0,0,1,1,1
0,0,-1,0,0,0,0,-0.718235,0,0,0,2,1,0,0,3,-0.572568,-3,-1,0,0,0,0,0,1,0,1,0,2,0,0,0,1.38457,7,2,0,-1,1,0,0,1.467059,0,0,-0.747223,0,0,0,0,-1,0,1,0,0,0,2,0,0,0,0,0,1,0,0,0,0,1,0,0,0,0,1,0,0,0,0,0,0,0,0,0,0,0,0,0,0,0,0,-0.4,0,-1,-0.596866,0,0,2,0,0,-3,0,0,0,0,1,1
0,0,-1,0,1,-1,0,-0.694366,0,-1,0,0,-2,1,1,0,-0.646413,0,0,0,1,0,0,0,1,1,0,0,0,0,0,0,1.37143,8,0,0,0,1,0,0,1.4375,0,0,-0.806713,0,0,0,0,0,0,0,0,0,1,1,0,0,0,0,0,1,0,0,0,0,0,0,2,0,0,1,0,0,2,0,0,1,0,-1,0,1,0,0,0,0,0,1,-0.59394,0,0,-0.615689,0,0,0,-1,0,0,0,0,0,0,1,1
0,0,1,-1,0,0,0,-0.728616,0,0,-1,0,0,0,0,0,-0.672913,0,0,3,0,0,0,0,0,0,2,0,0,-1,-2,0,1.27535,3,0,0,0,1,0,0,1.689115,5,0,-0.743255,0,0,0,0,0,0,0,0,0,0,3,0,0,-1,-2,0,0,0,0,-1,0,1,0,3,0,0,1,0,0,3,0,0,0,0,0,1,0,0,2,0,0,1,1,-0.32043,0,0,-0.550468,0,0,0,0,-1,0,4,0,0,-5,1,1
0,0,0,0,0,1,0,-0.682731,1,0,0,0,-1,0,0,-1,-0.51258,0,0,0,-1,2,0,0,1,0,0,2,0,0,1,0,0.78773,2,0,0,0,1,1,0,2.062325,0,0,0.334213,0,0,0,-1,1,0,0,0,0,0,1,0,0,0,0,0,0,3,0,0,0,0,0,0,0,0,0,-2,-4,0,0,0,0,1,0,0,0,0,0,0,0,0,0,-0.686722,0,0,-0.635439,2,1,0,0,0,0,0,0,1,0,1,1
-1,0,0,2,0,0,2,-0.772795,0,0,-2,0,0,1,0,-2,-0.696987,0,0,0,0,0,0,0,0,0,0,0,0,0,1,-2,0.74286,3,-1,1,0,1,-2,0,1.585559,0,0,-0.538462,0,0,0,0,0,0,0,0,0,0,0,0,0,0,0,0,0,0,0,0,0,-1,0,0,0,0,0,0,-1,0,0,0,-1,0,0,0,-2,-2,0,1,0,0,0,-0.527775,-2,0,-0.510013,0,1,0,0,0,0,0,1,1,0,1,1
0,0,0,0,-1,0,0,-0.701245,0,0,0,0,0,0,0,0,-0.383249,0,0,0,0,0,-1,0,2,0,0,-1,0,3,1,0,0.74286,7,0,0,-1,0,0,-1,1.365792,0,-3,-0.445841,0,-2,0,0,0,0,1,0,-2,0,0,0,3,1,-2,0,0,0,0,1,0,0,0,-4,0,0,1,0,0,0,4,0,0,0,0,0,0,-1,0,0,0,0,1,-0.559618,0,1,-0.636364,0,1,0,0,0,-1,0,1,1,-1,1,1
0,0,-1,0,0,0,0,0.211257,0,0,0,0,-1,0,1,0,-0.741567,0,1,0,1,0,-1,0,0,1,0,0,0,0,0,0,1.6217,1,0,0,1,1,0,0,3.963377,0,0,-0.873066,0,-2,-1,0,0,0,0,0,1,-1,0,0,0,1,0,3,0,0,1,0,0,0,0,0,0,1,0,-1,1,0,0,1,0,0,0,0,1,-1,0,0,0,0,0,-0.478261,1,0,-0.590211,0,0,4,1,0,0,0,0,0,2,1,1
0,0,1,6,0,0,0,-0.614245,0,1,1,0,0,-1,-2,0,-0.58641,-1,0,1,1,0,0,0,0,2,0,0,0,0,2,1,1.91455,6,0,0,1,1,0,0,0.818999,2,0,-0.771919,1,0,0,1,0,0,0,0,0,0,0,-2,-1,0,0,0,0,0,1,0,0,0,0,1,0,0,2,0,1,1,0,0,0,-2,0,1,0,-1,0,0,0,0,0,-0.238586,1,1,-0.460286,5,0,0,0,0,0,1,1,0,0,1,1
0,-2,-1,0,0,0,0,-0.309437,2,0,0,0,0,-1,0,0,-0.73913,0,1,0,1,-1,4,0,0,1,0,0,2,3,0,0,2.21418,6,0,0,0,0,1,0,0.370942,0,1,-0.721081,0,0,-1,0,0,0,0,0,0,0,0,0,0,0,1,0,0,-2,0,0,0,0,0,0,8,1,0,0,1,5,3,0,0,0,3,0,0,2,1,0,0,0,0,-0.793533,-1,0,-0.648733,2,1,0,0,0,1,0,3,0,0,1,1
0,1,0,0,0,1,0,-0.688789,0,0,0,1,0,-1,0,0,-0.625,0,0,1,0,0,0,0,0,0,0,0,4,-2,1,0,0.86724,8,0,0,0,1,0,0,2.338266,0,-1,-0.640336,-1,0,0,0,0,0,0,0,0,-1,1,0,0,1,3,0,0,1,1,0,0,1,0,-1,0,0,0,2,2,0,0,0,0,0,0,0,0,0,0,0,0,0,0,-0.742706,0,0,-0.726145,0,1,0,1,0,0,0,0,0,1,1,1
0,0,0,0,0,-1,0,-0.19548,0,0,0,0,0,2,-1,0,-0.893307,2,0,0,-1,0,0,0,0,0,0,0,0,1,0,0,0.58412,1,3,3,0,1,1,1,1.45833,-4,0,-0.792652,0,-1,1,0,0,0,0,0,1,0,0,-1,0,0,0,0,0,0,2,0,0,0,0,0,0,0,0,4,0,2,0,0,-1,0,0,-1,0,-1,0,0,0,3,0,-0.756035,0,1,-0.317161,6,1,0,1,0,1,0,0,0,0,1,1
1,0,0,0,0,-3,0,-0.849601,-1,0,0,0,0,0,0,0,-0.845019,0,-1,0,0,0,0,0,0,-1,0,0,0,0,0,0,1.3487,13,0,2,0,1,0,0,2.570717,0,0,-0.744649,-1,-1,0,0,0,0,0,0,-1,1,1,2,0,2,0,0,0,0,0,2,0,-1,0,-1,0,0,0,3,0,0,0,0,0,0,0,0,3,0,0,0,0,0,0,-0.594074,0,0,-0.050471,2,0,0,1,0,0,0,0,0,1,1,1
0,2,1,1,-2,0,0,-0.507488,0,0,0,0,0,0,1,0,-0.415325,0,0,1,0,0,2,0,0,0,0,0,2,0,3,0,0.8,8,0,0,0,0,0,0,2.138285,0,0,0.214627,0,0,1,0,0,0,-1,0,0,2,0,1,0,0,2,0,0,0,1,0,0,-2,0,0,1,0,1,0,-1,0,0,0,0,0,0,0,-1,1,0,0,0,0,0,-0.801957,0,0,-0.401191,0,0,2,0,1,0,0,1,0,0,1,1
0,0,2,0,1,1,0,-0.572526,-2,0,1,0,0,0,0,0,-0.519854,0,0,0,-1,0,0,0,0,1,0,1,0,0,0,0,0.6166,13,0,1,0,-1,0,0,3.57143,0,0,-0.565329,0,0,-1,0,0,0,0,0,0,1,0,1,0,0,1,0,0,0,0,0,1,0,0,0,0,0,0,0,3,-1,0,0,0,1,0,0,0,1,0,0,0,2,0,-0.83803,0,0,-0.057716,0,0,0,-1,0,0,2,2,0,0,1,1
-1,0,-2,1,0,0,0,-0.421794,0,0,0,0,0,0,1,0,0.529284,0,0,1,0,0,0,0,1,0,0,1,2,0,0,-1,0.8,8,0,0,0,0,-2,0,3.57143,0,0,-0.571429,0,0,0,0,0,0,0,0,0,0,3,1,0,0,0,0,0,0,1,-2,0,1,0,1,1,0,1,0,1,0,0,0,0,0,0,0,0,1,0,0,0,0,0,-0.818182,0,0,-0.447197,3,0,0,0,1,0,0,1,0,2,1,1
0,0,0,0,0,0,1,-0.7,0,0,0,0,0,0,0,2,-0.557629,0,2,1,2,0,0,0,0,0,0,0,0,0,0,2,1.82718,-8,0,1,0,0,0,0,0.315799,0,0,-0.797613,5,1,-1,0,1,0,0,0,0,0,0,4,0,0,0,0,0,0,0,0,0,0,0,-1,0,0,0,3,1,0,0,0,0,0,0,0,0,0,0,0,0,0,1,-0.567072,0,0,-0.00889,0,0,0,0,0,0,1,1,0,0,1,1
1,0,0,0,0,0,0,0.291765,0,0,-1,0,0,0,1,-1,-0.56078,0,0,1,0,0,0,0,0,0,0,0,2,0,0,1,2.53421,13,0,1,0,0,-2,1,1.516187,0,1,-0.793103,0,0,0,0,0,0,0,0,1,-1,0,1,1,0,0,0,0,-1,0,0,0,1,0,1,0,0,0,0,0,2,0,0,0,0,0,0,0,-2,0,0,0,0,2,-0.781823,0,0,-0.487166,3,0,0,0,0,2,0,1,1,1,1,1
0,-2,0,0,0,1,0,-0.631081,2,-1,0,0,0,0,0,0,-0.748962,-1,0,2,1,0,0,0,0,-1,0,0,2,-1,0,0,1.57987,3,0,0,0,0,0,0,1.173592,2,0,-0.793949,0,0,0,0,1,0,0,1,1,1,0,1,0,3,0,0,0,0,0,1,0,-1,1,0,0,0,2,0,1,4,0,0,0,-1,0,0,0,2,0,0,0,2,1,0.553626,0,0,-0.777942,0,0,0,1,-1,-2,0,1,1,0,1,1
0,0,-1,2,-1,1,0,-0.493667,0,1,0,1,1,0,0,0,-0.7675,1,0,0,0,0,0,-2,0,1,1,0,-1,-1,1,1,0.67692,1,0,-1,0,0,0,0,0.956436,0,0,-0.63377,-1,1,0,0,0,0,0,0,0,-1,1,0,1,1,0,0,0,0,-1,1,1,1,1,0,0,1,0,-2,0,0,0,0,0,1,0,0,0,1,0,1,0,0,0,-0.730728,0,0,-0.750604,0,0,0,0,0,0,0,1,0,0,0,1
-1,0,0,1,0,0,0,-0.817443,0,-1,0,-2,-1,0,0,1,-0.599498,0,0,1,0,0,-2,1,0,0,0,0,0,1,-1,0,0.69187,11,0,0,1,-1,-1,-1,0.923909,0,0,-0.458492,1,1,0,0,0,0,0,0,1,0,1,1,0,0,0,0,0,0,0,0,1,0,1,0,0,0,0,0,0,0,0,0,1,0,0,0,2,0,0,0,0,0,0,-0.582806,0,0,-0.641283,1,0,-1,0,0,0,0,0,0,-1,0,1
0,0,0,0,0,0,0,0.722703,0,1,0,0,0,-3,-3,0,-0.059526,0,0,1,0,0,0,0,-1,-2,0,0,1,1,0,0,0.68587,8,0,0,1,0,2,0,0.451848,0,0,-0.515692,0,1,0,0,0,0,0,1,0,2,1,0,0,-1,-3,0,0,0,0,0,1,0,0,5,0,2,0,0,0,0,1,0,0,1,1,0,0,0,0,0,0,0,0,-0.570157,0,0,-0.706185,0,1,0,0,0,0,-4,-1,0,0,0,1
0,-1,0,1,0,0,1,-0.754797,1,1,0,0,0,0,0,0,-0.740992,0,-1,0,1,0,-1,0,0,0,-1,2,0,0,0,-1,1.20078,12,0,0,-1,0,-1,0,1.384683,0,1,-0.648975,1,1,0,0,1,0,0,0,1,-1,0,0,-1,0,0,0,0,0,0,1,1,0,1,0,0,-1,0,0,1,0,2,0,0,0,0,0,0,0,0,4,0,1,0,-0.54878,0,0,-0.6,0,0,-1,0,0,2,0,0,-2,0,1,1
0,2,0,1,0,2,0,-0.778709,0,0,1,0,0,0,0,0,-0.542537,0,0,0,0,0,1,1,0,1,1,0,0,0,0,0,1.11429,0,0,0,0,0,0,0,1.442603,0,1,-0.700115,0,0,0,1,0,0,0,0,0,2,0,0,0,0,0,-1,0,0,0,0,1,1,0,0,0,0,0,0,1,-1,2,0,0,2,0,0,0,0,0,0,0,1,0,-0.586207,0,0,-0.6,0,0,3,2,1,0,0,0,1,0,1,1
0,-2,0,1,1,0,0,-0.625019,0,0,0,0,3,0,0,1,-0.748181,0,0,0,1,0,0,0,0,2,0,0,0,2,0,0,3.08209,1,2,0,0,0,0,0,1.227266,0,0,-0.883593,0,1,0,0,0,-1,0,0,-1,0,-4,0,0,1,0,0,0,0,0,0,1,0,0,0,-1,-1,0,-2,1,1,0,0,1,0,1,0,0,0,0,0,0,0,-4,-0.387619,0,0,-0.610393,0,0,3,0,0,0,0,0,0,-1,1,1
0,0,0,-1,0,0,-1,-0.67106,0,0,-1,0,1,1,0,0,-0.691482,0,0,3,1,0,0,0,0,0,1,0,-1,0,0,0,0.85714,6,0,0,0,0,0,0,1.351788,0,0,-0.866916,0,0,2,0,0,0,0,0,1,0,1,0,0,0,0,0,0,0,0,-1,0,0,-1,0,4,0,3,0,0,0,0,0,-1,0,0,0,0,0,0,0,0,1,0,-0.586207,0,0,-0.678958,4,-1,0,0,1,-1,1,0,0,0,1,1
0,0,0,1,0,0,0,-0.837799,0,0,0,1,-3,0,0,3,-0.711635,0,0,1,0,0,0,1,0,0,0,3,2,0,1,0,0.80286,19,-1,0,1,1,0,0,3.311768,0,0,-0.071186,0,0,1,0,0,0,0,0,1,0,1,0,0,0,0,0,0,0,0,0,0,1,0,-8,-1,0,0,0,0,0,0,0,0,0,0,0,-1,-2,0,0,0,1,2,-0.416036,0,-1,-0.680173,0,0,-1,-1,0,1,0,0,2,0,1,1
0,1,0,0,0,2,0,-0.747013,0,0,1,0,0,-1,0,1,-0.825176,0,0,2,1,0,0,0,0,0,0,4,3,0,0,0,0.88923,5,0,1,0,-2,0,0,1.621782,0,0,-0.867459,0,0,0,0,2,-1,0,0,1,0,1,-1,0,0,0,2,0,0,0,-3,2,0,0,1,2,-1,2,0,4,0,0,-1,-1,0,0,0,0,0,0,3,0,0,1,-0.314879,0,0,-0.736574,-1,0,-2,0,-1,2,1,0,5,0,1,1
0,0,1,0,0,0,0,-0.717597,0,0,0,0,0,0,1,0,-0.814306,1,0,0,0,0,0,0,0,0,0,0,0,0,2,0,0.46213,7,0,0,-1,0,0,0,0.763282,0,0,2.555937,1,0,-2,0,0,1,0,0,0,0,0,0,1,4,0,0,1,0,0,1,1,0,2,0,0,0,0,0,0,-1,2,0,0,0,0,0,0,0,0,0,0,0,0,-0.674103,0,0,-0.617211,0,0,0,-1,0,0,0,0,0,0,1,1
0,0,0,2,-1,0,0,2.217888,0,0,0,0,0,0,0,0,-0.79661,1,0,2,-1,1,0,0,0,0,0,0,2,0,0,1,1.37143,14,0,0,-1,0,2,0,0.689038,0,-1,0.150621,0,0,0,0,0,-1,0,0,0,3,0,3,0,0,0,1,0,-1,1,0,1,0,-1,0,0,0,0,1,1,1,2,0,1,3,0,0,0,0,0,0,0,0,1,-0.516955,0,0,-0.754122,0,0,0,0,0,0,0,1,0,1,1,1
0,0,0,0,0,0,-2,0.7754,2,0,1,0,-1,0,2,0,-0.79661,0,0,2,3,0,3,-1,0,0,0,0,0,0,1,0,2.63338,8,0,0,0,0,0,-1,1.070472,0,0,0.145861,0,0,0,0,0,0,0,0,0,0,0,0,0,-1,-2,-2,1,0,0,1,1,4,0,0,0,0,0,0,1,0,0,0,2,0,0,0,0,-1,0,0,0,0,0,-0.621003,1,0,-0.020636,2,-1,0,0,0,0,1,2,0,-2,1,1
0,0,0,0,0,0,0,-0.854833,0,0,0,0,0,0,1,0,0.590822,0,-1,2,0,0,2,-3,0,0,0,0,0,0,0,0,1.6442,11,0,0,4,-1,1,1,1.268442,0,0,-0.400404,0,0,0,0,1,0,0,0,0,0,0,2,0,0,0,-1,0,0,2,1,0,0,1,0,0,0,0,-1,1,0,-1,0,0,0,0,0,1,0,1,0,-3,1,0,-0.557047,0,0,-0.634517,0,0,0,0,1,0,1,0,1,0,0,1
0,3,0,-1,0,0,0,-0.735947,0,1,-1,0,-2,1,1,0,-0.834463,0,0,0,0,0,0,-1,0,0,1,-1,0,0,0,1,1.18496,9,0,-1,0,0,0,0,0.700281,0,0,-0.592759,0,0,-1,0,0,0,0,0,0,0,0,2,0,0,0,0,0,0,1,0,1,1,0,0,0,-2,1,0,0,0,0,0,0,0,0,1,0,0,0,0,0,0,1,-0.60941,0,0,-0.595937,-1,0,1,1,0,0,0,0,0,3,0,1
0,2,0,0,0,0,0,-0.744681,0,1,0,0,1,0,-6,0,-0.735777,1,0,1,0,-1,-1,0,0,-1,0,0,1,0,0,0,1.05247,3,0,0,-1,0,1,0,0.833333,0,0,-0.703856,2,0,1,0,0,1,0,0,0,1,0,1,0,0,0,-1,0,0,0,1,0,1,0,0,0,0,0,0,0,0,0,0,0,-1,0,0,0,-1,-1,0,0,0,0,-0.471213,0,0,-0.680711,0,-1,0,1,0,-1,0,0,0,0,0,1
0,0,0,0,0,0,0,-0.698101,0,0,0,0,1,0,2,0,-0.635373,0,0,-1,-1,0,0,2,0,0,0,2,3,0,0,0,0.71522,7,1,0,1,-1,0,1,0.590081,9,0,-0.584786,0,1,0,-2,0,0,0,0,0,0,0,0,1,0,-1,0,-4,1,0,0,0,0,0,0,0,0,0,0,1,0,0,0,1,0,0,0,0,0,0,0,0,1,0,-0.733333,0,0,-0.756603,0,0,0,0,0,1,0,1,0,1,1,1
0,0,0,-1,0,-1,-3,-0.637619,1,0,0,0,0,0,0,0,-0.589596,0,-2,0,0,0,1,0,0,-1,0,0,3,0,0,0,0.8,2,0,0,0,5,0,0,1.178419,-1,-1,-0.680839,0,1,0,0,0,0,0,0,0,0,0,0,1,0,0,0,0,0,0,0,0,0,-2,1,0,0,0,1,1,2,2,0,0,0,0,0,0,-1,0,-1,0,1,0,-0.805619,0,0,-0.840486,0,0,0,1,0,0,0,0,0,1,1,1
0,0,0,0,0,0,0,-0.660644,0,0,0,0,0,0,0,0,-0.42028,0,0,2,0,0,0,0,0,0,0,0,0,-1,0,0,1.41029,9,0,0,0,0,0,1,0.700588,0,0,-0.065628,0,-1,-1,-1,0,0,0,1,0,0,-1,0,0,-1,2,0,0,1,0,0,-1,0,-2,0,0,0,1,-1,0,0,0,0,0,0,0,0,-1,1,0,0,0,0,0,-0.707549,0,0,-0.763933,-1,0,0,0,-2,3,0,0,3,1,1,1
0,0,0,0,0,1,0,-0.727273,0,0,0,0,1,0,0,0,-0.474284,0,0,2,0,0,0,-1,0,0,0,4,1,0,0,0,0.92847,8,1,0,0,1,1,0,1.602538,-4,1,1.412249,1,0,0,0,0,0,0,0,0,0,1,0,0,0,-1,-1,0,0,0,1,2,0,0,0,1,0,1,0,0,0,0,0,0,0,0,0,0,0,0,0,0,0,0,-0.542463,0,0,-0.796504,0,0,-2,0,1,0,-1,0,1,0,0,1
-1,0,0,1,0,-1,0,-0.725327,0,0,0,0,0,-1,-1,0,-0.446602,0,-1,0,-1,0,1,0,0,0,0,0,0,0,0,0,0.84947,0,0,0,0,0,1,1,3.616807,0,0,-0.640176,-2,0,0,0,0,0,0,0,0,4,0,1,0,0,0,1,0,2,0,1,2,0,0,-1,0,0,0,1,0,-1,0,1,0,0,0,0,0,0,0,0,0,-1,-1,-0.666667,0,0,-0.793033,2,0,0,0,0,0,0,1,0,0,0,1
0,2,5,1,0,1,0,-0.827466,0,-3,0,0,0,0,3,0,-0.62444,0,0,0,0,1,0,-2,0,0,0,3,-1,0,0,-1,0.93475,10,0,0,0,0,1,0,1.151093,0,0,-0.676526,0,0,-1,0,0,-1,0,0,0,0,0,1,0,0,0,0,0,0,0,1,0,0,0,0,0,-2,1,-1,1,0,-1,0,0,-2,0,0,0,0,0,0,1,-1,0,-0.615453,0,0,-0.407594,3,0,0,0,-1,0,-1,1,0,0,0,1
0,0,3,0,0,0,0,-0.302094,0,0,0,0,0,0,0,0,-0.083524,0,0,1,0,0,1,-3,0,0,0,0,0,0,0,0,1.4687,11,0,0,0,0,1,0,0.688461,0,1,-0.772008,1,0,-2,1,0,0,-1,1,0,0,0,0,0,0,-1,1,0,0,2,0,0,0,0,1,0,0,1,0,-2,1,0,0,0,0,0,0,1,0,0,0,0,-2,0,0.186571,0,0,-0.604706,0,0,0,0,0,0,0,1,-1,0,1,1
0,0,-2,1,2,0,0,-0.818551,3,0,0,0,0,0,0,0,-0.530225,0,0,0,0,0,1,0,0,-1,0,0,0,0,1,0,1.51573,2,0,-1,0,-1,0,0,0.636087,3,1,-0.788155,1,-3,0,1,0,1,0,1,0,0,2,0,-2,0,0,1,0,-1,0,0,0,0,2,1,0,0,1,0,0,1,0,0,0,0,0,0,1,-1,0,-2,0,0,1,-0.758167,-1,1,-0.585099,2,-1,0,0,-1,0,0,0,-1,0,1,1
0,0,1,1,0,0,0,-0.793103,0,0,0,0,0,0,0,0,-0.741059,0,0,1,0,-1,3,0,0,0,0,0,0,2,0,0,3.33372,3,0,-1,0,-1,0,0,0.432974,0,0,-0.819304,0,0,1,0,1,-1,0,1,0,0,0,0,-3,-1,1,0,0,0,0,0,0,1,0,1,0,-1,2,0,0,0,2,0,0,2,0,0,0,0,-2,0,0,2,0,-0.663482,0,0,-0.768174,0,0,0,0,0,0,0,0,0,4,1,1
0,-1,2,0,0,3,0,-0.802209,1,0,0,0,0,0,0,1,-0.316176,0,0,0,0,0,0,0,1,-1,0,0,-1,0,-1,0,2.3226,3,-1,0,0,0,1,0,1.093942,0,0,-0.764706,0,-2,0,1,0,1,0,0,0,0,3,0,0,-1,0,0,1,0,0,-1,-1,1,1,0,0,0,1,0,1,0,-1,0,1,1,-1,0,0,0,0,0,0,1,0,-0.704427,0,0,-0.793668,2,0,0,0,-1,0,1,0,0,1,1,1
0,0,1,0,0,0,1,-0.656692,2,1,0,0,1,1,0,1,0.066015,0,0,0,1,1,0,0,1,0,0,0,0,0,-1,0,1.52351,8,0,1,0,0,0,1,1.355443,0,0,-0.829762,0,0,0,2,0,0,0,0,0,0,-1,1,0,0,1,0,0,0,0,0,0,0,1,-1,0,0,0,0,1,0,0,0,0,0,0,0,0,0,2,0,0,1,0,-0.563232,0,-1,-0.753861,0,-1,0,0,0,1,2,0,0,0,1,1
0,0,0,0,0,0,0,-0.625,1,1,0,0,0,5,0,1,0.202332,0,0,0,2,-1,0,0,0,0,-1,0,3,0,0,0,2.63583,3,0,0,1,0,0,0,1.375629,2,0,-0.77122,0,0,1,1,0,0,-1,0,0,0,0,0,0,-1,0,0,0,1,0,2,0,1,1,0,-1,0,1,0,1,0,0,0,1,1,0,0,0,-1,0,0,0,1,-1,-0.571429,1,0,-0.823459,0,0,0,0,0,1,1,0,0,1,1,1
0,0,0,0,0,0,1,0.0623,0,-2,0,0,0,1,0,0,-0.890608,-2,-1,0,0,1,0,0,0,0,0,0,0,0,0,0,0.65714,10,0,0,1,0,0,0,1.73913,0,1,-0.852982,0,1,-1,0,0,0,0,-1,0,0,1,-1,0,1,-1,0,0,0,0,4,2,0,-2,0,0,0,0,-1,0,0,-1,0,0,0,1,0,0,1,0,-1,0,-1,0,-0.484383,0,0,-0.613419,0,0,0,0,0,2,-1,0,-1,0,1,1
-1,-1,0,0,0,0,0,-0.520253,0,0,-2,0,-1,1,2,0,-0.623296,0,0,0,3,0,0,0,0,0,0,0,0,2,0,1,0.87154,15,0,0,2,0,0,0,1.73913,0,0,-0.330278,0,0,0,0,1,0,0,3,0,0,1,0,0,0,0,1,2,0,0,0,0,1,0,0,0,0,0,0,0,0,0,0,-1,-2,0,0,0,2,0,1,0,0,0,-0.403641,0,0,-0.735362,2,0,0,-1,0,-2,0,1,1,0,1,1
0,0,1,-1,0,-3,0,2.573407,0,0,0,0,0,0,0,0,-0.732898,0,-1,-1,0,0,0,0,0,0,0,2,2,0,1,0,0.65714,6,0,0,1,-1,0,0,1.985595,0,0,-0.173717,0,0,0,0,-1,0,0,0,-1,0,1,0,0,2,-1,0,0,0,0,0,1,1,0,0,0,-1,0,0,0,0,0,0,1,0,0,0,0,0,0,0,1,0,0,-0.719836,0,0,-0.696436,0,0,2,0,1,0,0,0,0,0,1,1
0,0,3,0,0,0,0,-0.661247,0,1,0,0,0,0,-1,0,-0.675676,0,0,0,0,1,1,0,1,0,-1,2,0,0,-1,0,2.25698,5,0,0,0,0,-1,1,1.928101,1,0,-0.796771,-1,0,0,0,0,0,0,-1,0,0,0,0,3,0,0,0,0,0,-2,0,0,2,1,0,0,0,0,1,0,2,0,0,1,0,0,0,0,0,0,0,0,1,1,-0.889832,0,0,-0.556043,0,0,0,0,-1,0,-1,0,-2,1,1,1
0,0,0,0,0,0,0,-0.520171,0,0,0,0,0,0,0,1,-0.703821,0,0,2,1,0,-1,0,1,0,0,0,0,0,0,1,1.22104,6,0,0,0,1,-1,0,1.176752,0,0,-0.581862,0,-1,0,0,0,0,0,0,1,0,0,1,-2,0,0,-1,0,-1,0,0,1,0,0,-1,-3,0,1,0,0,0,0,0,2,0,0,0,0,0,-1,0,0,-1,2,-0.603669,0,0,-0.791441,0,1,2,0,1,-1,0,0,3,0,1,1
0,1,-2,0,1,-1,-3,-0.250048,0,0,1,0,0,0,0,0,-0.859013,0,0,0,1,0,0,0,0,1,0,0,3,0,0,1,1.50832,5,1,0,-1,-1,0,0,1.208576,0,0,-0.719305,-1,-1,0,0,0,0,0,0,0,0,0,1,0,0,0,0,0,0,0,0,0,0,0,0,0,0,1,1,7,0,0,-1,0,-1,1,0,0,1,0,0,0,0,1,-0.524405,0,0,-0.567441,0,0,0,0,0,0,0,0,0,1,1,1
0,1,0,2,0,0,-1,-0.499518,0,0,0,0,0,0,0,0,-0.689872,-1,0,1,0,0,0,1,0,0,0,0,1,-2,0,0,1.45822,0,0,0,-1,-1,1,0,1.689803,-1,0,-0.68854,2,0,0,0,2,0,0,0,1,0,0,0,0,0,0,-2,0,0,0,0,-1,0,0,0,0,0,0,-3,1,0,0,0,-3,6,0,0,0,1,0,1,0,0,0,-0.590635,0,0,-0.907583,0,0,3,0,0,4,0,1,-1,0,1,1
-1,0,0,1,0,0,-2,-0.664531,0,0,0,0,0,0,0,0,-0.77378,0,0,0,0,0,1,-1,1,0,0,0,-1,0,1,0,0.76503,-17,0,0,-1,0,0,0,3.952451,0,0,-0.901415,0,0,0,1,1,0,0,0,0,0,1,0,0,0,0,1,0,0,0,0,0,1,0,1,0,0,0,0,0,0,0,-1,-2,-1,0,0,0,1,0,1,0,-2,0,-0.458155,0,0,-0.649447,0,0,1,-1,0,0,-4,0,0,0,1,1
0,-1,0,0,0,0,1,0.949328,1,0,1,0,-2,0,0,0,-0.712659,0,0,0,1,0,0,1,1,0,0,0,0,0,0,-1,1.70513,4,0,0,0,0,1,0,0.882388,0,0,-0.695466,0,0,0,0,0,0,0,0,2,0,0,2,1,0,-2,0,-1,0,0,0,3,1,0,-1,-1,2,-2,0,2,0,0,0,0,-1,0,1,0,0,0,1,0,0,0,-0.652767,0,0,-0.552295,3,0,0,0,0,2,0,0,-1,0,1,1
0,-1,3,0,0,0,1,-0.804237,0,0,0,1,0,0,0,0,-0.860827,-2,0,0,0,0,0,0,0,0,0,0,-3,1,0,-1,0.78677,1,-2,0,1,0,-1,0,0.674433,0,0,-0.394027,-1,1,0,0,0,0,-1,0,0,-1,-1,0,-1,0,-1,0,0,0,0,1,1,-1,0,0,0,0,0,-1,0,0,0,0,0,0,0,0,0,0,0,1,0,0,1,-0.702189,0,0,-0.685939,-3,0,-1,1,0,0,0,1,1,0,0,1
1,0,-1,0,1,0,0,-0.822488,-1,0,0,0,0,0,0,-2,-0.506899,0,1,0,0,0,0,0,0,0,0,0,0,0,0,0,0.64431,2,0,1,1,-2,0,0,0.836469,-3,2,-0.764043,-2,0,1,0,0,-1,0,0,0,0,0,1,0,-1,0,0,0,1,0,0,1,0,0,1,-1,0,-1,0,0,0,0,0,-1,-1,0,0,1,-1,0,1,0,4,0,-0.584814,-1,0,-0.72212,0,0,0,0,-1,0,0,0,0,3,0,1
-2,-3,-1,0,0,0,0,-0.848996,0,0,0,0,0,-1,-1,0,-0.612903,0,1,0,0,0,0,0,0,0,0,0,0,0,1,0,0.94485,2,-1,0,1,0,1,0,0.940937,-1,0,-0.580531,0,-1,0,0,0,0,0,1,0,0,0,0,0,0,-1,1,0,0,2,0,1,0,1,0,0,0,-3,0,1,-1,0,0,0,0,0,0,0,0,0,0,0,1,-1,-0.343027,0,0,-0.771807,0,0,0,0,-2,1,0,0,1,2,0,1
0,-1,0,0,0,1,-3,-0.2,0,0,0,0,0,0,1,0,0.525742,2,1,0,1,0,0,-2,0,0,0,1,0,1,0,0,2.40428,4,0,0,1,0,0,1,0.62069,-1,0,-0.263896,-1,0,0,0,0,-1,0,0,0,0,0,0,-1,0,0,0,0,1,-1,0,0,0,2,2,-2,0,0,0,2,-1,0,0,0,0,0,0,0,1,0,1,0,2,0,-0.707317,0,0,-0.619713,1,0,1,-1,0,0,0,0,0,0,0,1
0,0,0,0,0,0,0,0.688182,0,0,-1,0,0,0,0,0,-0.758753,0,0,1,1,0,-1,0,0,0,0,-1,0,0,0,0,0.6135,1,-2,0,2,0,0,0,1.232292,1,1,-0.598153,0,0,0,0,0,0,1,-1,0,0,1,4,0,1,0,0,1,0,0,0,0,3,0,0,0,1,0,0,1,0,0,0,0,0,0,0,0,4,0,0,0,0,0,-0.912449,0,0,-0.544789,0,0,0,0,0,1,2,1,-1,0,0,1
0,0,0,0,0,-1,0,-0.237644,0,0,0,0,0,1,0,2,0.324557,1,0,0,1,0,-1,0,0,0,0,0,0,1,0,-1,2.06548,5,0,0,1,0,0,0,0.886063,0,0,-0.195344,1,1,0,0,-2,-1,1,0,0,-2,0,0,-1,1,5,0,0,1,0,0,0,0,0,0,0,1,-2,0,3,0,0,0,1,-2,0,0,0,1,-1,0,0,0,0,-0.876354,0,0,-0.50389,-1,0,0,0,0,0,1,1,0,0,0,1
0,1,1,0,0,0,0,-0.726293,0,0,-3,0,1,1,0,0,-0.817288,2,-1,1,0,0,0,0,0,0,0,0,0,0,0,0,0.80757,4,1,1,0,0,0,0,0.471648,0,0,-0.764186,0,0,0,0,0,-1,0,0,0,2,0,0,0,0,0,0,-1,0,0,1,0,0,-1,1,0,1,0,-2,0,0,0,0,0,0,0,0,0,0,0,0,0,0,0,1.64,0,0,0.152781,0,0,2,0,0,0,0,0,1,0,1,1
0,0,0,0,0,0,0,-0.639253,0,0,0,0,0,0,4,-1,-0.87516,-1,0,0,0,0,-1,2,0,-2,-2,0,0,-1,0,0,1.45205,4,0,1,-1,-1,0,0,0.758202,-1,-1,-0.590756,0,0,0,0,-1,0,3,0,0,5,1,0,0,0,1,0,0,1,1,1,0,0,-3,0,0,1,0,0,1,0,0,0,0,0,1,0,0,0,0,0,0,2,0,4.169394,0,0,-0.632614,0,1,2,0,-1,0,-2,0,1,0,1,1
0,1,2,0,0,0,0,-0.76598,0,0,0,0,0,0,2,0,-0.682833,0,-1,1,-1,1,0,0,0,0,0,0,0,-2,-1,0,0.94286,7,0,0,0,0,0,-1,0.856187,-1,0,-0.636364,1,0,1,0,0,-3,0,0,0,0,2,0,0,0,0,0,-1,0,-1,1,0,0,0,0,0,1,-1,0,1,-1,2,0,-1,0,0,0,0,0,0,0,0,2,0,4.086842,0,-2,-0.785714,-1,0,0,0,0,-1,0,0,1,-1,1,1
0,0,-2,2,0,0,-1,-0.537176,0,0,0,0,0,-2,0,0,-0.824923,0,-3,0,0,0,0,2,0,0,0,0,-2,0,0,0,0.70171,8,0,0,1,0,0,0,1.178192,0,0,-0.364108,0,0,0,0,0,0,0,0,0,-2,-1,0,0,0,0,0,1,1,0,0,0,0,0,0,0,0,0,0,0,0,0,0,0,0,0,1,0,0,0,2,0,2,0,1.866228,1,0,-0.908276,0,-1,0,0,0,1,0,1,-1,-1,1,1
0,0,0,0,0,0,1,-0.585305,0,1,0,0,1,0,0,-1,-0.756961,0,0,0,1,0,0,0,1,0,1,5,0,0,2,0,1.08895,2,0,0,1,-5,0,0,0.722148,0,0,-0.738081,2,0,0,0,0,0,0,0,0,0,1,0,0,1,2,-1,0,0,0,0,0,1,0,0,0,0,0,0,2,4,0,0,1,0,0,1,0,0,0,0,0,0,0,-0.376753,0,-1,-0.746809,0,0,1,0,0,0,0,0,0,2,1,1
-1,-1,0,0,0,-1,0,-0.531808,0,0,0,0,0,0,0,0,-0.861745,0,0,0,0,1,0,0,0,0,0,0,1,1,-1,0,0.92316,1,0,0,0,-1,-2,0,1.126072,0,1,-0.76,0,0,0,-1,0,0,0,-1,1,0,0,0,0,2,0,0,1,1,0,0,0,0,0,2,0,0,-1,1,0,-4,0,0,-1,0,0,0,0,0,0,0,0,0,0,-0.566248,0,0,-0.899013,0,0,0,0,1,1,0,0,0,1,1,1
0,0,0,0,0,-3,0,-0.682829,0,0,0,1,-2,2,0,0,-0.706863,0,0,1,0,0,-1,0,0,-1,0,0,0,0,0,0,1.02467,3,0,0,2,0,0,0,1.32258,0,0,-0.497767,1,0,0,0,0,0,1,0,0,0,0,0,0,0,0,0,0,0,0,0,-1,0,0,2,1,2,0,0,1,0,0,0,0,-1,0,0,0,0,0,2,-1,1,-2,-0.366317,0,0,-0.585991,0,0,0,0,0,0,0,1,1,-1,0,1
0,-1,0,1,0,0,0,-0.627125,0,0,0,1,0,0,-1,1,-0.714286,0,0,1,1,0,0,0,0,0,0,0,0,0,-2,0,0.42526,24,0,0,0,0,0,0,1.184247,0,0,-0.451415,1,1,0,1,0,0,-1,0,0,-3,0,0,-1,-3,0,-1,-1,0,0,0,0,-2,0,1,0,0,1,0,2,2,0,0,0,0,0,0,1,1,0,0,1,0,-1,-0.564683,0,0,-0.753573,0,0,0,0,0,0,-1,1,-1,0,0,1
1,0,0,0,1,1,0,-0.622503,0,0,2,1,0,0,0,-1,-0.729513,0,0,0,4,0,0,0,0,0,0,0,0,-1,0,0,0.75868,3,1,0,0,0,1,0,2.985724,0,0,-0.720084,1,0,1,0,0,0,0,-1,0,-1,-1,0,0,0,2,0,0,0,0,0,0,0,0,0,1,0,0,1,1,0,3,0,0,2,0,-1,0,1,0,0,0,0,0,-0.474331,0,0,-0.696714,0,0,0,0,0,1,1,1,0,0,0,1
0,0,0,-1,0,0,0,-0.3815,0,1,1,0,1,0,0,0,-0.529618,0,0,0,0,0,0,0,0,3,0,0,-1,0,0,0,0.65714,3,0,0,2,0,0,0,0.406466,0,0,0.003122,1,0,0,0,1,0,0,0,0,0,0,0,0,0,0,0,1,0,-1,0,1,0,0,0,0,0,0,0,1,0,0,-1,1,0,1,-1,-2,1,0,0,0,0,-1,-0.50662,0,0,-0.798066,0,0,0,0,0,0,0,0,0,0,0,1
0,0,0,0,0,-1,0,-0.386618,0,0,-2,0,0,0,0,0,-0.69437,0,0,-5,0,0,0,0,1,0,-1,0,0,0,0,0,2.21286,6,0,2,0,0,3,0,0.228399,2,0,-0.387599,0,0,0,1,0,0,0,0,0,0,1,0,-2,0,0,0,0,0,0,0,1,0,0,0,1,0,0,0,1,1,0,2,-1,-1,0,0,0,0,0,0,0,-1,0,-0.4,0,-1,-0.845875,0,0,0,0,0,0,0,0,-1,0,0,1
0,0,0,0,0,0,0,1.394982,0,0,-1,-1,-1,0,0,0,-0.524615,0,0,0,1,0,0,0,0,0,0,-2,-1,0,0,0,0.65714,1,0,0,2,0,1,0,0.702475,4,0,-0.708316,0,0,0,0,0,0,0,0,1,-2,0,0,0,0,0,0,0,0,0,1,2,0,1,0,1,1,1,-1,0,0,-2,0,1,1,0,1,0,1,0,-1,0,1,2,-0.376105,0,0,0.223326,0,0,1,-2,0,1,1,0,0,0,0,1
0,0,0,0,0,0,0,-0.666667,1,0,1,1,0,0,-1,-2,-0.550926,0,0,0,0,0,1,0,-3,0,0,2,0,1,0,0,1.75012,12,0,0,1,0,0,0,0.298662,0,0,-0.63542,0,0,0,1,0,0,-1,-1,0,-3,0,0,0,0,-4,0,0,0,0,-3,1,0,0,0,0,0,3,0,0,0,0,0,2,0,0,0,1,-1,0,0,0,0,0,-0.428571,0,0,-0.79661,0,0,2,1,0,1,0,0,0,-1,0,1
0,0,0,-1,0,0,0,-0.617197,0,0,2,0,0,0,0,0,-0.793647,0,0,0,0,0,0,1,0,0,2,0,0,-1,0,0,1.03684,4,-1,0,0,-1,0,0,0.434534,0,0,-0.728791,0,0,1,1,-1,0,-1,0,0,0,0,0,2,0,0,0,0,0,2,1,2,1,0,0,0,-1,0,0,0,0,0,0,-1,0,0,0,0,0,1,0,0,0,0,0.154352,0,0,-0.79661,0,0,0,0,0,0,0,3,0,0,0,1
0,0,0,0,0,0,0,-0.446007,1,0,0,0,2,0,0,0,-0.571429,0,0,0,0,0,3,0,0,0,1,0,2,0,0,0,1.46845,2,1,0,0,0,2,0,0.528033,0,0,-0.07868,0,0,2,0,0,0,1,1,0,-2,0,0,0,0,0,0,0,0,0,0,0,0,0,0,5,0,1,0,0,0,2,0,0,1,0,0,0,0,0,2,0,0,1,-0.10185,0,0,-0.870907,0,-1,0,-1,0,-2,0,1,-1,0,0,1
0,-2,1,0,0,0,-2,-0.339034,0,0,0,0,0,0,0,0,-0.203194,0,0,0,0,0,-1,0,0,0,0,0,0,0,0,0,0.73868,8,0,0,1,1,-1,0,0.874708,0,0,-0.899797,2,0,0,0,0,0,1,0,0,0,0,1,-1,0,1,1,1,0,0,0,0,3,0,1,0,2,3,0,0,0,0,0,0,-2,0,0,0,0,0,0,0,1,1,-0.733333,0,1,-0.663195,0,0,0,0,1,1,0,0,0,1,0,1
0,0,2,0,0,0,0,-0.547188,-2,0,0,0,0,-1,0,0,-0.569413,0,0,0,0,0,1,1,0,0,0,0,0,0,0,-2,1.41066,2,0,0,1,0,0,0,2.529708,0,0,-0.756737,-1,1,0,-1,0,0,-1,1,0,0,-1,1,0,0,0,0,1,0,0,1,-1,0,2,0,0,0,0,0,0,0,0,0,0,0,0,0,1,0,0,0,0,0,0,-0.769635,0,1,-0.852868,0,0,0,0,1,-1,0,0,0,0,0,1
0,-1,0,-1,0,0,0,-0.841346,0,0,0,0,0,0,3,0,-0.793191,0,0,1,0,0,2,0,0,0,0,0,0,4,0,0,2.30489,0,0,1,0,1,0,0,1.365614,-1,-1,-0.684906,-3,0,0,1,0,0,0,0,0,0,0,3,0,0,0,0,1,-1,0,1,0,0,0,-1,-2,1,1,0,1,0,0,-1,0,0,0,-1,0,-1,0,0,0,-1,0,0.977146,0,1,-0.667055,0,0,0,3,1,0,0,0,-2,2,0,1
0,0,0,0,0,5,0,-0.828042,0,0,2,0,0,0,0,0,-0.299958,1,0,0,0,0,0,-1,0,0,0,0,0,2,1,-1,1.43902,5,2,0,0,0,1,0,0.387435,3,0,-0.815385,2,-1,1,2,0,0,0,-1,0,0,0,0,0,0,2,0,0,1,0,0,1,0,0,0,0,0,1,-3,0,0,0,0,0,0,0,0,0,0,0,0,0,0,0,-0.728307,0,0,0.407508,1,0,0,0,0,1,0,0,0,1,1,1
0,0,2,0,-1,0,0,-0.155796,0,0,0,0,0,0,1,0,-0.454545,1,0,0,0,0,0,1,0,0,0,0,0,0,0,0,1.87551,4,0,0,0,0,0,0,0.605788,0,1,-0.80775,0,0,0,0,0,0,0,0,0,0,0,0,0,0,2,1,0,0,-1,0,0,0,0,2,0,0,0,0,0,0,0,0,0,0,0,0,0,0,0,0,0,0,0,-0.73913,0,0,-0.391445,0,1,2,0,0,-2,1,1,1,1,1,1
0,2,0,0,-1,0,0,-0.871894,2,0,1,0,1,0,0,0,0.0995,1,0,0,2,0,1,0,0,0,1,0,0,2,-2,0,3.89321,3,1,0,-4,0,0,0,0.292262,3,0,-0.805094,0,0,0,0,0,0,0,1,0,0,1,1,2,0,0,0,0,0,0,0,1,0,1,1,0,0,0,1,-1,0,0,0,0,-2,-1,0,0,-2,0,0,0,1,0,-0.729401,0,0,-0.632142,0,0,3,0,0,0,0,0,0,1,1,1
1,0,2,0,0,1,0,3.137413,0,-1,0,0,1,0,-1,0,-0.630933,0,1,0,0,0,1,0,0,0,0,0,0,0,0,0,0.83011,11,-1,0,0,0,1,0,0.173913,0,0,-0.679423,0,0,0,0,0,0,0,0,0,0,2,1,0,0,1,-1,0,3,0,-1,0,0,0,0,-2,0,0,0,-1,0,0,0,0,0,-1,0,0,1,0,0,0,0,-1,-0.707526,-1,0,-0.584108,-1,0,0,0,1,0,0,0,2,0,0,1
0,2,-1,0,0,0,-1,-0.588076,0,0,-1,0,0,-1,1,0,-0.63985,0,0,0,0,0,0,-1,0,0,-1,1,0,0,0,0,0.95938,2,0,0,1,0,0,0,0.173913,0,0,-0.739241,0,0,0,0,0,0,0,0,1,0,0,1,0,0,0,0,0,0,0,0,0,0,0,0,0,0,0,0,1,0,1,0,-1,-3,0,0,0,0,0,0,0,0,0,-0.644445,0,0,-0.410134,0,0,0,2,0,0,2,0,0,2,0,1
0,0,0,-1,0,0,0,-0.527598,-1,0,-3,1,0,0,-1,0,-0.709824,0,1,2,0,0,0,0,0,3,0,0,0,0,-2,0,3.22779,4,0,0,0,0,0,0,0.252151,-1,0,-0.618891,0,0,2,0,0,0,1,0,0,0,0,1,1,0,0,0,0,0,-2,-1,0,-1,0,4,1,1,0,0,1,0,1,0,-3,0,0,0,1,1,0,0,0,0,0,-0.807912,0,0,-0.208587,-1,-1,0,0,0,0,0,0,0,1,0,1
0,0,1,0,0,0,0,-0.325204,0,0,0,0,0,-2,1,0,-0.615755,0,1,0,0,0,0,-1,0,1,0,0,0,1,0,0,0.92005,0,0,0,-1,0,-1,0,0.885118,-2,1,-0.565682,0,0,0,0,1,0,-2,0,0,-1,0,0,-1,-1,0,0,0,1,0,0,-2,0,0,0,0,2,1,0,1,0,0,0,0,0,1,0,0,1,0,0,0,0,0,-0.665193,0,-1,-0.689801,0,0,0,-1,3,1,0,1,1,0,0,1
0,0,0,0,2,-2,0,-0.781818,0,0,-1,1,0,0,-1,5,-0.835382,0,0,0,0,0,0,0,0,1,1,0,0,0,1,0,0.79618,0,0,0,0,-1,0,0,0.745075,0,0,-0.579104,0,0,0,0,0,0,0,0,1,-2,0,0,0,-1,0,-1,-1,0,0,0,-1,0,1,-1,0,0,-2,-1,1,0,0,0,-1,4,1,-1,0,0,0,0,0,0,0,-0.098833,0,0,-0.292234,-1,0,0,0,0,0,0,1,1,0,0,1
0,0,0,0,0,0,0,-0.415621,2,0,0,0,0,0,0,1,-0.75136,0,0,1,0,0,0,0,0,2,0,0,0,0,0,1,0.49212,2,0,0,0,0,0,0,0.793103,-1,0,-0.560278,0,0,0,0,0,0,0,0,0,3,0,1,-3,0,0,-1,0,0,0,0,0,0,1,0,0,0,0,0,1,0,0,0,0,1,0,0,0,0,1,-1,0,3,0,1.815181,-1,-1,-0.568321,-2,0,-1,0,0,2,-1,1,0,0,0,1
0,0,-3,2,0,0,0,-0.692308,1,0,0,0,0,0,-1,0,-0.49864,0,0,0,0,0,0,3,1,0,0,0,0,0,1,0,1.84248,5,0,0,0,1,0,0,1.120813,0,0,-0.740376,0,-1,0,-1,0,0,0,0,0,0,0,1,3,0,0,1,0,2,-1,0,0,0,2,0,0,0,-2,1,0,-1,0,0,0,0,0,0,-1,0,0,0,0,0,1,-0.3477,0,-2,-0.798198,0,0,2,0,0,2,0,0,1,1,0,1
0,0,0,1,0,1,-1,-0.692308,0,0,0,1,4,0,-1,3,-0.565532,0,0,0,0,0,0,0,0,0,0,0,-1,0,0,0,3.62282,1,0,0,0,1,1,1,1.06897,0,1,-0.852398,-2,0,0,0,0,0,0,0,0,-1,0,0,1,1,0,1,0,0,0,0,0,0,2,0,0,-1,0,0,0,0,0,0,2,0,0,0,0,0,0,0,0,0,0,-0.809258,0,-1,-0.101458,0,0,0,2,0,0,0,0,1,0,0,1
0,0,0,0,0,0,0,-0.640794,0,0,0,1,3,0,0,0,-0.854428,0,1,1,0,0,0,1,0,1,0,0,-1,-1,0,0,1.80324,4,0,0,0,1,0,0,1.06897,0,1,-0.740841,0,0,0,0,0,0,0,0,0,0,0,0,0,1,0,0,0,-1,0,0,1,0,-1,0,4,0,0,1,0,0,0,0,-1,0,0,0,0,0,0,0,0,2,1,-0.640337,0,-3,0.090613,0,0,0,0,0,0,0,0,1,0,0,1
0,0,0,0,0,0,-1,-0.610466,0,0,0,0,0,1,0,1,-0.478261,0,0,-1,0,0,-1,1,0,0,0,1,0,0,0,0,1.50328,2,0,-1,3,0,0,0,1.209301,0,0,-0.751947,0,1,0,0,0,0,0,0,0,0,1,1,0,-1,3,1,0,0,0,0,0,1,0,0,0,-1,0,0,-2,0,0,0,0,0,0,0,0,1,0,-2,0,1,0,-0.750429,0,0,-0.724946,0,0,-1,0,1,-1,-1,0,0,1,0,1
0,0,0,1,0,0,0,0.343585,0,0,0,-1,0,0,0,0,0.051659,0,0,0,0,-1,0,0,1,0,0,0,0,0,0,0,1.08204,2,0,0,2,0,0,0,0.206686,0,1,-0.7,0,0,0,0,-1,0,0,-1,-1,1,0,0,1,0,-1,0,0,0,0,0,0,2,0,0,0,0,2,0,0,1,0,0,1,0,-1,0,0,0,0,-2,0,0,0,0.051788,3,0,-0.805293,0,1,0,0,0,0,4,0,2,1,0,1
0,0,0,0,0,0,0,-0.538462,0,0,0,0,0,-1,-1,0,-0.345532,0,0,0,0,1,0,0,0,-1,0,0,-1,0,-1,0,1.27186,6,0,0,0,0,0,1,0.288613,1,1,-0.73387,0,0,0,0,0,0,0,0,-2,0,0,2,0,0,0,0,-1,0,-3,0,0,0,-1,0,0,-1,0,0,0,1,0,0,4,0,0,0,0,0,0,0,0,0,0,-0.880165,0,-1,-0.584773,0,0,0,0,0,0,0,0,0,1,0,1
0,0,0,0,0,-1,0,-0.566022,0,0,0,0,0,0,0,0,-0.775001,0,0,0,1,0,1,0,0,0,0,0,0,3,0,0,0.82146,2,0,0,0,2,0,0,0.466167,0,0,-0.586561,-1,0,0,0,-2,0,0,0,0,0,1,0,0,0,-3,2,-3,1,2,0,0,1,0,0,-1,0,0,0,-3,0,0,0,0,0,0,0,0,0,0,0,0,0,0,-0.479255,0,0,-0.582539,1,-1,0,2,0,-1,0,-1,0,1,0,1
0,0,0,1,0,0,-2,-0.733333,0,0,0,1,-2,0,0,0,-0.692308,0,0,0,0,-2,-2,0,0,0,-1,2,0,0,0,0,2.92424,1,0,0,1,1,0,1,3.420156,0,0,0.065294,2,0,0,0,0,0,0,-1,0,2,0,0,-1,0,0,0,0,0,0,1,0,0,0,0,0,0,0,0,0,0,0,0,-3,0,0,0,0,0,0,1,0,0,0,-0.75282,1,0,-0.73567,0,1,1,0,0,1,0,0,3,0,0,1
0,0,0,0,0,0,0,-0.612548,0,0,0,2,2,0,0,3,-0.45482,0,0,0,0,0,-1,-1,-1,1,1,-2,0,1,0,0,0.83028,6,1,0,0,0,0,-1,3.607264,3,0,-0.582549,0,0,0,0,0,0,1,0,1,0,0,0,0,0,-3,0,0,1,0,0,1,0,0,0,0,1,2,0,0,0,0,0,0,0,0,0,1,0,0,1,0,-1,0,-0.589137,0,0,-0.553666,0,0,0,0,0,0,0,1,1,0,0,1
0,0,0,0,0,0,0,-0.45556,0,0,0,0,0,0,-1,0,-0.603114,0,0,1,0,0,0,-2,0,0,0,5,0,0,-4,0,1.19881,1,0,0,1,0,-1,0,0.816434,1,-1,-0.629664,-2,0,0,0,1,0,0,0,0,0,-1,1,0,2,0,0,0,0,0,0,1,0,0,-1,0,1,1,-1,-1,1,-2,0,0,0,0,0,0,-1,0,0,0,0,0,-0.656075,-1,0,-0.799586,0,0,1,0,0,0,0,0,0,0,0,1
0,0,0,-1,0,1,0,-0.575492,0,0,0,0,0,0,0,0,-0.629644,0,0,1,0,0,0,0,-2,0,0,-1,0,0,0,-1,1.09548,2,0,0,0,0,1,0,1.660337,1,0,-0.650418,-1,-1,0,0,0,1,1,0,0,0,0,0,0,-1,-2,0,0,0,0,0,3,0,-1,0,0,0,-1,-2,1,0,-1,0,0,-2,0,0,0,0,-2,0,0,-2,0,1.109451,0,0,-0.371875,-2,0,0,-2,0,0,0,0,0,0,0,1
0,0,0,3,0,0,0,-0.729693,0,0,1,1,0,1,0,2,-0.598646,0,0,1,0,0,0,-1,-1,0,-1,1,0,0,0,0,1.11352,13,0,0,0,0,0,0,1.308069,2,0,-0.544386,0,0,0,1,0,0,0,0,0,0,0,0,0,0,0,0,0,0,0,0,-1,0,0,-1,-1,0,0,-1,0,0,0,0,0,0,0,0,0,0,0,-1,1,-2,0,0.547124,0,0,-0.576391,1,1,0,0,0,0,0,0,1,0,0,1
1,0,1,0,-1,0,1,-0.701677,1,0,0,0,0,0,0,0,-0.440657,0,-2,-1,0,0,0,0,0,1,0,0,0,3,1,0,0.87817,0,0,0,0,0,0,0,0.25,0,1,-0.557464,-2,1,1,0,2,0,0,2,-2,0,1,0,0,0,1,-1,0,0,-2,0,0,0,1,0,1,-2,3,0,0,0,2,0,-1,2,1,2,0,0,1,0,0,0,0,-0.773585,-1,0,-0.792241,0,0,1,0,-1,-1,1,0,-1,0,0,1
0,-1,1,-3,0,0,0,-0.692308,0,0,3,0,0,0,1,0,-0.754224,1,0,0,0,0,0,0,0,0,0,0,3,0,0,0,1.51052,0,0,0,1,-2,0,0,1.105367,0,1,-0.64898,0,1,1,0,1,0,-4,0,0,0,0,2,0,0,1,0,0,2,0,0,0,0,0,0,0,0,0,0,0,0,0,0,2,0,0,1,0,0,0,-1,0,2,0,-0.773585,0,0,-0.737929,0,0,0,1,0,0,-1,0,0,0,0,1
0,0,1,0,0,0,1,-0.549651,1,1,0,0,0,0,0,-1,-0.687958,0,1,1,0,0,1,0,-2,0,0,0,1,-2,0,0,2.11209,0,1,0,4,0,-1,0,1.374395,-4,1,1.976653,3,4,1,-1,1,0,0,0,0,0,0,1,1,0,1,0,1,0,0,0,1,0,0,0,0,-1,0,0,0,1,2,0,1,1,0,1,-2,-1,0,0,0,5,0,-0.574829,0,0,-0.747017,0,0,0,0,1,0,0,0,0,0,0,1
0,0,-2,0,0,0,0,-0.484614,0,0,0,0,0,0,0,0,-0.692155,0,0,0,0,0,2,0,0,0,1,0,0,0,0,0,1.18817,5,1,0,0,0,0,0,1.22857,0,0,-0.469811,0,0,0,0,-1,1,0,0,0,0,1,0,0,0,-2,0,0,0,0,0,0,0,0,2,-1,0,0,-1,0,1,0,0,1,-1,-1,0,0,0,0,0,0,1,0,1.7907,0,0,-0.612903,0,0,0,0,0,0,0,0,-2,0,1,1
0,0,0,0,0,0,-2,-0.724203,0,0,0,0,0,0,0,1,0.348395,0,0,0,-1,0,0,1,0,0,1,0,0,3,0,0,1.08695,1,0,0,2,0,0,0,2.338514,1,1,-0.607484,0,-1,0,0,-1,0,0,0,0,2,0,0,0,0,0,0,1,0,0,0,0,2,0,0,0,0,0,0,0,2,0,0,3,-1,-1,0,0,1,2,4,-2,0,-2,2.184316,0,0,-0.73625,3,0,0,1,1,0,0,-1,0,-3,1,1
0,0,0,0,0,0,0,-0.662703,0,0,0,0,0,-1,0,0,-0.808243,0,0,0,0,-3,1,0,0,0,1,0,0,0,0,0,1.60929,7,0,0,0,0,0,0,2.130551,-1,2,-0.719609,1,0,0,0,1,0,1,0,0,1,0,0,0,0,0,0,0,1,0,0,0,0,1,-1,0,0,0,0,0,0,2,0,0,-3,0,0,0,1,0,3,0,0,0,3.021584,0,0,-0.627849,0,0,0,0,-1,0,-1,0,-1,0,1,1
0,0,0,1,0,0,-3,-0.748537,0,0,0,0,-2,0,0,0,-0.451792,0,1,0,1,0,2,0,0,0,0,0,0,0,0,0,1.14884,2,0,0,4,0,0,0,2.298536,0,0,-0.569558,0,0,0,0,0,0,0,0,1,0,0,0,0,0,2,0,0,1,0,1,1,-1,0,-1,1,-1,0,0,0,0,0,0,0,-1,0,1,0,0,0,0,0,0,0,-0.160348,0,0,-0.688366,2,0,0,0,0,0,0,-2,0,1,0,1
0,0,-1,0,0,0,0,-0.73973,0,0,0,0,0,0,0,6,0.68684,-1,1,0,-2,-1,0,-2,0,-1,0,0,0,0,-1,0,0.91429,6,0,0,1,0,0,0,1.593054,2,0,-0.848702,0,0,0,0,0,0,0,0,1,-1,-1,0,3,0,1,-2,0,0,3,1,0,0,1,0,0,1,1,-1,1,6,4,0,0,0,0,1,0,0,-1,0,0,1,0,-0.47896,-1,0,-0.678547,-1,0,0,0,0,0,0,0,1,0,0,1
0,2,0,0,0,-2,0,-0.72093,0,0,0,0,0,0,2,2,-0.755102,-1,1,-8,0,0,0,0,0,1,-1,0,0,0,2,0,1.41216,3,0,0,1,1,0,1,2.53125,0,0,-0.573198,2,0,0,0,0,0,0,0,1,0,0,0,-1,0,1,0,0,0,0,0,0,0,0,1,0,-1,1,0,1,2,0,0,0,0,0,0,0,0,0,0,0,0,0,-0.645702,0,0,-0.77643,0,0,-1,0,1,0,3,2,1,2,0,1
0,0,-2,0,0,0,-1,-0.809524,0,0,0,0,0,0,0,3,-0.633451,0,0,0,0,0,0,0,0,-1,0,3,0,0,2,0,1.61021,7,0,0,0,1,0,-1,1.105602,-2,0,0.76364,-2,0,0,0,0,0,0,0,0,0,0,0,1,1,0,2,0,-1,1,-1,3,3,0,-1,0,0,0,0,1,-2,-1,0,0,0,1,0,0,-1,0,0,0,0,0,-0.502579,0,0,-0.471496,0,0,0,0,0,0,0,0,0,1,1,1
0,0,-2,0,0,-4,-1,-0.677887,0,0,0,0,0,0,0,0,-0.769831,0,1,0,0,0,0,0,0,0,0,0,0,0,2,0,1.46847,4,0,0,0,0,1,0,1.13043,0,0,-0.585018,0,0,-3,0,0,0,0,0,0,0,0,0,1,0,0,0,0,0,0,0,0,1,0,0,0,0,0,0,1,0,2,1,-1,0,0,0,1,0,0,0,0,0,0,-0.482051,0,0,-0.887751,0,0,2,0,2,2,-1,0,0,1,1,1
0,1,0,1,0,0,0,-0.805348,0,0,-2,0,0,0,0,0,-0.704521,0,0,1,1,1,1,-2,0,0,0,0,0,2,0,0,2.75184,2,0,0,-2,0,0,0,1.665008,-1,1,-0.58094,-5,-1,0,0,-1,0,-1,0,0,0,0,0,-1,0,0,0,0,0,0,0,0,1,0,0,0,0,-3,0,1,0,0,0,-4,0,0,0,-1,-1,0,0,0,0,0,-0.573561,2,-2,-0.794265,0,0,0,0,0,0,0,0,2,0,1,1
0,4,1,1,-1,0,0,-0.789324,0,0,0,0,0,0,0,1,-0.714215,0,0,0,0,0,0,0,2,0,-1,1,0,0,0,1,0.74467,0,0,0,0,0,1,0,2.612273,0,2,3.904173,0,0,0,0,0,0,0,0,-1,-1,1,0,5,0,0,0,0,0,-1,0,0,2,-1,0,1,0,2,0,1,0,0,-1,0,0,0,0,0,0,0,-1,0,-1,2,-0.613141,0,0,-0.8125,0,0,0,0,0,0,0,1,0,0,0,1
0,0,0,-1,0,4,-1,-0.676315,0,-1,0,0,0,-2,1,1,-0.847479,0,0,1,1,0,1,3,0,0,0,0,0,-6,-1,0,0.76942,8,0,0,-1,0,1,0,0.97354,-1,0,-0.823754,0,-1,0,0,0,0,1,0,-2,0,2,0,0,-1,0,0,0,0,-2,0,0,0,0,0,0,0,0,0,0,0,0,0,1,0,0,0,0,0,0,0,0,0,0,-0.758107,0,0,-0.729626,0,0,1,0,0,0,1,0,0,0,0,1
0,0,0,0,0,0,0,-0.788023,0,0,0,1,0,2,2,-1,-0.395975,0,0,1,0,0,0,0,0,2,0,0,0,0,0,0,1.12208,2,0,0,0,0,1,0,0.267656,4,0,-0.347379,0,0,-1,0,0,0,1,0,0,0,0,1,3,0,0,1,0,0,-1,0,0,0,-1,2,1,0,1,0,0,0,0,0,0,-1,-1,0,0,-1,0,-1,0,0,0,-0.626098,0,0,-0.8125,0,0,2,0,0,0,0,0,0,0,0,1
0,3,0,1,0,3,0,-0.898788,0,1,0,0,1,0,1,0,-0.613075,0,0,2,0,0,0,0,0,0,1,-3,0,0,2,0,3.49003,1,0,3,0,0,0,0,0.246131,0,0,-0.503642,0,0,0,-1,0,0,0,0,1,0,0,0,1,0,2,0,1,0,0,0,2,-1,0,0,0,0,0,0,2,0,0,0,0,0,0,0,0,0,-1,2,0,0,0,-0.657143,0,0,-0.719868,0,0,1,0,0,1,1,1,1,6,0,1
0,0,1,1,0,0,0,-0.443813,-1,0,0,0,0,0,0,0,0.108487,0,0,0,0,0,0,0,-1,0,1,0,0,0,0,0,0.48356,5,-1,0,0,0,0,0,0.61616,0,0,0.111887,1,-2,0,0,2,0,0,1,0,-1,1,0,0,-1,2,0,0,0,0,-2,1,0,0,0,0,0,1,0,0,0,0,0,0,0,0,3,0,0,0,0,0,0,0,-0.767066,0,1,-0.789474,0,1,-1,0,0,1,1,0,0,0,0,1
1,-1,0,1,0,0,0,-0.844093,0,0,3,0,2,0,0,0,-0.52043,0,0,0,0,-1,0,0,0,2,1,1,0,0,0,-1,1.2,0,0,0,0,2,0,1,1.679293,1,-1,-0.714286,0,0,1,0,-1,0,0,0,0,2,1,0,0,0,-1,-1,0,1,0,0,1,0,0,0,0,0,0,1,1,0,2,0,0,0,0,1,1,0,1,2,0,0,0,-0.793237,0,1,0.058628,0,0,1,0,0,1,0,0,0,1,0,1
0,0,2,0,-2,0,0,-0.219654,1,0,0,1,0,0,0,0,-0.656074,0,0,-1,0,0,0,0,0,-2,0,0,0,0,0,0,1.07691,4,0,0,0,0,0,0,0.871795,-1,0,-0.679757,-2,0,0,0,1,0,0,0,1,0,0,2,0,0,-1,-1,0,0,0,0,1,0,0,0,0,0,-2,-1,0,0,0,0,-2,0,0,0,0,0,0,1,0,0,0,-0.692308,1,0,-0.52832,0,0,1,0,0,0,0,1,1,0,1,1
0,-1,-2,1,0,0,2,-0.634436,1,0,-1,-2,0,0,1,0,-0.645877,1,0,0,0,0,0,0,0,0,0,0,0,1,-1,0,1.13364,0,0,0,0,1,0,1,0.871795,0,1,-0.703983,0,0,0,0,1,0,0,0,0,-1,0,0,-2,0,0,0,0,-1,0,-1,0,0,0,0,3,0,0,-1,0,0,0,0,0,0,0,0,0,2,0,0,0,-1,1,0.727305,0,0,-0.538346,0,0,1,0,0,0,1,0,0,3,1,1
0,-1,0,4,0,0,-1,0.101299,0,0,0,2,0,0,0,0,0.55012,0,0,-1,0,0,0,0,0,0,-1,0,0,3,0,0,1.01584,2,0,0,0,0,0,0,0.99898,-2,0,-0.699429,0,0,0,1,0,0,0,0,0,-1,0,0,0,0,0,0,0,0,-1,0,0,0,0,0,2,0,0,0,0,0,0,0,0,0,0,0,-1,-1,0,0,0,0,0,-0.091684,0,-1,-0.577257,0,0,0,-1,0,0,0,0,1,0,1,1
0,-1,0,0,0,0,-2,-0.689856,-1,0,0,0,0,0,0,3,-0.455253,0,-1,1,1,0,0,0,0,0,0,0,-1,0,-2,0,0.88571,4,1,0,-1,0,1,0,0.76577,0,0,-0.520515,0,0,0,0,-1,0,0,0,0,0,0,0,0,0,0,0,0,0,1,0,0,0,2,1,0,0,0,0,1,0,0,0,0,0,0,0,-1,-1,0,0,0,0,0,-0.557594,0,0,-0.4,0,0,1,0,0,0,0,0,0,0,0,1
0,2,0,0,0,0,0,-0.765733,0,0,0,0,0,0,1,0,-0.500605,0,0,0,0,0,0,0,0,0,0,0,1,0,-1,0,0.88571,5,3,0,0,0,1,0,0.215172,0,1,-0.416965,0,0,-1,0,0,0,0,0,0,-1,0,0,-4,0,0,-2,-1,0,0,1,0,1,0,0,0,0,0,1,1,0,0,0,1,-1,0,0,0,-1,0,1,0,0,1,-0.860597,0,0,-0.488029,0,0,0,0,0,0,-1,0,0,0,0,1
0,0,0,0,0,-1,1,-0.741521,0,0,0,0,-1,0,0,0,-0.678667,0,0,1,1,0,2,0,0,0,0,0,1,0,0,-1,0.7172,4,0,0,-1,-1,0,2,0.967277,0,0,-0.195899,0,1,0,0,0,-3,0,0,0,0,0,0,-3,0,1,0,0,0,1,0,0,0,0,-1,0,2,0,0,1,0,0,0,1,0,0,0,0,0,0,1,0,0,0,-0.461639,0,1,-0.559475,0,0,1,0,0,0,0,0,0,-1,0,1
0,0,0,1,0,0,0,-0.689683,-1,0,0,0,0,0,2,0,-0.465757,-2,0,0,0,1,0,0,0,0,0,0,0,0,2,0,1.13068,4,0,-1,0,0,0,0,1.222228,0,1,-0.689119,-2,1,0,0,0,0,0,0,0,0,0,0,0,1,-2,-2,1,0,0,0,0,0,0,0,-1,0,-2,0,1,1,0,0,0,1,0,0,0,0,0,1,0,0,-1,-0.657143,0,0,-0.647059,-1,0,3,0,-1,2,0,0,0,0,0,1
0,0,0,1,0,1,0,-0.669328,0,-1,0,0,0,0,0,1,-0.705073,0,0,0,0,0,0,2,0,0,0,0,-1,0,0,0,1.44931,0,0,0,0,0,0,0,1.066587,-3,-1,-0.434525,0,0,0,0,1,-2,0,0,0,0,1,-1,0,0,0,0,0,0,-2,1,0,1,0,0,0,0,0,0,0,-1,0,0,0,0,-1,0,0,0,0,0,0,0,0,-0.389898,0,0,-0.615983,0,0,-1,0,0,0,0,1,2,0,0,1
0,-1,0,1,0,2,0,-0.707249,0,0,0,0,0,0,0,0,-0.827008,0,0,0,0,1,0,-2,0,0,0,0,0,1,0,0,1.39618,2,-1,0,1,0,0,-1,0.275,-2,1,-0.863612,0,1,0,0,0,0,2,0,0,-1,0,-1,-1,0,0,0,0,3,-1,0,0,1,0,0,-1,0,-1,0,0,0,-1,0,0,0,0,0,0,0,0,0,0,1,0,-0.711812,0,0,-0.488468,0,0,0,0,0,0,0,1,1,0,0,1
0,-1,3,0,0,0,0,-0.858824,0,0,0,0,2,1,-2,1,-0.489733,0,0,0,0,1,0,0,0,1,0,0,0,0,1,0,1.10389,1,0,0,0,0,0,1,0.347354,0,0,-0.773714,0,0,-1,0,0,0,1,0,-1,0,1,0,0,0,0,0,0,1,-1,0,0,0,0,0,-2,0,0,0,1,6,0,0,1,1,0,1,0,0,0,0,0,0,0,-0.514415,0,0,-0.148677,1,0,2,0,0,0,0,0,0,0,0,1
0,0,0,0,0,-1,0,-0.784187,-1,0,0,0,1,-1,0,0,-0.598762,1,1,1,0,0,0,-2,0,1,0,0,0,-4,0,0,0.94272,6,0,0,0,1,0,0,0.95,0,0,-0.749417,-1,0,0,0,0,0,0,0,0,0,1,0,0,0,-4,0,0,0,0,0,0,0,-3,0,2,0,-2,0,0,0,0,0,0,0,0,-3,0,0,0,0,0,0,0,-0.05335,1,0,0.213728,0,0,2,0,0,0,1,0,0,1,0,1
1,0,0,0,0,0,0,-0.858824,0,0,-1,0,0,0,0,3,-0.670887,1,1,0,0,2,0,3,0,1,0,0,0,0,0,0,2.5734,0,0,0,0,1,0,0,1.066126,2,-1,-0.848582,-1,0,0,0,0,0,0,0,1,0,0,0,2,0,0,0,0,1,0,0,0,0,0,3,0,0,0,0,0,0,0,0,0,3,0,0,0,-1,0,0,0,1,0,-0.790983,0,0,-0.792288,0,0,5,0,0,0,0,0,0,0,0,1
-1,3,0,1,0,-2,0,-0.331103,0,0,0,-1,0,-1,0,0,-0.80964,0,0,0,0,0,0,0,0,-2,0,0,1,0,0,1,1.07974,2,0,1,0,0,1,0,1.307199,0,-4,-0.636801,0,2,0,0,-2,0,-2,0,0,0,1,0,1,0,0,1,0,3,0,0,0,-1,0,0,4,1,0,0,4,1,0,0,2,0,0,0,0,1,0,0,1,0,0,0.219913,-1,0,-0.661582,0,0,1,0,0,0,0,0,0,0,0,1
0,0,1,1,-1,0,0,-0.785714,0,0,0,0,0,0,0,0,-0.789474,0,0,2,0,0,0,0,1,0,0,0,1,0,0,0,0.7589,0,0,0,1,0,1,0,0.952474,0,0,-0.603918,0,0,1,0,0,0,0,0,0,0,0,0,1,0,-1,2,0,-1,0,0,0,0,1,0,0,0,-1,0,0,1,0,0,0,-1,0,0,0,0,0,0,0,0,0,2.08323,0,0,-0.302505,0,0,0,-1,0,0,0,0,0,0,0,1
0,0,0,1,0,0,0,-0.669023,0,-1,0,0,0,0,1,1,-0.287632,0,1,0,1,-2,0,0,0,-1,0,-1,-1,0,0,0,0.9825,21,0,0,0,1,1,0,0.625,0,0,-0.641846,0,0,-1,0,0,0,0,0,0,0,-2,1,0,0,3,0,0,-1,0,1,0,-1,0,0,0,-1,0,0,1,0,0,0,0,0,0,0,0,1,0,-2,1,0,0,-0.304553,0,-1,-0.50474,0,0,0,0,0,0,0,0,0,1,0,1
0,-1,0,0,0,0,0,-0.754819,1,0,0,0,0,0,0,2,-0.444981,0,0,0,0,0,0,0,0,0,-1,0,5,0,-2,0,2.38792,3,0,0,0,0,0,0,0.435221,2,2,-0.689487,0,0,0,0,2,0,0,1,2,0,0,0,0,0,-1,0,0,0,0,1,0,0,0,1,1,1,0,0,0,-3,0,0,0,0,0,0,0,0,0,0,0,0,0,-0.665307,0,0,-0.760117,0,0,0,0,0,0,0,0,0,1,1,1
0,0,-1,0,0,0,0,-0.644213,0,0,-2,0,-1,1,0,0,-0.593615,0,0,1,0,0,0,2,1,0,0,2,0,0,0,0,1.67192,12,-1,0,0,0,1,0,0.352453,0,1,-0.76,-5,1,-1,0,0,0,1,0,0,1,1,0,0,1,0,0,0,0,-1,0,0,0,0,-1,0,0,0,0,2,0,0,0,0,0,0,1,0,1,1,0,0,0,0,-0.681352,0,0,-0.768092,0,0,0,0,0,0,0,0,0,-1,1,1
0,0,0,0,1,0,0,-0.561355,0,0,0,0,1,0,0,0,0.038854,0,0,1,0,0,0,0,0,0,-1,0,0,2,0,0,0.62851,2,0,1,1,0,0,0,0.440193,-1,0,-0.761279,0,0,0,0,0,0,-1,0,0,0,0,1,0,0,0,1,0,0,0,0,0,0,0,0,0,0,0,0,0,1,-2,0,0,0,0,1,0,0,1,-4,0,0,0,-0.671002,0,0,-0.699602,0,0,0,0,0,2,0,0,0,2,1,1
0,0,0,0,0,0,0,-0.717891,0,0,0,0,0,0,0,0,-0.704147,0,0,0,0,0,0,0,1,0,0,2,6,0,0,0,2.72061,3,0,0,0,1,0,0,2.316849,0,1,-0.81805,1,0,1,0,-1,0,0,0,1,0,0,1,0,-1,-1,1,0,0,1,0,0,0,0,0,2,0,0,2,0,1,0,0,0,0,0,0,1,0,0,0,0,0,0,-0.696424,0,0,-0.699483,2,0,0,1,0,0,1,0,0,0,1,1
0,1,0,0,2,2,0,-0.73536,0,0,0,0,1,0,0,0,-0.333625,0,0,0,0,0,0,0,1,1,1,0,0,0,0,0,3.08571,0,0,0,0,2,1,1,1.505082,0,-1,-0.754361,2,0,0,0,1,0,-1,0,0,1,-2,0,0,0,0,0,1,0,1,0,0,0,0,0,0,-1,0,0,3,0,0,0,0,1,0,0,0,2,0,-2,0,0,1,-0.535301,0,1,-0.419134,2,-1,-4,1,0,0,0,0,0,1,1,1
0,-1,0,0,0,0,0,-0.88341,1,0,2,0,-1,0,0,0,-0.805583,0,0,0,0,0,3,-1,-1,1,0,0,0,0,0,0,3.66507,3,0,0,0,0,1,1,1.117469,0,0,-0.888889,0,0,0,0,0,0,1,0,0,1,0,0,0,-1,0,0,-2,-1,1,0,3,0,1,0,0,0,1,0,-1,0,0,1,1,1,0,-2,0,0,0,0,0,0,1,-0.714286,0,0,-0.852397,1,0,0,1,0,0,0,0,0,1,1,1
0,2,0,1,0,0,0,1.352487,1,0,-1,0,1,0,0,0,-0.759543,1,0,0,0,1,0,0,-1,1,0,0,2,0,1,0,1.26129,2,0,0,0,1,0,0,1.54154,0,0,-0.837822,0,0,1,0,0,0,0,0,0,0,0,0,0,0,0,1,0,1,0,0,1,2,1,1,0,0,-1,0,0,0,0,0,0,0,0,0,0,0,0,-1,0,1,0,-0.735809,0,0,-0.567561,0,0,4,-1,0,-4,1,1,0,0,1,1
0,0,-1,0,0,4,0,-0.359338,0,0,0,0,0,0,0,0,-0.781818,0,0,0,1,0,0,0,0,-1,0,2,0,0,1,1,1.08497,3,0,0,0,0,0,1,0.869381,0,1,-0.772825,1,0,0,0,0,0,0,0,0,0,0,0,-2,2,0,-2,0,0,0,0,0,1,0,-1,0,1,0,0,0,0,0,0,0,-2,1,0,0,0,0,0,0,0,0,-0.873142,0,0,-0.778939,0,0,0,1,1,-1,0,0,0,0,1,1
0,0,0,0,0,-1,1,-0.516334,2,1,1,0,0,2,0,0,-0.703798,0,0,1,0,0,0,0,0,0,0,0,0,0,1,0,1.17339,5,0,1,0,0,0,0,1.421577,0,2,-0.762848,1,2,0,0,0,0,0,0,0,0,1,0,0,1,0,0,0,1,0,0,0,0,1,-1,0,0,0,0,0,5,0,0,0,-1,0,0,1,0,0,0,-1,0,0,-0.671817,0,-1,-0.8128,0,0,0,0,0,0,0,3,0,-1,1,1
0,-1,0,0,0,1,0,-0.747839,0,0,0,1,0,0,-1,0,-0.602684,0,0,1,4,0,0,0,1,0,0,0,0,3,0,0,0.48064,14,0,0,0,1,0,1,2.83154,0,0,-0.733333,0,0,0,0,-1,-1,0,0,0,-3,0,0,-1,1,1,0,0,0,3,-1,0,0,1,0,2,1,1,0,0,0,0,0,0,0,0,1,0,-2,0,0,0,-1,-1,-0.7,0,1,-0.437078,0,0,0,0,0,1,-1,0,1,0,1,1
0,0,-2,0,0,1,0,-0.64061,3,0,0,-2,0,1,-1,0,-0.524538,0,0,0,0,-1,0,2,1,1,0,0,0,0,0,0,2.41993,10,0,0,0,0,0,0,0.466667,2,-1,-0.817811,-1,0,0,0,0,-3,1,-2,0,0,0,1,0,-1,0,2,0,0,0,0,0,0,0,0,2,-1,1,-3,-1,0,0,1,0,0,0,0,0,2,-1,0,0,0,1,-0.317779,0,0,-0.500589,0,0,-1,0,0,1,0,1,0,1,1,1
0,0,0,-1,0,0,0,-0.900949,0,-2,-2,0,0,0,0,0,-0.716912,0,0,3,0,0,0,0,0,1,0,0,0,0,0,0,3.55499,6,0,0,0,0,0,0,0.640752,0,0,3.139448,-1,0,0,0,0,0,0,0,0,1,0,0,-4,0,0,0,0,0,0,0,-3,-1,0,0,0,0,1,0,-1,2,0,0,-1,-2,0,2,0,0,0,0,0,0,0,-0.334699,0,0,-0.642018,0,0,0,0,0,0,1,-4,0,0,1,1
0,0,-2,1,0,0,0,-0.693846,1,0,0,1,0,0,0,0,0.58558,0,0,0,0,0,0,2,0,0,0,0,0,0,0,0,1.73541,4,0,0,1,1,0,0,1.349068,0,1,-0.769668,-1,0,-1,0,0,-1,0,-1,0,0,-1,0,0,0,0,0,0,0,2,0,0,0,0,0,-1,0,2,1,0,2,0,0,0,1,0,0,0,1,1,0,0,0,0,-0.793267,0,0,-0.29058,3,0,2,0,0,0,0,0,0,0,1,1
0,0,-1,0,0,1,0,-0.669,1,0,0,1,0,4,0,0,-0.41472,-1,1,0,0,2,0,0,1,0,0,1,0,0,4,0,1.79262,15,1,1,0,0,0,0,1.268486,0,1,-0.865554,0,0,0,0,0,1,0,1,1,0,0,-1,1,0,0,2,0,0,1,1,0,0,3,0,0,2,0,1,0,-3,0,0,1,3,1,1,-1,0,-2,0,0,0,0,0.02347,0,0,-0.783582,0,0,0,0,0,0,0,0,2,0,1,1
0,1,0,1,0,0,0,-0.737571,1,0,0,1,-1,0,0,0,-0.234428,0,0,0,0,0,0,-1,0,-1,0,0,0,3,-1,0,1.63786,3,0,0,1,1,0,1,1.524665,-1,1,-0.777855,1,0,0,2,0,0,0,0,0,0,0,0,0,0,0,0,0,0,0,1,0,0,0,0,4,0,0,0,0,-1,0,0,0,1,0,0,0,0,0,0,0,0,0,-0.624397,0,0,-0.627913,0,0,0,0,0,0,0,2,0,0,1,1
0,0,0,1,0,0,0,-0.12151,0,0,0,1,0,0,0,2,-0.742685,0,0,1,1,0,0,0,0,0,0,0,0,0,0,-1,1.85714,9,0,0,1,-1,0,-1,0.837663,0,0,-0.808168,1,0,0,0,0,0,0,0,0,0,0,0,0,0,-1,0,0,0,0,1,0,2,0,0,0,0,0,1,0,0,0,0,0,0,0,0,0,0,0,0,0,1,1,-0.558572,0,0,-0.793103,0,0,0,0,0,1,0,2,1,0,0,1
0,0,0,1,0,0,1,-0.846154,0,0,0,0,0,-1,0,0,0.316555,0,1,-1,1,0,0,1,0,0,0,0,0,0,0,0,1.85714,8,1,0,1,0,1,0,0.865601,0,0,-0.654752,0,0,0,0,0,0,0,0,0,0,1,0,0,0,0,0,0,0,0,0,0,0,1,0,0,0,0,1,0,0,0,0,-1,0,-2,0,0,0,0,0,0,1,1,-0.745591,0,1,-0.591297,0,0,0,0,0,2,0,1,0,1,0,1
0,-1,0,1,-1,0,0,-0.846154,0,0,2,1,0,0,3,2,-0.499299,0,0,1,0,-1,0,2,0,0,0,2,0,0,0,0,2.23275,6,0,0,1,0,0,0,0.875108,0,0,-0.813596,0,1,0,1,0,0,0,0,0,0,1,0,0,0,0,0,0,0,0,1,0,0,0,0,0,0,0,1,-2,2,0,0,0,2,1,-2,0,-1,0,1,0,1,1,-0.613008,0,0,-0.746329,0,0,0,0,0,1,0,1,0,3,0,1
1,0,1,0,0,0,0,-0.829392,0,0,1,0,-1,0,0,-1,-0.729616,0,0,0,0,0,0,0,0,1,0,-3,-1,-2,1,0,1.34286,3,1,0,1,0,0,0,1.595785,0,0,-0.753307,0,-1,0,0,0,0,0,2,0,-4,0,0,0,0,1,0,0,0,1,0,1,0,0,0,-1,-1,1,0,1,1,0,1,-1,0,1,0,1,2,0,0,0,0,0,-0.783272,-1,0,-0.530888,-2,0,1,0,1,0,0,0,0,0,0,1
0,2,1,0,0,-1,1,-0.75,0,0,0,0,0,0,1,0,-0.820896,-1,0,0,1,1,0,0,0,1,0,-1,2,0,0,0,1.32414,7,0,0,0,2,0,-1,0.456665,0,1,-0.740349,3,1,0,0,0,0,0,0,0,0,1,1,0,-1,1,0,1,0,0,0,0,0,0,0,0,0,0,0,0,2,-1,0,0,-2,1,0,2,0,0,0,1,0,0,-0.550826,0,0,-0.681691,-1,0,0,0,0,1,0,0,0,-1,0,1
0,0,1,2,1,0,0,-0.486844,0,0,1,0,0,0,0,0,-0.906378,0,0,2,1,0,0,0,0,0,0,0,0,-2,0,0,2.29445,10,1,3,1,-1,0,0,0.945769,0,-1,2.510966,1,1,2,0,0,0,0,0,1,0,0,0,0,0,1,0,0,0,1,0,0,0,-1,2,0,0,0,-1,1,0,-2,1,0,2,1,0,0,0,0,0,0,1,0,-0.820769,0,0,-0.796671,0,0,0,0,2,0,-1,0,-1,-3,0,1
0,0,0,0,0,0,0,-0.754557,0,0,0,0,0,0,0,0,-0.391319,0,1,0,0,-1,0,1,0,-1,0,2,0,0,0,0,1.83783,1,0,0,-1,0,0,0,1.846734,0,1,-0.604633,0,0,0,0,1,0,-1,0,0,0,0,0,2,-2,0,2,0,0,-4,-1,0,0,0,0,0,0,1,0,0,0,0,2,-1,1,1,0,0,0,2,0,0,-1,0,-0.319472,0,0,-0.451461,0,0,0,0,0,0,0,1,3,1,1,1
0,0,0,0,0,0,0,-0.707317,1,0,1,0,0,0,0,0,-0.103524,0,1,0,0,0,0,0,0,0,0,0,2,0,1,0,1.33784,9,0,0,2,0,2,0,1.805584,-2,0,-0.765344,0,0,1,0,1,0,0,0,0,-2,0,1,6,0,0,0,0,0,0,0,0,0,0,-2,0,0,1,0,0,3,0,1,-1,-2,1,0,2,0,0,0,0,-1,0,-0.587475,0,3,-0.085706,-1,0,-1,0,0,0,2,0,0,0,1,1
0,0,0,-1,0,1,0,-0.700734,1,1,0,0,0,0,0,0,-0.349435,0,1,0,0,0,0,1,0,0,0,0,4,4,1,0,0.8768,13,-1,0,1,2,0,0,1.50605,2,0,-0.755102,0,0,0,0,2,0,0,0,1,0,0,0,2,0,0,0,0,0,0,-1,0,-2,1,0,0,0,1,0,0,0,0,0,0,0,0,0,0,0,0,0,0,3,0,-0.653454,0,0,-0.630019,0,0,0,-1,0,0,0,1,0,0,1,1
0,0,-1,-1,0,0,2,-0.468313,0,0,0,0,0,0,0,0,-0.70378,0,0,1,1,0,-1,1,0,2,-1,3,0,0,1,0,1.39633,7,-1,0,0,0,1,0,0.586461,0,-1,-0.699894,0,2,0,0,0,1,0,0,0,0,0,0,0,0,0,0,0,0,0,0,1,0,0,0,0,0,-2,-1,3,0,0,0,1,0,0,0,0,0,0,2,0,0,0,-0.428571,0,0,-0.858333,0,0,0,0,0,-3,0,0,0,0,1,1
0,1,0,0,0,0,0,-0.633836,0,0,2,0,0,0,-1,0,-0.749576,0,1,3,0,-1,0,0,-1,0,0,0,0,0,1,0,1.64162,11,1,4,0,1,-2,0,0.958156,3,0,-0.779093,0,0,0,0,0,-1,0,0,0,0,0,0,0,0,0,0,0,0,0,0,3,0,0,-2,2,0,-1,0,1,0,0,0,0,2,0,0,0,-1,0,0,1,0,0,0.401571,0,0,-0.754595,-1,1,0,0,0,0,0,0,0,0,1,1
0,0,0,0,0,4,0,-0.601744,0,0,0,0,-1,0,1,0,-0.567424,0,0,0,4,0,2,0,1,-1,1,0,0,0,0,0,2.52074,8,-1,0,1,1,0,0,0.923883,0,0,-0.495798,0,0,0,0,3,5,0,0,0,0,0,0,1,0,0,2,0,1,0,1,0,0,4,1,5,4,0,-2,-1,0,0,0,1,0,0,0,0,0,-1,0,0,1,-1,-0.156222,0,0,-0.681332,-1,1,0,0,0,-2,0,0,0,0,1,1
0,0,0,0,-1,0,0,-0.827085,0,0,0,0,0,0,0,0,-0.631311,0,0,0,1,1,0,0,0,0,0,0,1,0,0,0,0.51316,4,0,0,0,0,2,0,1.679406,1,-1,-0.220053,0,0,-1,0,0,0,1,0,0,-1,0,0,1,0,0,0,0,1,0,1,0,0,-1,-1,-1,1,-1,0,0,1,0,1,1,1,1,0,-2,0,0,0,0,0,0,-0.558993,-1,0,-0.5,3,0,1,1,1,0,1,0,4,1,1,1
-1,-1,0,0,0,0,0,-0.784056,0,0,0,0,-1,0,0,0,-0.535094,0,-1,0,1,0,0,0,0,-1,-1,-2,0,2,0,0,1.75411,3,0,-1,-1,0,0,0,1.6,0,0,-0.435514,0,0,0,0,0,0,0,0,0,0,0,0,0,0,1,0,0,0,0,1,2,1,-1,0,0,0,0,0,0,2,3,0,0,0,0,0,0,0,0,0,0,0,2,-0.650651,0,0,-0.5,-2,0,0,0,0,0,1,1,1,1,1,1
0,-1,0,0,0,0,0,-0.647059,0,2,2,0,0,0,0,0,-0.504548,0,0,1,1,-1,1,0,0,0,-1,3,1,0,1,0,1.0,3,0,0,-1,0,0,0,1.6,1,0,-0.727547,1,1,0,0,0,0,1,0,0,0,-2,0,1,0,-1,2,0,0,2,1,-2,0,-1,0,5,1,0,0,0,1,2,0,0,1,1,1,0,0,0,0,0,0,0,-0.760719,0,0,-0.577933,0,0,1,0,2,0,0,0,0,1,1,1
0,0,0,0,0,0,0,-0.709767,0,0,0,0,0,0,0,0,-0.742234,-1,-1,-1,1,0,0,0,0,0,0,0,0,0,0,-1,0.52278,4,0,0,1,0,-1,0,1.048624,-5,0,-0.087672,-1,1,1,0,-1,0,0,0,0,4,1,0,-3,0,0,1,0,1,0,0,0,0,0,0,0,0,0,0,0,0,0,0,0,0,0,1,-1,0,0,2,0,0,0,-0.611879,0,0,-0.815385,0,0,0,0,1,1,0,0,0,0,0,1
0,0,0,1,0,1,0,-0.8,0,1,0,0,0,0,0,0,-0.601549,0,0,0,0,0,0,0,0,1,-1,0,2,-1,0,0,2.83254,3,1,0,0,1,-1,0,0.237454,-1,0,-0.73913,0,0,0,1,0,0,-1,0,0,0,0,0,0,-1,2,0,0,1,0,0,0,0,0,2,0,-1,4,0,0,0,-1,0,0,0,-1,0,0,1,0,1,1,1,0,2.157312,0,0,-0.703927,0,0,-1,-1,0,0,0,3,0,1,0,1
-1,1,0,0,0,0,0,-0.570305,-2,0,0,0,0,0,0,0,-0.565499,0,0,0,1,1,0,0,0,0,0,0,0,2,0,0,1.163,1,0,0,1,0,0,0,0.633019,4,0,-0.673582,0,0,0,0,0,0,1,0,0,0,1,0,0,3,0,0,0,1,1,0,1,1,0,0,2,0,0,0,-1,0,-2,0,0,0,0,1,0,1,0,0,0,0,0,-0.738982,-1,0,-0.815385,0,-1,0,0,0,0,1,0,1,-1,0,1
0,0,0,0,0,0,1,-0.675489,0,0,0,0,0,0,0,0,-0.47067,0,-1,1,1,0,0,0,0,0,0,-1,-1,0,0,0,0.88086,3,0,0,-1,2,0,1,1.897977,0,0,-0.653735,0,-1,0,0,0,-3,1,0,0,1,0,0,0,0,0,5,0,0,0,1,1,4,0,0,0,0,-1,0,0,0,0,0,2,2,0,0,0,0,0,0,0,0,-4,-0.711457,0,0,-0.39698,4,0,-1,-1,0,0,0,-2,2,0,1,1
0,0,0,0,0,1,0,-0.602006,0,0,0,0,0,0,0,1,-0.516224,0,0,0,0,0,0,0,0,1,0,0,-1,3,1,0,0.54286,0,0,0,0,0,-1,0,0.822732,0,-1,-0.235481,-1,0,-2,0,0,-1,1,0,0,0,0,-1,0,0,0,-3,0,0,0,1,1,1,1,0,0,0,0,0,0,4,-1,1,-1,0,0,0,0,0,0,0,1,0,0,-0.550778,0,0,-0.818754,0,0,0,0,1,0,0,1,0,-2,1,1
0,0,0,0,0,0,0,-0.178599,0,0,0,0,1,-1,0,0,-0.63426,0,0,3,4,0,0,0,0,1,-1,2,0,0,1,0,2.56952,0,0,0,0,0,0,0,0.857283,0,0,1.018063,0,0,0,0,0,0,1,0,0,0,0,2,1,0,0,0,0,0,0,1,1,1,-1,0,0,3,-2,0,1,2,2,0,-1,6,0,0,0,0,0,0,0,0,0,-0.653423,0,0,-0.491853,0,0,0,0,0,0,0,0,0,0,1,1
0,0,3,0,1,0,0,3.574996,0,0,0,0,0,0,0,0,-0.635821,0,0,0,1,0,1,0,0,0,0,0,0,0,0,0,1.38797,0,0,0,0,0,0,0,0.761999,0,0,-0.679009,-1,-1,1,0,0,0,1,0,0,-1,0,0,-1,1,0,0,0,0,1,0,0,-1,-1,1,0,0,3,0,-1,-1,0,0,0,1,0,1,0,0,0,0,0,0,0,-0.740383,0,0,-0.419747,0,-2,0,0,1,1,2,0,0,1,0,1
1,0,0,0,0,0,0,-0.583675,0,1,1,0,-3,-1,0,0,-0.65552,0,-1,0,1,0,0,0,0,0,0,0,0,0,0,-1,1.01998,4,0,-1,0,0,0,0,2.225952,0,0,-0.573501,0,0,-1,-1,0,0,0,0,0,0,0,-1,1,1,-1,0,1,0,0,0,0,0,0,0,0,0,1,0,0,2,3,0,0,0,0,0,0,0,0,0,0,0,0,-0.725999,0,1,-0.806636,0,0,-1,0,0,0,0,0,1,0,0,1
0,0,0,0,0,0,0,0.645532,0,0,0,1,0,0,0,0,-0.902158,0,0,0,2,0,-1,0,1,0,0,0,0,2,0,0,0.72037,4,0,0,-5,0,0,0,1.355364,0,-1,-0.669055,0,1,0,1,0,0,-2,0,0,0,0,0,0,1,1,0,0,0,0,0,0,1,-2,0,0,0,0,0,0,0,0,0,0,1,2,0,0,0,0,0,0,0,0,-0.731328,0,0,-0.745836,2,0,0,0,1,0,0,0,0,0,0,1
1,0,0,0,0,2,0,-0.621805,1,0,0,0,0,0,0,2,-0.677312,0,0,0,0,0,-1,0,0,0,0,2,0,0,0,0,1.66293,6,0,0,1,0,0,0,1.852034,0,0,-0.862767,0,0,0,0,0,0,0,0,0,0,0,-1,0,1,0,0,0,0,0,0,0,0,0,-3,0,0,1,0,0,0,0,0,0,0,1,0,0,0,0,1,0,-2,0,8.885475,0,0,-0.599752,0,0,0,0,0,0,1,1,0,0,1,1
0,0,0,1,0,2,0,-0.703526,0,0,-1,-1,0,0,0,0,-0.789474,0,0,1,0,-1,0,0,0,0,0,0,0,0,0,0,0.96434,10,0,0,0,0,1,-3,1.239162,0,1,-0.769231,0,0,0,0,-1,0,1,-1,0,0,0,0,0,0,0,0,0,0,0,0,0,0,0,0,0,0,0,0,0,0,0,0,0,2,1,0,0,0,0,1,0,-1,0,8.28302,1,0,-0.203529,-1,0,0,-1,0,0,2,1,0,-1,1,1
0,1,0,1,0,0,0,-0.714286,1,1,-2,0,0,0,0,-2,-0.517564,0,0,0,0,0,0,0,0,0,-1,2,1,0,1,0,1.25061,4,0,0,0,0,0,0,1.4358,1,1,-0.813691,1,0,0,0,0,-1,0,0,0,1,0,0,0,0,-2,0,0,1,0,1,0,0,0,0,0,0,0,-1,-2,1,0,0,-2,0,0,0,0,1,0,1,0,2,0,8.51336,0,0,-0.208629,0,0,1,0,-1,0,1,1,0,0,1,1
0,0,-1,0,0,0,0,-0.741609,1,0,0,0,0,0,0,0,-0.794016,0,0,0,-6,-1,0,0,0,0,0,0,0,0,-1,0,0.54174,9,0,0,1,0,0,0,1.57692,0,0,-0.838949,0,0,0,0,0,0,0,0,0,0,-1,0,0,0,0,0,-1,0,0,-4,0,0,0,0,0,1,0,1,0,0,0,0,0,2,0,0,-1,1,1,0,2,0,0,-0.28741,1,0,-0.612903,0,0,0,-1,0,1,0,0,3,1,1,1
0,1,0,0,0,3,0,-0.589105,0,0,0,0,0,0,0,-1,-0.794548,0,0,1,-1,0,-1,0,0,0,0,0,2,0,0,0,0.88331,1,0,0,-1,0,0,1,1.57692,-3,0,-0.602682,0,0,0,0,0,0,0,0,0,0,3,0,0,2,0,-2,0,-1,2,0,1,0,0,0,0,2,0,0,0,0,0,0,0,0,0,0,0,-1,-1,0,0,-1,-1,0.762748,0,0,-0.612903,0,-1,0,1,0,2,-1,0,0,-2,1,1
0,0,0,0,0,0,0,-0.396197,0,0,0,2,2,0,0,0,-0.78808,0,0,0,1,1,0,0,0,1,0,2,2,0,0,0,1.0259,1,0,0,0,0,0,-1,1.548284,0,0,-0.50756,0,0,0,0,1,0,0,0,-1,-1,1,0,1,1,0,0,0,0,0,2,1,0,0,2,0,0,3,0,-1,0,0,0,0,0,1,0,2,0,1,1,0,-1,0,-0.444832,0,0,-0.622943,2,1,0,0,0,2,0,0,2,0,1,1
0,0,0,0,0,3,0,-0.628993,0,0,0,0,0,0,0,0,-0.682522,-1,0,0,0,0,0,0,0,2,0,0,0,0,0,0,0.50908,5,-1,0,0,0,-2,0,0.207564,-1,0,0.250506,0,0,0,1,3,0,0,0,0,0,0,0,0,0,0,3,0,1,0,0,0,0,1,0,0,0,0,0,0,0,-1,0,0,-1,0,1,0,0,0,0,0,0,0,-0.857116,0,0,-0.644834,-1,0,3,0,0,1,0,0,0,-4,0,1
0,0,-1,-1,0,0,0,0.267223,0,0,0,0,0,-2,0,0,-0.811239,0,0,0,0,0,0,-1,0,0,1,0,0,-1,1,0,1.0357,8,0,0,0,1,0,0,0.241379,1,-1,0.131582,0,0,0,0,0,0,0,0,0,1,0,0,0,0,-1,0,0,1,-2,0,-1,0,1,2,0,0,0,2,3,0,0,0,2,0,0,0,0,0,0,-1,0,0,0,-0.837838,1,0,-0.606201,-1,0,-2,0,0,-1,1,0,0,0,0,1
0,0,0,0,0,0,0,-0.043079,-1,1,0,1,0,0,0,0,-0.825664,0,0,0,0,0,0,0,0,2,0,-1,1,0,2,0,1.67073,1,-1,0,0,1,0,-1,0.251711,-2,0,1.089367,0,0,0,3,0,2,0,0,-1,0,0,0,0,0,0,-1,-2,1,-2,2,0,0,1,3,-1,0,0,0,0,0,0,0,0,0,0,0,0,0,0,0,0,-3,1,-0.837838,-1,0,-0.216925,-2,0,0,0,0,0,0,0,0,-1,0,1
0,2,1,0,0,0,-1,-0.613323,0,0,0,1,0,-2,1,0,-0.268983,0,-1,1,0,0,-1,0,0,0,0,0,0,0,0,0,0.83927,0,0,0,0,0,0,0,1.25926,0,0,-0.408518,0,0,0,0,-1,-1,0,0,0,-2,1,-1,0,0,0,0,0,0,0,1,0,1,0,0,0,0,0,0,0,0,0,0,0,-1,0,0,0,0,0,0,0,0,0,-0.807168,0,0,-0.609459,0,0,0,0,0,0,0,0,-1,0,0,1
0,0,0,0,0,2,0,-0.598813,1,0,0,0,2,0,0,0,-0.65166,0,0,0,0,0,0,2,0,-1,1,0,0,0,0,0,0.78222,2,0,0,0,1,0,1,2.018301,3,0,-0.500348,-1,0,0,-1,0,-1,0,0,0,1,1,0,0,0,-1,0,0,0,1,0,0,0,1,0,0,0,0,1,0,0,0,0,0,0,1,0,0,0,0,0,0,0,0,-0.754898,0,0,-0.620488,0,0,0,1,0,0,0,1,0,0,0,1
0,0,0,0,0,1,-1,-0.563921,0,2,0,1,0,0,-1,1,0.357894,-2,0,0,0,-1,-1,1,0,0,0,0,0,0,0,0,0.8167,2,0,0,0,0,-1,0,1.807054,-1,0,-0.716763,5,0,0,0,0,0,-1,0,0,-5,1,0,0,2,0,-2,0,0,0,-2,0,1,0,0,1,1,1,0,0,0,0,1,0,0,0,0,-1,0,0,0,0,0,0,-0.803107,0,1,-0.577005,0,0,0,1,0,0,0,0,-1,0,0,1
0,0,0,-3,0,0,0,-0.707317,0,0,0,0,0,0,0,1,-0.619708,0,0,3,1,0,0,-1,0,0,0,0,0,-2,0,0,2.43334,6,-1,0,0,1,0,0,0.877285,0,0,-0.795956,1,0,0,0,0,0,1,0,0,0,0,0,-2,0,0,0,0,-1,0,1,0,0,0,0,2,0,0,0,2,0,5,0,3,0,1,-3,0,0,0,0,0,0,1,0.505837,0,0,2.661975,0,0,0,0,0,0,0,1,0,0,1,1
0,0,0,0,0,0,-1,-0.739211,0,0,0,0,1,-1,0,2,-0.670132,0,0,0,0,0,1,0,0,0,0,0,0,0,-1,0,0.97386,8,1,0,-3,0,0,0,2.63333,0,0,-0.572626,1,0,0,0,0,0,-1,0,0,0,0,0,4,0,0,0,0,0,0,1,0,0,0,0,0,0,0,1,1,2,0,0,0,0,0,0,1,2,0,0,0,0,1,-0.77047,0,0,-0.625645,0,0,2,-1,1,-1,0,1,0,0,1,1
0,0,0,0,0,4,0,-0.380193,0,1,0,0,0,5,1,0,-0.579058,0,0,0,0,0,0,0,0,0,0,0,0,0,0,0,0.80675,7,0,0,1,0,0,0,2.63333,0,0,-0.61749,0,1,0,1,-2,0,0,0,0,2,1,0,3,0,0,0,0,0,-1,1,0,0,0,0,3,-1,0,1,1,0,0,0,2,1,0,0,1,0,1,0,0,0,1,-0.759436,0,0,-0.185859,0,0,0,0,0,0,0,0,0,0,1,1
0,2,0,0,0,0,1,-0.71344,0,0,2,0,0,0,0,0,-0.401287,0,-1,0,0,0,-1,0,-1,0,0,-2,1,-1,0,-3,0.80946,16,0,1,1,0,0,0,0.892296,1,0,-0.562286,0,1,1,0,0,0,0,-1,0,0,0,0,0,0,0,0,0,0,0,0,1,1,-1,0,0,1,-1,0,0,2,0,0,2,-1,0,0,0,-1,0,-2,0,-1,0,-0.232777,0,1,-0.112348,0,1,0,-1,0,0,0,1,0,0,0,1
0,0,0,1,0,1,0,-0.577658,0,1,0,0,0,0,0,0,-0.757834,0,0,1,0,0,-1,0,0,0,0,2,-1,-1,0,0,0.69477,0,0,0,0,1,0,0,0.37011,0,1,-0.719503,0,0,1,0,0,0,1,0,2,0,1,-2,0,1,-1,0,0,0,0,0,0,0,0,0,1,-4,0,0,0,0,0,0,0,0,0,0,0,0,0,0,0,1,0,-0.636364,0,0,-0.697174,-1,0,-1,0,-1,0,0,0,2,0,0,1
0,0,0,0,0,0,-1,-0.297858,0,-1,0,0,0,-1,0,0,-0.586383,0,0,1,2,1,0,0,0,-1,0,0,0,0,0,0,1.86737,8,0,0,3,1,0,0,0.487805,0,0,-0.707317,4,2,0,1,0,0,0,0,0,0,1,0,0,0,0,0,-1,0,0,-1,1,0,0,0,0,0,0,0,0,0,1,0,0,-2,0,0,0,0,0,0,0,-1,0,-0.52953,0,0,-0.7,1,0,0,0,0,0,-2,0,0,0,0,1
1,3,0,-3,0,0,0,-0.65908,0,0,0,0,1,0,1,0,-0.630093,0,0,0,0,0,1,0,0,0,0,0,0,2,0,0,1.37365,4,0,0,1,1,0,0,0.968481,1,0,-0.819487,0,0,0,0,0,0,0,0,-1,0,0,1,0,0,0,0,0,0,1,0,0,0,1,0,2,0,1,1,0,0,3,0,1,0,0,0,0,0,0,0,0,0,1,-0.523257,0,1,-0.639364,0,0,2,0,0,8,0,0,0,1,0,1
0,0,-1,-1,0,0,1,-0.780348,0,-1,4,1,0,1,0,0,-0.696732,0,0,1,0,0,0,0,0,-1,0,0,-1,0,1,0,2.12759,2,1,-1,0,0,0,0,1.127377,2,0,-0.857992,0,-1,-1,-1,0,0,1,1,-1,0,0,0,0,0,0,0,0,0,0,0,1,1,0,0,0,1,0,0,0,1,0,0,-2,0,0,2,1,0,0,2,0,0,0,-0.73233,0,1,3.562314,0,0,0,0,0,1,0,0,-2,0,0,1
0,1,0,0,0,0,0,-0.804647,0,0,0,0,1,0,1,0,0.132246,0,1,0,0,0,0,0,0,0,0,2,0,1,1,1,1.88515,3,0,0,0,1,-1,0,1.05797,0,0,-0.702249,0,0,2,0,1,0,1,0,0,-1,1,1,0,0,0,1,0,0,0,1,1,0,1,1,0,2,1,0,0,0,0,0,0,0,0,-1,0,1,0,0,0,2,0,0.446016,0,1,-0.74128,0,0,0,0,0,0,1,0,0,1,0,1
0,0,1,0,0,-2,0,-0.491442,-1,0,0,0,1,0,0,-2,-0.75,0,0,2,2,0,0,0,0,0,1,1,0,-2,2,1,1.11429,18,1,0,0,0,-1,0,0.649304,1,0,-0.881834,0,0,0,0,0,0,0,0,1,0,-3,0,0,0,0,0,-1,0,0,1,1,2,4,0,-1,0,-1,0,1,1,0,0,0,-1,0,0,0,0,0,-3,0,-1,0,-0.731588,0,0,-0.733333,0,0,0,0,0,1,-1,0,0,1,1,1
0,0,-1,0,0,0,0,-0.638648,-2,1,0,0,0,0,0,0,-0.349519,1,0,0,1,0,0,0,0,0,0,0,0,-1,0,0,1.11429,4,0,1,1,0,0,0,2.222421,0,0,-0.547815,0,0,0,0,0,-1,0,0,0,0,1,0,0,0,0,0,0,0,-2,0,1,1,-2,1,0,0,0,0,1,0,0,0,0,0,0,0,0,0,0,0,0,0,0,-0.565003,0,0,-0.753138,0,0,1,-2,0,0,0,0,0,1,1,1
0,0,1,0,0,-2,0,-0.588479,0,0,1,-1,0,1,0,1,0.554568,0,0,0,0,3,0,1,0,0,-1,0,0,0,-1,0,0.7795,15,1,3,0,2,0,0,0.971169,0,0,-0.692308,0,0,0,0,0,0,0,0,0,0,-2,-1,0,0,1,-1,1,0,0,1,1,0,1,2,0,0,0,0,1,0,0,0,0,0,0,0,0,0,0,0,0,0,1,-0.695653,0,0,-0.733333,0,-1,-1,1,-1,1,0,0,-1,1,1,1
0,-1,1,0,0,0,0,1.054018,0,1,0,3,0,-1,0,0,-0.477059,0,0,0,0,1,0,1,0,1,0,0,2,2,-1,0,1.2029,2,0,0,1,-1,1,0,1.127304,0,0,-0.642276,0,1,0,0,0,0,0,0,0,0,0,-2,0,1,0,0,0,0,-1,1,-2,0,1,0,0,0,0,0,0,3,0,0,3,0,0,0,0,0,1,0,0,0,0,-0.068405,0,0,0.004165,-1,0,0,1,0,0,0,0,1,0,1,1
0,0,0,0,0,0,1,-0.744445,1,2,0,0,1,-1,0,0,-0.57883,0,0,0,0,0,0,0,0,1,0,0,0,0,0,0,0.94282,2,0,0,0,1,0,0,0.986272,0,-1,-0.737509,2,2,0,0,0,0,1,0,0,0,0,0,0,0,-1,0,0,0,0,0,0,0,1,-1,0,0,0,-1,0,0,0,0,0,0,0,0,0,0,0,0,1,1,-1,-0.510282,0,-1,1.705558,0,0,3,1,0,0,0,1,0,0,1,1
0,0,0,0,-1,0,0,0.161919,0,1,0,0,0,0,-2,0,-0.754988,-1,0,1,0,0,0,0,0,0,0,0,-2,2,0,0,1.11429,6,1,0,1,0,0,0,1.21283,0,0,-0.667924,0,1,0,2,0,0,0,1,0,1,0,0,0,0,0,-2,0,0,0,1,1,0,1,1,0,0,0,0,1,2,0,0,0,0,0,2,0,1,0,0,0,3,0,-0.543904,0,0,-0.6,0,0,0,-1,0,-3,0,0,0,0,1,1
0,0,0,0,1,2,0,-0.677978,-1,0,0,0,-1,0,0,1,-0.666667,0,0,-1,1,0,0,-1,0,1,0,0,0,0,1,0,1.17143,11,0,0,0,0,0,0,0.212256,0,0,-0.614222,0,0,1,0,0,0,-1,0,0,0,0,0,0,0,1,0,0,1,0,1,0,1,0,2,0,0,-2,-1,1,0,0,0,0,0,0,0,1,0,0,0,0,0,0,-0.602774,0,0,-0.689349,0,0,0,0,0,3,0,0,1,0,0,1
0,0,0,0,0,0,2,-0.76201,0,-3,0,0,0,0,0,0,-0.732362,0,1,0,-1,0,0,-1,0,1,0,0,0,0,-1,0,1.64724,5,1,0,-2,0,0,0,1.502184,2,2,-0.867142,0,0,0,0,0,0,0,0,0,3,0,0,0,0,1,0,1,0,0,0,0,0,0,0,0,0,0,0,1,0,3,0,0,0,0,0,0,0,0,0,0,0,0,-0.513636,1,0,-0.683455,3,0,0,0,-1,0,0,-1,1,0,0,1
-1,1,0,0,0,0,0,-0.868664,0,0,0,0,0,0,0,0,-0.605434,0,1,0,0,0,0,1,-1,1,0,0,0,0,0,0,1.10568,5,0,-3,-1,2,0,0,1.558335,0,0,-0.718643,0,0,0,0,0,0,-2,0,0,0,0,0,0,0,2,0,1,0,0,0,0,0,0,1,2,0,1,0,1,0,2,0,0,2,0,-2,0,-1,0,0,0,0,-1,-0.586207,0,0,-0.69644,0,0,0,0,1,1,0,0,0,-1,0,1
0,0,-1,0,0,2,0,-0.897781,0,0,0,0,0,-1,0,0,-0.631504,0,0,1,1,0,0,1,0,0,0,0,0,0,4,0,1.15883,3,0,0,0,-1,1,0,3.257689,0,0,-0.738744,0,0,0,0,-1,0,0,0,0,0,3,0,0,0,3,0,0,0,0,0,0,2,1,1,4,0,0,1,0,0,0,0,1,0,1,0,0,-1,0,0,0,1,1,-0.77534,0,0,2.6,2,0,0,0,0,0,0,2,0,1,1,1
0,1,0,-2,0,0,0,-0.767075,0,0,1,0,0,0,0,1,-0.660203,1,0,0,2,0,0,0,0,0,0,0,0,0,0,-1,1.76337,3,0,1,0,0,1,0,2.23404,0,0,-0.768318,0,0,0,0,0,0,0,0,0,0,1,0,2,0,-1,0,0,0,0,0,0,0,1,0,0,-1,0,0,0,2,0,0,1,3,1,0,0,0,0,0,1,1,0,-0.904691,0,0,2.731956,0,0,0,0,0,1,2,0,0,1,1,1
0,0,1,0,0,0,0,-0.447339,0,0,1,0,0,0,0,0,-0.647059,0,0,0,0,0,0,4,0,0,0,3,0,0,0,0,1.26112,3,1,0,0,0,1,0,2.114462,0,-4,-0.754252,0,0,0,2,0,0,1,0,0,0,0,1,0,0,1,0,0,1,0,0,1,3,1,0,0,0,0,-1,1,0,0,0,0,1,0,0,2,2,0,1,0,0,0,-0.798711,0,0,2.6,0,0,0,1,-1,0,0,0,-2,1,1,1
0,0,1,1,1,-2,-1,-0.590424,0,-2,0,0,0,-1,0,0,-0.8,0,0,1,0,0,0,-1,0,0,0,0,0,-1,1,0,0.82614,0,0,0,0,3,0,0,1.069185,0,0,-0.550702,0,1,0,0,0,0,0,0,0,0,1,-1,1,0,0,0,0,2,0,0,0,1,1,3,0,0,0,0,0,0,0,0,0,0,0,0,1,0,0,1,0,2,0,-0.560417,-1,0,-0.745802,0,0,-2,0,0,0,0,0,0,0,0,1
0,0,0,0,-1,0,0,-0.55671,0,0,-2,0,0,0,3,2,-0.696761,0,0,0,0,0,0,0,0,0,0,0,1,0,1,0,0.45607,11,0,0,0,1,0,0,3.036265,0,0,-0.691827,0,0,0,0,-1,1,0,0,0,0,0,0,0,0,0,2,0,0,-5,0,0,0,0,5,0,0,1,0,0,0,0,0,0,0,0,1,0,-1,0,1,0,-1,2,-0.140601,0,0,-0.398286,0,0,-1,0,0,1,0,0,1,0,0,1
0,0,0,0,0,-1,1,-0.663778,0,0,0,0,0,2,0,0,-0.791211,0,0,0,-2,-1,-3,0,0,0,0,0,-2,-1,0,0,0.95621,16,0,0,0,1,1,0,0.40578,0,0,-0.701383,0,1,0,0,-1,0,-1,0,0,0,-3,0,-1,0,0,0,0,0,0,0,0,1,0,0,0,0,0,0,3,0,0,0,0,0,0,0,0,0,0,0,0,0,0,1.080773,0,0,-0.643718,0,0,0,0,0,1,-1,0,1,1,0,1
0,0,-2,0,0,1,1,-0.780982,0,0,0,0,0,0,0,0,-0.701188,0,0,0,1,0,0,0,1,1,0,0,0,0,1,0,1.96837,10,0,0,1,-1,0,0,1.139317,1,0,-0.684899,0,0,0,0,0,0,0,-1,0,0,0,0,0,0,0,0,0,0,0,0,0,0,0,0,0,0,-1,0,0,0,0,0,0,0,0,0,0,-2,0,0,0,0,-1,-0.612903,0,0,-0.829601,0,0,0,0,-1,-2,0,1,0,0,0,1
0,-1,0,0,1,0,0,-0.745102,0,0,0,1,0,0,0,0,-0.692308,0,0,0,1,0,0,0,1,-1,1,0,0,-1,0,0,1.78387,7,0,0,1,0,0,-1,0.827141,-1,0,-0.865294,2,0,0,0,2,0,0,1,0,0,1,2,0,0,0,1,0,0,-2,1,0,0,0,0,-2,0,0,2,0,0,0,0,0,2,1,0,-1,0,1,0,0,3,0,-0.561635,0,0,-0.162893,-2,0,0,0,0,-1,0,0,0,1,0,1
0,1,-4,1,-1,0,-1,-0.706175,0,0,0,0,0,0,0,0,-0.336733,0,0,0,0,0,0,0,1,1,0,0,0,2,0,0,0.95218,4,-1,0,0,-1,-1,0,0.381818,0,4,-0.755537,0,0,0,0,0,-1,0,0,-1,0,1,0,0,4,2,0,0,0,0,1,0,0,0,0,1,1,0,0,0,0,0,0,0,1,0,0,0,0,0,0,0,0,0,-0.627696,0,0,-0.857428,0,0,5,0,0,0,0,0,0,0,0,1
0,-1,-1,0,0,-1,-1,-0.694834,0,0,0,0,1,0,3,0,-0.830986,0,0,0,0,0,1,0,0,0,0,2,0,3,0,0,1.37143,9,-1,0,0,0,1,0,0.8125,0,0,-0.75,0,0,0,0,0,0,0,0,-1,-1,-2,1,1,1,1,0,0,1,2,0,0,0,-1,0,0,0,0,-1,0,0,0,0,0,-3,0,0,1,0,0,0,0,-1,0,-0.664047,0,0,-0.655617,0,0,0,-2,0,0,0,0,-2,-1,1,1
0,0,0,0,0,1,0,-0.443501,0,-1,0,0,1,1,0,0,-0.782666,0,0,0,0,1,1,0,1,0,0,0,0,3,0,0,1.11492,1,0,0,1,0,0,0,0.742501,1,0,-0.783663,-1,-2,-2,0,-2,0,0,0,0,0,0,1,0,0,0,0,0,0,0,1,1,0,-1,0,0,2,0,0,0,2,2,0,0,1,0,-1,0,0,0,0,0,0,0,-0.602345,0,0,-0.587457,0,0,1,0,0,0,0,1,0,0,1,1
0,0,0,-1,1,0,0,-0.705248,0,0,0,0,0,0,0,0,-0.830986,0,0,0,0,-1,-1,0,0,0,1,0,2,0,0,0,2.33408,3,0,0,1,-2,0,0,0.8125,2,0,-0.850107,1,0,0,1,0,0,0,0,0,1,0,0,0,0,0,0,-1,1,2,1,0,0,0,0,0,0,0,0,0,0,0,0,0,0,0,0,0,1,0,2,1,0,0,-0.718355,1,0,-0.451237,0,0,0,0,0,0,0,1,0,0,1,1
0,0,2,0,0,-2,0,-0.317921,0,0,1,0,0,0,0,1,-0.450851,0,0,0,0,1,0,0,1,0,0,0,3,0,-2,0,0.70299,2,0,0,0,1,1,0,1.460576,0,0,-0.60571,0,-1,1,0,0,0,0,0,0,0,0,0,-1,0,0,0,0,0,0,0,0,0,0,-2,0,-1,-1,0,0,0,-2,0,4,0,0,0,0,-1,0,-1,0,0,0,-0.714105,0,0,-0.888301,2,0,2,0,0,8,0,0,0,3,1,1
0,3,0,0,0,0,1,-0.478261,3,0,0,0,0,0,2,3,-0.593157,-1,1,0,0,1,0,0,-1,0,0,0,0,0,0,0,1.4325,3,-1,-1,0,0,0,0,2.26344,0,0,-0.8119,0,0,0,0,0,0,0,0,0,0,0,0,0,0,2,0,0,0,0,0,1,0,0,2,3,0,0,0,1,2,0,0,0,-1,1,1,0,1,0,0,0,1,0,-0.684211,0,0,-0.710328,2,0,-1,0,0,1,0,0,0,-4,1,1
0,2,0,0,0,-1,1,-0.185185,0,0,0,0,0,0,0,0,-0.649821,0,0,0,1,1,-1,0,2,0,-1,0,0,0,1,0,3.21773,8,0,0,-1,3,0,0,0.77193,0,1,1.340411,1,0,0,0,0,2,0,0,0,0,0,1,0,0,0,0,0,0,0,1,1,0,1,-2,2,-1,0,0,1,0,0,0,0,0,-3,0,0,0,0,0,0,0,0,-0.571651,0,0,-0.852516,0,0,0,1,-1,1,0,0,0,0,1,1
0,-3,1,-1,-1,3,-1,-0.287575,0,0,1,0,1,0,-1,1,-0.669973,3,1,1,1,0,0,1,1,0,0,3,2,2,1,2,2.43281,0,0,0,0,1,1,0,1.416137,0,1,-0.784863,0,-2,0,0,1,0,0,0,1,0,0,1,0,0,1,0,0,0,0,1,1,0,0,1,0,0,0,0,-2,0,0,0,0,-1,0,0,0,0,1,0,0,2,0,-0.48992,0,0,-0.785714,0,0,-1,1,0,1,0,0,0,1,1,1
0,0,0,-1,0,5,0,-0.78457,0,0,1,0,0,0,0,0,-0.458358,0,1,1,0,-1,2,0,0,1,0,0,0,2,0,0,1.59495,5,0,0,0,0,0,0,1.740796,0,0,-0.75258,0,0,0,2,0,0,0,0,0,0,0,-2,0,0,2,0,0,0,1,1,0,-1,0,0,3,1,0,0,0,0,3,1,1,0,0,0,2,-2,1,1,0,0,1,-0.66803,0,0,-0.785714,0,0,0,1,0,0,0,0,0,1,1,1
0,3,1,-1,0,-3,0,-0.708846,0,0,1,-1,1,0,0,0,-0.628923,0,1,2,0,0,1,1,0,0,0,2,0,2,1,0,1.27037,0,0,1,0,0,1,0,1.405578,0,2,-0.87038,1,0,0,2,1,-1,2,0,0,0,0,4,1,0,1,0,0,0,0,1,0,0,0,0,2,1,0,0,0,0,3,0,0,0,0,0,1,0,1,1,0,-2,0,-0.592267,0,0,-0.394385,0,0,0,1,0,0,0,2,0,-1,1,1
0,0,1,0,0,-1,0,-0.619902,0,0,-1,0,1,0,0,0,-0.809524,0,0,-4,0,0,0,0,0,0,-1,0,1,0,0,0,0.48571,7,0,0,1,0,0,0,2.64706,0,0,-0.38628,0,0,0,1,0,0,1,1,0,1,0,0,0,0,0,0,0,0,-1,-1,0,1,0,0,0,0,1,0,1,0,0,0,0,0,0,-1,0,0,0,0,0,0,0,-0.529716,0,0,-0.459987,1,0,0,0,0,1,0,1,0,1,0,1
0,2,0,0,-1,0,0,-0.674503,0,0,0,0,0,-1,0,-1,-0.811517,0,0,1,0,0,0,5,0,0,-1,0,2,0,0,0,0.76362,5,0,0,0,0,0,-1,2.64706,0,0,-0.294118,0,0,-1,0,0,0,0,-1,0,0,0,0,0,0,0,0,0,0,0,2,1,1,0,0,1,0,0,3,-1,0,0,0,0,-2,0,0,0,0,0,0,0,0,0,-0.550563,0,-1,-0.625,0,0,3,1,0,0,0,-4,1,3,0,1
0,0,0,-1,0,0,2,1.028998,0,0,2,-1,0,-1,0,1,0.35751,0,0,-2,0,0,0,0,0,0,-1,0,2,1,0,0,0.48571,2,0,0,0,1,1,0,0.739379,0,-1,-0.294118,0,0,0,0,0,0,1,0,0,0,0,2,0,0,-2,0,0,0,0,0,0,1,0,5,2,0,2,1,1,-1,0,0,0,-2,0,0,1,-2,0,0,0,1,0,0.027902,0,0,-0.63889,0,0,3,0,0,0,0,0,0,1,0,1
0,0,1,1,0,1,0,-0.653099,0,0,0,0,0,0,0,0,-0.546116,0,1,1,0,0,0,0,0,2,0,0,0,0,1,0,1.36794,2,0,0,0,0,0,0,0.24263,0,0,-0.62343,3,0,-1,1,-1,0,0,0,0,0,0,0,1,0,0,1,0,0,-1,-1,0,-1,0,2,0,0,0,0,0,2,0,0,-1,-1,0,0,0,0,0,1,0,-1,0,-0.687976,0,0,-0.71508,-1,0,0,-1,0,0,0,2,0,0,0,1
0,0,-2,0,0,-1,0,-0.666667,0,0,-1,0,0,0,1,2,-0.509829,0,1,0,0,0,1,0,0,0,0,0,2,0,0,0,0.51786,11,0,1,0,0,0,0,0.230227,0,1,-0.792541,0,0,0,0,0,0,0,0,0,0,0,2,0,0,0,-3,0,0,0,0,0,-1,2,0,-4,0,0,0,-2,0,0,1,2,0,1,-1,0,-2,0,1,-1,0,1,-0.350278,0,0,-0.242012,0,-2,0,0,0,1,0,1,0,0,0,1
0,0,0,0,1,0,0,-0.713751,1,0,0,1,0,0,0,0,-0.865553,1,0,0,1,0,-1,0,0,-2,0,-1,0,0,-2,1,1.06364,0,0,1,0,-2,0,0,0.238692,0,0,-0.506067,0,-1,0,0,0,0,0,0,2,0,0,0,-1,0,0,1,0,0,-1,0,0,0,0,0,1,1,0,0,-2,-1,0,0,0,-1,0,0,0,-1,0,1,0,0,0,-0.657143,0,0,-0.643355,0,0,0,1,0,0,0,0,0,0,0,1
0,0,1,0,0,1,1,-0.813503,1,0,0,0,0,-1,0,0,-0.850391,0,0,0,-1,0,0,2,0,0,1,0,0,2,0,0,0.85942,3,0,0,0,0,0,0,1.375,0,1,-0.616881,0,1,0,0,0,1,0,0,0,1,1,0,0,0,-2,0,0,0,2,2,0,1,0,0,0,0,8,0,1,0,0,0,0,0,1,0,0,0,0,1,0,2,0,-0.69159,0,1,-0.514503,0,0,0,0,0,-3,0,0,-1,0,1,1
-1,0,0,0,0,0,-2,-0.8,0,-1,-1,0,0,0,0,0,0.202181,1,0,0,0,1,0,-1,0,0,0,0,0,0,0,0,0.94963,3,0,0,0,0,0,0,0.946487,0,0,-0.683175,0,1,0,0,-2,0,0,0,1,0,1,0,0,0,0,0,0,0,1,0,0,0,1,-1,0,-4,5,0,1,0,0,0,-1,-1,0,0,-1,0,-1,0,0,2,0,-0.705777,0,0,-0.809777,0,0,2,0,0,1,2,1,1,0,1,1
0,-1,1,0,-1,2,1,0.324327,1,1,0,0,0,0,0,0,-0.490289,0,0,0,0,1,0,0,0,0,0,0,2,0,0,-1,0.7102,12,0,1,0,1,1,0,1.924246,3,0,-0.484291,0,-1,0,0,0,-1,0,0,0,0,1,0,0,-3,1,0,0,0,0,0,0,0,1,-3,0,1,-1,0,1,2,0,0,2,2,0,0,0,0,0,0,0,2,0,-0.715389,0,0,-0.559619,0,0,0,1,0,0,0,-1,-1,0,1,1
0,0,1,1,0,0,1,-0.575467,-1,1,0,0,0,0,0,-3,-0.550842,0,0,0,0,-1,0,0,0,1,0,0,0,0,0,-1,1.58529,12,0,1,1,0,-1,0,0.892493,0,0,-0.784887,0,0,1,0,0,1,0,0,-1,0,-1,0,0,0,1,0,0,0,0,0,0,0,1,0,0,0,0,0,0,0,0,0,0,-1,0,0,0,0,1,0,0,0,0,-0.608245,0,0,-0.544149,4,0,0,-2,1,0,0,1,0,0,1,1
0,0,0,0,0,0,0,-0.50528,-1,1,0,0,2,0,0,0,-0.315383,0,0,-2,1,0,-1,1,0,1,0,0,0,0,0,0,3.91609,1,0,0,-1,0,0,0,1.421158,0,0,-0.381061,0,0,0,0,0,0,1,0,0,0,1,0,0,0,0,0,0,-1,0,1,0,0,1,0,0,1,0,0,0,0,0,0,0,1,0,0,0,0,0,1,-1,0,0,-0.626591,0,0,-0.538462,0,0,5,-2,0,0,0,0,-1,0,1,1
0,2,0,0,0,3,0,-0.594658,1,1,0,1,0,0,0,0,-0.73515,0,3,0,0,-3,0,0,0,1,0,0,2,0,0,-1,1.57143,4,0,0,0,0,1,-1,1.450657,0,4,-0.781818,0,0,0,0,0,0,2,0,0,-1,1,0,3,0,0,0,0,0,-2,1,0,0,0,-1,2,0,0,0,0,0,0,0,0,0,0,0,-1,0,0,1,0,1,0,-0.511449,0,0,-0.51876,0,0,0,0,0,0,3,-3,0,0,1,1
1,0,0,0,0,0,0,-0.57227,0,0,0,0,0,0,1,2,-0.770026,1,0,0,0,0,0,0,-1,1,0,0,0,-3,0,0,1.17651,0,0,0,0,0,0,0,0.6849,1,0,-0.693393,0,1,0,-1,1,-1,-1,0,0,-1,0,-1,0,0,1,0,0,0,1,1,0,3,0,0,0,0,0,0,1,1,2,0,0,0,0,1,0,0,-1,0,0,0,0,-0.662963,0,0,-0.612903,0,0,1,0,0,0,0,0,0,2,0,1
0,0,0,0,0,0,1,-0.673336,0,0,0,0,-1,-1,0,0,-0.551903,0,0,-1,2,0,0,0,0,1,0,0,0,0,1,0,1.89387,0,1,0,0,1,0,0,0.528968,0,0,-0.681092,0,0,0,0,0,4,0,0,0,1,-1,1,1,0,0,0,0,0,-1,0,0,0,1,0,2,0,0,0,4,1,1,0,0,0,0,0,0,-1,0,0,0,0,0,-0.048004,0,0,-0.697471,0,0,1,0,-1,0,0,0,-1,0,0,1
0,0,0,-1,0,0,0,-0.59199,0,0,1,0,-3,0,0,0,-0.457765,0,-1,-1,0,0,-3,0,0,1,0,0,0,-2,0,0,0.90606,6,0,0,0,0,0,0,2.663755,-1,1,-0.707568,0,-1,1,-1,1,2,0,0,0,0,1,5,0,0,0,0,0,0,0,0,0,1,0,2,2,0,0,0,0,1,-1,0,-1,0,0,0,0,0,0,0,0,0,0,-0.551394,0,0,-0.605276,0,0,0,0,0,0,-1,0,0,2,0,1
0,0,1,-2,0,0,0,-0.727235,0,1,1,0,1,-1,0,0,-0.333333,0,0,0,1,1,1,0,0,1,-1,0,0,0,1,0,1.2,3,1,1,0,1,0,0,1.028105,0,-1,-0.714286,0,0,0,0,0,0,0,-3,0,0,0,0,2,-1,1,0,0,0,0,0,1,1,0,0,2,-1,0,0,0,0,2,0,0,-1,2,0,0,0,1,0,-1,0,-1,-0.291936,0,0,-0.777778,0,0,0,0,0,0,0,0,0,3,0,1
0,1,0,0,0,0,0,-0.671428,1,0,0,0,0,2,0,0,0.719228,0,-1,0,0,0,-2,0,1,0,0,0,0,0,-2,0,2.03257,4,1,1,0,0,0,-2,1.676883,-1,0,-0.231181,0,0,0,-1,0,0,0,0,0,0,0,0,0,0,0,0,1,0,2,0,1,0,2,0,0,2,1,0,1,0,0,0,0,0,0,0,0,3,1,0,0,0,0,-0.481712,0,0,-0.783103,3,0,0,0,0,1,1,0,0,1,0,1
0,0,0,2,0,-1,0,0.112411,1,0,1,1,0,0,0,-1,-0.555217,0,0,-2,0,0,0,0,0,0,-1,0,6,0,0,0,1.18089,3,1,1,0,0,-1,0,1.04762,0,0,-0.723234,0,-4,-1,1,0,-1,0,1,0,1,0,0,0,0,0,0,0,0,0,0,0,0,1,0,0,1,0,0,1,0,0,0,-1,2,0,0,0,0,0,1,1,0,0,1.329355,0,0,-0.777778,2,0,2,1,0,0,3,1,0,0,0,1
0,0,0,-1,0,0,0,-0.367091,0,0,-1,0,0,0,0,1,-0.684211,0,0,-2,0,0,2,3,0,1,0,0,0,0,2,0,1.02857,4,1,0,0,1,0,0,0.855918,2,0,-0.666667,0,0,0,0,4,-2,0,0,0,0,1,0,-1,1,0,-2,0,0,0,1,-1,1,2,0,0,5,1,0,-1,0,0,0,-1,0,1,0,0,0,0,1,0,1,0,-0.709971,0,1,-0.769231,0,0,0,1,1,1,0,0,-3,2,0,1
0,0,0,0,0,0,0,-0.754439,0,0,0,0,-2,0,-1,0,-0.684211,0,0,0,0,0,2,0,0,-1,0,0,0,2,2,0,0.61155,4,0,0,0,0,-1,0,0.862795,0,-1,-0.601521,-1,0,0,0,0,1,0,0,0,0,0,0,0,0,0,-1,0,0,0,1,0,0,0,-1,2,0,1,-1,0,6,0,0,0,0,0,0,0,0,0,1,0,1,0,-0.482537,0,0,-0.467149,0,0,0,0,0,0,1,0,0,1,0,1
0,0,0,0,0,0,0,-0.659923,1,0,0,0,-1,0,2,0,-0.681842,1,0,-1,0,0,0,0,0,0,0,0,0,0,0,0,1.29803,9,0,0,0,1,0,0,0.82267,0,0,-0.731892,0,0,0,0,0,1,0,0,0,2,0,2,-2,1,-1,0,0,0,0,0,0,0,1,-1,2,0,1,0,1,0,0,0,4,0,0,0,0,0,-3,0,0,1,0,-0.720884,1,-2,-0.801114,2,0,0,0,0,0,0,0,0,1,0,1
0,8,0,0,0,0,-1,-0.727273,1,0,0,0,-1,0,0,-2,-0.750763,0,0,0,0,0,0,-1,0,0,0,0,0,0,-3,0,0.84066,2,-1,0,-1,-3,0,0,0.205417,0,0,-0.604506,0,0,-1,0,1,0,0,0,0,0,0,0,0,-2,-1,0,0,0,0,0,1,0,2,2,0,0,0,0,0,1,0,0,1,1,1,0,-2,0,0,1,0,0,0,-0.522523,0,0,-0.865988,1,1,0,0,0,0,0,0,0,0,0,1
-1,0,-2,0,1,0,0,-0.727273,0,0,0,-1,0,-1,-2,0,-0.692308,0,1,1,0,0,-1,0,0,0,-1,0,0,0,0,0,0.76615,4,0,0,0,1,-2,2,0.236548,0,0,-0.586407,0,-1,1,0,0,1,0,0,0,0,-1,4,0,0,0,-1,-1,0,0,1,1,0,0,0,0,0,0,-1,1,-1,-1,0,-1,-1,0,0,0,0,0,1,0,0,0,-0.597922,-1,1,-0.61498,1,0,5,0,0,0,-1,0,0,0,0,1
0,0,0,0,1,0,0,-0.738802,0,0,0,0,-2,0,0,0,-0.599175,0,0,1,0,0,-1,0,1,0,0,0,0,1,0,0,1.07241,7,-1,0,1,3,0,-1,1.765116,0,0,-0.592849,1,0,0,0,0,0,0,0,0,0,-2,1,0,1,0,0,0,0,0,0,2,0,0,3,1,0,0,0,0,0,0,0,1,0,0,0,2,0,0,1,0,0,0,-0.70229,0,0,-0.654667,0,0,1,0,-1,0,0,0,0,1,0,1
0,0,0,0,0,0,0,-0.677898,0,0,1,0,0,-3,3,0,-0.557476,0,0,1,0,0,-1,0,0,0,0,0,0,0,0,0,1.32668,2,0,0,-1,2,0,0,0.775414,-1,1,-0.051492,0,0,-1,0,0,0,1,0,0,1,-3,0,-2,0,0,0,0,0,-3,0,0,0,1,0,0,0,0,0,-2,0,0,0,1,0,0,0,0,0,0,0,0,0,0,-0.721735,0,0,-0.52,-2,0,1,0,0,0,0,0,0,1,0,1
0,0,0,0,0,0,0,-0.647197,0,0,0,1,0,0,0,0,-0.333333,0,0,0,0,0,-1,0,0,0,-3,2,-1,0,0,0,1.56075,7,0,0,0,0,0,0,0.47297,0,0,-0.601259,0,0,0,0,0,0,0,0,0,0,0,1,0,0,0,0,0,0,-1,1,0,1,0,0,0,-1,0,1,0,-1,-2,0,0,-4,0,-1,0,0,0,0,-1,0,0,-0.836404,0,0,-0.52,0,0,-1,1,0,0,0,0,0,3,0,1
0,0,0,0,0,0,1,-0.619959,1,0,2,0,0,0,0,0,-0.759554,0,0,0,0,1,0,-2,2,0,0,1,-2,0,-1,0,3.29644,6,0,0,0,0,-3,0,0.611031,0,0,-0.764706,0,0,1,-2,0,0,1,0,0,0,0,0,0,0,-1,0,0,0,0,0,1,0,1,-1,-1,1,0,0,1,0,0,0,0,0,-1,0,0,0,1,1,0,0,1,-0.616956,0,0,-0.359798,-1,0,-2,0,0,0,0,0,0,0,0,1
0,0,0,1,0,-3,0,-0.723175,-1,0,-1,-1,0,0,0,0,0.590665,1,0,2,0,0,0,2,-1,-3,0,1,0,1,0,0,1.29436,3,0,0,0,0,0,0,0.255814,0,0,-0.7287,-2,-1,0,0,0,1,0,0,0,0,-1,0,0,0,0,1,1,0,0,0,0,1,-1,0,0,-3,0,0,0,0,-3,1,0,0,-1,-1,0,0,0,0,0,1,0,-0.684211,2,0,-0.420059,0,0,0,0,0,0,0,0,0,1,0,1
0,0,0,0,0,0,0,-0.660378,0,0,0,0,0,-3,0,0,-0.815385,-2,0,0,1,0,0,1,2,1,0,0,0,1,0,0,2.23688,4,0,0,0,-3,0,0,0.250272,0,0,-0.875796,0,0,-1,0,0,0,0,0,0,0,0,1,0,0,0,-1,0,0,0,0,1,2,0,0,1,0,0,0,0,1,0,1,0,0,0,-1,0,0,0,1,0,0,1,-0.22682,0,-1,-0.424523,0,0,0,0,0,0,0,0,0,2,0,1
0,0,0,1,0,0,1,-0.785581,0,0,0,0,0,0,0,0,-0.829544,0,0,0,1,0,0,1,2,1,0,0,0,0,0,0,1.28801,5,0,0,0,4,0,0,0.251571,0,0,-0.889691,0,1,0,0,0,1,-3,0,0,2,0,0,0,0,2,0,0,2,0,0,0,0,0,0,0,0,0,0,-1,0,1,0,0,0,-1,-1,-1,0,-1,1,0,0,0,-0.320332,0,-1,-0.121955,0,0,0,0,0,0,1,0,3,0,0,1
0,0,1,1,1,0,0,-0.355509,0,0,0,0,0,0,0,0,-0.675566,0,0,1,1,0,0,0,0,1,1,0,-1,0,3,0,1.25298,2,0,0,0,0,-1,0,0.662517,0,0,-0.769091,0,0,0,0,0,0,0,0,0,0,-1,0,-1,1,-2,0,1,0,0,0,0,0,-1,0,0,0,0,0,-1,2,0,2,0,0,0,2,0,1,0,0,0,0,0,-0.672274,0,1,-0.921481,0,0,0,-1,0,0,0,0,1,0,1,1
0,0,0,0,0,0,-1,-0.620495,1,0,0,-1,0,1,3,0,-0.675579,0,0,0,2,-1,-2,0,0,0,0,0,1,2,0,0,1.51664,5,0,0,1,0,0,0,0.281782,0,0,-0.800548,1,0,0,0,0,0,0,0,0,0,0,0,1,1,0,1,1,0,3,0,0,0,1,-1,0,0,0,0,0,0,0,0,0,-1,0,0,0,1,0,0,0,0,0,-0.67796,0,2,-0.638215,0,-1,0,1,0,0,0,1,1,1,1,1
0,-1,-2,0,-1,0,0,-0.780911,0,0,0,0,0,1,0,0,-0.397031,0,0,1,1,0,1,0,0,0,0,0,0,2,0,0,1.02574,1,0,0,1,0,0,0,0.72812,1,0,-0.73913,0,0,-2,0,0,0,0,0,0,1,0,0,0,1,0,-1,1,0,0,2,0,0,0,-1,0,1,0,0,1,0,0,-1,0,-3,0,0,0,1,0,0,0,0,0,-0.756104,0,0,-0.48603,0,0,1,-1,0,0,0,0,2,0,1,1
-1,0,0,1,0,0,0,-0.73074,0,1,0,0,0,0,0,0,-0.544149,0,0,0,0,0,0,0,0,0,0,0,0,0,0,0,0.88275,1,0,0,0,0,0,0,0.979579,2,0,-0.533238,2,1,1,0,0,0,-1,0,0,0,0,0,-1,0,0,1,0,0,1,2,0,0,1,0,0,-2,0,0,1,2,0,0,0,-3,0,1,0,0,0,2,0,0,0,-0.785714,0,0,-0.920687,0,0,0,0,0,0,0,1,0,-1,0,1
0,0,-2,0,0,0,0,-0.72093,0,0,0,-1,0,0,1,0,0.520359,0,0,0,1,0,0,0,0,0,0,0,0,0,0,0,0.63451,1,1,0,0,-2,0,0,0.835942,0,0,-0.42124,0,0,0,0,0,0,-1,0,0,0,-1,0,0,0,3,0,0,0,0,0,0,0,0,0,0,0,0,1,0,0,-1,0,0,3,0,0,-1,-2,0,1,0,0,0,-0.785714,1,0,-0.732374,0,0,6,0,0,0,0,0,3,0,0,1
0,0,0,0,0,1,1,-0.72093,0,0,0,0,0,0,0,0,-0.374473,0,-1,1,2,0,0,0,0,0,0,3,-1,-1,3,0,0.71356,3,0,2,0,0,0,0,1.187411,2,0,-0.78679,0,0,0,0,0,0,0,0,0,0,0,0,0,0,1,1,0,0,0,2,2,-1,-1,2,0,0,0,1,6,0,2,0,0,-2,0,0,0,0,0,0,0,0,0,-0.74156,0,0,-0.554432,0,0,0,0,0,0,0,1,0,-1,0,1
0,1,2,1,0,1,0,-0.514013,0,1,0,0,0,0,1,0,-0.678229,0,0,0,0,0,0,0,0,0,0,0,0,1,0,0,1.07318,6,0,0,-2,1,0,0,0.570841,-1,0,-0.797613,-3,0,-1,0,0,0,0,0,0,1,1,0,2,0,0,0,-1,0,0,0,0,0,0,1,0,0,1,0,0,0,0,0,0,0,0,0,0,0,0,1,1,0,0,-0.470437,0,0,-0.5583,0,0,0,0,-1,0,0,0,0,0,0,1
1,0,0,0,0,1,0,0.296957,0,1,0,0,-1,0,1,0,-0.739862,0,0,0,0,0,0,0,0,0,0,0,4,1,0,0,1.38562,6,0,0,2,1,0,0,2.162595,0,0,-0.650023,0,-1,0,0,0,0,0,0,0,1,1,0,0,0,0,-1,0,0,0,1,0,0,0,1,0,0,0,0,1,0,0,-2,0,0,0,1,0,0,0,0,0,0,-2,-0.219205,0,0,-0.451859,0,0,2,0,-1,0,0,0,0,3,0,1
0,0,2,1,1,0,0,1.099353,0,1,0,0,0,0,1,0,-0.52,0,0,0,0,0,0,2,1,0,1,0,0,0,0,0,0.60312,2,0,0,1,1,-5,0,0.662892,0,1,-0.799821,0,0,0,0,0,-2,0,0,0,0,1,0,2,0,0,0,0,1,0,0,0,0,0,1,0,1,3,5,0,0,0,0,0,0,-1,0,-1,-1,0,0,0,0,1,-0.636366,0,0,-0.57459,0,0,0,0,0,0,0,0,0,1,0,1
0,0,3,0,0,1,0,-0.559992,0,0,-1,-1,0,0,0,0,-0.6,0,0,0,0,1,0,0,0,0,0,0,0,0,2,0,2.14147,4,1,0,0,0,0,0,1.349178,0,0,-0.599789,1,0,1,1,-1,1,0,0,0,-2,0,0,0,0,0,0,0,0,0,1,0,0,0,0,0,1,-1,0,0,0,0,0,0,0,1,0,0,0,0,0,0,4,0,-0.274679,0,0,-0.602303,-3,0,0,0,0,1,0,0,-1,0,1,1
0,0,0,0,0,0,0,-0.820896,-2,0,0,2,0,1,1,0,-0.6,0,0,2,0,0,0,0,0,0,-1,0,0,0,0,2,1.39737,5,0,0,0,0,1,0,1.79592,1,0,-0.794715,1,1,0,0,0,0,0,0,1,0,0,0,0,0,0,0,0,0,0,1,1,0,0,-1,0,0,0,-1,0,0,2,1,1,0,1,0,0,0,1,0,0,0,-1,-0.790655,0,0,-0.310272,0,0,0,1,0,0,0,0,0,1,1,1
0,2,0,0,0,0,0,-0.903284,0,0,0,1,0,1,0,0,-0.613659,0,0,1,1,0,0,0,-1,0,0,2,-1,0,-2,0,1.46077,8,0,0,-1,5,0,0,0.522375,1,-2,-0.684567,1,0,2,0,0,0,2,0,0,1,0,2,0,0,0,0,0,-1,0,0,1,-1,1,-1,2,0,0,0,0,0,0,1,1,0,1,0,0,0,0,2,0,3,0,-0.5879,0,-1,-0.530845,0,0,0,1,0,1,0,0,1,1,1,1
1,0,0,1,0,-1,-1,-0.586207,0,-1,-3,0,-3,0,-4,1,-0.820896,0,1,0,0,0,0,0,0,0,0,0,0,0,2,0,2.37453,6,0,0,0,0,0,0,1.001696,1,0,-0.781501,-2,1,0,0,0,0,0,0,0,0,1,0,1,0,0,0,0,0,0,0,3,2,0,0,4,0,0,0,0,0,2,1,1,0,0,0,0,1,0,0,0,0,-1,-0.576036,0,0,-0.91721,0,0,0,0,0,0,0,1,1,0,0,1
0,1,0,0,0,0,0,-0.818698,0,0,1,0,0,0,0,1,-0.820896,0,0,0,0,0,0,0,0,0,-1,-1,0,0,2,-1,2.25269,14,0,1,0,-1,0,0,0.736778,0,0,0.040803,1,0,-1,0,0,0,0,0,0,0,0,0,0,-2,-1,1,0,-1,4,0,0,0,1,0,0,0,0,0,0,2,0,0,1,0,0,-2,0,1,-2,0,0,0,0,-0.599743,0,0,-0.603016,0,2,0,0,1,-4,0,1,1,1,0,1
0,2,0,0,0,0,-2,-0.77545,-1,0,0,0,0,0,0,1,-0.820896,0,0,2,1,0,1,1,0,0,0,0,0,0,0,2,1.97143,4,0,1,0,0,0,0,1.407202,0,0,-0.826087,0,-1,1,0,-1,0,0,0,0,0,0,0,0,0,1,0,0,0,2,0,1,1,-3,0,0,0,0,0,0,1,3,0,0,0,0,0,0,0,-2,1,0,0,0,-0.587207,0,0,-0.580623,-1,0,0,0,0,0,-1,0,0,0,0,1
0,0,1,-2,0,-1,-1,-0.633345,0,0,0,-1,-1,0,0,0,-0.606332,0,0,0,0,0,0,1,0,0,0,-1,0,2,0,0,0.95047,4,-2,-1,1,2,0,0,2.418639,4,0,-0.615398,0,1,0,1,0,0,0,-1,0,2,0,1,-1,0,0,0,0,1,0,0,0,0,0,1,0,1,0,0,-1,0,0,0,0,2,0,0,0,0,1,0,0,1,0,-0.475581,0,0,-0.889793,0,0,0,0,0,1,-1,2,0,0,0,1
0,-1,1,1,1,0,1,-0.531157,-1,0,-1,0,1,0,0,-2,-0.473145,0,0,0,0,0,1,1,0,0,0,0,-2,0,-1,-1,0.99727,4,0,-1,1,0,0,0,3.043267,-2,0,-0.603576,0,1,1,0,0,0,0,0,0,0,0,0,0,2,-1,0,2,0,0,1,0,1,0,0,0,0,3,0,0,2,0,0,-2,0,0,0,0,0,1,-1,0,1,-1,-0.105884,0,0,-0.538822,0,0,0,0,-1,2,3,-2,0,1,0,1
1,0,-1,-1,1,0,0,-0.697853,0,0,0,0,0,-1,5,0,-0.755475,0,0,0,0,-1,0,0,0,0,-1,0,0,2,-1,0,0.95795,17,0,0,1,0,0,0,2.282033,-1,0,-0.509224,0,1,0,0,0,0,0,0,0,0,0,0,0,0,-1,0,0,0,0,0,0,1,0,1,0,0,2,0,0,0,0,0,0,0,0,0,0,0,1,0,0,-1,0,-0.60488,0,0,-0.08168,0,0,0,1,-1,0,0,0,0,1,0,1
0,0,0,0,0,2,1,-0.850564,0,0,0,0,1,-1,0,0,0.830628,0,0,1,0,0,0,0,0,0,0,0,0,0,1,0,1.27535,2,0,0,0,0,0,0,1.86667,0,1,-0.709973,-1,-1,0,0,0,0,0,0,0,0,0,0,0,0,0,1,0,0,0,0,-1,1,1,1,2,1,0,0,0,0,0,0,1,0,0,0,0,0,0,0,0,0,0,-0.38705,0,0,3.527303,2,0,0,0,-2,1,4,3,2,1,0,1
-1,0,0,0,0,2,0,-0.536781,1,-1,0,0,0,1,0,-2,-0.604843,0,0,2,0,0,0,0,1,-1,0,0,0,0,1,0,1.82993,6,1,0,0,0,0,0,2.420923,0,1,-0.816835,0,0,0,0,0,2,0,0,0,0,0,0,1,0,0,1,0,1,0,1,0,0,0,0,0,1,0,0,0,0,0,1,0,0,0,0,1,0,0,1,0,0,0,-0.190221,0,0,-0.602634,0,0,0,0,0,0,0,1,0,0,0,1
0,0,0,-1,0,0,2,-0.436318,0,0,0,0,0,0,0,0,0.046286,0,0,0,0,-1,0,0,0,0,0,0,0,0,1,0,1.28571,2,0,0,0,1,-1,0,2.77595,-1,1,-0.642576,0,0,0,0,0,2,0,0,0,0,2,0,1,-2,0,1,0,1,1,1,0,0,-1,0,0,0,2,-1,0,0,0,1,0,0,0,0,-1,0,0,0,0,-1,0,-0.443567,0,0,-0.636364,0,0,0,3,0,1,2,0,0,3,0,1
0,0,1,0,1,0,0,-0.519889,0,0,0,0,-3,1,0,0,-0.80135,-1,0,0,0,0,0,0,0,0,0,0,0,0,0,0,1.48203,9,0,0,1,-1,0,1,1.698697,0,0,-0.791765,0,-1,3,0,0,0,0,0,0,0,0,1,0,1,-1,0,0,0,3,0,0,0,0,0,0,0,0,0,0,2,0,0,0,0,0,0,0,0,0,1,0,2,0,-0.679743,0,0,-0.519735,0,0,0,0,1,1,0,0,1,0,1,1
0,0,0,1,1,0,0,-0.838937,0,0,1,0,0,1,0,0,-0.720491,1,0,0,1,0,-2,0,0,0,0,0,0,0,2,1,1.34379,0,0,0,0,0,0,-1,2.954577,0,0,-0.725737,0,0,0,0,0,0,0,0,0,0,4,1,2,0,0,0,0,0,2,0,0,0,0,0,2,0,0,0,0,0,0,0,1,0,0,0,0,0,0,1,0,0,-1,-0.830504,0,0,-0.466299,0,0,0,0,0,0,0,0,1,2,1,1
0,0,0,1,0,1,1,-0.416724,1,0,0,0,-5,1,-1,0,-0.777778,0,0,2,-1,0,0,0,1,0,1,0,0,0,0,0,0.65662,8,0,1,0,0,0,0,2.260284,0,0,-0.758608,0,0,0,0,0,0,0,0,0,0,3,1,3,0,0,-1,0,0,0,0,0,0,0,0,0,0,0,0,0,0,0,1,0,2,0,-1,0,0,0,1,1,0,0,-0.405368,0,0,-0.602599,0,0,0,0,0,1,1,0,1,0,1,1
0,-1,0,0,0,0,0,-0.137292,-1,0,1,0,0,-2,0,1,-0.193276,0,0,1,-2,-1,0,2,0,0,0,0,0,0,-1,0,1.46329,19,-2,0,0,0,0,0,0.5,0,0,-0.894481,1,0,0,1,0,0,1,0,0,0,0,0,0,0,0,0,0,1,0,0,0,0,0,0,0,0,0,0,0,1,0,0,2,0,0,0,-2,0,0,0,0,0,0,-0.73093,0,0,-0.586852,0,0,2,-2,0,0,0,1,1,0,1,1
1,3,0,0,0,0,0,-0.691997,0,0,0,0,0,0,0,0,-0.471914,0,0,0,1,0,0,0,0,1,0,0,0,3,0,0,1.96842,3,0,-2,-2,0,0,0,0.356344,0,0,-0.702108,0,1,0,0,0,0,0,0,0,0,1,1,0,0,1,-1,0,0,0,0,0,0,1,0,0,2,0,0,0,0,0,0,2,2,0,0,0,2,0,-2,0,0,0,-0.523774,0,1,-0.716109,3,0,3,0,0,0,0,0,-1,0,1,1
0,0,0,2,0,0,-1,-0.732867,3,1,-2,0,0,0,0,0,-0.292405,0,-1,1,0,2,0,0,0,0,0,0,0,0,0,0,1.95712,5,0,-1,0,0,0,0,1.249031,-1,0,-0.860459,0,1,0,0,0,0,1,0,0,0,0,0,0,0,1,-1,0,0,1,0,0,0,0,0,0,1,0,0,0,-1,2,0,3,0,0,0,0,-1,0,0,0,0,0,-0.468744,0,0,-0.555556,0,0,0,0,-4,0,0,-1,0,0,1,1
0,1,0,-3,0,1,-1,-0.75,0,0,0,0,0,0,0,0,-0.764706,1,0,1,0,1,0,0,0,0,0,0,0,1,0,0,0.95899,5,0,0,3,0,1,0,0.825397,2,1,-0.601556,0,0,0,-1,1,-1,0,0,-1,-6,2,3,0,0,0,0,0,0,1,1,0,0,1,3,0,2,0,0,0,0,0,0,0,1,0,0,0,0,0,0,0,0,0,-0.550218,0,0,-0.804408,0,0,0,0,-1,0,0,0,1,0,1,1
0,0,1,0,0,0,1,-0.765016,0,0,-1,0,1,-1,0,0,-0.737564,0,0,0,0,1,0,0,0,0,0,0,0,0,0,0,1.44557,4,0,0,1,1,0,0,0.820951,7,0,-0.819112,1,0,2,0,0,1,0,0,0,0,1,0,0,-1,1,2,0,0,1,1,0,1,0,-2,2,1,1,-1,0,0,0,0,0,1,0,0,0,0,0,-1,1,0,0,-0.549229,0,0,-0.833243,4,0,0,0,0,0,0,0,-1,1,1,1
0,0,0,0,1,0,2,-0.75,0,0,-1,0,0,0,0,0,-0.805449,0,0,0,0,0,0,0,0,0,0,0,2,0,-2,0,3.56089,6,1,0,0,0,1,0,0.843305,0,0,-0.695675,0,0,0,0,1,0,1,0,1,0,1,2,0,0,0,0,0,-1,-1,1,0,1,1,3,0,-1,1,0,0,0,0,0,-5,0,0,0,-2,0,0,0,1,0,-1,-0.686883,0,0,-0.447116,0,0,2,1,0,0,0,0,1,-4,1,1
1,0,0,0,0,0,0,-0.101894,0,0,0,0,1,0,0,0,-0.75061,0,0,1,0,0,2,0,0,0,0,0,0,2,1,0,1.62125,9,0,0,0,1,1,1,0.379305,0,1,-0.778087,0,0,0,0,0,0,0,0,0,0,1,0,0,0,0,0,1,0,0,0,0,0,1,0,0,0,0,0,0,0,0,0,1,2,0,0,0,0,1,2,0,0,1,-0.1853,0,0,-0.637936,0,0,0,-2,0,0,0,0,0,0,1,1
-1,0,-1,0,0,-1,0,-0.420016,-1,0,0,0,0,0,0,0,-0.806452,0,0,1,0,1,0,0,0,1,-1,-1,0,0,1,0,1.59242,12,1,0,0,1,1,0,0.816195,2,0,-0.790013,0,-1,-1,0,0,1,0,1,0,2,-1,0,0,0,0,0,1,-1,1,0,0,0,1,2,0,-2,1,0,0,0,0,0,0,0,1,0,0,-2,0,0,0,0,-3,0.553474,0,0,-0.737485,-2,0,0,0,1,0,0,0,0,0,1,1
0,-1,4,0,1,0,0,-0.369979,0,0,0,0,-1,0,0,1,-0.806452,0,0,0,0,0,2,1,0,0,0,0,0,0,0,0,1.57143,3,0,0,1,1,1,0,0.908449,3,0,-0.772879,0,-1,0,2,0,0,0,0,1,4,0,0,0,0,0,0,0,0,0,0,0,1,0,0,3,0,2,0,0,-1,0,0,0,2,1,0,0,0,0,1,0,-1,0,-0.358546,1,0,-0.464551,2,1,0,0,0,-2,2,-1,0,0,1,1
0,0,0,0,0,0,0,-0.729164,0,0,0,0,0,0,0,0,-0.72125,0,1,0,0,0,0,0,0,0,0,2,0,0,0,2,0.93042,4,0,0,1,0,0,0,1.157698,0,0,-0.545371,0,0,0,0,1,0,0,0,0,0,0,0,0,0,0,-1,0,0,0,2,0,0,1,0,0,0,0,1,0,-1,0,0,1,-1,0,0,0,0,0,4,0,0,0,-0.7,0,-1,-0.722749,0,0,0,0,0,0,0,1,1,-1,1,1
0,0,0,0,0,4,-1,-0.656489,0,0,0,0,1,0,0,1,-0.27696,1,0,0,-2,1,0,-1,-3,-1,0,0,0,0,-1,0,1.03435,7,0,0,0,0,0,0,1.237803,0,1,-0.635335,0,0,0,0,0,1,1,0,0,0,1,0,0,0,0,0,0,0,1,0,1,-1,0,2,2,0,0,0,2,1,0,0,1,0,0,0,0,0,0,0,0,3,2,-0.682064,-1,0,-0.922261,0,0,0,0,1,0,0,0,1,0,1,1
0,0,1,-1,0,0,0,-0.420556,0,0,1,0,0,0,0,1,-0.707317,1,0,0,0,1,-2,0,0,1,0,0,0,-2,1,0,1.02869,4,0,0,0,0,-1,0,0.588265,-1,-1,-0.656689,-1,1,0,0,0,0,0,0,0,6,2,2,0,0,1,0,0,-1,0,0,0,0,1,0,0,0,0,0,-2,0,-1,0,0,0,0,0,0,1,0,-1,0,0,0,-0.555438,0,0,-0.670364,0,-2,0,0,0,0,0,1,1,0,1,1
0,0,0,0,0,0,0,-0.857344,0,0,0,0,0,0,5,1,-0.376725,0,0,0,0,0,0,-1,0,0,0,0,0,0,0,1,1.02936,0,0,0,0,5,0,0,0.407099,0,1,-0.686696,0,0,1,0,1,0,0,1,0,0,0,1,0,0,0,0,0,1,0,0,0,0,-1,0,0,0,0,-1,-1,0,0,0,0,0,0,0,0,0,1,-1,0,0,-1,-0.65693,0,0,-0.375515,0,0,0,0,0,0,0,0,0,0,1,1
0,-2,2,1,0,0,0,0.693788,2,0,-2,0,0,0,1,0,-0.810254,0,2,0,-1,0,-1,0,0,0,1,2,0,0,1,0,1.11874,0,0,0,0,-1,0,-1,0.859117,-1,0,-0.694736,1,0,0,0,0,0,0,0,0,-1,0,0,0,0,-2,0,0,0,0,0,0,0,0,1,3,0,0,0,2,0,4,0,0,3,0,0,0,0,0,0,0,0,0,-0.646161,0,0,-0.568284,0,0,2,1,0,0,1,0,0,0,1,1
0,-1,-1,0,0,1,0,-0.124891,0,-1,-1,0,-1,0,0,0,-0.838363,0,0,2,0,0,0,-2,0,0,1,0,-1,0,0,0,0.42444,0,0,0,-1,0,0,0,0.524769,2,2,-0.472262,-1,0,-1,0,0,0,0,0,0,0,2,0,0,0,1,0,0,-1,0,1,-1,0,2,0,2,0,0,0,0,0,0,0,1,0,0,0,0,0,1,0,0,0,1,-0.487228,0,-1,-0.572405,0,-1,0,0,0,0,-2,0,0,0,1,1
0,0,0,0,0,0,0,-0.313609,0,1,0,0,0,0,0,0,-0.845209,1,0,0,0,0,0,0,0,0,0,0,0,-1,-2,0,1.14286,1,0,0,0,-2,-2,0,1.948818,1,0,-0.392008,2,0,-1,1,0,-3,0,1,0,0,0,3,0,0,-1,0,0,0,0,0,0,1,0,0,0,0,1,0,0,0,2,0,1,0,1,0,0,1,1,-1,0,0,3,-0.72093,0,0,-0.171044,0,0,0,0,0,1,0,3,0,0,1,1
0,1,0,-2,0,0,0,-0.369767,0,1,0,0,0,0,4,0,-0.369195,0,1,0,0,-1,0,0,0,0,0,0,0,0,-1,2,1.38488,1,0,1,0,0,0,0,2.211377,1,0,-0.644416,0,0,0,0,0,0,1,0,0,0,1,0,0,0,-1,0,0,0,0,1,0,1,0,0,0,0,0,0,0,0,2,0,1,-1,0,0,0,0,0,0,0,1,0,-0.72093,0,1,-0.727335,0,0,0,0,0,0,0,0,2,0,1,1
0,0,0,0,0,0,1,-0.51701,0,1,0,0,0,0,5,0,-0.676047,0,0,1,0,0,0,0,0,0,0,0,2,3,0,0,1.05552,1,0,0,0,0,0,1,0.543205,0,-1,-0.687368,0,0,0,0,0,0,0,0,-1,0,0,1,0,0,0,0,0,0,1,0,0,2,0,1,-1,0,-1,2,0,0,0,0,0,-1,0,-2,0,0,0,-1,0,-1,0,-0.36137,0,1,-0.865167,0,0,1,0,0,0,0,0,0,0,1,1
0,-1,0,1,0,0,0,-0.49658,1,0,0,1,-2,2,0,1,-0.627549,0,0,1,1,0,0,-1,0,1,0,2,0,0,0,-1,1.16193,0,0,0,0,0,0,0,1.692738,0,0,-0.505698,0,0,1,-1,0,0,0,-2,0,0,0,2,0,0,0,0,0,0,0,0,0,-3,1,0,0,0,0,0,1,0,0,0,0,0,0,-2,0,0,0,0,0,0,0,-0.581895,0,0,-0.645009,0,0,0,0,0,0,0,0,0,1,1,1
0,0,-1,1,0,0,0,-0.661832,0,0,0,1,0,0,0,1,-0.829579,0,0,1,1,0,0,0,0,0,0,0,0,0,0,-1,0.52412,5,-1,0,0,1,-1,0,2.882056,0,1,-0.803355,0,0,0,0,0,-1,0,0,0,0,0,0,0,0,0,-1,-1,0,0,0,0,1,1,-1,0,0,2,0,0,0,2,-1,-3,0,0,-2,-1,0,0,1,0,0,0,0.086999,1,0,-0.616367,2,0,3,0,0,0,1,0,0,1,1,1
0,1,0,0,0,3,0,-0.657143,0,0,0,1,0,0,0,0,-0.669178,0,0,1,2,1,0,0,0,0,0,2,0,0,0,0,1.99269,5,1,0,-2,0,0,0,1.996053,0,-1,-0.429822,3,0,0,0,0,1,0,0,0,0,1,0,-4,1,-4,0,0,0,0,0,2,0,1,0,0,0,0,1,1,1,0,0,-1,-1,-1,1,2,1,0,1,0,0,-1,-0.294118,0,0,-0.47319,2,0,0,-1,0,-4,0,0,0,0,1,1
0,0,0,0,0,0,0,-0.762386,0,1,-1,0,0,0,-1,0,-0.784931,0,0,0,0,0,0,1,0,0,0,0,0,0,0,0,1.17341,2,0,0,0,1,1,1,0.654088,0,0,-0.646388,1,4,0,0,-2,-1,-1,0,0,0,0,0,-1,0,0,0,0,0,-1,1,0,1,0,0,0,0,1,1,2,0,2,-1,1,0,0,0,0,2,0,-1,0,-2,-1,-0.734836,0,0,-0.467494,0,0,0,1,1,0,0,0,1,0,0,1
0,0,1,0,0,0,0,-0.50691,0,0,0,1,1,-2,4,1,0.100374,0,0,0,1,0,0,0,0,0,0,0,-1,0,-3,1,0.75898,3,0,0,0,0,1,0,2.481146,0,0,-0.404304,0,0,-1,0,0,1,-1,0,0,-1,0,0,0,0,0,1,0,0,0,0,0,1,0,0,0,0,1,-3,0,0,0,1,0,0,0,0,0,0,0,0,0,0,0,-0.490929,0,1,-0.428571,0,0,0,1,0,0,0,0,0,0,0,1
0,0,0,0,-1,1,0,-0.478261,0,0,0,0,0,0,0,1,0.930082,0,-1,0,0,0,0,0,0,0,0,0,0,0,0,0,0.74263,3,1,0,-1,1,0,0,0.863911,0,0,-0.788457,0,0,0,0,0,0,1,0,0,0,2,0,0,1,0,0,0,0,1,0,0,1,1,0,3,0,-6,1,0,1,0,0,0,0,0,0,1,0,0,0,0,0,0,-0.635387,0,1,-0.854998,2,0,0,0,0,0,0,0,1,0,0,1
0,0,0,0,0,0,0,-0.649831,0,0,0,1,0,0,-3,-1,1.66667,0,0,1,0,1,2,0,0,0,0,0,0,0,1,0,1.23692,6,0,0,0,0,1,0,1.033629,1,0,-0.703436,0,-1,0,-1,0,0,1,0,0,1,0,0,0,1,-2,1,0,0,0,1,1,0,0,0,2,0,1,0,-1,0,0,0,1,0,0,0,0,0,0,0,0,1,0,0.463455,0,0,0.386856,2,0,0,0,2,0,0,0,0,0,1,1
0,-1,1,0,0,0,0,-0.454545,0,0,0,1,0,0,0,0,1.66667,0,0,1,0,0,0,0,0,0,0,0,0,0,1,-1,1.2655,7,0,0,0,1,1,0,1.630382,-2,0,-0.778273,0,0,0,-1,0,0,1,0,0,0,0,1,0,1,0,0,0,0,-1,0,1,0,0,-1,1,0,2,2,0,0,2,0,0,0,0,0,0,-1,0,0,0,0,-2,-0.491758,0,0,-0.928438,2,0,0,0,0,0,0,0,0,0,1,1
0,0,0,-1,0,0,1,-0.405964,1,0,0,-2,-2,0,0,0,6.637851,0,0,2,-1,1,0,0,0,0,0,2,2,1,1,0,1.37992,6,2,0,1,0,1,-1,0.762936,-2,0,-0.738882,0,0,0,0,0,-2,1,0,0,0,1,1,0,0,0,0,0,0,1,0,1,0,1,0,2,0,0,0,0,0,4,0,0,0,0,0,-1,0,0,2,0,0,0,1.242967,0,0,-0.089826,0,0,0,0,0,0,1,0,1,0,1,1
0,0,0,2,0,0,1,-0.800793,1,1,1,1,1,0,0,0,-0.835242,1,-1,0,-1,1,2,0,0,0,0,0,0,0,0,0,3.08571,8,0,0,-1,0,0,1,0.395923,0,1,-0.888889,0,0,0,0,0,0,0,0,0,0,1,1,-2,1,0,0,0,0,0,0,0,1,0,-1,0,0,0,2,0,0,3,0,0,-2,1,0,0,1,0,0,0,0,0,-0.649758,0,0,-0.729521,0,2,0,0,0,0,0,0,0,0,1,1
0,2,-1,0,0,0,1,-0.792663,0,2,0,0,0,0,3,0,-0.838792,1,-1,1,0,0,0,0,0,1,1,0,2,0,0,0,3.08571,2,0,0,0,1,0,1,0.666667,0,1,-0.887372,0,0,0,0,0,0,0,0,0,0,0,0,0,0,0,0,0,0,0,0,0,0,0,1,1,-1,0,2,-1,0,0,0,0,1,0,0,0,0,0,6,0,0,0,-0.725165,0,0,-0.557047,0,0,0,0,0,0,0,-1,0,0,1,1
1,0,0,0,0,0,0,-0.145126,0,0,0,0,0,0,0,0,-0.815371,1,1,2,0,0,0,1,0,1,0,0,0,0,0,0,2.87474,1,0,0,0,1,0,1,0.652668,0,1,-0.880162,2,-1,0,0,0,0,0,0,1,0,0,0,0,0,0,0,0,0,0,0,0,1,-1,0,1,0,0,0,3,0,0,0,0,1,-1,0,1,0,-2,0,0,3,0,-0.675676,0,0,-0.697468,2,0,0,0,0,0,2,2,0,0,1,1
0,0,-1,0,0,-2,0,-0.516044,0,0,0,0,0,0,0,0,-0.852362,0,0,1,2,1,0,0,0,0,0,0,3,0,0,0,0.96967,1,0,0,0,-3,0,0,0.888052,0,0,-0.19081,0,1,0,0,1,0,0,0,0,0,1,0,-4,0,0,-1,0,1,0,0,0,0,0,0,0,0,0,0,1,2,0,0,-1,0,0,0,0,2,0,2,0,0,1,1.06313,0,1,-0.437689,0,0,0,0,1,0,0,0,0,0,0,1
0,2,0,1,0,0,-1,-0.367678,-2,1,0,0,0,0,0,2,-0.670763,0,0,1,0,0,0,0,0,1,0,0,0,0,0,0,1.02522,1,0,0,0,0,0,0,0.778362,0,0,-0.795286,0,0,0,1,0,0,0,0,0,0,1,0,0,0,0,1,0,0,0,-1,0,0,0,0,-3,0,0,-1,1,0,-1,0,0,1,0,0,0,0,0,0,1,0,0,-0.707317,0,1,-0.80053,1,0,0,0,0,-1,0,0,0,1,0,1
0,0,0,1,0,0,0,-0.634137,3,0,0,0,0,0,-1,0,-0.485664,0,0,0,0,0,-1,0,0,-1,1,0,0,0,0,0,0.78554,2,0,0,0,0,1,0,0.416394,0,0,-0.506505,0,0,0,0,1,0,-1,1,0,0,0,1,0,0,0,0,-1,0,0,0,2,0,0,0,0,0,1,0,0,0,0,0,-1,0,0,0,0,1,0,0,0,2,1,-0.7551,0,1,-0.714286,-1,1,0,0,0,0,1,0,0,1,0,1
0,0,0,0,0,0,0,-0.538658,0,0,0,0,0,0,0,1,-0.574536,0,0,0,0,0,0,0,-1,0,0,0,0,0,0,0,1.53124,11,1,0,0,0,0,0,2.307549,0,0,-0.569456,0,0,1,0,0,3,0,0,0,2,0,3,0,0,0,3,0,0,0,0,0,0,2,0,3,0,0,0,0,2,0,0,0,1,0,0,0,0,0,0,0,0,0,-0.667949,0,0,-0.731927,0,0,0,0,0,-1,0,0,0,0,1,1
0,4,0,0,0,0,0,-0.448842,0,0,0,0,1,-1,0,1,-0.657143,0,0,0,0,0,0,0,0,0,0,0,0,1,0,0,2.42419,8,1,0,-3,1,-1,0,3.73474,0,2,0.208904,0,0,1,0,-1,0,0,0,0,0,-2,6,0,0,2,0,0,0,0,0,0,0,0,0,2,1,0,0,0,4,-1,0,-1,1,0,0,0,0,0,0,0,0,0,-0.6,0,0,-0.625583,0,0,-1,0,0,0,0,0,0,-1,1,1
0,0,0,0,0,1,-1,-0.516406,0,0,0,0,0,3,-2,1,-0.733251,0,0,0,1,0,2,1,0,0,0,0,0,4,0,0,2.75105,11,0,0,1,0,0,2,3.14189,0,0,-0.627059,-1,0,0,0,0,0,0,0,0,1,0,0,0,0,0,0,0,0,0,1,0,0,1,0,2,0,0,0,0,-3,0,0,0,0,0,0,0,0,0,0,0,0,0,-0.703601,0,0,-0.822958,0,0,0,0,0,0,-1,0,0,0,1,1
-1,0,0,0,0,0,0,-0.633609,1,-1,1,0,0,0,0,0,-0.501537,0,1,1,-1,0,0,0,0,0,0,0,0,1,0,2,0.81529,-6,1,0,1,0,0,0,2.106361,0,0,-0.481923,0,-1,0,0,0,0,0,0,0,0,0,0,0,0,0,0,0,1,0,0,-1,1,1,0,0,1,0,0,0,0,0,1,0,0,0,0,0,1,0,0,0,0,0,-0.426565,0,0,-0.698962,0,0,0,0,0,0,3,0,0,0,0,1
0,0,-1,0,0,0,2,-0.614387,0,0,-1,1,0,0,0,0,-0.449817,0,0,1,0,0,0,0,0,2,0,0,0,1,0,0,0.91429,5,0,0,0,0,0,0,1.471749,0,0,-0.586546,0,0,0,0,0,0,0,0,0,1,0,0,0,0,0,0,-2,0,-1,0,-1,1,1,0,0,0,4,0,2,2,0,1,-1,0,0,0,0,1,0,2,0,0,0,-0.612874,0,0,-0.781016,0,0,0,-1,0,-1,0,0,1,0,0,1
1,0,0,1,0,0,0,-0.540977,0,0,0,0,2,0,2,0,-0.524429,0,1,1,0,0,0,0,-1,1,0,0,0,0,2,0,0.91429,18,0,0,-1,0,-2,0,1.13856,2,0,-0.783287,0,0,0,0,2,0,0,0,0,-2,0,0,0,2,0,0,0,0,-1,0,0,1,1,0,0,0,0,0,2,0,0,1,0,0,0,1,0,1,0,0,0,0,0,-0.547251,0,0,-0.911309,0,0,2,0,0,1,0,0,0,-1,0,1
0,0,1,0,0,0,0,-0.502918,0,-1,-1,0,0,0,-2,0,-0.605723,0,0,0,-1,0,1,0,0,0,0,0,0,-5,0,0,0.70416,0,0,0,0,0,0,0,0.579757,0,0,1.651448,-1,1,0,0,1,1,0,0,0,0,0,0,0,0,-1,0,0,0,0,1,0,0,0,0,0,0,1,-3,0,0,0,0,-1,0,-1,0,0,0,-1,2,0,0,1,-0.803279,0,0,-0.359215,0,0,-1,-2,1,1,0,0,0,0,0,1
-1,4,0,0,0,0,0,-0.698691,0,0,0,1,-1,1,0,0,-0.865542,0,0,1,0,0,0,0,0,0,0,0,3,0,0,0,1.51804,2,0,1,0,0,0,0,0.530658,1,0,-0.66424,-2,1,0,0,1,0,0,0,-3,0,0,0,0,0,0,0,0,1,-1,0,0,0,0,0,0,0,0,0,0,0,0,1,0,0,0,0,0,0,0,1,-1,0,0,-0.783635,0,0,-0.490026,-1,0,-1,0,1,0,0,0,0,0,0,1
0,-1,0,0,-1,0,0,-0.697715,0,0,-2,1,-1,0,0,0,-0.347165,1,1,1,0,0,0,0,0,-1,0,-1,3,0,0,0,0.89335,2,0,0,0,0,1,0,0.817707,1,0,-0.217186,0,1,4,-1,0,0,1,0,0,0,0,0,1,0,0,1,0,1,-2,0,-1,0,0,0,0,0,1,0,0,0,0,0,1,0,0,0,0,1,0,0,0,1,0,-0.743688,0,0,-0.532509,0,0,0,0,1,0,0,0,0,0,0,1
0,1,0,0,0,0,0,-0.514106,0,0,-1,1,0,0,1,1,-0.4,0,0,0,-1,0,0,0,0,0,0,0,0,0,0,0,1.92062,4,0,0,3,0,0,1,1.179312,2,0,-0.764007,0,-1,0,0,0,0,-1,-1,0,0,0,1,0,0,1,0,0,0,0,0,-2,0,0,0,0,1,0,0,0,0,0,0,0,0,0,0,-1,0,0,0,0,1,0,-0.612025,0,0,-0.257516,0,0,0,0,0,0,0,0,0,0,1,1
0,2,0,-2,0,0,0,-0.676482,2,0,-1,1,0,-1,0,0,-0.664547,0,1,0,0,0,-1,-1,0,0,0,0,4,-2,0,0,1.4,2,0,0,0,0,0,0,1.02041,1,1,-0.709852,0,0,0,0,-2,0,-2,0,0,0,0,1,0,0,1,0,0,0,0,0,0,0,0,-3,-2,1,0,1,0,0,0,0,1,0,1,0,0,0,0,1,0,1,0,-0.515018,0,0,-0.565152,0,0,0,0,0,0,0,0,0,0,1,1
0,0,1,0,0,2,0,0.06982,2,0,0,1,0,0,-1,1,-0.4,0,1,0,0,0,0,0,1,0,0,0,0,0,0,0,2.08577,1,0,-1,0,0,0,0,1.24255,1,-1,-0.635947,0,0,0,-1,0,1,0,0,-1,0,0,0,0,0,1,0,-1,0,0,-1,0,0,0,0,2,2,0,0,0,0,2,0,1,0,0,0,0,-1,0,0,0,1,0,-0.649382,0,-1,-0.602971,0,0,-1,0,0,2,1,0,1,-2,1,1
0,0,0,0,0,0,3,0.259642,0,0,-1,0,0,0,0,0,-0.387036,-1,1,0,0,0,1,0,0,0,0,0,0,2,2,0,0.91333,8,0,0,1,1,0,0,1.677606,0,0,-0.626785,-3,0,1,0,0,0,0,0,0,0,0,1,-1,0,0,-1,1,0,1,1,0,1,0,0,7,0,0,0,0,-2,0,0,0,0,0,0,1,0,0,0,0,0,0,-0.662137,0,0,-0.694215,-2,-1,-1,0,0,0,0,0,0,0,0,1
0,0,-1,-1,0,-1,3,-0.08029,0,0,0,0,0,0,0,-1,-0.546186,0,1,0,3,0,-1,0,0,0,3,0,0,1,4,0,1.06921,8,0,0,1,-2,-1,0,0.489482,-1,0,-0.639835,0,1,0,2,3,-1,1,0,0,0,-2,0,-2,-1,0,1,0,-1,1,0,6,0,0,0,0,0,0,2,0,0,0,0,0,0,0,0,0,0,0,0,0,1,-2,0.285369,0,0,-0.62804,0,0,0,0,0,0,-1,0,0,0,0,1
0,0,1,1,0,0,1,-0.769231,0,0,0,0,1,0,0,0,-0.779075,0,1,0,1,0,1,0,0,0,0,0,-1,0,0,0,0.5688,3,0,0,0,0,0,0,0.34886,0,0,-0.641638,0,0,0,0,0,0,0,0,0,-3,0,0,0,0,1,0,0,0,0,0,1,1,-1,0,0,0,0,0,0,0,0,0,-1,0,0,0,0,-2,0,0,0,0,0,-0.415847,0,0,-0.684892,0,0,-1,-1,0,0,-1,0,0,1,0,1
0,0,0,1,0,-2,-1,-0.597578,0,0,0,0,0,0,2,3,-0.700658,0,0,1,-3,0,0,0,2,0,-1,0,0,-1,-1,-1,1.64197,6,0,0,0,0,0,0,0.343412,1,0,0.378505,0,0,0,0,0,1,0,0,0,0,0,0,0,0,0,0,0,0,0,1,0,1,0,0,0,0,0,0,0,0,0,0,-1,0,0,0,0,0,0,0,0,0,0,-0.533066,0,0,-0.917661,0,0,0,0,-1,0,-2,0,0,4,0,1
0,0,0,0,0,1,0,-0.462674,0,0,0,0,-1,1,0,0,-0.418503,0,0,0,0,0,0,-1,-1,1,1,0,0,0,0,-1,0.73736,0,0,0,2,0,-2,0,0.307692,0,1,-0.434576,0,-1,0,1,-1,0,0,0,0,0,1,1,0,0,1,0,0,1,0,0,-1,1,0,-1,0,0,0,0,0,-5,0,0,0,-1,-1,0,0,0,0,-2,0,0,0,-0.692308,0,0,-0.531841,1,0,0,0,0,0,0,0,-1,-2,0,1
0,0,0,1,0,0,0,-0.543024,0,0,0,0,0,1,1,0,-0.681648,0,0,1,0,1,0,-1,0,0,0,0,0,0,-1,0,1.70444,2,0,0,0,3,0,0,0.305975,0,1,1.020801,1,0,1,0,0,1,1,-1,0,0,0,0,1,0,-2,0,0,1,-1,0,0,1,1,2,0,0,0,0,-2,0,-1,0,-2,0,0,0,1,0,1,0,0,0,0,-0.242537,0,0,-0.795149,-3,0,0,0,0,2,0,0,0,0,0,1
2,0,1,1,2,0,0,-0.748794,0,-1,0,0,0,1,0,0,-0.42333,0,0,0,0,0,0,2,0,0,0,-3,0,-1,0,0,1.02314,0,0,2,1,1,0,0,0.5,0,0,-0.531835,0,1,1,0,0,0,0,0,0,0,0,0,1,1,-2,0,0,0,2,1,0,0,0,0,6,0,0,0,0,0,0,0,0,0,0,0,1,0,0,0,0,1,1,-0.824029,0,0,-0.763237,-1,0,0,0,0,1,0,-1,0,0,0,1
1,0,0,1,0,-1,0,-0.73913,0,0,0,0,1,0,0,-1,-0.595685,0,1,0,0,-1,-1,-1,0,0,0,0,0,0,0,-1,0.97143,0,0,0,1,0,0,0,0.5,0,0,-0.654619,0,0,0,0,0,-1,0,0,0,0,0,-1,-2,0,0,-3,0,0,0,0,0,0,-1,0,2,0,0,-2,1,-2,0,0,0,0,0,0,-1,0,0,1,0,1,0,-0.798658,0,0,-0.760136,0,0,-1,0,0,2,0,0,0,0,0,1
-1,0,0,0,0,1,0,-0.77887,0,1,0,0,1,1,1,0,-0.53195,0,0,0,0,0,0,0,0,0,0,0,0,0,0,0,0.9759,6,1,0,0,0,0,0,1.084855,0,0,-0.656777,0,0,0,0,0,0,0,0,0,1,0,0,1,1,-1,0,0,0,0,1,0,0,2,0,-1,1,0,1,-1,0,-1,0,0,-3,1,0,1,0,0,1,0,0,1,-0.755102,0,0,-0.777778,0,0,0,2,0,1,0,0,-2,0,0,1
0,0,1,-1,-1,0,0,-0.246292,0,0,0,1,1,0,0,0,-0.666873,0,1,0,0,0,0,0,0,0,-1,0,0,-1,0,0,1.20208,9,0,0,0,0,1,1,0.790376,2,4,-0.72561,0,0,0,0,-1,0,0,0,0,-1,1,0,0,0,0,2,0,0,2,0,3,-1,0,0,-1,0,0,0,0,3,-1,0,0,0,0,1,-1,0,0,0,0,0,0,-0.70026,0,0,-0.731806,3,0,2,0,1,0,0,-1,0,0,1,1
0,0,-3,0,0,0,0,-0.801495,0,0,0,0,0,-2,0,0,-0.693312,0,0,0,0,-1,0,0,0,0,0,0,0,0,0,-1,1.5491,12,0,0,1,0,0,0,3.174279,0,1,-0.732516,1,2,0,0,0,0,0,0,0,1,-1,1,0,0,-1,1,0,0,0,0,0,0,-1,0,0,0,0,0,0,0,0,0,0,2,0,0,0,-1,0,0,0,0,0,-0.776561,0,0,-0.141187,0,0,0,0,0,0,0,0,0,0,1,1
0,0,-1,0,0,0,0,-0.452495,0,0,0,0,0,0,0,0,1.017784,0,0,0,0,0,0,2,0,0,0,0,0,0,1,0,1.24979,6,0,0,-1,1,0,0,1.844676,0,0,-0.686225,2,0,0,0,0,0,0,0,0,0,0,0,0,0,0,2,-1,1,0,0,1,0,0,-1,4,0,1,0,-1,5,2,0,0,2,-1,0,0,0,0,0,0,0,0,-0.113941,0,0,0.100047,0,0,0,0,1,0,0,-1,0,0,1,1
0,1,1,0,0,1,1,-0.739669,0,0,0,0,1,1,0,0,-0.512674,0,0,0,0,0,3,0,0,0,0,2,0,0,0,0,1.46568,7,0,0,0,0,0,0,1.19508,0,-1,-0.794504,0,0,0,0,0,0,0,0,0,0,-1,0,0,0,0,0,0,0,2,0,0,1,0,3,0,0,1,0,1,0,0,0,1,0,0,1,0,0,0,0,0,0,0,0.567007,0,0,-0.710511,0,0,0,1,0,0,0,0,0,0,1,1
0,0,0,-1,0,3,3,-0.634274,0,0,1,0,0,0,0,0,-0.75,0,0,0,0,2,0,0,0,0,0,0,0,2,0,1,1.50669,5,0,1,0,1,1,0,1.254065,-2,0,-0.771564,1,-1,0,0,0,0,0,0,0,0,1,0,1,0,-3,0,0,-1,1,0,0,1,0,0,0,0,0,0,0,0,0,0,0,0,0,0,0,0,0,1,0,0,0,-0.611316,1,2,-0.494817,0,0,0,2,0,3,0,1,1,0,1,1
0,-1,0,0,0,0,0,-0.660309,0,1,1,0,0,0,0,0,-0.34319,0,0,0,0,0,0,2,0,-2,0,0,2,0,1,1,1.39187,5,0,1,0,1,0,0,1.164532,2,0,-0.771076,1,0,0,0,0,1,0,0,0,0,-4,0,0,0,2,0,0,2,1,0,0,1,0,0,0,0,2,0,0,0,0,0,0,0,0,0,0,0,0,1,0,0,0,-0.333333,1,0,-0.664647,0,0,0,0,1,0,0,1,1,0,1,1
0,0,0,0,0,0,0,1.376549,0,-1,-1,-1,0,0,1,0,0.524738,0,0,0,0,-1,0,0,0,0,0,0,0,2,1,0,1.1578,1,0,0,0,0,1,0,1.730887,1,0,0.739516,0,0,-2,1,2,0,0,0,0,0,0,0,0,1,0,0,1,0,0,-1,0,0,1,0,2,0,0,0,3,0,1,0,0,0,0,0,0,0,0,0,0,0,0,-0.571429,0,1,-0.58956,0,0,2,0,0,0,0,0,1,0,0,1
1,0,0,1,0,0,0,-0.6,0,0,2,0,0,1,0,0,-0.333333,0,1,0,0,0,0,0,0,0,0,1,0,0,0,0,1.15938,1,1,0,0,0,0,0,0.36,0,0,3.078194,0,0,0,0,0,0,0,0,-1,0,-2,0,1,1,-3,0,1,0,1,0,0,0,0,0,0,0,0,0,3,0,-1,0,0,0,0,-1,0,0,0,1,0,-3,0,-0.60839,0,1,-0.155441,0,0,-1,0,0,3,0,-2,1,0,0,1
0,0,0,1,0,0,0,0.938337,0,0,0,0,-1,0,0,0,-0.170222,0,0,0,0,-1,0,0,0,0,0,0,0,0,0,-1,2.02554,12,0,-1,0,2,0,0,0.36,0,0,0.526407,0,0,0,0,0,0,-1,-1,0,0,0,0,0,1,0,0,0,0,2,0,0,-2,0,0,-1,0,0,1,0,0,0,0,1,0,0,0,0,0,0,1,0,1,1,-0.643439,0,1,-0.667084,0,0,0,-1,1,0,0,0,0,0,0,1
0,2,0,0,0,-2,0,0.301853,0,0,2,0,-1,0,0,0,-0.72165,0,0,0,1,0,0,0,0,0,0,0,0,5,2,0,0.97143,-9,0,0,0,1,0,0,3.239079,0,0,-0.645063,0,0,3,0,-2,0,-1,0,-3,3,1,0,0,0,0,0,0,1,0,1,1,0,1,-3,2,0,0,0,0,0,0,-1,0,0,0,0,0,0,1,1,0,0,0,-0.607426,0,0,-0.745251,0,0,0,0,1,0,0,0,0,-1,1,1
0,0,0,-2,0,-1,0,-0.401983,-1,0,-1,0,0,1,4,0,-0.576954,0,1,0,1,0,0,0,0,0,0,0,-1,0,0,0,1.0242,4,0,0,0,1,0,1,1.35294,5,3,-0.440946,0,1,0,0,0,0,0,0,0,-1,0,2,0,0,1,3,0,1,2,1,0,1,0,0,0,0,1,0,1,0,0,0,0,0,0,0,0,0,0,1,0,-1,0,-0.539434,0,0,-0.878375,0,0,0,0,0,0,0,0,0,0,1,1
0,0,0,-3,0,0,0,2.008694,0,0,-3,0,0,1,0,0,-0.612903,0,1,0,-1,0,0,0,0,0,0,0,0,0,0,0,0.98026,7,0,-1,-1,0,0,0,1.948379,0,0,-0.416867,0,0,0,-1,0,0,0,0,0,0,0,-1,0,0,0,0,0,1,1,1,1,0,1,0,2,0,1,1,1,0,0,0,0,0,0,0,0,1,0,1,0,0,2,-0.278423,0,0,-0.657363,0,0,0,0,0,0,0,0,0,0,1,1
0,-4,0,0,0,-2,0,-0.634355,0,0,0,0,0,-1,0,0,-0.468237,0,0,1,1,0,0,0,1,0,0,-1,0,-1,1,0,1.92109,3,2,0,0,1,0,0,0.567408,0,1,-0.792584,1,1,1,0,0,0,0,1,0,-1,0,1,0,0,0,1,0,0,1,-1,0,0,1,1,0,2,0,0,3,1,0,0,0,0,0,0,0,0,1,0,0,-2,0,-0.034489,0,0,-0.542665,0,0,0,0,0,0,1,0,1,0,1,1
0,0,0,0,0,2,0,-0.699484,0,1,0,0,2,-1,0,1,0.415013,0,0,1,0,0,0,0,0,0,0,-3,0,0,0,0,1.65714,2,0,0,0,1,1,0,0.991296,0,0,-0.784147,0,0,1,0,1,0,0,0,0,0,0,0,0,0,0,0,0,0,1,0,0,0,1,-2,0,0,2,0,0,0,0,0,0,0,0,1,0,-1,1,1,0,0,0,-0.494543,0,0,2.094563,0,0,0,0,0,0,1,0,2,1,1,1
0,0,0,1,0,-1,0,-0.761073,0,2,0,0,0,0,0,0,-0.514017,0,0,1,0,0,0,1,2,0,0,2,0,0,0,0,1.44399,2,0,0,0,0,0,0,0.574666,0,0,-0.843752,0,1,1,0,0,0,0,0,0,3,0,0,0,0,0,0,0,0,0,0,0,1,1,0,0,0,1,0,0,0,0,0,0,0,0,0,0,-1,0,0,0,0,2,-0.37892,0,0,-0.84613,0,-1,-4,0,0,0,0,1,1,1,1,1
0,0,2,0,0,0,2,-0.79994,0,0,1,0,2,0,3,0,-0.756329,0,0,0,0,0,0,0,0,1,0,0,0,0,1,0,0.73914,1,0,-1,0,2,0,0,1.813468,1,1,-0.497414,0,0,0,1,0,1,0,0,1,0,0,0,0,3,2,1,0,0,3,1,0,0,0,0,-1,0,0,1,0,1,0,-1,1,0,-1,1,1,0,0,0,0,0,1,-0.692308,0,0,-0.685607,0,0,4,-1,0,0,0,0,1,0,1,1
0,0,1,0,0,3,0,-0.744926,1,-1,1,0,0,-1,0,0,-0.747853,-1,1,0,0,0,0,0,0,0,0,0,0,0,1,0,2.32738,0,0,0,0,2,0,0,1.761692,0,0,-0.586207,0,-1,0,1,-1,0,0,1,1,0,-1,0,0,-4,0,0,0,0,4,1,0,0,0,0,0,0,0,0,0,5,0,0,1,0,0,0,-1,0,0,0,0,0,0,-0.57129,0,-1,-0.720451,0,0,0,0,0,0,0,1,1,1,1,1
0,0,0,0,0,0,0,-0.749933,0,0,0,0,0,0,0,0,-0.635231,0,1,-3,-2,0,0,0,0,0,0,0,0,-3,2,0,3.256,9,0,0,0,1,0,0,2.846309,0,0,-0.788582,0,0,0,0,0,1,0,1,1,0,0,-3,-2,0,0,2,0,0,-2,0,0,1,0,0,0,0,0,-1,0,0,0,0,1,0,0,0,0,1,1,1,0,-3,0,-0.538339,0,0,-0.897332,0,0,0,0,0,1,-1,1,0,2,1,1
0,-6,0,1,0,0,0,-0.494402,0,0,0,0,2,0,2,0,-0.649342,0,0,2,0,0,0,1,0,0,0,0,0,2,0,-1,0.55754,1,0,1,0,0,-1,0,1.281034,0,0,-0.824129,0,0,0,0,0,0,0,1,0,-8,0,1,0,0,-1,0,1,0,0,0,0,3,0,0,2,0,0,0,0,0,2,0,1,0,0,0,0,1,0,1,0,0,0,-0.612783,0,0,-0.65273,2,0,2,0,0,0,-1,1,0,0,1,1
0,0,-1,0,0,5,0,-0.750184,0,0,0,0,0,0,0,3,-0.528856,0,0,3,4,0,0,0,0,1,1,0,2,2,0,0,0.55933,3,-3,0,-3,-1,0,0,1.190279,0,0,0.020577,0,0,0,0,0,0,1,0,1,0,0,0,0,2,-3,0,1,0,2,-1,0,1,0,0,0,0,0,0,1,-2,0,0,0,0,0,0,0,0,0,0,0,0,0,-0.684783,0,0,-0.852424,0,0,0,0,0,-2,-1,0,0,2,1,1
0,-1,0,0,0,0,0,-0.733333,0,0,2,0,0,0,0,-1,-0.199061,0,0,0,0,0,0,2,0,0,0,0,0,2,1,0,3.56543,5,0,0,0,0,0,0,0.967272,0,0,-0.8684,-2,-1,0,0,0,1,-2,0,0,0,1,0,3,-2,-1,0,1,0,-4,0,-1,0,4,0,0,0,1,0,0,0,0,0,-1,0,0,-1,0,-2,0,0,-1,0,0,-0.775547,0,0,-0.76,0,0,0,0,0,0,0,0,0,0,1,1
0,0,2,3,0,2,1,-0.880221,0,1,-1,0,0,-1,0,1,-0.240134,0,0,0,0,0,0,0,0,0,0,0,0,1,0,0,0.65714,7,0,1,0,2,0,0,2.503983,2,0,-0.161235,0,0,0,0,0,0,0,0,0,0,0,1,0,0,-1,2,0,0,0,0,0,0,0,0,0,0,0,0,0,0,0,0,1,0,0,0,0,-1,0,0,0,0,0,-0.409428,0,0,-0.926588,0,0,3,0,0,0,0,0,0,0,1,1
0,0,0,2,0,-1,1,-0.461769,0,0,0,0,0,0,0,0,-0.877176,0,0,1,1,0,0,0,0,1,0,0,0,0,0,0,0.65714,12,0,1,0,2,0,0,3.17391,0,-1,-0.58841,0,0,1,0,0,0,0,0,-1,1,0,2,0,0,1,0,0,0,0,0,0,3,0,0,0,-1,0,0,2,2,2,1,1,0,1,0,0,0,-1,0,1,0,-1,-0.684821,2,0,-0.621439,2,0,2,0,0,0,0,0,0,1,1,1
0,0,1,0,0,0,0,-0.854366,0,1,0,1,3,0,1,1,-0.773585,0,0,0,0,0,4,0,1,0,0,0,0,0,0,0,0.65714,5,0,0,2,1,0,0,3.17391,-2,0,-0.478261,0,0,0,0,1,0,0,0,0,0,0,1,-1,2,0,0,0,0,0,1,-1,0,0,-1,0,0,3,0,-1,0,0,0,1,0,0,0,0,0,0,-1,0,0,-1,-0.691808,0,0,-0.561779,0,0,0,-1,0,0,2,0,0,5,1,1
0,-3,0,1,0,0,0,-0.175454,0,0,0,0,0,0,0,2,0.591954,0,0,0,1,0,0,0,0,-1,0,1,0,0,0,0,1.86971,5,0,0,1,0,0,0,0.650637,0,0,0.889093,0,0,0,0,0,2,0,0,0,0,0,0,0,-1,0,-2,0,1,1,0,1,0,0,-1,0,0,0,-1,0,2,2,0,2,1,0,0,2,-3,0,0,0,0,-1,-0.771782,0,0,-0.623392,0,0,0,0,0,2,0,2,0,0,0,1
0,0,0,0,0,0,0,-0.625,0,0,0,0,0,0,0,-1,1.96678,0,0,1,1,0,0,2,0,-1,0,-1,0,1,0,0,0.75072,2,0,0,1,0,0,0,0.620572,0,1,-0.869654,3,0,0,1,0,0,0,0,1,-1,0,0,0,0,0,0,0,1,0,1,0,0,0,0,1,0,0,1,0,2,0,0,0,0,1,-1,0,0,-1,0,1,0,0,-0.729403,-1,0,-0.686904,0,0,2,0,0,1,-1,0,0,0,0,1
0,2,-1,0,0,-1,0,-0.612502,0,0,0,0,0,0,-2,0,0.196233,1,0,1,1,0,0,2,0,0,-1,2,0,0,2,-1,0.65714,2,0,0,1,1,0,0,0.620408,0,0,-0.478261,0,0,0,0,0,0,0,0,0,-2,0,0,0,0,0,0,0,1,1,4,1,0,0,1,0,1,0,0,1,0,0,0,0,0,0,1,0,0,0,0,0,0,1,-0.759096,0,0,-0.571205,-1,0,-3,0,1,0,2,-1,0,0,0,1
0,0,2,0,0,0,0,-0.621524,0,0,0,0,0,0,0,0,0.676111,0,0,4,-1,0,0,1,0,1,0,0,0,0,2,2,2.01306,9,2,0,0,-1,0,0,1.101645,0,-2,-0.840309,0,1,0,0,-3,0,0,0,-1,0,2,0,0,1,0,-2,0,0,1,0,1,-4,0,0,0,2,1,1,0,0,0,0,3,1,1,0,0,-1,0,0,0,0,-1,-0.722394,0,0,-0.75791,-1,0,0,0,0,0,0,4,1,-2,0,1
0,1,0,0,0,2,-1,-0.686056,0,0,0,0,0,0,0,1,-0.700223,0,0,0,1,0,0,6,0,0,1,0,0,0,1,0,3.40478,9,0,0,0,0,0,0,1.13462,-2,0,-0.801083,0,0,0,-1,-1,0,1,0,0,0,-1,0,0,0,-2,1,0,0,0,-2,1,1,0,2,2,0,0,0,0,0,0,0,0,0,1,1,0,0,0,1,0,0,0,-0.728683,0,0,-0.809524,0,0,0,0,0,1,0,1,0,1,0,1
0,0,0,0,0,0,0,-0.702464,0,0,0,0,0,0,0,0,-0.776965,0,0,0,0,0,0,1,0,1,0,0,0,1,0,0,2.44944,28,0,0,0,-1,0,0,1.220932,-1,0,-0.732101,0,1,0,0,0,-1,0,0,0,0,0,1,0,1,0,0,0,0,1,0,1,0,-1,0,0,0,1,0,0,0,4,-1,0,0,1,0,0,0,0,0,0,0,1,-0.611093,0,0,-0.794793,0,1,0,0,0,0,1,0,-1,0,0,1
0,0,1,-2,0,2,0,-0.773585,0,1,-1,0,2,1,0,0,-0.8125,1,0,1,0,0,0,0,0,-1,0,0,0,0,0,-1,0.52646,1,1,0,0,1,0,-1,1.982534,3,0,-0.513252,0,0,0,0,0,0,-1,1,1,0,-1,0,0,1,-2,0,0,0,1,-1,6,1,0,0,0,0,1,0,3,0,0,0,1,0,0,0,0,0,0,0,0,0,-1,-0.581978,1,0,-0.72093,0,0,0,0,0,2,1,0,0,0,0,1
0,0,0,0,0,0,-1,-0.773585,1,1,2,0,1,0,0,0,-0.8125,0,-1,0,-1,0,0,0,0,0,0,0,3,0,0,0,0.96953,0,0,0,0,0,0,0,1.30303,-2,0,-0.630616,1,0,0,0,0,0,0,0,1,0,0,-1,0,0,0,0,0,-1,0,-1,-3,0,0,0,2,0,0,0,2,2,2,0,-2,0,0,0,0,0,0,0,0,-1,0,-0.897358,2,0,-0.767133,0,2,2,0,0,1,0,-2,1,0,0,1
0,-1,1,-1,1,0,0,-0.773585,1,1,0,0,0,0,0,0,-0.740764,0,0,3,0,0,1,0,0,0,0,0,1,0,0,0,0.8398,0,0,-2,0,0,1,0,1.298757,-2,0,-0.515191,0,2,0,1,0,0,0,0,1,0,0,-1,1,0,0,0,0,0,0,-1,0,1,0,-1,0,0,0,-1,1,0,0,0,0,0,0,0,1,0,0,0,1,2,0,-0.741024,0,0,-0.740408,0,0,0,0,0,0,0,0,1,0,0,1
1,0,0,0,0,0,0,-0.764898,1,0,0,0,0,0,0,2,-0.806452,0,0,1,0,0,0,0,2,1,0,2,0,0,0,0,1.62474,3,0,1,0,1,1,0,3.284626,0,0,-0.635653,-1,2,0,0,0,0,0,0,0,1,-1,0,0,1,2,0,0,0,0,1,0,1,0,0,0,0,0,0,-1,1,2,-1,0,1,0,0,0,1,0,0,0,1,-1,-0.333333,0,0,-0.496392,2,0,0,0,0,3,0,-1,0,1,1,1
0,1,0,0,0,1,0,-0.65777,0,0,0,0,0,0,0,0,-0.886559,0,0,1,0,0,-1,2,-1,0,0,0,0,0,0,0,1.27441,2,0,1,1,0,1,0,0.755173,0,0,-0.65904,-1,-1,0,0,0,0,1,0,0,1,-1,0,0,0,0,0,0,0,0,0,0,1,0,0,-1,0,0,0,0,1,0,0,-2,1,0,0,0,0,0,0,0,0,0,-0.394243,0,0,-0.730482,2,-1,0,0,0,0,0,0,0,1,1,1
0,0,1,0,0,0,0,-0.647106,0,0,0,0,0,0,-3,0,-0.785961,0,-1,1,0,0,0,0,0,0,0,0,0,0,0,0,1.98827,5,0,0,2,1,1,0,1.899357,0,0,-0.903423,-1,0,2,1,0,0,0,0,1,0,0,0,1,1,0,0,0,0,0,0,0,0,1,0,0,-1,0,0,1,0,0,0,0,2,-1,0,0,0,0,0,0,1,0,-0.585837,0,0,-0.189363,0,0,0,0,0,0,0,-2,3,0,1,1
1,0,1,3,0,0,0,-0.296966,1,0,-1,0,0,-1,0,0,-0.855438,0,0,-2,0,0,0,0,0,2,0,0,2,0,2,-1,1.00137,8,0,0,0,1,0,1,1.628481,0,0,-0.712535,0,0,0,0,0,0,0,0,0,0,1,2,0,0,-1,2,0,1,1,0,1,0,1,0,2,0,1,0,0,0,0,0,0,0,0,1,0,0,0,0,0,0,1,0.044561,0,0,-0.675676,0,0,0,1,0,0,0,1,1,0,1,1
0,0,0,1,0,0,0,-0.571429,0,0,3,0,0,0,0,0,-0.403473,0,1,0,0,-1,0,-1,0,0,0,0,0,0,1,1,0.93283,6,0,2,1,1,-1,0,1.59293,0,0,-0.237382,2,0,0,0,1,2,1,-1,0,0,-2,0,0,1,0,0,1,0,0,0,1,2,0,0,-3,0,3,0,0,2,3,0,0,2,0,0,0,0,0,0,0,6,2,-0.658222,1,0,-0.693825,0,0,1,0,0,0,0,1,1,1,1,1
1,0,0,1,0,0,0,0.701713,0,0,0,0,0,0,3,0,-0.6,0,0,0,2,0,0,0,0,0,0,2,0,2,1,1,1.35267,2,0,0,0,1,3,1,2.268996,0,0,-0.67667,0,2,0,0,0,-1,1,0,1,0,0,1,0,0,0,0,0,0,0,0,0,1,1,0,0,0,0,0,0,0,0,0,0,0,1,0,0,2,0,-2,0,0,0,-0.373169,1,0,-0.465251,2,-1,0,0,0,-1,0,0,1,0,1,1
0,0,0,0,0,0,0,-0.807203,0,-1,0,0,0,0,0,0,-0.570931,0,0,0,0,0,0,2,0,0,0,0,0,-1,0,0,0.43856,3,0,0,0,1,1,0,1.156814,2,0,-0.575464,-1,0,0,-1,0,0,0,0,0,1,0,0,0,0,-1,0,0,0,-1,0,0,0,0,0,0,0,0,0,0,0,0,0,0,0,0,0,0,1,0,0,0,-2,1,0.280301,0,0,-0.391452,2,0,0,1,0,0,0,1,1,-1,0,1
0,0,1,0,0,0,0,-0.467357,1,0,0,-2,0,-1,2,0,-0.44471,0,0,0,0,0,0,-1,0,1,1,0,1,-1,0,0,0.58265,1,0,-1,0,0,0,0,0.809524,-2,-1,-0.705232,-1,1,0,0,0,0,0,0,0,2,0,1,0,1,0,-2,0,0,0,0,0,1,0,0,0,0,0,0,1,0,0,1,-3,0,0,0,0,0,0,0,1,0,0,-0.656941,0,0,0.452714,-2,0,0,1,0,0,0,1,1,-3,0,1
0,0,0,0,1,0,0,-0.694602,0,0,3,0,0,0,0,1,0.952319,0,0,0,0,0,0,0,0,0,0,0,0,1,0,0,0.45109,1,0,0,-1,4,0,0,0.809524,-1,0,-0.428571,0,0,-1,1,0,0,0,0,0,0,0,0,1,0,0,-1,0,-1,0,1,0,0,0,-3,1,-1,0,0,1,0,-2,-1,0,0,0,0,-1,1,0,0,0,0,0,-0.420293,0,0,-0.628164,0,0,0,0,1,0,-1,0,1,0,0,1
0,0,0,0,0,2,0,0.46788,1,0,0,0,0,0,0,0,-0.748471,0,1,0,0,-1,0,0,0,0,0,0,-1,1,1,-1,0.86877,2,0,0,0,0,0,1,0.257225,0,0,-0.014123,0,0,0,0,-1,0,0,1,0,0,0,2,0,0,0,1,0,0,0,0,0,0,0,0,1,0,2,1,0,0,0,0,-1,0,0,0,0,0,-2,0,0,0,0,-0.212766,0,0,-0.674538,0,0,-1,0,0,0,0,0,0,1,0,1
0,0,0,1,0,0,2,-0.39034,0,0,-3,-1,-4,0,0,0,-0.610981,0,0,0,0,0,0,0,0,1,0,-1,-3,0,0,0,1.09355,0,0,0,0,-1,0,0,0.289474,0,1,-0.672214,-1,0,-1,0,1,0,0,0,0,0,0,0,0,0,-1,-1,0,0,0,0,0,0,0,0,0,0,0,0,-1,0,1,0,0,0,1,0,0,0,1,0,0,-2,0,0.127402,0,0,0.093612,0,0,0,0,0,0,0,3,-1,0,0,1
0,2,2,0,0,0,1,-0.555556,0,0,0,0,0,-1,0,0,-0.63189,0,1,0,0,0,0,0,0,0,0,1,0,-5,1,0,0.89399,0,-1,0,-1,0,0,0,0.312868,0,0,-0.444993,-1,-3,0,0,-2,1,0,0,0,0,0,0,0,0,-1,0,0,-1,0,0,0,0,0,4,0,1,0,0,2,1,0,0,0,0,2,0,0,2,0,0,-1,0,0,-0.473985,0,0,-0.618804,0,0,0,0,-1,0,0,0,-4,0,0,1
0,0,0,0,0,0,1,-0.736663,0,0,0,0,0,0,0,2,-0.590134,-1,0,0,1,0,-2,1,0,1,0,4,0,2,0,1,1.00434,6,1,1,0,0,0,0,0.833333,0,1,-0.63226,0,1,0,0,0,-1,0,0,0,0,1,5,-1,0,1,0,0,1,0,0,0,0,0,0,0,0,0,-1,0,0,0,1,1,-1,0,0,0,-1,0,1,0,2,1,-0.719114,0,0,-0.588136,0,0,1,0,0,0,-1,0,0,0,1,1
-1,1,0,-1,0,0,0,-0.042775,1,0,0,0,-1,0,0,1,-0.604153,0,0,0,1,0,0,0,0,0,0,2,0,5,0,0,1.11972,3,0,0,-1,-1,0,0,1.081175,1,0,-0.714286,0,0,0,0,0,1,0,0,0,2,0,0,-1,1,0,0,0,0,0,-1,0,0,1,-3,3,0,0,2,1,0,0,0,0,0,0,0,-1,0,0,-1,0,1,0,0.143021,0,1,-0.714286,-2,0,1,0,0,1,-1,0,0,0,1,1
0,2,0,1,1,0,0,-0.600093,0,0,0,0,-1,0,0,0,-0.703498,-1,0,0,0,0,1,0,0,0,-1,0,4,0,0,0,1.2,10,-1,0,0,-1,0,0,0.838836,-1,0,0.07774,-1,0,0,0,0,0,1,0,0,1,-3,0,1,-1,0,0,0,1,0,1,0,-3,0,-2,2,0,0,0,0,1,0,0,0,0,0,0,0,-2,0,0,0,0,0,-0.754058,0,0,-0.547216,0,0,-1,1,0,1,1,0,-3,0,1,1
0,0,1,0,0,0,0,-0.573128,0,0,-2,0,0,0,0,-4,-0.783163,0,0,0,0,1,0,0,1,1,0,0,-3,0,0,0,1.5065,0,0,0,-1,0,0,0,1.689188,0,2,-0.776015,0,0,0,-1,0,0,0,0,0,3,1,2,-1,0,0,-1,0,0,0,1,0,1,0,0,0,0,1,0,0,0,0,0,-1,0,0,0,0,0,0,0,0,-1,-1,-0.408203,0,0,-0.816119,2,0,0,-1,0,1,1,0,0,0,1,1
0,0,0,0,0,1,0,-0.664319,0,0,2,0,0,0,1,1,-0.802923,0,0,0,0,1,0,0,1,0,1,0,2,1,1,0,1.69797,8,0,0,0,0,0,1,2.279226,0,0,-0.735514,0,0,0,0,0,0,0,0,0,1,2,0,0,0,0,0,0,0,0,4,0,3,1,-2,0,0,0,0,0,0,0,0,0,-1,3,0,0,-2,0,0,0,0,1,-0.741711,-1,-1,-0.827927,-1,0,0,-1,2,0,0,0,0,0,1,1
0,0,-1,1,0,0,-1,-0.728557,0,0,2,0,0,-4,0,0,-0.756285,0,0,0,0,0,0,1,0,1,0,0,3,0,0,-1,1.47016,3,0,0,0,1,0,0,1.704531,2,2,-0.793463,0,0,1,-2,0,0,0,0,0,0,1,0,-1,0,-1,2,-1,0,0,0,1,1,1,0,0,1,0,0,0,3,0,0,0,0,0,0,0,0,0,0,0,0,0,-0.7,0,0,-0.716854,0,0,0,0,0,1,1,0,0,0,1,1
0,3,0,0,0,0,0,-0.334676,0,1,-1,0,0,0,0,0,-0.82071,0,0,-4,0,1,0,0,1,0,-1,0,0,-2,0,0,2.22315,5,0,0,1,1,0,0,0.534828,0,0,-0.182968,0,0,0,0,1,0,0,1,-1,1,0,2,3,0,0,0,0,0,0,0,0,0,0,0,0,0,0,-1,3,0,-1,0,0,0,0,0,0,0,0,-1,0,-1,0,-0.889254,1,0,-0.629308,0,0,0,0,-1,-2,1,1,0,0,0,1
0,0,0,1,3,-1,-1,-0.537261,0,0,-1,0,0,0,0,0,-0.883568,0,1,0,1,0,-2,0,-1,0,0,0,0,-2,0,0,0.49484,3,0,3,1,0,1,0,2.149931,0,0,-0.571429,1,0,0,0,0,0,0,0,1,0,0,-3,0,0,0,0,0,0,0,0,0,-1,0,0,1,0,1,1,-1,1,0,0,2,0,0,0,0,0,0,0,0,-2,0,-0.692308,1,0,-0.762254,0,0,0,0,0,0,1,1,0,1,0,1
0,0,0,-1,0,0,-2,-0.625,0,0,-1,0,0,0,0,0,-0.803279,0,0,0,0,0,1,0,0,0,0,0,-1,2,0,0,1.44674,1,0,0,0,1,0,0,0.214286,-2,0,0.2347,0,0,0,0,0,-1,-2,0,0,0,2,0,0,-1,-1,0,0,0,0,0,0,0,0,0,0,0,1,0,0,0,-1,0,0,0,0,0,0,0,1,-1,0,3,-2,-0.692308,0,0,-0.729954,0,0,-7,0,0,0,0,1,0,-3,0,1
-1,0,1,1,-1,1,0,-0.800835,0,0,1,0,1,0,0,0,-0.700982,0,0,1,1,0,0,0,0,0,0,0,0,0,1,0,1.66937,7,0,0,0,0,0,0,1.64286,0,0,-0.202309,0,0,0,0,0,0,0,0,1,-1,1,2,0,0,0,-2,0,0,-1,1,1,1,1,0,0,2,0,0,2,0,2,0,0,0,0,0,0,1,0,0,0,0,0,-0.809524,0,0,2.186736,0,0,0,0,0,0,0,0,2,0,1,1
0,0,1,1,0,0,2,-0.868827,0,0,1,1,2,0,0,-1,-0.621555,0,0,0,0,0,0,0,0,0,0,2,0,2,0,0,1.2,8,0,0,0,-1,2,0,2.654112,3,0,-0.714286,2,0,0,0,0,0,0,0,1,0,0,1,0,0,0,2,0,0,-3,0,0,0,1,0,0,0,3,0,1,0,2,0,0,0,0,0,0,0,0,0,0,0,0,-0.82197,0,0,-0.33584,0,0,0,0,0,0,0,1,1,0,1,1
0,1,1,2,0,0,0,-0.532652,0,0,1,0,1,0,0,1,-0.733333,0,0,1,0,-1,0,-3,0,0,0,0,-1,2,1,0,1.88207,10,0,0,0,0,-1,0,1.64286,0,-1,-0.684016,0,0,0,0,0,0,0,0,1,0,-1,3,0,0,1,2,0,1,2,0,-2,0,1,0,0,0,0,0,1,0,-1,0,1,-1,0,-1,0,0,0,0,0,0,0,-0.85333,0,0,-0.471487,2,0,0,0,1,0,0,0,1,0,1,1
0,0,2,0,0,-1,0,-0.278302,0,0,0,0,0,-1,0,0,-0.675676,0,0,0,1,0,0,1,0,0,0,0,0,1,-1,0,1.31243,3,-1,1,0,0,-1,0,0.681576,0,-1,-0.696858,0,0,0,0,0,0,0,0,0,0,1,0,0,-2,0,0,1,0,0,1,1,1,0,0,0,0,1,0,1,0,0,0,0,0,0,0,1,0,0,0,0,0,-1,-0.740042,0,0,-0.521507,0,0,0,0,0,1,0,-1,0,0,0,1
0,4,2,0,0,-1,0,-0.719396,0,0,0,0,0,0,0,3,-0.684002,0,0,0,0,-1,0,0,0,1,0,0,0,-3,-1,2,1.14331,2,0,-1,0,2,0,0,0.897436,0,0,-0.716747,0,0,0,-1,0,0,0,0,0,0,1,-3,0,0,2,1,0,0,1,0,0,-2,3,0,0,0,0,0,1,-1,0,0,0,0,0,0,1,-1,0,0,0,0,0,-0.632632,0,0,-0.493157,0,0,2,0,0,0,0,0,1,0,0,1
0,0,0,0,0,-2,-1,-0.392161,0,0,0,0,3,0,-3,0,-0.501111,0,0,1,0,0,0,1,0,0,0,3,0,-1,0,0,1.12616,11,0,0,0,0,0,0,0.760994,2,0,-0.79898,0,0,0,0,0,0,0,0,0,-1,1,0,2,0,0,0,1,0,1,1,0,-2,0,5,0,0,0,0,1,0,0,0,0,0,0,0,0,0,0,0,0,0,-1,-0.564343,0,0,-0.786337,0,0,0,0,-1,1,0,1,2,1,0,1
0,0,0,0,0,0,0,-0.662086,0,0,1,0,0,0,1,0,-0.657143,0,0,0,0,0,0,0,0,1,0,0,-3,0,0,0,0.54303,1,0,0,1,0,0,0,0.348821,2,0,-0.554725,-2,0,0,0,0,0,0,0,1,-2,1,0,0,0,0,0,1,0,-1,0,1,0,1,2,0,0,0,0,0,0,0,0,0,0,0,1,0,0,1,-1,0,0,0,-0.529099,0,0,-0.586207,0,0,1,0,0,0,0,0,1,0,0,1
1,0,0,0,0,0,0,-0.670938,-1,0,0,0,0,0,0,0,-0.733822,0,0,0,0,1,0,-4,0,0,0,1,0,0,0,0,1.14286,4,0,0,0,0,0,1,0.275,0,-1,-0.7,-1,1,0,0,0,0,0,0,0,0,1,0,0,1,3,0,-1,0,-3,0,0,0,1,0,1,0,1,0,-1,1,0,0,0,0,0,-2,0,0,1,0,0,0,-1,-0.663167,1,1,-0.543821,0,0,0,0,0,1,-1,0,2,0,0,1
0,0,5,0,0,0,0,-0.67654,0,0,1,0,0,0,2,1,0.043047,0,0,-3,1,0,0,-1,0,1,0,0,0,0,0,0,1.26479,1,0,0,1,0,0,-1,0.353509,0,-1,-0.53952,0,0,0,1,1,0,0,0,1,0,1,1,3,2,-3,0,0,1,0,0,0,-2,1,0,0,0,0,0,0,1,0,0,1,0,0,0,0,0,0,0,0,0,0,-0.343785,0,0,-0.525788,0,0,0,0,0,0,0,0,1,1,0,1
-1,0,1,0,-1,-1,-1,-0.727962,0,0,1,0,0,1,-1,0,-0.8125,1,0,0,0,0,0,0,0,-2,0,0,-4,0,0,0,0.61376,3,-1,0,0,2,0,0,0.643212,0,0,-0.185087,4,0,-1,0,0,0,-1,0,0,0,-2,0,0,0,0,0,0,0,0,0,1,1,0,0,-1,0,1,0,1,0,0,0,0,1,0,0,0,0,0,0,0,1,-1,-0.752551,0,0,-0.689066,0,0,1,0,0,1,0,0,0,0,0,1
0,0,0,0,1,0,0,-0.710122,0,0,1,0,0,-1,0,0,-0.305364,0,0,0,0,0,0,0,0,0,0,0,0,0,1,0,1.33023,0,0,0,0,1,0,0,0.870957,0,0,-0.366278,0,0,0,0,0,0,-1,0,0,0,0,-1,4,0,0,0,1,0,0,0,1,3,0,2,0,0,1,0,0,2,0,0,-1,0,-1,0,0,0,0,1,0,0,1,-0.509945,0,0,-0.72093,0,0,0,0,0,0,0,0,0,0,0,1
0,0,0,0,0,0,0,-0.668303,-1,0,-1,0,0,0,0,0,-0.8125,0,0,0,0,0,0,2,0,0,0,0,0,3,0,0,0.65546,1,0,0,0,1,0,1,0.244204,1,0,-0.444984,0,0,0,1,0,0,0,0,1,0,0,0,0,1,0,0,0,1,0,1,2,0,0,4,-1,-1,0,0,1,0,0,-1,0,-2,0,0,0,0,0,1,0,0,0,-0.618932,0,0,-0.72093,0,0,-1,0,0,0,0,0,0,1,0,1
0,1,0,0,0,3,2,-0.832651,-2,0,1,0,0,0,0,1,-0.749479,0,0,1,0,1,-2,0,0,0,0,0,1,0,0,-1,1.47855,5,0,-1,0,0,0,0,2.020588,0,0,-0.547575,2,0,0,0,0,0,0,0,0,0,1,0,1,1,0,-2,0,0,0,0,0,0,0,0,0,0,1,-1,0,0,0,0,0,0,0,0,0,0,0,0,0,2,1,-0.047058,0,-1,-0.721345,0,0,0,-1,0,0,1,0,3,0,0,1
0,0,0,-1,0,0,1,-0.607956,0,1,0,0,-1,0,0,0,-0.492815,2,0,0,-1,1,-1,0,0,0,0,2,-1,0,0,0,0.93316,10,0,1,1,0,0,0,0.995911,0,0,-0.590157,2,-1,0,0,0,-1,0,0,0,0,-2,0,0,1,-1,0,0,-1,-2,-1,1,0,0,0,0,0,1,1,0,0,0,0,-1,-1,-1,0,0,0,0,0,1,0,0,-0.728868,0,0,-0.816292,0,0,-4,0,-1,0,0,0,1,1,0,1
0,0,-1,-1,-1,0,-3,-0.554573,0,0,-1,0,0,0,-1,0,-0.701904,0,0,0,0,0,0,0,0,-1,0,0,2,0,0,0,1.03468,14,2,0,0,0,0,0,1.375694,-1,0,-0.715068,0,-3,0,0,0,0,1,0,0,1,1,3,0,1,1,0,0,0,0,0,2,0,-2,0,0,0,1,0,0,0,0,0,-1,-1,0,0,-1,0,0,0,0,0,0,-0.315235,0,0,-0.736659,0,0,1,0,0,0,0,2,0,0,0,1
0,0,1,0,0,0,0,-0.575734,0,2,0,0,1,0,0,0,-0.808912,0,1,0,0,0,0,1,0,0,-1,0,1,4,0,0,1.56803,2,0,0,0,0,1,-1,1.112606,1,0,-0.667683,1,-1,0,0,0,0,-1,-1,-1,0,-1,0,0,1,0,0,0,0,0,0,-1,0,0,0,0,-1,2,0,1,1,5,1,1,1,0,0,0,1,0,0,0,0,0,-0.374626,0,0,-0.235245,2,0,1,1,-1,0,0,0,0,0,0,1
0,0,0,0,0,0,0,-0.89135,0,1,0,0,0,0,0,0,-0.625,0,0,0,1,0,1,2,0,0,0,0,0,0,-3,0,0.93162,9,0,0,0,0,0,0,0.584354,0,0,-0.623651,0,0,0,0,2,0,0,0,2,-1,0,0,0,0,0,0,0,0,-1,-2,0,0,0,0,-1,0,0,0,0,0,0,0,0,0,0,0,0,0,-1,0,0,0,1,-0.60675,0,0,-0.666667,2,0,-1,1,-1,-2,0,0,-4,1,0,1
0,0,0,0,0,0,0,-0.859101,0,1,-1,0,0,0,0,0,-0.807941,0,2,0,0,1,0,0,0,0,0,1,3,3,0,0,0.90218,0,0,0,0,1,-1,0,2.330068,0,-1,-0.554333,1,0,0,-1,0,0,0,0,-1,0,0,0,0,0,0,0,0,0,-4,0,3,0,0,0,-1,0,4,2,-1,0,2,0,0,0,0,0,0,2,0,0,0,0,0,-0.705674,0,0,-0.663893,0,0,0,0,0,0,0,0,1,1,0,1
0,0,1,0,0,1,0,-0.625,4,0,1,1,0,0,-4,1,-0.678687,0,0,0,0,0,0,0,0,0,0,0,0,0,1,1,2.06113,8,0,0,0,-2,0,0,1.31818,0,0,-0.579365,4,0,0,0,0,1,0,0,0,1,0,0,0,0,1,0,1,0,1,0,1,0,0,0,0,1,0,0,-3,0,0,0,0,1,1,2,0,1,0,0,0,-1,0,-0.879194,0,0,-0.119838,0,0,2,0,2,-2,0,-1,0,0,1,1
0,-1,1,1,0,1,1,-0.40179,0,0,0,0,0,0,0,1,-0.656547,0,0,-2,2,-1,0,2,0,0,0,2,0,0,1,1,1.49034,3,0,0,0,0,0,0,1.31818,0,0,-0.446874,0,0,0,-1,1,1,0,0,0,1,0,0,0,-2,1,7,0,0,3,0,1,0,0,0,0,0,0,1,-1,0,0,0,1,3,1,-1,0,0,0,-1,0,0,1,-0.651498,0,0,0.739279,0,0,0,0,0,0,0,0,0,0,1,1
0,0,0,0,0,0,0,-0.096781,0,0,0,-1,1,0,0,2,-0.835504,0,0,0,0,0,0,0,0,0,0,0,3,0,0,0,0.73896,5,0,0,-1,0,0,0,1.31818,0,0,-0.503488,0,1,0,1,0,1,0,0,0,0,0,0,3,-1,1,0,0,0,0,0,1,0,0,0,0,-1,0,0,0,5,0,0,0,-1,0,0,0,0,0,0,0,0,0,0.613612,0,0,-0.313414,3,0,0,0,1,0,0,0,0,1,1,1
0,0,0,0,0,0,0,-0.762426,0,-2,-1,0,0,0,0,0,-0.212786,0,0,0,0,1,0,0,0,-1,0,0,2,0,0,0,2.22549,2,0,0,-1,-1,-1,0,2.87879,0,0,-0.888884,0,0,0,0,0,0,-1,0,1,0,0,0,0,1,-3,0,-1,0,0,1,0,1,0,0,0,0,1,2,0,0,0,0,0,-2,0,0,0,0,0,0,0,0,0,-0.631478,0,0,-0.865128,2,0,0,0,0,-3,1,1,-2,0,1,1
0,1,0,0,0,0,0,-0.684211,1,0,0,0,-1,0,0,0,-0.677691,0,0,2,0,1,0,0,0,1,0,0,2,0,2,0,1.25902,6,0,0,0,2,0,0,2.87879,0,0,-0.419373,0,0,0,0,0,0,0,0,1,0,1,1,0,1,0,0,0,0,0,1,-1,1,0,0,2,0,0,0,0,0,0,0,0,0,0,0,0,1,0,1,0,1,0,-0.794028,-1,0,-0.668806,3,-1,4,0,0,1,0,0,0,0,1,1
0,0,0,0,1,0,0,-0.81975,0,0,0,0,0,-4,0,0,-0.756124,0,0,3,0,1,1,0,0,0,0,0,0,0,0,0,0.50625,11,0,0,2,0,1,0,3.359212,2,0,-0.518239,2,0,0,0,-1,0,0,0,1,0,0,0,0,0,0,0,0,0,0,0,0,1,0,0,0,0,0,1,0,0,0,0,0,0,0,2,1,0,0,0,0,0,-1,-0.738361,0,0,0.975377,0,0,2,1,1,1,0,0,0,-2,1,1
0,0,0,-1,0,0,-2,-0.863581,-1,1,0,0,-1,0,0,0,-0.485845,2,0,0,0,0,1,-1,1,0,0,1,0,1,-2,-1,2.19907,1,-1,2,2,0,0,1,0.475781,0,0,-0.755102,0,1,0,0,0,0,0,0,0,0,0,0,0,0,0,7,0,0,0,0,-1,1,0,0,0,0,1,2,0,0,-1,0,0,-1,0,0,0,0,0,0,0,-1,0,-0.76144,0,0,-0.346037,0,0,1,0,0,-1,0,0,0,0,0,1
0,0,2,-2,0,-1,0,-0.565761,0,0,0,0,0,0,0,0,-0.784805,0,0,0,0,0,1,1,0,0,0,0,2,0,0,0,2.12036,1,0,0,1,0,-1,0,0.257231,0,0,-0.072122,0,-1,0,0,0,0,1,0,0,0,1,0,0,-1,1,0,0,0,0,-3,1,0,0,0,2,0,0,0,0,-1,1,0,1,3,0,0,0,1,0,0,0,0,0,-0.52052,0,-2,-0.470576,-1,0,-1,0,0,3,0,0,0,-1,0,1
0,0,-1,0,0,0,2,-0.769231,0,0,-2,1,0,0,1,1,-0.548899,0,0,0,0,0,0,0,0,1,0,1,0,-9,0,0,3.02679,1,0,1,0,0,-1,0,2.815707,0,0,-0.524698,1,-2,0,0,0,0,0,1,1,0,0,0,-5,0,0,0,0,0,0,0,0,0,2,0,2,0,1,1,0,2,0,0,0,0,0,1,0,4,0,0,0,0,0,0.667508,0,1,-0.355932,1,-1,0,0,-1,0,1,0,0,0,0,1
0,1,0,0,0,0,0,-0.226993,0,-1,0,0,0,0,1,0,-0.716894,2,0,0,0,0,0,0,-1,0,1,1,0,0,0,-1,0.78087,6,-1,0,1,0,0,0,1.428089,0,0,-0.908487,0,0,0,0,0,0,0,0,0,0,0,2,0,0,0,0,0,0,0,0,0,1,1,2,0,1,0,0,1,-2,2,0,0,0,0,0,0,1,1,0,0,2,0,-0.631855,0,0,-0.597327,2,0,0,0,0,0,0,1,0,1,1,1
0,-4,0,0,1,0,0,-0.82926,0,0,0,0,0,0,0,2,-0.604462,0,1,1,0,0,0,0,0,0,1,1,0,0,0,0,3.04446,2,0,0,0,0,0,0,1.476462,0,0,-0.781481,0,0,0,0,0,0,0,1,0,0,2,0,0,2,0,0,0,0,0,0,0,-1,1,0,0,1,0,0,0,0,0,0,0,0,1,0,0,0,0,0,2,0,0,-0.551368,0,0,-0.619615,0,0,0,0,0,0,0,0,0,1,1,1
0,2,1,0,0,1,-2,-0.610491,0,0,0,1,0,-1,0,1,-0.677028,1,0,0,2,0,0,0,0,1,1,0,0,0,-1,0,1.51222,4,0,0,0,0,0,0,1.818124,0,-1,-0.770694,2,0,0,0,0,0,0,0,0,1,0,-2,0,1,1,6,-2,0,-1,0,0,0,1,-1,0,1,0,1,1,0,0,0,0,0,1,0,0,1,0,0,0,0,0,-0.653638,0,0,-0.773585,0,0,2,0,0,0,0,0,0,1,1,1
0,0,-1,2,0,0,0,-0.902649,1,0,0,0,0,0,0,0,-0.670256,0,0,0,0,0,-1,0,0,0,-1,0,0,-1,0,0,0.7864,0,0,0,-2,0,0,0,0.5377,0,0,-0.592833,0,0,0,0,-2,0,1,0,1,0,0,0,0,0,-1,0,0,0,-1,0,0,0,-1,0,0,2,0,0,0,-1,-1,0,0,0,0,-1,-1,0,0,0,0,0,0,-0.733255,0,0,-0.57026,-1,-1,0,0,1,0,0,1,0,0,0,1
0,0,0,0,0,2,-2,-0.861397,-1,0,1,0,0,-1,0,0,-0.726759,0,1,1,0,0,0,-2,0,0,0,0,0,0,0,0,0.79578,1,0,1,1,-1,0,0,0.896697,0,0,-0.619996,0,0,0,0,0,0,0,0,1,0,0,0,-2,0,0,0,0,0,0,0,1,1,0,0,0,0,1,1,1,0,-1,0,0,-3,0,0,0,2,0,0,1,0,0,-0.823387,0,0,-0.61204,0,0,0,0,0,0,-1,0,0,0,0,1
0,-1,0,0,0,-1,0,-0.84978,0,0,0,-1,0,0,0,1,-0.675676,0,0,0,0,0,0,0,0,1,0,0,0,0,0,0,0.92005,4,1,-2,2,1,-1,0,0.695162,0,0,-0.824258,0,0,0,0,0,0,0,0,1,0,0,-2,0,-1,0,0,0,0,0,1,1,1,2,0,0,0,1,1,1,2,0,0,0,0,0,0,0,0,-1,-1,0,0,0,-0.79218,0,0,-0.688008,0,0,0,0,0,0,1,3,0,-4,0,1
0,0,-1,0,0,0,0,-0.47636,0,0,-1,0,0,0,2,0,-0.652839,0,1,0,0,0,1,0,0,0,-1,0,0,0,-2,0,0.91665,2,0,0,-1,0,0,0,1.299486,0,0,-0.353927,0,0,0,0,0,1,0,0,0,0,-1,0,0,0,0,0,0,0,1,0,0,1,0,0,0,0,0,0,1,0,0,0,0,0,0,0,0,0,0,1,0,0,0,-0.629161,0,0,-0.571429,0,0,2,0,0,0,0,0,0,0,1,1
0,0,1,0,0,0,0,-0.620572,1,0,0,1,0,0,0,0,-0.829747,0,0,0,0,0,0,0,0,1,0,0,0,0,0,0,1.37072,-9,0,-1,0,0,0,0,1.332914,2,0,-0.794194,0,0,0,0,0,0,0,0,0,0,-1,0,0,0,1,0,0,0,0,0,0,0,0,0,0,0,0,0,0,0,0,0,0,0,0,0,0,0,0,1,0,0,0,-0.851501,0,1,0.095951,0,0,2,0,0,0,0,0,0,0,1,1
0,0,-1,0,-1,0,-1,-0.428433,0,0,2,0,0,1,-2,0,-0.650288,0,0,0,0,0,0,0,0,1,0,2,0,0,0,0,1.42585,5,0,0,0,0,0,0,0.915168,0,0,-0.753616,0,0,1,-1,0,0,0,0,-1,0,0,0,2,0,-1,0,0,1,0,-1,0,1,0,0,0,0,0,0,2,0,-1,0,2,0,0,0,0,1,0,0,0,0,1,0.252959,1,0,-0.571429,2,0,0,1,-1,0,0,0,0,0,1,1
0,2,2,0,1,0,0,-0.785714,0,0,1,0,0,0,0,0,-0.567485,0,0,0,5,0,0,1,0,0,0,0,0,-1,-1,2,1.10128,4,0,0,4,0,0,0,0.257143,0,-2,-0.631426,-1,0,0,0,0,0,0,0,0,-2,-1,0,0,0,0,0,0,0,0,0,2,1,0,0,1,-1,0,0,0,0,1,0,0,-1,0,0,0,0,0,0,1,-2,0,-0.347268,0,3,-0.763883,0,1,0,-1,0,0,0,0,4,1,0,1
0,0,3,0,0,0,0,-0.15152,-1,0,0,-2,0,-1,0,0,-0.581078,0,1,0,0,0,2,-1,0,0,0,0,0,-4,0,0,1.95414,4,0,0,1,0,0,0,2.43595,0,0,-0.604353,0,0,0,0,0,0,0,-1,0,0,1,0,0,0,1,0,0,0,0,0,0,0,0,0,0,0,0,0,0,2,1,-1,0,2,1,0,0,0,0,0,1,0,0,-0.357927,0,0,-0.653236,0,0,1,-1,0,0,0,0,0,0,0,1
0,0,0,0,1,0,0,-0.514159,0,0,1,0,0,0,0,0,-0.606342,0,1,0,0,0,0,0,0,-1,0,0,1,0,0,0,1.0,0,0,0,2,2,0,0,0.626582,0,0,-0.734735,0,0,1,0,0,0,0,0,0,0,-1,0,0,1,-1,0,0,-1,-1,0,-1,1,0,0,0,0,1,0,0,0,0,0,0,-1,0,0,0,1,0,3,0,-1,0,-0.736838,0,0,-0.315342,0,0,0,-1,0,0,0,0,1,1,0,1
0,0,2,0,0,0,0,0.39042,0,0,0,0,0,-1,0,-1,-0.52412,0,-1,2,0,0,0,1,2,0,0,0,0,-1,0,0,1.35173,6,0,0,0,0,-1,0,1.061336,0,0,-0.674443,0,0,0,0,0,2,0,0,1,0,0,1,0,-1,0,0,0,1,0,0,0,0,0,0,0,0,1,0,0,0,0,1,0,0,0,0,-1,0,-1,0,0,-1,0,-0.600447,0,0,-0.727689,0,1,0,0,0,0,0,0,0,1,0,1
0,0,1,0,1,0,1,-0.713692,0,0,0,0,2,1,-1,0,-0.79466,0,0,0,0,0,0,-1,0,0,0,0,0,2,0,0,0.50389,6,0,-2,0,0,0,0,0.277455,1,0,-0.873888,0,0,0,0,0,0,0,-1,0,-1,0,1,-2,0,0,-1,0,-2,-1,1,0,0,1,3,0,0,2,-2,1,2,0,1,0,1,-1,0,0,0,-1,1,0,0,0,-0.709376,0,0,-0.514849,-3,0,1,0,0,0,0,0,0,-1,0,1
0,0,2,0,-1,0,0,-0.732463,0,0,-2,0,0,0,-3,0,-0.551621,1,0,1,-1,0,0,0,-1,0,0,0,0,0,-1,0,1.57143,6,0,1,0,1,0,0,1.145998,1,0,-0.781818,0,0,1,0,0,1,-1,0,0,0,1,-1,0,0,0,0,0,0,0,0,-1,0,0,0,-1,0,1,0,4,-1,0,0,3,0,0,0,0,0,0,0,0,0,0,-0.64266,0,-1,-0.240128,0,1,-2,0,-1,0,0,0,0,-2,0,1
0,3,0,0,0,-2,0,-0.480331,1,0,0,-1,0,0,0,0,-0.72238,0,0,0,0,0,0,0,0,0,1,0,0,0,1,0,0.93148,1,0,0,1,0,0,0,1.094386,0,0,-0.755102,0,0,2,0,0,-1,0,0,0,0,1,1,0,0,0,0,0,0,0,1,0,2,2,0,2,0,-2,0,1,0,2,0,0,0,0,0,0,1,0,-2,0,0,0,-0.478262,0,0,-0.569542,0,0,0,1,0,0,0,0,1,1,1,1
0,1,0,0,1,1,2,-0.541119,1,0,-1,0,0,0,0,0,-0.756755,0,1,0,1,0,1,1,-2,1,-1,0,0,0,0,0,1.37399,0,0,0,-1,0,0,0,0.959184,0,0,-0.580589,1,1,0,0,0,0,0,0,0,1,1,0,0,1,0,0,0,1,0,2,2,0,0,0,0,0,2,0,1,-1,2,0,0,0,0,0,0,0,0,0,0,0,0,-0.647821,0,2,-0.634344,0,0,1,0,0,1,0,0,0,0,1,1
0,0,0,1,1,0,0,-0.586207,0,0,0,0,0,0,0,0,-0.74144,0,0,3,0,0,0,1,0,1,0,0,1,0,1,-1,2.29621,1,1,0,0,0,0,0,0.959184,1,0,-0.71767,0,0,0,0,1,0,0,0,-1,1,1,0,0,0,0,0,0,1,0,-1,2,0,2,0,2,0,1,0,1,0,3,0,0,0,0,1,2,2,2,0,0,0,0,-0.677483,-1,0,-0.245181,0,0,0,0,0,1,0,1,0,-3,1,1
2,0,1,0,0,1,0,-0.517718,0,0,0,0,0,1,0,0,-0.707317,0,0,0,0,0,0,0,1,1,0,-1,-1,3,0,0,1.84325,13,0,0,0,0,0,0,1.456441,0,0,-0.728282,0,0,0,0,0,0,0,0,0,-1,0,0,0,0,3,0,0,0,0,0,1,1,1,1,0,0,0,0,0,0,-1,0,0,0,0,0,-1,1,0,1,0,0,1,-0.595275,0,0,-0.70208,0,0,2,1,0,0,0,0,0,0,1,1
0,0,0,0,0,0,0,-0.843594,0,0,0,1,0,1,0,0,-0.676522,-1,-1,0,0,-1,-1,-2,1,1,1,0,0,0,0,0,1.23496,5,0,1,0,0,-2,0,0.541482,0,0,-0.76,0,0,0,0,0,0,2,0,0,0,0,0,0,0,0,0,-1,0,0,0,0,0,1,0,0,0,0,0,-2,1,0,0,0,0,0,0,-2,0,0,0,0,-1,0,-0.637974,0,0,2.127109,0,0,0,1,0,0,1,1,-1,0,1,1
0,0,0,1,-1,0,0,-0.735083,0,0,1,0,2,0,2,0,-0.749566,0,0,0,-1,0,0,-2,1,2,0,0,2,-1,0,3,1.42857,1,-1,1,0,2,0,0,1.101245,1,1,-0.790252,1,1,0,0,-1,1,-2,0,0,0,0,0,0,0,0,1,0,0,0,-2,-1,0,1,0,0,0,0,0,0,1,1,0,1,3,1,0,0,0,0,0,0,0,2,-0.695208,0,-1,-0.787273,0,0,2,0,0,0,1,0,0,1,1,1
0,-4,2,0,0,0,0,-0.837838,0,0,0,0,0,0,0,2,8.2093,1,0,0,0,0,-1,0,-1,0,0,0,0,0,1,0,2.25188,5,0,0,1,0,0,0,0.708276,0,0,0.211645,0,0,0,0,1,0,0,0,0,0,3,0,0,1,0,-1,0,0,0,-1,0,0,0,1,0,0,2,2,0,1,0,0,0,1,0,-1,0,-2,0,-1,0,2,0,-0.803114,-1,0,0.39529,0,0,3,0,0,0,0,1,0,-1,1,1
0,0,1,0,0,0,1,-0.837838,-1,0,-1,0,1,1,0,0,8.519785,1,0,-1,-3,0,0,0,0,0,0,2,0,0,1,0,1.24743,3,0,0,1,0,0,0,0.714286,0,0,-0.733695,0,0,0,0,1,0,1,0,0,0,0,2,0,1,1,2,0,0,0,0,0,0,0,-1,0,1,0,0,1,0,0,0,0,0,1,0,0,-2,0,0,0,1,0,-0.866477,0,0,0.508223,0,1,0,0,0,0,0,1,1,0,1,1
0,0,-1,0,-1,0,1,-0.837838,0,0,0,0,0,0,0,0,8.101585,1,0,1,0,2,0,0,0,0,0,0,0,2,0,0,0.8,3,1,1,0,0,0,0,1.92507,-1,0,-0.660853,0,0,0,0,1,0,1,0,-1,0,0,0,0,0,0,0,0,0,0,0,0,0,0,0,0,-1,0,0,0,0,0,0,0,0,0,0,0,-2,0,0,0,0,1,-0.673672,0,0,0.31351,0,0,0,0,-1,0,0,1,0,-1,1,1
0,0,3,0,0,0,0,-0.764222,0,0,0,0,0,0,0,0,-0.756524,0,0,0,1,1,-1,0,0,0,0,0,4,0,4,0,1.87957,1,0,0,0,0,0,0,1.24,-1,0,-0.797968,0,0,0,0,0,1,1,0,2,3,0,0,2,0,0,0,0,0,0,0,4,0,0,0,0,-1,0,0,0,0,2,0,0,1,0,0,0,1,0,0,0,0,0,0.244642,0,0,-0.723408,0,0,0,0,1,-1,1,0,0,0,1,1
0,0,0,0,0,0,0,-0.821435,0,-1,0,0,0,0,0,0,-0.744681,0,0,0,0,0,-1,0,0,0,0,0,0,3,0,-1,1.47076,5,0,0,-2,0,0,0,0.904734,-1,0,-0.768734,-1,0,0,0,0,0,0,0,0,0,0,0,-1,0,0,-1,0,0,2,0,0,0,1,-1,2,0,0,0,1,1,0,0,-1,0,0,0,0,1,0,-1,0,0,1,-0.7,0,1,-0.867969,-3,-1,0,-1,0,0,0,-1,0,0,1,1
0,-1,0,0,0,0,0,-0.734431,0,0,0,0,0,1,0,0,-0.80788,0,0,1,0,0,0,0,1,0,0,0,0,0,1,0,0.81718,4,0,0,0,0,0,0,1.345486,0,0,-0.72927,0,0,0,0,0,0,1,0,0,1,0,0,0,0,0,0,0,0,0,0,0,0,0,1,0,0,0,-1,0,2,3,0,0,0,0,1,0,1,-1,0,0,0,0,-0.703811,0,0,-0.726765,0,-1,0,0,0,1,0,0,0,1,1,1
0,1,-2,0,0,2,1,-0.658043,0,0,0,0,2,-3,0,0,-0.490464,0,0,1,-2,1,-1,1,0,0,-1,0,0,0,0,0,0.84793,5,0,-1,-2,0,0,0,1.081972,-1,0,-0.571429,1,0,1,0,0,-1,0,0,0,-2,0,-1,0,0,1,0,0,0,3,-1,0,2,1,-1,0,1,1,0,0,-2,-3,0,0,0,0,0,0,1,0,2,0,0,0,-0.724931,0,1,-0.531723,-1,0,0,0,0,1,0,0,0,1,1,1
0,-1,0,0,-1,0,0,-0.868039,0,0,0,0,1,0,3,0,-0.44749,0,0,0,1,0,0,0,0,0,0,0,0,0,0,0,0.8,1,0,0,-1,0,0,0,3.381242,-1,0,-0.571429,-1,0,0,0,0,0,0,0,-1,0,0,0,1,-1,1,0,0,0,0,0,1,0,0,0,4,0,0,-1,0,0,0,1,-2,0,0,0,0,0,0,0,0,0,0,0.07481,0,0,-0.54555,0,0,2,-1,0,0,0,0,-1,0,1,1
0,0,0,0,0,0,0,-0.630806,0,-1,0,0,0,0,0,0,-0.65415,0,0,0,1,0,-2,1,-1,-1,1,0,0,-2,0,0,1.94929,1,0,0,0,0,0,0,1.000606,0,0,-0.55789,0,0,0,1,0,0,-1,1,0,0,1,0,0,-1,-1,0,0,0,0,0,1,2,0,0,0,0,2,1,-2,0,0,0,0,0,0,0,0,0,0,0,0,0,0,-0.7,0,0,-0.590321,0,0,2,1,0,0,0,1,0,0,1,1
0,0,0,0,0,0,0,-0.57035,0,0,0,0,0,0,0,0,-0.52315,0,1,1,0,0,0,0,0,0,0,0,0,0,0,0,1.11429,10,0,-1,1,1,1,0,0.827804,0,1,-0.64795,6,2,0,0,0,0,0,0,0,0,0,0,0,0,2,0,0,0,-2,0,0,0,1,1,-1,0,0,0,0,0,2,0,1,0,0,0,0,0,0,1,-1,0,0,-0.524422,0,0,-0.587933,0,0,0,0,0,0,0,0,-2,0,0,1
0,-1,0,1,0,0,0,-0.705963,0,0,0,0,0,1,0,1,-0.470092,0,0,-1,3,0,-1,0,0,0,-1,0,0,0,2,0,1.50433,3,0,1,0,1,0,0,1.318564,0,0,-0.812195,2,0,0,0,0,0,0,1,0,0,0,0,3,0,0,0,0,0,1,1,1,0,0,-1,0,0,0,0,1,0,0,0,0,0,0,0,0,0,0,0,0,0,0,-0.554727,0,0,-0.684211,0,0,0,1,1,0,0,0,1,0,0,1
0,0,0,-1,-1,1,0,-0.599329,0,0,1,0,0,1,0,0,-0.491299,0,0,1,0,0,0,0,0,0,0,0,4,2,0,0,3.33088,3,0,-1,0,1,0,0,0.977888,0,1,-0.692308,0,0,0,0,0,0,0,0,0,0,0,0,2,1,3,0,0,0,3,0,0,0,1,-1,0,0,0,0,0,0,0,0,-1,0,1,0,0,0,0,1,0,0,-1,-0.470151,0,-1,-0.62591,0,0,0,0,0,0,0,-2,0,0,0,1
1,0,0,0,0,0,0,-0.54344,1,1,-1,0,-1,1,-1,0,-0.530714,0,0,0,1,0,0,0,1,0,0,2,0,-3,0,0,0.54701,11,0,0,0,0,1,0,2.004998,0,0,-0.777778,0,0,0,0,-1,0,-1,0,-1,-2,0,0,2,0,0,0,0,0,2,0,0,0,1,0,0,0,0,0,0,0,0,0,-1,1,0,1,0,0,0,0,0,0,2,-0.669716,0,0,-0.473335,2,0,0,0,0,0,1,0,-1,1,1,1
0,0,0,-3,0,0,0,-0.680999,2,0,0,0,0,0,0,0,-0.379331,0,0,-1,0,0,0,0,0,0,-1,2,3,0,0,0,1.70718,4,0,0,0,0,0,0,1.09259,0,0,-0.777778,3,-1,0,0,0,0,0,0,0,0,1,0,0,0,0,2,-1,0,0,0,3,0,-2,0,-2,0,0,0,0,0,2,-1,2,0,0,0,0,-1,0,-1,0,0,2,-0.513118,0,1,0.411911,0,0,0,0,0,0,0,0,0,1,1,1
0,1,-1,-1,0,0,0,-0.666667,0,0,0,0,0,0,0,0,-0.450973,0,-1,-1,0,0,0,1,-1,0,0,-1,0,0,-1,0,1.48059,2,0,0,-2,0,0,0,1.07143,0,0,-0.722077,0,0,0,0,0,1,0,0,0,0,1,1,1,0,0,0,0,0,1,0,2,0,0,0,0,0,1,0,0,0,0,0,-2,2,0,1,-1,0,-1,0,0,0,0,-0.749888,0,0,-0.572343,0,-2,0,-1,0,1,0,0,1,1,1,1
0,0,0,0,0,0,0,-0.720566,0,0,0,-1,1,0,0,0,-0.5855,0,0,-3,0,0,0,0,0,0,0,0,0,0,1,1,0.54286,11,-1,0,1,0,1,0,0.398614,1,-1,0.316893,-1,0,0,0,0,0,-1,0,1,0,1,0,0,0,0,0,0,-1,0,0,0,0,1,4,-1,0,0,0,0,-2,0,0,0,-2,0,0,0,1,0,0,0,1,0,-0.701463,0,-1,-0.387984,1,0,1,0,1,0,2,-1,0,1,0,1
0,-3,0,-2,0,0,0,-0.702358,3,0,0,0,0,0,0,0,-0.7,0,0,0,1,0,-1,2,1,0,0,0,0,0,0,-1,0.54286,4,0,0,0,2,0,0,1.105402,0,0,-0.33102,0,-1,0,0,0,0,0,0,0,-3,2,-1,0,0,0,0,0,0,0,0,0,1,0,-1,1,0,0,-1,0,0,0,0,-1,0,0,0,0,0,1,0,0,-2,0,-0.525192,0,0,-0.571429,0,0,1,0,1,1,0,-1,1,0,0,1
0,0,-1,0,-1,1,0,-0.630071,0,0,0,0,0,0,-1,0,-0.707867,0,0,1,0,0,0,1,0,0,1,0,0,0,0,0,1.05529,0,0,-2,2,0,1,0,0.789474,0,-1,-0.346893,0,3,0,0,0,0,0,0,0,0,0,0,-1,0,3,1,-1,0,0,0,0,1,0,-2,0,1,0,0,0,3,0,0,1,0,0,0,0,1,0,1,0,-2,0,-0.868451,0,0,-0.25896,0,0,0,0,0,-5,-2,0,0,0,0,1
0,0,-5,0,0,0,0,-0.774044,0,0,-2,0,0,0,-1,0,-0.830986,0,0,3,0,0,0,-2,0,0,0,0,0,-1,-1,0,1.0,5,0,0,0,-1,0,0,1.425258,1,0,-0.695544,0,0,1,0,0,0,0,0,0,0,1,1,0,-1,0,0,1,0,0,1,0,0,0,0,-1,0,-2,-1,0,0,0,-1,0,0,0,-1,0,0,0,1,0,3,-2,-0.612157,0,0,-0.847541,0,0,0,0,0,0,0,0,0,0,0,1
0,0,0,0,0,0,0,-0.639061,0,0,-2,0,0,0,0,0,-0.741738,-3,0,-2,1,1,0,0,0,0,-1,0,0,-1,2,0,1.77537,1,0,1,-1,0,1,0,0.911983,1,0,-0.446286,2,0,1,0,0,0,0,0,0,0,0,2,0,0,0,0,0,0,1,1,0,1,1,3,0,0,0,0,0,0,-1,0,0,0,0,0,2,-1,0,2,0,-2,0,-0.704232,0,0,-0.654105,0,0,0,0,0,0,0,1,-1,0,0,1
0,0,0,-1,0,0,0,-0.46399,0,0,0,0,0,-1,-1,0,-0.830986,1,0,0,0,0,0,-4,0,0,0,0,0,-3,0,0,1.16595,1,0,0,1,-1,0,0,1.650064,3,1,-0.691562,-1,0,0,0,0,0,1,0,0,0,0,1,0,0,0,0,0,0,0,1,0,0,1,0,0,0,-2,1,0,0,0,0,0,0,0,0,0,1,0,0,0,1,-1,-0.742781,0,0,-0.636364,0,0,0,0,0,1,2,1,0,0,0,1
1,2,1,0,0,2,0,-0.831194,0,0,0,0,0,0,2,0,-0.672117,0,0,0,2,0,0,0,1,1,0,0,0,0,-1,0,1.43078,2,0,0,0,-1,1,0,1.734264,0,1,1.52632,1,-1,0,0,0,1,0,0,0,0,0,1,0,0,0,-1,0,0,-1,1,0,0,0,-1,1,0,0,0,2,0,-1,1,0,0,1,0,0,1,0,1,1,0,0,0.851354,1,1,-0.491433,0,0,-2,0,0,0,3,0,0,4,1,1
0,-2,0,0,0,0,0,-0.69667,0,0,0,0,0,0,1,0,-0.60985,0,0,0,0,0,2,0,1,0,0,0,2,0,0,-1,1.63288,2,0,0,0,0,0,0,0.427716,0,1,1.52632,0,1,0,0,0,0,0,0,0,1,0,0,0,0,3,0,0,0,0,1,0,1,0,0,2,0,2,0,0,0,0,0,3,1,0,1,0,1,0,1,0,0,0,-0.256276,0,1,-0.838806,4,1,0,0,0,1,0,0,0,1,1,1
0,0,0,0,1,-2,0,-0.823726,0,0,0,0,0,0,-1,0,-0.633691,0,0,0,-3,0,0,-3,1,-1,1,0,-1,0,0,2,2.68511,9,-1,0,0,0,1,0,1.191877,0,1,-0.806424,0,1,1,0,0,0,0,0,0,0,2,1,-2,0,0,0,-1,0,0,1,0,0,0,0,1,-1,0,0,0,3,5,0,0,-1,1,0,0,1,0,1,0,0,0,0.383885,1,0,-0.859294,3,0,2,0,0,0,0,-2,0,2,1,1
0,0,0,2,0,1,0,-0.567108,3,0,0,1,0,-1,0,-1,-0.69491,0,0,0,-1,0,0,0,-2,0,0,2,0,0,0,1,2.09892,4,0,0,-1,1,0,0,1.834481,0,0,8.55932,1,-1,0,0,0,0,-1,0,0,1,0,0,0,0,-1,3,0,0,0,0,0,0,0,0,0,0,0,0,1,0,0,0,1,0,0,0,0,1,0,0,-1,0,0,0.701649,0,0,-0.65167,0,0,0,-1,0,0,-2,0,1,0,0,1
0,0,2,0,0,0,0,-0.682712,0,0,0,0,0,0,0,-1,-0.638458,0,0,0,0,0,0,1,0,0,0,0,1,0,0,-1,1.14187,3,0,0,0,0,0,0,1.0678,-2,1,8.828864,0,-1,0,0,2,-1,0,0,0,0,1,0,0,-2,2,0,-1,0,0,0,-2,0,1,0,0,0,0,0,0,1,0,0,0,0,0,1,0,-4,0,0,0,0,0,-0.077398,0,0,-0.86779,0,-1,0,0,0,-1,0,0,1,0,0,1
0,-2,0,0,0,0,0,-0.595936,1,0,1,0,0,0,0,0,-0.689849,0,1,0,1,0,-2,0,0,0,0,0,0,0,0,1,1.81275,0,0,0,-1,1,0,0,1.047096,0,0,8.478367,-1,0,0,1,0,0,0,0,0,0,1,0,1,-2,0,1,0,0,0,0,0,0,0,0,-2,0,0,0,1,0,0,0,-1,0,0,0,1,0,0,0,0,0,0,-0.55179,0,0,-0.628356,0,0,0,0,0,0,0,0,1,0,0,1
0,-1,0,0,0,0,0,-0.592588,0,0,2,0,-1,0,0,0,-0.785714,1,0,0,1,0,0,-1,0,1,0,0,0,0,0,0,0.92826,5,0,0,0,1,-1,-1,1.101049,0,0,-0.606071,2,1,0,0,0,0,0,0,-1,1,0,0,0,1,0,0,0,0,0,1,0,1,0,0,0,1,1,1,0,0,0,0,0,0,0,0,2,1,0,0,0,-1,1,-0.769231,1,-1,-0.235556,2,-1,0,0,0,0,0,1,0,0,1,1
0,2,0,0,0,4,-1,-0.732328,0,0,0,-2,1,0,0,-2,-0.815823,0,0,0,0,0,0,1,0,1,0,4,0,0,1,0,0.98097,20,0,0,1,0,-1,0,1.42857,0,0,-0.799507,0,1,0,0,0,0,0,0,0,3,-1,2,0,0,1,0,0,1,0,0,1,0,0,0,1,0,1,2,1,0,0,0,0,-2,0,0,0,0,0,0,0,-2,0,-0.612209,0,0,-0.916007,0,0,2,1,0,1,0,6,1,0,1,1
0,1,1,1,0,4,0,-0.7845,0,0,0,0,1,-1,0,0,-0.785714,0,0,0,0,0,0,0,1,0,-1,2,10,0,2,0,1.0,8,0,0,0,2,1,0,1.459302,3,0,-0.373894,0,1,-2,0,0,-1,0,-2,0,0,0,0,0,-1,2,0,-1,0,0,0,0,0,-1,0,0,0,0,0,0,-1,0,0,0,1,-1,0,1,0,0,0,0,-1,0,-0.720085,-1,0,-0.454545,0,0,0,1,0,1,0,1,0,-1,1,1
0,0,-1,0,0,0,1,-0.681512,0,0,0,1,0,0,0,1,-0.485299,0,2,0,1,0,0,0,0,-1,0,0,0,0,0,0,0.94286,1,0,0,0,0,0,1,1.415923,0,0,-0.841706,0,0,0,-1,0,0,0,0,0,0,0,0,0,-1,0,0,0,1,0,0,0,0,0,0,-2,0,0,0,0,0,-1,0,0,1,0,0,0,1,0,0,0,-1,0,-0.892045,0,0,-0.371323,-1,0,0,0,0,0,2,2,1,1,1,1
0,0,0,0,0,0,0,-0.659016,-1,0,0,1,0,0,-2,0,-0.653842,0,0,0,1,0,0,0,0,0,0,0,0,0,0,0,1.67691,0,0,0,0,0,0,0,0.983433,0,0,-0.581096,0,0,0,0,1,0,0,1,0,0,0,0,-1,0,2,0,0,1,0,-1,0,1,0,0,0,0,0,2,0,0,0,1,0,0,0,0,-1,1,0,0,0,0,0,-0.669017,1,0,-0.781818,0,-1,2,0,1,0,0,0,0,0,1,1
0,0,2,0,0,0,0,-0.892924,0,0,0,0,0,0,0,0,-0.764758,0,0,6,1,0,0,-1,0,0,0,-1,0,3,1,0,1.02255,0,0,0,0,0,0,1,1.42424,1,0,-0.555743,0,-1,0,1,0,0,0,0,0,-1,0,0,1,0,0,0,1,1,1,0,0,0,0,-2,0,0,2,0,1,1,0,0,1,0,0,4,0,1,0,2,0,0,0,-0.544858,0,0,-0.809439,1,0,1,1,0,0,0,-1,0,0,1,1
0,0,0,0,0,-1,0,-0.727273,0,0,1,0,-3,0,3,0,-0.527576,1,-2,0,1,0,1,0,0,0,0,0,0,0,0,0,1.37264,1,0,0,1,1,0,0,0.657895,0,0,-0.740012,-1,0,-1,-2,0,0,1,0,0,0,2,0,-1,0,0,0,0,1,2,1,1,0,0,0,0,0,0,0,0,0,0,0,0,0,0,0,-1,0,0,0,0,0,0,-0.458083,0,0,-0.584303,0,0,0,0,0,0,0,-1,0,0,0,1
0,0,0,-2,1,0,0,-0.658032,0,0,-1,0,0,0,0,0,0.183036,0,0,0,1,0,1,-1,0,-1,0,-2,0,0,0,0,1.15088,5,0,0,0,0,0,1,0.779435,1,0,-0.714216,0,0,0,0,1,0,1,0,0,1,0,0,0,0,0,0,0,0,0,0,1,0,-3,0,0,0,1,0,1,0,0,0,-1,0,0,0,0,0,0,0,0,0,-1,-0.288246,0,0,-0.717175,0,0,0,2,0,0,-1,2,0,0,0,1
0,1,1,4,0,2,1,-0.565539,0,-1,1,0,0,-1,3,0,-0.738132,0,0,0,3,0,0,1,0,0,-1,2,2,2,0,0,0.809,9,0,0,0,0,0,0,1.392001,1,3,-0.688114,1,0,0,0,0,0,1,0,0,0,1,0,0,0,0,0,0,1,0,0,0,0,0,0,0,0,1,-1,1,0,4,-1,0,0,0,0,0,1,1,4,0,0,0,-0.431449,0,0,-0.553843,0,0,5,-1,-1,1,0,0,0,-3,0,1
0,0,2,-1,0,0,2,-0.750909,0,0,0,0,0,0,0,-1,-0.714286,0,2,2,0,1,0,0,0,0,0,0,2,-1,0,0,1.26134,5,3,0,0,0,0,-1,0.214286,0,0,-0.205086,0,0,0,0,0,0,0,0,-1,2,1,1,0,0,-3,0,-1,-1,1,-1,0,0,0,0,0,0,0,0,0,0,0,0,0,0,0,1,-2,1,0,1,0,0,0,-0.684175,0,0,-0.273838,0,1,0,0,0,0,0,0,0,1,0,1
0,0,1,0,0,0,0,-0.15762,0,0,1,0,0,0,0,1,-0.587328,2,0,0,0,2,0,0,0,0,0,2,0,0,0,0,0.8,1,0,0,1,2,0,0,0.214286,2,0,-0.634927,-2,0,0,0,0,0,0,0,0,0,2,0,0,0,0,5,0,0,3,1,-4,0,0,2,1,1,1,-1,2,0,0,0,0,0,0,0,0,0,0,-1,2,1,0,-0.606751,-1,0,-0.607759,1,1,0,0,1,1,-2,-1,2,0,0,1
0,0,0,0,0,1,0,-0.59935,0,0,-1,0,0,0,0,1,-0.847505,0,0,-1,0,0,0,0,0,0,0,0,3,1,1,0,0.53871,7,0,0,0,0,0,1,0.214286,0,1,-0.328929,-1,1,0,0,0,0,0,0,0,1,0,0,0,1,0,2,2,0,0,1,2,0,0,0,2,1,0,-3,0,1,-2,0,0,0,0,0,-1,1,0,0,0,1,0,-0.683853,0,1,-0.58186,-1,0,0,1,1,0,0,0,0,0,0,1
0,1,0,0,0,0,2,-0.570571,0,0,0,-1,1,0,0,0,-0.666667,0,0,0,1,0,0,0,0,0,0,0,0,0,1,0,1.84367,8,0,0,-1,0,0,0,1.098071,0,0,-0.723883,1,0,-1,1,0,0,0,0,0,0,0,0,0,0,0,0,0,1,0,1,0,-2,2,1,0,0,3,3,0,0,0,0,0,0,0,0,0,2,0,1,0,-2,0,-0.656218,0,0,-0.555469,0,0,2,0,0,1,0,0,0,0,1,1
0,1,0,0,0,2,0,-0.41433,0,0,2,-2,-1,0,2,0,-0.693185,0,0,0,1,2,0,0,0,0,-1,0,-1,0,1,0,1.74597,9,-1,0,0,0,0,0,1.174134,3,0,-0.75986,1,0,0,1,0,0,-1,0,0,0,0,1,0,0,0,0,0,0,0,1,0,-2,0,1,0,0,0,0,0,0,0,0,2,1,1,1,0,0,0,0,0,0,1,-0.550753,1,-1,-0.635876,0,0,2,0,0,1,1,0,1,1,1,1
0,1,0,0,0,0,0,-0.306576,0,0,2,0,0,0,0,0,-0.557122,0,0,-1,1,0,0,0,0,0,0,0,3,0,1,0,1.77803,4,0,0,-1,0,0,0,1.01303,4,0,-0.836975,1,0,0,1,0,0,0,0,0,0,0,1,0,0,0,0,0,0,1,1,0,0,0,1,0,0,0,0,0,0,-3,0,0,0,0,0,0,-1,0,-2,0,0,0,-0.825689,1,0,-0.761003,0,0,-1,3,0,1,1,0,-1,0,1,1
0,-1,1,0,0,0,-1,-0.659565,0,0,0,0,0,-2,-1,0,-0.834715,0,0,0,0,0,2,-1,1,0,0,0,-2,2,0,0,0.97143,13,0,-1,0,0,0,0,1.255308,0,-1,-0.712017,0,0,0,0,0,0,0,0,1,-1,0,0,0,0,0,-3,-1,0,0,1,0,1,-1,0,0,-2,0,0,2,0,-1,0,-3,-1,0,-1,1,0,0,1,0,-1,-1,-0.900952,0,0,-0.761675,0,2,0,0,0,0,0,-1,1,0,0,1
0,0,2,0,0,-2,0,-0.625,-1,0,1,0,0,0,0,0,-0.649754,0,0,0,0,0,2,-1,1,0,0,0,0,1,0,0,1.20196,7,0,0,0,0,0,0,0.704297,0,0,-0.181146,0,0,0,0,0,0,0,0,0,0,-4,0,0,0,0,0,0,0,-3,1,0,1,0,0,0,1,0,-1,0,1,0,0,0,0,1,0,-1,0,0,0,0,-2,1,-0.748025,0,0,-0.80345,0,0,0,0,0,0,0,0,0,0,0,1
0,0,0,2,0,2,0,-0.71664,-1,0,0,0,0,0,0,0,-0.707317,0,-1,0,0,0,0,0,1,1,0,1,1,-1,0,0,1.61678,0,0,0,-1,0,0,-2,0.735294,0,0,-0.389215,0,0,0,0,0,0,0,0,0,0,0,0,2,0,0,0,0,1,0,1,0,1,0,0,0,0,0,-3,0,0,0,0,0,0,0,0,0,-1,0,1,0,0,0,-0.671274,0,0,-0.731328,2,0,0,0,1,0,1,0,1,0,0,1
0,0,0,0,0,0,1,-0.729056,0,0,2,0,0,1,0,1,-0.592987,0,0,0,0,1,0,0,0,1,0,5,-3,0,0,1,1.13463,1,0,0,0,0,0,0,0.845281,0,0,-0.711336,-1,0,0,0,-1,0,0,0,0,0,1,0,0,0,2,0,0,0,0,-2,-2,0,0,0,0,0,0,0,2,0,0,0,0,0,-1,0,0,0,0,0,0,0,0,-0.900785,0,0,0.090909,-1,0,0,1,0,1,0,0,0,3,0,1
0,0,0,0,1,0,-2,-0.748526,0,0,0,0,0,0,0,2,-0.535258,0,0,0,0,0,0,0,-1,1,0,0,0,1,0,0,1.05714,7,0,0,-1,0,0,-1,0.351351,0,-3,-0.369515,0,3,0,0,0,0,0,2,0,2,1,0,1,-1,0,0,0,0,0,0,0,0,-2,0,0,0,1,3,1,2,0,0,0,-1,0,0,0,1,0,0,0,0,0,-0.82475,0,1,0.277261,0,0,-1,0,0,0,0,0,0,0,0,1
0,0,0,0,0,0,0,-0.426089,0,0,0,0,-1,0,0,1,-0.552038,0,0,0,0,0,0,0,0,0,0,2,0,0,0,0,0.97504,3,0,0,0,0,0,0,0.77209,0,0,-0.323589,-1,-1,-6,0,0,0,0,-2,0,1,1,0,-1,0,0,0,-1,0,0,-3,1,0,0,-1,0,0,-2,0,0,-4,0,0,-4,0,0,0,0,-1,0,0,0,0,0,-0.556581,0,0,-0.180878,-1,0,-1,0,0,1,0,-3,-2,3,0,1
0,0,0,0,0,0,1,-0.248963,0,0,0,0,0,0,1,0,-0.613437,0,1,0,0,0,0,3,0,0,0,0,0,0,0,0,1.84642,8,0,0,1,0,0,0,1.166528,2,0,-0.845447,-2,0,0,0,0,0,1,1,1,0,1,0,-1,0,-1,0,1,0,2,-1,0,1,0,0,0,0,1,0,2,1,0,0,0,2,-2,-1,0,1,0,0,0,0,0,-0.494266,1,0,-0.590551,0,0,0,1,0,1,0,1,0,0,1,1
0,1,0,0,0,-1,0,-0.613357,0,0,0,0,0,1,1,0,-0.786361,0,1,3,-1,0,1,1,0,0,1,0,0,0,0,1,2.23529,8,0,0,0,0,0,0,0.983347,0,0,-0.833333,1,0,0,0,0,0,0,0,1,2,1,0,-1,0,1,0,1,0,4,0,0,0,0,0,0,0,-1,0,1,0,0,0,0,0,0,0,0,1,0,-2,0,0,0,-0.6315,1,0,-0.661101,0,0,0,0,0,0,0,0,0,0,1,1
0,1,0,-1,0,0,2,-0.625,0,0,0,1,-3,0,1,0,-0.052852,0,0,2,-1,0,1,0,0,0,0,0,0,0,0,1,2.64034,8,0,0,-1,0,0,0,1.296932,2,0,-0.753309,0,0,0,0,0,-1,0,0,0,0,1,0,2,1,0,0,0,-2,0,0,0,0,0,-1,3,0,-1,0,1,1,0,0,0,0,0,0,1,0,0,0,0,0,0,-0.497494,0,0,-0.598778,0,0,0,0,0,1,0,0,0,0,1,1
1,1,0,0,0,1,0,0.142001,0,0,0,0,1,-1,0,1,-0.76,0,0,0,0,0,2,0,0,0,0,0,0,0,0,1,1.2256,15,0,-3,0,0,-1,0,1.5,2,0,-0.629283,0,1,-1,0,0,1,0,0,0,1,0,1,0,0,0,0,0,0,0,2,0,1,-1,0,2,0,5,-2,1,2,0,-1,1,2,0,0,0,0,1,0,0,2,1,0.485284,0,0,-0.793667,-1,0,0,0,0,0,0,-1,-2,0,1,1
0,0,0,0,0,0,0,-0.440097,0,0,0,0,0,0,0,0,-0.579644,0,0,0,0,-1,1,0,1,0,0,2,0,0,2,0,1.46852,2,0,0,0,1,0,0,1.5,2,0,-0.690969,2,1,-1,1,0,0,1,1,2,0,1,2,3,0,0,0,1,0,0,0,0,2,0,-2,0,0,0,0,1,0,0,0,0,1,0,0,1,-1,1,0,0,0,0,-0.70852,0,1,-0.789474,0,0,0,0,-1,0,0,1,2,0,1,1
0,0,0,0,0,1,0,-0.759307,0,0,-2,1,1,-1,0,0,-0.775939,0,0,3,0,0,0,0,0,-1,0,3,0,0,0,-1,1.14823,5,1,0,0,0,0,0,0.876737,0,1,-0.681113,0,1,0,0,0,0,0,0,0,0,1,1,0,0,1,0,0,0,0,-1,-3,1,0,0,0,0,0,2,0,0,0,0,0,1,0,0,0,0,1,1,0,-2,0,-0.7,0,0,-0.422139,0,0,0,0,0,0,0,0,0,0,1,1
0,0,0,0,0,0,1,-0.593408,0,0,0,0,1,0,0,0,-0.860464,0,-1,0,1,0,-1,0,0,0,0,0,0,-4,1,0,2.38232,3,0,0,1,0,2,0,1.409506,0,0,-0.403621,0,0,0,0,0,0,0,0,0,-1,0,0,0,0,0,0,0,0,0,0,0,0,1,0,-1,0,0,0,-1,0,0,0,0,2,0,-2,0,1,0,0,0,1,-1,-0.646889,0,0,-0.62612,-2,0,-1,0,0,0,0,1,2,1,0,1
0,0,0,0,0,0,0,-0.593862,0,0,0,0,-1,0,0,0,-0.695869,-1,1,0,1,1,0,1,0,0,0,0,0,-2,1,0,1.14286,10,0,0,-1,0,0,1,1.576971,1,0,0.36593,3,0,0,0,0,0,0,-1,0,2,0,0,4,0,0,0,0,0,0,-1,0,0,0,0,1,0,0,0,0,1,0,0,0,0,0,0,0,0,1,0,0,2,-1,-0.722818,0,0,-0.79661,0,0,0,0,1,0,0,0,0,1,0,1
0,6,0,0,0,0,1,-0.733307,0,0,0,0,0,0,-1,0,-0.391059,0,0,0,1,0,0,0,0,0,0,1,0,0,0,1,1.55701,4,0,0,0,1,0,0,2.900334,1,-1,-0.606567,1,0,0,0,0,0,0,0,0,0,0,0,0,0,0,1,0,0,2,0,-4,2,0,0,0,0,0,0,0,0,0,1,0,0,0,0,0,-1,0,-2,0,0,-3,-0.72564,0,0,-0.804438,0,0,0,0,0,0,0,0,0,0,0,1
0,1,0,0,0,0,1,-0.348439,0,2,0,0,0,0,0,0,0.10013,-2,0,0,2,1,0,-1,0,0,0,0,-1,0,0,1,1.03815,1,0,0,0,0,0,0,0.455617,1,0,-0.869074,1,-1,0,1,0,0,1,0,0,0,1,0,0,-1,-1,2,1,0,0,-1,0,0,0,0,0,1,0,3,1,0,0,0,1,-2,1,0,0,0,0,3,0,0,0,-0.589486,-1,0,-0.913841,0,1,0,0,0,-2,0,0,0,0,1,1
0,0,2,1,0,0,-1,-0.66326,1,2,-1,0,1,0,0,0,-0.24081,0,0,0,0,0,0,0,0,0,-2,0,0,2,0,0,1.33907,8,0,0,-1,0,0,-1,0.449045,0,0,-0.73913,0,-1,1,-1,0,0,0,0,0,0,0,0,0,0,1,0,0,0,0,0,0,0,0,0,0,0,0,2,0,1,0,0,0,0,1,0,0,-1,0,0,0,0,0,-0.706695,0,0,-0.825726,0,1,0,0,2,0,0,0,0,-2,1,1
0,1,0,0,0,0,0,-0.582144,0,1,0,0,0,0,0,0,-0.666667,0,0,0,1,2,0,0,0,0,0,0,0,0,0,1,1.97279,2,1,0,0,-1,0,-1,0.357659,0,1,-0.846501,0,0,0,0,0,0,0,0,0,0,0,0,0,0,-2,0,0,0,0,0,0,0,0,-1,0,0,0,0,0,-1,0,0,0,0,0,-1,0,0,0,0,0,0,0,-0.522457,-1,0,-0.604748,0,1,1,1,0,-1,1,0,0,0,1,1
-1,0,0,1,0,1,0,-0.800136,0,-1,0,0,0,2,0,0,-0.707193,0,0,0,3,0,0,3,0,0,0,-1,-1,0,0,0,1.69448,3,0,-1,0,-1,0,0,0.661763,0,0,-0.672496,0,0,-1,-2,0,0,0,0,0,0,0,2,0,-1,0,0,0,0,0,1,-2,0,0,0,0,0,0,0,0,0,0,0,0,0,0,1,0,0,0,0,0,1,1,-0.904682,0,0,-0.892162,0,0,1,0,0,0,-2,1,0,0,1,1
0,0,0,2,0,1,0,-0.549577,1,0,4,1,0,0,0,0,-0.365824,0,0,0,-1,1,-1,0,0,0,0,0,0,0,1,0,1.71429,0,0,0,0,0,0,0,2.346834,0,0,-0.271225,-2,-2,1,0,0,0,0,1,0,0,0,0,-1,0,0,-1,0,0,0,1,0,0,0,0,0,0,-3,0,0,1,0,0,1,-1,0,1,-1,0,-1,1,0,0,0,-0.399108,0,0,-0.659996,0,0,0,0,0,0,0,1,-2,1,1,1
0,0,0,1,0,0,1,-0.717286,-2,0,0,0,2,0,2,0,-0.52,0,0,2,1,0,1,1,0,0,1,0,0,0,0,0,1.3958,0,0,0,0,0,0,0,1.239994,0,0,-0.826672,0,0,0,-2,0,0,0,0,0,0,0,0,0,-1,0,-2,1,0,0,1,0,1,-1,5,0,0,3,0,1,-1,0,0,0,0,0,1,0,-1,0,0,0,1,0,-0.812303,0,0,-0.196812,0,1,0,0,0,0,0,0,0,0,1,1
0,0,0,0,0,0,0,-0.570684,0,1,0,0,0,0,0,0,-0.776489,0,-1,0,0,0,1,0,0,0,-1,0,0,0,0,1,1.14778,0,0,0,0,0,0,0,1.56098,1,0,-0.641209,0,0,0,0,0,0,1,0,0,0,0,0,1,0,0,0,0,0,0,0,3,0,-1,0,1,0,-1,1,0,0,0,0,1,0,1,0,0,0,0,0,0,2,0,-0.846053,0,0,-0.582575,0,0,0,0,0,0,0,0,0,0,1,1
-1,1,4,1,0,0,0,-0.335095,0,1,0,0,0,0,0,2,-0.635653,0,0,0,1,0,0,0,0,0,0,0,-3,0,0,0,1.34361,0,0,0,0,0,0,0,1.56098,1,0,-0.793113,0,0,0,-1,0,0,0,0,0,0,0,0,0,1,2,0,0,0,0,1,1,2,0,-1,0,0,-1,1,1,0,0,-1,1,0,0,0,0,0,0,0,0,1,0,-0.840199,0,0,-0.060108,0,0,-1,0,0,0,0,-3,0,2,1,1
0,0,0,0,0,0,2,-0.744857,-1,1,0,0,0,0,0,0,-0.649195,0,0,0,1,-1,0,0,0,1,0,0,0,0,-3,0,1.5001,1,0,3,0,-2,0,0,1.275695,1,0,-0.734297,-2,0,0,0,0,0,1,0,-1,1,0,-1,0,1,0,-3,0,0,0,0,0,0,1,0,0,0,0,1,1,0,0,0,1,2,0,0,0,0,0,2,0,0,0,-0.638212,0,0,-0.586207,3,0,0,0,0,0,-1,0,1,0,1,1
0,1,0,1,0,2,-1,-0.854838,0,0,0,0,0,0,0,0,-0.848344,0,0,0,-1,0,-1,-1,1,0,0,0,5,3,0,0,0.73764,4,0,0,0,0,0,-1,1.996172,0,0,-0.79661,0,0,-2,0,0,0,1,0,0,2,0,0,0,0,0,0,0,0,0,1,0,0,0,0,2,1,0,0,0,4,0,0,0,1,1,0,0,0,0,0,0,0,0,-0.882696,0,0,-0.781818,-1,0,0,2,2,1,0,0,0,1,1,1
0,0,0,0,1,0,0,-0.179465,0,1,0,0,0,1,0,0,-0.733333,0,0,0,0,0,0,0,0,0,0,0,2,0,0,-1,2.43773,8,0,0,0,1,0,0,1.661024,0,3,-0.79661,0,0,0,0,0,0,1,0,0,0,0,0,2,0,0,0,-1,0,-2,0,0,0,0,1,0,0,0,0,0,0,0,0,0,0,1,0,0,0,0,-1,0,0,0,-0.197913,0,-1,-0.491693,0,1,0,0,0,1,0,0,1,1,1,1
0,0,1,1,0,0,0,-0.57249,0,1,1,1,0,-1,0,1,-0.811567,0,0,3,4,0,0,0,0,0,1,0,2,0,0,-1,1.68571,5,0,0,0,1,0,0,1.580261,0,0,-0.531404,0,0,0,0,0,0,1,0,0,0,0,0,0,0,1,3,0,0,0,0,0,0,0,0,-2,0,2,0,0,-2,0,0,0,2,1,1,1,0,0,0,0,0,-1,-0.828325,0,0,-0.781818,0,1,0,0,0,0,1,0,0,0,1,1
0,0,0,1,-1,-1,0,-0.614497,0,0,0,-2,0,0,0,0,-0.725915,0,0,0,0,0,0,0,0,0,0,0,0,-1,-1,0,1.0,4,0,-1,0,0,0,-1,0.371429,-1,0,-0.644601,0,0,0,-1,0,-1,0,0,0,0,0,4,-2,0,2,0,1,0,0,0,1,0,1,0,-2,0,0,0,0,-1,0,0,0,1,0,0,0,0,0,1,0,1,0,0.424803,0,0,-0.677863,-1,0,-3,0,0,1,-1,-1,1,1,0,1
0,0,0,0,0,0,0,-0.227065,0,0,0,0,0,0,2,2,-0.72093,0,0,0,0,0,1,0,0,0,0,-2,0,0,0,0,1.0,1,0,0,0,-7,0,0,0.195011,1,0,-0.712988,0,0,0,0,0,0,1,0,0,0,0,0,1,1,0,1,0,0,0,-1,0,0,1,0,1,0,0,0,1,0,0,0,0,-1,0,0,0,0,0,2,0,0,0,-0.584274,0,0,-0.72093,0,0,1,0,0,0,0,-1,0,0,0,1
0,2,0,0,0,0,0,-0.644907,0,0,0,0,0,0,0,-2,-0.825482,0,0,1,0,0,0,1,0,0,0,1,0,0,0,-1,1.0,10,0,0,0,0,1,0,0.410544,-4,0,-0.663381,0,0,0,1,0,0,0,0,0,1,1,0,0,0,0,-3,0,1,0,-6,1,0,0,0,1,0,0,-1,0,0,-2,0,0,0,0,0,0,-1,0,1,0,1,0,-0.789474,0,0,-0.840728,0,1,1,-1,0,0,0,0,-1,0,0,1
0,-1,0,0,0,0,0,-0.625,1,0,0,0,-1,0,0,0,-0.440879,1,0,-1,0,1,0,0,0,0,0,0,0,0,1,0,0.54378,3,1,0,0,0,0,0,1.443304,-1,0,-0.549305,0,1,0,0,-3,1,0,0,0,0,0,0,0,0,-1,0,1,0,0,0,0,0,0,0,0,0,0,0,0,0,0,1,0,0,0,0,-1,0,0,-1,0,0,0,0.113174,0,0,0.612221,0,0,0,0,0,1,-2,-1,0,0,0,1
0,1,-1,1,0,0,-1,-0.540842,0,0,0,1,-1,1,-2,1,-0.464744,0,0,0,-1,-2,0,0,0,0,0,0,3,2,1,1,1.34899,0,1,2,1,0,0,-1,0.292986,0,1,-0.084619,0,0,0,-1,0,0,0,0,0,0,0,0,1,0,0,1,1,0,0,0,1,0,0,0,0,0,1,-1,0,0,0,0,-1,1,0,2,0,0,0,0,-1,2,1,-0.248057,0,0,-0.814251,0,0,-4,0,0,0,1,1,0,0,0,1
0,-1,1,1,0,0,0,-0.620082,0,0,-1,0,0,0,0,2,-0.428571,1,-1,0,0,0,0,0,0,0,1,0,0,0,1,0,1.40018,4,0,0,1,1,1,0,0.902356,0,0,-0.576,1,0,0,0,0,0,0,0,0,1,0,0,-1,0,-1,0,0,0,0,1,0,0,0,0,0,0,3,-2,1,0,0,0,0,0,0,0,0,1,0,0,0,0,0,-0.524483,0,0,-0.696425,-1,0,-2,0,0,1,1,0,0,0,0,1
0,0,-1,0,0,0,0,-0.656474,1,0,0,0,0,0,2,2,-0.14466,0,1,1,0,0,1,-2,0,0,0,-1,0,0,0,0,1.88213,12,0,1,0,1,1,0,2.097424,0,0,-0.689745,0,0,0,0,0,0,0,0,0,0,2,0,0,0,0,-1,0,0,2,0,0,-1,0,0,0,-1,0,-1,-1,0,0,0,0,0,0,0,0,0,0,0,-1,0,0,-0.609546,0,0,-0.748004,0,0,0,0,0,1,0,0,1,0,0,1
0,0,0,0,0,2,0,-0.587174,0,0,0,0,0,1,-1,0,0.621546,0,0,0,0,-1,0,0,2,0,0,0,0,0,0,0,1.89533,6,0,0,0,0,0,0,0.924917,2,0,-0.334019,0,0,1,0,0,1,0,0,-1,0,-1,0,0,0,0,0,0,0,1,0,0,-1,-2,2,2,0,0,-1,0,-3,0,0,0,-1,0,0,0,1,0,1,0,0,0,-0.516859,0,0,-0.618209,0,0,0,-1,1,0,0,0,-1,0,0,1
0,-1,0,1,-1,0,-1,-0.615645,0,0,0,0,0,0,0,0,0.373827,0,0,-4,1,1,-2,0,0,0,0,0,0,0,0,1,1.23968,2,0,0,1,0,0,0,0.830661,-1,-1,-0.52,0,1,0,0,0,0,0,-1,0,0,0,0,0,0,0,1,0,0,0,0,-4,0,2,-1,0,1,0,0,0,0,0,0,2,1,0,0,0,1,0,0,0,-1,0,-0.647263,0,1,-0.657143,0,0,0,-1,0,-1,0,-1,0,2,0,1
0,3,3,0,0,2,-1,-0.668582,0,1,0,0,0,-1,1,0,0.074219,0,0,0,1,0,0,0,1,0,0,1,2,0,1,0,0.74925,0,0,-1,0,2,0,0,2.668591,0,0,-0.669972,2,0,0,-1,0,0,0,0,0,-2,0,0,2,0,1,0,0,1,0,0,0,0,0,0,1,0,0,-3,0,0,0,0,0,0,-1,0,0,0,0,0,0,0,0,-0.876186,0,-2,-0.6,-1,0,-6,0,0,0,0,-2,1,0,0,1
0,2,0,1,0,0,0,-0.648707,0,0,1,-1,0,0,2,2,-0.537715,0,0,1,1,0,1,1,-1,0,0,0,0,0,0,0,1.0787,1,0,0,0,-1,0,0,1.156585,0,0,0.328431,0,0,0,0,0,-1,0,0,0,-5,0,0,0,0,0,-1,0,0,-1,0,0,-2,-1,0,-1,0,-1,0,-1,3,0,1,2,-1,0,0,0,0,0,0,0,0,1,-0.835616,0,0,-0.483769,0,0,-1,0,0,1,0,-1,0,0,0,1
0,0,0,0,0,0,-1,-0.40607,0,0,0,1,0,0,0,0,-0.547696,0,0,0,0,0,-1,1,0,1,0,0,0,0,1,-2,0.63501,5,0,0,2,0,0,0,1.383885,0,-1,-0.533634,0,0,0,0,1,0,0,0,0,1,0,0,0,5,0,-1,0,0,0,0,0,2,0,0,1,1,1,0,-7,0,0,0,0,0,0,0,0,0,0,0,0,-1,0,-0.835616,0,0,-0.6,0,2,0,0,0,0,0,0,0,0,0,1
0,3,0,0,0,0,0,-0.760768,0,0,0,1,0,0,0,0,-0.412219,0,0,0,0,0,0,-1,1,0,0,0,0,-1,0,0,0.59434,4,-1,0,-3,0,0,1,0.739565,2,0,-0.442422,0,0,0,0,1,3,0,0,1,0,0,0,2,0,0,-1,0,0,0,0,0,0,0,0,1,0,0,0,0,0,1,0,-1,0,0,0,-1,0,0,0,0,0,1,0.118092,0,-1,-0.398934,0,0,0,3,0,0,1,0,2,1,0,1
0,0,0,0,0,0,-1,-0.730139,1,0,0,1,0,0,0,0,-0.303817,0,0,1,0,1,0,-2,0,0,0,-2,0,1,0,0,0.81037,3,0,0,1,0,0,0,0.280148,0,0,-0.396774,1,0,0,0,0,2,0,0,1,1,0,0,0,1,0,0,0,0,0,0,1,1,0,0,-3,0,0,0,-3,0,0,0,0,0,0,0,0,1,0,0,0,0,-1,0.885982,0,-1,-0.686037,1,0,0,0,0,1,-1,1,-1,0,0,1
0,2,-1,0,0,-1,0,-0.500573,0,0,0,1,0,-1,0,0,-0.096171,0,-1,1,0,1,0,0,0,-1,0,0,0,0,0,0,0.6596,2,0,2,1,8,0,0,0.760671,1,-2,0.405066,0,0,0,0,0,0,0,0,0,0,2,0,0,0,0,0,0,0,0,0,1,0,0,0,-1,0,-1,0,0,0,-1,0,0,-1,0,0,0,1,0,0,0,0,-1,-0.110529,0,0,-0.425015,-1,0,1,0,0,0,0,1,0,0,0,1
0,0,1,1,0,0,0,-0.617701,0,0,0,0,1,0,0,2,-0.446765,-2,-1,-2,-1,0,0,0,0,0,0,0,0,0,1,0,0.61318,0,0,0,0,0,0,0,0.716552,0,-1,-0.559767,-1,0,0,0,1,0,0,0,0,-1,0,-1,0,0,0,0,0,0,0,-1,0,0,3,0,0,0,1,0,0,0,-1,0,-1,0,0,0,0,1,0,1,0,0,0,0.139622,0,0,-0.733634,0,0,0,0,-1,0,-1,-2,0,5,0,1
0,0,3,0,0,0,0,-0.268184,0,0,-1,0,0,0,0,0,-0.609718,0,0,1,0,0,0,0,0,0,0,0,-1,1,1,1,0.76874,4,0,0,-2,0,0,0,2.028469,-4,0,-0.45884,0,0,2,1,0,0,0,0,0,0,1,0,0,0,-1,0,0,0,-1,0,2,0,0,0,-2,0,4,0,0,0,0,0,0,1,-1,0,0,0,0,0,1,-2,0,-0.894042,0,0,-0.690743,0,0,0,0,0,-1,0,1,1,0,0,1
0,0,0,0,0,0,0,-0.657044,0,0,0,0,0,0,-1,0,-0.568337,0,0,0,3,0,0,-1,0,1,0,0,0,0,0,0,0.46251,0,0,0,0,0,0,0,1.452133,0,0,0.016356,3,0,0,0,-1,0,-1,0,0,0,0,1,-1,0,-2,-2,0,0,0,0,0,0,0,2,0,0,0,-1,1,0,0,0,0,0,2,0,1,0,0,0,0,0,0,-0.867905,-1,0,-0.699245,0,0,0,-1,0,-1,0,0,0,1,0,1
0,-1,0,0,-1,0,-1,-0.483378,0,0,0,0,0,-2,1,0,-0.625463,0,-3,0,0,0,2,0,0,1,0,0,-1,0,1,0,1.80513,5,0,0,0,0,0,0,0.67301,0,0,-0.7,-2,0,0,0,0,0,0,0,1,-1,1,1,0,0,-3,0,0,0,0,1,0,0,0,0,0,1,0,0,0,0,2,0,-1,1,0,0,0,2,0,0,1,0,0,0.124455,0,0,-0.246079,2,0,0,-1,0,-1,-1,1,1,0,1,1
0,0,0,0,0,0,0,0.938275,-1,0,0,1,0,0,0,0,-0.750646,0,0,0,0,-1,0,0,-1,1,0,0,-1,2,1,0,1.10917,3,0,0,0,0,0,0,0.645024,0,0,-0.717658,0,0,1,0,1,-2,-2,0,0,-1,0,0,0,0,0,0,0,1,0,1,0,0,0,0,0,1,0,1,0,0,3,0,2,0,0,0,1,0,0,1,0,0,0,-0.462032,0,0,-0.858536,0,0,-1,-2,-2,4,0,1,0,0,1,1
0,0,0,0,-1,0,0,3.534286,1,0,0,1,1,0,0,1,-0.432133,0,0,0,0,0,0,0,0,0,0,0,2,-1,0,0,2.67531,3,0,0,0,0,-1,0,2.007648,-2,0,-0.59169,0,-2,0,0,-3,0,0,0,0,0,0,3,0,0,1,0,0,0,0,1,0,0,0,0,0,1,-2,0,1,0,0,0,0,0,0,0,0,0,0,1,0,1,0,-0.509659,0,-2,-0.594397,3,0,-1,-1,0,-1,0,1,0,0,1,1
0,0,0,3,1,2,0,-0.612903,0,1,0,0,-1,0,0,4,-0.781818,0,0,0,0,0,0,-2,0,0,0,0,0,0,0,0,0.89659,6,0,1,0,0,1,0,2.831738,-1,0,-0.507661,-1,0,0,0,0,0,0,1,0,0,0,0,-1,0,-2,-1,0,0,0,-1,2,-3,1,1,0,1,1,0,1,0,0,0,-1,0,0,0,0,0,0,0,0,0,-1,-0.650124,0,0,-0.637275,0,0,3,0,0,1,2,1,0,0,0,1
0,0,0,1,1,0,0,-0.624372,0,0,0,0,0,-1,0,0,0.276794,2,2,0,0,0,0,0,0,0,0,0,0,-1,0,0,0.82857,5,0,0,1,0,1,0,2.58621,0,0,-0.633035,-1,0,0,0,1,0,0,0,0,0,0,0,0,-1,-1,0,0,-1,0,0,0,0,0,3,0,0,0,0,1,0,2,0,0,4,0,0,2,0,-1,-1,0,0,0,-0.586207,0,0,-0.83242,2,1,0,3,0,1,-1,0,-4,0,0,1
0,0,0,1,1,3,0,-0.611533,0,0,0,0,-1,0,2,1,-0.508482,0,0,0,2,0,0,0,0,0,0,0,0,0,0,0,0.82857,2,0,0,1,0,0,0,2.58621,0,0,-0.447088,0,2,0,0,0,0,0,0,-2,0,0,0,0,-1,0,0,0,0,0,0,0,0,0,0,-1,0,0,1,0,2,2,0,0,2,-3,0,-1,0,0,0,0,0,0,0.354661,3,0,-0.803279,0,0,0,0,0,0,0,-3,0,0,0,1
0,1,0,-2,1,3,0,-0.614788,0,0,0,0,0,1,1,0,-0.877964,-1,0,0,0,0,0,0,0,0,0,0,2,2,0,0,2.24772,15,0,0,0,-1,0,0,0.998317,0,0,-0.861863,-1,0,0,1,0,0,0,0,0,4,4,0,0,0,0,3,0,0,0,2,0,1,0,0,0,-1,1,0,0,0,0,0,0,0,0,0,0,1,1,0,0,0,0,-0.833431,0,0,-0.694689,0,0,0,0,0,-1,0,0,0,0,1,1
0,0,-1,-1,0,0,-1,-0.793103,0,0,0,0,0,-1,0,0,-0.803279,0,0,1,0,0,3,0,0,0,0,2,0,0,-1,0,2.35553,10,0,0,0,0,0,0,1.763148,0,0,-0.827906,0,0,0,0,0,0,0,0,0,0,0,0,0,0,1,0,0,0,1,0,0,0,0,0,2,0,2,1,2,0,3,0,0,0,0,0,0,1,1,0,0,0,1,-0.723875,0,0,-0.835415,0,0,2,0,1,0,0,0,0,3,1,1
0,0,0,1,0,3,0,-0.542815,0,0,0,0,-1,0,0,0,-0.711497,0,0,-1,0,0,0,0,0,0,-1,0,0,0,0,0,2.09476,9,0,-1,0,-1,0,2,1.190349,0,1,-0.817578,0,0,0,1,0,0,0,0,0,0,0,2,0,-2,0,5,0,-2,0,2,0,1,0,0,0,0,1,0,0,0,0,0,0,-1,0,0,0,1,0,1,0,0,2,-0.781118,0,0,-0.548389,0,0,-2,0,2,0,0,0,0,0,1,1
0,0,0,0,0,0,0,-0.037758,0,0,0,0,0,0,0,2,-0.714443,0,1,0,0,0,2,1,0,0,0,0,-5,0,0,0,1.56595,7,1,-1,0,0,0,0,1.123587,0,1,-0.687386,0,0,0,0,0,0,0,0,0,0,0,0,0,0,-2,0,0,0,2,-1,0,0,1,0,0,0,0,-1,0,3,0,0,-1,0,0,0,0,0,0,0,0,2,0,-0.442824,0,0,-0.91558,0,0,0,0,0,0,0,1,0,1,0,1
1,-1,0,1,1,1,0,-0.710018,0,0,0,1,0,0,0,1,-0.29098,1,1,0,0,0,0,0,0,0,1,0,0,0,0,0,0.59196,0,0,0,0,0,0,0,1.10526,3,1,-0.684211,0,-1,0,2,0,1,1,0,0,0,0,0,-1,0,1,0,0,1,0,0,0,-2,0,2,1,0,1,0,0,0,0,0,0,0,0,0,0,0,0,0,0,0,-1,-0.623066,0,0,-0.770833,1,0,0,0,0,0,0,1,0,2,0,1
0,0,-1,0,0,0,-3,-0.669449,0,0,-3,0,0,1,0,0,-0.833,0,1,-1,0,0,0,1,0,0,0,0,0,0,-2,0,1.08571,6,0,0,0,0,0,-1,1.982687,0,1,-0.33802,0,-2,2,0,0,0,0,0,0,0,0,0,0,0,-5,0,0,1,0,-1,0,0,0,0,0,0,0,-1,1,0,0,0,-1,0,-1,0,0,0,0,0,0,1,0,-0.543556,0,1,-0.777778,0,2,2,-1,0,0,0,1,0,1,0,1
0,0,0,-1,0,1,1,-0.80791,0,0,0,0,0,-2,0,0,-0.371525,0,2,1,0,0,1,0,0,0,0,0,0,0,1,0,1.16168,0,0,2,3,-3,-1,0,0.226598,0,0,-0.280587,2,1,0,0,0,0,0,0,0,0,0,2,0,1,-1,0,-1,0,0,0,0,0,0,0,0,0,0,-1,0,1,1,0,0,0,0,0,0,0,-1,0,0,0,0,-0.729913,0,0,-0.707496,1,0,1,0,-1,0,-2,0,0,0,0,1
0,0,0,0,-1,0,0,-0.692999,0,0,0,0,0,0,-3,0,-0.294118,0,0,-1,0,0,0,0,0,-1,0,3,0,-1,0,0,1.32635,7,0,0,1,0,2,0,0.229709,0,0,-0.596866,-3,4,0,0,0,0,0,-1,0,-2,0,-1,0,3,0,0,0,0,-1,0,1,0,0,0,0,0,0,0,0,-1,0,0,-1,0,0,0,0,0,0,0,0,0,0,-0.584888,0,0,-0.690115,0,0,0,0,0,0,0,0,0,0,0,1
0,0,0,-1,0,0,0,-0.293796,0,0,2,0,0,2,-2,0,-0.25779,-1,0,0,0,0,0,0,0,0,0,-3,0,2,1,-1,0.63876,8,0,0,0,0,0,0,0.244138,0,0,-0.818623,0,-2,-2,0,-1,0,0,0,0,-4,0,0,2,0,1,0,1,0,0,0,0,0,-2,0,0,0,0,0,0,0,0,0,0,0,0,0,1,0,0,0,0,0,0,-0.305659,1,0,-0.689202,0,0,2,0,0,0,0,1,0,-1,0,1
0,0,0,1,0,0,0,-0.647059,0,0,1,2,0,0,-1,-1,-0.521033,0,0,0,0,-1,-1,2,0,0,0,0,0,0,1,1,0.92835,2,0,0,-1,3,0,0,1.523398,0,1,-0.255877,0,0,-1,0,0,-1,0,0,0,0,0,0,2,0,0,0,0,0,0,0,1,2,2,0,5,0,0,-1,0,2,0,0,2,-2,0,0,0,1,0,1,0,0,0,-0.622014,0,1,3.29024,0,0,0,0,-1,2,0,0,0,-1,0,1
0,0,0,0,0,-2,0,-0.713409,0,0,0,0,3,0,0,0,-0.656204,0,0,0,0,1,-4,2,2,1,1,0,0,3,2,0,0.48663,4,0,0,1,-1,1,0,1.299523,2,0,-0.53884,0,0,0,0,2,0,0,1,1,0,1,2,-1,-1,0,0,1,-1,0,0,0,3,0,0,0,0,0,0,0,2,0,0,2,0,0,-1,0,0,0,1,0,1,0,-0.412777,0,0,8.924264,0,0,0,0,0,0,0,0,1,0,0,1
0,0,0,-1,2,0,-1,-0.628923,0,0,0,0,0,0,2,0,-0.555556,0,0,-4,0,0,-2,0,0,1,0,0,0,0,0,0,1.51342,3,0,0,0,0,0,0,1.518278,0,0,-0.772472,0,0,0,0,0,0,0,0,0,0,1,0,2,0,-1,1,0,0,0,0,0,0,0,0,0,0,0,1,1,0,4,0,0,-1,0,0,1,-1,0,1,0,1,0,-0.352945,2,0,1.571532,2,0,-1,0,0,0,0,0,0,0,0,1
0,-4,3,0,0,3,0,-0.650738,-1,0,1,0,0,0,0,0,-0.764351,0,-1,0,1,0,0,0,0,0,-1,1,0,0,-1,0,1.39038,9,0,0,0,0,0,1,1.060272,3,0,-0.683239,0,0,1,0,-1,0,0,0,0,0,0,0,0,0,0,-1,0,0,0,1,0,1,0,0,7,0,0,0,3,0,0,1,1,0,0,0,0,0,0,-1,0,0,0,-0.767488,0,0,-0.562656,-2,0,0,0,0,0,0,-2,0,0,0,1
0,1,0,0,0,0,0,-0.637884,0,1,3,0,0,0,0,0,-0.688543,0,0,0,0,0,0,0,0,0,0,0,4,-1,-1,0,1.29329,8,0,0,0,-1,1,0,2.27275,0,0,-0.14646,0,0,0,0,0,0,0,0,0,0,1,0,0,0,0,0,-2,0,0,1,1,0,1,0,0,0,1,0,-1,2,0,0,0,0,0,1,0,1,1,0,0,0,0,0.457903,0,-1,-0.586207,2,0,2,0,0,0,0,0,0,0,0,1
0,0,0,0,0,-2,0,-0.265315,0,0,0,0,0,0,0,0,-0.661565,0,0,0,0,0,0,0,0,0,0,1,0,0,-1,0,3.46977,12,0,0,0,-1,0,0,0.779192,0,0,-14.046488,0,0,1,1,0,0,0,0,0,0,3,4,0,0,0,0,0,1,0,0,-1,0,0,0,0,0,1,0,-3,0,5,0,-1,0,0,0,-1,0,0,0,-1,0,0,-0.657143,0,0,-0.9059,0,0,0,1,0,0,0,-3,0,0,0,1
0,2,0,0,0,0,0,9.1e-05,0,0,1,0,0,1,0,-3,-0.311423,0,0,1,0,0,0,0,0,0,0,0,0,0,0,0,0.96625,1,0,0,1,0,-2,0,1.381721,0,0,-0.544206,0,0,1,-1,0,0,0,0,0,2,0,0,2,-1,2,0,0,0,0,0,0,1,0,0,1,0,0,1,0,0,0,0,0,2,0,0,0,1,0,0,0,0,0,-0.621722,0,-1,-0.793749,-1,0,0,0,0,1,1,1,0,1,0,1
0,0,3,0,0,1,0,-0.555556,0,0,0,0,0,0,0,-4,-0.198351,0,1,0,0,0,-1,0,0,0,0,0,0,0,0,0,1.00521,3,0,0,1,0,1,0,1.774573,0,0,-0.717325,0,0,0,0,-1,0,0,0,0,-1,1,-1,0,0,0,0,0,-2,3,0,0,1,0,0,1,0,0,1,0,0,0,0,0,-1,0,1,0,1,0,0,-1,0,0,-0.592562,0,0,-0.414928,0,0,0,0,2,1,1,1,0,1,0,1
0,0,0,-2,0,0,0,-0.696208,0,-1,0,0,0,3,0,0,-0.676305,0,-1,0,0,-1,0,0,0,0,0,0,0,2,0,-1,1.19304,1,0,0,0,0,0,0,2.021304,0,0,-0.681974,0,0,0,0,1,0,0,0,0,-2,1,2,0,1,2,-1,0,0,2,0,0,0,0,1,0,0,1,0,0,0,0,0,0,0,0,0,-1,0,0,0,0,0,0,-0.561873,0,0,-0.717642,0,0,0,0,0,1,0,-3,0,0,0,1
0,0,2,1,0,0,0,-0.624916,0,0,0,0,0,0,-1,1,-0.73299,0,0,0,-2,1,0,2,0,0,0,0,0,1,1,0,0.87224,1,0,-1,0,0,0,0,0.932396,-1,0,-0.451625,0,0,0,0,0,1,0,0,0,0,1,0,0,0,0,0,0,0,0,-1,0,-2,-5,0,6,1,1,0,-3,0,0,0,0,0,0,0,1,1,0,0,-1,0,1,-0.560564,0,0,-0.504571,-1,0,0,0,0,1,-1,0,0,-1,0,1
0,0,0,0,0,-2,0,-0.716766,-1,0,3,0,0,0,0,1,-0.859544,0,0,0,1,0,-1,0,0,0,0,0,0,0,0,0,1.089,2,0,0,1,0,0,0,0.189154,0,0,-0.580695,0,0,0,1,0,0,0,0,0,0,0,0,0,1,0,-1,0,1,0,0,0,1,0,0,0,2,0,0,1,0,0,0,0,0,-1,0,1,1,0,1,0,2,2,-0.563429,0,0,-0.168264,0,0,-1,0,-1,1,0,0,0,0,0,1
0,-1,1,1,0,0,0,-0.732745,0,-1,0,1,1,0,0,1,-0.6,1,-1,0,1,1,-3,-2,0,0,0,0,1,0,2,0,0.88571,3,1,0,0,0,2,0,1.631293,0,0,-0.551072,-1,0,0,0,0,0,0,0,0,2,2,0,-1,0,1,0,0,0,0,2,0,0,0,3,0,1,0,0,1,0,0,0,0,-1,0,0,-1,3,0,0,0,0,0,-0.711895,0,0,-0.561247,0,0,-1,-1,1,0,0,-1,-3,0,0,1
0,0,0,1,0,-1,1,-0.33104,0,0,-1,0,0,0,0,-2,-0.744681,0,1,0,1,0,-1,0,0,-1,0,0,0,0,1,0,2.11429,4,0,-1,0,-1,1,0,0.350194,0,0,-0.837838,0,1,0,0,1,0,0,0,0,0,1,0,0,0,0,0,-1,0,0,0,0,0,0,0,0,0,0,0,1,0,2,0,0,0,-1,0,1,0,0,-1,0,1,0,-0.112129,0,0,-0.779669,0,0,0,1,0,0,0,0,1,-1,1,1
0,0,0,1,0,-1,0,-0.287329,1,0,-1,0,-1,0,0,1,-0.744681,0,0,0,0,0,-1,-2,0,0,0,0,0,-1,1,0,2.11429,7,0,0,-1,0,1,0,0.602296,0,0,-0.757062,0,0,0,0,0,0,1,0,0,0,0,0,0,0,0,0,1,0,0,0,1,0,0,-1,0,0,-3,0,3,0,2,0,0,0,0,0,0,0,0,0,-1,1,0,0.373972,0,1,-0.769231,0,0,0,-2,0,0,-1,-1,0,-1,1,1
0,0,0,1,1,0,0,0.706534,1,0,0,0,0,0,0,1,-0.784979,0,2,1,0,0,0,0,0,0,0,0,0,0,1,0,1.88736,4,0,0,1,0,1,-1,0.464224,0,0,-0.420687,0,0,0,0,0,0,0,0,0,0,0,-3,1,0,0,-1,0,0,0,-1,0,0,-2,-1,0,-1,0,0,2,0,0,0,3,2,0,0,0,1,0,0,0,1,0,-0.502477,0,0,-0.822625,-1,0,2,0,-1,0,-1,0,0,-1,1,1
0,0,0,1,0,0,0,-0.313808,0,1,1,0,0,0,0,-1,-0.714286,0,2,0,0,0,0,0,0,0,0,0,0,0,1,0,0.92646,3,0,0,1,0,0,0,0.282621,0,0,-0.586022,0,-1,0,0,0,0,0,0,0,-2,0,-2,0,0,3,0,0,0,-2,1,-4,0,1,3,0,1,1,-1,-2,-1,-1,0,0,0,0,0,0,0,0,0,0,0,0,-0.781818,0,2,-0.610264,0,0,0,1,2,1,-1,0,0,1,0,1
0,2,0,0,0,0,1,-0.726758,0,0,1,-1,0,-1,0,5,-0.770996,-1,0,0,0,0,-2,0,0,0,0,0,0,0,1,0,1.3003,7,0,0,1,0,0,1,0.241379,0,0,-0.135405,0,0,0,0,0,0,0,0,0,0,0,0,1,0,2,0,1,0,-2,1,0,0,2,2,0,1,1,0,0,0,-1,0,0,0,2,0,0,1,0,0,0,0,0,-0.770163,0,0,-0.523711,0,0,0,0,0,0,0,1,0,0,0,1
0,0,1,0,1,0,0,-0.596208,0,0,0,0,0,0,0,0,-0.745071,0,0,0,0,4,0,-1,1,0,0,0,0,1,1,0,1.61219,0,0,0,1,0,0,0,0.256356,1,1,3.57176,1,0,-1,0,0,0,0,0,0,0,0,0,0,1,0,4,0,0,0,1,1,-2,0,0,0,1,1,0,0,0,0,-1,1,0,0,-1,0,1,0,0,2,-1,0,-0.81331,0,0,-0.466069,0,0,-2,0,0,0,0,0,1,1,0,1
0,0,1,0,0,-1,0,-0.606529,0,1,0,0,0,0,0,0,-0.677055,0,0,1,0,0,0,0,0,0,1,-1,1,0,0,0,1.56272,1,0,0,0,0,0,0,0.259192,0,0,-0.613637,2,0,0,0,1,0,0,0,0,0,1,0,0,1,0,0,0,0,-1,0,0,0,0,0,0,0,0,0,0,1,0,0,-2,0,0,0,-1,0,0,0,0,2,0,-0.789616,0,0,-0.669105,0,0,0,-2,0,-1,0,0,0,0,0,1
0,0,-1,0,0,-2,0,-0.124885,0,1,0,0,0,0,0,0,-0.534267,-1,2,0,0,0,2,0,0,0,0,0,3,0,0,0,0.95188,1,-1,0,0,-1,4,0,0.235294,0,0,1.11009,0,0,0,0,0,0,0,0,0,0,1,-2,1,0,-1,-1,0,1,0,0,1,0,4,0,0,0,-1,0,1,0,0,0,0,-1,0,0,0,-1,0,0,0,-2,1,-0.76906,1,0,-0.609578,0,0,2,0,0,0,-1,0,0,0,0,1
0,0,-3,0,0,1,0,-0.59942,0,1,0,0,0,0,1,0,-0.642797,0,0,0,0,0,0,0,0,0,0,-3,-1,-2,-1,-1,3.30608,2,0,0,0,4,0,0,0.511045,-1,0,-0.367417,2,0,0,0,0,0,1,0,0,0,1,0,0,0,0,0,2,1,-1,0,1,-3,-1,0,0,0,-1,-1,2,-4,0,0,0,0,0,0,0,0,0,0,0,0,-1,-0.807022,0,0,-0.773555,0,0,0,2,0,0,0,0,0,0,0,1
0,1,0,0,0,0,-1,-0.71313,0,-1,0,0,-1,-1,0,0,-0.624709,1,1,0,1,0,0,0,0,0,-1,0,0,0,0,0,1.3529,0,0,0,0,0,0,0,0.315789,0,0,-0.686921,0,0,-2,0,0,0,0,0,1,2,0,-1,0,0,0,0,0,0,0,0,0,0,0,1,0,0,1,0,1,0,0,0,0,4,0,0,0,0,0,1,0,0,1,9.265388,0,0,-0.687005,0,0,0,0,0,0,0,0,1,0,0,1
0,1,0,0,0,-1,1,-0.902806,-1,0,0,0,1,0,0,0,-0.767072,1,1,0,-2,0,0,0,0,1,0,0,0,1,0,0,1.38917,2,-1,0,-1,0,0,0,0.315789,0,0,-0.695602,0,0,0,0,0,0,0,0,1,0,0,0,0,0,0,-1,0,0,0,0,-2,-2,1,1,0,0,-1,1,1,0,0,0,0,-1,-1,0,0,0,0,0,0,1,0,9.28571,0,0,-0.777778,0,0,0,0,2,-1,0,0,1,0,0,1
1,1,0,0,0,0,-1,-0.58317,-1,0,0,0,0,2,0,0,-0.52,1,1,0,1,0,0,0,0,0,0,0,0,1,3,-1,1.08571,0,0,0,0,1,0,0,0.315789,0,0,8.5e-05,0,0,-1,0,0,0,0,0,1,0,-2,0,0,0,0,0,0,-1,0,1,0,0,1,0,0,0,-1,0,1,0,0,0,0,0,0,0,0,0,0,0,0,0,-2,9.186563,0,0,-0.699573,0,0,0,1,0,1,-2,0,1,0,0,1
0,2,1,0,0,1,1,-0.338228,0,0,0,0,1,1,0,2,-0.572645,0,0,0,0,0,0,-1,0,0,1,2,0,2,0,0,1.21718,15,0,0,0,0,0,0,1.176224,0,-3,-0.775419,0,-1,0,0,0,0,0,0,0,1,1,0,0,0,0,0,0,0,0,0,1,1,0,-3,3,0,0,0,0,0,3,0,0,0,0,0,0,0,1,1,0,0,0,-0.798336,0,0,-0.480477,0,0,-1,1,1,0,0,0,0,0,1,1
0,0,0,0,0,0,0,-0.341284,0,0,1,0,0,1,0,0,-0.643122,2,1,0,0,0,0,0,0,0,0,0,0,-1,0,0,2.51735,9,0,1,1,0,0,0,1.244264,0,0,-0.6607,0,1,1,0,0,0,0,0,0,3,0,1,-2,0,0,0,0,0,0,1,-1,0,-2,0,0,0,-1,0,0,0,0,0,-1,2,0,0,1,0,0,2,0,1,0,-0.899711,2,6,-0.632597,0,0,3,1,0,0,0,0,0,0,1,1
0,0,1,0,0,1,0,-0.646669,2,0,0,0,1,1,0,0,-0.603078,0,0,2,0,0,0,0,0,0,1,0,0,0,0,0,1.70056,15,0,0,0,0,0,0,1.038601,0,-1,-0.761178,0,0,0,0,1,0,0,0,0,1,0,1,-1,1,0,0,0,0,0,0,1,-1,0,1,3,0,0,0,-2,0,0,0,-1,0,1,0,0,2,0,1,0,-1,0,0.092188,0,0,-0.888577,4,0,0,1,0,0,0,0,0,0,1,1
1,-2,0,0,0,0,0,-0.7,-1,0,0,1,0,0,0,0,-0.723046,0,1,0,0,0,0,0,1,1,0,0,-1,1,1,0,1.17866,14,2,0,0,0,0,2,0.233333,0,0,-0.036947,0,0,0,0,0,0,0,0,0,-1,0,-1,-1,1,0,-1,1,1,-2,0,0,0,0,0,-1,0,0,0,0,3,0,0,0,2,0,0,0,0,0,0,0,0,-1,-0.652723,0,-1,-0.645227,-2,0,0,0,0,0,0,0,-1,0,0,1
0,0,0,0,0,0,0,-0.7,0,0,0,1,0,-1,0,-1,-0.711529,0,0,1,0,0,0,0,-4,1,0,0,0,0,0,0,0.85714,0,0,0,0,0,0,2,0.201151,0,-1,0.077338,0,0,0,0,0,0,-1,0,-1,0,2,-1,0,1,0,2,0,0,0,0,-1,1,0,0,0,0,-1,-1,0,0,0,0,1,0,0,1,0,0,0,0,0,-2,0,-0.448529,0,0,-0.661965,0,0,0,0,0,0,0,0,-2,2,0,1
2,0,0,0,0,0,0,-0.725683,1,0,0,0,0,2,0,0,-0.676006,1,1,0,0,0,-1,1,-1,1,1,0,0,1,-2,-1,0.85714,2,0,0,0,0,0,0,0.233333,0,1,-0.689297,0,0,0,0,-1,0,0,0,-1,1,0,0,0,1,1,0,1,0,0,0,0,1,0,0,0,0,1,0,0,0,0,0,0,0,0,-1,0,0,-1,-1,0,-2,0,-0.670607,0,-1,-0.572118,0,0,0,1,0,-2,0,0,0,2,0,1
0,0,-2,0,2,-1,0,-0.590116,0,1,1,0,-5,0,0,1,-0.863543,0,0,0,1,0,0,0,0,0,0,0,0,0,-1,0,1.11429,1,0,-1,0,4,-1,1,1.265977,1,0,-0.757475,0,0,-1,0,0,1,0,0,0,0,1,1,0,1,0,0,0,0,0,0,0,0,0,0,0,1,1,1,0,1,0,0,0,0,0,0,0,0,0,-3,0,0,1,-0.710648,0,0,-0.612903,0,0,0,1,0,3,0,0,1,0,0,1
0,1,0,-2,0,0,-1,-0.744681,-1,1,0,0,-1,-1,0,4,-0.61169,0,1,0,-1,0,0,0,0,0,0,0,0,0,0,0,1.10188,0,0,-2,0,0,0,0,1.912185,0,1,-0.703508,0,1,0,0,0,0,0,0,0,1,0,1,0,0,1,0,1,0,0,-1,0,0,-3,-1,2,0,1,0,1,1,0,0,0,0,-1,0,-1,0,0,0,0,1,0,-0.639554,0,0,-0.69148,4,0,0,0,0,1,0,0,1,-1,0,1
0,0,0,1,0,0,0,-0.613094,0,1,0,0,0,0,0,1,-0.7,0,0,0,-1,0,0,-1,0,0,0,0,0,0,0,0,1.11429,1,-1,0,-1,0,0,0,1.018504,0,0,-0.69325,0,0,0,0,0,0,1,0,0,0,1,0,0,0,0,0,0,0,0,0,0,0,0,0,0,0,1,0,3,1,2,0,-1,0,0,0,0,0,0,1,0,0,0,-0.673501,0,0,-0.761759,0,0,0,0,0,2,0,0,1,0,0,1
0,0,0,1,0,0,0,-0.425457,0,-1,1,0,0,1,0,0,-0.647811,0,0,0,3,0,0,-1,0,0,1,0,0,0,0,0,3.79919,3,-1,0,0,-2,0,0,0.72549,0,0,-0.764706,0,0,0,0,0,0,0,0,0,3,1,2,0,1,1,0,0,0,-1,0,1,0,0,0,0,0,0,1,0,0,0,0,0,0,0,0,1,-1,0,0,-1,-1,0,2.108699,0,0,-0.720072,0,0,-3,0,0,-1,0,0,0,0,1,1
0,0,0,0,0,0,0,-0.549293,0,0,-3,2,0,0,0,0,-0.517038,0,0,0,0,1,1,-1,0,0,0,0,0,0,1,-1,1.45714,6,0,0,0,3,0,0,0.72549,0,1,-0.764706,1,0,1,0,0,-1,0,0,0,0,1,0,-1,0,0,1,0,0,0,0,0,0,0,1,0,0,0,0,0,0,0,0,0,0,0,0,0,1,0,1,0,0,0,2.336023,0,1,-0.709345,0,0,0,0,0,0,0,0,0,0,1,1
0,-2,0,0,0,0,0,-0.703804,0,-1,0,0,0,0,0,1,-0.607522,0,0,1,0,1,0,0,0,0,0,0,0,0,1,1,1.82824,2,0,0,0,0,0,0,1.149019,0,0,-0.624874,0,0,1,0,0,0,0,0,0,0,1,-1,0,0,1,0,0,0,0,0,0,1,1,0,0,0,0,0,3,0,0,0,0,0,0,0,0,0,0,0,0,-1,0,-0.755411,0,0,-0.368326,0,0,0,0,-3,0,-1,0,0,0,1,1
1,-1,0,0,-1,1,0,-0.672874,-1,1,0,0,0,0,4,0,-0.712143,0,0,-1,1,1,0,0,0,0,0,0,1,0,0,0,0.94061,3,0,1,0,0,2,0,1.072704,0,0,-0.650116,3,1,0,0,0,0,0,0,0,1,0,-1,0,1,0,0,0,-1,-2,0,0,0,0,0,1,-3,1,-1,0,0,0,0,0,1,-1,0,0,0,1,0,0,0,0,-0.556411,0,0,-0.536599,0,0,1,0,0,0,0,0,-1,-1,0,1
0,0,0,0,0,2,0,-0.648737,0,0,2,0,0,0,0,0,-0.824694,0,0,-1,1,0,0,-2,0,0,0,0,-1,0,0,0,0.9469,11,0,0,0,0,0,1,0.941176,0,0,-0.670311,0,-1,0,0,1,0,-1,0,0,0,0,0,0,1,0,0,0,0,0,0,0,0,0,0,0,0,0,0,0,1,-2,0,0,0,0,0,0,-1,0,0,0,1,-1,-0.581396,0,0,0.690982,0,0,0,0,1,0,2,-1,1,0,0,1
0,0,0,1,0,0,0,-0.698762,0,0,0,1,0,0,0,0,-0.383359,0,0,0,0,0,0,1,0,0,0,0,0,0,0,0,0.40494,9,0,0,0,0,0,0,1.670842,0,0,-0.87032,0,0,0,0,0,0,0,0,0,-1,-1,0,2,0,0,0,0,0,2,0,0,0,0,3,0,0,0,-1,0,0,3,0,0,0,0,1,0,0,0,0,0,0,0,-0.40298,1,0,-0.606779,0,0,3,0,1,0,0,0,0,0,0,1
0,0,4,0,0,0,-2,-0.683849,0,4,0,0,0,0,0,0,-0.740682,0,0,1,0,0,0,0,1,0,0,0,0,0,0,0,1.16692,5,0,0,-1,1,0,0,2.501366,0,0,-0.612767,0,0,1,0,0,0,0,0,0,0,2,0,0,0,0,0,0,0,0,0,0,0,0,0,0,-3,0,0,1,0,0,0,0,0,0,0,-2,1,0,1,0,2,2,-0.224171,2,0,-0.728667,0,-1,0,0,0,0,0,1,0,-2,0,1
0,2,0,1,0,0,0,-0.677837,0,0,0,2,1,0,3,0,0.181432,0,0,2,2,-1,0,0,0,0,0,0,0,0,0,1,1.8438,7,0,0,0,0,1,0,1.375912,0,0,-0.500799,0,0,0,1,0,0,0,0,0,0,0,0,0,0,0,0,0,1,0,0,0,1,0,-1,0,0,0,0,0,0,-3,0,0,-5,0,0,1,0,0,-1,0,0,0,-0.920051,0,0,-0.206858,-1,0,-1,-1,0,0,2,0,0,1,0,1
0,0,0,0,0,0,0,-0.79078,0,0,0,1,0,0,0,0,-0.575185,0,0,1,-3,0,-1,0,0,0,0,0,-1,0,0,0,1.05714,3,0,-1,-1,1,1,0,1.431476,0,-1,-0.183155,0,0,0,0,0,0,0,0,0,0,0,0,0,1,-1,0,0,1,0,0,0,-1,2,-2,0,1,0,0,1,-1,2,0,0,0,0,0,0,0,0,-1,0,0,0,-0.625,-1,1,-0.74736,0,-1,2,0,0,0,0,0,2,-2,0,1
0,0,0,0,0,0,0,0.205703,1,1,0,0,0,1,-1,0,-0.48522,0,-1,0,0,0,0,0,1,-3,0,0,0,1,-1,0,1.67045,12,0,0,0,0,0,0,1.536139,0,0,-0.76,0,0,0,0,0,0,0,-1,0,-4,-1,0,0,0,0,-1,-1,2,0,0,1,0,0,0,0,1,0,0,0,0,0,0,1,0,0,-1,0,0,0,0,-2,1,-1,-0.720224,0,0,-0.828571,0,0,0,0,0,0,0,0,1,0,1,1
0,0,0,0,0,-2,0,-0.308836,0,0,0,0,0,0,0,3,-0.53768,0,0,0,1,0,0,0,0,-1,0,0,2,1,0,0,1.78276,8,0,0,0,0,2,0,2.050457,1,0,-0.780941,1,0,0,0,0,0,0,-1,0,0,0,2,2,0,0,0,0,0,0,0,0,0,0,-1,0,1,0,0,-1,-2,0,0,1,0,0,0,0,0,0,0,0,1,0,-0.758197,0,0,-0.811622,0,0,0,0,0,0,-1,1,0,0,1,1
0,0,0,1,0,0,0,-0.378145,1,1,0,0,0,0,0,0,-0.696342,0,0,1,1,0,0,0,-1,0,0,0,0,1,0,0,1.09417,8,0,0,0,0,0,0,1.391846,0,0,-0.368793,1,1,1,0,0,0,0,0,0,1,0,0,3,1,1,0,0,0,0,1,1,0,0,0,0,1,2,0,-3,0,0,-2,1,0,-1,0,0,-1,0,0,0,0,0,-0.714056,0,0,-0.828571,0,0,-2,1,0,0,0,0,0,0,1,1
0,0,0,0,1,0,-1,-0.583419,3,0,0,0,1,0,0,1,-0.680523,0,0,1,0,0,0,0,0,0,0,0,0,2,1,0,1.33189,6,0,0,0,2,0,0,1.888718,0,0,-0.77855,0,0,2,0,0,0,0,0,0,0,1,1,0,0,2,0,0,0,0,0,0,1,1,0,2,0,0,0,0,0,0,0,2,1,0,0,1,1,0,1,0,0,0,-0.873812,0,0,-0.428571,0,0,0,0,0,0,3,1,0,1,1,1
0,0,0,0,0,0,-1,-0.506,0,0,0,0,0,0,0,2,-0.723705,0,0,0,0,1,0,0,0,1,1,2,0,0,0,0,1.57143,4,0,0,5,0,-1,0,1.790028,0,-1,-0.56221,2,1,-2,0,0,0,0,0,0,0,1,0,0,0,0,0,0,1,0,1,0,1,1,0,3,0,0,0,1,0,0,0,0,-4,0,0,0,-1,0,0,0,1,-1,-0.770519,1,0,-0.428571,0,0,0,0,-1,0,0,1,0,1,1,1
0,0,0,0,1,0,0,-0.694147,0,0,0,0,2,0,0,0,-0.710751,0,3,0,0,0,0,3,0,1,1,0,0,0,0,0,1.20244,11,0,0,0,0,0,-1,1.758453,0,0,-0.098129,0,0,0,0,1,3,1,0,-2,0,1,2,0,0,0,0,0,0,0,0,0,1,1,0,2,0,0,0,2,0,0,0,0,0,0,0,0,0,0,0,0,0,0,-0.781814,1,0,1.064499,0,0,0,0,0,0,0,1,2,1,1,1
0,0,1,0,0,0,0,-0.669724,0,0,0,0,0,1,0,0,-0.58786,0,0,2,-1,1,1,0,0,0,0,0,0,0,0,0,0.90438,2,-1,0,0,1,0,0,1.07143,0,0,-0.581283,0,0,2,0,0,1,2,0,0,0,0,0,-1,0,0,0,0,0,0,0,0,0,0,1,2,0,0,0,-1,0,2,0,0,0,1,1,0,1,0,0,1,0,0,-0.523838,0,1,-0.58718,-1,0,0,2,0,0,0,0,0,0,1,1
0,0,-3,1,0,1,0,-0.547937,-1,0,0,0,1,0,-1,0,-0.6,0,0,1,0,0,0,0,0,2,0,3,1,0,2,0,0.77636,3,0,0,0,0,-1,0,1.744395,0,0,-0.282501,0,0,0,0,-1,0,0,0,0,0,0,0,0,0,0,-1,-1,0,0,1,0,2,0,-1,0,1,0,0,-1,0,0,0,0,1,0,0,0,0,0,2,0,-1,0,-0.768056,0,0,-0.185493,2,0,0,0,-1,0,0,0,0,1,1,1
0,2,0,1,0,-5,-1,0.090453,0,0,0,0,0,0,0,0,-0.605582,0,0,-1,0,-1,0,0,0,0,0,0,0,0,0,0,1.60607,4,0,0,1,1,0,0,1.180938,0,-1,-0.731193,0,0,0,0,0,1,-1,2,2,0,0,0,0,0,0,1,-1,0,0,0,0,0,-1,0,0,1,0,0,-1,0,0,0,-1,0,0,-2,1,0,0,-2,0,-1,0,-0.67246,0,1,-0.303678,0,0,0,1,0,0,1,2,2,1,1,1
1,1,2,0,-1,0,-2,-0.675608,1,0,0,0,0,0,0,3,-0.73913,0,0,-2,2,0,0,0,0,0,0,0,0,1,0,0,1.63401,3,0,-1,0,1,1,0,0.614711,0,0,-0.796283,0,0,0,0,0,0,2,0,0,0,0,0,0,0,3,0,0,0,0,0,0,0,0,0,1,0,0,0,0,0,0,0,0,-3,0,0,0,0,0,0,0,0,2,-0.854162,0,0,-0.841355,2,0,0,0,0,1,0,-2,0,0,1,1
0,1,0,0,0,0,0,-0.687661,1,0,0,0,0,-1,0,-2,-0.473104,0,0,1,0,0,-2,1,0,1,-4,0,0,0,-1,0,0.96431,3,0,0,0,-1,1,0,1.853208,0,0,-0.776408,1,-1,0,0,0,0,0,0,-1,0,2,0,1,1,0,1,1,0,0,1,1,2,0,0,1,-1,1,0,-2,1,0,0,0,4,0,0,0,0,0,0,0,0,0,-0.397866,1,0,-0.571429,0,1,0,0,0,1,1,1,0,0,1,1
0,3,0,0,0,0,0,0.080789,0,0,1,0,0,0,0,0,-0.436385,0,-3,1,1,0,0,0,0,2,0,0,0,0,0,0,1.6865,3,0,0,1,0,0,0,0.542411,1,0,-0.797026,1,0,0,0,0,4,0,0,0,0,1,0,1,0,4,1,0,0,0,1,-1,-1,0,0,1,0,0,0,0,0,0,0,0,0,0,0,0,0,0,0,0,0,0,0.270513,0,0,-0.031636,1,0,0,0,0,0,2,1,0,0,1,1
0,0,-1,0,0,0,0,-0.454545,1,0,1,1,-2,0,0,0,-0.684556,1,0,0,0,1,0,0,0,1,0,3,0,2,1,0,1.0858,1,0,0,0,0,0,0,1.48891,-1,1,-0.6094,-1,0,-1,0,0,0,0,0,0,0,0,1,0,0,0,0,0,0,0,0,0,0,1,0,0,0,0,0,0,0,0,0,0,0,0,3,0,-4,0,2,0,0,0,-0.246793,0,0,-0.693536,-1,0,0,0,0,0,0,-1,1,1,0,1
0,0,1,0,0,0,-1,-0.387852,0,0,1,-1,1,1,0,0,-0.71754,0,0,0,0,0,0,-3,0,1,0,-1,0,0,1,0,1.12402,1,0,-2,1,1,0,0,2.411641,0,0,-0.682379,1,0,0,0,0,-1,0,0,0,0,0,0,0,0,1,0,0,0,0,0,0,2,0,0,0,1,0,-3,0,0,0,0,0,0,0,0,0,0,0,0,0,1,1,-0.519845,0,0,-0.668184,0,0,0,0,-1,0,-2,0,1,1,0,1
0,-1,0,0,0,-3,-1,0.119868,1,-2,0,0,0,4,0,0,-0.700199,0,0,0,0,1,0,-2,0,0,0,0,0,0,2,0,1.28321,4,0,0,0,0,-1,0,1.757364,-1,0,-0.692308,-1,0,0,0,0,0,0,0,0,1,0,0,0,0,0,1,0,0,0,0,0,2,0,0,3,1,-1,0,0,1,0,0,0,1,0,0,0,0,0,1,-1,0,0,-0.5,0,0,-0.373984,0,0,1,0,0,0,0,-1,2,0,0,1
0,0,0,0,0,-1,3,-0.534778,0,0,1,0,1,0,1,0,-0.880357,0,0,0,0,0,-1,0,0,0,0,1,0,1,1,0,1.50835,0,0,0,0,0,0,0,1.685965,1,1,-0.665105,3,-3,1,0,0,0,0,0,0,-1,0,0,0,0,0,-1,0,0,0,0,0,0,3,0,0,-1,0,0,0,0,0,0,0,0,0,1,1,0,0,1,0,0,0,-0.612903,0,0,-0.428571,-2,0,0,1,0,0,2,-1,0,1,0,1
0,0,1,0,0,-1,0,-0.796022,0,-1,0,0,0,0,0,0,-0.5371,0,0,2,2,0,0,0,0,0,0,-1,-1,0,0,0,0.79225,1,3,0,0,-2,1,0,0.456126,2,0,-0.382065,1,-1,0,0,0,0,0,0,0,0,0,0,0,0,-1,0,0,0,0,-2,0,0,0,0,-1,0,0,0,0,2,0,1,0,0,0,0,0,0,0,0,0,0,0,-0.53175,0,0,1.891051,0,1,-1,0,0,0,0,0,1,0,0,1
0,0,0,0,0,-3,0,-0.501289,0,0,0,0,0,-1,0,0,-0.5,0,0,0,2,2,0,2,0,0,0,-3,1,0,0,0,1.00045,4,0,0,0,1,0,-1,0.844498,0,0,-0.683681,0,0,0,0,0,-2,0,1,0,0,1,2,0,0,0,-3,0,0,-1,0,0,1,0,0,0,0,0,0,0,0,0,0,1,0,-1,1,0,0,0,-1,0,-1,0,-0.612903,0,-1,-0.153374,1,-2,-1,0,0,1,0,0,0,1,0,1
0,0,0,0,0,1,0,-0.857672,1,0,0,0,0,0,0,1,-0.468295,0,0,0,0,1,0,2,0,0,0,2,0,0,0,1,0.87502,3,0,0,0,0,0,0,1.729501,-1,1,-0.737007,0,0,1,0,0,0,0,0,0,1,2,0,1,0,0,0,0,0,1,1,0,0,0,0,0,1,0,0,2,0,0,0,0,0,0,1,0,0,0,1,0,0,0,-0.639338,0,0,-0.611879,-2,0,2,2,0,2,2,0,0,0,1,1
0,-1,0,-1,0,0,0,-0.723839,0,0,1,0,1,0,-1,1,-0.694599,1,0,0,1,0,2,0,2,0,0,0,0,0,0,0,0.96699,2,0,0,0,0,0,0,0.684146,0,1,2.567793,3,3,0,1,-2,0,0,0,1,-2,0,0,0,0,1,2,0,1,0,1,0,0,0,-1,0,0,0,0,0,0,0,1,0,0,1,0,0,0,0,0,0,0,0,-0.241543,0,0,-0.671679,0,1,0,0,0,1,0,0,-1,0,1,1
0,1,0,0,0,1,2,-0.844128,1,-1,0,0,0,0,0,1,-0.215906,0,0,0,0,1,2,0,1,0,0,0,2,0,1,0,1.14094,10,0,0,2,0,0,0,0.585111,2,1,-0.673432,0,0,0,2,0,0,0,0,-1,1,0,2,1,0,0,0,0,0,0,1,0,0,-1,-1,0,0,0,0,0,0,0,0,0,0,2,0,-1,0,0,1,0,-1,0,-0.596566,0,0,-0.613435,0,0,0,0,0,0,0,0,0,0,1,1
0,0,0,-1,0,0,2,-0.648186,0,0,0,0,0,0,-1,1,-0.73913,0,-1,0,0,0,0,3,0,-1,0,-1,-1,0,1,0,2.0,2,0,1,0,0,1,0,1.226699,0,1,-0.880846,1,0,0,0,-1,-1,0,0,0,0,0,0,0,0,-1,2,1,0,-2,0,0,0,0,0,2,0,2,0,0,4,-1,0,-5,-1,1,0,0,0,0,-1,-1,0,0,-0.842105,2,0,-0.722944,0,3,0,2,1,0,0,1,0,0,1,1
1,0,0,0,0,0,0,-0.547037,0,-1,0,-1,0,0,0,0,-0.698179,0,0,0,0,1,0,0,0,0,0,2,0,0,0,0,1.93112,3,0,0,0,0,0,1,1.714942,2,0,-0.863279,0,0,0,0,0,0,0,0,0,0,0,0,0,0,2,0,0,0,0,0,2,0,-1,-1,-3,1,0,1,0,2,0,0,-1,0,0,0,-1,1,0,0,1,0,1,-0.842105,0,0,-0.321743,0,0,0,0,0,-1,-1,0,0,0,1,1
0,0,0,1,0,0,0,-0.429358,0,0,0,0,0,1,0,1,-0.478169,0,0,0,0,1,0,0,0,0,2,1,3,0,0,0,2.0,8,0,1,1,0,-1,0,2.618715,0,1,-0.747094,0,0,0,0,0,0,0,-1,1,0,-2,-1,0,0,2,0,1,0,0,-2,0,0,-2,0,0,0,2,0,1,2,0,0,1,0,1,0,1,0,0,0,0,0,-1,-0.732525,0,0,-0.492397,0,0,2,1,0,1,0,0,0,0,1,1
0,0,1,1,0,0,0,-0.695411,0,2,2,0,0,0,1,0,-0.681673,-1,0,0,0,0,0,0,0,1,1,1,-1,-1,0,-1,0.67627,4,0,0,0,0,1,0,0.729974,-1,0,-0.582211,0,0,0,-1,0,0,0,0,-1,2,0,0,-1,0,3,-2,0,0,-1,0,0,0,2,2,-3,0,0,0,0,0,0,0,0,0,1,0,0,-1,0,3,0,0,1,-0.294118,-1,0,-0.712725,-2,0,0,0,0,0,1,0,1,0,0,1
0,0,-2,0,0,0,2,0.094949,0,1,0,0,0,0,2,0,-0.633131,0,0,0,0,0,1,0,1,1,0,1,3,0,0,0,1.19537,1,0,0,1,-1,-1,0,0.519484,-1,0,-0.621067,0,0,0,0,0,-1,0,-1,0,0,0,2,1,0,0,-3,0,0,0,0,0,0,-1,0,0,0,0,0,0,0,0,0,0,0,0,0,0,0,0,0,0,1,0,0.045815,0,0,-0.703145,0,0,-2,0,0,-4,0,0,-3,0,0,1
0,-2,0,0,1,-3,0,-0.632343,0,1,0,0,0,0,1,0,-0.701396,-1,0,0,0,-1,0,1,-1,0,0,0,-3,0,0,0,1.15844,1,0,0,-1,0,1,0,0.528728,0,0,-0.29293,-2,0,-1,0,0,0,0,0,0,0,0,0,-2,2,0,0,0,0,-1,0,0,0,0,2,0,0,-1,1,-2,0,0,0,0,1,0,0,0,0,0,1,1,1,0,-0.864496,0,1,-0.477236,0,0,1,1,0,0,0,0,0,0,0,1
1,0,-2,0,0,0,2,-0.596264,0,0,0,0,-2,0,1,0,-0.64118,0,0,0,0,1,1,3,0,-2,0,0,0,1,0,0,0.91651,4,0,0,-1,0,0,2,0.467186,1,0,-0.44931,1,0,0,0,0,0,0,-2,0,0,0,0,0,0,1,1,1,0,0,0,0,0,1,0,2,0,0,0,0,0,0,0,3,-2,0,0,0,0,2,0,0,0,0,-0.650626,0,-1,-0.855802,5,0,0,0,0,1,-1,0,2,0,0,1
0,0,0,2,-1,0,0,-0.629038,0,1,-1,0,0,0,1,-2,0.181594,0,0,0,1,0,0,0,0,0,1,0,2,1,0,0,2.16375,2,0,0,0,1,-1,0,0.6,1,0,-0.657143,1,0,0,-1,0,1,1,0,0,0,1,0,0,-1,0,0,0,0,0,0,0,0,1,0,2,0,0,-1,0,0,0,0,0,0,0,0,0,0,0,0,0,0,0,-0.63905,0,1,-0.707317,0,0,3,0,0,0,0,1,1,0,0,1
0,2,-1,0,0,2,1,-0.487623,0,0,0,0,0,2,0,1,-0.657143,1,1,0,0,0,0,2,0,-1,0,0,0,1,0,1,2.20576,2,0,0,-3,0,-1,0,1.223035,1,0,-0.868288,1,1,0,0,0,-1,0,0,0,0,0,0,0,0,3,0,1,1,0,0,0,0,1,0,3,0,0,0,0,0,-1,0,1,4,0,0,0,0,0,0,0,2,0,-0.558961,1,0,-0.712386,0,0,0,1,0,0,0,0,1,0,0,1
0,1,2,1,0,1,0,-0.826673,0,0,0,0,0,0,0,-1,-0.653424,0,0,0,-2,0,0,0,0,0,0,0,-1,0,1,0,3.52282,3,0,0,0,0,0,0,0.545046,-1,0,1.562885,0,0,0,0,0,-3,0,0,0,1,0,0,0,0,0,0,0,0,-1,0,-2,0,0,-1,-3,1,0,0,0,0,0,0,0,0,0,0,0,1,0,-1,0,0,0,2.69231,0,2,-0.831369,0,1,0,0,0,0,0,1,1,0,0,1
1,0,0,1,0,0,0,-0.663643,0,0,0,0,0,0,0,0,-0.758052,0,0,1,0,0,0,0,0,0,0,0,-1,1,1,0,3.94838,0,0,0,0,0,-1,0,0.708063,0,0,-0.70675,0,0,1,0,1,-2,0,0,0,0,0,0,0,0,-1,0,0,0,1,0,-2,0,0,0,0,0,-1,0,0,0,0,-1,-1,0,0,0,0,1,0,1,0,0,0,2.69231,0,1,-0.444015,0,1,0,0,0,0,0,0,1,0,0,1
0,0,0,1,0,1,0,-0.625945,0,0,0,0,2,0,0,-1,-0.723386,0,1,0,2,0,0,-1,0,0,0,0,1,0,1,0,2.97364,3,2,0,1,0,0,0,0.638415,0,0,0.917333,0,0,0,0,0,1,0,0,0,1,0,1,0,0,0,0,0,0,0,0,0,0,0,0,0,0,1,0,0,0,0,0,1,-1,-1,0,0,1,0,0,0,0,0,2.980873,0,0,-0.881643,0,1,0,0,-1,0,0,0,1,0,0,1
0,1,-1,0,0,0,-2,-0.8125,0,0,-1,0,1,0,2,3,-0.666399,0,1,0,0,0,0,0,-1,-1,0,2,2,-1,0,0,0.77328,8,0,0,-1,0,0,0,3.314505,0,0,-0.207479,0,3,0,0,0,0,0,0,0,-1,0,0,0,0,0,0,0,0,1,1,0,1,0,1,1,0,0,0,0,0,-1,0,-1,0,0,0,0,0,0,-1,1,0,0,-0.775603,1,-1,-0.6,0,0,0,0,0,0,-1,1,0,0,0,1
0,0,1,-1,1,3,-2,-0.608341,0,1,1,0,0,0,0,3,-0.648745,-1,0,0,0,0,0,-1,2,1,0,4,2,0,1,0,1.64146,10,0,0,-1,0,0,0,1.74074,0,-2,-0.284883,0,0,0,1,0,0,-1,0,0,0,0,0,0,0,0,0,0,1,-2,0,0,0,0,0,0,0,0,0,0,0,0,0,2,0,0,0,0,0,0,0,0,0,0,-0.649035,0,0,0.013372,0,0,0,0,0,1,0,0,1,0,0,1
1,-1,-2,0,1,1,0,-0.8125,0,0,0,0,1,0,0,0,-0.651039,0,-1,0,0,0,0,-2,0,0,-1,2,0,0,0,0,1.14269,4,0,0,0,0,0,0,1.727421,0,0,-0.509022,3,0,0,0,0,0,1,0,0,-1,0,1,2,0,0,0,0,1,0,0,0,2,0,1,0,0,0,0,0,0,3,0,2,-1,1,1,0,0,0,0,0,0,0,-0.677663,0,0,-0.625506,2,0,0,1,0,1,0,0,0,0,0,1
0,4,-1,-1,1,0,1,-0.315876,0,0,0,0,2,0,0,0,-0.412269,0,0,0,0,1,0,0,0,0,0,0,0,0,1,0,1.43437,0,0,0,1,0,0,0,0.637476,0,0,-0.73913,-1,0,0,0,1,0,1,0,0,0,-1,1,0,0,3,-2,-1,0,0,0,0,0,1,-1,-1,0,0,1,2,1,0,0,0,0,-2,0,0,0,0,0,0,-1,0,-0.683283,0,0,-0.552084,0,0,2,0,0,0,0,0,1,0,1,1
0,-1,1,0,-1,0,0,-0.657143,0,2,0,1,0,0,0,7,-0.310914,0,0,0,0,1,0,1,0,0,0,0,0,0,1,0,1.31429,1,1,0,1,1,0,0,2.83035,1,1,-0.19461,6,0,1,0,0,-1,0,0,0,0,0,1,0,-1,0,0,0,1,3,-1,0,2,1,0,0,0,0,0,0,0,0,0,0,0,0,0,0,0,0,0,0,2,0,-0.682412,0,0,-0.511173,0,0,0,0,1,0,2,1,1,0,1,1
0,-2,1,0,0,-3,0,-0.124486,0,0,2,0,-3,0,0,1,-0.730061,0,0,0,0,1,0,-1,0,0,0,0,0,0,0,0,1.32863,3,0,0,0,0,0,0,2.079883,0,0,-0.742042,-1,0,0,0,0,0,0,1,1,0,0,1,1,0,-1,0,0,1,-1,0,0,0,0,3,-1,0,0,2,0,0,0,-2,0,0,0,0,-1,0,0,0,1,0,0,-0.766581,0,0,-0.789017,2,0,2,0,0,1,0,2,1,1,1,1
0,1,-3,-1,0,0,1,-0.590987,0,0,0,0,-2,0,0,1,-0.663525,0,0,1,0,1,0,0,0,0,0,0,0,0,0,0,1.568,6,0,1,0,1,-2,0,1.132685,0,0,-0.534114,0,0,2,0,0,0,0,0,0,0,0,-1,1,0,0,0,0,-2,-1,0,0,0,1,0,0,2,1,0,1,0,0,0,0,0,0,0,0,0,0,0,0,0,0,-0.612518,0,1,-0.685322,0,0,0,0,0,0,0,1,0,0,0,1
0,3,0,0,0,-1,0,-0.586207,0,0,0,0,0,0,2,0,-0.722844,0,0,1,1,1,1,0,0,0,3,2,0,0,1,0,0.74286,9,0,0,1,0,0,0,1.671572,0,0,-0.500256,0,0,0,-1,0,0,0,0,0,0,0,0,0,0,0,0,0,0,3,0,0,1,0,0,0,0,0,0,1,2,0,0,-1,0,1,0,0,0,0,0,0,-3,0,-0.84,1,0,-0.636364,2,0,0,0,0,0,0,1,-1,0,0,1
0,-1,0,0,0,0,-1,-0.477812,0,0,0,0,0,-1,0,0,-0.684211,0,0,3,0,1,0,0,0,0,0,3,0,0,1,0,0.74286,1,0,1,0,0,0,0,1.131806,1,0,-0.558906,0,1,0,-2,0,0,0,0,1,-1,0,0,0,0,1,0,1,0,0,0,-2,5,0,1,2,0,0,0,1,0,0,0,-2,0,0,0,0,0,1,0,0,0,0,-0.84,0,0,-0.636364,2,0,0,0,0,0,0,1,0,0,0,1
0,1,0,0,0,0,0,-0.613513,0,0,0,0,0,0,0,0,-0.597997,0,0,2,1,0,1,0,0,0,0,-1,0,0,1,0,0.47933,4,0,0,1,0,-1,0,1.181247,2,0,-0.892884,1,0,0,1,0,0,0,0,0,0,-1,0,0,0,0,1,0,0,0,1,0,0,0,1,0,0,1,1,0,0,0,0,0,1,0,0,1,0,0,0,0,0,1,-0.718902,1,-1,-0.864168,0,0,2,0,0,0,0,0,0,1,1,1
0,1,0,0,0,0,1,-0.123534,0,0,0,0,2,0,1,-4,-0.55455,0,0,1,0,0,0,0,1,1,0,0,0,1,-1,0,1.50636,0,0,0,1,0,0,0,1.419098,-4,-3,-0.764706,0,0,0,0,0,0,0,0,0,0,0,0,-1,0,0,0,0,1,0,1,1,0,0,0,-2,0,0,0,-2,0,0,0,0,0,0,0,0,0,0,0,0,0,0,-0.727273,0,0,-0.861935,-2,-2,0,0,0,0,0,0,0,1,1,1
0,1,0,0,0,0,0,-0.701599,0,0,1,0,2,0,0,1,-0.523176,-1,0,0,0,-1,1,0,-2,-1,0,0,0,0,0,0,2.42144,3,0,0,1,0,-1,2,1.32066,0,0,-0.198767,0,0,-1,1,0,0,0,0,0,0,0,0,3,0,2,1,0,0,0,1,0,0,0,0,3,0,0,1,1,0,0,0,0,0,0,0,1,0,0,0,0,0,1,-0.664618,0,0,0.616506,0,0,-1,0,0,1,1,0,0,0,1,1
0,0,0,0,0,0,0,-0.620926,-2,0,0,0,0,0,0,0,-0.680812,0,0,-1,0,0,0,0,0,1,-1,0,2,3,1,0,0.74286,1,1,-2,0,0,0,-1,1.606005,0,0,-0.851534,0,0,2,0,0,0,0,0,1,0,0,0,-1,0,-1,1,0,0,3,0,1,1,-2,0,0,0,1,0,0,0,2,0,1,0,0,0,0,0,0,0,0,0,0,-0.70441,0,0,-0.645755,-2,-1,0,0,-1,1,0,0,2,0,1,1
0,1,0,2,0,0,-1,-0.53139,0,-1,0,0,2,0,0,0,-0.471061,0,0,0,0,-1,0,1,0,1,1,0,0,0,1,0,2.72541,1,0,0,2,0,-1,0,1.684217,2,1,-0.513072,0,0,0,0,0,0,0,0,1,-2,0,0,-1,-1,0,0,0,1,0,0,1,0,-1,1,0,0,0,0,1,0,0,0,0,2,0,0,0,1,0,1,0,0,0,-0.716175,0,0,-0.636217,0,0,0,0,0,1,-1,-1,-1,0,1,1
-1,0,-2,1,0,0,0,-0.712193,0,1,-1,0,0,-1,0,0,-0.544814,0,0,0,0,0,0,-1,0,1,0,0,2,0,1,0,1.22778,0,0,0,0,0,-1,2,2.126763,-2,0,-0.740255,2,0,0,0,0,0,0,0,0,0,0,0,1,0,0,0,0,0,-1,0,1,0,1,0,0,-1,1,0,-1,1,0,0,0,0,0,0,0,0,0,0,0,-3,0,-0.590278,0,0,-0.695519,-1,1,0,0,0,0,0,0,1,2,1,1
0,0,0,0,0,0,0,-0.555556,1,1,0,0,0,0,0,0,-0.368421,0,0,0,0,0,0,0,0,0,0,0,0,0,0,0,1.21643,8,0,-1,0,0,1,0,1.133493,0,0,-0.899593,1,0,0,0,0,0,0,0,0,0,0,0,0,0,-1,0,0,0,1,2,1,0,0,0,0,0,4,0,0,5,0,0,0,1,0,0,0,0,0,0,0,0,0,-0.243576,0,0,-0.623168,0,0,0,0,0,2,-2,0,0,3,1,1
0,0,0,0,0,0,0,-0.756265,0,0,1,0,0,0,0,0,-0.214947,0,0,1,0,0,0,0,-1,0,0,0,-1,0,3,0,2.27809,0,0,0,0,0,0,0,0.505407,1,0,-0.648,-1,1,0,0,0,2,0,0,0,0,0,0,0,-2,0,0,0,0,0,0,0,-2,0,0,0,0,0,-1,0,0,0,0,1,0,0,0,0,0,0,-1,0,0,0,-0.586207,-1,1,-0.707317,0,0,0,0,0,0,-1,1,-3,0,1,1
0,-1,2,1,0,0,-1,-0.552652,0,-1,0,0,0,0,-2,3,0.213916,0,0,1,-1,0,0,1,0,0,0,0,0,0,0,0,1.89131,1,1,0,0,0,0,0,1.72549,1,0,-0.764706,0,2,0,0,0,0,0,0,0,0,0,0,-3,1,3,0,0,0,0,0,1,2,-1,-1,0,0,0,0,0,0,0,0,0,0,0,1,0,0,0,0,0,0,0,-0.648632,0,0,-0.707317,0,0,0,2,0,0,0,1,0,0,1,1
1,0,1,1,0,2,0,-0.633179,0,0,0,0,0,0,-6,0,-0.829115,0,-1,1,0,0,-2,0,0,0,0,0,0,0,-1,1,1.52121,0,0,0,0,3,0,0,0.608419,3,0,-0.817849,0,0,0,0,0,0,0,0,1,0,0,0,0,0,0,0,0,0,0,-2,0,0,0,0,0,0,0,0,1,0,0,0,1,3,-1,0,0,0,0,0,0,0,0,2.547356,0,0,-0.635195,0,-1,0,0,0,0,0,0,1,0,1,1
0,0,2,1,0,1,-1,-0.540324,1,0,0,0,0,0,-1,0,-0.53746,0,0,0,0,0,0,0,0,0,0,2,0,0,0,0,1.79054,5,0,0,0,-1,0,0,0.689487,2,0,-0.828191,0,0,0,-1,2,0,0,0,0,0,0,1,0,0,0,0,0,0,0,0,-1,0,1,0,1,0,0,0,1,0,0,0,1,3,0,0,-2,-1,0,0,0,0,0,-0.657143,0,0,-0.66102,0,0,0,0,0,0,0,0,2,0,1,1
0,0,0,0,0,0,0,-0.714245,0,0,0,0,0,-3,0,0,-0.823063,1,0,0,0,0,0,0,0,0,0,0,-1,0,-1,0,1.74851,4,0,0,1,0,0,0,0.67483,0,2,-0.801983,-1,0,0,0,0,0,0,0,0,0,0,0,0,-2,0,0,0,0,0,0,0,0,-1,-1,0,1,0,1,1,1,0,0,0,3,0,0,0,-1,0,0,0,0,1,-0.651901,0,1,5.556724,0,1,2,0,0,1,0,0,0,0,1,1
0,0,0,0,0,1,0,1.669785,-1,0,1,0,0,0,0,-1,-0.654618,-1,0,0,0,1,0,1,0,0,0,0,1,0,0,0,0.66369,5,0,0,0,0,0,0,1.284583,0,0,-0.663292,0,0,1,0,0,0,0,0,0,1,1,0,0,1,0,2,1,1,0,0,0,1,0,0,0,1,0,0,0,0,0,0,0,1,0,0,0,0,1,0,-1,1,0,-0.640237,0,0,-0.733333,3,0,1,1,0,0,0,-2,0,0,1,1
-1,0,1,0,0,1,0,9.174232,0,0,1,0,0,1,0,0,-0.799812,0,0,0,0,0,0,0,0,3,0,0,1,1,0,0,0.9233,0,0,0,0,0,0,0,3.28576,0,0,-0.570298,1,0,0,0,0,0,0,0,0,0,0,0,0,1,1,-4,0,1,1,1,0,1,-1,0,1,1,0,0,0,-1,1,0,1,0,0,0,0,0,1,0,0,0,0,-0.738233,0,0,-0.353287,1,0,1,1,0,0,0,0,0,0,1,1
1,0,1,0,1,1,0,8.72414,-1,0,1,0,1,1,1,0,-0.817709,0,1,0,0,-1,-2,-1,0,2,0,1,0,0,-1,0,0.9798,0,0,0,-1,-3,0,0,1.258187,0,1,-0.644068,0,0,2,0,0,0,-1,0,0,1,2,0,0,1,0,0,0,1,1,1,-2,1,0,0,1,-1,-1,0,0,0,1,0,0,1,-1,0,0,0,1,0,0,0,0,-0.741144,-1,1,0.185088,0,0,1,1,-1,0,-1,0,1,2,1,1
0,0,-3,0,0,0,0,-0.762517,0,0,0,2,0,1,0,2,-0.182355,1,1,1,5,0,0,0,0,0,0,0,2,-1,-2,0,0.65094,1,0,0,0,0,0,0,0.738109,2,0,-0.571389,0,0,1,0,1,1,0,0,0,0,1,0,3,0,1,0,0,0,0,0,2,0,0,-3,0,0,0,2,0,0,0,0,-1,-1,0,1,0,0,0,0,0,0,0,1.063425,0,0,-0.739971,0,-1,0,0,0,0,0,0,0,0,0,1
0,0,0,-1,0,0,0,-0.708792,0,0,0,1,0,0,0,0,0.234477,1,1,3,2,0,0,0,0,-1,0,0,-1,0,0,0,1.05705,2,0,0,2,0,0,0,0.301519,0,0,-0.730003,0,0,0,0,0,0,0,0,0,0,2,0,0,1,-2,0,0,0,0,0,0,2,1,0,1,0,0,0,2,0,3,0,0,3,-1,0,0,1,0,0,-1,0,0,-0.77464,0,0,-0.71573,0,0,1,0,0,0,-1,1,0,-1,0,1
0,-3,0,-1,0,1,1,-0.668269,0,0,0,0,0,0,0,0,-0.600517,0,1,1,0,0,0,0,0,0,0,0,0,0,0,0,1.05714,0,0,0,0,0,0,0,0.607491,-1,0,-0.646852,0,0,0,0,0,0,0,0,0,1,0,0,-1,0,0,0,-1,0,0,0,0,0,2,0,0,0,1,0,2,0,0,0,0,0,-1,0,1,1,0,0,0,0,0,-0.810978,1,0,-0.519448,0,0,0,1,0,0,1,1,0,0,0,1
0,0,-3,1,0,0,0,1.094602,0,0,0,1,0,0,3,1,-0.497418,0,0,0,0,0,0,0,1,0,0,1,0,0,0,0,1.06135,2,0,0,0,0,0,0,0.29828,0,0,-0.613964,0,0,0,0,0,-1,0,0,0,0,0,0,-2,0,0,0,0,0,-1,0,-1,0,0,0,0,0,0,1,0,1,0,0,2,-1,0,0,0,-1,0,1,0,0,-2,-0.285092,2,0,-0.733333,-3,0,0,-1,2,0,0,-1,0,0,0,1
0,2,0,0,0,0,0,-0.04367,0,0,0,0,0,0,0,1,-0.129561,0,0,0,0,2,0,0,0,1,0,0,0,0,0,0,0.99306,1,-1,0,1,0,-1,0,0.266667,1,0,-0.551274,0,0,0,0,1,0,0,0,0,2,0,0,0,0,0,0,0,0,0,0,0,0,0,2,0,0,0,0,0,1,0,0,0,1,1,0,0,0,0,0,0,0,0,-0.711867,0,-1,-0.742278,0,0,3,0,-1,0,0,0,1,1,0,1
0,0,0,1,-1,-1,0,-0.368421,-1,0,0,0,0,0,0,1,-0.429835,0,0,0,0,0,0,0,0,1,0,0,0,1,2,-1,0.96266,1,0,0,1,0,0,0,0.889455,1,0,-0.653739,0,0,1,0,0,0,0,0,0,-3,0,0,0,-1,2,0,0,0,0,0,-2,5,0,0,0,0,0,0,0,1,0,-1,-2,0,0,0,0,0,0,0,0,0,0,-0.509493,0,0,-0.733333,0,0,0,0,0,1,0,0,0,1,0,1
0,0,0,-1,0,0,0,-0.603004,0,0,0,0,0,0,0,0,-0.8125,-1,0,0,-2,0,0,0,0,0,-1,-1,0,0,0,0,3.18654,1,-1,0,0,0,0,0,0.25,-1,0,0.524087,1,0,0,1,0,3,0,-1,1,-1,-3,1,-2,0,0,1,0,0,0,0,1,0,0,0,1,0,0,0,0,0,0,0,0,1,0,0,0,0,0,1,0,-3,-2,0.593412,0,0,-0.611756,0,0,0,0,1,0,0,0,0,0,0,1
0,2,-2,-1,0,0,0,-0.625,0,0,0,0,0,0,0,0,1.489154,-2,0,0,1,0,0,0,0,0,0,-1,1,0,0,0,1.11521,6,0,-1,-1,-1,1,0,0.236143,-5,0,-0.669149,0,0,0,1,0,0,0,0,-3,1,0,1,0,0,-3,1,0,0,0,0,0,1,0,0,3,0,0,0,0,1,2,0,-1,0,0,0,0,0,0,1,0,-1,2,-0.629347,-2,0,-0.733154,0,-2,0,0,-1,0,0,0,0,1,0,1
0,0,3,0,-1,-2,0,-0.774739,0,0,0,0,2,-1,0,2,-0.8125,1,0,0,0,0,0,0,-1,2,0,0,0,0,-1,0,3.19528,11,0,0,-2,0,0,0,0.25,0,1,-0.7,0,0,0,0,0,0,0,0,-1,0,0,0,0,0,0,0,0,1,0,0,1,2,-1,0,2,1,0,0,0,0,1,0,0,0,0,0,0,-1,-1,1,0,0,0,-0.505592,0,0,-0.426585,0,0,0,0,-1,-1,1,-1,-1,0,0,1
0,1,1,0,1,0,0,-0.744364,0,0,1,0,1,1,2,0,-0.597267,-1,0,-1,0,0,0,2,0,0,0,0,0,0,2,0,1.1779,5,0,0,0,0,0,0,0.601252,-2,0,-0.769231,0,-1,0,0,0,0,0,0,0,0,-4,1,0,0,1,0,0,0,0,0,1,0,-1,-1,-1,0,2,0,-1,0,0,0,0,0,0,0,0,-1,0,0,0,2,1,-0.610393,0,0,0.016711,0,0,0,0,0,1,1,0,0,-1,1,1
0,0,0,0,0,0,0,-0.223711,0,0,0,0,0,0,-1,2,0.353005,0,0,0,1,0,0,-1,0,0,-1,2,0,0,2,0,1.74727,2,0,0,0,0,0,0,1.599114,0,0,-0.867075,0,0,0,0,0,0,0,0,0,0,0,0,0,0,0,1,0,0,0,0,1,1,0,0,0,-3,1,0,0,0,0,0,0,0,0,0,0,0,-1,0,0,2,0,1.554786,0,0,-0.605376,0,0,0,0,0,-1,1,0,0,0,1,1
0,0,0,0,1,-1,0,-0.850752,0,-1,0,0,0,0,0,0,-0.419473,0,0,2,1,0,0,0,0,0,0,0,0,0,0,0,1.74573,6,0,0,0,0,0,0,0.423077,-2,0,-0.769231,-2,0,1,0,0,0,0,0,-1,2,-4,0,0,2,0,0,0,0,0,0,0,1,0,0,2,0,1,0,-1,0,0,0,0,0,0,0,0,0,0,0,1,0,0,1.269057,0,0,-0.693235,0,0,0,0,-1,2,0,0,-1,1,1,1
0,-3,-1,1,0,0,0,-0.633416,2,0,2,0,1,0,0,4,0.011357,-1,0,0,0,0,0,2,0,0,0,0,0,0,0,-1,0.6614,4,0,0,0,2,0,0,1.1044,0,0,-0.762154,0,0,0,0,0,0,0,0,0,0,0,0,-2,0,0,1,0,0,0,-3,-2,-1,0,-3,0,1,0,0,0,0,0,0,0,0,0,1,0,0,0,-5,0,1,0,-0.655211,0,0,-0.788252,1,0,0,0,0,0,0,0,-1,0,0,1
0,3,-2,1,0,1,0,0.125342,0,0,1,0,0,0,0,4,1.407178,0,0,0,1,-1,0,0,0,0,0,0,0,-1,0,0,1.34286,4,0,0,0,0,0,0,1.371947,0,0,-0.545931,0,0,0,0,-1,0,0,0,0,0,2,0,0,1,0,0,0,1,0,1,0,-5,0,-1,0,0,1,0,0,0,0,0,0,0,0,0,0,0,0,0,0,1,0,0.083714,0,2,-0.585727,0,0,-2,-1,0,0,1,0,-1,0,0,1
0,0,2,0,1,-2,0,-0.582004,0,0,0,0,0,0,0,1,-0.736974,0,0,1,0,0,0,1,0,0,0,0,-2,0,0,0,0.99595,2,0,0,-1,0,0,0,0.814927,-2,0,-0.725264,0,0,0,0,1,0,0,0,0,-2,0,0,0,1,0,1,0,0,0,0,0,0,1,1,0,1,0,-1,-1,1,0,0,0,0,0,0,0,0,0,0,0,0,0,-0.57273,0,0,-0.73913,0,0,0,0,0,1,0,-3,-1,0,0,1
0,0,-2,0,0,0,2,-0.091007,0,-5,0,0,0,0,0,1,-0.653484,0,0,0,0,0,1,0,0,0,0,0,0,2,1,0,0.89735,0,0,0,0,0,1,0,0.23555,0,0,-0.57187,-1,0,0,0,1,0,0,0,-1,-2,0,0,0,0,1,0,0,0,0,-2,0,0,0,0,-1,0,0,0,0,0,-2,0,2,0,0,0,0,0,0,1,0,2,0,-0.604457,0,1,-0.635363,-1,0,-1,0,0,0,0,1,0,0,0,1
0,2,0,0,0,0,0,-0.504288,0,0,0,0,2,0,0,0,-0.22055,0,0,0,0,0,1,0,0,0,0,2,2,0,0,0,0.77047,11,0,0,0,0,0,0,0.222023,-3,2,-0.037778,-2,0,1,0,0,0,-1,0,0,0,0,0,0,-1,6,0,0,0,0,0,1,1,0,0,0,0,4,0,0,0,0,0,1,1,1,0,0,0,0,0,0,0,0,-0.707265,0,1,-0.695228,0,0,0,1,0,2,0,0,0,0,0,1
-1,0,0,-1,0,0,-1,-0.548029,0,0,0,0,0,0,0,1,-0.629064,0,0,0,0,0,0,0,0,0,0,-1,-2,0,0,-3,0.81857,9,0,1,2,0,0,0,0.268049,-1,0,-0.562391,1,-1,0,0,0,0,0,0,4,0,0,0,0,0,0,0,-1,1,0,4,0,0,1,-1,1,0,0,0,0,0,0,0,0,0,0,0,0,0,0,2,0,1,1,-0.620725,0,1,-0.108638,0,0,0,1,0,5,0,1,-3,0,0,1
0,2,4,0,0,0,-1,-0.488385,0,0,0,0,1,0,0,3,0.230032,0,0,2,0,0,0,-2,0,0,0,0,-1,0,1,0,1.79788,2,0,0,0,1,3,0,1.283236,0,0,-0.72776,0,0,0,-1,0,0,-1,0,1,0,0,0,1,0,0,0,-1,-2,0,0,2,1,0,-1,0,1,1,1,1,0,2,0,0,0,-1,1,0,1,0,0,0,-2,0,-0.744681,0,1,-0.65543,0,2,2,0,0,0,0,2,-1,1,0,1
0,0,0,2,0,0,0,-0.840071,0,0,0,-1,0,1,0,0,-0.625,0,0,0,0,0,-1,-1,0,0,0,2,0,0,1,0,0.71429,6,1,0,0,1,2,0,1.960633,-1,0,-0.870742,0,0,0,1,0,0,0,0,0,2,1,0,-1,0,-3,0,0,1,0,1,0,0,0,2,0,0,1,3,1,-1,0,0,-2,-1,1,2,0,0,0,0,0,-2,4,-0.767215,0,1,-0.651709,3,0,0,0,0,1,0,2,1,1,0,1
0,0,1,0,0,0,0,-0.855256,0,0,1,0,0,0,0,1,-0.60379,1,0,2,2,0,0,1,0,0,0,0,0,5,1,0,1.0477,5,0,0,0,3,0,0,2.852081,0,0,-0.634536,0,0,0,0,0,0,0,-2,0,-1,0,0,-1,0,1,1,0,0,0,1,1,-2,0,0,0,0,1,0,0,0,3,0,0,0,0,0,0,1,0,1,0,0,0,-0.763199,-1,1,-0.186224,3,1,0,0,0,0,0,1,-1,0,0,1
0,-1,0,0,0,0,0,-0.601393,0,0,0,2,0,0,2,1,-0.714286,0,0,0,1,0,0,0,1,1,0,-2,0,0,0,0,1.44606,0,0,0,1,1,0,0,0.712384,0,1,-0.764706,-1,0,0,0,1,0,0,0,0,0,0,-1,0,1,0,0,1,0,2,2,0,1,0,0,0,0,0,0,1,1,0,0,0,-1,0,0,0,-1,0,0,0,-2,0,-0.77025,1,0,-0.691875,0,0,4,0,1,-1,1,0,2,0,1,1
0,0,0,0,0,1,-1,-0.52782,0,0,0,0,0,0,0,0,-0.742354,1,0,0,1,0,0,-1,2,0,0,0,0,0,0,0,1.57488,0,1,0,0,0,1,0,0.34601,0,0,-0.77219,0,0,-1,0,0,0,1,0,0,1,0,0,0,1,0,0,1,-2,2,0,0,0,0,1,0,0,-1,0,0,0,0,0,-2,0,0,-1,0,0,0,1,-1,0,0,-0.48008,-1,0,-0.7,3,0,0,0,0,-3,0,0,0,0,1,1
1,0,0,-1,0,0,-1,-0.742647,2,1,0,0,0,0,2,0,-0.764342,0,0,-2,0,1,0,0,0,1,1,0,0,0,0,0,1.67079,5,0,3,-1,1,0,0,2.616664,0,0,-0.764706,0,1,-1,0,2,0,0,0,0,0,0,0,0,0,0,0,1,0,0,0,1,0,-1,0,0,1,-5,0,0,1,2,0,-2,0,0,0,2,0,0,0,0,0,0,0.412673,0,0,-0.494354,-1,0,0,0,0,0,-2,0,0,1,1,1
0,3,0,0,0,2,0,-0.450774,0,0,0,0,0,0,0,1,-0.588918,1,0,0,1,0,0,1,0,1,0,0,-1,-1,1,0,1.31429,3,0,0,0,0,3,0,0.250822,1,0,-0.712682,0,0,0,0,0,0,0,0,-1,0,1,0,0,0,0,0,0,0,0,0,0,1,0,0,0,1,-1,1,0,-1,-1,0,0,1,0,0,0,1,0,0,0,0,0,-0.8,0,0,-0.790107,0,0,0,0,-1,0,-1,0,0,0,0,1
0,0,0,0,0,0,0,-0.475293,0,0,-1,0,0,0,0,1,-0.619546,1,0,0,0,0,0,1,1,1,-1,0,0,0,0,0,2.10654,8,-2,0,1,0,0,0,0.399548,0,0,-0.444921,0,0,-1,0,-2,-1,0,0,0,0,0,0,-1,0,6,0,0,0,-1,3,0,0,0,0,0,0,-1,0,0,0,2,0,0,-1,1,0,0,0,0,0,0,-1,0,-0.8,0,0,-0.751834,1,-1,0,0,-1,1,0,0,0,-1,0,1
1,0,0,0,0,1,-1,-0.663779,0,0,0,0,0,0,1,0,-0.555556,1,0,1,0,0,0,1,0,1,0,4,-1,-1,1,0,1.93318,0,0,0,1,1,1,0,0.559145,0,1,-0.73913,1,1,0,0,-3,0,0,0,-1,-4,-3,0,0,-3,0,0,0,0,0,-2,0,1,0,0,0,0,0,0,0,-1,0,0,0,0,2,1,0,0,1,1,0,0,0,-0.8,-1,0,-0.789474,0,0,0,0,0,0,0,0,0,0,0,1
0,2,-3,0,0,-1,0,-0.736507,0,0,1,0,0,0,2,0,-0.594249,0,0,0,0,0,0,0,0,0,0,2,0,0,1,0,1.55061,6,0,1,0,0,0,0,1.17808,0,0,-0.835616,0,-1,0,0,0,0,0,0,0,0,0,-2,0,0,1,0,0,0,0,0,0,-1,0,1,0,-3,1,0,0,0,0,0,1,0,0,0,0,0,-1,0,0,0,0,-0.278931,0,0,-0.725705,0,0,3,0,0,5,0,0,0,1,1,1
0,-1,0,0,2,0,0,-0.80999,0,0,1,0,0,0,0,2,-0.555338,0,0,1,0,0,0,0,-1,0,0,2,0,0,1,0,2.08571,18,0,1,0,0,2,0,1.17808,0,0,-0.324254,2,0,0,0,0,2,0,0,1,0,0,0,0,0,1,0,0,0,0,0,0,0,0,0,0,0,1,0,-1,0,0,0,-5,0,0,0,0,0,0,0,0,0,0,-0.775779,1,0,-0.68053,0,0,0,-1,0,0,2,-1,0,1,1,1
0,0,0,-1,0,0,0,-0.608727,-2,1,1,0,0,0,2,1,-0.267608,1,0,1,1,1,-1,-2,0,0,0,0,0,0,0,0,3.5305,13,0,0,0,0,1,0,0.94681,0,0,-0.687426,0,0,0,0,0,0,0,0,0,0,0,0,-1,0,1,2,0,0,3,2,0,0,0,-1,0,0,0,0,0,0,4,-1,0,0,0,-1,0,0,0,0,0,1,0,-0.454032,0,0,-0.670041,0,1,0,0,0,0,0,4,-1,0,1,1
0,0,0,0,0,0,0,-0.694629,0,0,0,1,0,0,-2,-1,-0.904556,3,-2,0,1,0,0,0,0,0,0,0,0,2,-2,0,1.32375,5,0,0,1,1,0,0,1.043472,0,0,-0.442577,0,0,0,0,0,-1,0,0,0,0,0,0,0,0,-2,0,0,0,0,3,0,1,0,-1,-1,0,0,-1,-1,1,0,0,0,0,-1,0,0,1,0,1,0,0,0,-0.699164,0,1,-0.84843,0,0,0,0,0,1,-1,0,0,0,0,1
0,0,0,0,0,0,-3,-0.890273,1,0,2,1,0,0,0,0,-0.341962,0,1,1,2,-2,0,-1,0,0,0,0,0,0,0,0,0.87316,13,0,0,0,2,0,0,2.135525,-1,0,-0.624615,0,0,-2,0,0,0,0,0,0,2,0,0,0,0,0,1,0,0,0,1,0,0,0,0,0,0,1,0,-3,1,0,0,-1,0,1,-3,0,0,0,2,1,0,0,-0.7,0,0,-0.7,0,0,0,0,0,-1,0,0,0,0,0,1
0,0,1,1,0,0,0,-0.623773,0,0,0,0,0,0,0,0,-0.414493,1,0,-1,0,0,0,1,0,0,0,-1,1,0,1,1,0.76457,0,0,0,0,0,0,0,0.737956,0,0,1.534847,1,0,1,0,1,0,0,0,0,-1,1,0,2,0,0,-2,0,0,-2,2,-2,1,1,0,0,0,1,0,-1,1,-1,0,0,0,0,0,0,1,0,0,0,0,0,-0.782744,0,0,-0.71935,-1,-1,-2,3,1,0,1,0,0,3,0,1
0,1,0,1,0,0,0,-0.067256,0,0,0,0,0,0,3,0,-0.81418,0,0,0,0,1,-1,0,-1,0,0,0,-1,0,0,1,2.51594,5,0,0,0,1,1,0,0.791541,0,0,-0.733333,0,1,0,0,-3,0,0,0,0,0,0,2,0,0,1,0,0,0,0,-3,-2,0,0,-1,0,0,0,0,-2,0,3,0,0,1,0,0,1,0,1,0,0,0,0,-0.727273,0,0,-0.706572,0,0,0,0,0,0,2,3,1,0,1,1
0,0,-1,1,0,0,-1,-0.855422,0,0,0,0,-1,0,0,0,0.397317,0,0,0,0,1,0,0,0,1,0,0,0,0,0,0,1.85153,3,0,0,0,1,0,0,0.845406,0,1,-0.711634,0,1,0,0,0,0,0,0,0,0,-1,2,0,0,1,0,0,0,4,-1,0,0,-1,-1,4,0,0,-1,0,0,0,0,0,1,0,1,0,0,0,0,0,2,0,-0.560995,0,-1,-0.72093,0,0,-1,-2,0,0,0,1,0,1,1,1
0,0,0,0,1,0,0,-0.566808,0,0,0,0,-1,0,0,0,-0.49767,0,1,1,0,0,1,0,2,0,0,3,0,2,0,0,1.03463,10,0,0,0,0,1,1,0.89093,-2,0,-0.140842,0,1,0,0,0,0,0,0,4,0,-1,0,0,0,1,0,0,0,-1,1,0,1,0,1,0,0,0,0,0,-1,0,0,0,0,0,0,-1,0,0,0,0,2,0,-0.727273,0,0,-0.759398,0,0,0,0,0,0,0,0,0,0,1,1
0,0,0,1,0,0,1,-0.288323,0,0,1,1,2,0,3,1,-0.657143,0,0,0,0,1,0,0,0,0,0,2,2,-1,1,0,3.37143,6,0,1,1,0,0,0,0.612218,4,0,-0.898274,0,0,2,0,0,0,1,0,0,-1,0,0,1,0,0,0,0,0,0,0,0,-4,0,0,-1,0,1,0,0,0,0,1,1,0,0,0,0,0,0,0,0,1,0,-0.662188,0,0,-0.636188,0,0,0,0,0,1,0,-1,0,0,1,1
0,0,0,1,0,1,0,-0.205152,0,0,2,0,0,0,0,1,-0.864564,0,0,0,0,0,0,0,1,0,0,0,0,0,0,0,3.46374,2,0,0,1,0,0,0,0.635593,0,0,-0.83999,0,0,0,0,-1,0,0,0,-1,1,0,0,0,0,0,0,0,0,1,1,2,0,0,0,0,0,0,0,0,0,0,2,0,2,0,1,1,0,0,-1,0,0,1,-0.627622,0,0,-0.707835,2,1,-2,0,-1,0,0,2,0,0,1,1
0,1,0,0,0,0,0,-0.852885,0,0,0,1,0,0,1,0,-0.728054,0,1,0,0,0,0,0,0,-1,0,0,0,0,0,0,3.37143,8,0,0,1,0,0,0,0.613446,0,2,-0.850169,0,0,0,1,-1,0,0,0,0,4,0,0,0,0,3,0,0,0,0,0,0,0,1,0,2,0,0,0,0,1,0,1,0,0,0,1,0,-1,0,0,0,1,1,-0.620762,0,1,-0.835846,0,0,0,0,0,1,0,-1,0,1,1,1
0,0,0,1,0,0,4,-0.570552,0,-1,0,0,0,0,0,0,-0.831483,0,0,0,0,0,0,1,0,0,0,3,-1,2,0,0,0.94286,9,0,0,1,2,1,0,1.292284,1,2,8.368747,0,-1,0,0,0,0,0,0,1,0,2,0,0,1,0,0,0,1,0,-2,0,0,0,0,0,0,-1,-1,0,1,0,0,1,0,2,0,0,0,0,0,0,0,0,-0.6626,0,0,-0.744681,0,0,4,0,0,1,0,0,1,1,1,1
0,3,2,1,-1,-1,0,-0.269114,0,0,0,1,0,-1,0,-1,-0.636364,0,0,0,1,0,0,0,0,0,0,0,2,1,-1,0,0.66525,6,0,0,0,1,0,-1,0.508118,0,0,5.319982,1,-2,0,0,0,0,0,0,0,0,0,0,0,0,0,0,1,1,1,1,0,0,1,0,0,0,1,0,1,0,0,0,1,0,-1,0,0,0,0,0,0,2,1,-0.72093,0,0,-0.707204,0,0,2,0,-1,0,3,0,1,1,1,1
0,0,0,1,0,1,0,-0.586207,0,1,-2,0,0,0,1,0,-0.636364,0,0,0,1,0,0,0,0,0,0,0,0,1,0,0,1.05925,2,1,2,0,-2,1,-1,2.12726,1,0,7.955955,-1,0,0,1,0,2,1,1,1,-2,-1,0,0,0,-1,0,-1,0,0,2,0,0,0,0,2,-2,1,0,0,0,0,0,0,0,0,0,0,0,0,1,0,0,-2,-0.72093,0,0,-0.675235,3,1,2,0,0,0,0,0,1,1,1,1
0,1,1,1,0,2,1,-0.811966,-1,0,0,0,-1,0,0,0,-0.503483,0,0,1,0,0,0,0,0,0,0,0,2,2,-1,0,0.71429,3,0,1,1,1,2,0,1.96,-2,0,0.045254,0,0,0,0,0,0,0,2,0,-1,0,0,0,0,0,-2,0,0,0,0,0,0,-1,0,3,0,0,0,1,0,0,0,4,2,0,0,0,1,0,0,0,1,0,-0.668558,0,1,-0.521988,0,1,2,0,-1,1,0,0,1,0,0,1
0,2,0,0,0,-2,0,-0.383907,0,0,0,0,0,0,0,2,-0.409157,0,1,1,0,0,0,0,0,0,0,0,3,0,0,0,1.00609,4,0,-1,0,0,0,0,1.971637,0,0,-0.65908,1,0,0,0,0,0,0,1,0,0,-1,1,0,0,1,0,0,0,1,0,0,1,0,0,3,0,0,2,1,2,0,0,0,0,1,0,0,1,0,0,0,0,0,-0.638294,0,0,-0.680439,0,1,0,1,0,1,0,0,0,1,0,1
0,0,2,-1,0,0,0,-0.754531,-2,4,0,0,0,0,0,2,-0.820749,0,0,0,0,0,0,0,0,0,0,0,2,5,-2,1,1.49441,1,1,0,0,3,0,0,2.015849,0,0,-0.751612,1,0,0,0,0,0,1,0,0,0,2,1,0,0,0,-1,0,0,1,-3,0,1,2,0,0,0,0,0,1,0,0,0,0,0,-1,0,0,0,0,0,0,0,0,-0.557883,0,0,-0.607405,0,1,0,0,-1,1,1,0,0,1,0,1
-1,0,1,0,0,1,1,-0.462545,0,1,0,0,0,2,0,0,-0.379028,0,0,0,0,0,1,2,0,-3,0,0,1,0,0,0,0.85714,5,0,1,-1,1,1,-1,0.811087,1,0,-0.714944,3,0,0,0,0,1,-5,0,0,0,2,2,0,0,0,0,-1,-1,0,2,0,-1,1,0,-3,0,0,0,1,0,0,0,-3,0,0,1,0,0,1,0,0,1,0,-0.785714,0,0,-0.608827,0,0,0,3,0,0,0,1,1,3,0,1
0,0,0,0,0,-1,0,-0.327352,0,0,-1,0,0,-1,0,0,-0.649407,0,-1,-2,0,-1,0,0,0,0,0,-1,0,1,2,0,0.8584,7,0,0,1,0,-1,0,0.568457,0,0,-0.609742,0,0,0,0,0,1,0,0,0,0,0,1,-1,0,1,0,0,0,0,0,-3,0,2,0,-1,0,0,1,0,0,0,0,0,0,-1,0,0,0,1,1,0,0,0,-0.758157,0,0,-0.56721,1,0,0,0,-1,3,0,1,0,-1,0,1
0,2,3,0,0,2,0,-0.843436,0,-2,-1,1,1,0,0,0,-0.484359,-1,0,0,0,0,0,2,0,-1,0,0,0,0,0,1,0.86752,1,0,0,0,2,0,1,0.333333,1,0,-0.632421,0,0,0,0,0,1,1,0,0,0,-5,1,0,0,0,0,0,0,0,0,1,0,1,2,0,0,0,0,0,1,-3,0,0,0,0,0,0,-1,1,0,0,0,0,-0.837923,0,0,-0.712469,1,-2,0,0,0,1,0,0,0,1,0,1
0,0,0,0,0,0,0,-0.632748,0,0,0,0,0,0,0,0,-0.609418,0,0,-1,0,1,0,0,0,1,2,0,0,0,-2,0,1.17215,1,0,0,0,0,0,-1,0.207557,0,0,-0.699391,3,0,0,0,0,0,0,0,0,0,0,1,-1,1,2,0,0,-1,1,0,-2,3,0,0,0,0,0,1,-1,1,0,0,-1,0,0,0,0,0,0,1,0,0,0,-0.725974,0,0,-0.8,0,0,0,0,0,0,0,0,0,0,0,1
1,0,-2,0,-1,0,0,-0.769065,0,0,0,0,-3,0,0,0,-0.75,1,0,1,0,0,0,2,0,1,0,0,0,1,0,0,1.51716,2,0,0,2,0,0,-1,0.38967,0,0,-0.70164,0,0,-2,0,0,1,0,-1,0,0,0,1,0,1,0,3,0,0,0,0,0,4,1,2,1,0,0,0,0,0,-3,0,0,0,0,0,0,-2,0,1,0,1,0,-0.691344,0,0,-0.907222,1,0,-1,0,-1,0,0,-1,0,0,0,1
0,0,0,0,0,0,0,0.489567,0,0,0,1,0,0,0,0,-0.75,-2,1,0,1,0,0,1,1,1,0,-1,6,0,2,0,1.14286,5,0,0,-1,0,0,0,0.24316,2,0,-0.384481,0,0,0,1,-5,0,0,-1,0,1,0,-4,2,1,0,-1,1,0,0,0,0,0,4,0,0,0,0,-1,0,1,0,0,0,0,0,0,-1,-1,-1,0,0,0,0,-0.755102,0,0,-0.8,2,0,0,0,0,3,0,0,2,0,0,1
0,0,0,0,0,1,0,-0.769185,0,0,3,0,0,0,0,0,-0.681564,-1,0,0,0,0,0,0,0,0,0,1,0,-1,0,0,1.228,10,0,0,0,0,0,-1,0.210645,0,0,-0.575947,2,0,0,0,0,0,0,0,0,5,1,0,2,0,0,0,0,0,1,0,1,0,0,0,1,0,0,-1,0,0,0,0,0,0,0,0,-1,0,0,1,-1,0,-1,-0.561385,0,0,-0.4,1,0,2,-2,0,0,1,-3,0,0,0,1
0,0,0,2,0,0,0,1.078336,1,-1,2,0,-1,0,0,-1,-0.902348,0,-1,0,0,1,0,0,0,0,0,-1,0,2,0,0,0.821,11,0,0,0,-1,0,0,0.246516,0,0,-0.621197,0,0,0,0,0,0,0,0,1,-1,0,0,0,0,0,0,0,0,0,0,0,0,0,0,-2,0,0,-1,0,1,0,0,-1,-1,0,1,0,0,0,1,-1,-3,0,-0.72749,0,0,-0.4,2,0,-1,-2,0,1,-1,0,0,0,0,1
0,0,0,2,1,1,0,-0.272968,0,0,-1,0,0,1,-4,0,-0.763099,0,0,1,0,0,-1,0,0,2,1,0,0,0,0,0,0.8745,1,0,0,0,0,2,0,0.25,0,0,0.067515,0,0,0,0,0,0,1,2,0,0,0,0,0,0,-1,0,0,0,0,0,1,0,0,0,0,0,0,-1,1,0,0,0,1,-1,0,1,0,-1,1,0,0,0,0,-0.744681,0,0,0.498448,0,0,0,0,-1,0,0,0,0,0,0,1
0,-1,0,0,1,0,2,-0.636364,0,0,1,0,0,0,0,0,-0.686665,0,0,1,0,0,0,-1,0,0,-1,0,0,0,0,0,0.77143,0,0,1,0,0,2,0,0.962963,-1,0,-0.369412,0,0,1,0,0,1,0,0,0,0,1,0,0,0,0,0,0,0,0,0,1,0,0,0,2,1,3,0,0,-1,0,0,0,0,0,0,0,0,0,3,0,1,0,-0.314567,0,0,0.630221,0,0,0,0,0,-1,1,0,0,0,0,1
0,4,1,0,0,0,0,-0.478686,0,0,1,0,0,-1,0,0,-0.887824,0,0,1,1,0,0,1,0,0,0,0,0,0,1,0,0.42759,1,0,0,0,0,0,0,1.81583,0,0,-0.673477,0,0,1,0,0,0,-1,0,0,0,1,0,2,-4,1,0,0,0,0,1,0,1,0,0,4,0,0,0,1,0,0,0,0,1,0,1,0,0,0,0,0,1,0,0.223772,0,0,-0.675676,0,0,0,0,0,0,0,0,0,0,0,1
-2,2,0,0,1,0,0,-0.636364,0,0,1,1,0,0,0,2,-0.675676,0,0,1,0,0,1,0,0,0,-1,0,0,0,0,-1,2.24623,3,0,0,0,0,1,0,0.832844,0,0,-0.443386,0,1,0,0,0,1,0,0,-1,0,1,1,0,0,0,-1,0,0,1,0,0,3,1,0,0,0,1,0,0,1,0,0,0,1,0,0,1,0,0,0,0,0,0,-0.496737,0,0,-0.678584,0,0,2,0,0,-1,0,-5,0,1,0,1
-2,0,-1,-1,0,-1,0,-0.727416,0,0,1,0,1,0,0,1,-0.698485,0,0,0,0,0,0,2,0,1,0,0,0,0,0,0,0.94286,3,0,0,0,0,0,0,0.470941,0,1,-0.34959,0,0,0,-1,0,0,0,0,0,-1,0,0,-1,1,1,4,1,0,0,0,0,1,-1,0,0,0,0,-1,0,-1,0,0,0,1,0,1,0,0,1,-1,0,0,0,-0.79261,0,0,-0.788985,0,0,0,1,0,0,0,0,0,-3,0,1
0,1,2,0,0,-1,0,-0.690688,0,0,0,0,0,0,0,0,-0.72093,0,0,2,0,0,0,-1,0,-2,1,3,1,0,0,0,0.94286,0,0,0,0,0,3,1,0.675535,0,0,-0.630036,0,1,0,0,0,1,0,0,0,0,0,-2,0,1,0,0,0,0,-1,0,-2,1,1,0,2,0,0,0,0,0,0,0,0,0,0,1,0,0,0,0,0,0,0,-0.376529,0,0,-0.394601,3,0,0,0,2,0,-1,-1,0,0,0,1
0,0,-1,-3,-2,0,0,-0.794564,0,0,1,0,0,0,-4,0,-0.72093,0,1,0,3,0,0,0,0,0,0,0,0,0,1,1,1.10585,0,0,2,0,0,0,0,0.937002,-2,0,-0.784342,0,1,0,0,0,-2,-1,-1,0,-2,-2,0,-2,1,0,0,-1,-1,2,-3,0,1,0,1,0,-1,0,0,0,-1,0,0,0,0,0,1,0,0,0,0,0,0,0,-0.688758,0,0,-0.355598,0,1,0,0,2,1,0,0,0,0,0,1
0,0,0,0,0,0,0,-0.386247,0,1,0,-1,3,0,0,0,-0.54005,0,0,0,-2,0,0,0,0,0,1,0,0,0,0,0,1.27691,1,0,1,0,0,1,0,0.573217,0,1,-0.56365,0,0,0,0,0,0,0,0,0,2,-3,0,0,-1,0,0,0,0,0,0,2,3,1,0,-1,-1,0,1,1,0,0,0,0,0,0,0,0,1,0,0,1,1,0,-0.612903,0,1,-0.344639,-1,0,0,0,0,1,-1,0,0,0,0,1
0,0,0,0,0,0,1,-0.270819,0,0,0,1,0,0,0,-1,-0.46623,0,0,1,0,0,1,0,-1,0,0,1,1,0,2,0,2.5278,4,0,0,0,0,-1,0,1.248232,0,0,-0.666667,-1,0,0,0,0,0,0,-1,0,0,1,2,1,0,-1,1,0,0,-5,0,0,0,1,2,0,0,0,0,2,-1,0,0,0,0,0,1,0,0,0,1,0,0,0,-0.62983,0,0,-0.692403,-1,2,0,0,0,0,0,-1,0,1,0,1
0,0,0,2,0,1,0,-0.548976,0,0,-2,0,0,-2,0,1,0.029407,0,0,0,0,0,0,1,0,1,0,0,0,-2,0,0,2.05272,2,0,1,0,0,1,0,1.11111,0,0,0.023491,0,-1,0,0,0,0,0,0,0,1,0,0,0,0,0,1,0,0,0,-1,0,0,0,0,0,-1,0,0,0,1,0,-1,2,0,0,0,-1,0,0,1,0,1,-1,-0.324208,-1,0,-0.579636,-2,0,0,0,0,0,0,0,1,0,0,1
0,0,-1,1,0,0,1,-0.259503,0,0,0,0,2,1,0,0,1.307135,0,0,0,1,-1,0,0,0,1,0,0,0,0,-1,0,2.78511,2,2,0,-2,0,0,0,1.293145,0,0,-0.727606,0,0,2,0,0,0,-1,0,0,0,1,1,0,-2,0,0,0,1,0,0,0,0,0,2,2,0,0,0,0,0,2,-2,0,0,2,0,0,0,0,0,0,0,0,-0.749149,0,-1,-0.733333,0,0,0,0,0,0,0,1,0,0,1,1
0,0,2,0,1,2,1,-0.538244,0,0,0,0,0,1,0,0,-0.664405,0,-1,0,1,1,0,0,0,0,0,0,2,0,0,0,0.62099,0,1,0,0,0,0,0,0.447757,0,0,-0.721796,0,0,0,-1,0,0,0,0,0,0,1,-1,-1,0,0,0,0,0,0,0,0,0,1,1,0,0,0,1,0,0,0,0,0,0,0,1,0,2,0,0,0,1,1,-0.7226,1,0,-0.742719,0,0,2,0,0,-4,0,1,0,0,1,1
0,0,0,0,1,0,1,-0.800558,0,0,0,0,0,1,2,0,-0.6,0,-1,0,1,0,0,0,0,0,0,0,0,0,1,0,1.99331,2,0,0,0,-2,0,0,1.23404,0,0,-0.877327,1,0,0,-1,0,0,1,0,0,1,-1,1,0,0,0,0,-1,0,0,-2,1,1,0,0,0,0,0,0,0,0,0,0,1,0,0,1,0,1,1,-2,0,0,0,-0.409338,0,0,-0.849531,0,0,0,1,0,0,0,1,0,1,1,1
0,0,0,-1,0,1,1,-0.441981,-1,0,0,0,-1,0,0,2,-0.645841,0,0,0,0,1,0,0,0,0,1,1,0,0,0,2,2.93349,9,1,0,0,0,-1,0,0.876357,0,1,-0.914286,0,-1,1,0,-1,0,0,0,0,0,0,0,-1,0,-1,4,0,0,4,0,1,1,0,0,0,0,0,2,0,2,0,0,0,0,0,0,0,0,0,0,0,0,0,-0.603523,0,0,-0.514534,0,0,2,0,-1,0,0,-1,-3,0,1,1
0,0,2,0,0,1,0,-0.777419,0,-1,0,0,-1,0,0,0,-0.58343,0,0,0,-3,1,0,0,0,0,1,1,4,0,0,0,1.84912,10,0,0,-3,2,1,0,1.132472,0,1,-0.827472,0,0,1,2,0,1,-1,0,-1,1,0,-1,-1,0,0,-1,0,0,0,0,1,0,0,0,4,0,0,0,1,2,0,0,0,4,0,0,1,0,3,0,0,0,0,-0.62328,0,0,-0.657033,1,0,0,0,-1,0,0,0,3,0,1,1
0,0,2,0,0,0,0,-0.747618,0,0,3,0,0,0,0,0,-0.65326,0,-1,0,1,1,0,0,0,0,1,3,0,0,0,2,4.0,8,0,0,0,0,0,0,1.028482,-1,0,-0.69912,0,-3,0,0,-2,2,2,0,0,0,0,1,2,0,3,2,0,0,0,0,1,0,0,0,0,0,0,0,0,0,0,0,0,0,0,0,0,0,0,0,0,0,0,-0.693644,0,1,-0.602506,0,0,0,-1,0,0,0,0,0,0,1,1
0,-1,-3,3,0,0,0,-0.684211,0,1,0,1,0,0,-1,0,-0.845098,1,0,0,0,0,0,0,0,1,0,2,0,0,-1,0,0.43011,7,0,0,0,-1,2,0,0.721526,0,0,-0.682797,-1,0,0,1,0,-1,0,-1,0,0,0,0,0,0,0,0,-1,0,0,0,1,-1,1,0,-2,0,0,-1,-1,0,0,0,0,0,0,0,1,1,0,0,0,0,0,0.106978,0,0,-0.090218,0,-1,0,1,0,1,0,1,1,3,0,1
0,1,0,1,0,1,0,-0.584454,1,1,0,0,-1,0,-1,3,-0.612903,0,0,-1,0,1,0,0,0,1,0,0,0,1,0,0,0.87224,12,0,0,0,0,0,0,0.744206,0,1,-0.693207,1,1,-1,0,0,0,0,1,-1,0,1,-1,0,-2,-1,0,0,0,0,0,1,0,1,0,0,0,1,0,0,0,0,1,1,0,-1,0,2,0,0,-4,0,0,0,-0.657763,0,0,-0.478261,0,0,0,0,1,0,0,0,0,1,0,1
0,2,-1,0,0,0,0,-0.684211,0,2,0,0,1,0,-2,0,-0.651506,1,0,0,0,-1,-2,1,0,1,0,0,0,0,0,1,2.07666,1,2,1,0,0,1,0,1.021598,0,0,1.663766,0,1,0,-4,0,0,0,0,0,0,-2,1,0,0,0,0,4,0,0,0,0,0,0,1,0,0,0,1,2,2,0,0,0,0,-1,0,0,0,0,0,0,0,0,-0.880191,0,0,-0.441466,0,0,0,1,1,0,-2,0,0,0,0,1
0,2,0,0,0,2,2,-0.607806,0,0,0,0,0,1,0,0,-0.605801,0,0,1,0,1,0,-1,0,0,0,1,1,0,0,0,1.19333,2,0,0,0,-1,0,0,0.583628,0,0,-0.470993,0,0,0,-3,0,0,0,0,0,0,0,0,0,0,0,0,0,0,0,0,0,1,0,0,0,0,0,0,0,1,0,0,0,3,0,0,0,0,0,0,0,0,0,-0.419456,0,0,-0.367428,1,0,0,0,0,0,0,0,0,4,0,1
0,0,0,0,0,1,0,-0.32908,0,0,0,0,0,0,-1,1,-0.636848,0,2,1,0,0,0,0,0,0,0,0,1,0,0,0,0.5166,8,0,0,0,1,1,0,0.434153,3,0,-0.636367,0,0,-3,0,0,0,0,0,0,0,0,0,2,0,0,1,0,0,1,0,0,0,0,0,0,1,-2,0,0,1,0,0,0,0,0,1,0,0,0,0,0,0,0,-0.685942,0,0,-0.618301,0,0,0,-3,0,0,0,3,0,0,0,1
0,-1,0,0,0,-1,0,-0.219329,0,0,1,-1,0,0,3,0,-0.543462,0,-2,0,0,0,0,0,0,0,0,0,-1,1,-1,0,0.47638,1,0,-1,-1,0,1,1,2.444912,-1,0,-0.726461,0,-1,0,0,-1,0,0,0,0,-1,0,1,-1,0,2,0,0,0,0,0,0,1,0,0,0,0,-2,0,0,0,1,0,-2,0,0,0,0,0,0,0,0,0,0,-0.85175,0,0,-0.787179,-3,0,0,0,0,0,0,0,0,1,0,1
0,-2,0,0,0,0,0,-0.69542,0,0,2,0,0,0,0,0,-0.647005,0,0,0,0,0,1,1,0,0,0,0,2,0,0,-1,2.45277,3,0,0,0,0,0,1,1.184929,0,0,-0.064618,0,0,0,0,1,-2,0,0,-1,0,1,0,0,0,0,0,0,0,0,0,0,0,2,0,0,0,0,1,-1,0,0,0,2,1,0,0,0,0,0,0,1,0,0,-0.820959,1,0,-0.571889,0,0,3,2,1,-1,0,-2,1,0,0,1
0,1,0,2,0,0,1,-0.638383,1,-1,0,0,1,0,0,1,-0.604797,0,0,0,0,0,0,0,-1,0,0,0,2,0,0,1,0.51976,2,0,0,3,1,0,0,1.522131,0,0,-0.812519,1,1,0,1,0,0,0,0,1,0,0,0,0,-2,0,0,0,1,1,0,0,0,1,0,-2,0,0,0,0,2,0,0,0,1,0,0,0,0,-1,0,1,0,-1,-0.769231,0,0,-0.45211,0,0,0,1,1,1,0,0,1,0,0,1
0,0,0,0,0,0,0,-0.647059,0,0,0,0,0,0,0,1,-0.686563,0,0,0,0,0,0,1,0,0,0,0,0,0,0,0,1.7743,0,0,0,0,0,0,0,0.370847,3,3,-0.817861,0,0,0,-2,1,0,1,0,0,2,1,3,0,0,-1,0,0,1,0,1,0,-1,0,0,-3,0,-1,0,0,0,0,0,0,0,0,0,0,1,0,-3,0,0,0,-0.776591,0,1,-0.562778,2,0,0,0,1,0,0,0,1,1,0,1
0,0,-1,0,0,0,0,-0.650164,0,0,0,0,-1,-2,0,1,-0.683801,0,0,1,2,1,0,0,2,1,0,0,0,0,1,-1,0.96823,6,0,0,0,0,1,-2,0.208839,0,1,-0.751766,0,0,0,2,0,0,0,1,0,0,1,0,0,0,0,0,0,0,0,0,1,0,0,0,0,1,0,-1,0,0,3,0,0,-1,0,0,0,-1,0,0,0,-1,-1,-0.796412,0,0,-0.511207,0,0,0,0,0,0,2,1,1,0,1,1
0,1,0,0,0,-1,0,-0.692278,0,0,-1,0,0,0,0,0,-0.695336,0,0,-1,1,0,0,0,0,0,0,0,-3,0,0,2,1.39727,6,0,0,0,0,1,1,2.096975,0,1,-0.711708,0,0,0,0,0,0,-1,0,1,0,1,0,0,0,0,0,1,0,-1,0,2,0,0,1,0,0,1,-3,1,0,0,0,0,-1,1,0,0,0,0,-1,0,0,0,-0.673876,0,1,-0.666647,2,1,0,-1,2,0,0,0,0,0,1,1
0,-2,0,1,0,0,0,-0.700244,0,0,2,0,0,0,0,1,-0.758395,0,0,2,2,0,0,0,0,0,0,0,0,0,0,2,1.19699,5,0,0,0,0,0,-1,1.504933,2,1,-0.635123,0,0,0,2,2,0,0,0,0,0,0,0,2,0,-7,0,0,0,1,0,0,1,0,1,2,0,1,0,0,-1,0,0,0,0,-1,1,0,0,0,0,0,0,0,-0.666667,0,0,-0.634749,3,0,0,0,1,0,0,0,0,1,1,1
0,1,2,-1,0,1,0,-0.586428,0,0,0,0,0,2,0,0,-0.787362,0,0,0,2,0,1,0,0,0,0,0,0,0,0,0,1.38025,1,1,0,0,0,1,0,1.090227,0,-1,-0.762791,3,0,0,-1,0,0,0,1,0,-1,0,0,0,0,0,0,0,-1,0,0,1,0,0,0,0,0,0,0,0,-2,0,-1,0,-1,0,0,0,0,1,0,0,0,1,-0.701403,0,0,-0.664436,0,1,0,2,0,0,0,0,2,0,0,1
0,1,0,0,0,1,0,-0.675111,0,0,0,-1,0,0,0,-3,-0.628941,0,-1,0,0,0,1,0,0,0,0,0,2,0,0,0,1.56464,0,1,0,2,1,0,0,3.244498,0,0,-0.796337,0,1,0,1,0,0,1,0,0,0,0,1,0,0,0,0,-1,0,0,2,-2,1,1,1,0,0,0,1,1,0,0,0,1,0,0,0,0,0,0,0,0,0,1,0.510995,0,0,-0.716868,0,0,1,0,0,0,0,0,0,2,0,1
0,1,0,1,0,1,2,-0.669394,-2,0,-1,0,0,0,0,0,-0.748973,0,1,0,0,1,0,0,0,0,0,2,0,0,0,0,1.5956,0,1,0,-2,1,0,0,1.418739,0,-1,-0.779213,1,1,0,0,0,-1,0,1,0,0,0,1,0,0,0,0,0,5,0,0,0,3,1,0,0,0,0,0,1,0,0,0,0,-1,0,0,0,0,0,0,0,0,1,0.215729,0,0,-0.729315,6,1,0,-1,0,0,0,0,1,0,0,1
0,0,0,0,0,0,0,-0.623708,1,1,0,0,-3,2,0,1,1.577063,0,0,0,0,0,0,0,0,0,0,0,-1,0,-1,0,0.94136,14,0,0,0,0,0,0,0.791731,0,0,-0.663876,0,0,0,0,0,0,0,0,-1,-2,0,0,-1,0,0,-2,0,0,0,1,0,0,1,0,0,1,0,0,1,1,0,0,0,-1,1,0,0,0,0,1,0,-2,0,-0.782392,0,0,-0.636364,0,0,0,0,0,-1,0,0,0,-1,0,1
0,0,0,0,0,1,-1,-0.841901,0,1,0,1,-1,-1,-1,1,0.839174,0,0,2,0,1,0,0,0,1,0,-1,0,0,0,0,1.05217,2,0,0,0,0,-2,0,1.08108,0,0,-0.615794,0,0,0,0,0,0,0,0,0,-1,0,2,0,0,1,1,-1,0,-2,-1,-1,0,2,0,2,0,0,0,0,-2,0,0,0,2,0,0,0,0,0,0,0,1,0,-0.442384,1,0,-0.719,0,0,0,-1,0,0,2,0,0,0,0,1
0,0,0,3,0,0,0,-0.8,-1,0,-2,1,0,0,0,1,-0.7906,0,0,1,0,0,0,-1,0,0,0,0,0,0,0,0,0.77391,0,0,-1,0,0,0,0,1.08108,0,0,-0.668074,0,0,0,0,0,0,0,0,1,0,0,0,0,0,0,0,0,-1,0,-1,0,1,0,0,0,1,1,-1,1,0,0,0,0,1,0,0,0,1,0,0,0,0,0,-0.752654,0,0,-0.766638,0,0,-2,1,0,-1,-1,-1,1,-1,0,1
2,-4,0,1,0,-1,0,-0.628026,0,-3,1,0,0,0,2,2,-0.69644,1,0,0,0,0,1,0,0,0,0,0,-1,0,2,0,1.01767,3,0,0,1,1,-2,0,1.80378,1,0,-0.588212,-1,0,0,0,1,0,-1,1,0,0,0,0,0,-1,0,1,-1,0,2,0,0,0,0,0,-1,0,0,-1,0,3,0,1,0,0,0,0,0,1,0,0,1,0,0,-0.47293,0,0,-0.895815,0,0,0,0,0,0,0,0,0,1,0,1
0,0,0,0,0,0,0,-0.330367,-1,0,0,0,0,1,0,0,-0.674827,0,0,1,0,0,0,0,0,1,0,1,3,2,0,0,0.7796,0,0,0,2,0,0,0,1.421656,-1,-1,-0.610644,0,0,0,0,0,0,2,1,0,0,0,0,0,0,0,0,0,1,-1,0,1,0,-1,0,0,0,0,-1,2,0,0,0,-2,0,0,0,0,1,0,0,0,0,-2,-0.525607,0,-1,-0.718476,-1,0,0,0,0,1,0,0,0,1,0,1
0,0,0,0,0,0,-1,-0.319162,1,0,0,0,-1,0,0,2,-0.736437,0,0,0,0,0,0,-1,0,0,0,1,0,2,-1,0,0.82857,6,0,0,0,0,0,0,0.646525,1,-1,-0.766543,0,-1,1,0,1,0,0,0,0,0,0,1,0,0,0,0,0,-1,-1,1,0,0,-3,0,0,1,0,0,0,0,0,0,0,0,0,0,-1,0,0,0,0,0,-1,-0.696505,0,0,-0.62862,-1,0,-2,0,0,1,0,-1,1,0,0,1
0,0,0,0,0,0,0,-0.652583,0,0,0,0,0,-2,2,0,-0.74763,0,1,0,0,0,0,-3,0,0,0,0,-1,2,1,0,1.40949,4,1,0,0,0,0,0,0.487893,0,0,-0.766172,-2,0,0,0,0,1,0,-1,0,0,0,1,0,1,0,0,1,0,0,0,-1,0,0,1,0,0,0,-2,0,0,0,0,0,0,1,0,0,1,0,-1,-1,0,-1,-0.667185,0,0,-0.524101,0,0,1,0,0,1,0,0,0,0,1,1
0,0,0,0,0,0,0,-0.650622,2,0,-1,0,0,4,0,1,-0.388933,0,1,1,0,0,0,0,0,0,0,0,0,0,0,2,1.43463,8,-1,0,0,1,0,0,0.616619,0,0,-0.800671,0,0,0,0,0,-1,0,0,0,5,0,0,1,0,0,-1,1,0,-1,0,0,1,0,0,0,0,1,1,0,-1,0,0,1,1,0,0,0,0,0,-2,0,0,0,-0.77856,0,0,3.018178,0,0,0,0,0,1,0,0,-1,0,1,1
0,0,1,0,-1,-1,1,-0.69482,0,0,0,0,3,0,1,-3,-0.735219,0,1,2,0,0,0,0,0,0,0,0,0,0,1,0,1.51162,3,0,0,0,0,0,0,0.612245,0,0,-0.73667,0,-1,0,0,0,0,0,0,0,0,0,1,0,0,0,1,0,0,0,0,1,1,1,1,0,-1,2,0,-1,0,0,0,0,1,1,1,0,0,0,0,0,0,0,-0.74998,0,0,-0.586207,0,0,0,0,0,1,0,-1,1,2,1,1
0,0,1,0,0,0,1,-0.803861,0,0,0,0,-2,0,0,0,-0.174709,0,0,0,2,0,0,2,0,0,-2,2,0,0,0,0,3.55539,2,1,0,0,1,0,0,3.193913,0,0,1.183846,0,-1,1,0,0,0,0,0,0,1,1,0,0,0,1,0,0,0,1,-2,0,0,0,0,1,1,0,0,2,1,-1,0,0,0,0,1,0,1,0,1,0,0,0,-0.72548,0,1,-0.098614,2,0,1,0,0,0,0,1,0,-2,1,1
0,0,0,0,-1,0,0,-0.53435,0,-2,0,-2,0,0,5,0,0.311194,0,-3,0,0,0,0,0,0,0,0,0,0,2,0,0,2.02331,2,0,0,0,2,0,0,1.174532,0,0,-0.822997,-1,0,0,1,0,0,0,-1,0,0,1,0,-1,0,0,-3,1,0,0,0,0,-2,-1,0,0,0,0,0,0,0,0,0,1,2,0,0,0,0,0,0,0,0,0,0.208559,0,0,-0.616633,0,1,0,0,0,-1,0,1,0,0,1,1
0,0,0,0,0,0,0,-0.604524,0,0,-1,0,2,0,0,0,-0.463854,0,0,4,0,0,0,-1,0,0,0,0,-1,0,0,0,1.83182,0,0,0,0,4,0,0,1.107716,1,0,-0.424306,0,0,0,0,0,-1,-1,1,0,0,2,0,0,0,0,0,1,0,1,0,0,-1,0,0,0,0,0,-1,0,1,0,0,0,0,0,0,0,2,0,0,0,0,0,-0.524365,0,1,-0.663866,0,0,0,0,0,0,-1,1,1,0,1,1
1,-2,0,1,0,0,1,-0.89917,0,0,0,0,0,0,0,0,-0.698025,0,0,0,0,0,1,-1,1,0,1,0,0,0,0,-1,2.09252,0,0,-1,-2,0,0,0,0.538462,0,0,-0.740171,0,0,1,0,2,0,-1,0,0,-1,0,0,0,0,0,0,0,-1,0,0,0,0,0,0,0,-1,0,0,1,0,0,0,0,0,0,-1,0,0,0,0,0,-1,0,-0.447158,0,0,-0.682018,0,0,0,1,1,0,0,-3,0,0,1,1
0,0,0,1,0,0,0,-0.618252,0,0,-2,0,-1,0,0,0,-0.590835,0,0,-2,0,0,0,0,1,0,0,0,0,0,0,0,0.84151,0,0,0,0,0,0,0,0.546541,3,0,-0.755581,0,-2,0,0,-1,0,0,0,-1,0,0,2,1,0,0,0,0,0,0,-1,1,0,0,0,0,0,0,0,1,0,0,0,2,0,-1,0,0,0,0,0,0,0,0,-0.646998,0,0,-0.718395,0,1,0,-2,0,0,3,0,0,0,1,1
0,0,0,1,0,2,0,-0.298288,0,0,1,0,0,1,4,0,-0.507809,0,1,0,0,0,0,-2,1,0,0,0,0,2,2,-1,1.84928,3,0,0,0,0,0,0,0.8438,1,0,-0.908249,0,-2,0,0,0,0,0,1,0,0,0,1,1,0,-2,2,0,0,0,0,0,0,0,2,2,-1,-1,1,0,0,0,0,1,0,0,0,0,-1,0,2,0,0,0,1.739944,0,0,-0.605319,0,0,0,0,0,0,1,1,0,1,1,1
0,2,-1,0,0,1,0,8.13043,0,0,0,0,0,0,1,1,-0.672873,0,0,0,-2,0,0,0,0,0,0,2,0,1,0,-1,1.70931,4,0,-1,0,0,0,0,2.657752,2,1,-0.80003,0,0,-1,0,0,-1,0,0,0,1,1,0,5,0,2,0,0,0,0,0,0,2,0,0,0,1,2,0,0,0,0,0,-4,1,0,0,0,0,0,-1,0,0,0,-0.52954,0,0,-0.80499,0,0,0,0,0,1,2,0,-1,0,1,1
0,0,0,0,0,1,0,0.642975,0,0,0,0,0,0,1,1,-0.703132,1,-2,0,0,0,0,0,0,0,0,2,0,0,0,0,0.83381,4,0,0,0,0,-2,0,2.216798,0,0,-0.789474,0,0,-2,0,-1,-1,0,-1,0,1,0,0,0,0,0,0,0,0,0,1,0,3,-1,0,0,0,1,0,0,0,0,0,1,1,1,1,0,0,0,3,0,0,0,-0.593666,0,0,-0.762253,0,0,0,0,0,0,0,0,0,0,1,1
0,-2,0,0,0,1,0,8.13043,0,0,-1,0,0,0,1,1,-0.669647,0,0,0,0,0,0,0,0,0,0,0,5,1,0,0,2.8601,4,0,-1,1,0,0,0,2.025358,0,1,-0.838804,0,-2,0,0,0,0,0,0,0,1,-1,0,0,0,0,0,0,0,0,1,0,0,0,0,0,0,-1,-2,0,0,4,0,3,0,0,0,0,0,-1,-1,1,0,0,-0.474424,-2,1,-0.760395,0,0,0,1,-1,-1,0,0,0,0,1,1
0,2,0,1,0,0,0,-0.878704,-2,0,0,0,0,0,1,1,-0.87942,1,0,1,1,0,0,0,0,-1,0,0,-3,0,0,-2,1.09322,3,0,0,-1,0,-1,1,0.645161,-2,0,-0.612903,0,1,0,0,0,0,0,0,0,0,0,0,-2,2,0,4,0,2,0,0,1,0,1,0,0,0,-1,1,0,0,1,0,-1,0,-1,0,0,0,0,0,0,-2,1,-0.698877,0,-2,-0.637798,0,0,0,0,0,0,0,-1,0,0,0,1
0,0,0,1,-1,1,0,-0.657143,0,-2,0,0,-1,0,0,1,-0.328296,0,0,0,0,-2,0,-1,0,0,0,0,1,-1,-1,0,0.77247,11,0,0,0,-2,1,0,0.63805,-4,-2,-0.110485,1,0,0,0,0,1,0,0,0,0,1,0,-3,-1,-2,0,0,0,0,0,0,0,0,0,0,0,0,0,0,0,0,0,0,-1,1,1,0,0,0,0,0,0,-1,-0.591784,0,0,-0.758613,0,0,0,0,0,0,0,1,0,1,0,1
0,0,-4,1,0,0,0,-0.650765,0,0,0,0,0,1,-1,1,-0.003684,-1,0,0,-1,-1,3,0,0,-1,1,-1,0,0,0,0,1.3885,5,0,-1,0,0,0,0,1.185244,0,1,-0.88258,0,0,0,0,0,0,0,0,0,0,0,2,1,0,0,0,-1,0,0,0,1,0,0,0,0,0,0,0,0,0,0,0,0,2,0,2,0,-1,0,0,0,0,0,-0.794895,0,0,-0.639366,0,0,-1,0,0,-5,0,0,0,1,0,1
0,0,0,0,0,1,0,-0.185603,1,0,0,0,0,0,0,1,-0.239801,0,0,1,0,0,0,0,1,0,2,3,0,0,1,0,1.57157,2,0,0,0,0,1,0,1.50764,0,1,-0.689882,-2,1,0,0,0,0,0,0,1,1,0,0,0,0,0,0,0,0,0,0,-1,2,1,-2,1,0,0,0,1,2,-1,0,2,-1,0,0,0,1,0,-1,0,0,0,-0.671006,-1,1,-0.64625,0,1,0,0,0,0,0,1,0,1,1,1
0,-2,0,0,0,0,0,-0.741557,1,0,0,0,2,0,0,0,-0.822741,0,0,-3,0,0,0,0,0,0,0,0,-5,0,0,0,1.11429,18,0,0,0,1,0,1,1.602129,0,2,-0.574491,-1,1,0,0,0,0,-1,0,0,0,0,0,2,0,3,0,1,0,1,0,0,0,0,2,0,0,0,0,1,0,0,0,3,1,0,0,0,1,0,0,1,0,0,-0.859345,0,0,4.378259,4,0,0,0,0,0,-1,1,0,0,1,1
0,0,0,1,2,1,0,-0.687407,1,0,2,0,-1,0,0,2,-0.78898,0,0,0,0,0,1,0,0,0,0,0,0,0,0,0,1.18725,4,0,1,0,1,0,0,0.862119,-1,1,-0.677407,0,1,0,0,-1,0,0,0,1,1,1,-1,3,0,3,1,0,-2,1,1,0,0,1,0,2,0,0,-1,1,0,2,0,0,-2,0,-1,0,0,0,-2,0,0,-3,-0.69325,0,1,-0.636364,2,0,0,0,0,0,0,0,0,0,1,1
-1,1,0,0,0,0,0,-0.698364,0,0,0,0,0,-1,0,1,-0.734101,1,0,1,0,0,0,1,0,0,0,0,0,0,0,0,0.71738,2,0,3,0,0,0,0,0.463496,2,0,-0.450172,0,0,0,0,0,0,1,0,3,0,0,-1,0,1,0,2,0,0,0,0,0,0,0,-3,0,0,0,0,0,0,0,0,-1,2,1,0,0,1,0,1,0,1,0,-0.814199,0,0,-0.177819,0,1,0,0,0,0,0,0,0,0,1,1
1,2,1,0,0,0,0,-0.760465,0,0,0,0,0,0,0,0,-0.636364,0,0,0,-1,0,0,0,0,0,0,0,0,3,3,0,0.70311,0,0,0,0,1,0,0,1.695104,-2,0,-0.339113,0,0,-1,-1,0,0,0,0,0,0,0,0,0,1,0,0,0,0,0,0,3,0,0,0,0,0,-3,0,-1,1,0,0,-2,0,0,0,0,1,0,1,0,0,0,-0.481334,0,0,0.776981,0,0,0,0,0,0,0,1,0,0,1,1
0,0,0,0,0,0,0,-0.269648,2,0,0,0,-1,0,0,1,-0.761424,0,0,2,0,-1,0,0,0,1,0,2,2,0,0,0,2.96532,5,0,1,0,0,0,1,1.66667,0,0,0.004618,0,-1,-2,0,0,0,0,0,1,2,0,0,0,0,-1,5,0,0,0,3,0,0,0,0,0,0,0,-1,0,0,0,0,0,0,0,0,0,1,0,-2,0,0,0,-0.723087,0,0,-0.789676,0,0,0,0,0,0,-1,0,1,0,1,1
0,-2,0,0,1,0,0,-0.647059,-1,0,2,-1,1,1,0,0,-0.202537,1,0,-1,0,0,0,0,1,1,0,0,0,0,0,0,1.30365,5,2,1,0,0,0,2,1.230179,0,0,-0.741037,2,0,0,0,1,0,0,0,-1,0,1,0,0,0,3,0,0,0,0,0,0,1,0,0,1,0,0,0,1,3,0,0,0,1,0,1,1,0,0,0,0,-2,0,-0.833333,0,0,-0.714624,1,0,0,1,0,0,2,0,0,1,1,1
0,0,0,0,0,0,0,-0.576008,0,0,0,0,1,1,0,0,-0.6307,1,0,0,0,0,0,2,0,1,0,-1,0,0,1,0,1.52468,9,0,3,-1,1,0,0,1.750339,0,0,-0.717886,0,0,0,1,3,0,-1,1,1,0,-2,0,0,-2,0,0,0,0,0,0,1,1,0,-2,0,0,1,0,0,0,0,0,0,0,0,1,0,0,0,0,0,0,2,-0.833333,1,0,-0.738954,-3,0,0,1,1,-2,0,0,0,0,1,1
0,0,0,-2,0,0,-1,0.701218,0,0,1,0,0,1,0,0,-0.57212,0,0,0,0,1,3,0,0,1,0,0,0,0,0,0,1.45601,6,1,0,0,0,0,0,0.382686,0,0,-0.684161,0,0,0,0,0,0,0,0,0,1,-1,0,-1,0,-2,0,0,0,2,-1,0,0,0,0,0,0,0,0,1,4,0,0,0,0,1,0,1,1,0,-1,-2,0,0,-0.833333,0,1,-0.708295,3,0,0,0,0,0,0,0,0,0,1,1
0,2,1,0,-1,-1,-1,-0.342889,1,1,0,2,1,0,0,0,-0.804573,0,0,0,0,0,0,0,0,0,0,5,0,2,3,0,2.28571,5,0,2,0,0,0,-1,2.309896,2,0,1.199376,2,0,0,0,0,0,0,0,1,0,0,0,0,0,0,0,0,0,0,0,1,0,0,0,0,0,4,0,0,2,0,0,2,0,-2,0,0,0,0,1,0,0,0,-0.646704,0,1,-0.77939,0,0,0,-1,0,0,0,0,0,-3,0,1
0,0,0,1,0,0,0,-0.154283,1,0,2,0,0,0,0,1,-0.862526,0,0,0,-1,0,0,-1,0,-1,0,0,0,0,-1,0,1.60379,5,0,1,1,1,0,-1,0.43595,0,0,2.181184,0,1,0,0,0,0,1,0,1,0,1,-1,0,0,0,0,-1,0,0,-2,0,1,0,-1,0,0,0,0,0,0,0,0,0,1,0,0,0,2,0,1,0,0,-2,-0.66898,0,0,-0.811704,0,0,0,0,0,0,0,0,0,0,0,1
-1,0,0,1,0,0,0,-0.405703,1,0,0,-1,1,0,0,0,-0.234719,0,0,0,0,-1,0,0,0,0,0,-2,0,0,0,0,2.28571,6,0,0,0,2,1,0,0.6,0,0,1.1,0,1,0,2,0,0,1,0,0,0,0,0,0,-1,2,0,0,0,0,0,1,0,0,0,0,1,0,0,0,2,0,0,1,1,0,0,0,0,0,0,0,0,2,-0.672621,0,1,-0.349843,0,0,2,0,0,0,0,0,0,0,0,1
0,0,1,1,0,1,-3,-0.904,0,0,0,0,-1,0,0,2,-0.63002,0,0,5,0,0,0,0,0,0,0,3,0,-2,0,0,1.34418,0,0,0,0,0,0,0,1.060072,0,0,-0.85701,0,0,1,-1,0,0,0,0,2,1,1,0,1,0,2,0,0,0,0,0,0,0,1,0,0,0,0,0,0,0,0,1,0,0,0,0,0,0,0,0,3,3,0,-0.758934,1,0,-0.862478,0,1,0,1,0,0,-1,2,1,1,0,1
0,0,0,1,0,0,0,-0.528441,1,0,0,0,1,0,1,2,-0.407102,0,0,0,3,0,0,1,0,0,0,0,0,0,1,-1,1.99194,2,0,0,0,0,0,0,1.181065,0,0,-0.6004,-1,-1,0,0,0,0,0,0,1,0,1,0,0,-1,0,0,0,0,0,2,4,0,0,0,-1,0,1,0,0,0,0,1,2,0,0,0,0,0,0,-1,1,0,0,-0.701032,0,0,-0.427991,0,0,0,1,2,0,0,0,1,-2,0,1
0,0,0,1,0,2,-1,-0.904,0,-1,0,1,0,0,-1,0,0.142692,0,2,0,0,0,1,0,0,0,0,0,2,-1,0,0,1.83114,2,0,0,0,0,1,0,1.820324,0,1,-0.800893,-1,0,0,0,0,0,0,0,1,0,1,0,0,0,0,-2,0,0,0,0,2,1,1,0,0,1,1,0,0,0,0,1,0,0,0,0,-1,0,0,2,1,1,0,-0.915634,-1,0,-0.529034,0,0,0,1,0,0,0,0,1,2,0,1
0,1,0,0,0,0,1,-0.778864,0,0,-1,0,-1,0,0,1,-0.596421,1,0,0,2,0,1,0,0,0,0,0,0,0,0,-1,1.73195,5,0,0,0,1,0,0,0.667459,0,0,-0.692308,0,0,0,0,0,0,0,0,0,-1,0,-1,0,-2,0,0,0,0,0,0,1,0,0,0,0,0,-2,0,1,0,0,0,0,0,1,0,0,3,0,0,0,0,0,-0.201311,0,1,-0.883344,0,0,2,0,0,0,0,0,0,0,1,1
0,0,0,0,0,0,0,-0.04664,-2,0,0,0,1,1,2,0,-0.608551,1,0,0,0,0,0,0,0,0,0,0,0,0,0,0,1.39585,5,0,0,0,0,1,0,0.963255,0,2,-0.693414,0,0,0,0,1,0,0,1,1,0,0,1,-4,-1,1,0,0,0,0,-1,0,3,0,1,0,-1,-1,0,0,0,0,0,0,0,0,0,0,0,0,1,0,0,1,-0.486824,0,1,-0.617453,0,0,0,-1,-1,0,0,0,-1,0,1,1
0,0,1,0,0,2,0,-0.235896,0,1,2,-3,0,0,0,0,-0.725428,1,0,1,0,0,0,0,0,0,0,0,0,0,0,0,1.11429,5,0,0,5,1,0,0,1.158116,0,0,-0.785905,0,-2,0,0,1,0,0,1,1,0,-1,0,0,0,0,0,0,0,0,0,0,-2,0,0,0,0,0,0,0,0,0,0,0,2,0,0,-1,0,0,1,1,2,0,-0.671786,0,0,-0.726509,0,0,0,0,0,0,0,0,-1,1,1,1
0,0,0,1,0,0,0,-0.550371,0,0,-4,0,1,0,-2,1,-0.66423,0,0,1,0,0,0,0,0,0,0,0,0,0,0,0,0.97294,6,1,0,0,0,-1,0,0.406611,0,0,-0.650422,0,0,-2,0,0,0,0,0,0,0,0,0,0,0,1,0,0,0,0,0,1,0,-1,0,1,0,0,-1,0,0,2,0,-1,-2,0,0,0,0,0,1,0,0,-2,0.07802,0,0,-0.663453,0,0,0,0,0,0,0,1,0,1,0,1
0,2,0,0,0,0,0,-0.695941,0,0,0,0,1,3,0,1,-0.73913,0,-1,1,0,1,1,2,0,0,1,0,1,-1,0,-1,1.11753,8,0,-1,0,2,-2,-1,0.53125,0,0,-0.625,0,-1,0,0,0,0,1,0,0,2,0,0,1,-4,0,0,0,0,2,1,1,0,1,0,0,0,0,0,0,1,0,0,0,-2,0,-2,0,0,0,1,0,3,0,-0.755102,0,0,-0.862069,0,0,0,0,0,2,0,1,0,0,0,1
1,0,0,-1,0,0,0,0.20876,0,0,0,0,0,0,0,0,0.016744,0,0,1,0,0,2,0,0,0,1,0,-1,0,0,0,0.58882,8,0,1,1,1,0,0,0.748951,1,0,-0.808393,0,0,0,0,0,0,0,0,0,0,0,2,0,1,0,0,0,1,0,0,0,0,0,0,0,0,-1,0,-1,1,0,0,1,0,0,0,0,0,1,0,0,0,0,-0.727942,0,0,-0.862069,0,0,0,0,0,-1,0,0,0,0,0,1
0,-1,0,1,0,0,0,-0.774134,0,0,0,0,0,-1,0,2,-0.535459,0,0,0,1,0,0,0,0,-1,0,0,4,-2,2,0,1.45714,5,0,0,0,0,1,1,1.511233,0,0,-0.704682,0,-1,-2,0,0,1,-1,0,0,3,0,0,0,1,0,2,0,0,2,0,0,0,1,0,0,0,2,0,0,0,0,0,0,1,0,0,0,0,0,0,0,0,0,-0.630311,0,0,-0.737522,0,-1,0,0,0,2,0,0,0,0,1,1
0,0,0,1,0,3,0,-0.727273,0,0,0,-1,1,0,0,1,-0.20698,0,0,0,0,0,0,0,0,0,0,0,0,0,2,1,1.45607,5,0,0,1,0,-1,1,1.297492,0,0,-0.743404,0,0,1,1,0,0,0,0,2,0,0,1,3,0,-1,0,0,0,0,2,0,1,0,0,2,0,1,0,0,0,0,0,-3,0,0,0,0,1,0,0,0,0,1,-0.72093,0,0,-0.8,0,0,0,1,0,0,0,0,0,0,1,1
0,0,0,1,0,0,-1,-0.8332,0,0,0,0,0,-1,0,1,-0.390754,0,0,1,1,0,0,0,0,-1,-1,0,0,0,1,0,1.44644,7,0,0,0,1,1,0,1.414823,0,1,-0.7542,0,0,-1,0,0,0,0,0,0,0,-1,0,-1,0,0,0,0,0,0,0,1,0,-1,0,0,0,0,0,0,3,0,0,0,0,0,0,0,0,0,0,0,1,0,-0.627997,0,0,-0.575629,0,0,2,0,0,0,0,0,4,0,1,1
0,0,0,0,0,0,1,-0.454545,0,0,-1,0,-1,0,0,0,-0.589751,0,0,0,-4,0,-1,0,0,1,0,2,0,4,0,0,3.46005,9,0,0,1,-1,0,-1,1.011263,0,1,-0.094353,0,0,0,0,0,0,0,0,1,0,2,0,0,0,0,1,0,0,2,0,-1,0,0,-2,3,2,0,0,0,1,0,0,0,0,0,-1,0,1,0,0,0,0,-2,-0.63129,0,1,-0.6,2,0,0,0,0,0,1,0,0,0,0,1
0,0,2,0,0,0,-1,-0.454545,0,0,0,0,0,0,0,0,-0.314504,0,0,2,1,0,3,0,0,0,0,0,0,0,0,0,-1.91737,5,0,0,1,1,1,0,1.211246,1,0,3.820702,1,0,0,1,1,0,0,0,0,0,-1,0,-2,0,3,0,0,0,0,3,0,4,1,-2,0,-2,1,0,0,0,0,0,-1,0,0,0,0,0,0,2,-1,0,0,-0.530065,0,0,0.056291,0,0,0,-2,0,-1,0,0,0,0,0,1
0,1,0,0,0,0,1,0.529243,0,0,0,0,0,0,-1,0,-0.781847,0,0,0,1,0,-1,0,0,0,0,2,-1,0,0,0,0.98197,3,0,0,0,0,0,0,0.884731,0,0,-0.682759,-1,0,0,-1,0,0,0,0,1,3,0,1,-2,0,-1,0,0,0,1,1,0,0,0,2,0,0,0,0,0,1,2,0,0,1,0,0,0,1,0,2,0,0,-1,-0.147873,0,0,-0.619326,2,0,0,0,-1,-1,0,0,-1,0,0,1
0,0,0,0,0,0,-1,-0.635474,2,0,0,-1,0,0,0,1,-0.789474,0,2,0,0,0,0,0,2,0,0,0,-1,0,1,1,0.7238,1,0,0,1,0,0,0,0.257393,0,0,-0.411208,0,2,0,-1,0,0,0,0,-2,0,0,0,0,1,0,0,0,0,0,0,0,0,0,0,0,0,0,0,0,1,-2,0,1,-1,-1,0,0,1,0,0,0,2,0,0.051001,0,0,-0.649682,0,0,0,0,0,0,1,0,-1,0,0,1
0,0,0,0,0,0,0,-0.666667,-1,0,0,0,0,0,0,0,-0.789474,0,-1,0,0,1,-1,-1,0,0,0,0,-1,-1,0,0,3.1002,4,0,0,-1,0,0,0,0.21107,1,0,-0.345639,0,1,0,0,-1,0,0,0,0,0,0,2,0,0,-1,1,0,-1,-2,0,0,-1,0,0,-1,0,0,0,0,1,0,0,0,-1,-1,-2,0,3,0,-1,0,0,0,-0.890527,0,0,-0.736341,0,0,-1,0,0,0,0,0,0,0,0,1
0,0,0,0,-1,0,-1,-0.73378,0,1,0,0,-3,0,-1,0,0.84952,0,1,0,0,0,0,0,1,0,0,1,0,0,0,0,0.98381,0,0,-1,1,0,0,0,0.260812,0,1,-0.637404,0,-1,0,-1,0,0,0,0,0,1,0,0,0,0,0,0,-1,0,0,-1,0,0,-1,3,-3,0,1,0,0,0,0,0,0,0,0,0,0,1,0,2,0,0,0,-0.581158,1,0,-0.733333,0,0,0,0,0,0,0,0,0,0,0,1
0,-1,0,0,0,0,0,-0.6,0,0,0,4,0,0,0,0,-0.595085,0,0,0,0,0,0,-1,0,0,0,2,0,2,0,1,1.61801,14,0,0,0,0,0,0,1.121912,2,0,-0.870137,3,0,0,0,0,0,0,0,0,1,0,0,2,-1,3,5,0,0,0,1,3,0,0,0,0,0,1,0,1,0,0,-1,0,0,-1,0,0,0,1,1,0,0,1,-0.596578,0,0,-0.719331,2,0,2,0,0,0,0,1,-2,0,1,1
0,2,0,1,0,0,0,-0.608516,-2,0,0,0,0,0,0,0,-0.574904,0,0,0,1,0,0,0,0,0,0,0,0,0,0,0,1.34404,6,0,1,0,-1,0,-1,1.057221,0,0,-0.708525,4,0,0,0,0,-1,0,-1,1,-1,0,0,0,0,0,0,0,0,2,3,0,1,0,0,0,-1,0,1,1,0,0,0,-1,0,-1,0,0,-1,0,1,0,0,0,-0.576551,0,0,-0.577025,0,0,0,0,0,0,3,1,-3,0,1,1
0,0,0,1,0,0,2,-0.534352,0,0,-1,0,2,-1,0,0,-0.661816,0,0,2,0,0,0,0,0,1,0,0,0,0,0,0,1.46825,5,0,0,-2,0,-1,0,1.222008,0,-2,-0.704053,2,0,0,0,-2,0,0,0,0,0,0,1,2,0,0,0,0,-1,0,1,0,1,0,0,0,2,0,0,1,2,2,0,3,0,-2,0,0,0,0,-2,0,0,0,0.729637,0,0,-0.555556,0,0,2,0,0,0,0,1,-2,-1,1,1
0,0,0,0,0,0,-1,-0.543993,0,0,0,0,-1,0,0,0,-0.705837,0,0,0,2,0,-1,-1,0,0,0,0,0,0,0,0,0.8,1,0,0,0,0,0,0,2.857965,1,0,-0.695207,-1,0,0,0,0,0,0,0,0,0,0,-2,0,-4,0,0,0,0,2,0,1,0,0,0,0,-1,0,0,1,2,0,0,0,0,0,0,0,0,0,1,0,0,0,-0.777921,0,0,-0.657143,-1,0,2,0,0,1,0,1,1,0,0,1
0,0,0,-1,0,2,0,-0.561648,0,-1,0,0,1,0,0,1,-0.495452,0,0,1,0,0,-3,2,1,-1,0,0,0,0,0,0,1.0482,1,0,1,0,0,0,0,1.45789,0,1,-0.669973,0,0,-2,-3,0,0,0,1,0,0,-1,0,0,0,3,-1,0,0,0,0,0,0,0,0,2,0,0,0,0,1,2,0,0,2,1,-1,0,0,-1,0,0,0,2,-0.708089,0,0,-0.657143,0,0,0,0,0,0,0,0,1,0,0,1
0,1,-2,0,0,2,0,-0.306272,1,0,0,0,0,0,-2,0,-0.454545,-1,0,0,0,0,0,3,0,0,1,0,0,0,0,0,2.5993,9,0,0,-1,3,-1,0,3.35714,0,0,-0.18023,0,0,0,1,0,0,0,1,1,0,0,0,-1,0,0,0,0,1,3,2,1,0,1,-1,0,0,0,0,1,0,0,0,1,0,0,0,0,0,0,1,0,-1,0,-0.547668,-1,0,-0.487271,2,0,0,0,0,0,0,0,1,-4,0,1
0,-2,0,1,0,0,0,-0.32324,0,0,0,1,1,0,0,0,-0.519021,0,1,0,0,0,0,-2,0,0,0,0,0,0,0,0,1.64763,9,0,0,-3,0,0,0,1.772074,0,-1,1.82353,0,1,0,0,0,-1,0,1,0,0,1,0,0,0,0,3,0,0,-3,0,0,0,0,0,0,-1,0,0,0,0,0,0,-1,0,1,0,0,0,1,0,0,1,0,-0.597893,0,0,-0.751616,0,0,-1,0,-1,0,-1,-1,0,1,0,1
0,1,0,0,0,0,0,-0.275973,0,0,0,1,-1,0,0,1,-0.700756,0,0,0,0,0,0,-1,0,0,0,2,0,0,1,0,0.97143,6,0,0,-1,1,2,0,1.749684,0,0,0.564958,0,1,0,1,0,-2,0,0,0,0,0,1,0,1,3,2,0,0,2,1,0,0,1,-1,0,-1,0,0,0,0,0,0,0,0,0,1,0,0,1,0,0,0,-2,-0.665697,-1,0,-0.693759,0,0,0,0,0,-1,0,0,1,1,0,1
0,0,0,0,0,0,0,1.431229,0,0,0,1,3,0,0,1,-0.692256,0,0,0,0,0,0,0,0,0,0,3,0,0,1,0,1.10176,7,0,0,0,1,4,0,1.499778,0,-1,1.82353,0,1,1,1,0,0,-1,0,-1,0,0,0,0,1,0,3,0,1,0,1,0,0,0,0,0,0,0,0,-3,0,0,0,0,0,0,0,0,0,1,0,0,0,0,-0.534903,1,0,-0.830354,0,0,0,0,0,0,2,0,1,1,0,1
0,3,0,2,0,0,-1,-0.64164,0,0,0,0,0,0,-2,0,-0.657844,0,-1,2,0,0,0,-1,-1,0,-2,0,-2,0,1,0,0.85854,12,0,0,0,0,0,0,0.645393,0,0,-0.760444,0,1,0,0,0,0,0,1,0,0,0,0,0,0,0,0,0,0,2,-1,0,0,1,1,5,1,0,0,0,0,0,-1,0,0,0,0,0,0,0,0,0,0,0,-0.773585,0,0,-0.649199,0,0,0,1,0,0,0,-2,0,1,1,1
0,0,0,0,0,0,0,-0.8125,3,0,0,0,0,2,-1,0,-0.652031,0,0,0,0,0,0,0,-2,-1,0,0,0,0,1,0,1.37445,0,0,0,0,0,0,0,0.912167,0,0,-0.680306,0,0,0,0,0,0,0,0,0,0,0,0,1,-1,1,-1,0,0,1,0,0,0,1,0,0,1,0,0,0,0,0,0,0,0,0,0,-1,0,0,0,0,0,0,-0.835035,1,0,-0.612903,-3,0,0,0,0,0,0,0,0,1,1,1
0,0,-1,1,0,5,0,-0.843269,0,0,1,0,0,-1,-1,0,-0.824835,0,-1,0,0,-1,0,0,0,1,0,2,2,0,1,0,0.6208,7,-2,0,0,0,0,0,0.689318,0,1,-0.754042,0,-1,-1,0,0,-1,-1,0,0,0,1,0,0,0,0,0,0,0,2,1,0,0,1,0,2,1,0,1,0,0,0,0,0,0,0,0,0,-1,-1,0,0,0,0,-0.773585,0,0,-0.669508,-1,0,0,0,0,0,0,0,0,1,1,1
0,0,0,1,0,0,0,-0.789474,0,0,0,1,0,0,0,0,-0.688979,0,0,0,-1,0,0,-2,1,0,-2,-1,0,0,1,0,0.85762,1,0,0,1,1,0,-1,0.90449,0,0,-0.412998,1,0,0,0,0,0,0,0,-1,-2,0,0,0,2,0,0,0,0,0,1,1,2,0,0,0,0,0,0,0,0,0,0,0,-4,0,0,0,0,1,0,0,-1,0,-0.625,0,0,-0.516743,0,0,1,0,0,0,0,0,0,0,0,1
0,0,1,0,0,0,0,-0.789474,-1,0,-1,1,0,0,0,3,-0.741235,0,0,0,3,0,0,0,0,0,0,0,0,0,0,0,0.86064,7,0,0,0,2,0,0,1.409968,0,0,-0.397527,4,0,0,0,0,0,0,0,0,1,-1,0,3,0,0,0,0,0,0,0,1,0,1,-2,0,0,0,1,0,0,0,0,0,-2,0,1,-1,0,0,0,0,0,0,-0.739121,0,0,-0.4794,2,0,0,0,0,0,0,0,0,0,0,1
0,0,0,0,0,0,0,-0.787314,0,0,0,1,0,0,0,0,-0.495427,0,0,-1,0,0,0,0,1,0,0,0,0,0,-1,0,0.95445,2,0,0,1,0,0,0,0.867778,0,0,-0.510528,0,-1,0,0,0,0,0,0,0,0,0,0,0,0,1,0,0,0,0,0,3,2,1,0,1,-1,0,1,0,2,2,0,0,0,0,0,0,0,0,0,0,0,0,-0.58571,-1,-1,-0.092469,0,0,-1,0,0,0,0,0,0,0,0,1
0,-1,0,0,0,0,0,-0.434735,0,0,0,0,0,0,0,1,-0.537596,0,0,0,0,1,0,0,1,-1,0,0,0,0,1,0,1.05791,2,0,1,3,0,-2,-1,0.652993,0,0,-0.664114,2,0,0,0,0,2,-1,0,-1,-1,0,0,1,0,-1,0,0,0,0,0,0,0,1,0,0,0,0,0,1,0,0,0,0,0,1,0,0,0,0,3,0,0,0,-0.732906,0,0,-0.656989,0,0,2,0,0,0,0,2,0,0,0,1
0,-1,-1,0,0,3,0,-0.58296,0,0,-3,0,-3,-1,1,1,-0.881125,0,0,-1,0,0,0,1,0,0,0,0,0,0,1,0,0.89619,0,0,0,0,0,0,0,0.473733,0,0,-0.60762,-1,0,0,1,1,0,0,0,1,1,0,0,0,0,0,0,0,0,-1,-2,0,0,0,0,0,-1,0,1,0,0,0,0,-1,-1,0,2,0,0,-2,0,0,-1,0,-0.751549,0,0,-0.559753,0,0,0,-3,0,0,0,0,3,-1,0,1
-1,-1,-2,1,0,0,0,-0.396069,0,0,0,0,0,0,0,0,0.443462,0,0,0,0,0,0,0,0,-2,0,0,2,0,1,0,0.50038,5,0,1,1,0,-3,0,0.738017,0,-1,-0.668598,0,1,0,2,0,0,0,-1,0,0,0,0,0,0,0,0,0,0,0,0,0,0,0,0,0,0,0,0,2,0,0,0,0,-1,0,0,0,1,0,0,-1,0,2,-0.642272,0,0,-0.373218,0,0,0,0,0,0,0,1,1,0,0,1
-1,0,0,0,0,0,-2,-0.636364,0,0,2,0,-1,-1,-1,0,-0.146967,0,0,0,0,-2,1,0,0,1,0,-1,0,0,-2,1,1.17143,4,0,-1,0,0,-1,0,0.237504,1,1,-0.750718,0,0,1,0,0,0,1,0,0,1,0,-1,-2,1,1,2,0,0,0,0,1,1,0,0,0,0,0,0,-1,-2,0,0,0,0,0,0,0,0,0,0,0,0,0,0.081113,1,0,0.769822,0,0,1,0,0,0,0,1,0,0,1,1
0,0,0,0,0,0,0,-0.636364,-1,0,0,0,0,0,0,1,-0.723295,-1,0,0,0,2,0,-1,0,1,0,0,-3,0,-1,0,1.17143,4,0,0,0,0,2,0,0.536585,0,0,-0.175421,0,0,0,0,0,0,0,0,0,0,0,0,0,0,-1,0,0,0,0,1,0,1,0,1,2,0,0,0,0,0,0,0,2,-1,0,-1,0,0,0,0,0,-2,0,-0.4,-1,0,-0.785714,0,0,0,0,0,0,0,-2,0,3,1,1
0,2,0,0,0,0,-1,-0.880504,0,0,0,0,0,0,1,2,-0.525382,0,0,0,0,0,0,0,0,0,0,0,0,1,0,0,1.37396,0,0,1,3,-1,0,0,0.950985,2,0,-0.396743,0,1,1,0,0,0,0,1,0,0,0,0,0,0,0,0,0,1,0,0,0,-2,0,0,0,0,0,0,0,0,2,0,-2,0,0,0,0,1,0,-1,0,0,0,-0.263454,1,0,-0.73651,0,0,0,0,0,0,0,0,1,0,1,1
0,2,0,0,0,0,1,-0.799098,0,1,-3,0,0,1,0,0,-0.515308,-1,0,1,-1,1,1,0,0,0,0,3,2,0,2,0,1.19228,4,0,1,0,0,0,0,0.828145,-1,0,-0.14164,1,0,0,0,0,1,0,0,0,1,1,0,0,0,0,-1,0,0,0,0,0,0,0,-1,0,0,1,0,0,0,0,0,0,0,0,0,1,0,0,0,0,0,1,-0.249735,0,0,-0.777778,0,0,0,0,0,1,0,0,0,0,0,1
0,0,-1,0,0,0,0,-0.282878,1,0,0,0,0,4,0,0,-0.423574,0,-1,1,0,0,0,0,0,0,0,2,0,0,0,-1,1.42857,3,0,0,0,2,0,0,0.219643,0,0,-0.708379,-1,0,0,0,0,0,0,0,0,1,1,0,0,0,0,1,0,0,0,0,1,0,0,0,2,0,1,0,0,0,2,0,0,2,0,0,0,0,0,1,0,0,1,-0.555556,0,1,-0.764275,0,0,3,0,0,1,2,0,0,-2,0,1
1,0,0,0,0,0,0,-0.679732,0,0,0,0,0,0,0,0,-0.707907,0,0,1,1,0,0,0,0,2,1,2,0,0,0,-1,0.88622,6,0,0,0,-1,0,0,0.917607,0,0,-0.84687,0,1,0,0,0,-1,0,0,0,1,1,0,0,0,0,0,1,0,0,0,-2,0,0,0,0,-1,1,4,0,0,2,0,0,0,0,0,0,0,0,-1,0,2,1,-0.555556,0,0,-0.777778,0,0,0,0,1,1,5,0,0,1,0,1
0,0,-1,3,0,2,0,-0.647059,0,0,0,0,-2,0,0,0,-0.681026,0,0,0,0,0,0,0,0,0,0,0,0,0,0,0,0.65714,4,0,0,-1,1,-1,0,2.627088,3,0,-0.478261,0,0,0,0,0,0,0,1,0,0,0,0,2,0,1,3,0,0,0,0,1,1,0,-2,0,0,4,1,0,0,0,0,0,0,0,0,0,1,0,1,0,0,0,-0.398963,0,0,-0.822539,2,-1,5,0,0,1,1,0,0,1,1,1
0,1,0,0,0,2,0,-0.593061,0,0,0,0,0,-1,0,0,-0.402302,-1,-1,1,0,0,0,1,1,0,0,0,0,0,0,0,0.65769,7,2,0,0,0,-1,0,1.21739,0,0,0.465014,0,1,-1,0,0,0,0,0,0,0,0,0,0,0,1,2,0,-1,0,0,1,0,0,1,2,0,1,0,0,0,0,0,0,1,0,0,0,0,0,0,0,0,0,-0.690454,0,0,-0.72093,0,0,0,0,0,0,-1,0,0,0,1,1
0,0,0,-1,0,0,0,-0.709965,0,0,0,0,0,0,0,0,-0.657143,0,0,0,0,0,0,1,0,0,0,0,2,0,0,0,0.63591,21,0,-1,-1,0,0,0,1.21739,0,0,-0.384047,0,1,0,0,0,0,0,-1,0,0,0,-1,-1,0,1,2,0,0,-2,0,0,0,1,0,0,0,4,0,0,0,0,0,-3,0,0,0,0,1,0,0,0,0,0,-0.646104,0,0,-0.816071,0,0,0,0,0,-1,0,0,0,0,1,1
0,-1,-1,0,-1,0,2,-0.771947,-1,1,1,0,0,0,0,0,-0.717601,0,0,0,0,0,0,2,0,0,0,0,0,0,-1,0,1.80372,3,-1,1,0,0,0,0,3.934472,0,0,-0.625,0,0,0,0,0,0,1,2,0,0,0,0,0,-1,0,0,0,0,0,1,-1,0,0,0,-2,0,2,0,0,1,0,0,-1,3,0,0,0,1,0,0,0,-2,0,-0.529921,0,0,-0.77737,-1,0,0,0,0,0,0,2,0,0,0,1
0,0,0,0,0,0,0,-0.532611,-4,0,0,0,0,0,-3,0,-0.751848,0,0,0,0,0,0,0,0,0,0,0,-1,1,0,0,0.91429,1,0,0,0,0,0,0,2.75,0,1,-0.427665,2,0,0,0,0,0,1,0,-1,0,0,0,1,0,0,0,0,0,0,0,0,0,0,0,0,0,0,0,1,3,0,1,-1,1,0,0,0,1,0,1,0,-1,0,-0.528805,0,0,-0.783035,0,0,0,0,0,-2,0,0,0,0,0,1
0,-2,0,2,0,0,0,-0.6,-1,0,-2,0,0,0,0,0,-0.6424,0,0,0,0,0,0,0,0,2,1,0,0,0,0,0,0.83886,1,1,-1,0,0,0,0,2.75,0,0,-0.685781,0,0,0,0,1,0,1,0,0,2,0,0,0,0,0,0,1,0,1,1,0,2,0,0,0,0,-1,0,0,0,0,1,0,0,0,0,0,0,1,1,1,0,0,-0.50618,-1,0,-0.890026,0,0,0,1,0,1,1,1,0,0,0,1
0,0,2,0,0,-3,0,-0.644238,1,0,3,-1,0,1,0,0,-0.732342,0,0,0,0,1,0,0,1,0,0,0,0,2,0,-1,1.10295,12,0,0,0,0,0,0,0.833333,0,0,-0.777778,0,0,0,0,0,0,0,0,0,0,1,0,0,0,0,0,1,0,0,0,0,0,1,1,7,0,0,0,1,0,0,0,0,1,0,0,0,0,0,-4,0,1,1,-0.687071,0,0,-0.855077,0,0,0,0,0,0,0,0,0,1,0,1
1,1,2,1,0,0,0,-0.545982,1,0,2,0,0,0,0,0,-0.167155,-1,1,0,0,0,0,-1,0,0,0,0,2,0,0,0,2.28618,4,-3,0,0,1,0,0,2.151719,1,-1,-0.860429,0,-1,0,1,0,0,0,-1,0,0,-1,1,4,0,2,0,0,0,0,0,0,-1,2,-6,0,0,0,0,0,1,3,1,1,0,0,0,0,0,0,0,0,1,0,-0.625,0,0,-0.742247,0,0,-2,0,0,0,0,0,0,0,0,1
-1,-2,0,1,0,0,1,-0.693798,0,0,0,0,0,0,0,0,-0.075878,0,0,-7,0,2,0,0,0,1,-1,3,0,-1,0,-1,0.45263,2,0,0,0,1,0,1,3.546116,1,0,-0.850951,1,0,0,0,1,-1,-2,0,-1,0,0,1,0,0,0,1,0,0,0,-1,1,-1,0,0,-1,0,-3,0,1,1,4,0,0,0,-1,0,1,0,0,-1,0,1,0,-0.557332,0,0,-0.652854,0,-1,0,0,0,0,0,0,0,0,0,1
0,0,1,-1,1,0,0,-0.727472,-1,0,1,-2,0,0,0,0,-0.694738,0,0,1,0,0,0,0,0,0,0,0,0,0,0,0,2.11525,8,-1,0,-3,0,0,0,1.006498,0,0,-0.83621,0,0,0,0,0,-1,0,0,0,0,0,-2,2,0,0,0,1,0,0,0,1,0,0,1,1,0,0,1,1,0,0,-1,0,0,0,0,0,0,0,0,0,0,1,-0.839718,0,1,-0.744681,0,1,2,0,0,0,0,0,0,1,1,1
0,1,0,0,0,0,2,-0.826019,0,-1,1,0,0,0,0,1,-0.648105,0,0,-1,1,0,2,1,0,1,1,0,2,-1,0,0,3.77042,9,0,0,0,0,0,0,0.860462,0,1,-0.835616,0,0,1,0,0,0,0,0,0,0,0,0,0,1,0,0,1,1,0,1,0,1,0,-1,1,0,0,0,1,0,2,0,0,0,0,0,0,1,0,1,0,1,0,-0.677048,0,0,-0.793733,0,1,0,-1,0,0,0,0,0,0,1,1
0,0,1,0,0,0,0,-0.866485,-1,1,0,-1,0,0,2,0,-0.677345,0,0,1,0,0,2,2,0,-1,0,0,0,0,0,0,2.27129,10,0,1,0,0,0,0,0.700109,0,0,-0.821177,1,1,0,0,0,0,-1,0,0,0,-3,-1,2,0,0,0,0,1,0,0,1,0,0,1,0,0,0,1,1,0,0,0,0,0,0,0,0,0,0,2,0,0,1,-0.806159,0,1,-0.66106,0,0,0,0,1,0,0,0,1,0,1,1
0,-1,3,1,0,-1,0,-0.584516,0,0,1,-1,0,0,0,0,-0.52,-1,-1,1,-1,0,0,0,0,1,0,0,-4,0,0,2,0.6905,1,0,0,0,0,0,0,1.860636,0,0,-0.633174,0,0,2,0,0,0,1,0,0,0,1,0,0,0,0,0,0,1,0,2,-1,0,1,0,1,1,0,0,0,-1,0,0,2,0,0,0,0,1,0,0,1,0,0,-0.675493,0,0,-0.748662,2,0,0,0,0,1,0,-1,1,0,1,1
0,0,1,0,-1,0,1,-0.564654,0,0,0,-1,1,1,0,-1,-0.52,0,0,1,-1,0,0,2,0,-1,0,0,0,0,0,0,1.13352,1,0,0,0,0,0,0,2.547981,3,0,-0.679349,0,0,-1,1,0,0,0,0,1,0,1,0,0,0,1,0,0,0,4,1,0,0,0,0,0,0,-2,0,1,-2,0,0,0,0,0,0,0,1,0,0,1,1,0,-0.176056,0,0,0.468355,0,-1,0,1,0,1,0,0,0,0,1,1
0,0,1,4,0,0,0,-0.521824,0,0,1,0,1,1,0,0,-0.52,0,1,-1,0,0,0,0,0,0,0,0,0,2,0,-3,1.38834,1,1,0,0,1,0,-1,1.7675,0,0,-0.642724,3,0,0,0,0,0,0,0,1,1,1,-1,0,0,0,-1,1,0,4,1,-2,1,0,0,7,1,0,0,0,0,0,0,0,0,0,0,0,0,0,0,1,1,0,-0.666667,1,0,-0.73913,0,0,0,1,-1,0,1,0,0,0,1,1
0,0,2,0,0,0,0,-0.521702,0,0,0,-1,0,0,0,0,0.287882,0,0,0,0,1,0,0,1,0,0,0,2,0,-1,0,3.21899,5,0,0,-1,1,0,0,2.310134,1,0,-0.837838,0,0,0,0,1,0,0,0,0,3,0,0,0,0,2,0,0,1,0,0,1,-1,1,0,0,1,-1,1,3,0,0,0,1,0,0,0,0,0,1,0,0,0,1,-0.673858,0,0,-0.574765,0,0,0,0,0,1,0,0,0,0,1,1
0,1,1,-1,0,0,1,-0.584504,2,0,1,0,0,1,0,2,-0.519736,0,0,0,2,0,0,1,1,-1,1,0,0,0,0,0,2.09578,4,0,0,0,0,-1,0,0.689792,0,-1,-0.836503,0,0,1,0,2,1,0,0,0,0,0,1,0,0,0,0,0,0,0,0,0,0,0,0,0,1,0,0,0,0,0,0,0,0,0,0,0,0,0,0,0,0,2,-0.593832,-1,-1,0.030992,0,0,2,1,0,1,0,0,0,0,1,1
0,3,2,-1,0,0,0,1.579766,0,1,1,0,0,0,1,0,-0.581463,0,0,0,1,-2,0,2,1,0,0,2,0,0,1,0,3.80341,1,0,0,0,0,0,0,0.581081,0,0,-0.295944,0,0,1,0,2,1,3,0,0,0,-1,0,-1,0,0,0,0,0,0,0,2,0,0,0,1,1,0,2,2,0,0,1,0,0,0,-1,0,0,0,0,0,0,0,-0.646736,0,1,-0.773585,2,0,0,0,0,1,0,0,0,0,1,1
0,0,-1,0,0,0,0,-0.899553,0,0,3,0,0,0,0,0,-0.557753,0,-1,0,0,0,0,3,0,0,0,0,0,0,1,0,0.65828,8,0,0,0,0,0,0,0.700717,0,0,-0.698216,0,1,-4,0,-1,0,0,0,0,0,0,0,-1,0,0,-1,0,0,3,1,0,0,0,2,0,0,0,0,0,-1,0,0,0,0,0,-1,0,0,0,0,0,0,0,-0.616715,0,0,-0.76,-1,0,-1,0,0,-1,0,1,0,0,1,1
0,1,0,0,0,0,2,-0.730343,1,1,3,0,0,-1,0,-1,-0.866926,0,0,0,1,0,0,-1,0,0,0,0,0,2,2,0,0.77417,12,0,0,1,0,0,0,1.161912,1,0,-0.597409,0,3,0,0,-1,0,0,0,0,0,-1,-5,-1,-1,-1,0,-1,0,1,1,0,0,0,2,0,-4,0,0,4,1,0,0,2,1,0,0,0,3,0,0,0,0,0,-0.678435,-1,0,-0.799679,0,0,0,1,0,0,0,0,1,0,1,1
0,0,-2,0,0,3,1,-0.493851,1,0,-1,0,0,1,0,0,-0.781059,0,-1,0,0,0,0,-1,0,-1,1,0,0,3,2,0,0.91429,3,1,0,0,0,-1,-2,1.077297,-2,0,-0.268622,0,0,0,0,0,-1,0,0,-1,-1,0,0,-2,0,-1,1,0,0,0,1,-1,0,0,0,5,0,0,0,0,0,2,0,0,0,0,0,0,0,0,1,0,0,0,-0.707317,0,-1,-0.365412,0,0,1,0,-1,-2,0,0,1,0,1,1
0,0,0,1,0,0,0,-0.753582,0,0,0,0,0,0,1,0,-0.675519,0,0,0,-1,1,0,0,0,0,1,0,0,1,0,3,1.08684,9,0,0,0,0,0,0,0.952344,0,0,-0.718343,0,0,-1,0,0,0,0,2,0,2,0,0,0,0,0,0,0,0,2,0,0,1,0,0,0,0,0,0,2,0,0,0,2,-1,0,-1,0,0,0,0,0,0,0,-0.647059,0,0,-0.819455,0,0,0,-1,0,0,0,-1,1,0,1,1
0,-1,-2,1,0,-2,0,-0.6516,0,0,0,0,0,0,1,2,-0.659716,0,0,0,0,0,0,-1,-1,1,1,0,0,0,1,0,1.2236,9,0,0,0,0,0,0,2.260958,-1,0,-0.45882,0,0,0,0,-1,0,0,0,0,0,0,2,0,0,0,0,0,0,2,0,0,1,-1,0,0,0,0,-1,-2,0,3,0,0,1,0,0,0,0,0,0,0,0,0,-0.127878,0,0,-0.778697,0,-1,0,0,0,0,0,-3,1,0,1,1
0,0,0,1,0,0,0,-0.757274,0,0,1,0,0,0,1,0,-0.598623,0,1,0,0,0,0,0,0,0,1,0,0,1,-3,0,1.77035,3,0,0,0,0,0,-1,1.006248,2,0,-0.459493,0,-1,0,0,-1,0,0,0,0,0,0,2,2,0,0,0,0,0,-1,0,0,0,-1,1,0,0,0,2,1,0,0,0,0,0,0,-2,0,0,0,0,0,0,0,-0.585124,0,0,-0.782713,0,0,0,-1,-2,0,0,0,1,-1,1,1
0,-1,1,0,-1,0,0,-0.742271,0,0,1,0,0,0,0,0,-0.703893,0,0,0,1,0,0,0,0,0,0,0,-1,0,0,0,1.3006,3,0,0,0,0,-1,0,1.118582,0,-1,-0.711877,1,0,1,0,0,-1,0,-1,2,2,0,0,0,0,1,0,0,0,0,0,0,1,-1,2,2,0,1,0,0,0,0,0,0,0,0,0,0,0,0,0,0,3,0,-0.824617,0,0,-0.91018,0,0,0,2,0,1,-2,0,1,1,1,1
0,-1,2,0,0,0,0,-0.638288,2,-2,1,0,0,0,6,1,-0.55435,0,0,0,0,0,-1,0,1,1,0,0,0,0,-1,0,1.45714,3,1,0,0,0,0,0,1.567805,1,0,-0.608415,0,0,0,0,0,0,0,0,0,0,0,-1,0,0,0,0,0,0,0,0,0,0,0,0,0,0,1,0,1,1,2,0,0,0,0,0,-1,0,0,2,0,1,0,0.160403,0,0,-0.48951,2,0,0,-1,0,0,0,0,0,0,1,1
0,-1,1,0,0,2,0,-0.72129,0,0,1,0,0,0,0,0,-0.812977,0,0,2,0,0,0,0,0,0,-1,0,0,2,0,0,1.5328,13,0,2,0,0,1,0,0.782416,1,0,-0.781578,-2,0,1,0,0,0,0,0,0,-2,0,2,0,0,0,0,0,0,0,0,-2,1,0,2,0,-1,0,0,0,-3,0,0,-2,3,0,0,0,1,0,1,0,0,0,-0.762952,0,-1,-0.72093,0,0,-1,1,0,0,0,0,1,0,1,1
0,0,0,-2,0,0,1,-0.426978,1,0,0,0,0,0,0,0,-0.75107,0,0,0,0,0,0,0,-2,0,-3,0,0,2,0,0,1.17143,0,0,0,0,3,0,0,2.357995,0,0,-0.655261,1,0,0,2,0,-1,0,0,0,1,-2,0,3,0,0,0,0,0,1,0,0,0,0,2,0,1,-2,0,4,0,3,0,0,0,-1,1,0,2,0,-1,0,0,0,-0.757863,0,0,-0.667106,0,0,0,0,1,0,0,0,0,1,0,1
0,0,0,0,0,-2,0,-0.551752,0,0,0,0,0,0,0,0,-0.686881,1,0,1,3,0,2,0,0,0,0,2,0,0,0,0,1.35593,5,0,0,0,0,0,0,2.123798,0,0,-0.195176,0,0,0,0,0,0,0,0,0,0,-1,0,0,0,-2,0,0,0,0,-1,0,1,0,3,0,0,0,0,0,0,0,0,1,-1,1,0,0,0,0,0,-1,0,0,-0.760972,0,0,-0.571429,2,0,2,0,0,1,0,0,0,1,0,1
0,0,1,0,0,0,0,-0.284469,1,-1,0,0,0,0,0,0,-0.385894,0,0,0,1,0,1,0,0,-1,0,0,0,2,1,-1,1.9801,3,0,0,1,0,0,0,1.107075,0,1,-0.167301,0,-1,0,1,0,0,0,0,0,0,1,0,0,-3,0,1,0,0,0,-1,0,2,0,1,0,0,0,-1,0,0,0,0,0,-3,0,0,0,0,0,0,1,0,0,-0.88281,0,0,-0.68171,0,0,0,0,1,2,1,-1,0,0,0,1
0,2,2,0,0,0,0,-0.658369,1,0,0,0,0,0,0,-1,-0.72999,0,0,1,0,0,0,0,0,0,1,0,0,0,0,0,1.37256,8,0,1,0,0,0,0,1.807746,1,0,-0.702479,1,0,0,0,0,0,0,0,0,0,1,-1,0,0,0,0,0,0,0,0,2,0,0,0,0,0,1,0,1,0,0,-2,1,0,0,0,0,0,0,0,0,0,0,-0.426042,0,0,-0.819205,-2,0,2,0,0,0,-1,0,0,1,1,1
0,-1,0,0,0,0,0,-0.663744,0,1,0,0,0,0,-1,0,-0.709824,0,1,1,2,0,0,0,0,0,0,0,3,0,2,0,1.05714,3,0,0,0,0,1,2,2.019244,1,0,-0.783794,1,1,0,0,0,0,-1,0,0,-1,1,0,0,0,0,-1,0,0,0,0,2,-1,1,0,0,0,0,0,0,0,0,0,1,0,0,1,0,0,0,-1,0,0,0,-0.077907,0,1,-0.814588,0,0,0,0,0,0,0,0,0,1,1,1
0,0,1,0,0,-2,1,-0.581165,1,0,0,0,0,0,0,0,0.04866,0,0,0,0,0,0,0,2,1,1,0,0,3,2,0,1.05714,2,0,0,2,0,0,1,3.437243,0,1,-0.555849,1,1,1,-1,0,1,0,0,0,0,0,3,0,1,0,0,0,0,0,-1,0,0,1,-2,0,0,-1,0,-1,2,0,0,0,-1,0,1,0,0,0,0,0,1,0,-0.501387,0,-1,-0.75413,2,0,0,0,1,0,0,0,0,0,1,1
0,0,0,0,-1,1,2,-0.692308,-1,0,0,0,0,0,0,0,-0.583976,0,1,2,2,0,0,1,0,0,1,0,0,2,-1,0,1.63665,4,0,0,2,1,0,1,0.624424,0,0,-0.727588,0,0,-1,0,0,0,-3,-1,2,1,0,1,0,0,2,0,0,0,0,0,0,1,2,-1,2,0,0,0,0,0,-3,0,1,1,-1,0,0,-1,0,0,0,0,0,-0.634914,0,0,-0.647346,0,0,0,0,-1,0,0,3,0,-2,1,1
1,-2,0,0,0,1,0,-0.599554,0,0,-1,0,0,1,0,-1,-0.360073,-1,-2,0,0,0,0,0,0,0,0,4,4,0,2,0,1.2318,1,-1,0,0,2,0,0,1.953384,0,0,3.066167,0,-1,-1,1,0,0,0,0,1,1,-2,1,0,0,0,0,0,0,1,0,0,0,0,0,0,0,0,0,0,2,0,1,1,1,0,1,2,0,0,0,0,0,0,-0.592201,0,0,-0.499231,0,0,0,0,-1,0,0,0,5,0,1,1
0,0,0,0,0,1,0,-0.638024,0,1,0,0,0,0,0,-1,-0.636183,0,0,0,0,0,0,3,0,0,0,0,0,0,-1,0,2.50455,4,0,-1,2,2,-2,1,0.330562,0,0,1.024413,0,-2,0,1,0,0,1,0,-1,1,0,1,0,0,-3,0,-1,0,1,0,-1,0,0,0,0,0,0,0,0,2,0,-2,1,0,0,0,0,0,0,0,0,0,1,-0.654877,0,0,-0.402649,0,0,0,0,0,0,-3,0,-2,0,1,1
0,0,1,3,0,0,-1,-0.714286,0,1,0,0,0,0,0,1,-0.587225,0,0,1,0,0,-1,-1,-1,0,0,2,0,0,0,-1,0.60799,9,0,0,0,0,0,0,1.026829,1,0,-0.59916,0,0,0,0,0,0,0,0,0,0,0,0,0,0,0,-4,0,-1,0,0,0,0,0,0,0,0,0,-1,-3,1,0,0,0,0,0,0,0,1,-1,0,1,0,0,-0.586105,0,0,-0.690846,2,0,0,0,0,0,0,0,0,1,0,1
0,0,0,1,0,-3,0,-0.451756,-1,3,0,0,0,0,0,0,-0.735301,0,0,0,0,1,0,0,0,-2,0,0,0,0,0,0,1.04232,3,1,0,0,0,0,0,0.228724,0,-1,-0.636364,0,0,0,0,-1,0,1,0,0,0,0,0,0,0,0,0,0,0,1,0,0,-1,0,0,0,0,0,0,0,0,0,0,0,0,0,0,-1,0,0,0,0,1,0,-0.668518,0,0,-0.546843,0,0,-3,0,1,0,1,3,1,0,0,1
0,0,0,0,0,0,2,-0.686383,0,0,0,0,0,-1,0,0,-0.684211,-1,0,1,-1,0,0,1,0,1,0,0,0,-1,0,0,1.27973,3,0,0,0,0,0,-1,0.939394,-1,2,-0.415873,1,0,0,0,0,0,0,0,0,0,0,0,0,0,-1,-3,0,0,1,0,0,0,0,2,0,-1,0,0,0,0,1,-1,0,0,0,0,0,1,0,0,1,0,0,-0.6,0,0,-0.767264,1,0,0,0,-2,-1,0,0,0,1,0,1
0,0,-3,0,-1,0,0,-0.532557,1,0,0,1,0,1,5,0,-0.612903,0,0,1,2,0,1,0,1,0,0,0,0,0,1,0,2.10329,6,0,0,0,1,1,0,0.711298,-4,0,-0.742991,0,0,0,0,0,-1,1,0,0,0,0,2,1,0,0,0,1,0,0,1,2,0,0,0,0,0,-1,2,2,-1,0,0,0,-1,1,0,0,0,0,0,-2,0,0,-0.593017,0,0,-0.8569,2,0,0,2,0,1,0,0,0,0,1,1
0,0,1,0,-1,-2,0,-0.495104,0,0,-1,0,0,0,-2,0,-0.217901,0,-2,0,1,0,1,0,1,0,0,0,2,-2,1,1,0.7897,3,2,0,0,-1,0,1,1.125987,3,0,-0.773613,-1,0,0,0,1,0,1,1,-1,0,0,0,0,0,-2,-2,1,0,2,1,0,0,0,0,0,0,1,0,0,0,0,0,0,0,0,0,0,1,1,0,0,0,0,-0.795589,0,0,-0.733333,0,0,-2,0,0,0,0,1,-1,0,1,1
0,0,0,0,0,4,1,-0.625,5,0,0,1,0,0,0,0,-0.417782,0,0,0,0,0,1,-2,0,0,0,-1,3,0,1,0,1.34286,7,0,0,0,0,0,0,0.483386,0,0,-0.6323,0,0,-1,0,0,0,1,0,0,0,0,1,0,0,0,2,0,0,0,1,-1,0,-1,0,1,0,0,0,0,2,0,0,0,0,0,0,0,0,1,0,-1,0,0,-0.283059,0,-1,0.173059,0,0,0,0,0,0,-2,1,0,1,1,1
0,1,1,0,0,0,-1,-0.847063,0,0,0,1,-1,0,-2,0,-0.769231,0,0,-1,1,0,0,-2,0,1,0,0,2,0,1,0,0.7726,1,0,0,0,0,1,0,1.591655,-1,-1,-0.551952,0,1,2,0,1,0,0,0,0,3,-1,3,0,0,0,0,1,0,0,0,1,-2,0,0,0,0,0,0,0,0,3,0,0,0,0,1,-1,1,0,0,0,0,0,-0.722441,0,1,-0.663332,2,0,3,-1,-1,0,0,0,0,2,0,1
0,0,0,0,1,2,0,-0.61905,0,0,0,0,0,0,0,0,-0.883069,0,2,0,4,1,0,-2,0,0,0,0,0,0,0,0,3.76326,5,0,0,0,1,-1,1,3.529175,0,0,-0.38499,0,0,0,0,2,-1,0,1,1,-1,1,0,1,0,2,0,0,0,0,-1,0,0,2,0,0,1,0,0,0,0,0,0,0,0,0,0,0,0,1,1,0,1,0,-0.595984,0,-2,-0.637922,2,0,-4,0,0,1,0,0,1,0,0,1
0,-2,2,1,1,0,1,-0.495679,0,0,0,0,0,0,0,0,-0.716189,0,0,1,2,0,0,0,-1,1,0,0,0,0,-2,0,0.88571,0,-1,0,0,0,0,0,0.709278,0,0,-0.518127,1,1,0,0,0,0,0,0,0,2,0,0,0,0,0,0,0,0,0,0,0,2,0,0,-1,0,0,0,0,0,0,0,0,0,0,0,0,0,0,0,0,0,0,-0.65825,0,0,-0.684835,0,0,2,0,1,0,0,0,0,2,0,1
0,-1,-2,0,0,0,-1,-0.598126,0,-3,0,0,0,0,0,0,-0.583641,0,-1,-2,0,-1,0,0,0,0,-1,0,0,0,0,1,1.15287,3,0,0,0,0,1,0,2.470412,0,0,-0.731593,0,1,0,2,0,1,0,0,-1,0,1,0,0,-2,0,0,-1,1,2,1,1,0,0,0,0,0,0,0,1,2,0,0,-2,0,0,0,0,-1,0,-2,0,0,-1,-0.760648,0,1,-0.513486,0,0,0,0,0,1,0,1,0,0,1,1
0,0,0,0,0,1,0,-0.674746,0,0,2,0,0,0,0,0,-0.673839,0,0,0,0,0,1,3,-1,0,0,0,-1,1,-1,0,0.84209,3,0,1,0,3,1,0,2.136763,2,0,-0.812678,0,0,0,0,0,0,0,1,0,0,1,0,0,0,0,1,0,1,1,0,-1,2,0,0,0,1,2,0,0,0,0,0,2,0,0,0,0,0,0,0,2,0,0,-0.750223,-1,1,-0.838199,0,0,2,0,0,1,0,0,0,0,1,1
0,1,0,0,0,0,0,-0.695478,1,0,1,1,3,0,0,0,-0.715752,0,0,3,3,0,0,0,0,1,0,2,0,0,0,1,1.38762,0,0,0,0,0,1,-1,0.870895,0,-1,-0.738085,1,0,0,0,0,0,0,0,0,0,1,0,0,0,-4,0,0,0,0,0,1,0,0,-2,0,0,0,0,1,0,2,1,1,0,0,1,0,0,0,-1,0,0,0,-0.727273,0,1,-0.321716,0,-1,0,0,0,-1,0,0,1,0,1,1
0,0,0,0,0,0,0,-0.214243,0,0,5,1,0,1,0,1,-0.707317,0,0,0,0,0,0,0,0,0,0,0,-1,0,0,0,2.5906,8,0,-1,1,-4,0,0,2.051868,0,0,-0.604486,0,0,0,-1,0,0,0,0,0,0,0,0,0,-2,0,0,0,0,0,0,0,1,0,-1,3,0,0,0,0,0,0,0,0,2,0,0,0,1,0,-1,0,0,0,-0.774742,0,-1,-0.546992,-3,1,0,1,0,0,1,0,0,1,1,1
0,0,0,0,0,0,-1,-0.59517,0,0,0,1,0,0,0,1,-0.519483,0,2,0,0,0,0,0,0,0,-1,2,0,2,2,0,1.02385,5,-1,0,0,0,0,0,1.374424,0,0,-0.758703,-1,0,0,0,0,0,-1,2,0,0,1,0,1,0,0,0,0,0,2,0,0,1,0,0,0,0,0,0,0,2,0,0,0,0,0,0,0,2,0,1,0,-1,0,-0.581566,0,0,-0.635968,0,-1,2,-1,0,0,-1,0,0,0,1,1
0,0,0,0,0,0,0,-0.748125,0,0,0,1,0,-1,0,0,-0.707317,1,0,2,0,0,0,0,2,0,0,0,0,0,0,0,0.65714,6,-1,0,1,1,0,0,0.18303,1,1,-0.478261,2,0,0,0,0,0,0,0,0,0,1,0,1,0,0,0,0,0,0,0,0,3,0,-1,0,0,-1,0,0,0,2,0,0,0,0,0,0,1,0,-1,0,0,0,-0.481461,0,0,-0.478261,0,0,0,0,0,1,1,0,0,1,1,1
0,0,1,1,0,-2,0,-0.503323,0,0,0,1,1,0,3,0,-0.636364,0,0,0,2,1,3,0,-1,0,0,0,0,0,0,0,0.97275,12,0,0,-2,-1,0,0,1.271586,0,0,-0.586335,1,1,3,0,0,-1,0,0,0,0,2,1,0,0,-2,0,0,0,1,0,1,0,0,-2,0,2,-1,0,0,0,0,0,0,0,0,0,0,0,0,0,1,0,0,-0.724645,-1,1,-0.555556,0,0,2,0,0,0,0,0,0,0,0,1
0,0,0,1,1,0,0,-0.662806,0,0,0,0,0,0,0,0,0.62522,0,0,0,1,0,0,0,0,0,0,0,0,0,1,0,1.97502,1,1,0,0,0,0,0,1.301958,5,0,-0.636655,0,0,0,0,0,0,0,0,-2,-2,0,0,0,1,-1,0,0,0,0,-6,0,1,0,0,0,-1,1,0,0,0,0,0,1,0,0,0,0,0,-1,1,0,6,0,-0.714283,0,0,-0.624437,0,0,0,0,0,0,0,-1,0,0,0,1
0,-1,-1,1,0,1,0,-0.560443,0,0,0,0,1,0,-4,0,-0.612978,0,0,0,0,0,0,0,-1,0,0,0,4,2,1,-1,0.44087,11,-1,1,0,0,0,0,1.000574,3,0,-0.810863,0,0,0,0,1,0,0,0,0,0,0,0,0,-1,0,1,0,0,0,0,0,0,1,0,0,-2,0,0,3,0,0,-2,0,2,0,1,1,0,1,0,1,3,0,-0.777997,0,0,-0.75277,0,-1,0,-1,1,0,1,0,1,0,0,1
0,0,0,1,-1,0,0,-0.666667,0,0,0,0,0,0,2,0,-0.738394,1,0,0,0,0,0,1,0,0,0,4,2,3,0,-1,1.50205,1,0,0,-1,-1,0,0,1.759442,-1,0,-0.797712,0,0,0,0,0,0,0,-1,0,3,0,0,0,0,0,0,0,0,0,0,0,0,0,0,0,0,-1,0,0,1,0,0,0,0,0,1,-1,1,0,-1,0,-1,0,-0.763227,0,0,-0.591486,0,0,2,0,-1,1,-1,0,1,0,1,1
0,0,1,1,0,0,0,-0.633199,1,0,0,0,0,0,0,0,-0.383447,0,0,-1,0,0,0,0,1,0,0,0,0,0,0,0,1.42735,0,0,0,1,0,0,-1,2.092859,0,0,-0.660625,0,0,0,0,0,0,0,0,0,0,0,0,-1,0,0,-1,-1,0,3,0,1,0,-1,2,2,0,1,0,0,0,0,0,-1,0,0,0,0,0,0,0,0,-1,0,-0.820978,0,0,-0.689322,0,-1,0,0,0,0,0,1,1,0,1,1
0,0,0,1,0,2,0,-0.682935,0,-1,0,0,0,2,2,0,-0.699488,0,0,0,-2,1,-2,0,0,1,0,-1,0,0,0,0,1.14074,2,1,0,0,-1,0,0,1.854131,0,1,-0.774077,0,0,0,0,1,2,1,0,0,0,1,0,2,0,2,-1,0,0,0,0,1,0,0,3,0,0,0,0,0,0,0,0,0,4,0,0,0,-1,0,0,0,0,0,-0.640304,0,0,-0.662237,0,0,0,0,0,2,0,0,1,0,1,1
0,0,0,0,0,0,0,-0.573823,0,-3,1,0,0,4,-1,-2,-0.790832,0,0,5,0,-1,0,2,0,0,0,0,2,0,0,0,1.08571,2,1,-1,1,0,-1,0,0.74519,1,0,-0.333,0,0,0,0,0,1,0,0,0,0,1,0,1,0,0,-1,0,0,0,0,0,1,0,-1,-3,0,0,-1,2,0,0,1,0,0,0,0,0,0,0,0,0,1,0,-0.637083,0,1,-0.648896,0,0,3,-1,0,0,0,0,0,1,0,1
0,-1,1,1,0,0,0,0.03597,0,0,0,0,1,-1,1,1,-0.281143,0,0,0,0,0,0,0,0,0,0,2,2,-1,0,0,2.38876,4,0,0,1,0,0,0,0.578947,-1,0,2.411056,0,1,0,-1,0,0,0,-1,0,-1,1,0,-1,0,0,-1,0,1,0,0,0,0,-2,-1,-2,0,0,0,1,0,0,0,0,0,0,0,0,0,0,0,0,0,0,-0.663742,0,1,-0.672147,0,0,0,-1,0,0,1,0,0,1,0,1
0,0,0,0,0,0,0,-0.322837,-1,0,0,1,-1,-1,-1,1,-0.742952,0,0,0,0,0,0,0,0,0,0,2,-1,0,0,0,3.19227,30,0,0,1,0,0,0,0.688784,2,1,-0.684972,0,0,-1,0,0,0,0,0,0,0,1,0,-1,4,0,0,1,0,0,-1,0,-2,0,0,0,0,0,0,1,2,0,0,-1,-1,-2,0,0,0,0,0,0,0,0,-0.511579,0,1,0.991238,0,0,0,0,0,0,0,1,2,1,0,1
0,0,0,0,0,0,3,-0.714286,0,0,0,0,0,0,0,2,-0.617089,0,0,0,1,0,0,0,0,0,0,-1,0,0,0,0,1.7109,2,0,1,-1,0,1,0,0.615074,0,0,-0.720339,1,0,0,-1,0,0,-1,1,0,0,0,0,0,0,0,0,0,0,0,2,0,0,0,-1,0,0,-2,0,0,0,2,1,0,0,0,0,1,1,0,0,1,-1,0,-0.748286,0,0,-0.837822,0,1,-1,2,0,-1,0,0,0,0,0,1
0,0,0,0,0,1,0,-0.667982,0,-1,0,1,-1,0,0,1,-0.675676,0,0,0,0,0,0,0,0,0,0,0,0,4,1,0,0.73431,0,0,0,0,0,1,0,0.577224,0,0,-0.76776,1,0,0,0,0,0,0,0,0,0,0,0,0,0,-3,0,0,0,4,0,0,0,-1,-1,0,0,0,-2,0,0,0,0,2,1,0,-1,0,-4,0,0,1,0,0,-0.335249,0,0,-0.853659,0,0,0,0,0,0,0,0,0,0,0,1
0,0,0,0,0,0,-2,-0.503748,0,0,0,0,0,0,0,0,-0.730206,0,-1,0,0,0,0,1,0,0,0,0,0,0,-2,-3,2.19267,0,0,0,0,0,0,-1,0.642908,1,-1,-0.758649,0,0,1,0,1,0,0,0,0,-2,0,-1,0,0,0,-1,0,0,0,1,0,0,0,3,0,0,3,0,0,1,0,0,0,0,0,0,0,0,-1,0,0,0,0,-0.509215,0,-1,-0.793683,-1,0,0,0,0,0,4,0,1,1,0,1
1,0,0,0,0,-2,0,-0.646895,0,0,-5,0,2,0,0,0,-0.809524,0,0,-1,-2,-1,0,-1,0,0,0,-1,1,-1,1,0,0.62857,1,0,0,1,0,1,0,0.717463,0,0,-0.674843,0,0,0,0,0,0,-2,0,0,-3,0,0,0,0,0,0,0,0,0,0,0,0,0,-2,0,0,2,0,2,0,2,0,0,0,0,-1,0,0,0,0,0,1,0,-0.248328,0,0,-0.491308,0,0,3,0,0,0,0,1,0,0,0,1
0,2,0,0,0,0,0,-0.814524,1,0,0,0,-1,0,0,0,-0.616725,0,0,0,0,0,0,0,-1,0,0,0,0,0,0,-1,0.61492,5,0,-1,1,-1,1,0,0.483708,-3,0,-0.553914,0,0,0,0,0,-1,0,1,0,0,0,1,0,1,0,-1,1,1,-1,0,-1,2,0,0,0,0,-1,0,4,1,1,0,-3,-1,0,0,0,0,0,0,0,0,1,-0.406875,0,2,-0.900641,0,0,1,0,0,0,0,1,0,0,0,1
0,0,0,1,0,0,0,-0.60018,0,0,0,0,2,0,-2,0,-0.809524,0,0,-2,-1,1,0,1,0,0,0,0,0,3,0,0,0.53625,0,0,0,1,1,0,-1,0.365912,0,0,-0.470025,1,0,0,-1,0,1,0,0,-1,0,1,0,0,1,3,0,0,0,1,0,1,0,1,0,0,0,0,0,0,0,0,0,1,0,-1,-1,-1,0,0,0,0,0,0,-0.7,0,1,-0.52,0,0,0,1,0,0,-2,0,-1,1,0,1
0,0,0,0,0,0,0,-0.391956,3,0,0,-1,1,0,0,0,-0.279229,0,0,1,1,0,0,0,0,1,0,0,0,0,3,0,0.94076,5,-1,0,0,-1,-2,0,1.013008,0,0,-0.484208,0,0,0,0,0,0,0,0,0,0,1,0,0,0,0,0,0,0,0,0,-1,1,-1,0,0,0,1,0,0,0,2,1,0,0,0,0,0,1,0,1,0,1,0,-0.793103,0,1,-0.684211,0,0,0,1,1,-2,0,0,0,0,0,1
0,0,2,0,0,0,-1,-0.576247,0,0,1,0,1,0,0,0,-0.859946,0,0,1,1,0,0,0,0,1,0,0,0,0,0,0,0.76319,15,0,1,-1,1,1,0,1.408173,0,0,-0.800202,-1,4,0,0,0,1,0,0,0,0,1,2,0,0,1,0,0,0,0,0,0,0,-1,0,0,1,1,0,0,0,2,0,0,0,0,0,0,1,0,-2,0,1,0,-0.793103,0,1,-0.754318,0,0,4,1,0,-1,0,0,0,0,0,1
0,2,0,1,0,-1,0,-0.541957,0,1,0,0,2,2,0,0,-0.375146,0,0,0,0,-1,0,1,-1,1,-1,0,0,0,1,0,1.18745,10,0,0,0,0,1,0,0.430407,0,0,-0.724773,0,0,1,0,0,0,-2,0,0,0,1,0,0,0,3,0,0,0,0,0,0,0,0,1,0,0,2,-2,1,0,0,0,1,1,0,0,0,1,0,0,0,1,0,-0.452018,0,0,-0.925997,0,0,0,0,0,0,0,-1,0,1,0,1
0,1,0,1,0,-1,0,-0.798478,1,0,1,-2,0,-1,0,0,-0.6,2,0,1,0,0,0,-1,0,0,0,0,2,-2,1,0,1.3969,-14,1,0,0,0,0,0,0.769947,0,0,-0.713467,-2,0,-1,0,0,0,-1,0,2,0,0,0,0,-1,2,1,-1,0,1,0,0,0,0,0,0,0,1,0,0,0,2,0,0,0,0,0,0,0,1,0,0,0,1,-0.666667,0,0,-0.5,0,0,0,0,1,2,1,0,0,1,0,1
0,-1,0,0,0,-1,0,-0.240614,0,0,0,0,1,0,-1,0,-0.372556,0,0,2,0,0,-1,2,1,0,0,0,0,0,1,-1,1.38968,4,0,-1,0,0,0,0,1.507736,0,0,-0.729683,0,0,0,0,1,0,0,0,-2,0,0,0,0,0,0,0,0,0,1,0,0,0,0,0,0,0,0,0,1,-3,0,0,0,0,0,-1,0,-1,0,0,0,0,0,-0.852122,0,0,-0.447944,0,0,0,-1,1,2,-1,0,0,1,0,1
2,0,0,1,0,0,0,-0.680324,0,0,0,0,1,-1,-2,0,-0.6,0,-2,0,0,0,0,0,0,0,0,0,0,0,-1,0,0.61997,7,0,0,-1,1,1,0,1.921085,-2,0,-0.228615,-1,0,0,-1,1,0,1,0,0,0,0,3,0,0,3,0,0,0,-1,0,0,1,1,0,0,0,0,0,2,0,0,0,0,0,-1,0,-1,0,0,0,0,0,1,-0.655828,1,0,-0.311848,0,1,-2,0,1,0,-2,0,-1,0,0,1
0,0,0,0,0,1,-2,-0.716585,0,0,3,0,0,0,-1,-1,-0.656389,0,0,0,-1,0,0,-3,0,0,0,-2,0,-1,0,0,2.9127,0,0,-1,0,0,0,0,0.259259,0,0,-0.860959,0,2,0,0,0,0,0,0,0,0,0,0,0,0,-1,1,0,1,0,1,0,1,0,-2,2,-1,0,1,-2,0,0,0,0,0,0,0,0,1,0,1,0,0,1,8.35593,1,1,1.331341,1,0,0,0,0,1,0,1,-4,0,0,1
0,0,0,1,0,0,0,-0.700573,0,0,0,0,0,-1,0,2,-0.667917,-1,0,0,0,0,0,0,0,-1,0,2,0,0,0,0,0.73307,2,0,0,1,0,-1,0,0.259259,0,0,-0.555556,0,1,0,0,0,1,0,0,0,0,0,0,0,0,0,0,0,1,-2,0,0,0,0,0,6,0,0,0,0,1,0,0,1,2,0,-1,-1,1,0,1,0,0,0,8.636098,0,1,-0.270266,0,1,2,0,0,0,0,0,0,0,0,1
-1,3,1,0,0,0,2,-0.826285,0,0,0,1,-3,-1,2,1,-0.657143,0,0,0,0,0,0,0,0,0,0,1,1,0,0,-1,0.87666,2,0,-2,0,-3,-2,0,0.437147,1,0,-0.610221,1,0,1,0,0,0,0,0,0,-3,0,0,0,0,-1,0,0,1,0,-1,0,1,0,0,-1,0,0,0,0,0,1,0,0,2,0,-1,1,1,0,1,0,0,0,6.83199,0,0,-0.621923,0,0,-1,0,0,0,-1,0,0,1,0,1
0,0,-1,0,0,0,1,-0.60064,0,0,-2,0,-2,0,0,-1,-0.494254,0,0,0,1,0,0,0,0,1,0,0,-1,0,0,0,0.5201,7,0,0,0,0,0,1,0.798883,-1,0,7.40617,1,0,0,0,0,-1,0,0,0,0,0,0,0,0,0,1,1,0,-2,2,0,0,0,0,-1,0,0,1,0,0,1,0,0,0,-2,0,-1,0,0,0,0,1,0,-0.603184,0,0,-0.808084,3,0,2,1,0,0,0,0,1,0,0,1
0,0,0,0,1,-2,0,-0.67052,0,0,0,1,0,-1,0,-1,-0.731816,0,0,6,1,0,0,0,0,-1,0,0,0,0,0,0,1.32866,0,0,0,0,0,0,0,0.905026,0,0,2.296119,0,0,0,0,0,1,0,1,0,0,0,0,0,0,1,0,0,0,2,-1,0,0,0,-1,-2,0,0,0,0,0,0,1,0,0,0,0,0,-2,0,-1,-1,0,0,-0.870165,0,0,-0.786034,0,0,0,0,0,0,1,0,1,0,0,1
0,0,4,0,0,1,0,-0.675676,0,0,0,-2,0,0,0,0,5.53711,0,0,0,2,0,-1,0,0,0,0,0,-1,3,-1,0,0.8219,0,0,-2,1,0,0,0,1.317164,0,0,-0.58341,0,0,0,0,1,1,0,0,1,2,1,0,1,0,0,-1,0,0,2,-2,-2,0,0,-1,-2,0,0,0,0,-2,0,0,0,2,0,0,-1,-2,0,2,0,0,0,-0.727273,0,0,-0.785714,0,0,1,0,0,-3,0,-2,4,0,0,1
0,0,0,0,0,1,-2,-0.704053,0,0,0,-1,0,0,0,0,-0.539805,0,0,0,0,0,0,0,0,0,0,0,0,0,3,0,1.0,4,0,0,1,2,0,0,1.51429,2,0,-0.578775,0,1,-1,0,1,1,0,0,-1,1,1,-1,0,0,0,0,0,0,0,-1,0,0,0,1,0,2,0,0,1,0,0,1,0,1,0,0,0,0,0,0,0,0,0,-0.34614,0,0,-0.636364,0,-1,0,1,0,0,0,-3,-1,0,1,1
0,-2,0,0,0,1,1,-0.812582,0,0,0,0,1,1,0,-1,-0.723137,0,0,0,0,0,0,0,0,1,0,2,0,3,0,0,1.13117,4,0,0,1,0,0,0,0.918872,0,0,-0.709528,3,0,0,0,0,-1,0,0,0,1,0,0,0,-1,-3,-1,0,0,0,0,1,0,-3,0,2,1,0,1,1,2,0,0,1,0,0,0,0,0,0,0,0,0,0,-0.923189,0,1,-0.636364,0,0,2,0,-1,0,0,0,1,0,1,1
0,1,0,0,0,2,1,-0.606447,0,0,0,0,0,0,2,0,-0.645486,1,0,0,0,0,0,0,1,1,1,0,0,0,1,0,1.20865,3,0,0,0,0,0,0,1.126722,0,0,-0.242593,0,0,0,0,0,3,0,0,-1,0,0,0,0,2,1,0,0,0,0,0,1,-1,0,0,0,1,0,1,0,0,0,0,0,2,0,0,0,0,0,0,0,-3,0,-0.894594,0,0,-0.765313,0,0,0,0,1,1,0,0,0,0,1,1
0,0,4,0,0,-1,1,-0.252567,0,0,0,0,0,-2,0,-1,-0.663355,0,0,0,0,1,0,0,1,0,1,-4,2,0,0,0,0.75299,6,1,0,0,0,0,0,3.37931,0,0,-0.546067,0,0,0,-1,0,0,0,0,0,0,0,-1,0,0,1,0,0,0,0,1,-2,-1,0,1,0,0,0,-1,0,0,0,0,4,0,0,0,0,1,0,2,0,1,0,-0.473745,0,1,0.039822,0,0,4,0,0,-1,1,1,1,0,1,1
0,0,1,-1,0,0,0,-0.6825,1,0,0,0,0,0,0,0,-0.646645,1,0,3,0,0,0,0,1,0,0,0,-3,0,-1,0,0.82857,3,0,0,0,0,0,0,3.37931,0,0,-0.734919,-2,0,0,0,0,0,1,0,0,-1,0,0,0,0,0,0,0,0,0,1,2,0,1,1,0,0,1,0,0,2,0,0,0,0,0,0,0,-1,0,-1,0,1,0,-0.861134,0,2,-0.428571,4,0,0,0,0,0,0,0,0,-1,1,1
0,0,0,0,0,1,1,-0.351238,0,0,-1,0,0,0,0,0,-0.630038,0,0,-1,1,-1,0,0,1,0,0,3,0,0,1,1,0.57324,6,0,0,0,1,0,0,1.081983,2,0,-0.463774,0,0,0,0,0,0,0,0,0,2,0,-1,0,0,0,0,0,0,0,0,-2,1,0,0,0,0,1,0,-2,0,-1,-1,0,0,0,0,0,1,0,1,0,0,0,-0.780929,0,1,-0.434742,0,0,2,0,0,0,3,1,2,0,1,1
0,0,2,0,0,0,0,-0.645084,-1,0,0,0,0,0,0,0,-0.434437,0,0,1,0,1,0,0,1,0,0,0,0,6,0,0,1.3065,4,-2,0,0,1,0,0,0.821916,0,0,-0.736699,0,0,0,0,-1,0,0,0,0,0,3,0,0,0,-2,0,0,0,0,2,0,-1,0,-3,2,0,0,0,1,1,0,0,0,0,0,0,0,0,-1,0,0,0,0,-0.875989,0,0,0.021748,0,-2,0,0,1,0,0,1,0,0,1,1
0,0,0,0,0,0,0,-0.638891,0,0,0,0,3,0,3,0,-0.709939,0,0,1,0,-3,0,0,1,-2,0,0,2,0,0,0,1.59222,11,0,0,1,0,0,0,1.771589,0,0,-0.720722,0,0,0,0,1,0,0,0,0,-2,0,0,1,0,0,0,0,0,0,0,0,1,0,0,3,0,0,0,0,1,0,0,0,0,0,0,0,0,0,0,0,0,0,-0.635139,0,1,-0.538462,0,0,0,0,0,-1,0,1,-4,0,1,1
-1,0,1,0,0,0,-1,-0.657506,0,0,0,0,0,2,0,0,-0.511766,0,0,0,0,0,0,0,1,0,0,0,0,3,0,0,1.23443,1,0,0,0,1,1,0,0.798277,-1,0,-0.734799,0,0,0,0,0,0,0,0,-1,0,1,0,0,-1,0,0,0,0,0,-2,0,0,0,0,0,-2,0,1,1,-1,0,-1,0,0,0,0,0,1,0,0,-1,0,-2,-0.692308,0,0,-0.386341,0,0,0,0,0,2,0,0,0,0,1,1
1,0,0,0,1,0,0,-0.079218,0,0,0,0,0,0,-2,0,-0.538462,0,0,0,-3,0,-4,2,0,0,-1,0,0,0,0,0,0.95715,13,0,1,0,0,1,0,2.085793,0,-2,-0.729559,0,0,0,0,-1,0,1,0,-1,0,0,0,-1,0,0,1,0,0,0,0,0,1,-2,0,0,0,1,0,0,0,0,0,-1,0,0,0,0,0,0,0,0,0,0,-0.76,1,0,0.059877,4,0,0,-1,0,1,1,1,0,1,1,1
0,0,0,0,0,0,0,-0.687578,0,0,0,0,0,0,0,1,-0.53876,0,0,0,-1,1,2,0,0,0,0,-1,0,0,1,0,1.27809,5,0,0,0,0,1,0,0.831395,0,0,-0.710158,2,0,1,0,0,1,2,0,-1,2,0,0,0,-1,1,0,0,0,0,0,0,0,0,0,0,0,0,0,0,-1,0,0,0,0,0,1,0,0,1,1,-1,0,0,-0.631658,0,1,-0.793103,0,0,0,0,0,1,0,0,-1,0,1,1
0,0,0,0,0,0,0,-0.650417,0,0,0,0,0,-2,0,1,-0.158811,0,0,2,0,0,1,1,0,0,0,0,-1,0,0,-4,1.21388,0,0,-1,0,-1,0,0,0.849489,1,0,-0.715074,1,0,0,1,0,0,0,0,0,1,-1,1,0,0,-1,0,0,1,0,0,0,1,0,1,0,0,5,-1,0,1,0,0,0,4,0,-1,0,0,0,0,0,0,0,-0.76,0,0,-0.736437,0,0,0,-1,0,1,1,0,0,-1,1,1
0,1,2,0,0,1,1,-0.505783,1,2,-1,1,0,0,0,0,-0.616131,0,0,0,0,0,0,0,0,0,-1,0,0,1,0,0,1.49265,4,0,0,0,1,0,0,0.487404,0,0,-0.481465,0,0,0,0,2,0,2,0,0,0,0,1,0,0,0,0,0,0,0,1,0,1,1,2,0,0,0,0,0,2,0,0,0,0,0,1,1,0,0,0,0,2,0,-0.129444,0,0,-0.789474,0,0,0,0,0,0,1,1,0,2,1,1
0,0,0,0,0,0,0,-0.773585,0,0,0,0,2,0,0,1,2.326027,1,-1,3,-1,0,0,0,1,0,0,0,2,0,0,0,2.09321,14,-1,-1,1,1,0,0,1.326789,0,-1,-0.665908,0,0,0,0,1,0,0,1,0,1,-4,0,0,0,0,0,0,0,0,0,0,0,1,2,0,0,0,1,0,0,0,0,0,0,0,0,0,0,0,1,0,-3,0,-0.79661,0,1,-0.779354,0,0,0,-1,0,0,0,1,0,0,1,1
0,0,0,0,0,1,0,-0.538782,0,0,0,1,-1,0,0,0,-0.762496,0,0,2,0,0,0,0,2,0,0,2,0,-4,3,-1,1.32896,4,0,0,3,1,0,0,2.322457,0,0,-0.545282,0,0,0,0,0,-1,0,0,-1,2,0,2,0,-2,0,1,0,-1,-1,1,0,1,1,0,1,0,0,0,0,0,3,0,1,0,0,0,0,1,0,1,0,-1,-2,0.662265,0,1,-0.789474,0,0,0,-1,0,0,1,-1,1,0,1,1
0,2,0,0,-3,1,0,-0.818518,1,0,0,0,1,0,0,0,-0.559562,0,0,-1,0,0,0,0,0,0,0,0,0,0,0,0,1.91429,7,0,1,0,1,0,1,1.236215,2,1,-0.820896,-1,0,-1,0,0,-1,0,0,0,1,-1,1,0,1,0,0,0,0,0,0,1,1,1,1,3,0,1,3,0,0,0,0,0,1,1,0,0,0,0,4,0,0,-1,-0.190629,0,0,-0.742129,0,0,0,-2,1,-1,0,0,0,1,1,1
0,0,-1,-2,0,0,-1,-0.675364,0,0,1,0,1,0,-2,0,-0.61308,0,0,3,3,0,0,0,1,0,1,0,0,4,0,0,3.0926,0,0,1,-1,0,-1,0,2.409992,0,-1,-0.701728,0,0,0,0,0,0,0,0,0,-1,-2,0,0,1,1,0,0,0,0,1,0,0,1,1,1,0,1,0,0,0,0,0,0,0,0,-1,0,1,0,0,0,1,0,-0.392987,0,0,-0.526197,0,0,0,0,1,0,2,0,1,2,1,1
0,0,0,-2,-2,-2,-2,-0.883666,0,1,1,0,1,0,0,0,-0.009332,0,-1,-3,1,0,0,0,0,0,1,0,0,0,0,0,0.57739,4,0,1,1,0,-3,0,1.358997,2,0,-0.593796,0,0,0,0,0,0,0,0,0,5,0,0,1,0,0,0,0,-1,0,0,0,-1,1,-1,1,0,0,0,0,0,2,0,0,0,0,0,0,-1,0,0,0,1,1,-0.280137,0,0,-0.570545,2,0,0,1,0,0,0,1,1,0,1,1
-1,2,0,0,-1,0,-1,-0.676427,0,2,0,0,-1,-1,0,0,-0.751144,0,0,2,0,0,0,0,1,0,0,0,4,0,0,0,0.64548,6,0,0,0,0,0,0,0.875,0,0,1.374083,0,-1,0,0,0,0,0,0,0,-1,-1,0,0,0,0,0,0,-1,-2,1,0,2,0,0,0,1,-2,0,0,0,-1,0,1,0,0,-1,-1,0,0,-1,-1,0,0,-0.586207,-1,0,-0.625,0,0,0,1,0,0,0,1,2,0,0,1
0,2,0,-1,0,0,0,-0.739791,1,0,0,0,-2,0,0,-1,-0.76,0,0,0,-6,-3,0,0,0,1,2,2,-5,0,1,0,1.15688,1,0,0,-1,0,1,0,2.143829,0,0,-0.638821,0,0,0,0,0,0,0,0,0,1,0,0,-2,0,0,0,0,0,1,1,0,1,0,0,0,1,0,-1,0,0,0,0,0,0,0,0,0,0,0,2,0,0,0,-0.627404,0,0,-0.370149,0,0,0,0,0,-1,-1,0,0,0,0,1
0,-1,-1,0,0,1,0,-0.717361,0,0,0,0,0,0,0,1,-0.76,0,0,1,0,-1,0,0,0,0,0,0,5,-2,0,0,2.07143,6,0,0,0,0,-4,0,0.802611,0,0,-0.473362,0,-1,0,0,0,0,0,0,0,0,0,0,0,0,1,1,0,0,0,0,0,0,0,3,0,0,0,-1,1,0,-5,0,0,0,0,-1,0,0,0,0,0,-3,0,1.739983,0,0,-0.622268,0,0,1,0,0,1,0,0,0,1,0,1
0,0,0,1,0,4,1,-0.689065,0,0,-2,0,0,0,0,0,-0.49839,0,0,1,0,0,-1,1,0,1,0,0,1,-1,1,0,0.51429,10,0,0,1,0,0,0,1.841806,1,0,-0.53249,0,0,0,0,0,0,0,0,0,0,0,1,1,0,0,0,1,0,0,0,0,0,0,0,0,-1,0,0,0,1,0,0,1,-1,0,0,0,1,0,0,0,0,0,-0.612903,0,0,-0.353458,0,0,1,1,0,1,0,0,0,-3,1,1
0,0,-2,0,0,0,0,-0.540929,0,0,0,0,1,0,2,1,-0.633972,1,1,0,-1,0,0,2,0,0,0,0,2,0,0,0,2.70946,0,0,-1,0,0,0,0,1.350817,0,0,-0.850028,0,1,-1,0,1,0,-2,0,2,0,1,0,0,0,0,-2,1,0,0,0,0,0,0,-2,0,0,0,0,0,0,0,0,2,0,0,0,1,0,0,5,0,0,0,-0.618236,0,0,-0.639713,2,-1,0,0,1,1,0,0,0,0,1,1
1,0,0,0,1,0,1,-0.717282,0,0,0,0,0,1,0,0,-0.688187,0,0,1,0,0,0,0,0,0,0,2,1,0,0,-1,0.51429,4,0,0,1,0,0,0,0.694409,1,-1,-0.333333,0,0,0,-1,2,0,1,-2,0,-1,-1,0,1,0,0,0,1,0,1,1,0,0,0,0,0,-1,3,0,0,1,0,0,1,1,0,0,0,0,0,0,0,0,0,-0.662642,0,0,-0.291484,0,0,0,0,0,1,-1,0,0,0,1,1
0,5,0,0,0,0,0,-0.787526,0,0,0,0,1,0,1,0,2.696926,1,0,1,-1,0,1,0,0,0,1,0,0,0,0,0,0.51569,4,0,0,-1,0,0,0,1.650783,0,0,-0.036871,0,0,0,0,0,0,0,0,0,0,0,1,0,0,0,0,0,0,0,0,0,-2,0,0,-2,0,4,0,0,0,2,1,0,0,0,0,1,0,0,1,0,1,0,-0.203154,0,-1,-0.612903,0,0,0,0,0,0,0,1,1,1,0,1
0,0,0,2,0,0,0,-0.577263,-1,0,0,0,0,0,-1,0,-0.741998,-1,0,0,0,0,0,0,1,0,0,0,0,0,-1,0,2.98601,3,2,-1,0,0,0,0,1.455542,1,1,-0.497623,1,-2,1,3,0,0,2,0,0,-1,0,0,0,0,0,1,1,0,0,0,0,0,0,0,0,0,1,0,0,0,0,0,0,0,0,0,0,0,0,0,0,0,0,-0.555547,0,0,-0.156625,0,0,0,0,-1,-1,-1,0,3,0,0,1
0,0,1,0,0,0,0,-0.767407,0,0,0,0,4,4,0,2,-0.700593,0,1,0,-1,0,2,0,0,0,0,0,1,4,0,0,0.75602,2,0,-1,0,4,0,-1,1.41667,1,1,-0.54883,1,0,0,0,-1,0,0,0,-2,0,0,1,1,0,2,1,0,0,0,0,0,0,-1,0,1,3,0,0,0,2,0,0,0,-1,1,0,0,-1,0,1,0,1,-2,0.431023,1,0,-0.078446,0,0,1,0,0,0,1,1,0,0,0,1
0,-1,0,0,0,0,0,-0.382254,0,0,2,0,0,0,0,2,-0.684211,0,0,0,-1,1,0,0,1,0,0,0,2,0,0,0,0.92916,9,1,0,0,0,0,-3,0.651163,0,0,-0.806886,0,0,0,0,0,0,1,0,0,0,0,0,-1,2,0,2,0,1,0,1,0,0,1,1,0,0,0,0,1,1,0,0,0,0,0,0,0,0,0,0,1,0,0,-0.585979,0,0,-0.777778,0,0,0,1,0,-1,0,0,0,0,0,1
0,-2,0,0,0,-1,0,-0.698857,0,0,0,0,1,1,1,1,-0.684211,0,0,0,0,1,1,0,0,-1,0,0,0,0,0,-1,1.45868,2,0,0,0,0,1,3,0.657588,0,0,-0.726639,0,-1,0,0,0,1,0,-1,0,0,0,0,0,0,-2,1,0,1,0,1,0,-1,0,1,0,-1,0,2,0,1,0,0,0,0,1,0,0,-1,0,0,0,0,0,-0.671224,0,0,-0.777778,0,-1,0,-1,0,0,0,0,1,1,0,1
-1,0,0,0,0,0,0,-0.596559,0,0,0,0,-1,0,0,-1,-0.659444,0,0,1,-1,1,0,9,0,0,0,0,0,0,-1,0,1.22857,3,1,0,0,0,0,-1,0.421931,0,0,-0.72093,0,0,0,-1,0,0,0,0,2,0,0,2,2,0,0,0,0,1,0,1,0,0,1,0,2,0,0,0,0,-1,0,0,-3,0,0,0,0,0,0,0,0,0,0,-0.641586,0,0,-0.633346,0,0,0,0,0,0,0,0,0,0,0,1
0,0,1,0,0,1,0,-0.731156,0,1,0,0,0,0,-1,0,-0.633498,0,0,0,0,0,0,0,0,-2,0,0,0,0,0,-2,2.22882,13,0,0,0,0,0,0,0.52381,-1,-1,1.671141,0,0,0,0,-1,0,0,0,1,0,0,0,-1,1,0,1,0,0,0,3,0,0,0,0,2,-1,0,0,0,0,0,0,0,0,0,0,0,0,1,0,0,0,0,-0.515466,0,0,-0.282734,0,1,0,0,0,0,0,-1,0,0,0,1
0,2,1,0,0,1,0,-0.887658,0,0,0,0,-3,0,0,1,0.551632,0,0,0,-2,0,1,0,0,0,0,2,0,2,-2,0,1.29812,12,0,0,0,0,0,0,0.52381,0,0,-0.748501,0,1,0,0,-1,2,0,0,1,1,1,0,0,1,-1,0,0,0,0,5,0,0,0,0,0,-1,0,0,0,0,0,0,0,3,0,0,1,0,0,0,0,0,1,-0.03479,2,0,-0.577301,0,1,0,1,0,1,0,0,0,0,0,1
0,0,0,0,0,0,0,-0.745884,3,0,0,0,-1,1,-1,1,-0.6438,0,0,0,0,-1,-2,0,0,0,0,0,0,3,0,0,1.59916,2,0,0,0,0,0,0,2.244716,0,0,-0.742113,0,1,0,0,0,0,0,0,0,0,0,-1,2,1,0,0,0,0,2,0,1,0,0,0,0,0,2,0,-1,0,0,1,0,0,0,0,0,0,0,0,0,0,0,-0.696437,0,0,-0.172932,-1,1,2,0,1,0,0,0,0,-1,0,1
0,0,0,0,0,0,0,-0.815578,0,-2,0,1,3,1,0,0,-0.580284,-1,0,0,0,0,0,0,0,0,0,0,1,1,0,0,2.77935,6,0,0,0,0,0,0,1.04082,1,0,-0.570611,1,1,0,0,0,1,0,0,0,0,2,0,1,0,0,1,0,0,-1,0,0,0,0,0,1,0,0,0,1,1,0,0,0,0,0,0,1,1,0,0,0,0,-1,0.99198,0,0,-0.599663,0,0,1,1,0,0,0,3,1,0,1,1
0,0,0,0,0,0,0,-0.789293,0,0,1,0,0,0,0,1,0.033973,0,0,1,0,0,0,3,0,0,0,0,3,0,3,0,1.49091,6,0,-1,0,1,0,-1,1.04082,0,0,-0.876596,0,1,1,0,0,1,1,0,1,2,0,0,0,0,5,0,-2,0,0,0,0,1,1,0,-1,1,0,0,0,0,1,0,1,0,0,0,0,1,0,0,0,2,0,-0.90063,0,0,-0.785334,-1,0,2,0,0,2,0,0,1,1,1,1
0,0,0,0,0,1,0,-0.508555,0,0,1,0,3,0,0,1,0.129277,0,0,0,0,0,0,0,0,0,0,3,2,0,0,0,1.15866,10,0,0,1,1,0,0,1.41803,0,0,-0.753208,0,1,1,0,0,0,0,0,1,0,-2,0,-1,0,2,0,0,1,2,0,0,1,1,0,1,1,0,-1,0,3,0,0,0,1,0,0,0,0,0,0,0,0,0,-0.686056,0,0,-0.717131,-1,0,0,0,0,0,1,0,1,0,1,1
0,1,0,1,0,0,0,-0.692193,0,0,-1,0,0,0,0,0,-0.368421,0,0,0,0,-1,0,0,0,0,-1,0,0,0,2,0,2.51436,12,0,0,2,1,0,0,0.323748,0,-1,-0.853651,1,0,0,0,0,0,0,0,0,-1,0,0,0,0,0,-2,0,0,0,0,1,1,1,-1,0,0,1,0,0,-1,0,0,0,0,0,0,1,0,0,0,0,0,0,-0.606118,0,0,-0.35714,0,0,-1,-2,0,0,0,2,1,1,1,1
0,0,1,0,0,-1,1,-0.448622,0,0,0,0,0,0,0,0,-0.136561,0,0,0,-1,0,0,0,0,1,0,0,0,3,0,0,1.48571,2,0,0,0,0,0,0,0.620474,0,0,-0.69972,-1,0,0,-1,0,0,0,0,0,-1,0,2,0,0,1,-1,0,1,0,0,1,1,1,2,1,0,1,0,0,-2,0,0,0,0,0,0,0,0,0,-2,0,0,1,-0.71538,0,0,-0.878788,-3,0,0,0,0,0,0,1,1,-3,1,1
0,1,0,1,0,0,0,0.114265,0,1,1,-2,0,0,0,-1,0.329044,0,0,0,1,0,0,0,0,0,1,-1,-2,0,0,0,0.82077,2,0,0,0,0,0,1,0.438111,-1,0,-0.662315,0,-2,-1,0,0,1,0,0,0,0,0,1,0,0,1,0,0,0,0,0,1,1,0,0,0,0,1,0,-1,3,0,0,-2,2,0,0,0,0,-2,3,0,0,0,-0.637675,0,0,-0.878788,0,0,0,0,0,0,1,1,0,0,1,1
0,1,0,0,0,0,1,-0.627919,0,0,-3,1,0,0,0,0,-0.471934,0,0,1,2,1,0,0,1,0,0,0,0,0,0,0,0.8,14,0,0,-2,0,-1,0,1.057724,0,0,0.112929,0,0,0,0,0,-1,0,0,0,0,0,0,3,0,-1,0,0,1,0,0,0,2,0,0,0,0,1,0,0,-1,4,0,-1,2,1,-1,1,0,-1,0,0,2,0,-0.661386,0,0,-0.636364,0,1,0,1,0,0,-1,0,1,1,1,1
0,-1,0,0,0,2,-2,-0.586207,0,0,0,-2,0,0,0,0,-0.552231,0,0,0,0,1,0,0,0,0,0,0,0,0,0,0,0.68072,2,0,0,-1,0,0,-2,0.765578,-3,0,-0.605676,1,0,0,0,2,1,0,0,0,0,2,0,0,1,0,-2,0,0,-1,0,1,0,0,0,0,0,-1,0,0,0,0,0,0,0,0,0,0,0,0,0,0,2,2,0.079441,0,0,6.405351,2,0,0,0,0,0,1,0,2,1,1,1
0,0,0,0,0,-1,0,0.531084,1,0,0,0,0,0,0,0,-0.162238,-1,0,0,0,0,0,0,0,0,0,0,0,0,0,0,1.60588,1,-2,1,-1,0,2,0,2.247879,1,0,-0.609864,-1,-1,0,0,0,0,-4,0,0,0,0,0,-1,0,0,0,1,0,0,0,1,0,0,0,0,0,3,-1,0,0,0,0,2,0,0,-1,0,0,0,0,0,1,0,-0.72093,0,0,-0.616084,0,0,0,0,0,-1,0,0,0,3,1,1
0,0,-1,0,0,2,0,-0.315452,1,0,0,0,2,0,0,1,0.039428,0,0,0,0,0,0,-1,0,1,0,0,0,-1,0,0,1.57991,5,0,0,0,0,0,0,1.599339,1,0,-0.893181,0,1,0,0,0,1,0,0,0,-1,1,2,0,2,0,0,1,0,-1,0,0,0,0,0,0,0,0,0,1,0,0,0,-1,0,0,1,0,-1,0,1,0,2,2,-0.679783,0,1,3.645578,0,0,1,0,1,-1,0,0,0,-1,1,1
0,-1,0,0,0,0,0,-0.764248,0,0,0,1,0,0,0,0,-0.135522,1,0,2,0,0,0,1,0,1,0,2,0,0,0,0,1.38365,8,0,0,0,-3,0,0,1.0,1,-1,-0.744681,0,0,0,0,0,0,0,0,-1,0,0,0,0,0,-1,0,0,0,0,0,0,0,0,0,0,0,0,0,1,-3,0,0,0,-1,0,0,0,0,0,0,0,0,0,-0.900267,0,0,6.187226,0,0,0,0,0,1,0,1,3,0,1,1
0,0,0,0,0,1,0,-0.383661,0,0,0,0,0,0,0,0,0.216316,0,0,2,-1,0,0,0,0,2,0,0,0,5,1,0,1.39316,1,0,0,1,1,2,0,0.97121,0,0,-0.73958,1,0,0,0,0,0,0,0,0,1,0,0,0,0,-1,0,0,0,1,0,0,-1,0,1,-1,0,0,0,2,0,2,0,0,0,0,0,0,-1,0,-1,0,0,0,-0.849315,0,1,2.400213,0,-1,0,0,0,0,0,1,0,0,1,1
0,0,0,0,0,-2,0,-0.518974,0,0,0,1,0,0,-1,0,-0.474975,0,0,0,2,0,0,0,0,1,0,0,0,1,-3,0,0.81973,1,0,0,0,1,1,0,1.578168,0,0,-0.595015,0,-2,0,0,0,0,0,0,0,-3,-1,3,0,0,0,0,0,1,0,1,0,0,1,0,2,-1,2,0,1,0,0,0,0,0,0,1,0,0,0,0,0,1,0,-0.849606,0,0,-0.5962,-1,0,-1,0,0,1,0,1,1,0,1,1
0,0,-1,0,0,-1,0,-0.51578,-1,2,0,1,0,2,0,-3,-0.842511,0,-1,0,2,1,0,2,0,1,0,0,4,0,-2,0,1.63261,4,0,0,0,0,1,0,2.199099,0,0,-0.824481,1,3,0,0,0,0,0,-1,0,-1,0,0,0,3,-1,0,-1,0,0,0,0,0,0,1,0,0,0,0,0,0,0,-2,0,0,0,0,0,2,0,1,0,0,0,-0.620488,0,0,-0.376657,0,-1,0,3,0,0,0,0,0,2,1,1
0,0,0,0,0,0,-1,-0.693379,1,0,0,0,0,-1,0,0,-0.610453,0,0,1,1,0,0,0,-1,1,0,0,0,0,1,0,0.7378,7,0,0,0,4,0,0,1.57576,0,0,-0.66536,-1,0,0,-2,0,-1,0,-1,1,0,0,0,0,0,0,0,0,0,-2,0,0,0,0,0,0,-1,0,0,0,0,0,0,0,0,-1,1,0,0,0,0,0,0,-2,-0.434105,0,0,-0.687015,0,0,0,0,1,0,0,1,0,0,1,1
0,-3,0,1,0,0,0,-0.666644,0,0,0,0,1,0,0,0,-0.225596,0,1,0,0,0,0,2,0,0,0,0,0,0,1,0,1.7266,3,0,0,1,0,0,0,3.798545,2,0,-0.730594,1,0,0,0,-2,0,-1,0,1,0,0,0,0,0,0,0,0,-1,0,0,1,0,1,-3,-2,0,5,0,0,4,0,0,0,0,0,0,1,0,1,0,-1,0,-2,-0.600603,0,1,-0.459014,0,0,0,0,0,1,0,-1,1,1,0,1
0,0,-4,0,-1,0,0,-0.697629,0,0,0,0,-1,0,0,0,-0.706824,0,1,0,0,0,2,0,0,0,0,0,0,-1,1,0,0.7568,5,0,0,1,0,1,0,2.191598,0,0,-0.77898,0,0,-1,0,0,0,0,0,-1,-2,0,0,0,0,0,0,0,-1,1,0,0,0,0,0,0,0,2,0,0,0,-1,0,1,0,0,0,1,0,0,1,0,0,1,-0.699745,0,0,-0.241585,4,0,0,0,0,1,0,0,1,0,0,1
0,0,0,0,0,0,0,-0.591309,2,0,0,0,0,-1,0,0,-0.721307,0,0,1,0,0,0,1,0,0,-1,2,0,0,0,1,0.68013,1,0,1,1,0,1,0,1.430663,0,0,-0.703656,0,0,0,0,0,0,0,0,0,0,1,0,0,0,1,0,0,1,0,0,1,1,0,0,0,0,0,0,1,0,0,0,0,0,0,0,0,0,0,0,0,0,3,-0.181407,0,0,-0.73385,0,0,0,0,0,1,0,0,0,1,0,1
0,0,0,0,0,0,0,-0.675676,1,0,0,0,0,1,0,2,0.442873,0,0,0,0,0,3,2,0,0,0,0,0,0,1,0,1.94893,7,0,0,0,0,0,-1,1.293786,0,0,-0.783811,0,1,0,2,0,0,0,-2,-1,1,0,0,0,1,0,2,0,0,0,1,0,1,0,0,0,0,1,2,1,0,0,0,0,-1,0,0,0,1,0,-1,0,-1,0,-0.407492,0,0,-0.64115,0,1,0,-2,0,0,3,0,0,0,1,1
0,2,0,0,0,0,1,-0.671648,0,0,-3,0,0,0,0,0,-0.638948,0,0,0,0,0,2,-2,0,0,-1,-1,4,0,0,0,1.62857,7,0,0,0,1,0,0,0.668516,0,0,-0.192431,0,-3,0,0,0,0,0,0,0,0,0,1,0,0,-1,0,0,0,0,1,1,0,1,0,2,0,0,0,1,4,0,0,-1,0,0,0,0,1,0,0,0,-1,0,-0.564087,0,0,-0.787694,2,0,0,1,0,1,2,0,0,-1,1,1
0,0,0,0,1,2,0,-0.674935,0,0,0,0,-1,1,0,2,-0.353371,0,0,-3,0,0,0,0,0,-1,0,0,0,0,0,0,1.27899,11,0,1,-2,0,0,0,1.352421,0,0,-0.827088,0,0,0,0,0,0,0,0,0,-3,0,0,1,0,1,0,0,0,3,1,1,1,-1,0,0,-1,0,0,0,0,3,0,0,0,0,1,0,0,0,2,0,0,0,-0.607631,-2,0,-0.705435,0,0,0,0,1,-2,0,0,0,0,1,1
0,0,0,0,-1,1,0,-0.708012,0,0,1,1,1,0,0,0,-0.456352,0,0,0,2,0,0,-1,1,1,0,0,-2,0,-1,0,1.08205,1,0,0,0,1,0,0,0.537867,-1,0,-0.575573,0,1,0,0,0,0,0,0,0,0,1,2,0,0,0,0,0,0,0,1,2,0,0,0,0,0,0,0,0,0,0,0,1,1,-3,0,0,0,0,0,1,1,0,-0.80485,0,0,-0.693827,0,0,-1,-1,0,0,0,0,2,0,1,1
2,0,0,1,0,0,0,-0.715782,0,0,1,-2,0,-2,0,0,-0.453357,0,0,0,-2,0,2,0,0,1,0,0,0,0,0,1,1.34775,6,0,1,0,1,0,0,1.128604,3,0,-0.683031,0,1,0,-1,1,1,1,0,0,0,1,0,-1,2,0,0,0,0,0,1,0,2,0,0,0,0,0,0,0,1,0,0,0,0,0,0,0,0,0,0,0,0,0,-0.678481,1,0,-0.712229,0,0,0,0,-1,0,-2,2,0,0,1,1
0,1,0,1,0,0,0,-0.707097,0,1,1,0,0,-2,2,0,-0.266382,0,0,0,0,0,2,0,0,1,0,0,0,0,-1,0,1.97195,2,0,0,0,1,1,0,0.886449,0,1,-0.710205,1,1,2,0,0,2,-1,0,-1,0,1,0,-3,0,3,0,0,0,0,1,0,0,0,-2,0,0,0,-1,2,0,0,0,0,0,0,0,0,0,0,1,0,1,0,-0.575891,0,0,-0.615333,0,0,0,0,1,-2,1,0,2,0,1,1
1,0,0,1,0,0,0,-0.620924,0,0,-1,-2,0,1,-1,1,-0.734917,0,0,0,0,0,0,0,0,0,0,1,-2,1,0,0,0.87642,10,0,0,0,0,0,0,0.277687,0,1,-0.239961,0,-1,0,0,0,0,0,0,0,0,1,0,0,1,0,2,0,0,0,0,-2,0,0,0,0,1,0,0,-1,-1,0,0,2,1,0,1,0,0,0,1,0,-1,1,-0.042594,-1,1,-0.917917,0,0,0,0,-1,0,0,1,0,-1,0,1
0,0,0,0,0,1,0,-0.65759,0,0,1,0,0,0,3,2,-0.73913,0,-2,0,1,0,0,-1,0,0,0,0,0,0,-2,0,0.43718,1,0,0,-1,-3,0,0,0.260941,1,0,-0.352207,0,0,0,0,0,0,0,0,0,0,1,0,1,0,0,0,0,0,0,1,0,0,0,2,3,0,0,0,0,0,0,0,0,0,0,0,0,1,0,0,0,-2,0,-0.4,0,0,-0.675676,0,0,0,0,0,0,0,1,-1,0,0,1
0,0,1,0,-1,0,0,-0.673692,1,-2,0,0,0,0,-1,0,-0.668421,0,0,0,0,0,-1,0,0,0,0,-2,0,1,0,0,0.82857,0,-1,0,0,-1,0,0,0.28959,2,0,-0.621727,-1,-1,-1,0,0,0,0,0,0,1,1,1,1,0,-1,0,0,0,2,0,0,-1,0,0,0,0,0,0,-1,0,0,-1,0,0,0,0,0,1,1,0,0,0,-1,-0.3488,0,0,-0.5327,1,0,0,1,0,1,-3,1,0,0,0,1
0,0,0,0,0,0,0,-0.666667,0,0,0,0,0,0,2,1,-0.62537,0,1,0,0,1,0,0,-1,0,1,0,1,0,0,0,0.97986,2,0,0,1,0,0,0,1.87006,-1,0,-0.908107,-1,0,1,0,0,1,0,1,0,0,2,0,3,1,0,0,0,0,0,0,0,0,1,0,0,1,0,0,0,0,2,1,1,1,-1,0,0,0,0,0,0,0,3,-0.690564,0,0,-0.656502,0,0,1,1,0,0,1,1,1,0,0,1
0,0,0,0,0,0,0,-0.743424,0,0,0,0,0,-2,0,0,0.683395,0,1,0,0,0,0,0,0,0,1,3,-1,0,1,0,1.29896,4,1,2,1,1,0,0,0.830189,0,0,-0.516561,0,0,1,-1,0,1,0,0,0,0,0,0,0,0,0,1,0,0,0,0,0,0,1,-2,2,1,0,0,0,1,0,0,0,-1,0,0,0,0,0,0,0,0,0,-0.794297,0,0,-0.085496,0,0,0,0,0,0,0,0,0,-1,0,1
0,1,0,0,-1,0,2,-0.640714,0,2,0,0,0,0,0,0,1.231896,0,1,1,0,0,0,0,1,0,1,0,0,0,0,0,1.25798,1,1,0,1,1,-1,0,0.830189,0,0,-0.41208,0,0,1,0,0,1,0,0,-1,0,0,0,0,0,-1,0,0,0,0,0,-1,0,0,0,0,1,0,0,0,0,-4,0,0,2,1,0,0,0,0,0,0,0,0,0.016971,0,0,-0.727273,6,0,0,0,0,0,1,0,-1,1,0,1
0,0,-1,0,0,0,0,-0.52,-2,0,0,0,0,-2,0,0,-0.711361,0,0,-1,0,0,-1,0,0,0,0,0,0,0,0,0,1.07115,3,0,2,0,0,0,0,1.35714,-2,0,-0.89702,0,1,0,-1,0,0,0,0,0,0,0,2,0,0,0,0,0,0,0,0,0,0,-1,0,0,0,0,0,0,0,0,0,0,0,0,1,0,-1,0,0,0,0,0,-0.630141,0,1,-0.654649,0,0,-2,-1,0,0,0,0,1,1,0,1
1,0,1,1,0,0,1,-0.647929,4,0,0,0,1,0,-2,0,-0.831885,-1,0,0,-1,0,0,0,0,0,0,0,-2,0,0,-1,1.2,2,0,0,0,0,-1,0,3.46283,0,0,-0.51202,0,2,0,0,1,0,1,0,0,-2,0,0,-2,0,1,0,0,0,0,0,0,0,1,0,-1,0,1,0,0,0,2,0,1,1,-1,2,0,0,0,0,0,0,0,-0.802737,0,1,-0.760668,0,0,0,0,0,0,0,0,0,2,0,1
0,0,0,0,-1,0,0,-0.496104,0,0,0,0,0,0,0,0,-0.666149,0,0,-1,0,0,0,0,0,1,0,0,0,0,0,0,0.46583,2,0,0,-1,0,0,0,0.463711,0,-1,1.276229,0,1,-1,0,0,0,0,0,0,0,-2,-1,0,0,0,0,0,0,0,0,0,0,0,0,2,0,0,0,0,2,0,0,0,0,0,1,0,0,0,0,0,0,0,-0.619668,0,0,-0.797762,0,0,0,0,0,0,0,0,1,1,0,1
1,0,0,3,0,-1,0,-0.777778,0,0,0,0,0,1,0,0,-0.677115,0,1,0,0,0,0,-1,0,0,0,0,0,0,-2,0,1.18261,9,0,0,0,0,1,0,1.201927,0,0,-0.407795,0,1,0,0,0,0,0,0,-1,0,0,2,-1,0,0,0,0,-1,-2,-2,0,0,0,0,0,0,0,1,1,1,2,0,0,2,0,0,1,0,0,0,0,0,0,-0.552919,1,0,0.731997,0,0,0,0,0,0,0,3,1,1,0,1
0,0,-2,0,0,2,1,0.051693,0,0,0,0,0,0,0,0,-0.619562,0,1,1,-2,0,2,0,0,1,0,0,0,0,0,0,0.92095,1,0,-1,0,0,0,-1,2.269151,0,0,-0.702172,0,0,0,0,0,0,0,0,0,0,0,0,1,0,2,-3,0,0,-1,0,1,0,0,2,0,1,0,0,1,1,1,0,0,0,0,-2,0,0,1,0,-1,0,0,-0.441122,0,1,-0.462379,3,0,-2,-1,0,2,0,0,1,1,0,1
1,0,1,-2,0,0,0,0.40305,-1,0,1,0,-1,-1,2,0,-0.51566,0,1,0,0,0,1,0,0,0,0,0,0,-2,0,0,0.44878,0,0,0,1,-1,2,0,1.711811,0,0,-0.647059,0,0,0,0,0,0,0,0,0,0,0,0,0,0,-1,0,0,0,0,0,1,0,0,0,1,0,0,0,1,0,-1,0,2,1,0,0,0,-4,0,0,-1,0,1,-0.754876,0,0,-0.020871,0,-3,0,-1,0,0,-1,0,1,1,0,1
0,-1,0,0,0,1,0,-0.59842,1,0,0,0,0,0,0,-1,-0.676516,0,0,0,0,0,0,0,0,0,0,0,0,0,0,0,2.0429,3,0,0,0,1,0,0,0.912279,0,0,-0.801712,0,1,0,2,-1,0,1,0,0,1,0,0,0,0,0,0,0,0,0,0,0,0,0,0,-1,0,-2,1,0,0,3,-1,0,0,0,0,0,-1,0,0,1,0,0,-0.1244,0,0,-0.583875,0,0,2,0,0,0,3,1,0,1,1,1
0,1,0,0,0,3,0,-0.606061,0,0,0,0,0,2,0,0,-0.803279,0,0,0,0,1,0,0,0,0,0,0,0,0,0,0,1.63728,3,0,-1,0,0,0,1,0.614035,2,0,-0.882369,0,1,0,0,0,0,0,0,-1,0,0,0,0,0,0,0,0,0,0,1,0,0,0,0,0,0,1,1,0,2,0,0,0,0,0,1,0,0,0,1,0,0,0,-0.376578,0,0,-0.655928,4,0,0,0,0,2,0,0,0,1,1,1
-2,-1,0,-1,0,1,0,-0.535942,1,0,0,0,0,0,0,2,-0.85353,0,-1,0,-2,0,0,0,3,0,0,0,0,0,0,0,2.05318,4,0,0,0,0,0,0,0.535276,-1,0,-0.759669,0,1,0,0,0,0,0,0,-1,1,0,0,0,-1,0,0,1,0,0,0,0,0,-1,0,0,0,0,1,0,-2,3,0,1,1,1,0,0,0,1,-2,0,0,1,-0.449445,0,0,-0.641289,0,0,0,0,0,-2,0,0,1,0,1,1
0,0,-4,1,0,0,0,-0.538462,0,0,0,0,0,0,0,0,-0.837838,0,0,0,0,0,0,0,-1,0,0,0,0,2,0,0,0.73861,6,0,-2,0,0,0,0,0.230769,0,1,-0.678681,0,0,2,0,0,0,0,0,0,0,1,0,-1,0,0,0,0,0,1,0,3,0,0,0,1,0,0,0,0,0,0,0,0,-2,0,0,0,1,0,0,0,0,0,-0.776116,0,0,-0.684211,0,0,0,0,0,0,-1,2,0,1,0,1
0,0,0,1,0,0,0,-0.848172,0,1,0,-1,0,0,-1,3,-0.837838,0,0,0,0,-1,0,-1,0,0,0,-2,-1,0,0,0,1.24368,2,0,0,0,0,2,0,0.230769,0,-2,-0.716348,0,0,-4,1,2,0,0,0,0,-1,2,0,0,0,0,0,0,0,0,1,0,0,2,0,0,0,0,0,2,0,0,0,0,0,-1,0,0,0,0,-1,0,0,0,-0.685516,0,-2,-0.929633,0,0,0,-1,0,0,0,1,-2,-1,0,1
0,0,0,1,0,-4,0,-0.502255,0,0,2,0,0,0,0,0,-0.837838,0,0,-1,1,0,0,0,0,0,0,0,0,0,0,0,1.11445,0,0,0,-1,0,0,0,0.230769,0,0,-0.687596,0,0,0,0,0,-1,0,0,0,1,1,0,1,0,0,0,0,0,-1,0,2,0,1,0,1,0,2,0,0,0,-1,0,1,0,0,1,0,-1,-1,0,0,0,0,-0.58536,0,-1,-0.684211,0,0,0,0,0,0,0,2,0,0,0,1
0,-1,1,0,0,0,1,-0.490201,0,0,0,0,0,0,-3,0,-0.333942,0,0,2,0,-1,0,0,0,0,0,-1,0,0,1,-1,0.85714,2,-1,-1,0,0,0,0,0.457175,0,0,-0.673915,0,0,0,0,0,-1,0,0,0,2,1,0,1,0,2,2,0,0,0,0,0,0,0,0,2,0,-2,0,0,0,2,0,0,0,0,0,0,1,0,0,1,1,0,-0.609802,0,0,-0.489767,0,0,0,0,0,1,-1,0,1,0,1,1
0,0,-1,0,0,0,-1,-0.464301,0,0,0,0,0,0,0,0,-0.781508,0,-1,0,2,0,1,0,-2,0,0,0,0,-1,0,0,0.85714,4,-1,0,0,0,-1,0,1.66667,1,1,-0.45858,1,0,1,1,0,0,-1,0,0,0,0,0,0,0,0,1,0,-1,1,2,0,0,1,0,0,0,0,0,0,0,0,0,1,0,0,0,0,0,0,1,2,0,0,0.493968,0,1,-0.557318,0,0,0,0,1,0,0,0,1,0,1,1
0,0,0,1,0,-1,0,-0.531704,0,-1,0,0,0,0,0,0,-0.764706,0,-1,0,0,0,0,0,0,1,0,-1,0,0,1,1,1.50477,-12,1,0,0,0,0,0,2.608389,0,0,-0.659738,0,0,1,0,0,0,0,0,0,0,1,0,2,0,0,0,0,0,0,-2,0,-1,1,0,3,0,0,-1,0,0,0,0,0,0,0,0,0,0,1,0,1,1,0,-0.597632,0,0,-0.387281,0,0,0,1,0,1,0,0,1,0,1,1
0,0,0,-1,0,0,0,-0.548407,0,0,0,0,0,0,0,0,-0.696798,1,0,0,0,0,0,0,0,1,0,0,0,0,0,0,1.45683,1,0,0,0,0,0,0,2.008768,-1,-2,-0.734606,0,4,0,0,1,2,0,0,0,0,0,0,0,1,2,0,0,-2,0,0,0,0,1,-2,0,0,-2,0,0,0,2,0,0,2,1,1,0,1,0,0,0,0,-1,-0.72391,0,0,-0.649451,0,0,-2,0,0,0,0,-1,2,0,1,1
0,0,0,0,0,0,0,-0.056111,0,0,0,-1,0,0,0,0,-0.569378,0,0,0,0,0,0,0,0,1,0,0,0,0,0,3,2.35685,1,0,0,0,0,-1,0,1.790506,0,0,-0.593696,0,0,0,0,1,0,1,0,0,0,0,0,0,0,0,0,0,0,1,0,0,1,0,0,0,0,0,0,0,2,0,0,0,0,1,1,0,0,-1,1,0,0,0,-0.72093,0,0,-0.390909,0,0,0,0,0,0,1,1,0,1,1,1
0,-1,0,0,0,0,1,-0.52367,0,0,0,0,0,0,0,0,-0.47692,0,0,0,0,0,0,0,0,0,0,0,0,0,0,0,1.87708,0,0,1,0,0,0,0,2.136226,0,0,-0.788312,0,0,0,0,0,0,-1,0,1,2,0,0,1,0,0,0,0,0,0,0,0,1,1,-1,0,0,1,0,-1,3,0,0,0,-1,0,1,0,1,0,1,0,2,0,-0.737089,0,0,-0.602791,0,0,0,0,0,0,0,0,0,0,1,1
0,-1,2,0,0,0,0,-0.708757,0,0,1,0,0,0,0,1,-0.206731,0,0,3,0,0,1,1,0,0,0,0,1,0,0,0,1.06616,3,0,0,0,0,-1,0,1.526918,1,0,-0.546541,-1,0,0,0,0,-1,0,0,0,0,0,0,0,0,0,0,-3,0,0,0,0,0,0,0,0,1,0,0,0,0,0,0,0,0,0,0,0,0,1,1,0,0,0,-0.516019,0,0,-0.708894,0,0,0,0,1,1,0,1,0,0,0,1
0,0,0,1,0,0,0,-0.776343,0,-1,0,-1,0,0,-4,0,-0.551405,1,1,1,0,0,0,0,0,0,0,0,1,0,0,0,2.07826,9,0,1,1,0,-2,0,1.59904,0,0,-0.625,-1,0,0,1,0,0,0,0,0,0,0,0,0,-1,-2,0,0,0,0,0,0,0,0,3,0,1,0,0,1,0,0,1,0,0,0,0,0,0,0,4,0,1,0,-0.512982,0,-1,-0.845977,0,0,-2,0,1,0,-1,1,0,0,0,1
1,0,1,0,0,2,0,-0.794042,0,0,0,0,-1,0,-1,2,-0.752402,0,0,1,1,0,0,1,0,0,0,0,2,0,0,0,1.27561,11,0,1,0,-2,0,0,1.59375,0,0,-0.504954,0,0,0,0,0,0,0,0,0,0,0,0,0,-1,0,0,0,0,0,0,0,1,-1,1,0,1,0,0,-1,0,3,0,0,0,0,0,0,0,0,3,0,0,1,-0.588599,0,0,-0.490665,4,1,-1,0,1,1,0,1,0,0,0,1
0,0,0,0,0,0,0,-0.736306,-1,0,-2,0,0,1,1,0,-0.344963,-1,1,3,0,0,0,0,0,0,0,0,2,0,2,0,1.03203,0,0,0,0,1,1,1,2.216933,0,1,-0.707293,0,1,0,-1,0,0,0,0,1,0,-2,-1,2,2,0,3,0,0,0,1,0,0,0,0,0,0,0,0,1,0,0,1,-1,0,-1,0,0,0,0,0,0,1,0,-0.705198,0,0,-0.387985,0,0,2,0,0,1,1,0,1,0,1,1
0,0,0,0,-1,0,0,-0.705983,0,0,0,0,0,0,-2,0,0.320792,0,0,-1,0,1,0,0,1,0,0,0,-1,0,0,0,1.11358,3,0,0,0,1,1,1,3.506654,0,0,-0.61895,0,-2,1,0,0,-2,0,0,1,0,0,0,2,0,1,0,1,-1,3,0,-4,0,0,0,0,0,2,0,0,0,0,0,1,2,0,-1,0,0,0,2,0,0,0,-0.707317,0,0,-0.460706,0,0,0,0,0,1,1,2,0,0,1,1
0,0,0,0,0,0,0,-0.891885,1,0,2,0,0,0,3,0,-0.702395,0,0,0,0,0,0,0,0,0,0,0,3,0,1,0,0.73607,15,-1,0,0,0,1,0,2.37143,0,0,-0.789117,-1,1,0,0,0,0,0,0,2,0,0,1,0,0,0,0,0,0,1,1,0,0,0,0,2,0,1,0,0,0,2,0,0,-3,0,-1,0,0,0,0,0,0,0,-0.70977,0,0,-0.673661,2,0,0,-1,1,0,0,0,1,0,1,1
0,0,0,0,0,0,-1,-0.77436,0,0,0,0,-1,0,0,0,-0.733688,0,0,0,1,1,1,-3,0,0,0,0,0,0,0,0,0.8,25,0,-1,0,1,0,0,0.402733,0,0,-0.571429,0,1,1,0,2,0,0,3,0,0,1,0,1,0,0,1,0,0,0,1,1,0,1,0,1,-2,0,1,0,0,1,0,0,0,0,0,0,0,0,0,-1,0,0,-0.6,-2,0,-0.554249,0,0,-1,-1,0,0,-2,0,0,0,0,1
-1,0,0,0,0,0,0,-0.594097,0,0,0,0,0,0,1,2,-0.683678,0,0,0,1,0,0,0,0,0,0,0,0,-1,0,0,1.12557,0,0,0,0,0,0,0,0.340266,0,-1,-0.571429,1,0,0,-1,0,-3,0,0,0,1,0,0,0,1,-1,1,1,0,-1,1,1,0,1,0,-1,0,1,0,0,-2,1,0,0,-1,0,0,0,0,0,1,0,0,1,-0.618293,0,1,-0.683184,0,0,0,0,0,0,1,0,0,0,0,1
0,0,-1,0,0,0,0,-0.45448,0,0,0,0,0,0,0,0,-0.706305,0,0,0,0,1,1,-2,0,0,2,-3,0,0,0,0,0.8,13,0,0,0,0,-1,0,0.272183,0,0,-0.545788,1,0,0,0,-1,0,0,0,0,0,0,0,1,0,1,-1,-1,0,0,1,1,0,0,-1,0,1,1,0,0,0,1,0,0,0,0,0,0,0,0,3,0,0,0,-0.6,0,1,-0.54963,0,1,0,-1,0,0,0,0,0,0,0,1
0,0,0,-1,0,0,1,0.072741,0,0,0,0,0,0,0,0,-0.50181,0,0,0,0,0,0,0,0,1,0,0,0,0,1,1,0.4181,2,0,0,1,0,0,0,1.25,0,0,-0.744175,0,-2,0,0,0,0,0,0,0,0,-3,0,0,0,0,1,0,1,0,0,0,0,0,-1,0,0,0,0,1,0,0,0,0,0,1,0,0,0,0,0,0,0,0,-0.764706,0,0,-0.746121,2,0,0,0,0,0,0,0,-1,0,1,1
1,2,-1,0,0,-3,0,-0.417916,0,0,0,0,-1,2,0,0,-0.374399,0,0,1,3,0,0,0,1,0,0,0,3,0,1,0,1.42668,6,0,0,0,0,0,0,1.25,0,0,1.406359,0,0,2,0,0,0,0,0,0,0,0,0,1,0,0,0,0,0,0,0,0,0,0,0,0,-1,2,-1,0,0,0,0,-1,0,1,0,0,2,0,0,0,0,0,-0.764706,0,0,-0.762486,2,0,0,0,0,0,0,0,0,0,1,1
0,-2,0,0,0,0,0,-0.583423,0,1,1,0,-1,0,3,-1,-0.397297,-1,0,0,0,0,0,0,0,0,0,0,-3,0,1,0,1.09149,3,-1,0,0,0,0,-1,2.375484,0,0,0.067748,0,0,0,0,0,0,0,0,1,0,0,0,1,0,0,-1,0,0,-1,1,-1,0,1,0,0,0,0,0,-1,0,0,0,1,0,0,0,0,-1,0,0,0,0,0,-0.764706,0,0,-0.309646,0,0,2,0,-1,0,0,0,0,0,1,1
0,0,0,0,-1,-1,0,-0.779446,0,2,0,0,1,0,0,0,-0.63411,0,0,2,0,0,0,0,0,0,0,3,-1,0,0,0,0.69927,1,0,0,1,0,0,0,2.805009,0,0,-0.454862,0,0,0,0,0,0,-2,0,0,0,0,0,-1,0,0,0,-1,0,0,0,1,0,0,0,2,-2,0,0,1,0,0,0,-2,0,0,0,-1,5,0,0,0,0,0,0.787553,0,0,-0.545542,1,-1,0,0,0,0,0,0,0,0,0,1
0,2,0,1,1,0,0,-0.61521,0,0,0,0,1,1,0,0,-0.418588,0,0,0,0,0,0,1,0,0,0,1,0,0,0,0,0.54217,29,1,0,1,-1,0,0,0.961538,0,0,-0.538462,0,0,0,0,0,0,0,0,0,0,0,-1,0,0,-1,0,0,0,0,0,3,3,-3,0,2,0,0,1,0,1,-1,0,0,-3,0,0,1,-1,0,0,-1,2,0,-0.538746,0,0,-0.666667,-2,0,0,0,0,0,-1,0,1,3,0,1
0,0,0,0,0,0,0,-0.669732,0,1,0,0,0,0,0,0,-0.529371,0,0,0,0,0,0,0,0,0,0,-2,0,1,-1,0,0.56943,0,0,0,0,0,-1,0,3.583445,0,0,-0.538462,0,1,0,0,0,0,0,0,0,0,0,0,0,1,-3,0,0,0,0,0,0,1,-1,0,0,0,0,0,0,-2,-1,0,-1,-1,0,0,0,0,0,1,0,1,0,-0.475025,0,0,-0.647474,-1,0,1,0,0,-2,0,0,0,0,0,1
0,0,0,0,1,0,0,-0.288949,0,0,-1,-1,1,0,0,0,-0.565085,0,0,1,0,-3,1,1,1,1,0,0,0,0,0,-1,0.91429,2,0,0,0,0,-1,-1,2.405417,0,0,-0.647024,-7,1,0,0,0,0,0,0,0,0,0,1,0,1,1,-2,0,0,0,1,0,0,-1,0,0,0,1,0,0,1,0,0,0,0,0,0,2,0,0,1,0,0,0,-0.68203,0,0,-0.719551,0,0,0,0,1,0,0,0,0,1,1,1
0,1,0,0,1,0,0,-0.624667,0,0,0,0,0,0,0,3,-0.580505,0,0,-1,2,0,0,1,1,0,0,0,2,0,0,-2,1.05756,11,1,0,0,0,0,0,3.926332,0,0,-0.116747,0,0,0,-2,0,0,0,0,-1,0,1,0,0,1,0,0,0,0,0,1,0,2,2,1,0,0,1,0,1,0,2,0,4,0,0,0,0,1,0,1,0,-1,0,-0.744801,-1,0,-0.561172,0,0,0,0,0,0,0,-2,0,0,1,1
0,0,0,0,-1,0,-1,-0.282669,0,0,0,0,-1,0,0,0,-0.063223,-1,0,-1,1,0,0,-1,0,0,0,0,3,0,0,0,0.4911,0,0,-1,0,0,0,1,1.966618,0,0,-0.738567,0,0,1,0,1,0,-1,0,0,2,0,3,1,0,0,0,0,1,0,0,-2,0,0,0,0,0,2,0,0,0,-1,0,0,0,0,0,0,0,0,0,0,0,1,0.097745,0,0,-0.644887,4,-1,0,1,0,0,0,0,0,1,1,1
0,0,0,0,0,0,0,-0.730569,0,0,0,0,-3,1,1,1,-0.579045,1,0,0,0,1,0,0,0,0,1,-3,0,0,-1,0,1.29906,5,0,0,-1,0,0,0,0.303153,-1,2,-0.41722,0,0,0,0,-1,0,0,0,0,0,0,0,0,0,0,0,0,1,0,0,1,1,0,0,-2,0,1,0,-1,1,0,0,0,-6,1,0,0,0,0,1,0,-3,1,-0.722438,0,0,-0.876647,-3,0,-3,0,0,-1,1,0,-1,3,0,1
0,0,0,1,0,0,0,-0.666667,2,0,0,0,0,0,0,0,-0.554006,0,0,2,1,1,1,0,0,0,0,0,0,0,0,0,0.91429,0,0,0,0,1,0,0,1.084113,-2,-1,-0.610091,0,0,0,0,-2,0,2,0,0,0,-2,1,0,0,0,0,0,0,1,-1,0,0,-1,0,-1,0,-1,0,0,1,0,0,0,0,0,0,0,0,0,0,0,0,0,-0.535498,0,2,-0.448341,0,1,-1,0,2,0,0,1,0,0,0,1
0,0,-1,0,0,0,0,-0.662632,0,0,-2,0,0,-1,0,0,-0.637945,0,0,0,1,1,0,0,0,0,0,0,-2,0,-1,0,1.08797,3,0,0,0,0,0,0,0.279929,0,0,-0.625,1,0,0,0,0,0,0,0,0,1,-1,0,0,0,0,0,0,0,-1,2,0,0,0,0,0,1,0,0,3,0,0,0,0,0,-1,0,1,0,0,0,-2,0,0,-0.709446,0,0,-0.668263,1,0,0,0,0,-1,0,0,-1,-2,0,1
1,0,0,0,0,0,0,-0.556754,0,0,0,0,0,0,-1,1,-0.80868,0,0,0,0,0,0,0,0,0,0,0,0,1,-2,0,0.57143,4,-1,0,0,1,0,0,0.733378,0,0,-0.715596,0,0,0,1,0,-2,1,0,0,0,0,0,1,0,-1,0,0,0,0,0,0,1,0,0,0,0,0,0,-1,0,0,0,0,0,0,1,0,0,0,0,0,0,-2,-0.086485,0,0,-0.4,0,0,0,-1,0,-1,0,1,0,1,0,1
0,0,0,0,0,0,0,-0.793103,0,0,0,0,0,0,0,0,-0.6,0,0,0,0,0,-1,-2,0,-1,1,0,0,0,0,-1,1.46442,8,0,0,1,0,0,-1,1.555375,0,0,1.775709,0,0,0,0,0,-1,0,1,0,0,0,0,0,0,0,0,-1,0,0,0,0,0,0,0,0,1,0,0,0,0,0,1,0,3,0,0,0,0,1,0,0,0,0,-0.539984,0,1,-0.790956,-1,0,0,-1,0,0,1,0,0,2,0,1
0,2,0,-1,0,-1,0,-0.741315,0,1,-1,0,-1,0,0,0,1.403759,0,0,0,2,0,0,0,1,0,-1,0,0,0,-1,0,0.57143,1,0,0,2,0,0,0,0.879171,0,0,0.361953,0,0,0,0,0,0,0,0,0,1,0,0,-1,0,3,0,0,0,-1,0,1,0,0,0,0,0,0,-1,0,0,0,0,-2,0,0,2,0,0,1,1,0,0,0,-0.894271,0,0,-0.131337,1,0,4,0,0,0,0,0,1,0,0,1
1,0,0,0,0,0,0,-0.460857,0,0,0,1,0,0,0,2,1.175957,0,0,0,0,0,0,-1,0,0,0,0,0,0,1,0,1.15972,1,0,0,0,0,-1,0,3.314903,0,-1,-0.785714,0,0,1,0,0,0,0,1,1,0,0,0,0,0,0,1,0,0,0,1,0,0,0,2,-1,0,3,-1,0,0,0,0,0,2,0,0,0,0,1,1,0,-1,0,-0.174259,0,0,-0.722104,2,-1,0,0,1,0,0,1,2,1,1,1
0,2,0,-1,0,1,0,-0.463072,1,0,0,0,0,0,0,1,-0.84767,1,0,0,1,0,0,0,0,1,1,0,1,-2,0,0,1.51835,3,0,0,0,-1,0,0,0.775034,0,0,-0.771918,0,0,1,0,0,-1,0,0,0,0,1,2,-3,2,5,0,0,0,-1,0,0,5,1,0,1,0,1,0,0,0,0,0,1,0,-1,0,0,0,1,0,0,-2,0,0.021697,0,0,-0.52349,0,0,0,1,0,0,0,1,0,1,1,1
0,0,0,0,0,0,0,-0.789915,1,0,0,0,0,0,0,1,-0.732843,0,0,2,1,0,0,0,0,0,1,0,0,0,0,0,3.67006,7,0,0,0,0,0,0,0.832499,0,0,-0.538432,0,2,0,-1,0,0,0,0,1,0,1,-3,0,0,0,0,0,0,0,0,-3,0,1,1,3,1,2,1,0,0,0,1,0,0,0,0,0,0,1,0,0,0,0,-0.88469,0,0,-0.636364,0,0,0,1,0,-1,0,1,1,0,1,1
0,-1,-1,0,0,0,0,-0.692308,0,0,0,0,0,1,0,0,0.224229,0,0,-1,2,0,0,1,0,0,0,6,2,0,0,0,0.83066,1,0,0,-3,-1,0,0,2.549661,0,0,-0.688352,1,1,0,0,0,0,0,0,0,0,0,0,0,0,2,0,1,0,0,0,1,0,1,3,0,-2,0,0,-2,0,-1,0,-2,0,0,0,0,2,0,0,0,1,0,-0.454545,0,0,-0.537603,0,0,0,0,0,-4,0,0,0,0,1,1
0,-1,0,0,0,1,0,-0.655215,0,0,2,-1,0,0,0,0,-0.52,-1,0,0,2,0,0,0,0,0,0,0,0,3,1,-2,0.55506,4,0,0,0,0,-1,0,0.954778,0,0,-0.553883,0,0,0,0,1,-1,0,-2,0,0,4,0,0,0,-4,0,0,0,0,0,1,0,-1,0,0,0,0,0,-1,0,0,0,0,2,-1,0,0,1,0,0,0,0,0,-0.463641,0,0,-0.559435,-1,0,0,-1,0,1,0,0,0,0,1,1
0,0,0,0,0,0,1,-0.672241,0,0,0,1,0,-1,0,0,-0.831946,0,1,0,0,1,0,0,0,0,0,0,0,-1,1,1,1.46347,3,0,-1,1,0,0,1,1.247028,1,1,-0.612903,0,0,-1,0,1,0,-1,0,0,1,1,0,0,0,0,0,0,-1,-1,-1,1,0,-1,0,0,0,-3,0,1,0,0,0,0,0,0,0,0,-1,0,0,0,0,-1,-0.241067,-1,0,-0.713217,0,0,0,0,0,0,0,0,0,0,1,1
1,0,0,0,0,0,0,-0.767081,0,0,3,0,0,0,2,0,-0.586207,0,-1,-1,0,0,0,0,0,0,0,0,2,0,0,0,1.97261,1,0,0,1,0,0,0,0.779661,0,0,-0.795395,0,0,2,0,0,0,0,0,0,0,-1,0,-1,-1,0,-2,0,0,1,0,0,0,0,0,1,0,1,0,1,0,3,0,0,0,0,-1,0,0,0,1,0,0,0,-0.462684,0,0,-0.719878,0,0,0,0,0,1,0,1,0,0,1,1
0,0,0,0,1,0,0,-0.796818,0,0,0,1,-3,0,0,-1,-0.548009,0,0,1,1,1,1,0,2,0,0,0,0,-2,1,0,1.74921,1,0,0,0,0,1,0,0.678209,0,0,-0.798818,0,3,0,0,0,0,0,0,0,0,-1,0,0,1,-2,0,0,0,1,0,0,1,0,0,1,0,0,4,0,0,0,0,1,0,0,0,0,0,0,1,0,0,0,-0.122273,0,0,-0.877294,1,-1,0,-2,0,0,0,0,-1,0,1,1
0,0,0,0,0,0,0,-0.856077,-1,0,3,0,0,-1,0,-1,-0.623026,0,1,0,1,0,0,1,0,0,0,0,0,0,-1,0,1.9435,2,0,0,0,0,1,0,0.684534,-2,0,0.985192,0,0,0,0,-1,0,1,1,1,0,0,0,-1,0,0,0,0,-1,1,0,0,1,0,0,0,0,0,0,0,0,0,0,1,0,0,0,0,0,0,0,0,0,1,-0.764916,1,0,-0.727573,1,0,0,0,0,1,0,-2,0,0,1,1
0,-1,2,0,0,4,0,-0.646196,1,0,0,0,0,0,1,1,0.850536,0,-1,0,-1,0,0,0,0,0,-1,1,-4,1,-1,0,1.90725,3,-1,1,-1,1,1,0,1.258029,0,0,-0.875584,0,0,0,0,-2,0,0,-1,0,0,1,0,1,0,0,0,0,0,7,0,-1,0,1,0,0,1,0,0,0,2,2,0,0,0,0,0,1,0,-1,0,0,0,0,-0.851204,0,0,-0.675204,0,0,0,0,0,0,0,1,1,0,1,1
0,1,0,0,2,0,0,-0.727672,0,0,-1,0,0,0,1,0,-0.748873,1,0,1,0,0,0,2,0,0,0,0,0,0,0,1,0.98178,4,0,0,0,0,-2,0,0.18769,0,2,-0.871687,0,1,0,0,0,0,0,0,0,0,0,0,2,0,0,0,1,0,1,0,-1,0,0,0,1,1,1,2,0,2,0,-1,0,0,0,0,3,0,0,-1,0,0,0,-0.360647,0,0,-0.294599,0,0,0,0,0,0,0,1,2,1,1,1
0,1,2,0,0,0,0,-0.376512,0,0,0,0,0,0,1,0,-0.75865,0,0,1,0,0,0,-2,-1,0,0,2,2,1,0,-1,2.41654,1,1,0,0,0,0,0,0.830131,-1,0,-0.856565,0,1,0,0,0,0,0,0,0,0,1,0,0,0,4,0,0,0,0,1,0,2,2,1,0,0,1,0,0,0,0,1,0,0,0,0,0,0,0,1,0,0,0,-0.476845,0,0,-0.607735,0,-1,2,0,0,-1,0,1,0,0,1,1
0,0,1,0,0,0,2,-0.769231,0,0,0,0,1,1,0,0,1.402936,0,1,0,0,0,0,-4,0,0,0,0,0,1,3,0,1.48629,7,0,1,0,0,0,0,0.314615,2,0,-0.632573,0,0,0,0,0,1,0,0,0,1,-1,0,0,0,1,0,1,0,0,0,0,0,0,0,0,0,0,-1,0,0,0,0,0,1,0,0,0,0,0,0,0,0,0,-0.678987,0,0,-0.697852,0,0,2,1,0,1,1,1,0,1,0,1
0,0,1,0,0,1,0,-0.769231,0,-1,1,0,0,1,0,0,-0.23243,0,0,0,0,0,0,1,0,0,0,0,0,0,1,0,1.2091,1,0,1,0,0,0,0,0.52381,-1,0,-0.816534,0,0,0,0,0,0,0,0,1,1,0,0,0,0,0,0,1,0,-2,0,-2,0,0,0,2,2,0,0,1,0,0,0,-1,1,0,0,0,3,0,2,0,0,0,-0.714068,0,0,-0.837733,0,0,0,1,0,2,-1,0,-1,1,0,1
0,0,0,0,0,0,0,-0.757903,0,0,0,0,0,0,2,0,-0.673906,0,0,0,0,-2,0,0,0,0,0,2,0,2,1,0,1.2,2,0,0,1,0,1,0,1.872356,0,0,-0.398309,0,3,0,0,-2,0,0,0,0,2,1,1,0,0,-1,-2,0,0,0,1,1,0,0,0,0,0,0,0,0,0,0,0,0,0,0,0,0,0,0,3,0,1,0,-0.295802,0,0,-0.571333,0,0,3,0,0,-3,-1,0,0,0,0,1
0,-2,-1,0,0,0,0,0.623613,0,0,1,1,0,0,0,0,-0.820519,0,0,2,0,0,-2,0,1,0,0,0,0,0,0,1,1.02901,5,1,1,0,1,-1,0,1.14141,0,0,-0.650771,0,0,0,3,-1,0,0,-1,0,0,-3,0,2,-1,0,0,0,0,0,0,0,-1,0,0,0,1,0,0,0,0,0,0,0,0,0,-2,-1,2,0,2,0,1,0,-0.615424,0,1,-0.777521,0,-1,0,0,0,1,0,0,-1,2,1,1
0,0,0,0,0,0,0,-0.43801,0,0,3,0,0,0,0,0,-0.178651,0,1,2,1,0,0,0,1,0,0,0,0,0,0,1,1.04376,6,1,0,-2,1,0,0,1.583717,2,0,-0.701046,0,0,0,0,0,0,0,0,0,0,-1,1,0,0,0,0,0,0,0,0,0,1,0,0,0,1,0,0,0,0,0,0,0,0,0,0,0,0,0,0,0,-2,0,-0.539031,0,0,-0.683511,0,0,2,0,1,1,0,1,1,1,1,1
0,0,-4,1,-1,1,0,-0.367903,-1,0,0,0,2,0,0,0,-0.792806,0,0,-1,0,0,0,0,1,0,0,0,0,-2,-1,0,1.94428,4,0,0,0,0,1,0,1.463704,0,0,-0.753179,1,0,-2,0,0,0,-1,0,0,1,0,0,-1,0,2,-2,0,0,0,1,0,0,0,1,0,0,0,0,0,0,-1,0,0,0,0,0,0,0,0,0,0,-1,-1,-0.529439,0,0,-0.666667,0,0,0,0,0,0,0,0,0,0,1,1
0,2,1,0,-1,0,0,-0.815418,0,0,-1,0,0,-1,0,0,-0.769231,0,0,1,0,0,0,0,0,0,0,0,0,0,0,0,1.1465,1,0,0,0,-1,0,0,0.322031,-4,1,0.031513,1,2,0,0,0,0,0,0,0,0,0,0,0,0,0,-1,0,-1,0,1,0,0,0,2,0,0,0,0,0,0,0,0,0,-1,2,1,0,0,0,-1,0,0,0,-0.603317,0,1,-0.571429,0,0,1,1,0,1,-1,0,-2,1,0,1
0,0,0,-2,0,0,0,-0.555697,0,0,0,0,0,0,0,0,-0.75532,0,0,0,0,0,1,0,0,0,0,0,-1,0,0,0,2.04699,2,0,0,1,0,0,0,0.180543,1,0,1.194368,0,1,0,0,1,0,0,0,0,1,-1,0,0,0,0,0,-1,2,0,0,-1,0,0,0,0,0,1,0,0,0,0,0,0,0,0,0,0,0,0,0,0,-5,0,-0.771114,0,1,-0.475175,0,-1,-1,0,-1,0,0,0,0,-1,0,1
0,0,0,0,0,0,0,0.522621,-1,-1,0,1,0,0,2,0,-0.810448,0,0,2,0,0,0,0,-1,0,0,-2,0,0,1,0,1.04086,4,0,0,0,1,0,0,0.238356,1,0,-0.590241,0,0,0,0,0,0,-1,0,0,0,0,0,1,0,0,0,0,0,0,0,-4,1,0,0,0,-2,0,0,0,0,0,0,1,-2,0,2,1,0,0,0,0,0,0,-0.341701,0,1,-0.068084,0,0,0,0,0,0,0,0,0,0,0,1
0,0,2,0,0,-1,0,-0.675948,0,0,0,1,0,0,2,2,0.017238,0,0,0,0,-1,0,1,1,0,0,0,1,0,0,0,1.36847,4,1,-1,0,0,1,-1,1.032293,0,0,-0.662615,0,0,0,0,0,0,0,0,0,0,0,-1,-3,0,2,0,0,1,0,1,0,0,1,0,0,0,0,-1,0,0,0,0,0,0,0,0,0,0,0,1,0,0,0,-0.371929,0,0,-0.731034,0,0,0,0,0,0,0,1,0,1,1,1
0,-1,0,0,0,0,0,-0.679306,0,0,0,0,0,1,0,1,-0.815931,0,-1,2,0,0,0,0,1,-1,0,0,0,0,0,1,1.10725,5,-1,0,0,0,0,0,1.171601,0,0,-0.755328,0,0,0,0,0,0,0,1,0,0,0,0,0,0,0,0,0,1,0,0,0,1,1,0,0,0,2,0,0,-1,2,0,-1,0,0,0,0,-1,0,-2,0,0,0,-0.631606,0,1,-0.81181,0,0,-1,1,0,1,0,0,0,0,1,1
0,1,0,0,0,0,0,-0.639023,0,1,1,0,0,2,0,-1,-0.121882,0,-1,0,0,-1,0,2,1,0,0,2,-1,0,0,0,1.73959,1,0,-1,2,0,1,0,1.392775,0,0,-0.74931,0,-1,0,0,-1,0,0,0,0,1,0,0,0,1,0,-1,0,1,-1,1,3,0,1,0,-1,0,-1,-1,0,0,0,1,0,0,0,0,0,1,-2,1,0,1,-1,-0.799599,1,1,-0.609796,0,0,3,0,0,-1,0,1,0,1,1,1
0,0,0,0,1,0,0,-0.5,0,0,0,0,-1,1,0,-1,-0.785222,0,0,1,0,0,0,2,0,1,0,3,0,0,-2,0,1.33144,0,0,-1,1,1,0,0,0.943446,1,0,-0.756754,0,0,2,0,0,0,-1,0,0,0,-1,-2,-1,1,0,0,0,0,0,0,0,0,0,0,0,0,1,0,-1,-1,0,0,-1,0,2,0,0,1,0,0,0,1,6,-0.633149,0,1,-0.117846,0,0,0,0,0,0,0,0,1,2,0,1
0,0,1,0,0,-1,0,-0.08022,0,0,1,0,0,-1,0,0,-0.8028,0,1,-2,2,1,0,-1,0,0,0,2,0,0,1,0,1.28127,5,0,1,0,3,1,0,0.52351,0,0,-0.731789,-1,0,1,0,-1,0,0,0,0,0,0,1,-1,0,1,2,0,0,0,0,0,2,-1,0,-1,0,0,0,0,0,0,0,4,-1,0,0,0,0,0,0,0,0,0,-0.658676,0,0,-0.498882,0,0,-1,0,0,1,0,0,1,0,0,1
0,-2,1,0,0,0,0,0.081398,0,-1,1,0,0,0,0,0,-0.835693,-1,1,-2,0,0,0,-1,0,0,0,0,0,0,1,0,1.31534,5,0,-1,0,0,1,0,0.182058,0,0,-0.732116,0,0,0,1,0,0,0,0,0,0,0,1,0,0,1,0,0,0,0,0,0,0,0,-1,0,0,0,0,0,-1,0,0,0,0,2,0,0,0,0,0,0,0,0,-0.828751,1,0,-0.522091,0,0,0,0,0,1,0,0,1,0,0,1
0,0,1,0,0,0,2,6.841221,0,1,0,0,0,0,-1,1,0.487535,0,0,1,1,0,0,3,0,0,0,4,0,0,1,0,0.6,5,0,0,1,-1,0,1,0.951106,-1,0,-0.78839,0,0,-1,0,0,-1,0,1,0,0,-1,1,0,-1,0,0,0,0,0,0,1,0,0,0,0,-1,0,0,0,0,1,0,0,1,0,0,0,0,0,1,0,0,0,-0.696764,0,1,-0.486097,0,0,3,0,0,0,2,0,0,0,0,1
-1,-1,0,0,0,0,0,8.015194,0,1,0,0,0,0,-1,0,-0.539451,0,1,0,-1,1,3,0,0,0,0,0,0,0,0,-1,0.6,0,0,0,0,0,0,0,0.904762,0,0,-0.796184,0,0,0,-1,0,0,0,0,0,-2,0,1,0,0,0,-1,0,0,-1,-1,1,0,0,3,1,0,1,0,-1,0,1,1,1,2,0,0,0,0,1,0,0,-3,0,-0.841257,0,1,-0.417253,1,0,0,-1,0,1,-1,0,0,0,0,1
0,2,1,0,1,0,0,8.954106,0,1,0,1,0,0,1,0,-0.735747,-1,0,1,0,0,0,-1,0,0,0,1,0,0,0,0,0.45566,2,-1,0,1,0,0,0,1.685146,0,1,-0.204388,0,0,0,0,0,0,0,0,-1,0,-2,0,0,0,0,0,0,-1,0,0,-3,0,0,0,0,1,0,-1,-2,0,1,0,1,1,0,1,0,-1,0,0,0,-2,0,-0.73913,0,0,-0.782702,1,0,-2,0,0,0,-2,0,1,0,0,1
0,0,2,0,0,0,0,-0.683618,0,0,1,0,2,-1,0,0,0.20753,0,0,2,1,1,0,0,0,0,-2,0,0,0,0,0,2.0434,4,0,0,0,0,1,0,0.256484,0,1,-0.634105,0,-1,0,0,0,0,0,1,1,0,0,-2,0,0,3,1,0,0,0,-1,1,0,0,-2,0,0,0,0,0,0,0,0,0,1,0,1,0,0,0,0,1,0,0,-0.579906,0,0,-0.796507,0,0,0,0,0,1,1,2,0,0,1,1
0,0,0,3,0,0,1,-0.357522,0,0,-3,0,3,0,0,1,-0.448014,0,0,0,0,0,0,1,0,0,0,0,0,0,0,0,2.8301,6,0,0,0,0,0,0,0.728403,0,3,-0.789474,0,0,1,0,0,1,-1,1,1,0,0,0,0,0,1,0,0,0,3,1,1,0,0,0,0,0,0,-3,0,0,2,0,0,0,0,1,0,-1,0,0,0,0,3,-0.267516,0,0,-0.787968,0,0,0,0,0,0,0,1,1,-2,1,1
0,0,0,0,0,0,0,-0.571429,0,0,1,0,0,0,0,0,-0.316794,0,0,0,0,0,0,0,1,0,0,0,0,0,0,0,1.33158,5,0,0,0,0,0,0,0.578947,-1,0,-0.757336,0,0,0,0,0,0,0,1,0,0,2,0,0,0,2,0,0,0,0,0,1,1,0,-3,-1,-1,0,2,0,0,0,0,1,0,0,1,1,0,0,0,-1,1,0,-0.594614,0,0,-0.919627,0,0,0,-1,0,0,0,0,2,0,1,1
0,0,-1,1,0,-2,0,-0.567595,2,0,-1,0,0,0,0,0,-0.656992,0,0,1,0,0,0,0,0,0,-1,0,0,0,2,0,1.12617,1,0,0,0,0,0,0,1.16216,0,0,-0.85815,0,0,0,0,-1,-1,0,0,0,0,3,0,0,-1,-1,0,0,0,0,0,0,0,-2,0,0,0,1,0,0,2,-2,0,0,0,0,0,-1,0,0,0,0,0,0,-0.657143,0,1,-0.536191,0,1,0,0,1,2,0,1,0,0,0,1
0,2,0,0,0,0,0,-0.594363,0,1,0,0,0,0,0,0,-0.546723,0,0,0,1,0,0,0,0,1,0,-1,0,0,1,1,0.96612,9,0,0,0,0,1,0,1.16216,-1,1,-0.509901,0,0,0,-1,-1,0,0,0,0,0,2,0,1,-1,-1,1,1,0,0,0,-1,-1,0,0,0,1,0,0,0,1,2,0,0,-4,0,1,0,0,0,-1,0,0,0,-0.592953,0,0,-0.366884,0,0,0,0,0,1,-1,0,1,0,0,1
0,0,0,1,1,0,-2,-0.598019,0,0,1,0,0,0,-1,0,-0.686463,-1,0,0,0,0,0,-1,0,0,0,0,0,0,1,0,1.12979,4,0,0,0,0,0,0,0.774597,0,1,0.364568,-1,1,0,0,0,0,0,-1,0,0,1,0,0,0,0,0,0,1,0,0,0,1,0,0,0,1,0,0,0,1,-2,0,3,0,0,0,0,0,0,0,0,0,1,-0.61005,0,0,-0.006969,0,0,-1,0,0,0,0,-3,0,0,0,1
0,0,-1,0,0,0,1,-0.74034,0,0,0,0,0,0,0,1,-0.748256,0,0,1,0,0,-1,0,0,1,0,-1,0,0,0,1,0.95204,1,0,2,0,0,-1,0,1.370126,1,0,0.997711,1,0,0,0,0,0,0,0,0,0,0,0,0,0,0,0,0,0,2,1,0,1,2,0,0,0,-1,0,1,0,0,0,0,0,0,0,0,1,0,0,0,-1,1,-0.80793,0,0,-0.572502,0,-1,0,2,0,1,0,1,0,0,1,1
0,0,0,-1,0,0,0,-0.830986,0,0,0,0,0,-1,-1,0,-0.860002,0,0,0,0,0,0,-1,0,0,0,0,0,-1,0,0,1.76843,1,0,0,0,0,0,0,0.693076,1,0,-0.54142,1,0,0,0,0,-1,0,0,0,0,0,0,0,-3,1,-5,0,0,0,-1,1,0,0,0,0,0,-1,0,1,2,0,0,1,0,0,-1,0,0,0,-1,0,0,0,-0.604862,0,0,-0.675676,0,0,0,0,0,1,0,0,0,0,1,1
0,0,-1,1,0,0,0,0.721203,0,0,0,1,0,0,0,0,-0.822944,0,0,0,2,0,0,0,0,0,0,0,0,0,-1,0,1.70546,2,2,0,1,0,0,0,0.75,1,-1,-0.737881,1,0,0,0,0,0,0,0,0,0,0,0,1,0,0,0,0,0,1,0,2,0,0,0,0,0,0,0,4,2,0,0,0,0,1,0,-1,0,1,1,0,0,0,-0.74131,0,0,-0.675676,0,0,3,2,-1,0,0,0,0,0,1,1
-1,0,0,-1,0,0,0,-0.322471,0,0,0,0,2,0,-1,1,-0.667693,0,0,3,-3,-3,-1,0,0,1,0,-1,-1,0,-2,0,0.54286,6,0,0,1,0,0,0,1.307097,0,1,-0.755374,0,0,0,-1,-1,0,0,1,1,0,0,0,0,0,0,0,0,0,0,0,0,0,4,0,0,0,0,0,0,3,-2,1,0,0,0,0,0,0,0,0,0,0,0,-0.428571,0,0,-0.347832,-1,0,0,0,0,2,0,0,-3,-1,0,1
0,0,0,0,0,0,0,-0.66044,0,0,0,0,0,0,2,1,-0.815507,2,0,0,0,3,0,1,0,0,0,1,0,0,0,0,0.54286,2,0,0,-1,0,0,0,0.404863,0,0,-0.804396,-1,0,0,0,0,1,1,0,0,2,-5,0,0,0,0,0,0,0,0,0,0,0,0,0,0,0,0,0,0,-1,0,0,0,0,0,0,0,-1,0,0,0,2,0,0.236178,1,1,-0.368421,-8,0,0,0,0,0,0,2,2,0,0,1
0,0,0,-1,0,0,0,-0.742127,0,1,0,0,0,0,0,1,-0.663919,0,0,0,0,0,-1,-1,0,0,1,0,-2,1,0,0,0.53357,3,0,0,1,0,0,0,2.877157,0,0,0.133741,0,0,-1,0,0,-1,-1,1,0,0,1,0,-2,0,-4,0,0,0,0,-1,0,0,0,0,0,1,4,0,0,0,0,0,-1,2,0,0,0,1,0,0,0,0,0,-0.428571,0,0,-0.368421,1,0,1,0,0,0,-1,0,0,0,0,1
0,0,1,0,0,0,0,-0.70474,0,0,0,0,0,0,0,0,-0.769577,0,1,4,0,0,1,0,0,0,0,2,1,0,0,0,1.08784,4,0,0,1,0,0,2,0.845484,-4,1,-0.674469,0,1,-2,0,0,-1,0,0,0,0,0,0,1,0,-1,0,0,-2,0,0,0,0,0,-2,1,0,-1,1,0,-1,0,0,0,0,0,0,0,0,0,0,0,-1,0,-0.711251,0,0,-0.738392,0,0,0,0,0,1,0,1,0,1,0,1
0,0,0,2,0,0,-1,-0.721849,0,0,0,0,0,0,0,0,-0.733168,0,0,1,0,-1,0,0,-1,0,0,0,0,0,0,0,1.12139,3,3,0,0,0,0,0,0.989137,0,0,-0.552283,1,0,-1,0,0,0,0,1,0,0,0,1,0,1,-1,-1,-1,0,0,2,0,0,1,0,-2,3,0,0,2,-2,2,0,0,-2,0,0,0,-1,0,0,0,0,0,-0.544192,0,0,-0.620099,0,0,-1,0,0,0,0,0,-1,0,0,1
0,0,0,0,0,0,0,-0.828916,-3,0,3,0,-1,0,0,-1,-0.419085,0,0,1,0,0,0,0,0,0,0,0,0,0,0,0,0.96009,3,0,0,1,0,1,0,0.606995,-1,0,-0.661661,0,0,0,0,-1,0,1,0,0,0,1,0,0,0,1,0,0,0,0,0,0,1,1,0,0,0,0,0,0,2,0,-1,2,-1,0,-1,0,1,0,0,0,0,0,-0.656977,0,0,-0.6,0,0,2,0,0,0,0,1,0,0,0,1
0,0,0,-1,0,0,-1,-0.64651,0,0,-1,0,-1,0,0,-1,-0.727746,0,0,1,0,0,0,2,0,0,0,0,0,2,0,0,0.71429,5,0,0,0,0,0,0,0.562906,2,0,-0.802854,0,1,0,-1,0,-1,0,0,0,1,0,0,1,0,-1,-1,-1,-1,0,0,0,2,0,-1,0,0,0,0,0,2,0,0,0,2,0,0,2,0,-1,0,0,-1,0,-0.830986,0,0,0.263814,-2,-1,0,0,0,1,1,0,1,1,0,1
0,0,0,-2,0,-2,0,-0.707165,0,0,0,0,2,0,0,0,-0.624655,-1,0,8,1,0,0,0,0,1,0,0,0,-1,0,0,0.90405,2,-1,0,0,1,0,0,0.258047,1,-2,-0.183627,0,0,0,0,2,0,0,0,0,0,1,0,-2,1,4,0,0,0,0,-3,0,2,-1,0,0,1,-1,1,0,0,5,0,-2,-4,0,0,0,1,0,0,0,0,0,-0.830986,0,0,-0.300132,0,0,0,0,0,0,0,0,1,1,0,1
0,0,0,1,0,0,3,-0.888265,0,0,0,0,0,1,-1,1,-0.830031,0,1,0,1,0,0,0,0,0,0,3,0,0,0,0,0.69216,3,0,0,0,1,0,0,0.64,0,0,-0.684397,0,0,0,0,1,0,0,0,0,0,-1,-1,0,0,0,0,0,0,0,0,0,0,0,1,0,0,-1,0,0,0,0,0,0,1,0,0,0,1,0,0,0,0,0,0.620452,0,0,-0.283897,1,-1,-2,0,0,0,0,0,0,0,0,1
0,0,-1,1,0,0,0,-0.599831,0,0,2,0,-1,0,0,0,-0.637673,0,3,0,0,0,0,0,0,0,0,0,0,2,1,0,0.9771,2,0,0,1,1,0,0,4.015117,3,-1,-0.758393,0,0,0,0,0,0,1,0,0,0,0,3,0,-1,0,-2,1,1,0,0,0,1,-1,0,2,0,0,1,0,0,0,0,0,4,0,0,0,1,0,0,0,0,0,-0.592285,0,0,-0.156886,0,5,0,1,0,0,0,0,1,1,0,1
1,3,0,0,-1,0,0,-0.681354,0,0,0,0,0,0,1,0,-0.715091,0,0,0,0,0,2,0,0,0,-1,0,0,0,1,0,1.36402,6,0,-1,1,0,0,0,0.558441,0,-1,-0.740568,0,0,0,0,0,0,0,0,1,0,0,2,1,0,0,1,0,0,4,0,1,1,0,0,-1,0,0,-1,0,0,4,0,-1,0,1,0,0,1,0,0,0,0,0,-0.822922,1,0,-0.534292,0,0,0,1,0,0,-1,0,-3,1,0,1
0,0,0,0,-1,0,0,-0.21451,0,0,0,0,0,3,0,0,-0.861966,0,-1,0,1,0,0,0,0,0,0,0,0,2,0,0,1.5478,2,0,-1,1,0,0,0,0.460752,0,0,-0.744681,0,0,0,-1,0,0,0,0,1,0,0,0,4,0,0,1,0,1,0,0,0,1,0,0,0,0,0,1,-2,0,0,0,0,0,1,0,0,1,0,0,0,0,1,-0.706211,0,0,-0.582654,0,1,0,0,0,2,0,0,0,0,0,1
0,0,0,0,0,1,0,0.568481,0,0,0,0,0,0,0,1,-0.571429,0,0,0,0,0,0,0,-1,0,0,0,0,0,0,0,1.40454,2,0,0,1,3,0,1,0.693878,0,0,-0.755102,0,0,0,0,0,-2,0,0,0,-1,0,3,1,0,0,3,0,0,0,1,5,1,0,0,-1,0,0,-2,1,1,-2,0,2,0,0,0,0,-1,0,1,0,1,0,-0.462594,0,0,0.59257,0,0,1,0,0,0,0,0,0,0,0,1
0,0,0,0,0,-2,-1,-0.899111,0,0,2,0,0,0,-2,0,-0.571429,0,0,0,0,0,0,0,0,0,-1,0,0,0,0,0,1.84983,7,0,0,1,0,0,0,0.769997,1,0,-0.73705,0,1,0,0,0,1,0,1,0,0,-1,0,0,0,0,0,0,1,0,1,-1,0,1,0,0,0,1,0,0,0,0,0,0,0,1,0,0,0,2,1,0,-1,0,-0.580503,0,0,0.419119,0,0,0,0,0,0,0,-3,0,0,0,1
0,-1,1,0,0,-1,1,-0.734525,0,0,0,0,1,-1,0,0,-0.738776,0,0,0,0,0,0,0,0,0,0,0,0,0,0,0,1.4,1,0,0,0,-1,0,0,0.609304,0,0,-0.620676,0,0,1,0,0,0,1,1,0,0,0,3,0,0,0,1,0,0,0,4,0,0,1,2,0,-1,0,0,0,0,0,0,0,0,1,0,0,0,0,0,0,0,-1,-0.669512,0,0,-0.4,0,0,0,0,0,-1,-2,0,0,0,0,1
0,-1,1,-1,-1,-2,1,-0.477218,0,0,0,0,0,1,-1,0,-0.511256,0,0,1,0,0,0,0,0,1,0,1,4,-1,0,0,0.59059,4,0,-1,0,1,0,0,2.125,0,0,-0.587454,0,-3,0,0,1,0,0,0,0,-2,1,0,0,1,1,1,0,1,1,0,0,2,-2,0,0,0,0,0,1,0,0,0,0,0,0,0,0,0,0,0,1,2,-1,-0.267003,0,0,-0.848467,0,0,0,0,0,1,0,0,0,0,0,1
0,0,0,-2,0,0,1,-0.73363,-1,0,2,0,1,0,0,1,-0.532977,0,-1,1,0,1,0,0,0,0,0,0,-1,1,-1,0,1.14803,5,-1,0,1,0,0,0,1.332779,0,0,-0.512094,0,0,0,0,-1,0,0,-2,0,0,1,0,0,0,0,1,0,0,0,0,0,4,0,4,0,0,0,0,0,0,2,0,-1,0,0,0,0,0,0,0,0,1,0,-0.665248,0,0,-0.918614,0,0,2,0,0,0,0,0,-1,3,0,1
0,0,1,0,0,0,0,-0.764706,0,0,0,0,0,0,0,0,-0.802622,0,0,0,0,0,0,0,1,0,0,0,2,0,-1,0,0.91429,9,0,0,0,1,0,0,2.332312,0,0,-0.666104,0,0,0,-1,0,0,1,0,0,0,1,0,0,0,1,1,0,-2,0,0,-2,1,1,0,0,0,0,0,0,4,0,0,-1,0,0,1,0,1,0,0,0,0,0,-0.529809,0,0,-0.76,0,0,0,0,0,0,1,0,0,0,0,1
0,0,0,0,0,0,0,-0.776033,0,1,0,0,2,0,1,0,-0.266258,-1,0,0,1,-1,0,0,0,0,0,0,0,0,0,0,3.6,12,0,0,0,0,0,0,1.234727,0,0,-0.904762,0,0,0,0,0,0,0,0,0,0,0,0,0,0,0,0,-1,0,0,0,0,0,0,0,0,0,0,1,-1,0,0,0,0,0,0,0,0,1,1,0,0,0,0,0.80681,0,0,-0.664013,0,1,0,-1,1,0,0,0,1,0,1,1
0,0,-3,0,0,0,0,-0.612903,0,1,2,0,-1,0,1,0,0.641381,0,-1,0,1,0,3,0,0,1,0,0,0,0,0,0,3.38999,5,-2,0,0,0,0,1,0.722222,0,1,-0.807526,0,-2,0,0,0,2,0,0,-1,0,0,0,0,0,0,2,0,1,0,0,0,1,1,0,0,0,0,0,0,0,-1,-1,0,0,0,-1,1,1,1,0,0,0,0,-0.441616,0,0,-0.588853,0,0,0,0,2,0,0,0,-2,0,1,1
0,0,1,0,0,2,1,-0.571788,0,0,1,0,1,0,0,0,-0.587992,0,0,0,0,-1,2,0,0,2,1,0,2,0,0,0,3.6,9,0,0,0,-1,0,0,0.722222,0,0,-0.904762,2,0,0,0,1,0,0,0,0,0,0,0,0,-1,0,0,1,0,-1,1,0,0,0,0,0,0,0,0,0,3,0,0,0,0,0,0,0,0,1,1,0,0,0,-0.309938,0,0,-0.625,0,0,0,0,0,0,0,0,0,0,1,1
0,0,-1,0,0,0,0,-0.701878,0,0,-1,0,1,0,-1,0,-0.356709,-1,0,-1,0,0,0,0,0,-3,0,-1,0,1,0,0,0.51429,1,0,0,1,1,0,0,0.64788,0,0,-0.339896,-1,1,0,0,-1,0,0,0,0,-1,0,1,0,0,0,-8,0,0,0,0,0,1,0,2,0,0,0,0,3,0,0,0,0,-1,0,0,0,3,0,2,0,0,1,-0.555255,0,0,-0.751513,4,0,-1,0,0,1,0,-4,0,0,0,1
0,0,0,0,0,1,0,-0.593994,0,0,-1,0,0,0,1,0,-0.494342,0,0,0,0,0,-1,1,0,0,0,1,0,-1,0,0,0.51429,5,0,1,0,1,0,0,0.415563,0,-1,0.800203,0,1,-1,0,0,0,0,0,0,0,0,1,0,0,3,0,0,1,-1,0,0,1,0,0,0,0,-1,0,2,-1,0,0,1,0,0,-1,0,0,0,1,0,1,0,-0.733333,0,0,-0.921229,0,0,-1,0,0,1,0,0,0,0,0,1
0,2,0,-1,0,2,-1,-0.276472,0,0,0,0,-1,0,-1,3,-0.675844,0,0,0,0,0,0,0,0,0,0,0,0,0,0,0,1.55666,0,0,0,1,0,0,1,0.640898,0,0,1.475937,0,0,0,0,1,0,0,0,2,0,0,0,0,0,2,0,0,0,0,1,3,3,0,4,0,0,-1,0,0,-1,1,0,0,0,0,0,1,1,0,1,0,0,0,-0.777977,0,0,-0.733333,1,0,0,1,-1,0,0,-2,0,4,0,1
0,0,0,1,2,0,0,-0.666667,0,0,-1,0,0,0,0,0,-0.7065,0,0,1,-2,0,0,0,1,0,-1,0,0,2,0,0,2.56656,14,1,0,1,1,3,0,0.32124,0,0,7.580553,0,0,0,1,0,0,0,1,0,0,0,0,0,1,0,0,0,0,-4,0,0,4,0,0,-1,1,0,0,0,0,2,0,0,0,0,-1,0,0,0,1,1,0,0,-0.738018,0,1,-0.617899,0,2,0,-3,0,0,0,0,0,3,1,1
0,4,0,1,0,1,0,-0.614618,0,0,0,0,0,0,0,1,-0.67379,0,-1,3,0,1,0,0,0,0,0,0,0,0,-1,0,2.06335,8,0,0,0,1,1,0,0.812595,0,-2,9.42623,0,0,0,0,0,2,-1,1,0,0,0,0,0,0,0,0,-1,0,1,0,0,0,0,-1,0,1,0,-1,0,0,0,0,0,0,0,0,0,2,0,1,0,0,0,-0.838545,0,0,-0.850803,0,0,0,0,-1,0,0,0,-3,1,1,1
0,0,0,1,0,0,0,-0.811499,0,0,-1,0,-1,0,0,2,-0.692696,0,0,1,3,0,0,0,1,1,1,0,0,0,0,0,0.79418,8,0,0,0,1,0,0,0.559056,0,-1,9.42623,0,1,0,0,-1,0,0,1,0,0,0,0,-2,0,0,0,-2,1,0,0,0,0,0,1,2,1,-1,0,1,0,2,0,0,0,0,0,0,0,0,1,0,4,0,-0.744974,0,0,-0.659048,-1,0,0,0,0,0,1,0,0,0,1,1
0,3,0,0,0,0,1,-0.559361,0,0,1,1,0,0,0,1,-0.612903,0,-1,0,0,0,0,0,0,0,0,4,2,0,0,0,1.48571,2,1,0,0,0,0,0,0.251512,0,0,-0.769231,0,0,0,0,0,0,0,0,0,1,1,0,0,1,0,0,0,0,0,1,0,0,0,0,0,0,1,0,0,1,0,0,0,2,2,0,0,0,1,0,0,0,0,-0.635453,0,0,-0.570615,0,0,0,0,1,-2,0,0,1,0,0,1
0,0,0,1,0,0,0,-0.635068,0,0,1,0,-1,0,0,0,-0.499896,0,0,1,-2,0,0,-1,0,-1,0,2,0,0,0,0,1.28369,1,0,0,1,0,0,0,0.492404,0,0,-0.865465,-1,-1,0,0,0,0,0,0,0,0,1,-1,0,1,-1,0,0,-1,0,0,0,0,0,0,0,-1,0,0,1,0,2,1,1,0,1,0,0,1,0,0,0,1,0,-0.844081,0,0,-0.571429,2,0,0,0,1,0,-2,0,1,1,0,1
0,1,0,0,0,2,0,-0.586207,0,0,0,0,-1,0,0,0,-0.404731,0,0,0,-1,0,0,0,0,0,0,0,0,2,-1,0,1.10384,8,0,0,-2,0,0,0,0.5,0,0,-0.783378,0,0,0,0,0,1,0,0,0,1,0,0,0,0,0,0,0,0,-1,0,0,0,0,0,0,0,0,0,0,2,0,0,1,0,1,0,0,1,0,1,0,0,0,0.050561,1,0,-0.556155,0,0,0,0,1,0,-1,0,1,1,0,1
0,1,1,1,0,3,0,-0.532976,0,0,0,0,-1,0,0,0,-0.781729,0,-1,-1,0,0,0,0,0,0,0,0,0,2,0,-1,1.34352,1,0,-1,0,0,0,0,0.728962,1,0,-0.741721,0,-2,0,0,1,0,0,0,0,0,0,1,0,0,1,0,0,0,0,0,2,0,0,-1,2,0,0,0,0,3,0,0,1,3,0,0,0,0,0,0,0,1,0,-0.8125,0,0,-0.322157,0,0,0,0,0,-2,0,-2,1,0,1,1
0,0,0,-1,0,0,0,-0.063297,0,0,0,0,0,0,2,0,-0.6,0,0,0,2,0,0,0,0,0,0,0,0,2,0,0,2.54385,2,0,0,0,-2,1,0,0.824492,0,1,5.344948,0,0,0,0,0,0,-1,0,0,0,0,1,0,-1,4,-1,0,1,0,1,0,0,1,0,0,1,-2,0,1,3,0,-1,0,0,0,1,0,1,0,2,1,0,0,-0.8125,0,0,-0.651158,0,0,0,0,-1,0,0,-3,1,1,1,1
0,0,1,0,-1,4,0,-0.848663,0,0,0,0,0,0,3,0,-0.6,0,0,0,0,0,0,0,0,0,0,0,2,0,0,0,1.28053,12,0,0,0,0,0,1,1.093176,-2,-1,-0.787754,2,0,0,0,0,0,0,0,0,0,0,0,0,-1,0,0,0,0,0,0,1,1,1,0,0,1,0,0,1,0,0,0,0,2,0,0,0,0,0,0,0,0,0,-0.8125,0,0,-0.241621,0,0,0,-1,-1,0,0,0,1,0,1,1
0,0,1,1,0,4,0,-0.462707,0,-1,1,0,1,0,0,0,8.154995,0,0,0,-1,0,0,0,0,0,0,0,0,0,0,0,1.45647,6,0,1,-1,0,0,0,0.96648,0,0,-0.828571,0,1,0,0,0,1,1,0,1,1,0,0,0,-1,1,0,0,0,0,0,1,0,0,0,0,0,0,1,0,0,0,1,1,0,0,1,0,1,0,0,0,2,-1,-0.733333,0,0,-0.827474,0,0,0,0,0,0,0,0,1,1,1,1
0,0,1,0,0,0,0,-0.185845,1,0,1,0,0,0,0,2,8.489482,0,0,1,-1,0,0,0,0,0,0,0,2,0,0,2,2.45619,7,0,0,0,-1,3,0,0.871429,0,0,-0.696245,0,0,0,2,0,0,1,0,1,1,0,0,0,1,1,0,0,0,0,-1,1,0,0,0,0,-1,0,1,0,0,0,0,1,1,0,1,0,1,0,0,0,0,0,-0.733333,0,0,-0.796537,0,0,0,-1,0,0,0,-2,0,1,1,1
0,0,0,0,0,1,0,-0.524139,0,0,0,0,1,0,0,-1,7.248971,0,0,0,0,0,3,1,0,0,0,2,2,3,0,0,1.71019,6,0,1,0,-1,0,0,1.89344,0,1,-0.871311,0,-1,0,0,0,0,1,0,1,1,0,0,0,0,0,0,0,0,0,0,1,1,0,0,5,0,0,1,0,2,0,0,1,-3,0,1,-1,1,0,0,0,1,0,-0.71132,0,0,-0.525544,2,0,0,0,0,0,0,0,0,0,1,1
0,0,1,0,0,0,0,-0.555556,0,0,0,0,0,1,2,0,-0.889908,-1,-2,-1,1,0,0,0,0,1,0,0,0,0,3,0,1.03165,12,0,0,4,0,0,0,0.75,0,0,-0.665672,2,0,0,0,0,0,0,0,1,0,1,0,0,0,0,0,0,0,1,0,0,1,0,0,0,0,0,0,0,0,0,0,0,0,0,0,0,0,0,0,0,0,0,0.464889,0,0,-0.647288,0,0,0,0,0,0,0,3,0,0,0,1
0,0,0,1,0,0,0,-0.52485,0,0,0,0,0,0,0,1,-0.571827,0,0,0,0,0,0,0,0,1,1,0,0,0,0,0,0.8896,0,0,0,0,0,0,0,0.775656,1,0,-0.666667,0,0,0,0,0,0,0,0,1,0,1,0,-3,-3,-1,0,-1,0,-1,-1,-1,0,0,2,0,-1,0,0,0,5,0,0,1,0,0,0,0,0,0,0,0,0,0,-0.709604,0,1,-0.528319,0,0,0,0,0,4,0,1,0,0,0,1
0,2,0,0,0,0,0,-0.525458,0,0,0,0,0,0,0,1,-0.589832,0,0,0,0,0,0,0,0,1,0,-2,0,0,-2,0,1.46168,9,0,0,0,0,0,0,0.864082,0,0,-0.666667,0,2,0,0,0,0,0,0,0,0,1,-1,0,0,0,-1,0,0,0,0,-4,0,-1,0,1,-1,0,0,2,3,0,0,0,3,0,0,0,0,0,0,0,-2,0,-0.697679,0,1,-0.433624,0,0,0,1,1,0,-2,1,0,0,0,1
0,0,0,-1,0,0,0,-0.634596,0,0,0,0,0,1,0,0,-0.625,0,0,0,0,0,0,0,1,0,0,1,1,0,1,0,1.02115,2,0,0,0,-1,0,0,0.818182,0,0,0.355861,7,1,0,0,0,-2,0,0,0,0,0,0,0,0,0,0,-1,-1,0,0,0,1,0,0,2,0,2,0,1,3,0,0,0,-1,0,0,0,0,0,-1,2,0,1,-0.596352,0,0,-0.151893,0,0,1,0,0,-1,-1,0,-1,-1,0,1
0,0,2,0,0,0,-1,-0.670805,0,0,-2,0,0,0,0,1,-0.616965,0,0,0,0,0,0,0,0,0,0,0,0,0,0,0,0.62857,2,1,0,1,0,0,1,2.079996,-2,0,-0.23884,0,1,0,1,0,0,1,0,0,0,0,0,0,0,0,1,0,0,0,0,0,0,0,0,0,0,0,0,0,-1,1,0,1,0,0,0,0,0,0,0,0,0,0,-0.816561,0,0,-0.839342,0,0,0,3,-1,0,0,0,0,2,0,1
0,0,0,-1,0,0,0,-0.820622,-1,0,0,0,0,0,0,0,-0.728469,0,0,0,0,0,1,0,0,0,0,-2,2,0,0,-1,0.57549,3,1,0,0,0,0,0,0.781521,0,1,-0.757851,1,1,0,0,0,0,-1,0,0,1,0,0,0,0,0,0,0,-1,1,1,3,0,0,0,0,0,0,0,0,2,0,-1,0,0,0,0,0,2,0,0,-1,0,-1,-0.656241,0,2,-0.25,0,0,-3,0,-1,0,3,0,1,1,0,1
0,0,1,0,0,0,0,-0.669357,0,0,1,0,1,0,0,1,-0.492951,0,0,3,0,-1,-2,0,0,0,0,2,-2,0,0,0,1.00705,-14,0,-1,0,1,0,0,0.920454,0,0,-0.325676,1,1,0,0,0,0,0,0,0,0,0,0,0,0,1,0,0,0,0,0,-2,-3,1,1,0,0,-1,0,1,0,0,0,0,1,0,-1,0,0,0,0,0,0,0,-0.715585,0,0,-0.08301,0,1,0,0,1,-1,0,0,0,0,0,1
0,-3,1,0,0,0,0,-0.73913,0,-1,1,0,1,0,0,0,-0.386118,0,0,0,0,0,-1,0,-1,0,0,-3,0,0,-1,0,1.44994,5,0,1,0,1,0,-1,1.257728,0,0,-0.662399,1,1,1,1,0,0,0,0,0,0,0,0,3,-1,1,0,0,0,0,0,0,-1,0,1,0,-1,2,0,1,0,2,-1,-2,1,0,0,0,0,2,2,0,0,0,-0.907017,0,0,0.411208,0,0,0,1,1,0,0,0,0,0,0,1
0,-1,0,0,0,0,0,-0.73913,0,0,0,0,0,0,0,0,-0.386688,0,0,1,1,0,0,2,0,0,0,0,0,0,0,1,1.08571,14,-1,0,2,1,-1,-2,1.831458,0,0,-0.628243,0,1,1,0,0,1,0,0,0,0,0,1,2,0,0,0,0,0,0,0,0,-1,1,-3,0,0,0,0,1,0,0,0,0,0,0,0,0,0,0,-2,0,0,0,-0.652504,0,0,-0.827119,0,0,0,0,1,0,0,-1,-1,1,0,1
0,0,0,1,0,1,0,-0.580557,0,0,0,0,0,0,0,0,-0.634656,0,0,0,0,0,1,0,-1,-1,-4,0,0,7,0,0,1.1271,3,0,0,-1,0,0,0,2.80733,0,0,0.782112,1,0,2,0,0,1,0,-1,0,-1,1,0,0,0,0,0,0,0,0,-1,0,0,1,0,0,0,0,0,0,2,0,0,0,0,0,0,0,0,0,1,0,1,0,-0.594184,0,0,-0.416478,0,1,0,0,0,0,0,0,0,0,1,1
0,0,0,1,0,0,0,-0.779832,0,0,0,0,0,0,-1,0,-0.681851,-1,-1,-1,0,0,0,0,0,0,1,0,2,0,1,0,0.9661,3,0,0,0,0,0,-2,0.886388,0,1,-0.768566,-1,0,0,0,0,0,0,0,0,0,1,0,0,0,0,0,0,0,2,0,1,2,0,-1,1,0,0,0,-1,0,0,0,1,1,-2,0,1,1,0,1,0,0,0,-0.476587,0,0,-0.668454,1,1,0,1,0,0,2,1,1,0,1,1
0,0,0,0,0,-1,0,-0.771803,0,0,1,0,-1,0,0,1,-0.50754,0,0,-2,0,0,0,0,0,0,0,0,0,0,0,0,0.6241,6,0,0,0,0,0,0,1.30952,0,0,-0.694562,1,0,0,0,0,-1,0,2,-1,1,1,0,0,1,0,0,0,1,0,-1,1,0,1,0,1,0,0,0,0,0,0,0,1,1,0,0,0,-1,0,2,0,0,0,-0.6,0,-1,-0.763271,1,0,1,0,1,0,0,0,2,0,1,1
0,3,-1,0,0,2,1,-0.727273,1,0,0,1,0,0,0,0,-0.250939,0,0,-3,0,0,0,0,0,0,0,0,0,2,0,1,0.4149,0,0,0,0,0,0,0,4.084307,0,0,-0.664339,3,0,0,0,0,0,1,0,1,2,0,0,2,0,0,0,1,0,0,5,-1,-3,1,0,0,0,1,0,0,1,0,0,0,0,0,0,-1,0,0,0,0,1,0,-0.618051,0,0,-0.647059,0,0,0,0,0,0,0,1,0,-1,1,1
0,0,1,1,0,4,-1,-0.608267,0,0,0,0,0,-1,1,1,-0.79661,1,0,0,2,0,0,0,0,0,0,0,0,0,0,0,0.44704,5,0,0,0,0,0,0,2.899278,0,0,0.532786,0,0,0,0,0,0,0,0,0,0,0,1,0,0,0,0,1,0,0,0,0,2,1,-1,0,1,1,0,0,0,0,0,0,0,0,-1,0,1,-1,3,0,0,-1,-0.924115,0,0,-0.526203,0,0,2,0,0,0,-1,0,-1,-1,1,1
0,1,0,1,0,0,-2,-0.817071,0,1,1,0,0,0,1,1,-0.79661,0,0,0,0,0,0,0,0,0,0,0,0,2,-2,0,0.8032,0,0,0,1,-1,0,0,1.507703,0,0,3.358721,0,1,1,0,0,0,0,0,1,0,0,1,0,0,0,0,0,0,0,0,0,0,0,0,0,0,1,-1,0,2,0,0,0,0,0,0,0,0,0,2,0,0,-1,-0.513211,0,0,-0.434978,3,0,0,0,1,0,0,1,3,0,1,1
0,-2,0,0,0,0,1,-0.629199,0,0,0,0,0,1,-1,0,-0.642821,0,0,0,0,0,0,0,0,0,-1,0,-1,0,0,0,3.97802,0,0,0,-2,1,0,0,0.890978,0,0,-0.69294,0,1,0,-1,0,0,1,0,0,0,1,0,0,0,1,1,0,0,0,0,0,1,-1,0,0,0,0,0,0,0,0,0,1,0,0,0,0,1,0,0,0,0,-1,0.27464,0,0,-0.49509,0,1,0,0,0,0,2,0,1,0,0,1
-2,0,0,0,0,1,0,1.332909,0,-1,-1,-1,0,0,-1,0,-0.609174,0,0,0,1,0,0,0,0,0,-1,0,0,0,0,0,1.51793,5,0,0,1,0,-2,-1,0.638248,0,-1,2.6,0,0,0,0,0,3,0,0,0,0,1,1,0,0,0,1,0,0,0,0,0,0,0,0,-2,3,3,0,1,0,0,0,1,0,0,0,0,1,0,0,0,0,0,-0.320853,0,0,-0.540873,0,0,1,0,0,0,-2,0,1,0,0,1
1,0,0,2,0,0,1,-0.567508,0,0,0,0,1,0,1,1,-0.820795,0,-2,0,0,1,0,0,0,-1,0,0,-2,0,0,0,0.87035,1,0,0,0,1,0,1,0.457996,0,0,2.6,0,0,0,0,0,0,0,0,0,1,1,0,0,0,0,0,1,0,0,1,0,0,0,0,-1,0,1,0,1,4,0,-2,0,0,-3,0,0,0,0,0,0,0,-1,-0.48098,0,0,-0.435744,0,0,0,0,0,1,0,1,0,1,0,1
0,0,1,0,-1,0,0,-0.456471,1,0,0,0,0,1,0,0,-0.523097,0,0,0,0,0,0,1,0,0,0,0,0,0,-3,0,2.51155,2,0,0,0,0,0,0,1.015626,0,0,-0.707022,0,0,0,0,0,0,0,0,0,0,1,0,0,0,0,0,0,0,0,-1,0,0,0,0,-1,0,0,0,0,-1,-2,0,0,0,0,1,0,0,0,0,0,0,0,-0.711465,0,0,-0.666667,2,0,0,0,0,-1,0,0,0,0,1,1
0,0,0,0,1,0,1,0.830089,0,0,0,0,-3,0,0,1,-0.231872,0,0,-2,0,0,0,1,0,1,0,0,0,-4,3,0,2.52905,4,0,1,0,0,0,0,1.29412,2,-2,-0.692407,0,1,0,0,0,0,0,0,0,0,0,0,2,0,0,-1,0,0,0,0,1,-5,0,1,0,0,1,0,-1,0,0,0,0,0,0,0,0,2,0,-2,0,0,0,-0.347742,0,0,-0.645534,0,0,0,3,0,0,0,0,1,0,1,1
0,0,0,1,0,0,1,-0.333333,0,-2,0,0,0,0,0,1,-0.702447,0,0,0,0,0,-1,0,0,0,0,0,0,0,-1,0,1.76872,2,0,0,0,0,0,0,1.374164,0,0,-0.764706,-1,1,0,0,0,1,0,0,0,0,0,1,0,0,0,0,3,0,0,0,1,0,0,-1,0,0,1,0,-1,0,0,0,0,-1,0,0,0,0,0,0,0,4,0,-0.912012,0,0,-0.631968,0,0,0,0,0,0,0,0,1,0,1,1
0,0,0,0,0,0,-1,-0.848426,0,0,0,0,1,0,0,0,-0.478261,1,0,0,0,0,0,1,0,0,0,0,0,0,1,0,1.87513,2,1,1,0,0,0,0,1.87805,0,-2,-0.70994,0,0,0,0,0,0,0,1,0,0,0,0,0,0,0,0,0,0,0,1,1,0,0,1,0,0,3,1,0,0,0,-2,0,1,0,0,0,-1,0,0,0,0,0,-0.705519,-1,0,-0.368421,0,0,0,0,0,-1,0,0,0,0,1,1
0,1,0,0,-1,0,0,-0.156216,1,0,0,0,1,0,0,0,-0.186142,1,1,0,0,0,0,1,0,0,-1,0,0,0,1,-1,1.67098,12,0,1,3,0,0,0,2.441212,0,0,-0.719876,0,-1,-2,0,0,0,-1,0,0,-2,0,0,0,-3,2,0,0,0,0,1,1,3,0,0,2,0,2,1,0,0,2,0,0,0,2,0,0,0,0,0,0,2,1,-0.781818,0,0,-0.529442,4,0,2,0,0,0,0,0,0,0,1,1
0,0,0,1,0,0,0,-0.531052,1,0,0,0,-1,0,-2,1,-0.089981,1,1,0,0,0,0,0,1,0,0,0,0,2,1,0,0.80426,5,0,2,0,0,0,0,1.059005,0,0,-0.707317,2,0,1,1,0,0,0,0,0,0,0,1,0,0,2,0,0,0,1,0,0,0,0,0,2,3,1,1,0,0,0,0,0,0,0,0,0,0,0,0,0,0,1,-0.756497,-1,0,-0.724158,0,0,0,0,0,1,0,-1,2,0,1,1
0,2,-1,0,0,0,0,0.114314,0,1,0,1,-1,0,0,0,-0.724552,0,0,0,0,0,2,0,0,1,0,2,2,0,0,0,2.08972,7,0,0,0,2,0,0,1.223938,2,0,-0.783121,0,-2,0,0,2,-1,0,0,-1,0,-3,0,0,-1,-1,1,2,1,0,2,1,0,0,0,5,2,-2,0,0,0,0,0,0,-2,0,1,0,0,0,0,1,0,-1,-0.75,0,0,-0.48006,0,1,2,0,0,0,-2,1,0,0,1,1
0,0,0,0,0,0,-1,0.107246,0,0,2,0,0,2,0,0,-0.672562,0,0,0,0,0,0,0,-1,0,0,0,0,0,0,1,2.02762,5,0,0,0,-2,0,0,1.410721,0,0,-0.755102,0,0,0,0,0,0,0,0,0,-2,-1,0,0,0,0,-3,0,1,2,0,1,3,0,0,0,1,1,-1,6,0,0,0,2,0,0,1,0,0,0,1,1,1,0,-0.778329,0,0,-0.569575,0,0,0,0,0,0,0,1,0,0,1,1
0,0,2,0,0,0,0,-0.540062,0,1,0,0,-3,2,2,0,-0.48866,0,0,0,0,0,0,0,0,-1,1,0,0,4,0,0,2.5082,2,0,0,0,0,1,0,1.243482,0,1,-0.706722,2,0,-1,0,0,0,2,0,0,0,0,-1,0,0,2,0,0,1,0,2,1,0,0,0,0,2,-1,0,0,0,0,0,0,0,0,1,0,1,0,0,1,0,0,1.232048,2,0,-0.755102,2,0,0,0,0,0,0,1,0,0,1,1
-1,0,0,0,0,2,0,-0.727151,1,0,0,-1,0,0,0,2,-0.717015,0,0,0,0,-1,0,0,0,0,0,0,-3,2,0,0,2.75278,9,1,0,-1,0,0,0,0.214286,-1,0,-0.714286,0,0,0,0,0,0,2,0,0,0,1,0,-2,0,0,2,0,0,0,0,0,3,0,0,0,1,2,0,-1,0,0,0,0,0,0,1,0,-1,0,0,0,-1,0,-0.366038,0,0,-0.777778,0,2,0,0,0,1,0,0,0,0,0,1
0,0,-1,0,0,0,0,-0.763656,-1,0,-1,0,0,0,0,0,-0.720509,0,1,0,0,0,0,0,1,0,0,0,0,0,1,0,1.33993,3,1,-1,-1,2,0,0,0.246544,0,0,-0.69777,0,0,0,0,-1,0,0,0,1,0,0,0,0,0,0,1,0,0,-2,0,1,-1,0,3,-1,1,0,0,0,-2,0,0,0,0,0,0,0,0,0,0,0,0,0,-0.571429,0,0,-0.777778,1,0,0,0,0,-1,1,0,1,-3,0,1
0,0,-1,0,0,0,0,-0.639169,0,0,0,0,-1,0,0,0,-0.138232,0,0,0,0,0,0,0,1,1,0,0,0,-1,-1,-1,1.25122,7,0,0,1,0,-1,1,0.214286,1,0,-0.72154,-1,0,0,1,0,0,0,-1,0,1,0,0,0,0,0,0,0,0,2,0,-2,0,0,0,0,0,1,0,0,0,0,0,0,-1,-1,1,0,0,0,0,0,0,0,-0.581133,0,0,-0.806645,0,-1,-2,-1,0,-1,0,0,0,0,0,1
1,0,0,1,1,0,0,-0.672986,0,0,0,0,0,0,-2,0,-0.796217,2,0,0,0,0,0,0,0,0,0,-1,0,1,0,0,1.28064,5,1,0,0,1,0,0,0.357025,0,1,-0.734332,1,0,0,0,0,0,0,0,0,1,0,0,0,0,2,-2,0,0,-1,-2,2,0,0,0,-2,0,0,0,0,0,0,0,0,0,0,0,0,0,0,-2,-1,0,0,-0.733333,0,0,-0.916761,0,0,0,-2,1,0,0,1,0,0,0,1
0,2,0,-1,1,3,0,-0.73913,0,0,0,0,0,-3,-1,1,-0.576157,0,0,1,0,0,0,1,0,-1,0,0,0,0,0,1,1.57988,3,0,0,0,1,0,0,0.593869,2,0,-0.629647,0,0,-1,0,0,0,-1,0,0,0,0,0,1,0,0,0,0,0,-1,0,0,0,0,0,0,0,0,1,-1,0,0,0,0,0,0,0,0,0,0,2,1,-3,0,-0.611007,0,0,-0.679644,0,0,2,0,0,0,0,1,3,0,0,1
0,0,0,0,1,2,2,-0.780011,0,0,0,0,0,0,0,2,-0.442282,0,-1,0,0,0,-1,0,0,0,0,0,0,0,0,0,2.48747,-16,1,0,0,1,0,0,0.51184,2,0,-0.777778,1,0,0,0,0,0,0,0,0,0,-4,0,0,0,2,0,0,0,1,0,0,0,0,0,0,0,0,0,0,0,0,-1,0,0,0,0,-1,0,0,2,0,-2,0,-0.249216,0,0,-0.426884,-2,0,1,0,0,3,-1,0,1,0,0,1
0,0,0,0,0,0,-2,-0.733333,0,0,0,-1,0,0,0,2,-0.820896,0,0,0,0,0,0,-1,1,0,0,0,0,-1,0,0,2.7456,3,0,0,-6,0,0,0,0.369701,1,0,-0.576848,0,0,0,-1,0,0,0,0,0,1,-3,1,0,0,-1,0,0,0,0,0,1,0,0,0,0,0,0,0,0,0,0,0,0,0,-1,0,0,0,0,0,0,0,0,-0.712959,0,0,-0.672439,0,0,0,0,1,0,0,1,0,-1,0,1
0,0,0,-1,0,1,0,1.648127,-2,0,0,0,-1,0,0,0,-0.868304,0,0,-2,2,0,0,-1,0,0,0,-1,4,0,0,0,0.92659,2,0,0,0,1,0,0,0.676175,0,0,-0.631368,-1,0,0,0,0,0,0,0,0,-1,0,0,0,-1,0,0,0,-1,0,0,1,0,-2,2,0,0,-3,0,0,0,0,0,0,1,0,-1,0,1,-1,1,0,0,0,-0.746667,0,-1,-0.087006,1,1,1,-1,0,0,0,0,0,0,0,1
1,0,-1,0,0,-1,2,-0.647674,0,-1,5,0,0,0,0,0,-0.820896,0,0,0,0,0,0,0,0,0,0,0,0,0,0,0,0.86645,0,0,0,0,1,0,0,1.462894,0,0,-0.740066,0,0,0,0,0,0,0,0,0,0,0,3,-1,0,0,0,0,0,-1,0,0,1,0,0,2,0,0,0,0,0,1,0,0,-1,0,0,0,1,0,0,0,0,0,-0.77824,0,0,-0.719242,0,0,0,0,0,0,0,1,0,0,0,1
-1,-3,0,0,0,0,0,-0.678838,0,-1,0,1,1,0,0,0,-0.615293,0,0,0,0,0,0,0,0,0,1,0,-1,0,0,0,0.94573,1,0,0,-1,1,0,1,1.827365,0,0,-0.731132,0,0,0,0,-1,0,0,0,0,0,1,0,-1,0,0,0,0,5,0,0,0,0,0,0,0,2,-2,0,0,0,0,0,0,-1,1,0,0,0,-1,1,0,1,0,-0.638984,0,1,-0.547204,0,2,0,0,0,0,0,0,0,0,1,1
1,0,0,0,0,1,0,-0.780245,0,0,0,1,0,0,0,0,-0.7,0,0,2,0,1,3,0,1,0,0,0,0,0,-1,0,1.03353,0,0,0,1,0,0,0,1.723134,0,0,-0.781133,-2,0,2,0,0,0,0,0,0,1,1,0,0,0,0,0,0,-1,0,1,0,0,-1,0,0,1,1,1,1,1,3,0,0,-2,0,0,0,0,0,2,0,1,0,-0.541423,0,0,-0.691123,2,0,0,0,-1,0,1,0,0,0,1,1
0,-2,0,0,0,0,0,-0.688394,0,0,0,0,0,0,0,-2,-0.627486,0,-1,1,0,0,1,0,0,0,0,0,-1,-1,0,0,0.60728,1,1,0,1,0,0,0,0.949343,0,0,-0.695158,0,0,0,0,1,0,0,0,0,0,1,1,0,0,5,0,0,1,0,0,0,0,0,0,0,0,3,0,0,-1,0,0,0,-1,0,0,-1,0,0,1,0,0,0,-0.302911,0,0,-0.561845,0,0,0,0,0,-3,0,-1,0,0,1,1
0,0,-1,0,0,0,1,-0.817197,0,0,0,0,0,0,0,0,-0.479023,1,0,1,0,0,0,0,0,0,-1,0,0,0,0,0,1.06468,3,0,0,0,1,1,-1,0.2,0,1,-0.697003,0,0,0,0,-1,-1,0,0,0,0,0,0,0,0,0,0,0,-1,0,0,1,0,0,0,0,0,1,-1,0,0,2,0,0,0,0,0,0,1,0,0,0,0,0,-0.692308,-1,0,-0.081349,-1,0,1,0,0,1,0,0,0,-1,0,1
0,0,0,0,0,0,-2,-0.496165,1,0,-4,0,0,0,0,0,-0.755186,0,0,1,0,0,0,0,0,0,0,0,0,0,0,0,3.02586,2,1,0,1,1,1,0,1.318032,-1,0,-0.861423,0,0,0,0,0,2,1,0,-1,0,0,1,-1,0,0,0,0,0,0,0,1,0,0,0,0,0,0,0,0,0,-1,0,0,0,0,1,0,0,1,0,0,0,0,-0.810023,0,1,-0.448308,0,0,1,0,-2,1,0,0,-1,0,0,1
0,0,1,0,0,-1,0,-0.620682,0,0,2,0,0,0,0,-2,0.252166,0,0,0,-1,-2,0,0,-2,0,0,-2,-2,2,0,0,0.76307,6,1,0,1,0,0,0,0.197386,0,0,-0.517999,0,0,1,0,1,1,0,1,0,0,0,0,0,0,0,0,0,0,3,-3,0,1,1,0,0,-2,0,-1,0,-1,-1,1,0,0,0,0,1,0,0,0,0,0,0,-0.474152,0,0,-0.64327,0,1,0,0,0,0,0,-1,0,0,0,1
0,2,0,0,1,-4,0,-0.201656,-1,-1,2,0,0,2,0,0,-0.621406,0,0,0,0,0,0,-2,0,0,0,0,0,0,1,0,0.66155,5,0,0,0,1,0,0,1.675487,0,0,-0.775269,0,-1,-1,0,0,0,0,-1,0,0,0,0,-2,0,0,0,0,0,0,0,0,0,0,0,1,0,0,-1,0,-1,0,0,0,0,0,0,0,0,0,-1,-1,0,-1,-0.507121,0,0,-0.701641,-2,0,0,0,0,0,0,1,0,0,0,1
0,0,0,0,1,0,0,-0.798752,1,0,0,0,3,0,0,1,-0.904317,0,0,0,0,0,0,0,-1,-1,1,0,0,2,0,0,1.3931,5,0,0,0,0,0,0,0.67518,0,2,-0.709065,0,0,0,0,-4,0,0,-1,0,0,0,0,0,1,-1,0,0,0,0,2,0,0,0,0,0,0,0,1,0,0,1,0,1,-2,0,0,0,-2,0,-2,0,-1,0,-0.675614,0,-1,-0.769361,0,0,0,0,1,3,0,0,1,0,0,1
-1,0,0,0,1,-1,0,0.027634,0,0,0,0,0,0,0,1,-0.70734,0,0,-1,0,0,0,0,0,0,0,0,0,-1,0,0,1.08069,0,-2,1,0,0,0,0,1.470039,-2,1,-0.788055,0,2,0,0,0,0,1,0,0,0,0,0,0,0,0,0,0,0,0,0,0,0,0,0,3,0,0,0,0,4,0,0,0,1,0,1,0,2,0,2,0,-1,0,-0.578542,0,0,-0.718525,0,0,-3,-2,0,0,0,0,0,0,0,1
0,0,0,1,0,-1,0,-0.871497,0,0,1,0,0,0,2,2,-0.753435,0,0,0,0,1,0,0,1,0,0,2,0,0,0,0,1.1526,5,0,0,0,1,0,0,0.75733,1,0,-0.435786,0,0,-2,-1,0,0,0,0,0,0,1,0,0,0,0,0,0,0,0,0,2,2,0,0,0,1,1,0,-2,-1,0,0,2,1,0,0,0,0,0,0,0,0,0,-0.706003,0,0,-0.769231,0,0,-1,0,1,0,0,-1,2,0,1,1
0,-2,2,1,0,0,0,-0.672437,1,0,-1,0,0,0,0,1,-0.803452,0,0,0,-1,0,0,1,0,0,0,2,1,0,0,1,1.15909,4,1,0,-3,-2,-1,1,0.667534,0,0,-0.668172,0,1,0,0,0,0,0,0,0,0,0,1,-2,0,-1,0,0,0,-1,-1,1,0,1,0,1,2,1,1,2,1,0,1,0,1,0,0,1,0,0,0,0,4,-2,-0.314463,0,0,-0.769231,0,0,0,0,0,0,0,0,0,0,1,1
0,-1,0,1,0,0,0,-0.708482,0,1,0,0,0,2,0,0,6.45291,0,1,1,0,1,0,-1,-1,0,0,0,0,0,0,0,0.95081,12,0,0,1,0,0,0,0.507167,1,0,-0.677997,0,0,-1,0,0,0,0,0,0,0,0,1,3,0,-1,0,0,0,0,0,1,0,0,0,0,2,1,1,0,0,0,0,-1,-1,1,0,1,0,1,0,0,0,0,-0.719285,1,0,-0.687689,0,0,0,0,0,-6,0,0,2,0,1,1
0,2,0,-1,0,0,-2,8.185131,0,0,0,-1,0,0,0,1,-0.613186,0,0,0,-1,0,0,0,0,0,0,-1,0,1,3,0,0.99443,1,0,0,1,0,0,0,0.173231,0,0,-0.620697,0,0,0,0,0,0,0,0,0,0,0,0,0,0,1,0,0,0,0,0,0,0,0,0,0,0,0,0,0,-1,0,1,2,0,1,0,0,0,-1,0,0,0,1,-0.677988,0,0,-0.627738,-3,0,0,0,0,0,0,0,0,0,0,1
0,0,0,0,0,0,0,6.564277,0,0,1,0,0,0,-1,1,-0.625,-1,0,1,0,0,0,0,0,0,0,1,0,0,0,-2,1.3793,4,0,0,0,0,0,0,0.43498,0,1,-0.563389,1,0,0,0,-1,0,-1,0,0,0,0,0,0,0,0,0,0,1,2,0,0,0,0,0,0,0,1,0,0,-1,-1,-1,0,0,1,0,0,1,0,-1,0,1,0,-0.605879,0,0,-0.566571,0,0,-1,0,1,0,1,0,0,0,0,1
0,0,0,0,0,-1,0,9.07771,0,0,0,0,1,0,-1,-4,-0.61949,0,0,0,0,0,0,-1,0,0,0,0,0,1,0,0,1.036,20,-1,0,0,-2,0,-1,0.594255,0,0,-0.590943,0,1,0,1,0,0,0,0,0,0,0,3,0,0,0,0,0,1,0,-3,1,0,0,4,0,0,1,0,0,0,0,0,0,0,1,-1,0,1,0,0,0,2,0,-0.761515,0,0,-0.421453,0,0,0,0,0,-1,0,2,0,0,0,1
0,1,0,0,0,0,0,-0.568225,1,0,0,0,1,1,0,0,-0.7,0,0,0,0,0,0,-1,0,1,-2,0,-2,2,0,0,1.28973,3,0,0,1,1,-1,0,1.079795,0,0,-0.860546,0,0,0,-2,-1,0,0,0,0,0,0,0,0,0,1,0,0,0,0,1,0,0,0,0,2,0,0,0,0,0,0,0,0,0,0,0,2,0,0,1,0,-1,0,0.28662,0,-2,-0.661612,-2,0,0,1,0,1,-1,0,1,2,0,1
0,0,0,1,0,-1,0,-0.795103,0,0,0,0,0,0,0,0,-0.717616,0,1,0,1,0,0,0,0,0,-1,0,-1,0,0,0,2.02879,2,0,0,0,1,0,0,1.787628,4,0,-0.887407,0,0,0,0,0,0,0,0,0,0,0,0,0,0,2,2,0,0,1,1,-1,0,-1,-1,0,0,0,0,0,0,0,0,2,1,0,-1,0,-3,0,2,0,0,-1,-0.744077,0,0,-0.780333,0,0,0,0,0,0,0,-1,1,0,0,1
0,0,0,0,-1,0,0,0.074981,0,0,0,0,0,2,0,0,-0.589049,0,0,0,1,0,0,0,-1,0,0,0,0,0,0,0,2.54811,2,-1,0,-1,1,1,0,1.740678,0,0,-0.835616,0,-1,0,0,0,0,2,-2,0,0,1,0,0,0,0,0,-1,0,1,0,0,0,0,-3,0,0,2,-1,0,0,0,0,0,1,0,-1,0,0,2,0,0,0,0,-0.828566,0,0,0.03942,0,0,0,0,0,0,0,2,1,7,0,1
0,0,0,-2,0,0,0,-0.737368,0,0,1,0,0,0,0,1,-0.418994,0,0,0,0,0,-3,0,0,0,0,0,0,0,-1,1,1.65714,5,0,1,0,0,0,0,1.206352,2,0,-0.774007,0,0,0,0,0,0,0,0,0,-1,0,0,0,-1,0,0,-1,1,0,0,0,1,-1,2,0,1,0,0,0,0,0,0,0,1,-1,0,0,0,0,1,0,0,0,-0.375087,0,0,-0.655604,0,0,0,0,0,0,1,0,1,1,1,1
0,-1,0,1,0,0,2,-0.549683,0,0,0,0,0,2,0,1,-0.368421,0,0,0,0,0,0,1,-1,0,0,0,0,0,-1,1,3.86597,11,0,1,0,0,0,0,2.055903,0,0,-0.637008,0,1,0,0,0,1,0,0,1,0,0,2,0,0,0,0,0,0,0,0,1,0,0,0,0,0,0,0,1,0,0,0,1,1,0,0,0,0,0,1,0,0,0,-0.352073,0,0,0.89638,0,0,3,3,-1,0,1,0,0,1,1,1
0,0,0,0,0,0,1,-0.669555,0,0,0,0,0,0,0,0,-0.121333,0,0,0,2,0,0,0,0,0,0,2,0,0,0,0,1.52736,5,0,1,0,0,1,0,2.005923,0,0,-0.720379,0,1,0,0,0,0,0,0,0,0,1,0,0,0,0,0,1,0,0,0,2,1,0,1,0,0,2,0,0,-3,0,0,-1,0,0,1,0,-1,0,0,0,2,0,-0.433776,1,0,-0.669734,2,0,2,1,0,0,-1,1,0,1,1,1
0,-1,0,1,0,0,0,-0.653322,0,0,-2,0,0,0,0,0,-0.281741,0,0,0,0,0,1,0,-1,1,0,0,0,0,0,0,2.17893,10,0,0,0,-1,0,0,1.165771,0,0,-0.838085,0,0,0,0,0,0,0,0,-1,4,0,0,-2,0,1,2,0,0,0,3,2,3,0,4,0,0,0,0,0,0,-1,0,0,0,0,0,-1,-1,0,1,0,0,0,-0.631513,0,-1,-0.7585,0,0,0,0,0,-2,0,0,0,-2,0,1
0,0,-1,1,0,0,0,-0.679776,0,0,-2,0,0,0,0,0,-0.868754,0,0,1,1,-1,0,0,0,0,0,0,0,0,1,0,2.38266,2,0,0,0,0,1,0,0.716216,0,0,-0.616219,0,0,0,-1,0,0,0,0,0,2,0,3,0,0,0,2,0,0,-2,1,0,0,0,0,-1,0,-4,0,0,0,0,-1,0,0,0,0,0,0,0,-3,0,0,0,-0.643974,0,0,-0.795603,0,1,0,0,0,0,2,0,0,1,0,1
0,0,0,0,-2,0,1,-0.320603,0,0,0,0,0,0,1,0,-0.45464,0,0,1,1,0,1,-1,0,0,0,0,-1,0,0,0,1.96802,14,0,0,0,0,1,0,0.718513,0,0,-0.736075,0,0,-1,0,-1,0,0,1,0,0,0,1,2,0,0,0,0,0,0,-1,-1,1,0,0,0,0,0,-1,1,0,0,0,0,3,0,0,0,0,0,0,0,0,-1,-0.631198,0,0,-0.8,0,0,2,0,0,0,0,0,0,0,0,1
0,1,1,0,0,0,0,-0.538462,0,0,0,0,-1,0,0,0,-0.727096,0,0,0,0,0,0,0,1,0,-1,0,0,0,0,0,1.58771,26,0,0,1,2,0,0,0.55586,0,0,-0.751101,0,0,0,0,0,0,0,0,0,-3,0,2,-1,0,0,0,0,-1,0,1,0,0,0,0,1,1,0,0,1,0,2,0,-3,0,0,0,1,0,0,0,0,0,0,-0.517393,-1,0,-0.800771,0,0,0,0,0,1,-1,0,0,-4,1,1
0,0,1,0,0,2,0,-0.538462,0,0,0,0,0,-1,0,1,-0.788528,0,0,0,1,0,0,0,0,0,1,0,3,0,0,0,1.05714,2,0,-1,1,0,-1,1,0.727746,0,0,-0.725316,-1,0,-1,0,0,0,1,0,0,-2,-2,1,0,0,-4,2,0,0,0,0,0,1,2,-1,0,1,-3,0,-1,0,0,-1,0,0,0,1,0,1,0,1,0,0,0,-0.749255,0,0,-0.899138,2,0,0,1,0,0,0,-1,0,0,1,1
0,0,0,1,0,-1,0,-0.49569,0,0,0,0,-1,0,3,0,-0.66564,0,0,-1,0,0,-1,0,0,0,0,0,2,2,0,0,0.5834,5,0,0,1,1,0,0,0.592979,0,0,-0.653844,0,0,0,0,0,0,1,0,0,0,0,0,0,0,0,0,0,-1,0,1,0,0,0,0,0,1,1,0,0,0,0,0,1,-1,0,0,0,0,0,2,0,0,0,-0.657606,0,0,-0.892365,0,0,0,3,0,-2,0,0,1,0,1,1
1,0,2,0,0,0,0,-0.675676,0,0,0,0,2,-1,0,0,-0.689311,0,0,0,1,0,0,0,0,0,0,0,0,0,3,0,1.64646,2,0,0,0,2,0,0,1.723177,0,0,-0.612903,-1,2,0,0,0,0,0,0,-1,-3,0,-1,1,0,0,1,0,-1,2,0,0,1,1,0,2,0,0,0,0,0,0,0,0,0,0,0,0,1,0,0,0,0,0,-0.563041,0,-1,-0.35763,2,-1,0,0,1,0,0,0,0,1,0,1
0,-1,0,0,0,0,0,-0.710293,-1,0,0,0,0,1,0,0,-0.494604,0,0,0,0,0,0,0,0,0,0,2,2,0,2,0,0.80844,4,0,0,-1,1,-1,0,1.608299,0,0,-0.553779,3,0,0,-1,0,0,0,0,0,0,0,0,0,1,0,0,0,0,4,0,1,0,-2,0,0,-1,0,0,0,3,2,0,0,0,0,0,0,1,0,0,0,1,-1,-0.727273,0,0,1.383818,0,0,0,0,0,-1,0,-2,1,1,0,1
0,1,0,-1,0,0,0,-0.69648,-1,0,1,0,0,0,0,1,-0.623222,0,-1,0,0,0,0,0,0,0,0,0,0,0,0,0,0.51845,8,-1,0,-1,0,0,0,1.729187,0,1,-0.612903,2,0,0,0,0,0,0,0,1,0,0,0,0,0,-1,0,0,0,0,-3,2,0,0,0,0,0,0,0,2,0,0,0,-2,0,0,0,0,0,0,0,1,-3,1,-0.727273,0,0,-0.487557,0,0,0,0,3,0,1,0,0,-2,0,1
0,1,0,0,0,0,0,-0.663474,2,-1,0,0,0,0,0,1,-0.684211,-1,0,0,0,0,0,0,1,1,0,0,0,1,-2,0,0.88571,3,-1,0,-2,1,-1,1,0.887224,-1,0,-0.567104,0,0,0,0,0,0,-1,0,1,-3,-2,0,3,3,-1,0,0,0,0,-2,0,0,0,0,-1,0,0,0,0,0,0,0,0,-1,0,0,0,-3,-2,2,0,1,0,-0.636364,0,0,0.462951,0,0,-4,0,0,0,0,0,0,0,0,1
0,0,0,0,0,0,0,-0.294095,0,0,0,0,-1,0,1,1,-0.694004,-1,1,0,0,0,0,0,0,0,0,0,0,2,-1,0,0.91211,7,-1,0,0,1,0,-1,0.712378,0,2,-0.514171,-1,1,0,0,0,0,0,0,0,0,0,0,0,-1,0,0,0,0,0,0,1,0,2,0,-2,0,0,1,-1,0,0,0,-1,-1,0,0,0,0,0,0,1,0,0,-0.636364,0,-1,-0.728592,0,1,2,0,0,1,0,1,1,0,0,1
0,-4,1,0,-1,0,0,-0.64638,0,0,0,0,-3,0,-2,1,-0.715707,0,0,2,0,0,0,0,1,1,0,0,-1,6,0,1,0.88571,0,0,0,0,1,0,0,0.836423,1,0,-0.612903,0,0,0,0,0,0,0,-1,1,2,0,0,-2,0,0,-1,0,0,-3,0,1,2,0,-1,-1,0,-2,0,0,0,0,0,0,1,0,0,0,0,0,3,1,-2,0,-0.636364,0,-2,-0.688579,0,1,0,0,-1,0,2,1,0,0,0,1
0,0,1,0,0,1,0,-0.417772,0,0,0,0,1,0,-1,-4,-0.112246,1,0,1,0,0,0,-2,1,0,0,1,0,0,0,0,1.28571,0,0,0,0,1,-1,0,0.815411,-1,0,2.414492,1,0,0,0,0,0,0,0,0,0,1,-4,0,0,1,0,0,0,0,-2,0,1,0,0,0,0,0,0,0,-1,0,0,0,1,0,0,0,0,0,0,0,1,-1,-0.537269,0,-1,-0.601904,0,0,-1,0,0,-1,0,1,-1,0,0,1
0,3,0,1,0,0,0,-0.30028,0,0,1,0,0,0,0,0,-0.4,0,-1,0,0,0,0,-1,0,0,0,0,0,-1,1,-1,1.17202,0,0,0,0,1,0,0,1.182062,-1,2,6.21394,1,0,0,0,0,0,1,-1,0,0,0,0,1,0,0,0,0,0,-2,0,0,1,0,0,0,0,2,0,0,-1,0,-1,0,0,0,1,0,0,-1,0,0,0,0,-0.8345,0,0,-0.469907,0,0,2,0,0,0,0,0,0,0,0,1
0,0,1,0,0,0,1,-0.203812,0,1,0,0,0,0,0,0,-0.421416,0,0,0,0,0,0,-1,1,-1,0,1,0,0,0,0,2.18213,3,0,0,0,0,0,0,0.278111,0,0,1.921049,0,0,0,0,0,-1,0,0,0,0,0,0,-1,0,0,0,0,0,-1,7,0,2,1,0,0,0,0,1,1,0,1,0,1,0,0,0,0,0,0,0,0,0,0,-0.783548,0,0,1.769099,0,0,0,0,1,3,0,0,0,0,0,1
0,0,0,0,0,0,2,2.54545,0,0,0,-1,0,0,0,0,-0.713315,0,-1,2,0,0,0,0,0,0,-1,0,0,0,0,0,0.48571,1,0,0,0,0,0,0,2.655085,0,0,-0.294118,0,0,0,0,0,0,0,0,-1,1,6,1,0,-1,0,0,0,0,0,0,0,-1,0,-1,1,1,0,0,2,0,0,0,0,2,0,0,0,0,-2,1,0,0,-1,-0.333333,0,0,-0.595891,0,0,0,0,2,0,0,1,0,-1,1,1
0,-6,0,0,0,0,0,2.54545,1,0,-1,0,0,0,0,0,-0.905939,1,0,2,0,-1,0,0,0,0,0,0,0,0,-3,0,0.79701,5,0,0,0,0,0,0,1.638498,0,0,-0.430109,0,-1,1,0,1,0,-1,0,0,0,1,-1,2,0,0,0,0,0,0,-1,0,0,0,2,0,-1,0,0,0,0,0,2,0,3,0,0,0,0,0,0,0,1,0,0.176382,0,0,-0.046916,2,0,0,0,0,1,0,1,-1,0,1,1
0,0,1,2,0,0,0,-0.566412,0,0,0,0,0,0,0,0,-0.733871,0,-1,0,0,1,0,1,0,0,0,0,1,0,0,0,0.48571,2,0,0,0,1,0,0,2.008302,1,0,-0.735727,0,0,0,0,0,-1,-1,0,-1,-1,0,1,1,0,-1,0,0,0,-1,0,-1,0,0,1,-1,-3,0,0,0,1,0,0,1,1,0,0,0,0,1,0,0,0,0,-0.014676,0,0,0.534427,0,0,1,-1,0,0,0,0,0,0,1,1
1,0,0,0,0,1,0,-0.86271,1,0,0,0,1,0,0,0,-0.688161,0,0,0,0,0,0,-2,0,0,0,0,0,-1,0,1,1.68566,4,0,0,0,0,2,0,0.810345,1,-1,-0.754905,1,1,2,0,-1,-1,0,0,0,0,0,0,0,0,0,0,1,0,-2,0,1,3,1,2,-1,0,0,-2,-3,0,0,0,0,0,0,0,0,0,0,0,-1,2,0,-0.764706,0,0,1.794746,0,1,0,0,0,0,0,-1,0,0,1,1
0,-2,0,0,0,1,0,1.459722,0,0,-1,0,0,1,0,0,-0.625681,0,0,0,0,0,0,2,1,0,0,2,1,0,0,0,2.11078,3,0,0,0,0,1,0,0.69421,0,0,-0.593669,0,0,0,0,0,0,0,0,0,-1,0,1,0,0,0,0,0,0,-1,0,0,1,1,0,0,3,1,0,0,0,-1,0,0,0,0,0,0,0,0,0,0,0,0,-0.73867,0,0,-0.571429,0,1,1,0,0,0,0,0,-3,0,1,1
0,0,0,0,0,0,1,-0.82194,0,1,0,0,0,0,2,0,-0.5665,0,0,0,0,-1,-1,0,0,0,0,0,1,0,0,0,2.2256,5,0,1,0,-1,0,-1,0.866337,0,0,-0.887319,1,0,0,0,0,0,0,0,0,0,2,0,1,0,1,0,0,0,0,0,1,0,1,-1,0,-1,1,0,0,0,0,0,0,1,0,2,0,0,0,0,0,1,0,-0.834621,0,0,-0.404283,0,1,0,0,0,0,-1,-1,0,0,1,1
0,0,0,4,1,0,0,-0.741609,2,1,0,-1,0,0,0,0,-0.657143,0,0,0,0,0,0,0,-1,0,-2,0,-4,2,0,-1,1.07579,0,2,0,1,1,0,0,1.276328,0,0,-0.677162,0,0,0,0,0,0,1,0,0,0,0,0,0,0,0,0,0,0,1,-1,1,1,0,0,0,2,2,0,0,0,0,-1,0,-1,0,0,0,1,0,1,0,0,0,-0.912411,0,0,-0.729207,0,0,-2,-1,1,0,1,-1,0,0,0,1
0,-1,-1,0,1,0,0,-0.577578,0,0,-1,0,0,0,0,0,-0.672609,0,0,0,0,0,1,0,0,0,0,3,0,2,-1,-1,0.88571,0,0,0,1,0,0,0,0.709677,1,0,-0.612903,1,0,0,0,0,1,2,0,0,0,0,0,0,0,1,0,0,0,0,1,0,1,0,0,3,0,0,1,0,0,0,0,2,0,0,0,0,0,0,0,1,0,0,-0.908615,1,0,-0.672786,2,0,-3,0,0,0,0,0,0,0,0,1
0,2,0,1,1,0,0,-0.64162,0,-1,0,0,-1,4,-3,1,-0.517465,0,0,-1,2,0,0,0,0,0,0,0,0,0,3,-1,0.9259,0,-1,0,1,1,0,0,0.922671,0,0,-0.561507,0,0,1,0,0,0,2,0,0,0,0,1,1,0,0,0,0,0,0,1,0,0,1,0,0,0,0,0,0,0,0,0,0,2,0,0,0,-1,0,0,0,2,0,-0.458799,0,0,-0.640079,0,0,0,0,1,2,0,0,0,0,0,1
0,-2,0,0,2,0,0,-0.63118,0,0,0,0,-1,3,2,1,-0.759625,0,0,1,0,0,0,1,0,0,-1,0,0,-1,-1,0,1.16778,-14,1,0,1,0,0,0,3.627479,0,0,-0.638233,0,2,0,0,0,0,0,0,-2,0,0,0,0,0,0,0,0,0,2,0,0,0,0,2,0,0,0,1,0,-2,3,0,0,0,0,-1,-1,0,0,0,0,1,0,-0.692564,0,0,-0.642377,2,0,4,2,0,0,-2,0,1,2,1,1
0,0,0,0,0,3,0,-0.529875,0,0,0,0,0,0,-1,0,-0.707317,0,0,0,2,0,-1,0,0,1,2,0,0,0,0,-1,3.84522,3,0,0,0,0,0,0,0.888889,0,0,-0.733333,0,0,0,0,0,0,1,0,0,2,0,0,3,-1,0,0,0,0,0,0,1,0,1,-2,2,1,0,0,4,0,0,-1,0,0,-1,-2,0,0,0,0,1,0,1,-0.344561,0,1,-0.636843,0,-1,0,0,-1,0,2,1,0,0,1,1
0,0,0,0,1,0,0,-0.640348,0,0,0,0,0,0,0,0,-0.707317,0,0,3,0,0,0,0,0,0,0,0,0,0,1,0,1.23625,4,0,0,1,0,0,0,0.998558,0,0,-0.831034,0,-1,0,0,0,1,0,0,0,3,0,0,0,0,1,0,0,0,0,0,1,0,0,0,0,1,0,0,0,0,2,2,0,0,0,0,0,0,0,2,0,0,0,-0.642483,1,1,-0.627186,0,0,0,0,0,0,0,1,0,0,1,1
0,0,0,0,0,1,0,-0.704123,0,0,-1,1,1,0,0,0,-0.53008,0,0,1,0,0,0,-1,0,0,-1,0,0,0,0,0,0.48227,5,0,0,1,1,0,0,1.146887,0,0,-0.710558,0,0,0,0,0,0,0,0,0,0,0,0,0,0,0,0,-1,0,0,1,0,-4,-1,0,0,0,0,0,0,-2,0,0,0,0,0,0,0,0,0,0,1,1,-1,-0.134839,0,1,-0.679169,0,0,0,2,0,0,0,0,0,0,0,1
0,0,1,0,-2,0,0,-0.709385,0,0,0,1,0,1,-1,0,-0.256594,0,0,1,4,0,0,0,0,0,1,1,0,0,0,0,1.23082,3,0,0,0,1,0,0,1.41244,0,0,-0.517857,0,1,-1,0,0,0,0,0,0,1,0,3,0,0,0,0,0,1,0,1,1,0,1,0,0,0,0,0,1,0,-1,0,1,0,0,0,0,0,0,0,0,0,0,-0.378066,0,1,-0.179843,0,1,0,0,0,0,0,0,0,0,0,1
0,0,0,0,0,0,0,-0.614424,0,0,2,0,0,-1,0,1,-0.359502,0,0,1,0,0,0,0,-1,0,0,0,0,-1,-1,-1,0.82857,2,1,0,1,0,2,0,0.916886,0,0,-0.757451,0,0,0,-1,-1,1,0,0,0,-1,-1,0,-1,0,0,0,0,0,1,0,0,-3,0,0,1,-1,0,0,0,1,-2,0,0,-1,1,0,0,0,0,0,0,0,0,-0.762136,0,1,-0.675676,0,0,0,0,0,1,-2,0,0,-1,0,1
0,0,0,-1,0,-1,0,-0.598147,0,0,0,0,0,0,0,1,-0.708341,0,0,0,0,0,0,0,0,0,0,0,3,0,-1,0,1.49251,8,0,0,0,0,0,0,0.991608,-1,0,-0.859706,-2,0,0,0,0,0,0,0,0,0,0,0,0,-1,0,0,0,0,0,0,-1,0,0,0,0,0,0,-1,0,0,0,1,0,0,0,0,-1,0,0,1,-1,0,0,-0.340286,0,0,-0.671393,0,0,1,0,0,1,0,0,0,-1,1,1
-1,0,0,-2,0,1,0,-0.5765,1,0,0,0,0,0,0,2,-0.821561,0,0,0,0,0,1,0,0,0,-2,0,-1,0,0,0,1.77736,0,0,0,0,-2,1,0,0.660523,0,0,-0.547464,1,0,0,0,0,0,1,0,0,0,0,0,0,0,-2,0,0,0,1,0,0,1,1,0,0,0,0,0,1,0,0,0,1,0,0,1,0,0,0,0,0,0,0,-0.602275,0,0,-0.878858,4,0,2,-1,0,1,0,0,0,0,1,1
0,0,1,0,0,1,0,-0.6,0,0,1,0,0,0,2,1,-0.722458,1,0,-1,0,-1,-1,-4,0,0,0,0,0,3,0,0,1.13644,1,2,0,0,0,0,0,0.502071,0,0,3.146364,0,0,0,0,0,0,0,0,0,0,1,3,0,0,1,0,0,1,0,0,0,-2,0,0,1,-1,1,0,1,-1,0,0,0,0,0,0,0,0,0,1,0,2,0,-0.457375,0,-1,-0.796205,0,0,1,0,0,1,-4,1,0,0,1,1
0,0,1,0,1,-1,0,-0.515734,0,0,0,2,0,0,0,0,-0.562582,1,0,0,0,0,0,0,1,1,0,1,0,0,0,0,2.56844,3,0,0,0,0,0,0,1.0625,0,0,-0.864913,0,0,0,0,0,0,2,-1,0,0,1,0,0,1,0,2,0,0,-4,0,0,0,2,0,0,1,0,0,-2,0,0,0,3,0,0,0,-2,0,0,1,0,0,0,-0.692308,0,0,-0.632009,0,0,0,0,0,0,0,0,1,0,1,1
0,0,1,0,0,-1,0,-0.6,1,0,0,-1,0,0,-2,1,-0.633338,0,0,0,0,1,0,2,1,1,0,0,3,1,0,1,1.34111,7,0,0,0,0,0,0,0.457091,1,0,-0.768751,-1,0,0,0,2,0,1,0,0,0,0,0,0,1,0,-1,0,0,0,0,-1,0,0,0,0,0,-1,-1,-1,3,0,1,1,0,0,0,0,0,0,0,0,2,0,-0.621556,0,0,-0.689549,0,0,0,0,0,0,0,0,1,0,1,1
0,0,0,1,0,0,0,-0.270776,0,0,0,0,2,0,0,0,-0.612858,0,0,2,0,0,0,1,0,1,0,0,0,0,0,0,1.54549,0,0,0,0,0,0,0,0.625697,2,-1,-0.699493,0,0,0,0,0,0,0,0,0,0,0,0,0,0,0,-1,0,0,0,0,0,0,0,0,0,1,1,1,0,0,0,0,0,-1,0,0,1,0,0,2,0,0,0,-0.690353,0,0,-0.748392,2,0,5,-2,0,0,0,0,1,0,1,1
0,0,1,0,0,0,-1,-0.678509,0,0,-2,0,0,0,0,1,-0.542753,0,0,0,2,0,-1,0,0,0,0,0,0,0,1,0,1.09605,10,0,0,0,-2,0,0,0.386781,2,0,-0.615115,0,0,0,0,-1,0,0,0,0,0,2,2,0,2,1,-1,0,0,1,0,3,0,-1,0,1,0,0,0,0,0,-1,0,0,0,1,1,-1,0,0,1,0,0,-1,-0.480659,0,0,-0.839415,0,0,0,0,0,0,0,-2,0,-1,0,1
0,0,0,0,0,0,0,-0.692364,0,0,0,0,1,0,0,0,-0.709236,0,0,0,0,2,0,0,0,1,0,0,1,0,0,0,0.95208,0,-1,0,0,0,0,1,0.212121,1,-1,-0.636364,0,1,0,0,0,0,1,0,0,-1,0,1,-1,-1,0,0,0,-1,0,0,0,0,2,0,0,0,0,0,1,0,2,0,0,0,-1,0,0,0,0,0,0,1,0,-0.758676,0,0,-0.902557,2,0,0,0,0,3,-1,-1,1,0,0,1
0,0,0,0,0,0,0,-0.641621,0,1,-1,0,0,0,1,0,-0.538462,0,0,3,0,2,0,0,0,-3,0,1,0,0,0,0,0.94286,1,0,2,0,0,0,0,2.547304,1,0,-0.699016,0,1,0,0,0,0,0,1,0,0,0,1,0,0,0,0,0,0,0,0,0,0,0,0,0,1,0,1,0,-1,0,0,0,1,0,0,0,0,0,0,0,3,0,-0.699857,0,0,-0.74098,0,0,-5,0,0,0,0,0,1,0,0,1
0,0,2,1,0,0,0,-0.737944,0,0,0,0,-1,0,3,0,-0.71084,0,0,2,0,0,0,0,0,0,0,0,0,-1,-1,0,0.60702,1,0,0,1,0,0,0,1.135846,0,-2,-0.753097,0,-1,0,0,0,0,1,0,0,0,2,0,0,1,0,0,0,0,1,0,1,0,0,0,0,0,3,0,0,1,0,0,0,0,-1,0,-1,0,0,0,1,2,0,-0.459309,-1,0,-0.609936,0,-1,1,0,0,1,1,0,0,-1,0,1
0,0,0,0,0,0,0,-0.596595,0,0,0,0,-1,0,1,1,-0.583133,0,0,0,0,-1,0,0,0,1,0,0,0,0,0,0,0.97326,3,0,0,0,0,2,0,2.946312,0,0,-0.678787,0,1,0,0,1,0,1,0,0,0,1,0,0,1,0,1,0,1,0,0,3,1,2,2,0,0,1,0,1,-2,-1,0,1,1,0,0,0,0,0,1,0,-1,0,-0.684211,3,0,-0.274615,0,0,-2,0,0,0,0,0,0,0,0,1
0,0,0,0,0,0,0,-0.788466,0,0,-1,0,0,0,0,0,-0.41782,1,1,2,0,-1,0,-2,1,0,0,0,0,0,0,0,0.95903,1,0,0,0,0,0,0,2.670076,1,0,-0.366005,2,0,0,0,0,0,0,0,0,0,-1,1,0,1,0,0,0,0,0,0,1,1,1,0,0,0,0,0,2,-1,1,0,0,-1,0,0,0,0,0,0,0,0,0,-0.663517,0,0,-0.634608,4,0,0,-1,0,0,0,0,0,0,0,1
0,0,0,1,0,0,0,-0.6,0,1,1,0,0,0,0,1,-0.74457,0,0,0,1,-1,0,1,0,0,0,0,0,0,0,-1,1.0,9,0,0,-2,0,0,1,1.928288,0,-1,-0.821375,1,0,0,0,0,1,1,1,0,0,1,0,0,1,1,1,0,0,0,-1,0,0,0,1,0,0,1,1,0,0,0,0,0,0,0,0,-1,1,0,1,0,-1,1,-0.70677,0,0,-0.136761,0,0,0,0,0,0,0,0,0,1,0,1
2,0,0,0,0,0,-2,-0.739888,0,0,4,0,0,0,1,2,-0.344731,0,1,0,1,0,-1,0,0,0,0,1,0,0,2,-1,0.80985,1,0,0,0,1,0,0,1.289178,0,0,-0.614988,0,0,0,0,0,0,0,0,0,0,0,0,1,0,0,0,0,0,1,1,0,1,0,0,-1,0,0,1,0,0,0,0,1,-1,0,2,0,0,0,1,0,-2,1,-0.662999,0,-1,-0.714286,-1,0,1,0,0,1,0,0,1,1,0,1
0,0,1,1,0,0,0,-0.531142,0,0,0,0,0,0,0,0,-0.737308,0,0,-1,1,0,0,0,0,0,0,0,0,0,0,0,0.66207,14,0,0,0,0,0,0,0.342857,1,0,-0.645155,0,0,0,0,0,3,1,0,0,0,2,0,0,0,1,0,0,1,0,0,2,1,0,1,0,0,0,1,0,0,0,0,0,-1,0,-1,0,0,0,1,0,0,1,-0.666667,0,0,-0.862404,0,0,-1,0,1,1,0,-2,0,0,0,1
0,-1,0,0,0,-1,0,-0.791428,0,0,0,0,0,0,-2,0,-0.317193,1,0,4,2,0,0,1,0,1,-1,0,0,0,1,0,0.56943,7,0,0,1,0,0,-1,0.706672,0,0,-0.773903,0,1,0,0,0,0,0,0,0,1,0,1,0,0,2,0,0,0,1,1,0,-1,1,-1,0,0,-1,1,0,0,2,0,0,0,0,0,0,1,0,0,0,0,0,-0.570159,0,0,-0.739333,0,0,0,0,0,-1,0,0,0,1,1,1
0,0,0,0,0,0,0,-0.79661,0,0,0,0,0,0,1,0,-0.364625,1,-2,0,1,0,0,0,0,0,0,1,2,0,1,0,2.79339,8,0,0,0,0,0,-1,0.661846,0,0,-0.709841,0,0,1,0,0,0,0,0,2,-1,1,0,0,1,0,0,0,0,-4,0,0,1,1,0,2,0,0,0,0,0,2,0,0,0,0,0,0,0,0,0,0,0,0,-0.58245,0,0,-0.71157,0,0,0,0,0,0,2,3,1,0,1,1
0,1,0,0,0,0,0,-0.846447,0,0,0,0,0,0,0,0,-0.111284,0,0,0,0,0,0,-2,1,-1,0,4,0,2,2,0,1.74705,7,0,0,-1,0,0,0,1.178716,0,0,1.079239,1,0,0,0,0,0,0,-1,0,0,1,0,0,0,0,0,0,0,1,1,0,0,1,0,3,-1,3,0,0,0,3,0,2,0,0,0,0,0,0,0,0,0,0,-0.556838,0,0,-0.728751,2,0,0,0,0,0,0,0,0,4,1,1
0,0,-1,1,1,1,1,-0.600817,0,0,-1,1,0,1,0,0,-0.66428,0,0,0,0,2,0,2,0,0,0,0,0,-1,1,0,1.79687,2,0,0,0,0,0,0,2.954044,0,0,-0.828571,0,0,0,0,0,2,0,0,1,1,0,0,1,0,0,-1,-1,-1,3,0,0,0,1,-1,0,0,0,0,0,0,0,0,0,0,0,0,0,0,0,0,0,0,0,-0.661392,0,0,-0.794618,0,-1,2,0,0,1,0,0,1,0,0,1
0,2,0,1,1,0,1,-0.46066,1,0,0,0,-1,0,0,0,-0.666008,0,0,0,0,0,1,0,0,0,0,-4,0,0,1,0,2.00103,6,0,1,0,1,0,0,2.472021,0,0,-0.828571,0,0,2,0,0,0,0,0,1,-1,-2,0,2,0,0,0,0,0,2,0,0,0,0,0,0,0,0,0,0,0,0,0,0,0,0,0,0,0,0,0,1,-1,0,-0.644349,0,0,-0.586265,0,0,-2,0,0,0,0,2,0,0,0,1
0,0,0,0,0,0,-2,-0.036776,0,0,0,0,0,-2,0,1,-0.684211,0,0,0,0,0,-1,0,0,0,0,3,0,2,1,0,1.56477,4,0,0,0,-1,-2,0,0.769112,0,0,-0.839991,-2,0,1,0,0,0,0,0,1,-3,0,0,0,1,0,0,0,0,1,1,0,0,0,0,1,0,0,0,0,0,-1,0,0,-1,0,0,0,0,0,0,0,0,0,-0.585773,0,0,-0.761359,0,1,0,0,-1,0,0,0,1,0,0,1
0,0,0,0,0,-1,0,-0.855504,0,0,-1,0,0,0,-1,0,-0.7,0,0,-1,-2,0,-1,0,0,2,1,4,0,0,-2,0,0.96541,7,0,-2,0,0,0,0,0.27907,0,3,-0.702518,0,0,0,0,0,-1,0,0,0,-3,1,0,0,0,0,0,0,0,0,0,0,0,1,0,0,0,0,0,0,0,0,-1,0,1,0,0,0,0,0,0,0,0,0,-0.76,0,0,-0.593308,0,0,0,0,0,0,0,0,-3,0,0,1
0,0,0,-1,0,0,2,-0.755102,0,0,0,0,0,-1,0,0,-0.697491,0,0,0,1,0,0,7,0,1,0,0,0,-3,0,0,1.07722,2,0,0,0,0,0,0,2.435226,-3,-1,-0.34262,0,0,0,1,0,-2,0,0,0,-2,-1,0,0,0,0,-2,-2,0,0,1,0,0,0,2,1,0,0,0,0,0,0,0,0,0,0,0,0,0,0,-3,0,-1,0,-0.507822,0,-1,-0.32713,0,0,-1,0,0,1,0,0,0,0,0,1
0,0,-1,0,0,0,-2,-0.761713,0,2,0,0,0,0,4,1,-0.523719,0,0,0,0,0,0,0,3,0,0,0,0,1,0,0,1.50185,10,0,-1,1,-1,0,0,0.311356,-1,0,-0.74152,-2,0,0,0,0,0,0,0,-2,0,0,1,0,0,0,0,0,0,0,1,0,1,0,2,-1,0,0,1,-1,-1,0,0,0,0,0,0,-1,0,0,0,1,0,0,-0.765175,1,-1,-0.688703,0,0,0,1,0,-1,0,0,0,0,0,1
0,0,1,0,0,0,1,-0.802039,0,0,0,0,1,0,0,0,-0.707317,0,0,0,1,0,-3,0,1,1,0,-3,0,0,3,0,1.8,5,0,0,0,0,0,0,0.89031,0,0,-0.809524,0,0,0,0,0,1,0,1,0,0,0,0,0,0,1,0,0,0,0,0,0,0,1,3,3,0,0,0,2,-3,0,0,0,0,0,0,0,0,0,0,0,0,0,-0.708814,0,0,-0.672406,-1,0,0,0,0,0,0,0,0,-1,1,1
0,0,3,0,0,0,0,-0.632683,1,1,-2,-1,3,0,0,0,-0.707317,0,0,0,3,0,0,0,0,0,0,0,0,0,0,0,1.73758,5,0,0,0,1,0,0,1.089858,-1,0,-0.606218,0,1,-1,1,0,0,0,0,0,0,-1,0,-1,0,0,0,1,0,0,0,0,1,0,-1,0,0,2,1,0,0,0,-2,0,0,0,-2,0,0,0,0,0,0,0,-0.653364,0,0,-0.6883,0,0,0,0,1,1,1,0,1,0,1,1
0,0,0,0,0,3,0,-0.685656,1,1,0,0,0,2,0,1,-0.891366,-1,-1,0,0,0,1,0,0,0,0,0,2,0,0,0,2.74501,0,0,-1,1,-1,4,0,0.698413,0,0,-0.772205,0,1,0,0,0,1,0,2,0,0,1,0,0,0,0,5,0,0,0,-1,0,1,-1,0,0,0,0,0,0,0,0,0,0,0,0,1,1,-1,0,0,0,1,0,-0.692308,0,0,-0.487496,0,0,0,0,0,0,0,0,0,0,1,1
0,0,0,1,2,1,0,-0.716191,0,0,1,0,0,0,0,0,-0.746067,0,0,0,0,0,0,0,0,0,0,0,0,3,0,0,1.13742,1,0,0,1,-1,-1,0,2.067373,0,-3,-0.690885,0,0,1,0,0,0,0,0,0,4,0,0,0,0,0,0,0,-2,0,0,0,0,0,0,2,1,0,0,1,0,0,0,0,-1,0,1,0,0,0,0,0,1,0,-0.681332,0,0,6.619606,2,0,0,1,0,1,0,0,-2,0,0,1
0,-1,0,0,0,0,1,-0.565071,-1,0,0,0,0,0,0,0,-0.769231,0,2,0,1,0,0,0,0,0,2,0,0,0,0,0,1.06279,2,1,0,1,0,0,0,2.0,1,0,-0.7,0,0,1,0,0,1,1,0,0,0,1,0,0,0,0,0,0,0,0,-2,1,0,0,-1,0,0,1,0,0,2,0,-2,0,0,0,0,0,0,0,0,0,1,0,-0.685261,0,0,8.031886,3,0,0,0,0,0,0,0,0,0,0,1
0,0,1,0,0,1,0,-0.526192,0,0,0,0,0,2,1,0,-0.769231,0,0,0,0,-1,0,1,0,0,0,0,0,0,0,0,2.89249,7,0,0,1,0,0,0,1.730781,0,2,-0.350981,0,0,1,0,0,0,0,0,0,0,0,1,0,0,0,1,0,0,0,0,1,0,0,0,0,0,-2,4,0,0,0,0,0,0,0,1,-2,1,-2,0,0,1,-2,-0.603481,0,0,7.74576,0,0,0,0,0,0,0,-1,0,0,0,1
0,-1,1,0,0,2,1,-0.651321,0,1,0,0,1,0,0,0,-0.535578,1,0,0,0,0,0,0,0,-2,0,0,0,0,0,1,1.51429,1,0,0,1,0,0,0,0.523429,2,0,-0.458418,0,-3,0,0,0,1,0,0,-1,0,2,0,0,0,0,0,0,-2,0,1,1,0,-3,-1,0,0,0,-1,1,2,0,0,1,0,0,0,0,0,-1,-1,0,0,2,1.996242,0,0,-0.690107,2,0,2,0,0,0,2,0,-1,0,1,1
0,0,0,0,0,0,0,-0.725134,0,-1,0,0,3,0,0,0,-0.776196,0,0,0,0,1,0,0,0,0,-1,0,0,0,1,0,1.34223,1,0,0,1,0,-2,0,0.603774,0,0,-0.773585,0,0,0,0,0,0,0,-2,0,0,0,0,0,0,-4,0,0,-1,0,0,0,0,0,1,0,0,0,2,1,2,0,0,0,0,0,0,0,-1,0,0,0,0,0,-0.769584,0,0,-0.620411,0,0,3,0,0,0,0,0,0,0,1,1
0,0,0,0,0,0,0,-0.796265,0,0,0,0,0,0,0,0,-0.647096,0,1,0,1,1,-1,0,0,-1,0,0,0,0,3,0,1.90007,14,0,0,1,0,-1,0,0.603774,2,1,4.729856,1,0,-2,0,0,-1,0,0,0,0,0,0,0,0,0,0,0,0,0,0,0,0,1,1,0,0,0,0,1,0,0,0,0,0,1,0,-1,0,0,0,0,0,0,-0.905621,0,1,-0.538462,0,0,0,0,0,0,0,0,1,0,1,1
0,0,1,0,0,0,1,-0.72093,-2,0,-2,-1,0,0,2,0,-0.797319,0,0,0,0,1,0,1,0,0,0,0,0,0,1,1,1.00244,5,0,0,1,0,-1,0,2.081478,-1,0,-0.854324,0,1,0,0,0,0,0,0,-2,0,-3,0,-1,0,0,0,0,0,0,3,0,0,0,0,2,0,0,0,0,-2,0,0,5,0,0,0,0,0,0,-1,0,1,1,-0.529983,0,0,-0.654663,0,0,2,0,0,0,0,-3,0,0,1,1
0,0,1,5,1,0,0,-0.800499,0,0,0,0,0,0,0,0,-0.777778,0,-1,0,1,0,0,2,1,1,0,0,0,3,1,0,0.59387,4,0,0,1,1,0,1,2.459312,0,-1,0.238287,0,0,0,0,0,2,-1,0,0,0,0,0,0,0,0,0,0,-2,0,0,-1,0,1,0,0,0,0,0,1,0,0,-1,0,2,0,1,0,-1,0,1,0,1,0,-0.218374,0,0,-0.447847,-2,0,0,0,0,1,0,0,0,0,1,1
0,0,1,0,0,3,0,-0.126047,0,0,0,0,0,0,3,0,-0.812051,0,0,0,-2,0,0,2,1,0,0,2,0,0,1,1,0.74808,9,0,-1,0,1,1,0,2.02941,1,0,-0.661029,0,1,1,0,-1,0,0,1,0,0,0,1,1,0,0,-4,0,0,0,-1,0,0,1,0,-1,0,0,0,0,0,0,0,0,2,0,0,-1,0,0,0,0,0,0,-0.262257,-1,0,-0.802388,-1,0,4,0,0,0,0,0,-1,0,1,1
0,2,-3,-1,0,0,0,-0.506811,0,-1,0,0,0,0,0,0,-0.816706,0,0,0,0,1,0,0,0,0,1,0,0,-2,0,0,0.93528,6,0,0,0,0,1,0,0.237826,1,0,-0.612221,0,0,0,0,0,2,0,0,0,0,-1,0,-1,1,0,0,0,0,0,1,0,1,0,0,0,0,1,0,0,0,2,1,-1,0,0,-2,0,1,1,-1,0,-2,0,-0.499948,0,0,-0.643106,0,-1,0,0,0,0,0,-4,0,0,0,1
0,-1,0,-1,0,0,0,-0.007785,-1,0,0,0,1,0,0,2,-0.721979,-1,0,0,0,0,0,-1,0,0,0,0,-1,2,1,0,0.79184,2,-1,0,0,0,0,0,0.272964,0,0,-0.864319,0,-1,0,-2,0,0,0,0,0,0,0,0,-1,0,0,0,0,1,0,0,-1,1,0,0,0,0,1,-1,0,1,0,0,0,0,1,0,0,0,0,-1,0,3,-2,-0.635944,0,0,-0.478261,0,0,0,0,0,1,0,0,-1,1,0,1
-2,3,0,0,0,0,0,-0.590494,0,0,-1,1,0,0,2,0,-0.707317,0,1,0,-1,0,0,-2,0,1,0,0,0,0,1,0,0.93403,0,0,0,0,0,1,0,0.313128,0,1,-0.438526,0,1,-1,0,0,0,1,0,0,0,0,0,2,0,0,0,0,0,0,2,1,0,0,0,-2,0,0,0,0,0,0,0,-2,1,0,0,0,1,0,3,0,-1,-1,-0.863164,0,0,-0.621454,0,0,0,0,0,1,-1,0,0,-1,0,1
0,0,0,1,1,0,0,-0.415868,0,-1,0,0,0,0,0,0,-0.74171,0,0,1,0,0,0,0,0,0,0,0,2,0,-2,-1,1.02857,0,0,0,0,-2,-1,0,1.285206,0,0,-0.729493,0,0,-1,0,0,0,0,0,0,0,0,1,0,1,2,1,0,1,0,1,2,0,0,0,-2,0,0,1,1,-1,2,0,0,0,0,0,-2,0,0,1,0,1,0,-0.714286,0,0,-0.503797,0,0,0,2,0,0,0,-1,0,0,1,1
0,0,0,1,1,-1,0,-0.664907,0,0,0,0,0,2,0,0,-0.692742,0,0,1,0,0,0,0,0,-1,1,0,2,0,-1,0,1.01931,12,0,1,1,0,0,0,1.234488,0,-1,-0.691859,0,0,0,0,0,-1,-1,0,0,1,0,0,0,1,0,0,0,1,0,0,-1,-2,1,0,0,0,-2,0,0,0,0,0,0,0,0,0,0,0,0,0,0,0,0,-0.670434,0,1,-0.671662,0,0,2,0,1,0,0,0,0,2,1,1
0,1,0,1,1,-2,-1,-0.665349,0,0,0,0,0,0,1,0,-0.551678,0,0,0,0,0,-1,0,0,0,0,0,0,0,0,-1,1.11017,14,1,1,1,0,0,0,1.073803,0,0,-0.736409,0,0,-1,0,0,0,0,0,0,0,0,0,2,0,2,0,0,1,0,1,0,0,0,-2,2,0,0,0,0,0,3,0,0,0,0,0,0,-1,0,0,1,0,0,-0.713393,-1,0,-0.175885,0,-1,2,0,0,0,0,0,0,0,1,1
0,0,1,0,0,0,0,-0.85384,1,0,0,0,0,0,3,3,-0.55667,-1,0,0,0,1,0,0,0,0,-1,0,0,1,0,0,1.18671,8,0,0,0,0,0,0,0.273708,2,0,-0.748283,0,0,0,2,0,0,1,0,0,0,0,1,0,-1,0,0,-1,0,0,1,0,-1,1,0,0,0,0,0,0,-1,3,0,0,1,0,0,0,1,0,0,0,0,-2,-0.6,0,0,-0.616625,-1,1,0,0,1,0,0,0,1,0,1,1
0,0,0,0,-1,0,0,-0.779859,0,0,1,0,-2,1,0,0,-0.435042,0,0,-1,-2,1,0,0,0,-1,0,0,0,0,1,0,1.21939,5,0,0,0,-4,0,0,0.638825,3,0,-0.733222,0,-1,0,0,0,0,1,0,0,1,0,0,0,0,0,2,0,0,0,0,-1,0,0,0,0,1,0,0,0,0,0,0,0,-2,0,-2,0,0,0,0,0,1,0,-0.559497,0,0,-0.600045,2,1,0,-2,0,1,0,1,0,1,1,1
0,0,0,0,0,0,1,-0.79661,0,0,0,0,0,2,1,0,-0.682168,0,0,0,0,0,0,0,0,0,0,2,0,0,1,0,1.28571,10,1,0,0,0,0,0,0.607727,0,1,-0.711003,0,0,0,2,0,0,1,0,0,1,1,0,0,0,1,0,0,0,0,0,1,0,-2,0,0,1,0,-1,0,0,0,0,0,0,0,0,0,0,0,0,0,1,0,-0.839852,0,0,-0.768718,6,1,0,0,1,1,0,0,0,0,1,1
0,0,0,0,0,0,-1,-0.754537,1,0,0,0,0,0,0,0,-0.686161,0,0,1,0,0,0,0,1,-2,0,1,0,2,0,2,1.09273,1,0,1,0,0,0,0,1.192058,3,0,-0.677658,0,0,0,0,0,0,0,0,0,0,0,0,1,0,0,-1,0,0,1,0,1,2,1,1,0,0,0,0,0,2,0,0,0,0,0,0,0,0,1,2,0,0,0,4.486305,0,0,-0.764955,0,1,0,0,0,2,1,0,0,1,1,1
-1,0,0,0,0,1,0,-0.650574,1,0,0,0,0,0,0,0,-0.833333,0,0,0,1,-1,0,2,1,1,0,0,0,1,0,1,0.82243,4,0,0,0,0,0,0,1.124973,1,0,-0.338326,0,0,0,0,1,0,0,1,0,-1,0,1,0,0,0,0,1,0,1,0,0,1,0,0,0,1,-1,0,0,3,0,0,1,0,0,0,0,1,0,0,-1,0,1,-0.827372,0,-1,-0.476956,0,0,0,-1,0,0,0,1,0,0,1,1
0,0,0,0,0,0,0,2.456028,0,0,0,0,0,0,0,0,0.002856,0,0,0,0,0,0,0,0,0,0,0,0,0,0,0,0.67384,5,0,0,0,0,-2,0,1.149811,0,0,-0.666667,0,2,2,1,0,0,0,0,0,-1,0,0,0,0,-1,0,0,0,0,0,0,0,1,-1,0,0,1,0,0,-1,0,0,0,0,0,0,0,1,1,0,0,0,0,-0.626169,0,0,-0.7,4,1,0,0,0,0,0,1,-1,-1,1,1
2,0,0,0,0,0,0,-0.644406,0,0,0,0,0,0,1,0,-0.906229,1,0,0,0,-1,0,-1,0,0,0,0,1,0,1,0,0.50629,1,0,0,0,0,0,0,0.662899,0,0,-0.641854,0,-1,-4,0,0,0,0,-2,0,0,0,0,0,1,0,0,-1,0,0,1,0,0,1,0,1,0,0,0,-3,-1,-1,0,-1,1,-1,0,0,0,0,0,0,0,-2,-0.508659,0,0,-0.8148,1,0,0,1,0,0,0,1,0,0,0,1
0,0,0,-2,1,0,0,-0.471838,0,0,0,0,0,0,-2,0,-0.72093,0,0,0,4,0,0,0,0,-2,1,0,0,0,1,0,0.62857,1,0,0,0,0,0,-1,1.811129,0,0,-0.777052,1,1,1,0,1,0,2,0,0,0,0,0,1,1,0,0,0,0,-1,1,2,0,1,0,2,0,-1,0,0,0,0,-1,0,0,0,0,0,1,0,0,-2,2,0,-0.806452,0,1,-0.782139,0,0,2,1,0,1,1,1,1,0,0,1
0,0,3,0,0,0,0,-0.666819,0,-1,0,2,0,0,2,0,2.026471,0,0,0,0,0,0,-1,0,0,-1,0,3,0,1,0,0.57429,1,0,0,-1,0,0,0,1.303768,0,-1,-0.328501,0,0,0,2,0,0,0,0,0,0,0,0,0,1,2,0,0,0,0,0,1,0,1,2,0,0,0,-1,0,0,0,0,0,0,0,0,0,0,-1,0,0,0,0,-0.806452,0,0,0.617284,1,0,0,0,1,2,-1,0,0,0,0,1
0,0,0,0,-1,0,0,-0.426079,0,0,0,-1,2,0,0,2,-0.678943,0,0,0,0,0,0,1,0,0,-1,0,0,0,0,0,0.73942,5,0,0,0,0,0,0,1.242062,2,0,0.040708,1,0,0,0,1,0,0,0,0,0,0,1,1,1,0,-1,1,0,0,0,2,0,0,0,0,2,0,0,0,0,0,0,0,0,0,0,-1,0,0,0,1,1,0,-0.545608,0,0,-0.767274,0,0,0,0,0,-1,1,-4,0,1,1,1
0,3,0,0,0,-2,-1,-0.573182,0,0,0,0,0,-2,0,0,-0.781818,0,0,1,0,1,0,0,0,1,0,0,0,0,0,0,0.79968,9,0,-1,1,1,0,0,1.298691,0,0,-0.512227,0,1,0,0,1,1,0,0,0,0,1,1,0,1,-5,0,0,0,0,1,0,0,1,0,2,0,0,0,1,0,0,0,0,3,0,0,1,0,1,1,0,0,0,-0.466471,0,0,-0.671141,0,0,0,0,0,3,0,0,0,1,1,1
0,-2,0,0,0,0,0,-0.55148,0,0,0,1,0,0,0,2,-0.697722,-1,0,0,-1,0,0,0,0,0,0,2,0,0,0,0,0.76864,8,0,0,0,0,0,0,1.035437,0,0,-0.538462,-2,0,0,0,0,0,0,0,0,0,0,1,0,0,0,0,0,0,0,0,0,0,0,1,0,0,-1,0,1,0,0,0,1,0,0,0,0,1,0,0,0,1,1,-0.314411,0,0,-0.73913,0,0,0,0,0,0,1,-1,0,0,1,1
-1,0,0,1,0,-1,2,-0.535863,0,1,0,0,2,0,0,2,-0.787069,0,-2,2,0,0,0,0,-1,0,0,3,0,0,0,0,1.1608,3,0,0,-1,0,1,0,1.27119,0,0,-0.660562,0,0,1,0,-1,0,0,0,0,0,0,0,0,0,-1,0,0,0,-1,0,0,0,0,0,0,0,0,0,1,0,0,0,0,0,-1,0,0,0,0,-3,-1,0,-1,4.195794,0,0,-0.4544,-4,0,0,0,0,0,1,1,0,0,0,1
0,2,0,1,0,-1,0,-0.686514,0,1,0,0,0,0,0,3,-0.787604,0,0,-1,1,0,0,0,0,1,0,2,3,0,0,0,1.68571,7,-2,0,0,0,1,0,1.458782,0,0,-0.581645,0,0,1,0,0,0,0,0,0,0,0,0,0,1,0,-3,0,0,0,1,0,0,0,0,0,0,0,0,1,0,0,0,0,0,0,0,-1,1,0,0,0,0,0,-0.333333,0,0,-0.424508,0,0,0,0,0,0,1,0,0,-1,0,1
0,0,0,1,0,0,1,-0.548221,-1,0,0,0,0,0,-2,0,-0.763008,0,0,0,0,0,1,0,0,0,0,2,-1,0,1,1,1.61722,9,-1,-2,0,0,1,0,1.279399,0,2,-0.797901,0,0,1,0,0,0,0,0,1,0,1,0,1,0,0,-2,0,0,0,0,0,0,0,0,2,0,0,0,1,0,0,0,1,0,0,-1,0,0,0,-2,0,1,-1,-0.292326,1,0,-0.735232,0,0,0,0,0,0,2,-5,0,0,0,1
-1,-2,0,-1,0,-1,0,-0.638173,0,0,-1,0,-1,0,2,-1,-0.146104,0,0,1,1,0,0,0,-1,-1,0,0,0,2,1,0,0.70969,9,0,0,-1,0,0,-1,1.340765,0,0,-0.738113,0,0,1,-1,0,1,0,0,0,0,0,1,-2,1,0,-1,0,0,0,0,0,1,3,-1,0,-3,1,0,2,2,0,0,1,1,0,0,0,0,0,0,0,1,0,-0.514236,0,0,-0.763712,0,0,0,0,0,0,0,0,0,1,0,1
0,0,-1,2,0,0,0,-0.684211,1,0,1,1,1,0,0,0,-0.788443,0,0,1,0,1,0,0,1,0,0,0,0,0,1,0,0.65714,5,0,0,1,0,0,0,1.462465,0,0,-0.360631,0,0,0,0,1,-1,0,0,1,0,0,0,-1,1,-2,0,0,0,0,1,0,1,1,0,0,0,1,0,1,0,3,0,0,0,0,0,0,0,0,-2,0,0,0,-0.764706,0,0,-0.666667,0,0,-2,0,0,0,0,0,0,1,0,1
0,-2,-2,0,0,1,0,-0.684211,0,0,-2,0,-2,0,0,0,-0.76,2,0,0,0,0,0,0,0,0,0,0,0,3,1,0,1.45337,1,0,-2,0,0,0,0,1.202665,2,0,-0.815035,0,0,0,2,0,0,0,0,0,-1,-1,1,-1,0,0,0,0,0,0,1,1,0,0,0,-2,0,0,0,0,-1,0,0,1,1,0,0,0,-2,0,0,0,0,-3,-0.703108,0,0,-0.741762,0,0,-1,0,0,0,0,0,0,0,0,1
0,0,0,0,0,0,0,-0.791557,-2,0,-1,0,0,0,1,2,-0.684188,0,0,1,-1,0,0,0,0,1,0,0,0,0,1,0,1.80449,0,0,0,0,0,1,0,0.299848,0,0,-0.654503,0,0,0,0,0,0,0,0,0,3,-4,0,-2,0,-3,0,0,0,-1,0,0,1,0,0,0,1,0,2,0,0,0,0,0,-1,0,0,0,2,0,1,0,2,0,0.522005,0,0,-0.613597,2,0,0,0,0,1,0,0,0,0,0,1
0,0,0,1,0,-1,-1,-0.50871,1,0,0,1,0,-1,2,1,-0.632577,0,0,1,0,0,0,0,0,1,0,-1,0,0,0,1,0.77597,13,1,0,3,0,0,1,0.549766,-1,1,-0.704148,1,1,0,0,-1,0,0,2,0,-2,0,0,2,0,-1,1,0,1,-1,0,1,0,0,0,1,-1,0,0,0,-1,0,0,1,1,0,0,0,1,0,1,0,0,0,-0.610755,0,0,-0.647059,0,1,-1,0,0,1,0,0,0,1,0,1
0,0,0,0,0,0,0,-0.832866,-2,0,0,0,0,1,0,1,-0.657143,0,0,0,0,-2,0,0,0,0,0,-2,0,0,1,0,1.93376,0,0,0,1,0,1,0,0.292683,0,0,-0.707317,1,0,0,1,0,0,0,0,0,0,-1,1,0,-2,0,1,0,1,0,0,0,2,0,0,-2,0,0,1,0,-4,0,0,2,3,-2,1,0,0,0,0,-1,1,0,-0.714708,0,0,-0.4955,1,0,2,0,1,1,0,0,-1,-1,0,1
0,0,0,0,0,3,0,-0.586207,-1,0,0,0,0,0,0,-2,-0.634486,0,0,2,0,0,0,-1,0,0,0,0,0,0,0,0,1.93808,1,0,0,-1,1,0,0,1.550021,0,0,-0.833184,0,1,0,0,1,0,0,0,0,-1,0,0,0,1,0,0,0,0,0,0,0,1,0,-1,0,1,0,0,1,2,0,0,1,0,0,0,0,1,0,-1,0,0,0,-0.668375,0,3,-0.49081,0,0,0,0,0,0,0,0,0,0,1,1
0,-1,-3,1,0,1,0,0.039888,0,0,1,0,0,0,1,0,-0.627854,1,0,1,-1,0,0,0,0,0,0,0,0,1,0,0,1.81732,4,0,0,0,0,0,0,1.468601,0,0,-0.752744,0,1,0,0,0,3,0,0,0,1,0,0,0,1,0,-1,0,0,1,0,0,1,0,0,2,1,1,0,0,0,2,0,0,0,0,0,0,0,0,0,0,0,0,-0.675676,0,0,-0.792403,5,0,0,-2,0,2,0,-3,1,-1,1,1
0,0,0,0,0,0,0,-0.586207,0,0,0,0,-1,1,0,0,0.222239,0,0,0,0,0,1,0,0,0,0,2,0,0,-2,0,0.94985,3,0,0,0,0,0,0,0.870736,0,0,-0.875624,0,1,0,0,0,0,0,-1,0,0,0,0,-2,1,0,0,0,0,0,1,0,1,0,0,5,0,5,0,1,0,0,0,0,0,0,0,0,2,0,-1,0,0,-1,-0.700608,0,0,-0.783688,0,0,0,0,0,-1,0,0,1,0,1,1
0,0,0,1,1,0,0,0.130455,-2,0,1,0,0,0,0,0,-0.368421,1,1,1,0,0,0,1,0,0,0,0,0,0,0,0,0.97984,0,0,0,1,1,-1,0,0.965448,0,0,-0.63837,0,0,0,0,0,0,0,0,0,0,0,0,1,2,2,0,0,0,-1,1,0,0,0,0,0,0,1,0,0,0,0,0,0,0,0,0,0,0,0,-2,0,3,1,-0.270266,0,0,-0.637588,0,0,0,0,0,0,0,0,0,1,1,1
0,0,1,0,1,0,0,-0.612903,0,0,0,1,0,0,0,-1,-0.171494,0,0,0,0,-2,0,1,0,0,0,0,0,0,0,0,2.11327,2,0,0,0,1,0,0,0.70043,0,0,-0.76751,-1,0,0,-1,0,0,0,0,0,0,0,0,1,0,0,0,0,0,2,1,1,1,0,1,0,2,0,2,0,1,0,0,0,0,0,1,1,1,0,0,0,1,1,-0.861807,0,0,-0.618642,0,0,8,3,0,0,0,1,0,0,1,1
0,0,3,1,0,0,1,-0.689296,0,1,0,1,0,4,0,0,-0.368421,0,0,0,0,0,0,0,-1,0,0,2,0,-1,0,0,1.0,7,0,0,1,1,-1,0,0.77532,0,0,-0.663936,0,0,0,0,0,1,0,1,0,0,0,0,1,0,0,0,1,0,0,1,0,0,0,0,1,0,0,0,0,3,0,0,0,0,0,0,0,0,0,1,0,0,0,-0.174498,0,0,-0.581805,0,0,0,0,0,0,0,0,0,2,1,1
0,0,0,0,0,0,-1,-0.54447,1,0,0,0,-1,0,0,0,-0.474052,0,0,0,2,2,2,0,0,0,0,0,0,0,0,-1,1.69081,2,0,0,0,1,0,0,0.89228,0,0,-0.789036,0,0,0,-1,0,0,0,0,0,0,0,-1,0,1,0,0,0,-1,0,1,0,0,0,0,0,0,4,0,0,2,0,1,0,4,0,0,1,0,0,1,-3,0,0,-0.214307,0,0,-0.812919,0,0,-1,0,1,-2,-1,1,1,0,1,1
0,0,0,0,0,3,-1,-0.37275,0,0,0,0,0,1,0,0,-0.657143,0,0,0,0,0,0,0,0,-1,0,0,0,0,-1,-1,1.86666,2,0,0,0,-1,0,0,0.828691,0,0,-0.781031,0,0,0,0,1,0,0,0,0,1,0,0,0,1,0,0,0,-1,2,1,0,0,0,-1,0,0,0,0,-2,0,0,-1,-1,0,-1,0,0,0,0,1,0,0,0,-0.846154,2,2,-0.773585,0,0,2,-1,0,0,0,1,0,0,1,1
0,0,0,0,0,0,-6,-0.431456,1,0,2,0,-2,0,0,0,-0.657143,-1,0,0,0,0,0,0,0,0,0,0,0,0,0,0,1.61242,2,0,1,-2,-1,0,0,0.598308,0,0,-0.813635,0,0,0,0,-1,0,0,0,0,0,0,-1,0,1,0,0,0,0,0,1,1,0,0,-1,0,0,1,-1,1,0,0,0,0,2,0,-1,-1,0,0,1,0,-2,0,-0.846154,0,0,0.05926,0,1,0,0,0,0,0,1,0,0,1,1
0,0,0,-1,0,0,0,-0.273412,0,0,0,0,2,1,-1,0,-0.508173,0,0,0,0,0,-2,0,0,3,1,-1,0,1,2,0,0.95224,8,0,0,0,0,0,0,0.278873,0,0,-0.595296,0,0,0,0,0,0,0,0,-1,3,0,0,0,1,2,-2,0,0,0,2,0,2,0,0,3,0,0,0,0,0,0,0,1,2,0,-1,0,0,0,0,0,1,0,-0.730222,0,1,-0.714286,0,1,-2,0,0,0,0,0,-1,0,0,1
0,0,0,0,0,0,0,-0.192362,0,0,0,-2,0,1,2,0,-0.487643,0,0,2,0,0,0,-1,0,0,-1,0,0,0,0,-1,0.8776,1,0,0,0,0,0,0,0.258065,0,1,-0.526748,0,0,0,0,0,0,0,0,0,0,0,0,-1,-1,-4,0,0,0,1,0,0,4,0,2,0,0,0,0,0,1,1,0,1,-3,0,0,0,0,0,1,0,0,0,-0.806165,0,0,-0.578282,-4,0,0,0,0,0,0,0,0,-2,0,1
0,0,-1,0,0,1,1,-0.301983,0,0,-1,2,0,0,0,0,-0.098599,0,0,1,1,-1,-2,-3,0,-1,0,-1,1,-1,-1,0,0.90965,1,0,0,1,0,0,0,0.239152,-1,0,-0.657025,1,0,0,0,0,0,0,0,0,0,-1,1,0,1,0,3,0,0,2,2,-2,0,0,0,0,0,0,-2,0,0,0,0,1,0,0,2,0,0,0,0,0,1,0,-0.826767,0,0,2.851277,-1,0,2,0,0,0,0,-3,0,0,0,1
0,0,0,0,0,0,0,-0.533797,0,0,0,0,0,1,0,0,-0.524188,0,0,0,0,0,0,1,0,0,0,2,0,0,2,0,2.71572,2,0,0,0,0,0,0,0.65625,0,0,3.590553,0,0,0,1,1,0,0,0,1,0,0,1,0,0,0,0,0,0,0,0,1,1,0,0,0,-3,1,0,0,0,0,0,0,1,0,-1,0,0,0,0,-1,1,0,-0.195848,0,0,8.9,2,0,0,0,0,0,2,-1,0,0,0,1
0,0,4,1,0,-1,-1,-0.663884,0,0,0,0,0,1,0,0,0.142448,0,0,0,1,0,0,0,0,0,0,3,0,0,0,-1,0.86722,1,-1,0,0,0,-3,-1,0.65625,0,1,-0.606864,0,0,0,0,0,1,0,0,0,0,0,2,0,0,0,0,0,0,-1,-1,1,0,0,0,0,0,1,0,1,0,0,0,0,1,-1,0,0,0,0,0,0,2,-1,-0.764706,0,0,8.469257,0,0,2,-1,0,0,-2,2,0,0,0,1
0,0,0,1,-1,0,0,-0.292304,0,0,0,0,0,0,0,0,0.002748,0,0,0,1,0,0,0,0,0,1,0,0,0,0,0,1.05238,2,0,0,0,0,0,0,1.897975,0,0,-0.609015,1,0,0,0,1,0,0,0,1,0,0,0,0,-3,3,0,0,0,0,1,1,0,1,0,0,2,1,0,1,0,0,0,0,1,0,1,0,0,0,0,0,2,-1,-0.853014,0,0,8.952837,0,0,0,0,0,0,0,0,0,-1,0,1
0,0,0,0,0,-1,0,-0.684459,1,0,0,0,0,0,0,1,-0.645309,0,0,0,1,1,2,0,0,0,0,-2,0,0,0,1,1.08598,12,0,-2,1,0,0,0,0.505492,1,0,-0.624104,-1,0,0,0,0,0,0,0,1,-2,0,1,1,0,-1,0,-1,0,2,0,0,0,0,0,0,0,0,1,1,0,1,0,0,0,0,-1,1,0,0,0,0,0,0,-0.838644,0,0,-0.925246,-2,0,0,0,0,0,0,2,0,2,0,1
0,-1,0,2,0,0,0,-0.737301,0,0,-1,0,1,-1,0,1,-0.675676,1,0,0,0,-1,0,0,0,0,0,0,4,1,0,-1,0.96241,2,1,0,0,0,0,0,1.921304,0,0,-0.694701,1,0,0,0,0,0,0,0,0,0,3,0,0,0,0,0,1,0,1,0,0,0,0,0,0,0,1,0,0,0,0,0,0,0,0,0,0,0,0,0,0,0,1,0.044261,0,0,-0.73739,0,0,0,0,1,1,0,3,0,1,0,1
0,3,0,0,0,1,1,-0.669414,0,0,0,0,0,0,0,0,-0.612943,0,0,0,0,0,0,1,1,0,0,0,0,2,1,0,1.11429,1,0,0,2,0,1,0,0.426497,0,0,-0.26815,-2,0,0,0,0,-1,0,0,0,0,1,0,0,0,0,0,0,2,1,0,0,0,0,0,0,0,0,0,1,-1,1,0,0,-1,-1,0,1,0,0,-1,0,0,0,-0.746932,0,0,-0.612903,0,0,0,0,0,0,0,0,2,1,0,1
0,0,0,-1,0,3,0,-0.740759,1,0,0,0,1,0,0,-1,-0.882655,0,0,0,-1,0,0,0,0,1,0,0,0,2,0,0,1.18959,1,0,0,0,0,0,-1,0.610999,1,0,-0.711401,0,0,0,2,0,0,0,0,0,0,-2,0,0,-1,0,0,0,0,0,0,-1,-1,0,0,-2,0,0,0,1,1,0,0,0,-3,0,0,0,-1,0,1,0,1,0,-0.52,0,2,-0.778701,0,0,1,0,0,1,0,-2,0,0,0,1
0,0,1,0,-1,1,0,-0.901194,0,0,0,0,0,0,0,0,-0.72093,0,0,0,0,0,0,0,0,0,0,1,0,-3,0,0,1.21028,7,1,0,1,0,-1,0,0.664094,0,0,-0.692731,1,1,0,0,0,0,0,0,1,0,2,0,-1,0,0,0,0,0,0,1,0,3,0,0,0,0,0,0,1,-1,0,0,0,0,0,0,0,0,0,0,0,-1,0,-0.52,0,0,-0.490233,0,0,0,0,0,1,0,-1,1,1,0,1
0,0,0,1,0,1,0,-0.62558,0,2,0,0,0,2,0,0,-0.72093,0,0,2,1,0,1,0,-1,1,0,3,0,0,0,0,0.90899,5,0,0,3,-2,0,1,0.31756,0,0,-0.800961,4,0,-1,-1,1,1,0,0,0,-2,2,0,0,0,1,-1,0,0,-2,0,-1,1,2,2,0,1,0,0,1,-1,0,0,1,0,0,0,0,1,0,1,0,1,0,-0.133238,0,0,0.919045,0,1,0,0,2,0,0,0,0,2,0,1
0,1,0,0,0,1,1,-0.680921,1,0,0,0,-2,3,0,0,0.041271,0,0,0,1,-2,0,0,0,1,1,1,0,0,3,0,3.72202,2,0,0,0,1,0,0,1.03509,0,0,-0.596793,2,0,0,0,0,0,0,0,0,1,0,1,0,-1,0,0,0,0,0,0,1,0,0,2,0,0,2,0,0,0,2,0,0,1,0,0,0,0,0,-1,0,0,0,-0.566152,0,0,-0.643966,0,0,0,2,0,-3,0,-3,0,0,1,1
0,1,0,0,0,0,1,-0.67291,0,0,0,0,0,0,0,0,-0.426562,0,0,3,1,0,0,0,0,0,0,1,-1,0,0,2,1.62729,15,1,0,0,1,1,0,1.03509,0,0,-0.789474,0,-2,0,2,0,0,0,0,0,1,0,0,0,0,0,0,0,0,4,2,0,1,0,-1,0,0,0,0,0,2,0,0,2,0,0,0,1,-1,0,0,0,0,1,-0.230893,0,0,-0.641096,0,0,0,0,0,0,0,-2,0,0,1,1
0,1,3,0,0,0,1,-0.684211,0,0,0,0,1,0,0,0,-0.368421,0,0,1,2,-1,0,0,0,0,0,1,-1,0,1,0,1.47063,11,0,0,-1,1,0,-1,1.203952,0,0,-0.817293,0,0,0,0,0,0,0,0,0,2,1,2,2,0,0,0,0,1,1,0,0,0,0,0,1,1,0,1,0,0,0,0,1,0,0,0,0,1,0,0,1,0,0,-0.072548,0,0,-0.480756,0,0,0,0,-1,0,0,1,0,0,1,1
0,0,3,0,0,-2,1,-0.79582,1,2,0,0,0,0,0,0,-0.16556,1,-1,0,1,0,0,1,0,-1,0,0,3,0,0,0,0.91998,4,0,-2,0,0,1,0,1.491777,0,0,-0.575523,0,1,-1,0,0,0,0,0,0,0,1,-1,2,0,0,0,0,0,0,0,0,1,0,0,0,0,-2,-1,0,1,0,0,0,3,0,0,0,1,-1,0,0,0,0,-0.839929,0,0,-0.570938,2,1,3,0,0,1,0,0,0,1,1,1
0,-1,4,0,0,0,0,-0.213992,0,0,0,0,0,0,-4,-7,-0.8125,1,0,0,0,0,1,0,0,-1,0,1,0,0,0,0,1.70699,2,0,0,1,1,0,0,1.37209,0,0,-0.711381,0,2,1,0,0,1,0,0,0,1,1,0,1,0,0,4,0,0,-2,0,0,1,0,0,0,0,0,-1,0,0,0,0,0,0,0,0,0,1,0,0,0,1,0,-0.57109,0,0,-0.462266,0,1,-1,0,0,1,2,0,0,0,1,1
0,0,0,2,0,1,-1,-0.5,1,0,-1,0,0,0,0,0,-0.822305,0,0,1,0,0,0,0,0,0,0,0,1,0,0,0,1.23024,5,0,-1,1,0,1,0,1.047613,1,0,-0.72393,0,0,0,0,0,-1,0,0,0,1,0,0,0,1,6,-1,0,0,2,0,0,2,0,0,0,1,0,1,0,1,0,0,-1,0,0,0,0,1,0,0,0,-1,0,-0.631514,0,0,-0.445492,0,0,1,0,1,1,-1,0,2,1,1,1
0,-1,0,0,0,0,0,-0.405071,0,0,0,-2,0,1,0,1,-0.547877,2,0,0,3,0,0,0,-1,-2,0,0,0,1,0,0,0.51429,0,0,0,-2,1,0,0,2.658731,-2,0,-0.487919,-1,1,0,0,1,0,0,0,0,-1,0,1,2,-2,0,2,0,0,0,0,0,0,1,0,0,0,0,0,0,-3,0,0,0,0,0,0,0,1,0,0,0,0,0,-0.659536,0,0,-0.733377,0,2,-3,1,0,0,0,0,-2,0,0,1
0,0,0,0,0,0,0,-0.232867,0,0,-2,0,-2,0,0,0,-0.657143,0,-1,0,0,0,0,1,-1,0,0,-2,0,-1,-1,0,0.51429,1,0,0,1,2,0,0,2.937189,0,0,0.183304,0,0,0,0,0,0,0,0,1,-1,0,0,0,0,0,0,0,-2,0,0,0,0,0,0,-3,0,1,0,0,0,0,0,0,1,-1,0,0,0,0,-1,0,1,0,-0.537548,0,0,-0.719412,0,0,0,0,0,0,1,0,0,-1,0,1
0,0,-1,0,0,0,0,-0.603356,0,0,0,0,0,0,1,0,-0.679065,0,0,0,-1,-1,0,0,0,0,0,0,1,0,0,0,0.52438,3,0,0,1,0,1,0,0.980599,0,0,0.304032,0,1,2,0,0,0,0,0,0,0,0,-1,0,2,1,0,1,0,0,0,3,0,-1,0,-2,0,0,0,1,0,0,0,0,-2,-1,0,0,-1,0,0,0,0,0,-0.755349,-1,0,-0.78326,0,0,0,-2,0,1,1,3,0,0,0,1
0,0,1,0,0,0,-1,-0.632367,0,0,1,0,0,0,0,0,-0.698136,0,0,0,1,0,0,-1,0,0,-1,0,0,0,0,0,1.35571,0,2,0,0,1,0,0,2.860356,0,1,-0.580385,0,1,0,0,0,-1,1,0,1,0,0,1,2,0,0,0,0,0,0,1,1,0,-1,0,2,0,1,0,1,0,3,0,1,0,1,0,0,-1,0,0,0,0,0,-0.679518,0,0,-0.684211,0,0,0,1,0,-1,0,1,-1,0,0,1
0,1,0,0,0,0,0,-0.809009,0,0,0,0,0,0,0,0,-0.67406,0,0,0,1,0,1,1,0,0,-3,0,0,3,0,0,0.8,2,0,0,0,0,0,0,1.153497,0,0,-0.261915,0,1,0,0,0,1,1,0,1,0,0,1,0,0,0,0,0,0,0,1,0,-1,1,0,0,0,1,0,0,0,0,0,0,0,0,0,0,1,0,0,0,1,-1,-0.574211,0,0,-0.684211,0,1,0,0,0,0,0,1,-1,0,0,1
0,1,0,0,0,0,0,-0.747058,-1,0,1,0,1,0,0,0,-0.712114,0,0,1,1,1,1,0,-1,1,0,2,3,-2,2,0,0.8,2,0,0,-1,1,0,-1,3.260436,0,0,-0.571429,0,0,-2,0,0,-1,1,0,0,0,0,0,-1,0,-1,1,-2,0,0,0,-1,0,-1,0,0,0,1,0,1,0,0,0,0,0,0,0,0,0,0,0,0,1,0,-0.483561,0,0,-0.684211,2,0,0,0,0,0,0,1,0,1,0,1
0,-1,0,0,0,1,1,0.820619,0,0,0,0,-1,0,0,0,-0.726611,0,0,0,0,0,1,0,0,0,0,0,0,0,0,0,0.97143,5,0,0,0,0,1,0,0.91968,0,0,-0.754724,-2,1,0,0,0,0,0,0,0,0,-3,0,-1,0,0,0,0,0,0,0,1,2,0,-1,0,0,-1,0,0,0,3,0,0,0,0,0,0,0,0,1,0,0,1,-0.416222,0,0,-0.37439,0,0,0,0,0,0,0,0,0,0,0,1
0,-4,0,-1,-1,0,0,1.135611,0,0,-1,0,0,0,0,-3,-0.699696,0,0,0,0,0,0,0,0,0,0,0,0,0,0,0,1.09551,4,0,0,0,1,0,0,0.811225,0,0,-0.488644,-1,0,-1,0,-1,0,1,0,0,-1,1,1,0,0,0,0,0,0,2,0,1,0,-2,1,0,0,0,0,0,0,0,0,0,0,1,-1,0,0,0,0,0,0,0,-0.68563,0,0,-0.656632,0,0,0,0,0,0,1,0,-1,0,0,1
0,-1,-3,0,0,1,0,-0.455602,0,-1,0,0,2,0,0,0,-0.650093,0,0,0,-2,0,0,0,0,0,0,0,-3,0,1,0,1.16428,0,0,0,0,1,0,0,0.814556,-1,0,-0.715669,0,0,0,0,0,0,1,0,0,0,0,-1,2,0,0,0,0,-2,0,0,0,0,0,-1,0,0,0,-1,-1,0,0,0,0,0,0,0,0,1,0,1,0,-1,1,-0.885283,0,0,-0.840708,0,0,0,1,0,0,0,0,-1,0,0,1
0,-2,0,0,0,0,0,-0.692524,0,0,0,0,0,0,-1,1,-0.676924,0,1,1,0,0,0,0,0,0,0,0,0,0,0,0,0.70602,3,0,0,0,1,-1,0,0.747735,0,0,-0.433645,0,0,0,0,0,0,0,0,0,0,0,0,-3,0,0,0,0,0,2,0,0,0,0,0,0,0,-3,0,0,0,0,0,1,0,0,0,0,2,0,0,0,3,-1,-0.742664,0,0,-0.61528,0,0,-1,1,1,1,0,0,1,-3,0,1
0,0,-1,0,-1,-1,0,-0.731083,0,0,0,1,1,0,1,-1,-0.696557,0,0,0,0,0,0,0,0,0,0,0,0,0,0,0,0.67371,7,0,1,0,0,0,0,0.64299,0,0,-0.517129,0,0,0,0,0,0,0,0,0,0,0,0,0,0,0,0,0,0,0,1,0,0,0,0,0,0,0,0,1,0,0,-2,0,0,-1,0,0,0,0,1,0,0,0,-0.777778,0,0,-0.731195,-1,0,0,0,0,1,0,-1,0,1,0,1
0,0,0,0,0,0,3,-0.827578,0,0,-1,0,0,0,2,0,-0.697976,0,0,0,0,1,0,1,0,0,0,1,0,0,1,0,0.65714,1,1,0,1,0,-1,0,0.695652,-2,0,-0.638903,0,-1,0,0,1,-1,-1,0,0,0,0,-2,-2,0,0,-1,1,0,1,0,-3,0,0,0,0,0,0,-1,1,1,1,0,0,0,0,0,0,0,0,0,0,0,0,-0.786431,0,1,-0.7,0,0,1,0,0,-1,0,0,0,2,0,1
0,0,0,0,0,1,0,-0.675676,1,0,-1,0,0,0,0,0,3.636268,0,0,0,0,0,0,1,0,1,0,0,1,-1,-3,0,0.77006,2,0,0,0,1,0,0,0.240022,0,0,-0.501396,0,1,0,0,0,0,0,0,1,0,1,0,0,0,-2,0,0,0,0,-1,0,2,0,0,0,1,0,0,0,0,0,0,0,0,0,0,-1,1,0,0,0,3,1,-0.592058,0,0,-0.86802,0,0,0,0,0,-1,0,1,0,2,0,1
0,0,0,0,0,0,0,-0.750175,0,0,0,0,-2,-1,0,0,6.001627,0,0,0,0,0,0,0,0,0,0,0,0,0,0,0,0.93097,9,0,0,0,0,1,0,0.26541,-2,-1,-0.615993,0,0,2,0,1,0,0,1,0,0,-1,0,0,0,0,0,1,0,0,-1,0,0,0,0,-2,0,-2,0,0,1,0,0,0,0,0,0,0,0,0,0,-1,0,1,-0.578156,-1,0,-0.785714,0,0,0,1,0,0,0,1,0,1,0,1
-1,0,0,0,0,0,0,0.972911,0,0,0,0,0,0,0,0,1.159663,0,-1,0,0,0,0,0,0,2,0,0,0,-1,0,0,1.23341,6,0,0,0,0,0,0,2.459736,0,0,-0.586207,0,0,0,0,0,0,0,0,0,0,2,0,-1,-1,1,1,1,-1,0,1,0,1,0,0,0,1,1,0,-1,0,1,0,-1,-1,0,0,0,0,0,0,0,0,0,-0.583419,0,0,-0.785714,0,0,0,0,0,0,0,1,0,1,0,1
0,0,0,0,0,0,0,-0.565862,0,0,0,1,0,0,0,0,-0.675975,1,0,0,0,2,0,0,0,0,0,0,0,6,1,0,0.54286,1,0,0,0,2,-1,0,1.702834,0,0,-0.347037,0,0,0,0,0,0,0,0,0,0,0,1,0,-1,0,1,0,1,0,0,0,0,1,3,-1,0,1,0,0,0,0,0,0,0,0,-1,1,1,0,1,0,0,0,-0.725882,0,0,-0.786539,-1,0,0,0,0,0,1,-2,0,-2,0,1
0,2,0,1,0,0,0,0.058759,0,0,-1,0,1,0,0,2,-0.718855,0,0,0,0,0,3,-2,0,0,0,0,-2,0,0,-1,1.59078,0,0,0,0,0,-1,0,0.894737,0,0,-0.637051,0,-1,0,0,0,0,0,0,0,0,0,4,-1,0,0,1,0,0,0,2,0,0,1,2,0,0,1,0,0,1,0,0,-3,0,0,0,0,1,0,0,0,0,0,-0.900338,0,0,-0.720076,1,0,-2,-1,0,0,0,0,-2,1,0,1
0,-1,0,1,0,0,0,-0.571429,0,0,0,0,0,0,3,0,-0.885214,0,0,0,1,1,-1,0,0,0,0,-1,0,0,1,0,0.54286,0,0,0,0,-2,0,0,2.805043,0,0,-0.368421,0,0,0,-1,0,0,0,1,0,0,1,-1,0,0,0,4,0,0,0,1,0,2,0,0,1,1,1,0,1,0,1,0,0,0,0,0,0,0,1,0,0,2,0,-0.751332,0,0,-0.633121,0,0,1,0,0,0,-1,0,1,0,0,1
1,-2,0,0,-1,1,0,-0.263931,0,0,-1,0,0,0,0,-1,-0.76,0,0,0,0,1,0,0,0,0,1,0,0,0,1,0,1.0,6,0,1,0,0,0,0,0.836824,-1,0,-0.514006,0,0,-1,0,0,0,0,0,0,0,0,0,2,1,0,0,0,0,3,1,0,0,1,-2,2,0,1,0,1,0,2,-1,0,0,0,0,1,1,0,1,0,0,0,-0.808038,0,-1,0.26549,0,0,0,0,1,1,0,1,0,0,1,1
0,2,-1,0,0,0,0,-0.476832,-1,0,0,0,0,-1,4,0,-0.76,0,0,0,0,0,2,0,0,0,0,-1,0,0,0,0,0.9836,9,0,0,0,0,0,0,3.831311,0,0,-0.657143,0,0,-2,0,0,0,1,0,0,1,0,0,0,0,0,0,0,0,0,1,-1,0,0,0,2,0,0,0,-1,3,0,0,0,0,0,2,1,0,0,1,0,0,0,-0.81414,0,0,0.158478,-3,0,0,1,0,0,0,1,0,0,1,1
-2,0,0,0,0,1,0,-0.576782,0,0,0,0,0,0,0,0,-0.3583,0,0,0,0,0,0,0,1,0,0,1,0,0,1,0,0.65985,10,-2,0,0,0,0,0,3.434277,0,0,-0.840865,0,0,0,0,0,1,0,0,0,1,0,0,0,0,0,2,0,0,0,1,0,0,0,0,-1,0,0,0,0,2,0,2,0,0,0,1,1,0,0,1,0,0,0,-0.478288,0,0,-0.015892,0,1,0,0,0,1,0,1,0,1,1,1
0,2,0,0,0,1,0,-0.350988,0,0,0,0,0,0,0,0,-0.687248,0,0,0,0,0,0,0,0,0,0,0,0,0,0,0,2.40391,1,1,0,0,0,0,0,0.779063,0,0,-0.793103,1,0,0,0,0,0,0,0,0,0,0,0,0,0,1,0,0,0,0,0,1,0,0,1,0,1,1,1,1,0,0,0,2,-2,-1,0,0,0,1,0,0,0,0,-0.684211,0,0,-0.563559,0,-1,0,0,0,2,0,-1,0,0,1,1
0,0,1,2,0,-1,0,1.397288,1,0,-3,0,0,0,0,1,-0.816012,0,0,-1,2,0,0,0,2,0,1,0,0,0,0,0,1.18353,1,1,0,1,0,2,0,0.186157,0,0,-0.848704,1,0,0,0,0,0,0,0,-2,0,0,0,0,2,1,0,0,0,0,0,0,-1,0,0,0,1,1,1,1,0,0,0,0,0,0,-1,0,0,1,1,1,0,1,-0.796151,0,0,-0.48204,0,0,0,0,-1,0,0,0,0,0,1,1
0,3,0,0,1,-1,0,-0.666569,0,0,2,0,0,0,0,1,-0.711041,0,0,0,0,0,0,0,1,-1,0,0,0,0,1,0,1.44261,4,1,0,0,2,1,2,1.027778,0,0,-0.79652,0,0,0,0,-1,0,0,0,0,0,-1,0,0,0,0,0,0,0,0,1,-1,0,0,0,0,0,2,1,1,2,3,0,0,1,0,0,0,0,1,0,0,0,0,-0.685378,-2,0,-0.687372,0,0,0,0,0,-3,0,4,0,0,1,1
0,0,2,0,0,2,1,-0.365021,2,0,0,0,0,0,0,0,-0.770806,0,0,0,1,0,0,0,0,0,0,0,0,0,0,0,2.07952,3,0,0,0,0,0,0,0.646154,1,0,-0.831584,1,0,0,1,0,0,0,0,0,0,2,0,0,0,0,-1,0,1,1,1,0,0,1,3,-1,0,0,1,0,0,2,0,1,0,0,0,0,0,0,1,0,0,0,-0.599034,0,0,-0.654726,0,0,0,0,0,0,0,-2,1,0,1,1
0,0,0,-1,0,0,0,-0.550801,0,0,0,0,0,-1,1,-2,-0.523598,0,0,1,0,1,1,0,0,1,0,2,0,0,1,0,0.59392,2,0,0,0,0,0,0,0.641513,-1,0,3.104505,0,0,0,0,0,0,0,0,0,0,0,0,0,0,0,0,1,4,1,1,0,-3,0,3,0,0,0,1,0,0,-1,0,1,0,0,0,0,0,0,1,1,0,0,-0.714713,0,-1,-0.684577,-2,1,5,0,0,-1,0,0,1,0,1,1
0,1,0,0,0,0,0,-0.365979,0,0,0,0,0,1,0,-2,-0.638743,1,0,0,0,1,0,-1,-1,1,-1,0,0,0,0,0,1.86293,2,0,0,-1,0,0,0,0.73813,0,2,-0.829636,-2,1,-1,0,0,2,0,0,1,0,0,0,0,0,0,0,0,0,0,0,0,0,1,0,0,2,0,0,0,0,4,0,0,0,0,0,0,2,0,0,0,0,0,-0.339034,0,0,-0.507918,1,0,0,0,0,-1,-1,1,1,0,1,1
0,0,0,0,0,0,-1,-0.454345,0,1,0,1,0,1,0,0,-0.492178,0,0,0,0,0,0,0,0,0,0,0,0,2,0,0,1.31846,12,0,0,0,0,1,0,2.037982,0,0,-0.745053,0,0,0,2,0,-1,1,0,0,0,1,0,0,0,0,0,0,0,0,0,1,0,0,0,0,0,1,0,-1,-1,0,0,0,0,0,0,-1,0,0,0,0,0,0,-0.651403,0,1,-0.574177,0,0,0,0,2,4,0,1,2,6,1,1
0,0,0,0,0,0,0,-0.269606,0,1,0,1,0,0,1,0,-0.515157,0,0,0,0,-1,2,0,0,1,0,1,0,1,-1,0,3.19129,12,1,0,0,0,0,1,1.560652,0,0,0.085933,0,0,0,0,-1,0,0,0,0,0,1,0,0,0,1,0,-1,0,3,0,0,0,1,-1,3,1,1,0,2,-1,2,0,0,2,1,0,0,0,0,0,0,0,-1,-0.686044,0,1,-0.574955,2,0,2,0,0,0,0,0,0,0,1,1
0,0,0,0,0,0,0,-0.516906,0,1,2,1,0,1,0,2,-0.762627,0,0,-4,0,-1,0,0,-2,0,0,0,0,0,1,0,0.91738,11,0,0,0,0,0,0,1.155774,2,0,-0.696401,0,0,0,0,0,0,0,0,0,0,1,0,1,0,0,0,0,0,-1,0,0,2,0,-1,0,2,1,0,-1,0,0,0,-1,0,0,0,0,-5,0,0,0,0,0,-0.684211,0,0,-0.52,0,1,-3,0,0,0,2,0,1,0,1,1
0,0,0,0,1,0,-3,-0.803606,0,0,0,0,0,0,0,1,-0.728235,0,0,0,0,0,0,0,0,0,0,0,0,0,1,0,1.61101,1,0,0,0,1,0,0,1.095223,1,0,-0.434897,-1,0,0,0,0,2,0,0,0,0,1,1,-1,0,0,0,1,0,0,0,-1,0,0,0,1,1,0,3,1,1,0,0,1,3,0,0,0,-1,0,0,0,0,-1,-0.860546,0,-2,-0.769377,1,0,0,1,0,1,-3,0,-2,0,1,1
0,-1,0,0,1,0,0,-0.518287,0,0,2,0,0,0,0,2,-0.733968,0,0,0,0,0,0,0,0,0,0,0,5,0,0,0,2.04926,4,0,0,0,1,0,0,0.706194,1,-1,-0.872499,0,0,0,0,0,0,0,0,0,0,0,0,0,0,0,1,1,0,0,0,0,-1,0,0,0,-1,0,1,0,-1,0,0,1,0,2,0,0,0,0,1,0,2,0,-0.671495,0,0,-0.681536,0,1,0,0,0,1,0,1,3,0,1,1
0,0,0,0,1,0,1,-0.883217,0,0,0,0,0,0,0,2,-0.737573,0,0,1,-2,0,0,0,0,0,0,2,0,2,1,0,3.24824,3,0,0,0,1,0,0,1.001624,1,0,-0.836046,3,-1,0,0,0,0,0,0,0,0,0,0,0,0,0,-1,1,0,3,-1,0,1,0,0,0,0,0,0,-2,0,0,0,1,0,-1,0,0,0,0,0,0,-2,0,0.093215,0,0,-0.774877,-2,0,0,0,0,1,0,0,0,0,1,1
-1,0,0,0,0,0,0,-0.088757,0,0,0,0,0,0,0,1,-0.703421,0,1,0,0,0,2,0,0,0,0,2,1,2,0,0,0.82953,6,1,0,0,0,-1,0,1.623035,-1,0,-0.715574,0,0,1,-1,0,0,0,0,0,-2,0,0,-1,0,-1,0,-1,-1,-1,0,0,0,0,0,0,0,1,0,0,0,0,1,0,0,0,0,1,0,0,0,0,2,0,0.584995,1,-1,-0.758732,0,0,-1,1,-1,1,0,0,0,0,1,1
0,-3,0,0,0,-2,0,2.410178,0,0,0,0,0,0,0,0,-0.606991,0,0,-1,1,0,3,0,0,0,0,-1,0,0,1,0,0.63555,6,0,0,0,5,-2,0,0.953271,0,0,-0.831074,2,0,0,1,1,-1,0,0,0,2,0,1,-2,1,0,0,0,0,0,0,0,0,0,0,0,0,0,0,0,-1,2,0,0,1,0,0,0,-1,0,0,0,0,-1,-0.533988,0,0,-0.745445,0,1,0,0,0,1,0,0,1,-5,1,1
0,0,0,1,0,0,0,-0.1427,0,0,0,-1,0,-1,0,0,-0.720411,0,0,2,1,2,0,-1,2,1,0,-1,0,-1,1,0,1.02083,0,0,0,1,-2,0,1,0.7541,0,0,-0.721874,-1,0,1,0,0,0,1,0,0,0,0,-1,1,0,0,0,0,0,0,0,-1,-1,0,0,-1,1,1,0,0,-2,0,0,0,0,0,2,0,0,0,0,0,0,0,-0.121291,0,1,-0.702945,0,0,0,0,0,1,0,0,1,1,1,1
0,0,-2,1,0,-1,1,-0.428571,0,0,0,0,-2,0,0,0,-0.877963,0,0,1,0,0,0,0,0,0,0,0,0,2,1,0,1.11323,6,0,1,0,-1,0,0,1.387826,0,0,-0.709549,-1,0,-2,1,0,0,1,1,0,0,-1,0,0,0,0,0,0,0,0,0,0,0,0,0,0,3,-1,0,1,-1,0,0,-1,-6,-1,0,0,1,0,0,0,0,0,-0.494504,0,0,-0.567503,2,1,1,0,3,0,0,0,0,0,1,1
0,0,0,1,0,0,1,1.192902,0,0,0,0,-2,0,0,0,-0.834622,0,0,1,0,0,0,0,0,0,0,0,0,0,1,0,0.7836,1,0,0,0,0,1,0,1.356981,1,1,-0.714305,-2,0,0,0,1,0,1,0,0,0,-3,0,0,0,0,0,0,0,0,0,2,1,3,0,0,-1,1,0,0,1,0,0,0,0,0,0,0,1,1,1,0,0,0,-0.60605,0,-1,-0.628839,0,1,0,0,0,0,0,0,0,0,1,1
0,0,0,1,0,-1,-1,-0.64735,1,0,0,0,4,1,0,0,-0.818182,0,0,1,0,0,2,2,0,0,0,2,-1,2,1,0,1.10859,3,0,-2,1,1,-1,0,1.365045,0,2,-0.698823,0,0,0,0,0,1,-1,1,1,0,1,0,0,0,0,-1,0,0,0,0,0,0,-1,1,0,0,1,-1,0,-1,0,0,0,0,0,0,0,1,1,0,0,-1,1,-0.482265,0,0,-0.692474,-3,1,0,0,0,0,0,0,0,0,1,1
0,0,0,0,0,0,-1,-0.643297,0,0,0,0,1,0,0,0,-0.561614,0,-1,0,0,0,0,0,1,0,0,3,4,0,0,-1,0.65884,3,-1,-1,0,-4,-1,0,1.872647,0,0,-0.625483,0,0,0,0,0,0,0,0,0,0,1,0,0,0,0,3,0,0,0,0,0,1,0,0,5,0,1,0,0,0,0,0,-1,0,0,1,0,0,0,0,0,0,-1,-0.602836,0,0,-0.767225,0,0,0,0,1,0,0,0,-1,0,1,1
0,0,3,0,0,0,-1,-0.729528,0,0,0,0,0,1,0,0,-0.707317,0,0,1,1,0,0,1,0,0,0,2,0,2,-1,1,1.01448,9,0,0,0,0,0,0,2.36236,0,0,-0.666737,0,0,0,0,0,0,0,0,0,0,0,0,0,-1,-1,0,0,0,0,2,1,1,0,-1,-1,1,1,0,0,0,2,0,0,-1,0,1,0,0,0,0,0,0,-1,-0.494204,0,0,-0.803362,0,0,0,0,1,0,0,0,0,0,1,1
0,0,-2,0,0,0,0,-0.727291,0,-1,-1,1,0,1,0,0,-0.707317,1,0,1,0,0,0,0,1,0,0,0,0,0,0,0,1.1607,2,0,0,0,1,0,0,2.467107,0,0,-0.67005,0,2,0,0,0,0,0,0,0,0,1,0,0,0,-1,0,0,0,0,1,0,1,3,1,0,1,1,0,0,-3,0,0,0,0,0,1,0,0,0,0,1,0,1,-0.504392,0,0,-0.601433,0,-1,0,-1,0,1,0,0,0,0,1,1
0,0,0,0,0,2,1,-0.702893,-1,0,-2,0,3,2,0,0,-0.627095,1,0,0,0,0,0,0,0,0,0,0,-1,0,1,0,1.51429,14,1,0,0,0,1,0,1.015021,0,0,-0.822315,0,0,0,0,1,0,0,0,0,-1,1,0,1,0,0,0,1,1,0,3,1,0,2,0,0,0,-1,0,1,0,0,0,0,0,0,0,0,0,0,0,0,1,0,-0.586207,0,0,-0.584434,0,0,0,0,0,1,2,0,0,0,1,1
0,0,0,0,0,0,0,-0.652697,0,0,0,0,0,0,2,0,-0.32917,1,0,1,0,0,0,0,0,2,0,0,0,0,2,0,0.93857,1,0,0,3,1,1,0,0.811321,0,1,-0.773585,1,0,0,0,1,0,0,1,0,0,1,0,1,-1,0,0,0,1,0,0,0,-1,0,0,0,0,-1,0,1,0,0,0,-2,0,0,0,-1,0,0,0,-1,1,0,-0.588223,0,0,-0.64206,0,0,0,2,1,0,0,0,0,0,1,1
0,0,1,0,1,4,0,-0.709884,0,-1,0,0,0,0,0,0,-0.449175,1,0,0,0,0,2,0,0,0,0,0,2,0,0,0,0.75112,0,-1,0,0,0,1,0,0.717795,-1,-1,-0.773585,-1,0,0,0,0,0,1,0,0,0,1,0,0,0,0,0,0,1,0,0,-3,3,0,1,0,0,0,0,1,0,2,0,-1,0,0,0,0,5,0,0,1,1,0,-0.597928,0,-1,-0.454188,0,0,0,0,0,0,0,0,1,0,1,1
1,0,0,0,-1,0,0,-0.77222,0,0,0,-1,0,0,0,0,-0.227387,0,0,1,0,0,0,0,0,0,0,0,0,0,1,0,2.00046,2,0,0,0,2,0,0,2.036785,0,-1,-0.419309,0,1,0,0,0,0,0,0,-1,0,0,0,0,2,-1,0,0,0,0,4,1,1,0,2,0,0,1,0,0,0,0,0,0,0,0,0,-1,1,0,1,0,0,0,-0.676849,0,0,-0.77294,0,0,0,0,0,0,0,0,0,0,0,1
0,0,0,0,0,0,0,-0.212775,0,1,-2,0,0,0,0,0,-0.495748,-2,0,0,1,0,0,0,0,0,0,0,0,0,1,0,0.81638,0,0,0,0,1,0,0,0.779314,0,0,-0.49548,1,4,-1,-2,0,2,0,0,0,2,0,0,1,1,0,1,0,0,0,1,1,0,-1,0,0,0,1,0,-1,0,-1,0,0,0,-1,1,0,1,0,1,0,-1,0,-0.654474,0,3,-0.862941,2,2,1,0,0,1,0,0,0,-1,0,1
0,0,0,1,0,0,-1,-0.728601,0,0,0,0,0,0,0,0,-0.812123,1,0,0,0,0,-1,0,0,1,0,0,4,0,0,0,0.54606,4,0,0,0,0,0,0,1.25926,0,1,-0.327453,0,0,0,2,0,-2,0,0,0,0,0,1,1,1,-1,-1,1,0,-1,1,0,0,0,0,-1,0,0,0,0,0,1,0,0,0,0,4,0,1,0,1,0,0,0,-0.909151,0,0,-0.90141,2,-2,0,-1,0,0,1,0,0,0,0,1
0,0,2,0,0,0,0,-0.75,0,0,0,0,-4,-2,0,0,-0.555567,0,0,0,0,0,1,1,1,2,-1,-1,-1,0,0,1,2.16617,5,0,0,0,0,0,0,0.835354,0,0,-0.849797,2,0,0,0,1,0,-2,0,0,0,0,0,1,-1,1,0,-1,1,0,0,0,0,0,0,0,2,0,0,0,4,0,0,0,0,0,0,-1,1,0,1,0,1,-1,-0.392389,0,0,-0.368859,0,0,2,0,-1,0,0,1,1,0,1,1
0,0,0,0,0,0,0,-0.847695,0,0,0,0,4,0,0,0,-0.508098,0,0,0,0,0,1,1,1,0,0,0,0,0,1,0,1.85408,3,0,0,0,0,0,0,0.830545,0,0,-0.850953,0,0,0,1,0,-2,0,0,0,0,0,2,0,0,2,0,0,0,0,0,-1,0,0,4,0,0,1,1,0,0,0,0,0,0,0,2,0,1,0,1,0,0,0,-0.571429,0,0,-0.422317,0,0,0,0,0,-2,0,1,1,0,1,1
0,2,0,0,0,0,0,-0.192923,0,0,0,0,0,0,-1,1,-0.647059,0,0,0,0,0,1,1,0,0,0,0,-1,0,1,0,1.75042,8,0,0,3,0,1,0,0.5,0,0,-0.849209,0,1,0,1,0,0,0,0,0,0,0,0,1,0,1,0,2,0,0,0,3,-3,-3,-2,-4,0,0,0,1,0,0,-2,0,0,0,-1,1,0,0,0,0,0,0,-0.722288,0,0,-0.626597,0,0,0,-1,0,0,0,0,0,1,1,1
0,0,1,0,0,0,0,-0.680956,1,0,0,0,0,0,-3,1,-0.72093,-1,0,1,0,0,-3,0,0,1,0,0,0,0,2,1,1.02059,4,0,0,0,-1,1,1,2.763766,0,0,-0.535483,0,0,0,0,-2,1,0,0,0,0,0,0,0,2,0,-2,-1,0,0,0,0,0,-1,0,0,1,0,0,0,1,0,0,0,3,0,0,1,2,0,0,0,0,0,-0.675537,0,0,-0.611074,0,0,0,0,0,0,0,1,0,-2,1,1
0,-1,0,1,0,0,0,-0.676528,0,0,0,0,0,1,0,1,-0.746205,0,0,1,0,-1,0,0,-1,1,0,0,0,4,0,-1,0.83942,2,-1,0,0,0,0,1,0.500705,-1,-2,-0.572346,0,0,0,0,-1,0,0,0,-1,0,0,0,3,2,-1,1,0,1,0,-1,0,0,0,0,0,0,1,0,0,-1,3,0,0,0,0,0,0,1,1,0,0,1,0,-0.755102,0,0,-0.677038,0,-2,0,0,0,0,0,1,0,0,1,1
0,0,0,0,0,0,0,-0.54815,0,0,0,0,-1,-2,0,0,0.485553,1,0,0,4,1,0,0,0,1,0,0,0,0,0,0,1.1589,3,0,1,1,0,0,0,2.8,0,0,-0.132829,0,0,0,0,0,0,0,0,0,0,0,0,0,1,1,0,0,0,0,0,0,-1,0,0,0,1,1,0,0,0,2,3,0,0,0,0,0,1,0,0,0,0,-1,-0.501808,0,0,-0.529747,-1,0,-4,2,0,0,0,0,0,1,1,1
0,0,0,2,1,1,2,-0.173702,0,0,0,0,0,0,0,0,-0.713982,0,0,-1,0,1,0,-3,0,0,0,0,2,1,0,0,1.31429,7,1,0,0,1,0,1,0.434783,1,0,-0.570377,0,0,0,0,0,0,0,0,0,1,1,1,0,-2,2,0,1,0,0,0,3,2,0,0,-1,0,0,0,0,0,0,0,0,0,0,0,0,0,0,1,0,-1,0,-0.639673,0,0,-0.638197,0,0,0,0,1,0,-1,1,0,0,0,1
0,0,4,0,0,0,0,-0.301543,0,0,-2,0,0,-1,-1,0,-0.744117,1,0,0,0,0,0,0,0,0,0,-1,0,0,-1,1,1.31429,5,1,0,-2,0,0,0,0.195501,-3,0,-0.845936,0,1,0,0,0,0,0,0,0,-1,0,0,0,0,0,-1,0,0,0,0,0,1,0,0,0,0,2,0,0,0,0,0,0,0,1,0,0,0,0,0,0,0,0,-0.861044,0,0,-0.63104,0,0,0,1,3,-1,0,1,0,2,0,1
0,3,-1,0,0,0,3,-0.268081,0,0,0,0,4,3,0,0,-0.720736,0,0,0,0,0,0,0,0,0,0,1,0,1,0,0,1.51136,2,1,0,0,0,0,0,0.200696,0,0,-0.186326,0,0,-1,0,0,0,0,0,0,2,1,0,0,-2,0,1,0,0,0,1,0,0,0,-1,0,-3,0,0,0,0,1,0,0,1,0,1,0,-1,0,2,0,0,0,-0.72841,0,0,-0.674315,3,0,1,0,0,0,0,0,0,0,0,1
0,0,-1,0,0,0,0,-0.666667,0,0,0,1,0,0,2,1,-0.218825,1,-1,1,0,1,0,0,0,1,-1,6,0,0,0,0,1.05376,3,0,0,0,-4,0,0,0.187808,0,0,-0.646227,0,0,0,2,0,0,-1,0,0,0,0,0,1,0,0,0,0,0,0,0,1,0,-2,0,0,0,0,0,0,1,0,0,0,0,0,0,0,0,0,0,0,-7,0,0.185381,0,0,-0.55406,0,0,3,0,0,-3,0,0,0,-2,1,1
0,-1,0,0,0,0,0,-0.712506,-1,0,0,0,0,0,2,0,-0.52808,1,0,0,4,0,0,0,0,0,0,0,0,0,0,0,1.11429,-15,0,0,-1,0,0,0,1.239511,4,0,-0.5562,-1,0,0,-1,0,-1,0,0,0,3,1,0,2,0,0,0,0,0,-4,0,0,0,0,2,0,-1,1,-2,2,0,0,0,0,0,0,0,0,0,0,0,0,0,0,-0.586207,0,0,-0.136732,0,0,2,0,0,0,0,0,0,0,1,1
0,0,0,0,-1,0,0,-0.39322,0,1,0,0,0,0,0,0,-0.744498,1,0,1,0,1,0,1,0,1,0,0,0,2,0,0,1.26031,4,0,0,-2,0,-1,0,2.370727,2,0,-0.640693,0,0,-1,0,0,0,0,0,-1,-1,0,1,3,0,1,0,0,0,0,0,1,0,0,-2,0,0,-1,0,0,2,0,0,0,0,0,0,0,0,0,0,0,0,0,-0.61507,0,0,-0.774076,-1,0,0,0,0,0,0,1,1,0,1,1
0,0,0,0,0,0,0,-0.550751,-1,0,0,0,-1,0,0,3,-0.322114,0,0,0,1,0,0,0,3,0,0,0,0,0,0,0,1.20464,1,0,0,1,1,1,0,0.555556,0,0,-0.741677,-3,0,0,0,0,0,0,0,0,0,0,0,0,0,0,-1,1,0,0,1,-1,0,0,0,0,1,0,0,0,-4,0,0,0,1,0,1,-1,0,0,0,0,2,0,-0.356716,0,1,9.280278,3,0,3,0,0,0,5,1,0,1,0,1
0,0,1,0,0,0,0,-0.484616,0,1,-1,0,-2,0,0,0,-0.657143,0,0,0,0,0,0,0,0,0,0,0,2,0,0,0,1.02857,2,0,-1,0,0,1,0,0.555556,0,0,-0.551737,0,0,1,0,0,0,-1,0,0,-1,0,0,0,0,0,0,0,-1,0,0,-2,0,0,0,2,1,0,0,0,0,3,0,2,0,0,1,-1,0,1,1,0,0,0,-0.745862,0,0,8.91304,0,0,0,0,0,0,0,2,0,2,0,1
0,0,0,0,0,0,0,-0.631828,0,0,0,0,0,0,1,0,-0.601812,0,0,1,0,0,1,0,0,1,0,2,0,0,0,0,1.13949,5,0,0,3,-3,1,1,0.555556,-1,1,-0.581015,-1,0,0,0,-1,1,0,-1,0,-1,0,0,0,0,0,0,0,0,0,0,0,0,0,0,0,1,0,0,-1,0,0,0,0,0,0,1,0,0,0,0,-1,0,0,-0.287072,1,0,7.341295,-1,0,0,1,0,0,-1,0,0,0,0,1
0,0,-1,1,0,0,0,-0.719464,0,0,0,0,1,0,2,0,-0.512613,0,0,0,0,0,0,0,0,0,0,0,0,0,0,0,2.23883,3,0,1,0,0,-4,1,0.444887,0,0,-0.679948,-1,0,0,0,-1,0,0,0,1,0,0,0,-1,0,0,0,0,0,0,0,0,1,0,2,0,0,0,0,0,-1,1,0,-1,0,0,0,0,0,0,1,0,0,-1,-0.762402,-1,0,-0.724359,0,0,-2,0,0,0,1,0,0,2,0,1
0,0,-1,-3,-1,0,0,-0.014753,0,0,0,0,0,0,0,0,-0.540824,-1,0,0,2,2,0,0,0,0,0,0,0,-1,0,0,0.84346,1,0,0,0,0,0,0,0.3763,0,0,-0.593261,0,0,0,-1,0,0,0,0,0,1,1,0,0,-1,1,0,0,0,0,0,2,0,0,0,-1,0,0,0,0,0,0,0,0,0,0,0,0,0,0,0,-1,1,-1,0.262956,0,0,-0.7767,0,0,0,0,1,1,1,0,0,0,0,1
0,2,1,0,0,0,-2,-0.668899,2,0,0,-2,0,1,-1,0,-0.700952,0,0,0,-1,0,0,-1,0,-1,0,0,-1,1,0,0,0.65059,1,0,0,0,0,0,-1,0.222789,3,0,-0.661557,0,1,0,0,4,0,0,0,0,0,2,0,1,0,0,0,4,0,0,0,0,1,0,0,0,-1,0,0,0,0,0,0,1,0,0,0,0,0,0,0,0,0,0,-0.744681,0,0,-0.7116,-1,0,0,0,2,1,1,0,3,0,0,1
0,0,1,0,0,0,0,-0.772793,0,0,0,0,1,0,-1,0,-0.427467,-1,1,0,1,-1,1,0,0,0,0,0,0,-1,1,-1,0.57627,4,0,1,0,0,-1,0,2.584521,0,0,-0.516777,0,0,1,0,0,0,0,0,-1,1,1,0,0,0,0,0,1,1,0,0,1,0,0,2,1,-1,-1,0,0,2,3,0,0,0,1,0,1,0,0,2,0,0,1,-0.545278,0,-1,0.107745,0,0,-1,0,1,0,0,1,0,0,0,1
0,0,0,0,0,0,0,-0.587581,0,0,1,0,-3,0,-1,0,-0.758922,0,1,-2,0,0,-1,0,0,1,0,0,0,-1,1,0,0.71391,2,0,0,0,1,0,0,0.296296,0,0,-0.535044,0,-1,0,0,0,0,0,0,-1,-3,1,0,0,0,-1,0,0,0,0,0,0,0,0,0,0,0,0,0,3,0,0,0,-1,1,0,0,0,0,0,1,0,0,1,-0.281734,0,0,4.80965,0,0,0,0,-2,-5,-4,0,-3,1,0,1
0,0,1,0,0,1,1,-0.75,1,-1,-1,0,1,0,2,0,-0.553513,0,0,-1,0,0,0,0,0,1,0,4,1,0,1,1,1.06957,3,0,-1,0,2,0,0,0.282644,3,1,0.029681,0,-1,0,0,0,0,0,1,0,1,0,0,-1,1,0,0,0,0,0,0,0,0,0,0,0,0,0,0,0,-2,0,0,1,0,0,1,0,1,0,1,0,0,1,-0.462656,0,0,-0.78914,1,0,0,0,0,0,0,0,0,0,0,1
0,0,0,0,1,0,0,-0.537044,0,0,3,0,0,0,1,0,-0.430952,1,1,1,1,0,0,0,0,0,0,0,0,0,1,0,0.8,8,0,0,0,0,1,0,0.890009,1,0,0.224042,0,0,0,0,0,0,0,0,0,0,1,0,0,0,0,0,1,0,0,0,2,0,0,0,0,0,1,0,0,2,2,-1,0,0,0,0,0,-2,0,0,-1,0,0,-0.684211,0,0,-0.742923,0,0,0,-3,0,0,0,1,0,1,0,1
0,1,0,1,0,0,0,-0.840646,0,0,0,0,0,1,0,0,0.956818,-1,0,0,0,1,-1,0,0,0,0,0,0,-2,1,0,0.9257,10,0,0,0,0,0,0,0.590242,1,0,-0.571429,1,0,0,0,0,0,0,0,-1,1,1,3,2,0,0,1,0,0,0,0,0,0,0,0,0,1,0,0,1,0,0,0,0,2,0,0,0,-2,0,1,0,1,0,-0.870844,0,0,-0.826087,0,0,0,0,-1,0,0,2,0,1,0,1
-1,0,0,0,0,0,0,-0.533342,0,1,4,0,0,0,-1,0,0.644863,0,-1,0,0,1,1,0,0,0,0,0,0,1,0,0,1.13796,1,0,0,0,0,0,0,0.330056,1,0,-0.571429,1,0,0,0,1,0,0,0,0,-2,1,0,0,0,0,0,0,0,0,-3,1,0,0,0,-1,0,2,0,1,0,0,0,0,0,0,0,0,0,0,1,0,1,0,-0.656503,-1,0,-0.826087,0,0,0,0,0,0,1,0,0,0,0,1
0,0,-2,0,0,0,0,-0.773179,0,1,0,0,0,1,0,0,-0.710661,0,0,0,1,0,1,0,0,0,0,0,0,0,0,0,1.14531,3,0,1,1,0,3,1,1.198871,0,0,-0.899143,0,0,0,0,0,0,0,0,0,2,0,0,0,0,0,0,0,0,0,1,0,0,1,0,0,0,2,-1,0,0,0,0,0,0,0,0,0,0,0,0,1,2,0,-0.711443,0,-1,-0.594124,0,0,0,0,0,-1,0,0,0,1,1,1
0,0,0,0,-1,0,0,-0.529088,0,1,1,-1,-1,0,3,3,-0.614045,0,-1,0,1,0,0,0,0,0,0,3,0,0,0,0,0.48497,4,0,0,0,0,2,0,1.995008,0,0,-0.727464,0,0,1,0,0,0,0,0,1,0,0,0,0,1,0,0,0,0,0,0,0,0,0,1,2,-3,0,-4,1,3,0,0,0,0,0,1,0,-1,0,0,1,0,0,-0.506399,1,1,0.064025,0,0,0,0,0,0,0,1,0,1,1,1
0,1,-4,1,0,2,0,0.936583,-1,1,0,0,-1,0,0,1,-0.243559,0,0,-2,0,1,0,0,-1,0,0,0,0,0,0,0,0.80532,16,0,-1,0,0,0,0,1.237211,0,0,-0.883957,0,3,-3,0,0,0,0,0,0,2,0,0,0,0,1,0,0,0,1,1,1,1,0,0,-1,0,0,0,1,0,3,0,1,-1,0,0,-1,0,0,-1,1,0,0,-0.769185,0,0,-0.529991,0,0,0,0,0,0,-1,1,-1,1,1,1
0,0,0,1,1,0,0,-0.816449,0,1,0,1,0,1,1,2,-0.364041,0,1,0,0,0,0,0,-2,0,0,0,0,1,1,0,2.14099,10,0,-1,0,0,0,0,2.48148,0,0,-0.662751,0,0,-1,0,1,0,0,0,0,0,1,0,3,0,0,0,1,1,0,0,0,0,1,0,3,0,0,0,0,0,5,0,0,1,-1,0,-1,1,0,0,0,0,0,-0.573819,1,0,-0.575523,4,0,0,-1,0,1,0,1,1,0,1,1
0,-3,0,0,1,-1,0,-0.748063,0,0,0,0,1,0,2,0,-0.713982,0,0,1,0,0,0,0,-1,0,1,0,0,0,0,0,1.41154,5,0,-1,0,1,0,0,1.843068,0,5,-0.072503,0,2,0,0,0,0,0,0,0,0,1,1,0,0,0,0,-1,1,1,0,0,0,0,0,3,0,1,0,0,3,0,0,-1,1,0,1,0,1,1,1,0,0,0,-0.707317,0,1,-0.688494,0,0,0,0,0,-1,0,0,0,0,1,1
0,2,0,1,1,0,0,-0.727378,0,0,0,0,0,0,0,-2,-0.543605,-2,1,0,0,0,-2,1,1,1,0,0,3,3,1,0,0.77143,8,0,0,0,0,-1,0,3.509717,0,0,-0.555556,0,0,0,0,0,0,0,0,0,0,3,0,2,0,0,0,0,1,-1,0,0,-1,0,0,0,-3,1,-1,0,0,0,0,0,1,0,0,0,0,1,1,0,-1,0,-0.40714,0,0,-0.428464,0,0,0,0,0,1,0,0,1,-2,1,1
0,1,0,0,0,0,0,-0.678844,0,0,0,0,0,0,0,1,0.127239,0,0,0,0,-1,0,0,1,0,0,2,0,0,0,0,1.50686,2,0,4,0,-2,0,0,0.497106,0,0,-0.768783,0,-4,0,0,0,0,0,0,0,-1,1,0,-1,0,0,0,1,0,0,0,0,0,0,0,0,0,0,0,0,-1,0,0,0,0,0,0,0,1,0,-2,0,0,2,-0.502684,0,0,-0.322775,0,0,0,0,0,1,-1,0,0,-2,1,1
0,0,0,0,0,2,-2,-0.781818,0,0,0,-1,0,0,0,2,1.024486,1,0,-1,0,0,0,1,1,1,0,0,3,0,0,0,2.01954,0,0,0,1,0,1,0,0.711899,-1,-1,-0.746425,0,1,0,0,1,0,0,0,0,0,1,-2,1,0,0,0,1,0,0,0,1,0,0,-1,0,1,0,0,-1,1,0,0,0,0,0,-1,0,1,0,0,0,-1,0,-0.571989,0,0,0.685779,0,0,0,0,0,1,1,0,0,2,1,1
0,-1,0,0,0,2,3,-0.781818,-1,0,-1,1,0,0,2,0,-0.860027,0,0,0,1,-1,0,-1,0,-1,0,2,0,3,0,0,1.40928,0,-1,0,1,-2,1,-1,0.698113,0,0,-0.75813,0,0,0,0,0,1,0,0,0,0,1,0,0,0,0,0,1,1,0,0,1,0,-2,0,1,1,1,0,0,0,0,0,0,0,1,0,0,1,0,0,0,0,0,-0.428571,1,0,-0.434575,2,0,0,-1,0,3,-1,-1,0,1,1,1
1,0,0,0,0,0,1,-0.687809,0,0,0,0,0,0,0,-1,-0.310559,0,0,0,0,-1,-3,1,3,0,0,0,-1,-1,0,0,2.02857,16,0,0,-2,1,0,0,3.149502,2,0,-0.562697,2,0,1,0,0,1,0,0,1,0,0,0,0,1,0,0,-1,0,0,1,0,0,0,0,0,0,0,0,1,0,0,0,-1,0,0,0,0,0,0,-1,0,1,0,-0.398007,0,0,-0.347545,-2,1,0,1,0,1,0,0,0,7,1,1
0,0,2,0,0,0,0,-0.657143,0,0,1,0,0,0,1,1,0.129273,0,0,1,-4,0,0,0,0,0,0,0,2,0,0,2,1.69327,16,0,0,1,0,1,0,2.487964,0,0,0.431827,0,-3,1,0,0,-1,0,0,0,0,3,0,0,0,0,0,0,-1,0,1,0,0,1,-2,0,0,0,0,-3,0,0,0,0,1,0,0,0,0,0,0,0,2,0,-0.714894,0,1,-0.712697,2,0,0,0,0,0,0,0,0,0,1,1
0,0,1,0,-1,1,1,-0.49487,0,2,0,0,0,0,0,-2,-0.438772,0,0,0,0,0,0,0,0,1,0,0,0,0,0,0,2.99624,16,1,0,0,0,1,0,2.46479,0,0,-0.905925,0,0,1,0,-1,1,2,0,0,0,1,0,0,0,0,0,0,0,0,0,0,0,0,0,-1,0,1,0,-1,0,0,0,0,0,0,1,0,1,-1,1,0,2,-1,-0.612903,0,1,-0.625,0,-1,5,0,0,0,2,0,0,0,1,1
0,0,0,1,0,-1,0,-0.5043,-2,0,0,0,0,0,-1,0,-0.887239,0,0,0,4,0,0,2,0,0,0,0,0,1,0,0,2.19459,2,0,1,0,0,0,0,0.275862,0,0,-0.335022,0,0,0,0,0,-1,0,0,-2,2,0,1,1,0,0,0,0,0,0,0,0,0,0,0,0,0,1,0,-1,0,0,-1,2,1,2,0,0,0,0,2,0,0,0,-0.529018,1,0,-0.688692,-2,0,2,0,0,0,0,1,0,-1,0,1
0,0,-1,0,0,0,1,-0.580997,0,0,0,0,0,0,0,0,-0.803742,0,0,0,0,0,0,0,0,0,0,0,0,2,0,0,0.85898,2,0,-1,-1,0,0,0,0.26566,-1,-1,-0.620073,0,0,0,0,0,0,0,0,0,0,0,1,0,0,0,0,0,0,2,0,0,0,0,0,0,0,2,0,0,0,0,0,0,-2,0,0,0,0,0,1,0,2,1,-0.655905,0,0,-0.625,0,0,0,0,0,1,2,1,0,0,0,1
0,0,0,1,0,0,0,-0.42415,1,0,0,0,0,0,0,-2,-0.431423,1,0,0,0,0,0,-2,1,0,0,0,0,-1,0,0,0.63891,4,0,0,0,-1,0,0,0.275862,0,0,-0.460418,0,0,0,0,0,0,0,0,0,0,0,1,2,0,0,0,0,0,-2,-2,0,-1,0,0,0,0,1,0,1,1,0,0,1,0,0,0,-1,0,1,0,0,0,0,-0.727273,0,-1,-0.785475,0,0,1,-3,0,0,0,1,0,-1,0,1
0,0,1,1,0,0,0,-0.536703,0,0,1,0,0,0,2,3,-0.782933,0,0,0,0,0,1,0,0,1,0,2,-3,0,1,1,1.28731,3,0,0,0,0,0,0,1.349109,0,0,-0.609479,0,0,0,0,0,0,0,3,0,0,0,0,0,1,-1,0,1,0,0,1,0,0,1,0,5,0,0,0,0,1,0,-1,0,0,0,1,1,0,0,0,0,-1,2,-0.377664,3,1,-0.716248,-1,0,0,0,0,0,0,-1,0,0,1,1
0,0,0,1,0,3,-3,-0.857783,0,0,0,5,0,0,0,0,-0.278025,0,0,0,0,-1,0,-2,-1,0,0,0,0,0,1,0,0.88874,4,0,0,0,0,1,0,1.318305,0,0,-0.752212,1,0,-2,-1,0,1,0,-1,0,0,0,2,-3,1,0,0,1,0,0,1,-2,1,1,0,0,0,1,2,0,0,0,0,0,6,0,0,0,0,0,0,0,2,0,-0.75,0,1,-0.855168,2,0,0,1,0,-2,0,0,0,0,1,1
0,-1,1,0,0,-1,0,-0.79661,0,0,0,0,0,0,2,0,-0.718861,0,0,0,0,0,1,-1,0,1,0,0,0,0,1,0,1.95624,3,0,0,-1,0,0,0,1.47059,0,0,0.374259,0,1,-3,0,0,-1,0,0,-1,2,0,0,0,0,0,0,0,0,0,1,0,1,0,0,0,1,0,3,1,0,0,0,0,0,0,-1,1,0,0,0,0,0,0,-0.717722,0,0,-0.769231,4,0,0,0,0,0,0,2,0,0,1,1
0,0,0,-3,-1,0,0,-0.57486,0,0,1,0,0,0,0,0,0.533794,0,-1,0,1,0,0,0,0,1,0,0,-3,0,0,-1,1.07083,5,0,0,0,0,0,0,2.922723,0,0,1.74286,1,0,0,0,-2,2,1,0,1,-1,0,0,0,0,2,0,0,0,0,-1,-2,0,0,-1,3,0,0,0,-5,-2,0,0,0,0,0,0,0,0,1,-2,0,2,-2,-0.74725,0,-1,-0.333333,2,0,0,0,0,0,0,-2,0,0,0,1
0,1,0,0,0,-1,0,-0.008802,0,0,0,0,2,0,0,0,-0.538462,1,0,1,0,-1,-1,0,-1,1,0,-2,0,-3,0,0,0.95582,7,-1,0,0,1,0,0,0.8454,-2,0,1.725419,-1,0,0,0,0,-1,0,0,0,6,0,0,-1,-1,0,0,0,0,0,-3,-4,0,0,-1,0,1,0,0,0,0,0,0,0,0,0,0,1,1,0,0,0,0,0,-0.744619,0,0,0.1066,2,0,0,0,0,2,-1,0,0,-1,0,1
0,0,0,-1,0,0,0,-0.640925,0,-1,0,0,0,0,0,0,-0.69472,0,2,1,0,0,0,0,0,1,0,0,0,0,0,0,1.30343,2,2,0,0,0,1,0,0.802996,1,0,1.74286,-1,0,-1,0,0,0,1,0,0,-1,-1,0,3,0,0,0,-2,0,2,0,-1,1,0,0,0,0,0,0,0,0,0,0,0,-1,0,0,0,0,0,1,0,1,0,-0.778942,0,0,-0.510971,-1,0,0,0,0,0,0,2,0,2,0,1
0,0,1,-1,0,-4,-2,-0.613612,0,0,0,1,0,0,0,2,-0.693733,-1,0,0,1,0,0,2,1,0,0,0,0,0,0,0,1.25505,3,0,0,-1,0,0,-1,1.604863,1,0,-0.417404,0,0,0,-1,0,0,-1,1,0,0,-1,0,0,1,0,0,0,1,0,0,1,0,0,-2,0,1,0,0,0,0,-1,0,0,0,0,0,0,0,0,-1,0,0,0,-0.754265,0,1,-0.63797,1,0,0,0,0,4,-3,0,0,-1,0,1
0,0,0,0,0,1,1,-0.540324,0,0,0,0,1,1,2,0,-0.352319,0,0,0,0,-1,0,0,0,0,0,-4,-1,0,0,1,0.54321,0,0,0,0,1,0,0,1.023479,0,-1,0.013935,1,0,2,0,0,-3,0,0,0,-1,0,0,0,0,-2,1,0,0,0,0,1,0,0,0,0,0,1,1,1,-2,0,0,1,0,0,-1,0,0,0,-1,0,0,0,-0.163281,0,1,-0.581646,0,0,1,-1,0,0,0,-2,0,2,0,1
0,0,0,0,0,0,1,-0.511463,1,0,0,2,0,0,0,-1,-0.6,0,0,-3,2,1,-2,0,0,0,0,0,0,0,0,0,0.7581,1,0,0,0,1,0,0,0.378314,0,0,-0.586946,-1,0,0,0,-1,0,0,0,0,0,0,0,1,0,0,0,0,0,1,0,1,0,0,-3,0,0,1,0,1,2,0,0,0,0,0,0,-1,0,0,0,1,0,0,-0.789474,0,1,-0.501021,0,0,0,0,0,0,0,3,0,0,0,1
0,0,0,0,0,1,0,-0.352457,0,0,0,0,0,0,0,0,-0.596343,0,0,0,0,0,1,1,0,0,0,0,0,0,0,0,1.12201,1,0,0,0,0,0,0,0.709885,0,0,-0.732426,0,0,0,0,0,-2,0,0,0,1,0,0,-3,0,0,-2,0,-1,0,0,0,0,0,-1,0,2,0,0,1,0,0,0,-1,1,1,2,0,0,0,3,0,0,0,-0.665578,0,0,-0.612903,4,0,1,1,0,1,0,0,-2,0,1,1
0,-1,0,0,0,0,-1,-0.809424,0,0,0,-1,0,0,2,0,-0.380798,0,0,0,1,0,1,1,0,0,0,0,-4,0,0,0,1.29001,5,0,0,0,0,0,0,0.84252,0,0,-0.795217,0,0,0,0,0,-2,0,0,0,0,0,0,0,0,2,-1,1,1,0,1,1,0,0,0,0,1,0,0,0,1,3,0,1,4,0,0,0,-1,0,0,0,0,0,-0.7,0,0,-0.654442,0,0,0,0,0,1,0,1,0,0,1,1
0,0,0,0,0,1,0,-0.615932,0,0,0,1,0,0,0,0,-0.555855,1,0,0,2,0,0,-2,0,0,0,0,1,0,0,0,1.14761,1,0,-1,0,1,0,0,0.683773,0,0,-0.789826,0,0,0,0,0,0,0,0,0,0,-1,0,0,0,0,0,0,0,0,0,0,0,0,0,2,0,0,0,1,0,0,0,0,1,0,1,0,0,0,0,-1,3,0,-0.725359,0,0,-0.614142,0,0,1,1,0,1,0,0,0,0,1,1
0,0,-1,0,0,0,0,-0.697049,0,1,5,0,-2,0,0,1,-0.684211,0,0,1,0,-1,-2,0,0,0,0,0,2,0,0,1,0.49172,6,-1,0,0,1,0,0,1.92308,0,0,-0.387006,0,0,0,0,0,0,0,0,0,0,1,0,0,1,0,0,-1,0,0,0,0,0,1,-1,0,0,1,0,0,0,0,0,0,-1,0,0,0,0,0,0,0,1,0,-0.684956,0,0,-0.6239,0,4,0,0,0,0,0,1,1,0,1,1
0,-1,0,-5,0,1,0,-0.516776,-1,0,-2,0,0,-1,0,0,-0.519002,0,-1,1,0,0,0,0,0,0,0,0,0,0,2,0,1.39644,6,0,0,0,0,1,0,1.92308,-3,0,-0.698656,0,1,0,0,2,0,0,0,0,-1,0,0,1,1,0,0,-2,0,-1,0,2,0,1,1,0,1,0,0,0,0,0,0,1,-2,0,0,0,1,0,0,0,0,0,-0.777778,0,0,-0.524565,0,0,0,1,0,3,1,-2,1,0,1,1
0,-1,0,0,-1,0,0,-0.587219,0,0,-1,0,0,0,0,1,-0.622002,0,1,1,0,0,0,-1,0,1,1,2,0,-2,0,0,1.3437,13,0,0,1,0,0,0,1.505125,0,0,-0.70878,0,1,0,-2,0,0,-1,0,0,1,1,0,0,1,0,0,0,0,0,0,-2,0,1,0,0,1,2,0,0,0,0,0,1,-2,0,0,0,0,0,0,0,0,0,-0.587097,0,0,-0.710345,0,0,0,1,0,0,0,1,1,1,1,1
0,2,0,0,1,0,-1,-0.668828,0,0,0,0,0,0,0,0,-0.711997,0,0,0,0,0,1,0,0,0,-1,0,0,0,0,0,0.43454,1,0,0,-1,0,1,0,0.212121,0,0,-0.019307,1,1,0,0,1,0,0,0,0,0,1,0,0,1,1,0,1,0,0,0,-1,1,0,2,0,-1,0,-1,1,0,-1,0,0,0,0,0,0,0,0,1,0,0,0,-0.582043,0,-2,-0.792791,-2,-1,0,0,0,0,2,-2,-1,0,0,1
0,0,1,2,0,0,0,-0.855742,1,0,1,1,0,0,0,0,-0.773676,0,-1,0,0,0,0,0,2,0,0,-1,0,0,0,0,0.53289,1,0,0,1,0,0,0,0.25551,0,0,-0.668799,0,0,0,0,3,1,0,0,0,0,0,0,0,2,-1,0,1,0,1,1,0,0,-1,0,0,0,0,0,0,0,0,0,0,0,1,0,0,0,0,0,0,1,0,-0.44613,0,1,-0.552873,2,0,0,1,0,-1,0,0,0,-1,0,1
0,0,0,0,0,0,0,-0.662993,0,0,1,0,1,-3,0,-1,-0.706521,0,0,0,0,0,0,0,0,0,0,1,-2,0,0,0,0.95885,5,0,0,-1,0,0,0,0.204175,0,0,-0.697995,0,0,0,-1,0,0,0,0,0,-6,0,0,2,0,0,0,0,0,2,0,0,0,0,0,0,0,0,0,0,-3,0,0,1,0,1,-1,-1,0,-1,0,0,0,0,-0.725481,0,0,-0.552738,0,0,0,0,0,-2,-1,0,0,0,0,1
0,0,0,0,0,0,0,-0.362472,-1,0,-1,1,0,0,0,0,-0.3515,0,1,0,0,0,0,0,-1,0,0,0,0,0,1,0,0.47624,4,0,0,0,0,1,0,0.854551,-1,0,-0.777089,0,0,0,0,0,0,0,0,0,1,2,1,0,1,3,0,0,0,0,-1,0,1,1,1,1,0,0,0,0,5,-1,0,0,0,0,1,0,0,1,-2,0,0,3,-0.733333,0,0,-0.235479,0,0,0,0,0,0,0,2,0,0,1,1
0,0,0,0,0,0,0,-0.627282,0,0,0,0,0,0,1,1,-0.773585,0,1,0,-1,0,0,0,0,0,0,0,0,-1,0,0,0.94704,-16,0,0,1,0,1,0,2.16403,0,1,-0.681552,0,0,0,1,0,1,0,0,0,3,2,1,0,0,0,-1,0,0,0,0,-2,1,1,0,0,0,0,0,0,2,-2,0,0,0,1,0,0,0,1,1,0,0,0,-0.893199,0,0,-0.549458,0,0,4,0,0,0,-1,0,0,0,1,1
0,0,0,0,0,0,0,-0.721149,0,0,0,0,0,0,2,0,-0.773585,0,1,0,-1,0,0,0,0,0,0,0,3,0,0,0,0.9137,2,0,0,1,0,1,0,0.794931,0,0,-0.600843,0,0,0,0,0,0,0,0,1,1,3,0,2,-1,0,0,-1,0,0,0,0,0,1,0,1,0,0,0,0,0,-6,0,0,2,0,-2,0,0,1,0,0,1,0,-0.733333,0,0,-0.612903,1,0,0,0,0,-1,0,0,0,2,1,1
0,0,0,0,0,0,0,-0.75931,0,0,0,0,0,0,0,1,-0.588304,0,1,0,1,0,0,0,0,0,0,0,-1,0,0,0,1.65775,5,2,1,0,1,0,0,0.209302,0,-1,-0.668457,0,0,0,0,0,0,0,0,0,0,4,2,1,0,0,0,0,0,1,-1,2,1,2,0,0,2,0,-1,0,-3,0,0,0,-1,0,0,0,-2,0,3,1,1,0,-0.606192,-1,1,-0.76,0,2,0,0,0,0,0,0,0,0,0,1
0,0,-2,1,0,0,0,-0.619477,0,0,0,0,0,1,0,0,-0.555556,0,1,-1,2,0,0,0,1,0,2,1,0,0,0,-1,1.73098,1,0,0,0,0,0,0,3.58587,0,0,-0.498195,-1,0,-1,0,0,0,0,0,0,0,2,0,1,0,3,0,0,0,-1,2,0,0,-2,2,0,0,0,1,0,0,0,0,0,0,0,0,0,0,0,0,0,0,0,-0.584186,0,1,-0.499024,0,1,0,-1,0,0,0,0,0,-1,0,1
0,-1,0,0,0,0,0,-0.782367,0,-1,0,0,-2,0,0,0,-0.593171,0,1,0,1,0,0,1,0,-1,0,2,0,0,0,-1,1.18372,2,0,0,0,1,0,0,0.209302,0,2,-0.72093,1,0,0,0,-2,0,0,0,0,0,0,0,-1,0,0,0,0,0,-1,-1,0,0,1,0,0,0,0,-1,2,1,0,0,0,-1,0,0,0,0,0,0,0,1,-1,-0.746272,0,1,0.014004,0,0,1,0,0,-1,-1,0,1,0,0,1
0,0,0,1,0,0,0,-0.65474,0,0,-2,0,1,-1,0,0,-0.369837,0,0,0,0,-1,0,0,0,0,0,0,0,0,0,0,0.63047,4,0,0,0,1,0,0,0.471796,-1,1,-0.639997,0,2,0,-1,0,0,0,0,0,0,-1,0,0,0,0,0,-1,0,0,-2,0,0,0,0,0,0,0,-1,0,0,-1,0,0,-2,1,0,0,0,0,-3,0,0,0,-0.130518,0,0,-0.636105,-4,0,-4,0,0,1,1,0,0,1,0,1
0,0,1,0,0,0,-1,-0.758266,0,0,0,0,1,0,0,2,-0.316192,0,0,0,1,0,0,0,0,0,0,0,0,2,0,0,0.83519,7,-1,1,-2,1,0,0,0.26231,2,-1,-0.708878,0,0,0,0,0,0,0,0,0,3,0,0,1,1,5,0,0,0,0,0,0,0,0,0,0,0,4,0,0,0,1,0,0,0,0,0,0,1,0,0,0,1,0,-0.526899,-1,1,-0.877586,0,-1,-2,1,0,-2,0,0,0,0,0,1
0,0,0,1,0,0,0,-0.707317,-3,0,0,0,0,-1,2,0,-0.779567,0,0,0,0,-2,0,2,0,0,1,0,0,0,0,0,0.98242,13,0,0,0,0,0,0,0.234783,0,0,-0.603321,0,0,0,0,0,0,0,-1,0,0,0,-3,0,0,-4,0,0,0,-1,0,-1,0,0,0,0,0,0,0,0,1,1,0,0,5,0,0,0,0,0,2,0,0,0,-0.33726,0,0,-0.686025,0,0,2,0,0,0,0,0,0,1,0,1
0,2,0,1,0,0,0,-0.6059,0,0,0,0,-1,0,0,1,-0.573064,0,0,0,1,0,0,0,0,1,0,0,0,0,0,0,0.90677,4,0,0,-1,0,0,0,1.437118,0,0,-0.681917,2,0,1,0,0,-2,0,1,0,0,0,-4,0,0,1,1,0,0,0,1,0,1,1,0,0,0,1,0,2,0,0,0,0,2,0,0,0,0,0,0,0,0,2,-0.549379,0,0,-0.704126,0,0,0,0,0,0,0,0,0,0,0,1
0,1,-3,1,0,0,0,-0.674406,1,0,1,1,0,0,4,0,-0.692308,0,0,0,1,0,0,-1,1,0,0,6,0,0,1,0,1.08571,5,0,3,1,3,0,0,0.833649,1,0,-0.684211,-1,0,-3,-1,0,0,0,-1,0,1,1,0,3,0,1,0,0,0,0,0,0,0,0,0,0,0,1,0,0,-1,0,0,1,2,-2,0,0,0,0,3,-1,-2,0,-0.680782,0,0,-0.769722,0,0,-3,-2,0,0,-1,0,1,0,0,1
0,1,0,0,1,0,0,-0.598346,1,0,0,0,0,0,0,-1,-0.697784,0,1,0,0,0,0,1,1,0,0,2,0,0,0,0,1.08571,8,0,0,-1,0,0,0,1.279791,0,0,0.108409,0,0,-1,0,-1,0,0,0,1,0,0,3,1,-1,0,1,0,0,4,1,-4,0,0,-1,0,0,0,2,-4,0,0,0,0,2,1,-1,0,0,0,-1,-1,0,0,-0.672023,0,0,-0.752495,0,0,0,0,0,1,0,0,0,1,0,1
0,0,0,0,0,0,0,0.530322,0,-1,0,0,0,0,0,0,-0.892516,0,-1,1,4,0,0,1,0,1,0,0,0,0,0,0,1.89089,6,0,0,1,1,0,1,0.213947,-2,0,-0.615741,0,0,-2,2,0,-1,1,0,0,-2,0,0,0,0,0,2,0,0,1,0,0,0,0,0,0,1,0,1,2,1,3,0,0,0,1,0,0,1,0,1,0,-1,0,-0.718582,0,0,-0.663976,0,-1,0,1,1,0,0,0,1,0,0,1
1,0,0,0,0,0,0,-0.256805,0,1,0,0,1,1,0,1,-0.536357,0,-1,1,0,0,0,0,0,0,0,0,-1,1,0,1,0.41067,7,0,0,0,1,0,0,0.324133,0,1,-0.734855,0,0,0,0,0,0,1,0,1,0,0,0,0,0,0,0,0,-2,1,0,0,0,0,0,0,0,0,0,0,-1,0,0,0,-1,0,0,0,1,0,0,0,-1,1,-0.890041,-1,0,-0.851157,1,0,0,0,0,0,1,-2,0,0,0,1
2,0,0,0,0,-2,0,-0.793717,0,0,0,0,0,0,0,0,-0.716546,0,-1,0,-1,1,0,0,0,0,0,0,0,3,0,0,1.27143,1,0,0,0,0,-1,0,0.5928,0,1,-0.716254,1,0,0,0,0,0,0,0,1,-1,0,0,-1,0,0,1,0,0,0,3,0,0,-1,0,-1,0,0,0,0,0,0,0,0,0,0,0,0,0,0,1,0,1,0,-0.754704,0,0,-0.75,-1,0,-4,0,0,0,-1,2,1,0,0,1
0,0,0,0,0,-2,0,-0.474105,0,1,-1,0,0,0,0,0,-0.526415,0,1,-1,2,0,0,0,0,1,0,0,0,4,0,0,0.97841,1,0,0,0,3,0,0,0.86702,2,0,-0.733333,0,0,0,0,0,0,0,0,-1,0,0,0,0,0,-1,0,0,0,-2,1,0,0,-1,0,2,-1,0,0,0,0,-2,0,-1,3,0,0,0,0,0,0,0,-1,0,-0.785355,0,0,-0.413477,0,0,0,0,0,-1,0,1,0,0,1,1
0,0,0,0,1,0,-1,0.130258,0,1,0,0,0,0,0,-1,-0.696987,-1,1,0,0,0,0,1,0,0,0,0,0,0,0,0,1.32081,2,0,0,0,0,0,0,0.588217,1,1,-0.733766,0,-1,0,0,2,0,0,0,0,1,0,-1,0,0,-1,0,0,0,0,0,0,0,0,-2,-1,0,0,0,1,1,0,0,-1,1,0,1,0,2,0,1,0,0,0,-0.70212,0,0,0.108508,0,0,1,0,1,0,0,0,0,0,1,1
0,2,0,0,0,0,0,-0.543039,0,1,0,0,3,0,0,0,-0.3843,0,0,-1,1,1,0,0,0,0,-1,0,0,-1,0,0,1.26802,6,0,0,0,1,1,0,1.402006,-1,-1,-0.726542,0,0,0,0,1,0,0,0,1,0,1,0,0,0,-1,0,0,0,0,0,0,0,1,0,0,0,0,1,1,0,0,0,0,-1,0,-1,-1,0,0,0,0,1,0,-0.684211,0,1,-0.848633,0,0,2,0,0,-1,0,-2,0,0,1,1
0,0,0,1,0,1,0,-0.657143,0,0,1,0,0,0,0,3,-0.657143,-1,0,0,0,0,0,1,4,0,0,0,4,0,0,0,0.72836,2,0,0,-1,0,0,0,2.136062,0,2,-0.515798,0,0,0,0,0,0,0,0,0,0,0,0,0,0,0,0,0,2,0,1,-1,0,2,0,-2,1,0,0,1,0,0,0,1,0,0,0,2,0,0,0,0,-2,0,2.0,0,0,-0.500636,0,0,0,-1,0,0,1,-1,1,0,0,1
0,0,0,0,1,0,0,-0.442597,0,1,1,1,0,0,0,0,-0.572489,0,0,0,0,0,0,0,0,0,0,0,0,4,0,0,1.86023,4,0,0,0,-1,-1,0,1.899382,0,1,0.285766,-1,0,-1,0,1,0,0,0,0,0,0,0,0,0,0,1,0,0,-1,0,0,1,0,0,0,1,0,0,0,0,0,0,0,1,0,0,0,0,0,1,0,0,0,1.481802,0,0,-0.698071,0,0,-1,-1,0,0,0,0,1,1,0,1
0,0,0,1,0,0,0,-0.754882,-2,0,2,1,-2,0,0,-2,-0.657143,-1,0,0,0,0,0,0,-1,1,0,3,0,-1,0,0,0.85735,3,1,0,-2,-1,-1,0,1.422311,0,1,-0.507742,0,0,0,0,0,0,0,0,0,0,2,0,-1,0,-2,0,1,0,0,1,1,0,1,0,0,0,1,0,0,1,-1,0,0,0,0,0,-1,0,0,0,0,-1,0,7.63247,0,0,-0.428549,0,0,-1,0,0,1,0,0,0,2,0,1
0,-2,0,0,0,0,0,-0.895629,0,0,0,0,0,0,0,1,-0.440481,0,0,0,0,0,-2,0,0,0,0,0,0,0,2,0,1.34286,4,0,0,0,0,0,0,1.491468,0,-1,2.06383,0,0,0,0,0,1,-1,-1,0,2,2,0,0,0,2,1,0,0,0,0,1,9,0,0,1,1,0,0,0,2,0,0,2,0,0,0,1,1,0,0,0,0,-1,-0.842989,1,1,-0.720535,0,0,0,0,0,1,1,0,0,-4,0,1
0,1,0,0,0,1,0,-0.875308,0,0,5,0,0,1,0,1,-0.789114,0,0,1,1,0,2,0,-1,0,0,1,0,0,0,0,1.23696,11,0,-1,0,0,0,0,1.19149,3,0,0.681335,0,-1,0,0,0,0,-1,0,1,0,0,0,0,0,0,0,0,0,0,0,0,1,1,0,0,0,2,-2,0,0,0,0,0,0,0,0,0,0,0,2,0,0,0,-0.830986,0,0,0.245629,0,2,4,0,0,0,0,3,1,-1,0,1
0,1,2,0,0,1,0,-0.797939,0,0,0,0,0,0,0,1,-0.741084,0,0,1,-1,0,-1,0,0,0,0,2,0,0,0,0,1.34286,8,0,0,-1,0,0,0,1.63754,0,0,1.585612,1,0,0,0,0,0,-1,0,0,1,0,0,0,0,0,1,0,0,1,0,2,0,-1,0,-1,1,0,0,0,0,0,0,0,0,1,0,0,1,-1,0,0,0,0,0.070916,0,0,-0.886575,0,0,0,0,0,0,1,0,-1,0,0,1
0,-2,0,2,0,0,0,-0.725162,0,0,-2,0,0,0,0,0,-0.658305,0,-2,0,0,0,0,0,0,0,0,3,0,0,1,0,1.05487,6,0,0,0,0,0,0,1.034261,0,0,-0.715023,0,1,-1,0,0,0,1,-1,2,0,-1,0,1,0,0,0,0,0,0,0,2,0,0,2,2,-1,0,0,1,3,0,0,1,2,0,0,0,0,0,1,0,1,0,-0.635304,0,0,-0.662288,0,0,-2,0,0,1,0,0,0,-1,1,1
0,0,0,3,0,0,1,-0.694698,0,0,0,0,0,0,0,0,-0.625837,0,-2,0,1,0,1,0,-1,0,0,0,0,0,0,0,1.2185,4,0,0,0,0,0,0,1.02381,0,0,-0.624201,0,1,0,0,0,1,0,1,0,0,-2,2,0,0,6,3,0,0,0,-1,0,0,0,2,5,0,0,0,1,0,2,-1,0,0,-1,0,0,0,0,0,0,0,1,-0.6483,0,0,-0.645369,0,0,0,0,0,0,0,-1,2,0,1,1
0,0,0,2,0,1,0,-0.69688,0,0,0,0,0,0,0,0,0.283805,0,0,0,1,0,0,2,1,0,0,0,0,0,1,0,0.40657,1,0,1,-2,1,0,0,1.02381,0,0,-0.701346,0,0,0,0,-1,0,0,0,0,1,2,0,0,0,0,0,0,0,0,0,0,1,0,1,0,0,0,0,1,-2,0,0,0,0,0,0,0,0,0,0,0,0,0,-0.618355,0,0,-0.683006,0,-2,0,0,-2,0,2,0,0,0,1,1
0,0,-2,0,0,0,1,-0.744851,1,0,0,0,0,0,0,0,-0.875711,0,0,0,0,0,-1,0,0,-1,0,0,0,1,0,-1,1.57584,2,0,0,0,0,0,0,1.195796,0,0,-0.557867,1,0,-1,0,0,0,0,0,-1,1,0,0,1,-1,0,0,0,0,0,0,0,0,-1,2,1,0,0,0,1,0,0,0,0,0,0,0,0,-2,1,0,1,3,0,-0.57015,-1,0,-0.828957,0,0,0,0,0,0,0,0,-1,0,0,1
0,0,1,0,0,0,0,-0.781788,0,0,0,0,0,0,0,2,-0.875562,-1,0,0,0,0,0,0,0,0,3,1,0,1,-1,0,0.75453,3,1,1,1,1,0,0,1.002274,-1,1,-0.537589,0,-1,0,1,0,0,-1,0,0,0,0,3,0,-1,0,-2,0,0,0,0,-2,-2,0,0,0,0,0,0,0,0,0,0,0,0,0,0,0,0,0,-1,0,1,0,-0.293977,0,0,-0.684301,0,0,0,1,0,0,0,1,0,0,0,1
0,0,0,0,0,-1,-1,-0.721014,0,0,0,0,0,0,0,2,-0.80913,0,0,0,0,0,0,0,0,0,1,0,1,-1,0,0,0.70681,1,0,0,0,1,0,0,1.838937,0,0,-0.420504,0,0,-1,0,0,1,0,-1,0,0,0,3,0,0,0,0,0,1,-1,0,0,1,0,0,0,0,-6,0,-1,0,-2,0,0,0,0,0,0,0,0,0,0,-2,0,-0.707393,-1,-1,-0.768116,0,0,0,0,0,0,2,0,0,0,0,1
-1,0,-1,1,0,0,-1,-0.514856,0,0,-1,0,-2,0,0,0,-0.891174,0,0,0,0,0,0,0,1,1,0,1,0,-1,0,0,1.32772,5,0,0,0,-2,2,0,0.222222,-2,0,-0.657008,0,2,1,-1,0,0,0,0,-1,0,0,-1,0,0,-2,1,0,0,0,1,0,0,0,0,0,0,0,0,0,-1,0,1,-1,-1,0,0,0,0,0,-1,0,4,0,-0.831335,0,0,-0.76,0,0,2,0,0,1,2,0,-1,0,0,1
0,0,0,1,0,0,-1,-0.272099,0,0,2,0,0,1,4,0,-0.533015,0,0,1,0,4,0,0,0,0,0,0,-1,0,0,0,0.47247,3,0,1,1,1,0,0,1.108585,0,0,-0.555556,0,1,1,0,0,0,0,0,0,0,0,-2,0,0,0,0,1,0,1,0,0,0,0,0,0,0,-1,0,0,0,0,0,0,0,-1,0,0,1,0,3,1,0,0,-0.700722,0,-1,1.762143,0,-1,0,0,-1,-1,0,0,1,-3,0,1
0,0,0,1,0,0,1,-0.466597,0,0,1,0,-1,-1,0,0,-0.791505,0,0,0,0,0,0,0,0,0,0,2,0,1,1,0,0.77143,1,0,0,0,1,2,0,0.221767,-2,-1,-0.579441,0,-1,0,0,0,0,0,0,0,0,4,0,0,0,1,0,0,0,0,1,0,0,0,0,1,0,0,0,2,1,0,2,0,1,0,0,0,-2,0,-1,0,-2,0,0.041366,0,-1,-0.839772,0,1,1,1,-1,0,0,1,-1,0,0,1
0,0,0,0,0,0,0,-0.377433,0,1,0,0,0,0,-1,2,2.745934,0,0,1,2,0,0,2,0,0,1,1,0,-1,0,0,1.17143,5,0,0,1,2,0,-2,2.637835,0,0,0.696993,0,1,0,1,0,0,0,0,0,-1,0,0,1,0,0,0,0,0,0,0,0,0,0,0,0,0,0,-3,0,5,2,0,0,0,0,0,0,1,0,1,0,0,2,-0.586207,0,1,-0.730763,4,0,0,0,0,-2,0,1,0,0,0,1
0,0,0,-1,0,0,0,-0.296498,1,-1,1,0,0,0,0,2,-0.426801,0,0,0,1,0,0,0,0,0,0,0,0,1,1,0,1.2381,9,0,1,0,1,0,-1,2.303249,-3,0,-0.75722,0,1,0,-1,-2,0,0,0,-1,1,0,0,0,1,0,0,-1,0,-1,0,0,2,0,0,0,0,-1,0,1,0,0,0,1,0,0,0,0,0,0,1,0,2,0,-0.549003,0,1,-0.739034,2,0,-2,0,0,0,0,1,0,0,0,1
0,0,0,0,0,-1,2,-0.855952,2,0,0,0,0,0,0,1,1.45455,0,0,0,1,3,1,0,0,0,0,0,0,0,-1,-1,1.27647,2,0,0,0,1,0,0,1.200808,0,0,-0.739161,1,1,0,0,2,0,0,0,0,0,0,4,0,0,2,0,0,0,0,0,0,1,0,1,0,0,0,0,0,2,0,0,0,2,-1,0,0,0,0,1,0,0,0,-0.582807,0,0,-0.545858,0,0,0,0,0,-1,0,1,0,0,0,1
0,2,0,0,0,0,0,-0.746096,0,0,0,0,0,0,-1,0,-0.607724,0,0,1,0,0,0,0,0,0,0,3,0,0,0,0,0.67593,9,0,0,0,3,0,0,1.514075,2,0,-0.215819,0,1,0,0,0,0,0,0,-2,0,0,1,-1,1,0,0,0,1,0,1,0,3,0,1,0,1,0,0,1,0,0,0,0,0,0,0,1,0,0,1,0,0,0,-0.632065,0,0,-0.711132,0,0,0,0,0,1,0,2,0,0,1,1
0,0,0,0,0,-1,0,-0.646652,0,0,0,0,0,0,0,0,-0.797845,0,0,2,0,0,0,1,0,0,0,6,0,-1,0,1,0.82857,3,0,0,0,0,-2,0,1.38246,0,0,-0.490638,0,0,0,0,0,0,0,1,0,0,0,0,2,0,0,0,0,1,-1,0,0,0,0,2,-3,1,0,0,0,0,3,0,0,-1,0,0,0,0,0,0,0,0,0,-0.56177,1,-1,-0.602295,0,0,0,4,0,1,0,0,-2,0,1,1
0,-2,0,0,0,0,0,-0.712263,0,0,0,0,0,0,0,0,-0.817239,0,0,-3,0,0,0,-2,0,0,0,0,0,3,0,0,0.5924,3,0,0,0,0,0,0,1.368975,0,0,-0.124602,0,0,0,0,0,-1,0,1,0,1,0,0,-1,0,3,1,0,0,2,0,0,0,0,1,2,1,-1,-1,0,3,0,0,0,0,0,-1,1,0,0,1,0,0,0,-0.891881,0,0,-0.576827,0,-1,0,0,0,1,0,1,0,0,1,1
0,0,2,1,0,0,0,-0.789459,-1,0,0,0,0,0,0,0,-0.375483,0,0,0,0,1,2,0,0,2,0,0,0,0,0,0,1.102,14,0,-1,0,1,0,0,0.780488,0,0,-0.748333,1,-1,0,0,0,0,0,0,0,-1,1,0,-1,0,2,0,0,1,0,0,3,0,0,0,0,-1,1,0,1,0,0,0,0,0,0,-1,0,0,0,0,0,0,0,-0.625,0,0,-0.454876,0,-1,-1,0,0,0,0,0,0,0,0,1
0,0,0,0,0,-1,2,-0.805859,0,1,0,2,-2,1,0,0,-0.724863,1,1,1,0,0,0,0,0,1,0,-1,0,0,0,0,1.2446,3,-1,0,1,3,1,0,0.70172,0,0,-0.755797,1,-1,0,-1,0,0,0,1,2,0,1,0,-1,0,0,0,0,0,1,2,1,1,0,0,0,0,0,0,1,-2,0,0,0,0,0,0,0,0,-1,0,0,0,0,-0.533947,0,0,-0.530788,0,0,0,0,0,1,-1,0,1,0,0,1
0,0,0,0,-1,0,3,-0.770037,0,0,0,1,0,0,0,0,-0.25,1,0,0,0,0,0,-2,0,0,0,4,1,0,-2,0,1.1835,10,1,0,0,1,0,0,1.035028,2,0,1.961742,2,0,1,-3,0,0,0,0,0,0,0,-1,-1,-2,0,0,-1,0,0,1,1,0,0,0,0,0,1,0,0,0,0,0,0,-5,-1,0,0,0,0,1,0,0,0,-0.539898,0,0,-0.740534,0,0,0,0,1,1,0,-1,0,0,0,1
0,0,0,0,0,0,0,-0.724133,0,1,0,-1,-1,0,0,1,-0.679372,1,0,0,2,0,0,0,1,0,1,0,0,0,0,1,0.71429,2,0,0,-1,0,0,0,0.52,0,0,-0.578547,-1,0,0,0,0,-1,0,1,1,-1,0,-2,-3,0,1,0,0,0,0,-1,1,1,0,-2,0,-1,1,0,0,-2,-1,0,0,0,0,0,-2,0,0,0,-1,0,0,-0.668897,0,0,-0.596103,0,0,0,0,0,1,-1,0,2,1,0,1
0,0,2,0,1,0,1,-0.537309,0,0,0,0,0,-1,0,0,-0.781818,1,0,0,0,0,0,0,0,1,0,-5,0,0,0,0,0.71429,10,0,0,-3,1,0,0,0.52,0,0,-0.594619,0,0,0,0,0,0,0,0,1,0,-1,1,0,0,0,1,0,0,-1,0,0,0,-2,0,0,0,0,0,0,1,0,0,0,0,1,0,0,0,0,0,0,0,0,-0.082246,0,0,-0.515714,0,0,0,0,0,1,-1,0,1,0,0,1
0,0,-2,0,0,1,0,-0.716582,0,0,0,0,-3,0,0,0,-0.781818,1,0,1,1,0,0,0,1,0,1,0,0,2,0,0,2.88517,13,0,0,0,1,1,0,0.39498,1,0,-0.52,0,0,0,0,1,0,0,0,1,0,-1,0,0,1,2,1,0,0,2,0,1,1,0,-1,0,1,0,0,0,0,0,0,2,0,0,0,0,-1,0,0,0,3,1,-0.188362,0,0,-0.752999,3,-1,-3,0,2,0,0,0,-1,0,0,1
0,1,0,0,0,0,0,-0.643475,0,0,0,0,2,0,0,1,-0.535277,0,-1,-5,0,0,0,0,0,1,0,0,0,0,0,0,2.95553,1,0,0,2,1,0,0,2.294838,2,0,-0.745377,0,0,0,0,0,1,0,0,0,0,0,0,0,1,0,0,0,0,0,0,0,0,0,0,3,0,0,0,0,0,0,0,1,-3,0,0,0,0,0,0,0,0,0,-0.631938,0,0,-0.696601,0,0,3,0,0,0,2,1,1,0,1,1
0,0,0,0,0,0,0,-0.226657,0,0,0,-1,0,0,1,1,-0.657155,0,0,-1,0,0,0,0,0,0,-1,0,0,1,1,0,1.37575,6,0,0,1,1,0,0,1.774945,0,0,-0.678934,0,0,-1,0,0,1,-1,0,0,0,0,0,0,0,-1,-1,0,-1,0,0,0,0,0,0,0,0,0,0,0,0,3,0,0,0,0,0,0,0,0,-1,0,0,0,-0.755501,0,1,-0.739978,0,0,2,3,-2,0,0,1,1,0,1,1
0,-1,0,1,0,0,0,0.78225,0,-1,0,0,0,0,1,1,-0.542943,0,0,2,0,0,3,0,0,0,0,0,2,1,1,0,1.42107,5,0,0,0,1,0,2,2.20755,3,-1,-0.834564,0,0,0,0,0,0,0,0,0,0,-3,1,0,1,0,0,0,0,2,0,0,3,0,0,0,0,-1,0,0,0,0,0,0,-1,2,1,0,0,0,1,0,0,0,-0.061394,0,-1,-0.739568,0,0,0,0,0,2,0,1,1,0,1,1
0,-3,0,0,0,0,0,-0.753709,0,0,0,0,0,1,0,0,-0.714286,0,0,0,0,0,0,0,0,0,0,0,0,0,0,-2,0.52436,3,0,0,4,0,1,0,1.243075,0,0,-0.460709,0,1,0,0,0,0,0,0,2,0,0,0,0,0,0,0,0,0,0,0,0,0,0,0,-3,-1,0,0,0,0,0,0,0,2,0,0,0,1,0,0,0,1,0,-0.718279,0,0,-0.707317,0,0,0,2,-1,0,0,-1,0,0,1,1
0,0,-2,-2,1,0,0,-0.755102,0,0,0,0,-1,0,0,0,-0.612292,0,0,1,1,0,0,0,0,0,0,0,0,0,0,-1,1.09969,3,0,0,0,0,0,-1,1.142968,-2,0,-0.692488,-2,1,0,1,1,0,0,0,0,0,0,0,0,1,1,0,0,0,0,0,-1,0,1,0,0,-2,0,-1,2,0,0,0,0,0,-1,0,0,0,0,0,1,1,0,-0.485027,0,0,-0.632455,0,0,0,0,0,-1,1,1,-3,0,1,1
-1,-4,0,-1,0,1,0,-0.383923,0,0,-2,0,-2,0,0,0,-0.788756,0,0,1,0,0,0,0,0,-1,0,0,-1,1,0,0,1.0718,1,0,0,0,0,0,0,1.230768,1,0,-0.710224,-1,1,-1,0,0,0,0,0,0,1,0,0,0,0,0,0,0,-2,-1,0,0,0,0,-1,2,0,0,0,0,0,0,0,0,0,0,0,0,1,0,1,0,0,0,-0.683838,0,0,-0.736925,2,0,0,-1,0,0,0,-1,0,0,1,1
0,0,0,2,0,0,0,-0.389988,0,0,2,-1,0,0,-1,2,-0.769633,0,0,0,3,0,-1,-3,0,0,-1,-1,-1,0,-1,0,0.82857,3,-1,0,-1,0,0,0,0.551724,0,0,-0.554909,0,-1,0,0,0,-2,0,0,0,2,0,0,0,0,0,-1,0,0,-3,0,0,1,0,0,0,0,0,0,1,-1,0,0,0,0,0,0,0,-1,0,-1,0,0,1,-0.72093,0,0,-0.641123,2,0,0,0,0,1,0,0,0,0,0,1
1,0,-2,-1,0,0,0,0.800949,0,0,0,0,0,-2,0,1,-0.600518,0,-1,0,1,0,0,0,0,0,0,1,0,0,0,0,0.79742,8,0,0,0,2,0,0,0.645435,1,-1,-0.637728,0,0,0,0,-1,0,0,0,0,0,0,0,0,0,0,0,0,0,-3,0,1,0,1,-2,0,0,0,-1,0,0,0,0,0,0,0,0,-1,-2,1,0,0,-1,0,-0.72093,0,2,-0.665774,1,0,-2,0,0,0,1,0,0,0,0,1
0,0,0,0,0,0,0,-0.500888,0,0,0,0,0,0,1,2,-0.159066,0,0,0,0,0,0,0,0,1,0,-1,1,1,0,0,0.9285,3,0,0,0,4,0,0,0.551724,0,0,-0.473585,0,0,1,1,1,0,0,0,0,0,0,0,0,0,0,0,0,0,0,-1,3,1,0,0,0,0,1,0,1,0,0,0,0,0,0,0,0,0,0,1,0,0,0,-0.573984,0,0,-0.511138,0,0,0,-1,0,1,0,0,0,0,0,1
0,-1,0,0,0,0,0,-0.57459,1,0,0,0,0,0,-2,0,-0.663471,0,0,1,0,0,-2,0,-1,0,-1,0,2,0,1,0,1.57143,10,1,0,1,0,1,1,1.21485,4,-1,-0.91066,0,0,0,-1,1,0,0,0,0,0,0,1,3,0,-1,1,1,-1,0,-2,0,1,0,0,0,0,0,2,-2,0,0,0,0,0,0,0,1,1,0,0,1,0,0,-0.715022,0,0,-0.656068,2,0,0,1,0,0,0,0,1,1,1,1
0,0,0,-1,0,-1,1,-0.71375,0,0,0,0,0,-1,0,0,-0.65552,0,0,-3,0,0,1,-2,0,0,0,0,0,0,3,0,2.98619,3,0,1,1,0,0,0,1.01818,-3,0,-0.683775,0,0,0,0,0,0,0,0,0,-1,0,0,0,1,-2,0,1,0,0,0,1,0,0,2,0,1,1,0,1,0,0,0,0,0,0,0,0,0,0,0,0,0,0,-0.727395,0,-1,-0.693686,2,0,0,0,0,2,0,0,0,1,1,1
0,0,0,1,0,0,0,-0.666667,0,-1,2,0,-2,0,-1,0,-0.611037,0,1,-1,0,0,0,0,0,0,0,0,0,0,0,0,1.57143,4,0,0,0,0,0,0,1.304725,2,0,-0.545335,0,0,0,0,0,0,0,0,0,0,0,1,0,-1,0,0,1,0,1,1,0,3,0,0,1,0,0,0,-2,2,3,0,0,0,0,-2,0,0,0,0,-1,0,0,-0.648915,0,0,-0.708053,0,1,0,2,0,0,0,0,0,1,1,1
0,0,-3,-1,0,2,0,-0.631084,1,1,0,0,0,0,0,0,-0.52547,0,0,1,2,0,0,0,0,1,0,0,0,0,0,0,1.08953,0,-1,0,1,0,2,0,0.909713,0,0,-0.431767,0,-1,0,0,0,-1,0,0,-1,0,1,0,0,-2,0,0,0,1,0,0,0,1,0,2,0,0,1,-2,0,0,0,1,-1,0,0,0,0,0,1,1,0,0,0,-0.647059,0,0,-0.718556,3,0,0,0,0,0,0,0,3,0,0,1
0,0,-1,0,0,-1,0,-0.625,0,0,-1,0,0,0,0,0,-0.405737,0,0,0,-1,0,0,-1,2,0,-1,0,0,0,0,0,0.87108,0,2,0,0,0,0,0,0.9,0,0,-0.42592,0,-3,0,0,0,0,0,0,0,0,0,0,-1,1,2,0,0,0,1,0,1,0,1,0,0,0,1,0,0,0,0,0,0,0,0,0,0,0,0,1,0,0,0,-0.857265,0,0,-0.907015,0,0,3,0,0,0,-1,0,1,0,0,1
0,-1,1,0,0,0,0,-0.566681,-1,0,0,0,-1,0,-4,0,-0.596903,0,0,0,0,0,0,-1,-1,1,-1,0,0,0,0,0,1.06148,7,0,1,0,1,-2,0,0.987122,-1,0,-0.679588,0,2,0,0,0,0,0,0,0,0,1,0,0,0,0,3,0,0,-1,0,0,0,0,2,0,0,1,1,-1,0,1,0,0,1,1,0,0,0,0,1,0,-2,0,-0.805417,0,0,-0.394277,0,0,-1,0,0,0,-1,0,0,0,0,1
0,0,-1,0,0,0,0,-0.856939,0,0,0,0,0,0,0,0,-0.274377,1,0,1,1,0,0,0,0,0,0,0,0,0,-1,0,2.86265,4,0,1,-2,0,0,0,0.30757,0,0,0.345172,-1,0,0,0,0,0,0,0,0,1,0,0,0,0,0,0,0,-1,0,1,4,1,0,0,0,1,0,-1,0,0,0,0,-2,0,0,0,0,0,0,1,1,1,0,-0.647435,0,0,-0.286017,-1,0,-3,0,0,0,1,1,0,0,0,1
0,2,0,0,0,1,0,-0.526348,0,0,1,-1,0,0,-1,0,-0.800703,0,0,1,1,0,1,0,0,0,0,0,-1,0,0,-1,1.34286,7,-1,0,-1,0,0,0,0.980284,0,0,-0.777151,-1,0,0,0,0,-1,0,0,0,0,0,0,0,0,0,0,1,-2,-2,1,2,1,0,0,0,1,0,1,3,0,0,-2,0,0,0,0,0,-1,0,0,0,0,0,-0.451559,0,0,-0.881686,0,1,0,0,-1,-2,-1,1,0,-2,0,1
0,2,0,0,0,0,0,-0.247937,0,0,0,0,0,0,0,0,-0.612903,0,0,0,1,3,-1,0,0,0,0,1,0,-4,0,0,2.23167,2,0,0,0,0,2,0,0.191489,0,0,-0.744681,0,0,0,0,0,0,0,0,0,0,1,2,0,1,0,0,0,0,-1,1,0,1,-1,0,0,0,0,0,0,0,0,0,0,0,0,0,0,1,0,0,1,0,2,-0.53994,0,0,-0.8,0,0,0,0,0,0,0,1,-2,1,0,1
0,0,0,0,0,0,-2,0.258065,-1,1,0,3,0,0,0,-1,-0.77691,0,0,0,1,0,0,0,0,0,0,2,0,0,0,-1,0.45641,0,0,0,0,0,1,0,0.641008,-1,0,-0.629227,0,1,0,0,0,0,0,0,0,0,1,1,0,1,0,0,0,0,0,0,0,2,-2,0,-1,2,0,-1,0,0,0,0,0,2,0,0,1,0,0,0,0,-4,-1,0.711416,1,0,-0.769231,0,0,0,0,1,-1,-1,0,0,0,0,1
0,0,1,0,0,1,-4,-0.428571,1,0,0,1,-1,0,0,2,-0.777055,0,0,1,1,0,0,0,0,0,0,3,1,3,0,0,1.08702,0,0,0,0,0,0,0,0.55695,0,-1,-0.612609,0,-1,0,0,0,0,0,0,0,0,3,0,0,0,0,0,0,1,0,1,4,2,0,-1,0,0,0,1,0,2,0,0,0,0,0,0,2,0,0,0,0,-2,0,-0.218712,0,0,-0.633736,0,0,1,0,0,0,0,-1,1,2,0,1
0,0,0,0,1,-6,1,-0.092998,0,1,0,0,1,-1,-1,1,-0.828199,0,0,1,0,0,0,0,0,0,1,0,0,-1,0,0,1.0478,0,0,0,0,0,0,0,0.672851,0,0,-0.535164,0,1,0,-1,0,0,-2,0,0,0,1,0,0,-2,0,-1,0,-1,1,1,-3,2,1,0,0,0,-1,-1,2,0,0,0,1,0,1,0,0,0,2,0,0,0,0,-0.204454,0,0,-0.785372,-2,1,0,0,0,0,-1,1,0,1,0,1
0,0,0,0,0,0,0,-0.75,0,0,1,0,0,0,0,0,-0.744681,0,0,0,0,0,2,0,0,0,0,0,0,2,-2,0,0.79917,1,0,0,0,0,-1,0,1.641487,0,0,-0.806847,0,0,0,0,0,1,0,0,0,-2,-1,-1,2,2,2,4,0,0,0,0,1,1,0,0,2,0,1,0,0,0,0,0,0,0,0,1,0,1,1,0,0,0,0,-0.863619,0,0,-0.347465,4,0,2,0,0,2,0,-1,0,0,0,1
0,0,0,-1,-1,0,1,-0.725779,0,0,0,0,1,0,1,0,-0.744681,0,0,0,1,0,0,0,0,0,0,0,2,0,0,0,1.57448,3,0,0,0,0,-1,0,2.105774,0,0,0.047983,0,0,0,0,0,0,2,1,-1,1,0,1,2,0,2,4,0,0,0,0,6,1,0,0,0,0,0,-1,0,3,0,0,0,-2,1,0,0,0,0,0,0,1,1,0.251196,0,0,-0.904325,0,0,0,0,0,1,0,0,1,1,0,1
1,-2,0,0,0,0,0,-0.637906,0,0,0,0,0,1,1,0,-0.744681,1,-1,0,1,0,0,2,-1,0,0,0,0,0,0,0,1.77896,2,0,1,0,0,0,0,1.93478,0,0,-0.331571,0,-3,0,0,0,0,0,1,-1,0,0,0,0,1,0,3,0,0,0,2,0,0,0,2,0,1,0,-1,1,2,0,0,0,0,1,0,0,1,0,-1,0,1,0,0.15061,0,0,-0.819938,0,0,0,0,1,0,0,0,0,1,0,1
0,1,0,-1,1,0,1,0.128658,0,0,0,0,0,1,0,0,-0.666667,0,0,0,0,0,0,0,-1,0,0,2,0,0,0,0,1.50698,4,0,-2,0,2,0,1,1.251173,0,0,-0.535573,-1,1,0,0,0,0,0,0,0,2,0,0,1,0,0,0,0,0,-1,0,0,0,0,1,0,-1,0,0,0,0,0,0,0,0,0,0,0,0,0,0,0,0,0,-0.625,0,0,-0.671731,0,0,0,0,-1,-3,-1,-3,0,-2,0,1
0,-2,-1,0,1,0,0,-0.79661,0,-1,0,0,0,0,0,0,-0.76307,0,-1,0,0,0,0,2,0,1,0,0,0,-1,0,0,1.33809,6,0,0,0,0,0,0,0.741842,0,0,-0.726181,0,1,1,1,0,0,-1,0,0,0,1,3,0,1,-1,-1,0,0,2,0,2,0,0,0,0,0,3,0,0,1,0,0,1,2,0,0,0,3,0,1,0,0,0,-0.557504,0,0,-0.7039,0,0,0,0,0,1,0,0,0,0,0,1
-1,0,-1,-1,1,0,0,-0.79661,0,0,2,0,0,0,0,0,-0.768526,0,0,-2,0,0,0,0,-1,1,0,0,2,0,0,-1,1.65387,5,-1,0,0,0,0,0,2.573948,1,0,-0.742507,1,1,1,0,0,0,0,0,-1,0,0,0,0,0,0,0,0,0,-1,0,1,0,0,0,0,0,1,0,0,0,0,1,-1,0,0,0,0,0,0,0,0,0,-2,-0.527882,0,0,-0.439094,-1,-1,0,-1,0,0,0,0,0,1,0,1
1,0,-1,0,0,0,1,0.502746,0,1,0,0,0,0,-1,0,-0.543819,0,0,0,1,0,0,0,-1,0,0,0,0,0,-1,0,2.51371,2,0,0,0,0,1,0,0.225666,0,0,5.45135,0,0,1,-1,0,0,-2,0,0,0,0,3,-1,0,-1,-1,0,0,0,0,1,1,2,0,2,0,0,1,2,-1,0,0,0,0,0,0,1,0,0,1,0,2,0,-0.63985,-1,0,-0.785714,3,0,-2,0,0,0,0,0,1,1,1,1
1,0,0,-1,0,0,-1,-0.581602,0,0,-1,0,0,1,0,2,-0.617193,0,2,-3,0,0,0,-1,0,0,0,0,2,0,-1,-2,1.35878,4,0,0,0,0,1,0,3.934176,0,0,-0.777101,0,0,0,0,1,0,0,0,0,-2,0,0,0,1,0,0,0,0,0,1,1,1,-1,-2,2,1,0,0,0,-2,0,0,0,0,1,-2,0,0,0,0,0,2,1,-0.601197,0,0,-0.785714,0,0,0,0,1,1,0,-1,0,1,1,1
0,0,0,0,0,0,0,-0.565512,0,3,1,0,0,0,0,0,-0.485585,1,0,-1,0,0,0,0,0,0,0,0,0,-2,0,0,0.77339,6,0,0,0,0,1,0,0.431391,0,0,-0.750403,0,1,0,1,3,0,0,0,0,0,1,1,1,-1,0,0,0,0,0,0,-1,-2,-1,1,3,0,0,0,0,0,0,0,0,-1,0,0,1,0,0,0,0,0,0,-0.862395,0,0,-0.833192,0,-2,-3,0,0,0,0,-1,0,0,1,1
0,-1,0,-2,0,1,0,-0.317609,0,1,0,0,2,0,0,-1,-0.554756,-3,0,0,0,0,0,1,0,0,0,0,0,0,3,0,0.64375,7,0,0,-1,1,0,0,0.309434,0,0,-0.574805,0,0,0,0,0,0,0,0,0,1,3,0,-4,0,0,0,1,0,0,0,0,0,0,0,1,0,1,0,1,-2,2,0,0,0,0,0,0,0,0,3,0,0,0,-0.714286,0,0,1.557954,-2,0,1,0,0,1,0,0,0,0,0,1
0,0,0,0,0,-1,0,-0.306675,0,0,1,0,0,1,0,1,-0.626166,-1,0,0,0,0,0,0,0,2,0,1,-1,0,0,0,0.8838,1,0,0,0,1,0,0,0.594961,0,1,-0.610106,-1,0,0,0,0,0,0,1,0,0,2,2,0,0,2,2,1,0,2,-1,0,0,0,2,0,0,5,0,0,2,0,-1,0,0,0,3,-1,0,0,0,0,0,0,-0.737531,0,0,-0.299322,0,0,0,0,0,0,-1,0,0,2,0,1
0,0,0,0,0,0,0,-0.334706,-1,0,0,0,2,0,1,1,-0.569108,0,-1,0,1,0,0,0,0,0,0,0,0,-1,-2,0,0.82242,0,0,0,0,0,0,0,0.587217,0,0,-0.612554,0,0,0,0,0,-1,-1,0,0,0,0,0,0,0,0,0,0,0,0,0,3,0,0,0,0,0,0,0,0,0,0,0,1,0,0,-1,0,0,0,0,0,1,0,-0.396532,0,0,-0.669496,0,0,0,0,-1,0,0,2,0,0,0,1
0,1,2,0,0,3,1,-0.533297,0,0,0,0,1,0,1,0,-0.362978,1,0,-4,0,0,0,0,0,0,0,1,0,0,1,0,3.76559,13,0,0,1,-1,-1,2,2.463119,0,0,-0.818077,3,0,0,0,0,0,0,0,0,0,0,1,0,3,0,0,0,0,1,0,0,0,1,0,1,1,0,1,-2,0,0,0,2,0,0,0,0,-3,0,0,0,0,1,-0.594976,0,0,-0.616208,0,0,0,1,0,0,0,1,0,0,1,1
0,0,0,1,0,0,0,0.600785,0,0,-1,0,1,0,0,0,-0.612903,0,0,0,0,0,0,0,0,0,1,0,3,0,1,0,1.02857,10,0,0,0,0,0,0,1.83333,5,0,-0.772322,0,-1,0,0,0,0,0,0,0,0,0,1,2,-1,0,2,0,0,0,0,0,2,1,2,0,0,0,0,-1,0,0,1,0,0,0,-1,0,0,0,0,1,0,0,-0.623417,0,0,-0.458906,0,0,0,0,0,0,-1,0,3,0,1,1
0,-1,0,0,0,2,-1,-0.640455,0,0,0,0,1,0,2,0,-0.612903,1,-1,0,4,0,0,-1,0,0,0,0,0,2,1,3,1.33047,8,0,0,0,0,0,0,2.564493,0,0,-0.763446,0,0,0,0,0,0,-1,0,0,0,0,0,1,2,0,0,0,0,0,0,0,1,1,0,1,1,1,0,0,0,0,0,0,0,0,0,1,1,0,0,0,0,1,-0.682296,2,0,-0.274809,0,0,0,1,0,0,0,0,1,0,1,1
0,0,0,0,1,0,0,-0.666412,0,0,0,0,-5,0,0,0,-0.53432,0,0,-2,1,0,2,0,0,0,0,0,2,0,1,0,1.69102,4,0,0,0,0,0,0,0.611075,0,0,-0.738798,0,0,0,1,0,0,0,0,0,0,0,0,0,0,0,0,0,0,0,1,0,0,0,0,0,0,2,0,0,0,5,0,0,0,0,0,-2,0,0,0,0,1,0,-0.640682,0,0,-0.930021,0,0,0,0,0,1,0,1,0,0,1,1
0,3,0,0,1,0,0,-0.346517,0,0,0,0,0,0,4,0,-0.688847,0,-1,0,0,2,0,0,0,0,0,0,0,0,1,0,3.74401,0,0,0,1,0,0,0,3.847986,0,0,-0.355855,-1,1,0,0,0,0,0,-1,0,0,0,1,0,1,0,0,0,0,0,1,0,1,0,-2,0,0,0,2,1,1,0,0,-1,0,0,0,0,0,0,0,0,0,0,-0.724035,0,0,-0.605731,0,0,0,-1,0,0,0,0,0,0,1,1
0,0,0,1,1,0,-1,-0.733791,0,0,0,0,0,0,1,0,-0.594805,0,1,1,1,0,0,0,0,0,0,0,0,1,0,0,0.97143,2,0,0,0,0,2,1,0.441176,0,0,-0.851076,0,1,3,0,1,2,0,0,0,1,-1,2,0,0,2,-2,0,0,-1,1,-1,0,0,2,2,0,0,0,0,0,0,0,0,0,0,-1,0,1,0,0,0,0,0,-0.497594,1,0,-0.069594,0,0,0,0,0,1,-1,1,3,0,1,1
0,0,0,1,1,0,0,-0.4,0,0,0,0,0,0,2,0,-0.650725,0,0,-1,0,-1,0,2,0,0,0,0,0,0,0,0,1.53421,5,1,0,2,0,0,0,2.688155,0,-2,-0.602671,0,1,0,0,0,0,0,0,0,0,0,1,0,2,0,0,1,1,0,0,3,-2,0,0,0,0,-2,2,0,1,0,0,0,-1,0,0,0,0,0,1,0,0,1,-0.412958,0,0,-0.883765,0,0,0,0,-1,0,0,-3,0,2,1,1
0,0,0,0,0,0,0,0.469449,0,-1,0,0,0,0,2,0,-0.535347,0,0,0,0,0,0,0,0,0,0,0,0,0,0,0,0.97113,4,0,0,-1,0,0,0,0.514913,1,-1,-0.623106,0,1,0,0,1,0,4,0,0,-2,1,-1,-4,0,2,0,0,0,0,0,-1,0,0,0,0,0,0,1,0,1,3,0,1,2,0,0,0,-1,0,1,1,-2,1,-0.335199,0,0,-0.686232,0,0,0,0,0,0,0,-2,-2,0,1,1
0,-1,1,1,1,0,0,1.049343,-1,0,1,0,1,1,3,4,-0.598022,1,0,0,1,0,0,2,0,1,0,0,0,0,0,0,0.83841,4,0,0,-1,-1,-2,0,2.304583,0,0,-0.584953,0,0,0,0,0,0,0,0,0,0,0,0,0,0,0,0,0,0,-1,0,1,-3,0,-5,0,0,0,0,1,1,0,0,0,0,0,0,0,0,0,1,1,0,0,-0.787154,0,0,-0.823529,0,0,0,1,-2,-1,0,-1,0,0,1,1
0,0,-1,1,0,0,1,-0.568262,0,0,-2,0,0,0,0,1,-0.596605,0,0,0,0,-3,0,1,0,0,0,0,0,-1,0,0,1.18372,4,0,-1,0,-1,0,0,0.898158,0,0,-0.779654,0,1,0,0,0,0,1,0,0,0,0,1,0,0,0,0,0,-1,1,0,1,1,0,0,0,-3,0,0,0,0,2,0,0,1,0,0,-1,0,0,0,0,0,0,-0.158035,0,1,-0.749012,0,0,2,0,0,0,0,0,1,0,1,1
0,0,0,1,0,0,2,-0.636364,0,0,0,0,0,0,0,0,-0.660345,0,0,1,0,0,-2,0,0,0,0,2,2,0,1,0,0.76187,1,0,2,0,0,0,0,1.241286,2,0,-0.747977,0,0,0,0,0,0,1,0,0,0,0,-2,0,0,0,0,0,0,0,0,0,0,-1,-2,0,0,0,0,-1,0,0,0,0,0,0,0,0,-1,0,0,0,0,0,-0.594024,-1,-1,-0.549753,0,0,0,0,0,0,0,1,0,0,1,1
0,0,0,0,0,0,0,-0.673202,1,0,0,0,0,0,0,0,-0.733333,0,0,0,0,2,0,0,0,0,0,0,0,-1,1,0,1.56642,5,0,0,1,-4,0,0,1.4186,0,1,-0.762757,0,0,0,0,0,0,0,1,0,-4,0,0,1,0,2,1,0,0,0,0,0,0,0,-2,0,1,1,0,0,0,0,0,0,2,0,0,-2,0,-1,0,0,0,0,-0.596134,0,0,-0.905972,0,0,3,0,0,0,0,1,0,0,1,1
0,0,0,0,-3,0,0,-0.32915,0,0,0,0,0,0,-1,0,-0.692308,0,0,1,0,0,0,0,0,-1,0,0,-1,0,1,0,1.20603,5,0,0,0,0,0,0,1.282482,-1,0,-0.75,0,0,0,0,0,0,0,0,-3,0,1,0,0,0,-1,0,0,0,0,0,0,1,0,1,0,1,1,0,0,0,0,0,0,0,0,0,0,0,0,0,0,-1,0,-0.742832,0,0,-0.890045,0,1,0,3,0,-1,0,0,0,0,1,1
0,1,0,0,0,0,-1,-0.821693,0,0,1,-1,-1,0,0,0,-0.783726,0,0,0,0,1,0,0,0,0,0,0,0,0,0,0,1.3832,5,0,0,0,0,0,0,1.10417,0,-1,-0.681395,0,2,2,0,0,0,0,0,2,-2,0,0,0,0,-1,0,1,0,0,-1,1,0,0,-1,2,0,1,0,0,0,0,0,0,0,-2,0,0,0,0,2,0,0,0,-0.707317,0,1,-0.781818,0,0,2,-1,-1,1,0,0,0,0,1,1
0,0,0,0,0,0,0,-0.617104,-2,0,0,0,0,0,-1,0,-0.430213,0,0,1,0,0,0,0,-1,0,0,0,0,0,0,1,1.3865,9,-1,0,-2,1,0,0,2.402438,0,1,-0.633866,0,0,0,0,-1,-1,0,0,0,0,0,0,0,0,0,0,0,0,-2,0,0,1,0,0,0,0,1,0,0,0,4,0,0,-1,1,0,0,0,0,1,0,0,0,-0.912456,1,0,-0.397646,2,1,0,0,0,0,1,0,0,0,1,1
0,1,1,1,0,0,0,-0.036207,0,0,1,1,0,0,0,1,-0.681936,0,0,0,0,0,0,0,0,0,0,0,0,0,0,0,1.41798,1,0,1,0,-5,0,0,0.832905,0,0,-0.74107,0,0,0,0,0,1,0,-1,0,0,0,0,1,0,1,0,0,-2,2,-2,0,-1,0,2,0,0,0,0,1,1,0,0,0,0,0,0,0,0,-1,-2,0,0,0,-0.924533,0,0,-0.707317,0,1,2,0,1,0,0,-4,0,0,1,1
0,0,1,0,0,0,0,-0.333333,0,0,0,0,0,-2,0,1,-0.72093,0,0,0,0,0,-1,0,0,1,0,-2,0,0,0,0,1.45714,2,0,0,0,0,0,0,1.35851,0,0,-0.610053,0,0,0,1,0,0,1,0,-1,0,0,0,-1,0,0,-1,0,0,0,0,0,0,0,0,0,0,0,0,0,0,0,0,0,0,0,0,0,0,0,0,0,1,0,-0.571429,0,2,-0.704373,0,0,0,0,0,2,0,0,0,0,1,1
0,1,1,-2,0,0,0,-0.333333,0,0,1,0,1,0,0,1,-0.748025,0,-1,0,0,0,0,0,0,0,0,0,0,0,0,0,1.61603,8,0,1,0,0,-1,0,1.068222,0,0,-0.771738,-1,0,1,0,0,1,0,0,0,0,2,2,0,0,1,0,0,2,-1,0,0,0,-1,0,0,0,0,0,0,0,0,0,0,0,0,0,0,0,0,-1,0,0,0,-0.723602,0,0,-0.871346,0,0,0,0,0,2,0,0,0,0,1,1
0,0,0,0,0,0,0,-0.646795,0,0,0,0,1,0,0,2,-0.738254,1,0,0,1,0,-1,-1,0,0,0,0,-3,0,0,1,1.31429,2,0,0,0,0,0,0,0.618536,0,0,-0.649376,0,0,0,0,2,0,0,0,0,0,0,5,1,0,0,0,0,0,0,0,1,1,-1,1,2,0,0,0,1,1,0,1,2,1,0,1,0,-2,-1,0,0,0,0,-0.868055,1,0,-0.822193,0,0,0,0,0,0,0,0,-1,1,0,1
0,-1,0,0,0,-1,0,-0.752568,0,2,1,-1,0,0,0,1,-0.677442,1,0,0,-1,0,0,0,0,0,0,0,2,0,-3,0,0.9831,15,0,0,0,0,0,0,0.573756,0,0,-0.846233,-1,1,0,0,0,0,0,0,0,0,-1,0,1,0,1,0,0,0,1,0,1,1,-1,1,0,0,0,0,0,1,0,0,0,0,0,0,0,0,-1,-1,0,0,0,-0.662511,0,0,-0.668075,0,0,0,0,0,1,0,0,0,0,0,1
0,0,-1,0,0,0,0,-0.815703,-2,0,1,1,-1,0,0,0,-0.734931,0,0,0,0,0,0,0,0,0,0,0,0,0,1,0,2.16772,4,0,-2,0,0,0,1,0.58784,0,1,-0.776487,0,0,0,0,0,-2,3,0,-1,1,0,2,-1,0,0,0,0,-1,0,0,0,1,-1,0,0,0,0,0,2,0,0,0,0,0,0,1,0,0,0,2,0,0,0,-0.621355,0,-1,-0.753987,2,0,0,1,0,0,-2,2,3,1,0,1
0,-2,1,1,2,0,0,-0.828553,1,0,0,0,0,1,0,0,-0.497921,0,0,1,0,0,2,0,0,0,0,3,0,0,1,0,1.41972,10,0,-1,0,1,0,1,0.817552,0,0,-0.73913,0,0,0,0,0,-1,0,0,0,1,0,0,0,0,-1,0,0,0,0,0,1,0,0,0,0,0,0,0,0,0,4,0,0,0,0,0,0,0,0,0,0,0,0,-0.405268,-1,-1,-0.800866,-4,0,0,0,0,1,0,0,0,4,0,1
0,-1,0,0,0,0,1,0.770949,0,0,0,0,0,0,0,0,-0.8671,0,0,1,0,0,3,0,1,0,0,0,0,0,0,-1,1.72942,2,-3,0,0,1,0,0,0.493071,0,-1,-0.457105,-2,0,0,0,0,0,0,0,0,4,0,0,0,1,0,0,0,0,2,0,0,0,1,0,0,-1,0,2,0,-1,0,-1,0,0,0,0,1,-1,0,2,-1,0,0,0.088281,0,0,-0.218235,0,-1,0,-1,0,0,0,0,0,0,0,1
0,0,0,0,0,0,0,0.098869,0,1,0,0,0,0,1,0,-0.612903,0,0,0,0,0,0,1,0,0,-1,0,0,0,0,1,1.31429,8,0,0,0,0,0,0,0.471974,2,0,-0.758637,-1,0,0,0,0,-1,0,1,1,0,1,0,-1,1,0,0,0,0,1,0,0,3,1,0,0,0,1,0,-4,0,0,2,0,0,1,1,0,0,0,0,0,0,0,-0.647443,0,0,-0.672532,0,1,-4,0,0,0,0,0,0,0,0,1
-1,0,0,0,0,0,0,-0.622935,0,0,0,0,0,0,0,1,-0.528719,0,0,-1,0,0,1,-1,-1,0,0,0,0,1,0,0,0.76485,13,2,0,0,0,-1,0,0.387337,0,1,-0.830632,0,0,2,1,0,0,0,0,1,1,0,1,1,1,0,1,1,0,0,0,0,0,1,0,3,0,0,0,0,0,0,0,0,0,0,1,0,0,0,0,0,0,0,-0.652414,0,0,-0.650977,1,1,0,0,0,0,0,0,0,1,1,1
0,0,0,0,0,-4,2,-0.73405,0,0,0,1,2,0,0,1,-0.826698,0,0,0,0,0,0,0,0,0,0,0,0,0,2,0,1.73151,8,1,0,0,0,0,1,0.759918,0,0,-0.811561,1,0,0,-1,1,0,0,0,0,0,1,7,0,0,0,0,0,-1,0,0,1,-1,0,1,0,0,0,2,0,-1,0,-1,0,3,0,0,0,0,0,0,0,1,0,-0.703453,0,0,-0.837923,0,1,0,0,0,0,0,0,0,-5,1,1
0,-2,0,0,-1,-2,0,-0.697754,0,0,0,0,1,0,1,0,-0.698448,0,0,0,0,0,0,0,0,0,0,0,0,1,3,0,2.15102,3,0,0,1,0,0,0,0.620257,0,0,2.000407,2,-1,1,1,0,0,0,0,-1,0,1,0,0,0,0,0,0,0,0,0,0,0,0,0,-2,1,0,0,0,0,-1,0,0,0,0,1,-1,0,0,0,0,2,0,-0.708079,0,0,-0.741675,0,1,0,0,0,0,0,1,0,0,1,1
0,-1,0,-1,0,1,0,-0.801648,0,0,0,0,0,0,0,0,-0.115264,0,0,0,0,0,0,0,0,0,0,3,1,0,1,0,0.88954,2,0,2,0,0,0,0,2.06452,0,0,-0.591341,0,-3,0,0,0,0,0,0,0,1,0,1,0,1,0,1,0,0,0,0,1,4,0,-1,-3,0,0,1,0,0,2,0,0,-1,-1,1,0,0,0,0,0,1,1,0.164025,0,-1,-0.482322,0,-1,-1,0,0,0,0,0,0,-2,1,1
0,0,1,0,0,1,0,0.050488,-2,0,0,0,0,0,-1,0,-0.605249,0,1,0,3,1,0,0,0,0,0,0,0,1,0,1,0.41654,3,0,0,0,2,0,0,2.06452,2,0,-0.553231,-1,0,0,0,0,1,0,0,0,1,1,3,1,0,-2,0,0,0,0,3,1,0,0,1,0,0,0,0,0,3,0,0,0,1,0,1,0,0,0,1,0,0,0,-0.214547,0,0,-0.785937,0,-2,0,0,0,1,0,-2,0,0,1,1
0,0,0,0,0,0,0,-0.791947,0,0,3,0,0,0,-1,0,-0.620786,0,0,0,0,0,0,0,1,0,0,0,0,0,0,0,0.88571,5,3,0,0,1,-2,0,3.891294,0,0,-0.667394,1,0,1,0,0,-1,0,0,0,0,1,0,0,0,0,-1,0,0,0,0,1,-1,1,4,0,0,0,1,-1,0,0,0,-1,0,0,0,0,0,0,0,0,1,0,-0.680509,0,0,-0.825299,0,0,2,0,0,-1,1,0,0,1,1,1
0,0,0,0,0,0,0,-0.472743,0,0,0,0,0,0,0,0,-0.633368,0,0,0,0,0,0,0,0,0,0,0,0,2,0,0,2.17987,1,0,1,1,1,0,1,3.291872,2,0,-0.885542,0,0,0,0,0,0,0,1,0,0,0,0,1,-1,0,0,0,0,0,0,0,0,0,0,0,0,0,0,0,0,0,0,0,-1,0,0,1,0,0,-1,0,-1,0,-0.76,0,1,-0.666667,0,0,0,0,1,-1,0,0,0,-1,1,1
0,0,0,0,1,2,0,-0.76,-2,0,0,0,0,0,0,0,-0.322573,0,0,0,1,0,0,0,0,-1,0,0,2,0,0,1,1.09582,2,0,0,-1,0,0,0,1.785826,0,0,-0.744681,1,0,0,0,0,0,0,0,0,2,-1,0,-1,0,0,0,0,0,0,0,1,1,0,0,0,0,1,0,1,0,0,0,-1,0,0,0,0,0,-1,0,0,0,0,-0.737074,0,-1,-0.645408,0,0,0,0,0,0,0,0,-1,-1,1,1
0,0,0,0,0,0,0,-0.722738,0,0,-1,0,0,0,0,0,-0.466407,0,0,0,0,0,0,0,0,0,0,0,2,0,-1,0,1.34286,1,0,0,0,3,1,-1,2.154604,0,1,-0.568562,0,0,0,-2,0,0,0,0,0,0,-3,0,0,-1,0,0,0,-1,0,0,0,0,0,0,0,0,0,0,0,0,0,-1,0,0,0,0,1,2,0,0,0,0,0,-0.655998,0,0,-0.670045,0,-1,0,0,0,0,0,0,0,0,1,1
0,0,-1,1,0,0,0,0.627413,0,0,1,0,0,0,0,1,-0.4,0,1,0,0,0,0,0,0,0,0,0,0,0,0,-1,1.35791,5,0,-1,0,1,0,0,1.505527,0,2,-0.739467,0,0,0,0,0,0,0,0,1,0,0,0,0,0,0,0,0,-1,2,0,0,0,0,1,0,0,1,1,0,0,0,0,0,1,0,0,0,0,0,0,0,0,1,-0.571853,0,0,-0.657143,0,-2,0,0,0,0,0,1,0,0,1,1
0,0,1,1,0,0,0,-0.751286,0,0,1,0,1,0,0,-1,-0.674887,0,1,0,0,0,0,0,0,0,0,2,0,3,0,3,2.08626,4,0,0,0,0,-1,1,0.93617,0,0,-0.744681,1,0,0,1,0,0,0,0,0,0,0,0,0,0,1,0,0,0,0,0,1,0,1,1,0,2,0,0,0,0,3,0,0,0,0,0,0,0,0,0,0,0,0,-0.766685,0,1,-0.646334,0,0,0,0,0,0,1,3,0,0,1,1
0,-1,-1,1,0,0,0,-0.166585,0,0,0,-1,0,0,0,1,-0.405298,0,1,-3,0,1,2,0,0,0,0,2,0,0,0,0,1.37512,0,0,0,0,1,0,0,0.931329,0,-4,-0.722996,0,0,0,-2,0,0,0,0,1,1,0,-1,3,0,4,2,0,0,0,1,0,0,2,1,0,-1,1,1,1,2,0,0,0,0,0,0,0,-1,0,0,0,0,1,-0.6,0,-1,-0.649066,0,0,0,0,0,0,0,0,0,0,1,1
0,1,-1,0,1,1,0,-0.532309,-2,0,0,0,0,0,2,1,-0.818723,0,0,0,1,0,0,0,0,0,0,0,0,0,0,0,0.91387,16,0,0,0,0,0,0,0.563888,0,0,-0.689415,3,0,0,1,0,0,0,0,0,0,0,1,1,0,0,0,0,0,0,0,0,0,-1,0,1,0,0,0,-1,0,2,0,-2,0,0,1,1,0,-1,0,0,0,2,-0.723379,0,0,-0.636364,0,1,-1,0,0,0,0,2,0,-1,0,1
0,0,0,0,0,0,-1,-0.596501,0,0,0,0,0,0,0,1,-0.343188,0,-2,-5,1,0,0,0,0,0,0,0,0,0,0,0,0.95188,10,0,0,0,-1,0,0,0.557876,0,0,-0.665666,0,0,0,0,-1,1,0,0,0,0,0,-1,0,0,0,0,0,0,0,1,0,0,-2,0,0,0,0,0,-2,0,0,0,1,0,0,0,0,0,0,0,0,0,-1,-0.603989,0,0,-0.774516,0,0,0,0,0,-3,0,0,0,0,0,1
0,0,0,1,0,5,0,-0.582097,0,0,-1,0,0,0,4,-2,-0.497799,0,0,0,0,0,0,0,0,0,0,2,0,0,-1,0,0.89289,7,0,0,0,0,-1,-1,1.570764,0,0,-0.675676,2,0,0,0,0,0,0,0,-1,-1,0,0,0,0,0,0,-1,1,0,1,0,2,1,0,3,1,-1,0,0,2,0,0,0,0,1,0,0,0,0,0,0,2,0,-0.045727,0,-2,-0.381831,3,0,3,1,0,0,0,0,0,0,0,1
0,0,0,0,-1,-1,0,-0.831152,0,1,0,0,0,0,1,0,-0.6,0,0,0,0,0,0,1,0,0,0,2,0,2,0,0,1.12373,0,0,0,0,-1,0,0,0.454018,-3,0,-0.484934,1,0,0,0,-1,0,0,0,0,0,0,0,1,0,-2,0,0,0,0,1,0,0,0,-1,0,1,0,0,-1,1,0,0,0,0,0,0,0,0,0,0,0,0,0,-0.571429,-1,0,-0.583635,0,0,0,0,-1,0,1,0,2,0,0,1
0,0,0,1,0,1,0,-0.708886,0,0,0,0,1,0,0,0,-0.654451,0,0,0,0,0,1,0,0,1,0,0,0,2,0,0,0.78756,4,0,0,2,-1,0,0,0.835159,0,0,-0.698902,0,0,0,0,0,0,0,0,0,0,-1,0,2,0,0,0,0,0,0,2,0,-1,0,0,1,0,1,1,0,3,0,0,0,0,0,0,1,0,0,1,0,1,0,-0.545886,1,0,-0.713851,0,0,0,0,0,0,0,0,-2,0,0,1
0,0,0,0,0,0,0,-0.572435,0,0,-2,0,1,0,-1,0,-0.585883,0,0,0,0,0,0,0,0,0,0,1,0,1,0,0,0.9535,0,1,0,-1,-1,1,1,0.901882,0,0,-0.72093,0,0,-1,0,0,-1,0,0,0,0,1,-5,0,0,1,0,-1,0,0,0,0,0,0,0,0,0,2,0,0,1,1,0,0,0,0,0,0,0,0,0,0,1,2,-0.571429,1,0,-0.66895,0,0,0,0,0,0,0,-1,1,0,0,1
0,0,0,1,-1,1,0,-0.591802,1,0,0,1,0,3,0,0,-0.692308,0,0,0,0,0,-1,2,0,1,0,0,0,0,0,0,1.18116,0,0,0,0,0,0,0,2.07407,0,0,-0.628372,0,0,0,0,0,0,-1,0,0,0,0,0,0,0,0,-1,0,0,0,0,0,-1,0,0,0,0,0,0,1,0,0,1,0,0,0,0,0,1,0,0,-1,0,-1,-0.868391,0,0,-0.164963,0,0,0,0,0,0,0,1,0,0,1,1
0,0,0,0,0,0,0,0.710243,0,0,0,1,0,0,0,0,-0.52696,0,0,0,0,0,-2,-1,1,1,0,-2,-1,0,1,0,0.63187,6,0,1,0,0,0,0,3.522525,0,0,-0.655681,0,0,0,0,0,0,0,-1,0,0,1,0,2,0,0,0,1,1,0,0,0,0,-2,0,0,1,0,0,1,0,0,1,1,0,2,0,0,1,0,0,0,0,0,-0.218807,0,1,0.9476,0,0,0,0,0,0,1,1,0,-1,1,1
0,0,0,0,0,0,1,-0.60264,0,-1,0,1,0,4,0,0,0.02419,0,0,0,0,0,0,0,0,0,2,3,0,0,0,0,0.77143,3,0,0,0,0,0,0,1.628322,0,0,-0.905913,3,1,0,-1,0,0,0,0,0,0,0,0,0,0,2,0,0,0,0,0,0,0,0,0,0,0,1,1,0,0,0,1,0,0,0,0,0,1,-1,0,0,0,0,-0.748871,0,0,-0.336048,0,0,0,0,1,0,0,0,0,0,1,1
2,0,0,0,0,1,1,-0.399521,0,0,0,0,0,0,0,0,-0.60911,0,0,0,0,0,0,0,0,-3,-1,0,0,0,0,0,1.31429,5,0,0,0,0,0,3,1.217933,0,2,-0.505384,1,-1,1,0,0,1,0,0,0,1,0,0,0,0,0,0,0,0,0,0,0,1,0,1,0,0,2,0,0,0,0,0,2,0,0,0,0,0,0,-1,0,0,0,-0.837838,0,0,-0.59558,0,0,3,0,1,0,-1,0,0,0,1,1
0,0,0,0,-1,1,0,0.460719,0,0,0,0,0,1,0,0,-0.657143,0,0,0,0,0,0,-4,0,0,0,0,2,0,-1,0,2.67246,6,2,-1,1,-1,0,0,1.36336,2,0,-0.721483,0,0,1,0,0,0,0,2,0,1,0,0,3,0,0,0,1,0,0,0,0,1,1,1,0,-1,0,0,0,2,0,0,0,0,0,0,1,0,1,0,0,-3,0,-0.837838,0,1,-0.428354,0,0,0,0,1,0,0,-2,0,0,1,1
0,0,0,0,0,1,0,-0.558065,0,0,0,0,1,0,0,0,0.758447,0,2,0,0,0,0,2,0,0,0,0,0,0,0,0,3.30511,3,1,0,0,0,0,0,1.750608,0,0,-0.912745,0,0,1,0,0,0,0,0,0,1,0,0,0,0,0,2,-1,0,0,0,0,1,2,0,0,0,0,1,-1,0,0,0,2,0,0,0,0,1,1,0,0,0,0,0.319903,2,0,-0.727273,0,1,3,0,0,0,0,0,0,0,1,1
0,0,-1,1,0,2,0,-0.66447,2,0,0,0,2,0,0,0,-0.781779,0,0,2,0,0,0,0,0,0,0,0,0,0,-4,0,1.84187,6,-1,2,-1,0,0,0,1.16174,0,0,-0.798226,0,-1,0,0,1,0,0,0,-1,6,3,0,1,0,0,-1,0,0,0,0,0,1,0,3,0,-1,1,2,0,0,0,1,-1,0,0,-2,0,0,0,0,0,1,0,-0.350713,0,0,-0.715663,0,0,0,1,0,0,0,0,0,0,1,1
0,0,0,0,0,1,0,-0.70761,0,0,2,0,0,0,0,0,-0.789808,1,0,0,2,0,0,0,0,0,0,0,0,0,0,0,2.16224,15,0,0,0,1,0,0,2.644052,0,0,-0.800903,0,0,0,0,2,0,0,0,0,1,0,4,-1,0,0,0,-1,0,-2,0,-1,0,0,0,0,0,0,0,0,-1,0,0,0,0,1,0,0,0,0,0,0,0,0,-0.52,0,0,-0.865004,-1,0,0,0,2,0,0,0,0,0,1,1
0,1,0,0,0,0,0,-0.837213,0,0,0,0,0,0,0,9,-0.8,0,0,1,1,0,0,0,2,0,1,-1,0,0,0,1,1.77533,2,0,0,0,0,0,0,1.253899,2,0,-0.790887,0,0,0,0,0,2,0,0,0,0,0,0,0,0,0,-1,0,0,0,0,0,0,0,0,0,0,0,0,-1,0,2,0,0,-4,0,0,0,0,0,0,0,0,0,-0.726148,-1,0,-0.716752,0,0,0,0,0,0,1,0,0,0,1,1
0,0,-1,0,1,0,0,-0.727273,0,0,1,0,0,-1,0,0,-0.714641,0,0,-1,-1,0,0,0,0,0,1,2,0,0,-4,0,1.22857,4,0,2,0,1,3,0,1.874948,2,0,-0.66391,0,0,0,0,0,0,0,0,0,0,1,0,0,1,-1,0,0,0,3,0,2,-1,0,0,0,-1,0,-1,0,0,0,0,3,0,0,0,0,1,0,1,0,0,0,-0.398469,0,-2,-0.533624,0,0,2,0,0,0,-1,0,-4,0,1,1
0,-1,1,0,1,0,1,-0.469266,0,0,0,0,0,0,0,0,-0.353342,1,0,0,0,0,0,0,-2,0,1,0,0,0,0,0,0.88211,3,0,0,-1,1,0,0,2.253778,0,0,-0.400773,0,2,0,0,0,0,-1,0,0,0,0,0,0,1,0,-2,0,0,0,0,0,0,1,-1,0,0,0,0,0,0,0,0,0,0,0,0,0,1,0,1,0,0,0,-0.232168,0,-1,-0.601851,0,0,0,0,0,1,1,0,2,0,1,1
0,0,0,0,0,0,0,-0.874519,0,0,0,0,0,0,2,0,-0.565456,0,0,-4,1,0,1,0,0,-1,1,0,0,0,0,0,2.9677,0,0,0,0,1,0,0,0.469028,0,0,-0.352251,-1,0,0,0,0,0,0,-1,0,0,1,0,0,1,-1,1,0,0,1,2,0,0,1,0,-2,-3,0,0,0,0,2,0,0,0,0,0,0,1,0,1,0,4,1,-0.6,0,0,-0.556243,0,0,0,0,0,1,0,1,0,0,1,1
0,1,0,0,0,0,0,-0.7,1,0,1,1,1,-1,0,0,-0.769331,0,0,0,0,0,0,0,0,0,0,0,0,4,0,0,3.5323,7,0,1,0,4,1,0,1.549822,0,1,-0.815385,0,0,-1,0,-1,0,0,0,-2,0,-1,0,0,0,1,0,0,0,0,0,-2,0,0,0,0,0,1,0,1,0,0,0,0,-3,0,0,0,1,0,0,0,-1,0,-0.588954,0,0,-0.454545,0,0,0,0,0,0,0,0,0,0,1,1
0,-1,0,0,1,0,0,-0.700643,1,0,-4,1,0,0,0,2,-0.692421,0,0,0,0,-1,1,4,0,0,0,0,3,0,2,0,2.06665,5,0,0,1,0,0,0,0.973074,2,0,-0.754004,0,0,0,1,0,0,0,0,0,0,0,0,0,-1,1,2,0,1,0,2,0,1,1,-1,0,-1,1,0,0,1,0,0,0,0,0,0,1,1,0,1,0,-2,0,-0.725946,0,1,-0.474164,2,0,0,1,-1,0,1,0,0,0,1,1
1,0,1,0,0,0,0,-0.417174,0,0,0,1,0,-1,0,1,-0.846673,0,0,0,-1,0,0,0,0,0,0,0,0,0,-1,0,2.44136,3,0,-1,0,-1,-1,0,3.979974,-1,-1,-0.769219,0,0,0,0,0,0,0,0,0,1,0,1,0,0,1,0,-1,0,2,1,0,0,0,1,0,0,0,0,1,3,0,0,0,-3,0,0,0,2,0,1,0,0,0,-0.261793,0,0,-0.112701,0,0,0,1,0,0,0,-2,-1,0,1,1
0,1,4,0,0,0,1,-0.703368,0,0,0,0,0,0,0,-2,-0.743728,0,0,0,0,0,-1,0,0,0,0,2,0,0,0,0,1.63544,1,0,0,0,0,0,0,3.033771,1,0,-0.784108,0,0,2,0,0,0,0,1,0,0,1,2,0,0,3,0,1,0,0,0,0,-2,1,0,1,1,-1,0,-1,0,0,0,1,5,1,0,0,0,1,0,-1,1,0,-0.496546,0,0,-0.610463,0,0,0,0,0,0,-3,0,-1,0,1,1
0,-1,0,0,0,0,1,-0.848014,2,0,0,0,2,0,0,1,-0.716151,0,0,0,1,1,0,0,-1,0,-1,0,0,0,0,0,1.57764,6,0,0,0,0,0,1,0.742164,1,1,-0.779996,-1,0,0,2,0,0,0,0,0,-1,0,0,-1,-2,0,0,1,0,-3,0,0,0,2,0,1,-1,2,0,0,0,0,0,1,0,0,0,0,0,1,0,0,2,0,-0.372135,0,0,-0.272766,0,0,0,0,0,-2,0,0,0,0,1,1
0,0,0,0,0,0,1,-0.725024,0,0,0,0,2,0,0,0,-0.591984,0,0,0,1,1,0,0,0,0,0,2,5,-1,0,0,1.55895,2,0,0,1,1,0,0,1.635332,1,0,-0.760984,0,0,0,2,0,0,-1,0,0,0,1,0,0,1,-1,0,1,1,-1,2,0,0,0,0,1,0,0,0,0,1,0,0,1,0,0,0,0,0,1,1,0,0,-1,-0.520159,0,0,-0.487436,0,0,0,0,0,0,0,0,0,0,1,1
0,0,1,0,0,0,-1,-0.52,0,1,1,0,0,0,-2,0,-0.563849,0,0,0,0,0,-1,0,0,0,0,0,0,0,0,0,1.50929,4,0,1,0,0,0,0,1.479992,0,-1,0.963636,0,0,-2,2,0,0,0,0,0,0,-2,1,0,-1,1,2,0,1,0,0,1,0,0,2,0,0,0,0,0,0,0,1,0,0,0,0,0,0,1,0,0,0,0,-0.75,0,0,-0.806452,0,0,0,0,0,4,0,0,0,0,1,1
0,0,0,0,0,1,0,-0.426471,-1,1,0,1,0,0,0,0,-0.551275,0,0,1,-1,0,0,2,0,-1,0,0,0,0,0,1,2.3482,6,0,1,0,0,0,0,1.74545,0,0,0.963636,0,0,0,0,0,0,0,0,1,0,0,0,0,0,0,0,-1,0,0,0,1,0,-1,2,1,0,0,0,-1,4,0,1,0,0,1,0,0,0,0,0,0,0,0,-0.792699,0,0,-0.686639,0,0,0,0,0,0,0,0,0,2,1,1
0,0,1,0,0,0,0,0.120338,0,1,0,0,0,0,0,0,-0.733333,0,0,0,0,0,0,0,0,0,0,2,3,0,0,1,1.87782,7,-1,0,0,0,0,0,1.740117,2,0,2.449807,0,0,0,-1,0,0,0,0,0,0,1,0,0,0,1,0,0,0,0,0,1,1,1,0,0,0,1,0,0,-1,0,1,0,0,1,0,0,0,0,0,0,0,-1,-0.75,1,0,-0.169341,0,0,-1,0,-1,0,0,0,2,1,1,1
0,0,0,1,0,0,0,-0.656645,0,0,0,0,1,0,0,0,-0.685313,0,0,1,-1,0,0,0,0,0,0,2,0,0,-1,0,1.32808,3,0,1,0,0,0,0,0.848302,0,0,-0.719378,0,2,0,0,0,0,0,0,0,0,0,1,0,0,0,0,3,0,1,0,1,0,0,0,0,0,1,0,0,0,0,1,0,0,0,0,0,1,0,0,0,0,0,-0.666667,2,0,-0.52,0,-1,0,-1,0,1,1,0,1,1,0,1
0,0,0,-1,0,0,0,-0.595421,0,0,0,0,0,0,0,1,-0.594258,0,-1,1,0,0,0,0,-1,0,0,2,0,0,0,0,1.79744,10,1,0,0,-3,-2,0,1.418443,0,0,-0.705312,0,0,1,0,2,1,0,0,0,0,1,5,0,0,0,3,0,0,1,-1,0,0,0,1,0,1,1,0,1,0,0,0,-1,0,-2,0,0,0,0,0,0,0,0,-0.626944,0,0,-0.704792,0,0,0,0,0,0,0,0,0,2,0,1
0,0,0,0,3,0,0,-0.612903,0,0,0,0,1,0,0,0,-0.684579,0,0,1,0,0,-1,-2,0,1,0,2,0,0,0,0,1.29994,5,0,1,0,0,0,0,1.160664,2,0,-0.725046,1,0,0,-1,0,0,1,0,1,0,1,0,0,0,0,0,-1,0,1,0,1,0,0,-1,-3,0,1,0,0,0,0,1,0,1,0,0,0,1,0,1,0,0,0,0.31715,0,0,-0.399669,0,0,0,0,0,0,1,0,0,1,0,1
0,0,0,-1,1,0,0,-0.857143,0,0,0,0,-1,0,0,1,8.36,0,0,0,0,1,-1,2,0,0,0,0,0,0,1,-2,1.17143,6,0,0,0,0,0,-1,0.219512,1,0,-0.553434,0,0,-1,0,0,0,0,0,0,0,0,1,-1,0,2,0,0,0,0,0,0,1,0,0,0,1,0,0,0,0,1,0,0,-1,0,0,0,1,1,0,0,-2,0,-0.494433,-1,0,0.668866,-1,0,1,0,0,2,-2,2,0,0,0,1
0,1,2,0,1,0,1,-0.846908,0,0,0,0,-1,0,0,1,8.428981,1,0,0,0,0,0,0,0,0,0,0,0,0,0,0,0.87595,0,0,-2,0,0,0,0,0.219512,0,0,-0.026047,-1,1,0,0,0,0,0,0,0,0,2,1,0,0,0,0,0,0,0,0,-1,0,-2,1,0,0,0,0,0,-1,0,0,1,3,0,0,0,0,0,0,0,-1,0,-0.725724,1,0,-0.440514,0,1,0,0,0,0,0,0,0,2,0,1
0,1,-1,0,1,1,0,-0.699656,0,-1,0,0,-1,1,0,1,8.584291,0,0,0,0,-1,1,0,0,0,0,0,0,0,-1,0,1.72313,0,0,0,2,0,0,1,0.219512,1,0,-0.666659,0,0,0,0,0,1,0,0,0,0,0,1,0,1,0,0,0,0,0,0,-1,-2,0,1,0,1,0,0,0,0,0,0,-3,0,0,0,0,1,0,0,0,-1,-2,-0.798079,0,0,-0.52,0,0,0,0,0,0,-1,0,0,0,0,1
0,0,1,0,0,0,0,0.78325,0,0,1,2,0,0,0,0,-0.440623,0,0,1,1,0,0,1,0,0,-1,0,-1,0,-1,0,1.43768,7,0,-1,1,0,0,0,0.857143,0,0,-0.345742,0,1,-1,0,0,0,0,-1,-2,-1,0,0,1,0,0,0,0,-2,3,1,-1,0,0,2,0,0,-1,0,0,0,-1,0,0,0,0,0,0,0,0,0,0,0,0,-0.757764,0,0,-0.613122,0,0,0,0,0,0,2,-1,0,0,0,1
0,-1,0,0,0,0,0,-0.612221,1,0,-1,0,0,-1,3,2,-0.769189,0,0,0,1,0,0,0,-5,-1,0,1,-1,0,0,0,2.07763,4,0,0,1,0,0,0,0.987823,1,-1,-0.674989,0,0,0,0,0,0,0,0,1,0,0,0,0,0,-1,1,0,1,1,0,1,0,0,0,0,1,0,-1,-2,-1,-2,0,0,0,0,0,0,0,0,0,0,0,-2,-0.70113,0,0,-0.657143,1,0,-1,0,0,0,0,0,3,0,0,1
0,3,-1,0,0,0,0,0.765795,0,0,0,0,0,0,0,0,-0.724376,0,0,1,0,0,0,0,0,0,0,0,0,0,0,-1,1.29177,0,-1,0,1,-3,0,0,1.070995,0,0,-0.897871,0,0,0,1,1,0,0,0,0,1,1,3,1,1,0,0,0,0,0,0,0,0,0,0,1,0,0,0,0,0,1,0,-1,-1,0,0,0,0,0,0,0,0,0,-0.702088,0,0,-0.657143,1,0,-2,0,0,0,-1,3,1,0,0,1
1,0,-1,1,0,0,0,-0.664011,0,1,1,0,0,0,0,0,-0.62464,0,0,-2,0,-1,0,0,0,0,-1,2,2,0,0,0,1.87885,9,0,0,-2,0,0,0,0.517857,4,0,-0.764572,-2,1,1,1,0,1,0,0,0,1,0,0,0,0,0,-1,0,0,0,0,0,-1,1,0,0,0,0,0,0,-1,0,1,0,0,0,0,0,1,0,0,0,1,-1,-0.040593,0,0,-0.651386,0,0,2,0,0,-4,0,0,0,1,1,1
0,0,0,1,0,0,0,-0.687911,0,0,0,-1,0,0,0,0,-0.311792,0,0,0,0,-1,1,0,0,1,0,0,5,3,1,0,1.92404,1,0,0,4,-1,0,0,0.568984,0,-1,-0.804146,0,1,0,-1,0,0,0,0,0,0,0,1,0,-1,1,-1,0,-1,0,0,0,2,1,0,0,0,0,0,-1,0,0,0,-2,0,0,-1,0,0,0,0,0,1,0,-0.642693,0,0,-0.481352,2,0,0,0,0,0,-1,1,0,1,1,1
1,-1,-1,1,0,0,0,-0.689801,0,0,0,3,1,0,0,0,-0.456016,0,0,0,0,0,0,-1,0,0,0,0,0,0,1,0,1.63393,0,0,0,-1,0,0,0,1.473919,0,0,-0.774746,-1,0,0,0,-1,0,0,2,0,0,0,1,0,0,1,0,0,0,0,0,-1,0,2,0,7,0,0,0,0,3,4,0,2,0,0,0,-1,0,0,0,0,1,0,-0.58171,0,0,-0.447,0,0,0,0,0,0,0,1,0,1,1,1
0,-2,0,0,0,0,0,-0.555351,1,0,0,1,0,1,0,0,-0.719791,0,-1,1,1,-1,0,0,0,0,-1,-1,0,0,0,0,2.83976,8,0,0,0,0,0,0,1.411012,-3,0,-0.833333,0,0,0,0,0,0,0,0,-1,0,0,1,0,0,0,0,0,0,0,-2,1,0,1,0,1,-1,3,0,1,0,0,-1,0,2,1,1,0,1,0,1,0,0,0,-0.626262,0,0,-0.686486,0,0,0,1,0,0,2,0,0,-2,1,1
0,0,1,4,0,0,0,-0.421752,0,0,0,1,1,-1,0,0,-0.518832,0,0,0,0,0,0,4,-1,0,-2,0,2,0,-1,-2,3.5348,3,0,1,0,0,1,0,1.599716,-1,0,-0.833333,0,1,0,0,0,0,0,0,1,0,1,0,0,0,1,0,1,0,0,0,1,0,0,-1,5,0,0,0,-1,0,0,0,0,2,0,0,0,2,0,0,0,0,0,-0.588126,0,0,-0.695954,0,0,0,0,-1,0,0,0,0,1,1,1
0,0,1,0,1,0,1,-0.837398,3,-1,0,1,1,-1,0,1,-0.750925,0,0,0,2,0,0,2,0,0,0,0,-1,2,0,-1,2.26696,5,0,1,-3,0,0,0,1.371951,0,0,-0.833333,0,1,0,0,-1,0,0,0,1,0,1,0,-1,0,1,0,0,0,0,0,1,0,0,0,0,0,0,0,0,0,2,0,2,0,0,0,0,0,0,0,0,0,0,-0.529341,0,0,-0.73226,2,0,0,0,2,0,0,0,0,0,1,1
1,1,0,-2,0,0,0,3.0,0,0,2,1,0,0,0,1,-0.623301,0,0,0,0,0,0,1,0,0,0,0,0,-2,3,2,0.73749,10,0,0,0,1,0,1,2.369063,1,0,1.29653,0,0,0,-1,0,0,0,0,0,0,0,1,0,0,0,1,0,0,1,0,0,1,-1,0,0,1,2,1,0,0,2,0,1,0,0,0,0,0,0,1,0,0,1,0.527968,0,3,-0.789474,-2,0,0,2,0,0,0,0,0,1,1,1
1,0,0,0,0,-1,0,5.627093,0,0,0,0,0,0,0,0,-0.647059,0,0,0,0,0,0,2,0,1,0,-2,0,4,-3,0,0.89693,3,0,0,2,0,-1,1,2.782784,1,0,1.519642,0,0,0,0,0,0,-1,0,0,0,0,1,0,0,0,0,1,0,1,0,0,1,0,0,0,1,0,0,3,1,0,0,1,0,0,-1,0,0,0,1,0,0,1,-0.86063,0,0,-0.789474,4,0,4,0,2,0,0,-1,0,1,1,1
0,0,1,-1,0,1,0,3.0,0,0,1,0,0,0,0,-2,-0.687561,0,0,0,3,1,0,0,0,0,0,0,0,0,1,0,1.36626,3,0,0,-1,0,0,2,2.511317,0,0,-0.609026,1,0,0,0,0,0,-1,0,1,1,1,0,1,-2,0,0,-2,0,0,0,0,0,0,0,3,1,0,1,1,0,0,1,-1,0,0,0,0,0,0,-1,0,2,1,-0.666324,1,0,-0.789474,2,-1,-3,0,0,0,0,1,0,0,1,1
0,0,-1,0,0,0,1,-0.370938,0,0,0,-1,0,0,0,1,6.226913,0,0,0,-1,0,-1,0,0,0,0,0,0,0,-5,0,0.88571,3,0,0,-2,0,-1,0,1.037832,0,1,-0.2009,0,0,0,0,0,0,0,0,0,1,0,0,0,0,0,1,0,0,0,0,0,2,0,0,0,0,0,0,-1,-1,0,0,0,0,1,0,0,0,0,0,0,0,0,-0.337018,-2,0,-0.922664,0,0,0,0,0,0,1,0,2,0,0,1
0,-1,0,0,0,0,0,-0.478261,0,0,2,0,0,1,0,0,2.0,0,0,0,0,0,0,0,0,-1,-1,0,0,1,1,1,0.9415,9,0,0,0,-1,0,0,1.70968,0,-2,-0.643258,0,0,0,-3,0,0,0,0,0,-1,1,0,0,-1,2,0,0,0,1,0,0,0,0,0,0,1,2,0,0,0,0,0,0,-2,1,1,0,0,0,0,0,0,1,-0.467253,0,0,-0.922439,2,0,0,0,0,0,0,0,1,0,0,1
0,0,-1,0,-1,0,0,-0.478261,1,0,-1,0,0,0,0,1,1.538973,0,0,0,1,0,0,0,0,0,0,0,0,0,0,0,0.88571,6,0,0,1,0,0,0,1.696462,0,0,-0.51673,0,0,0,0,1,0,0,0,1,5,0,0,0,0,0,0,0,0,0,0,-2,-3,0,0,0,1,0,0,0,0,0,0,0,0,1,0,0,1,0,0,0,0,0,-0.773111,1,0,-0.725083,0,0,0,0,0,-1,1,0,0,0,0,1
0,0,0,1,0,0,0,-0.522952,0,0,0,0,0,2,0,0,-0.325535,0,0,0,0,0,0,1,0,0,0,0,0,0,0,0,0.84287,2,0,0,-1,0,0,0,2.66353,0,0,-0.815802,0,0,0,0,-1,-2,0,0,0,0,0,1,0,0,0,-2,0,2,1,0,0,0,0,0,0,0,0,0,0,0,0,1,0,0,0,0,0,-1,0,1,0,0,0,-0.294118,0,-1,1.209496,0,0,0,0,-2,0,0,2,1,0,0,1
0,2,0,1,0,0,0,-0.376452,0,0,0,1,0,0,0,0,-0.6334,0,0,0,1,0,2,1,0,0,0,0,0,-1,0,0,1.1627,6,0,0,-3,-4,0,0,1.141166,2,1,-0.595643,0,2,0,-1,0,0,0,-1,-1,0,0,2,0,0,0,0,0,0,0,0,-2,0,0,-2,0,0,0,1,0,0,0,0,0,1,-1,0,0,0,0,1,0,2,0,2.295538,0,0,0.171257,0,0,0,0,0,0,0,0,0,1,0,1
0,0,0,1,0,0,0,-0.78508,0,0,-2,0,0,0,0,0,-0.719509,0,0,0,0,0,0,1,0,0,0,0,0,0,0,0,0.78329,1,0,0,0,0,0,0,0.904762,0,-1,-0.714286,0,0,-2,0,-1,1,0,0,0,0,-1,1,0,1,2,0,0,0,1,0,-2,0,0,0,0,0,0,0,3,0,0,0,0,0,0,0,0,0,0,1,0,0,0,-0.272376,0,0,-0.589248,0,0,0,2,1,-1,0,-2,1,1,0,1
0,1,0,0,0,0,0,-0.752765,0,0,0,0,1,0,0,0,-0.370961,0,0,0,1,0,0,0,1,0,0,0,-1,2,0,0,1.19063,1,0,0,0,1,0,2,1.059421,0,0,-0.48803,0,1,0,-1,-1,-1,0,0,0,0,1,4,0,0,1,1,0,1,0,0,1,0,0,0,0,0,0,0,0,0,0,0,2,0,0,-1,0,0,0,0,0,1,0,-0.808938,0,0,-0.702884,-2,0,-1,0,0,0,0,2,0,2,1,1
0,0,-1,0,0,3,0,-0.878806,0,-2,0,0,0,3,-1,1,-0.684211,0,0,0,-1,-1,-1,-1,0,0,0,0,0,0,1,0,0.74677,13,0,0,0,1,0,0,0.8646,0,0,-0.818189,0,2,0,0,1,0,0,0,0,0,1,0,1,0,1,0,0,0,0,0,1,0,0,0,0,0,-1,-1,1,1,3,0,0,-1,0,1,0,0,0,0,0,1,0,-0.72093,0,1,-0.661494,3,0,-2,0,0,0,1,0,-4,-1,1,1
0,0,-2,0,0,0,-1,-0.761966,0,0,1,-1,0,0,0,0,-0.770988,0,0,0,1,0,0,-2,0,0,0,0,0,3,0,0,0.94286,1,-4,-1,0,1,0,0,0.647364,1,0,-0.630857,3,1,-1,-2,1,0,0,0,0,0,-1,0,0,2,0,0,0,0,0,0,1,0,0,0,0,0,0,-1,0,0,0,0,0,0,0,0,0,0,1,0,0,1,-2,-0.840911,1,1,-0.787162,0,0,0,0,0,1,0,0,0,-1,1,1
1,0,0,0,0,0,0,-0.558577,0,0,0,0,0,0,1,0,-0.893681,0,0,1,0,0,1,0,0,0,1,0,3,0,0,0,1.52097,2,-2,0,1,0,1,0,1.44444,0,0,-0.666667,-1,0,-1,0,0,-2,-1,0,0,-1,0,0,2,2,0,-2,0,0,0,0,3,0,2,-2,0,0,0,0,0,-2,2,0,-1,0,0,0,0,0,0,0,0,0,0,-0.494771,0,1,-0.622184,0,0,0,0,1,0,0,1,0,0,1,1
0,0,0,0,0,-1,-1,-0.566441,0,0,-1,0,0,0,1,0,-0.459075,0,1,0,0,4,0,2,0,0,0,0,-1,0,0,0,2.0685,4,0,-1,0,-2,0,0,1.44444,0,0,-0.907329,0,-1,0,0,0,0,0,0,0,-1,-9,0,-1,1,2,-4,0,0,1,0,0,0,2,-1,3,0,0,0,0,0,0,0,0,2,0,0,0,0,0,0,0,0,0,-0.60935,0,0,-0.306164,0,1,0,0,0,0,0,0,0,0,1,1
0,-1,0,-1,0,0,0,-0.734463,0,0,0,0,0,0,1,0,-0.286483,0,0,0,0,0,0,1,0,0,1,0,0,0,1,0,1.66571,6,-1,0,0,-2,0,0,1.44444,0,0,-0.647751,0,-1,0,0,1,0,0,0,0,0,-1,1,0,0,0,2,0,1,0,2,5,0,0,0,0,0,-1,1,0,-1,2,0,0,0,0,0,0,0,0,0,0,0,0,-0.512441,0,0,-0.827841,0,1,0,0,0,0,-2,1,0,-1,1,1
0,0,0,0,0,0,0,-0.409895,0,0,0,0,0,-1,0,0,-0.560563,0,0,0,0,0,0,0,0,0,0,0,-1,0,0,0,0.74876,10,0,0,-1,0,0,0,0.721135,0,0,-0.59016,-2,0,0,0,0,2,0,0,0,-2,0,2,0,0,0,0,0,0,0,0,-1,0,0,0,0,0,-2,0,1,0,0,0,-3,0,0,0,0,0,0,0,0,0,-1,-0.369273,0,0,0.010667,0,0,0,0,0,1,0,-2,0,2,0,1
0,0,1,0,0,0,0,-0.744681,0,1,0,0,1,0,0,0,-0.725935,0,0,0,0,0,0,0,0,0,0,0,0,0,-1,0,0.86231,8,-1,0,0,0,0,0,0.701603,0,-2,-0.65591,0,0,0,0,0,0,0,0,0,-1,0,0,2,0,0,0,0,1,0,0,-1,-3,0,-3,0,1,-1,1,1,0,0,0,0,-1,0,0,0,0,0,0,0,0,0,-0.707159,0,0,-0.834738,0,0,0,0,0,1,0,0,0,0,0,1
0,1,0,0,0,0,-1,-0.744681,2,2,0,1,0,0,0,0,-0.75168,0,-1,0,0,1,0,0,0,0,0,0,0,0,0,0,0.60088,4,0,0,0,0,1,1,0.88795,0,1,-0.533004,0,1,1,0,0,0,0,1,-1,0,0,0,0,0,0,-1,0,1,0,1,0,0,1,0,0,1,0,-4,0,0,0,0,0,0,0,0,0,0,0,-1,0,0,0,-0.911648,0,0,-0.555556,0,0,0,3,0,0,-2,0,0,0,0,1
0,0,0,1,0,1,0,-0.584427,0,0,0,1,0,0,0,0,-0.486276,0,0,0,0,0,0,-1,0,0,0,0,0,0,-1,0,1.05987,1,1,0,0,0,1,-2,0.355556,-1,0,-0.813627,0,0,0,0,0,0,0,0,0,1,0,2,0,0,2,0,0,0,2,0,0,-1,0,0,0,0,0,0,0,0,4,-1,0,1,0,0,1,1,0,0,0,1,0,-0.47074,0,0,-0.557984,0,0,0,0,0,0,0,0,0,0,1,1
0,0,0,0,0,1,0,-0.461317,0,0,2,0,0,0,0,0,-0.581086,0,0,1,0,0,0,0,0,0,0,0,0,0,2,0,1.28848,15,0,0,0,0,0,0,0.355556,0,-1,-0.681833,0,0,0,0,0,0,1,0,0,0,0,0,0,0,0,0,0,1,0,0,0,-1,0,1,0,0,-1,2,0,0,0,0,0,0,0,0,0,1,0,-2,0,0,0,0.028347,0,1,-0.192929,0,0,0,-1,0,0,0,-1,0,0,1,1
0,0,0,0,0,1,0,-0.823529,0,0,1,0,-2,0,0,0,-0.79605,0,0,2,2,0,-1,0,0,0,0,0,0,0,0,0,0.62643,9,0,0,0,0,0,0,0.355556,0,0,-0.669521,0,0,0,0,1,0,-1,0,1,0,0,0,0,0,0,0,0,0,0,1,0,3,0,1,0,-1,0,0,0,0,0,0,-1,1,0,-2,0,0,0,0,0,0,0,-0.88186,0,0,-0.722957,0,0,0,0,-1,0,0,0,0,6,1,1
0,2,0,0,0,0,-1,-0.528598,0,0,1,0,0,0,0,0,-0.907692,0,0,2,0,0,1,-4,0,2,1,0,0,0,0,0,1.02794,1,-1,0,0,0,-2,0,0.21875,0,0,-0.635058,0,0,0,1,0,0,0,-1,0,-1,0,1,1,0,0,1,0,0,0,0,0,2,0,0,1,0,0,0,1,-2,0,1,1,-1,0,0,1,0,-1,-2,0,0,0,-0.459347,0,0,-0.672344,0,1,0,-1,0,0,0,1,-1,0,0,1
0,0,0,1,0,0,0,-0.769231,0,0,0,0,0,0,0,0,-0.907692,0,0,0,0,-1,0,0,0,0,0,0,0,1,0,0,1.51638,3,-1,1,0,0,0,0,0.18125,0,0,-0.443616,0,1,0,1,0,0,-1,-1,0,0,0,0,1,0,0,0,0,0,0,1,0,1,0,2,0,0,0,0,0,0,0,0,0,4,1,0,0,1,0,0,0,9,-1,-0.52,0,-3,-0.588707,1,2,1,1,0,-1,0,2,0,1,0,1
0,0,0,1,1,1,1,-0.865117,0,1,-3,0,0,0,-1,-1,-0.410646,1,0,0,0,0,0,0,-1,0,0,0,0,0,0,0,0.43287,0,0,0,0,0,0,0,0.227398,0,0,-0.686913,0,0,0,0,0,1,0,1,0,0,0,0,0,-1,0,2,0,0,0,0,-1,1,1,3,-1,0,0,-1,0,0,0,-1,0,1,0,0,0,1,1,0,0,0,1,-0.514393,0,-1,-0.451274,0,0,0,0,0,1,0,0,-2,0,0,1
0,0,0,0,-1,0,0,-0.822316,-1,0,0,0,0,0,0,2,-0.773364,0,0,0,0,0,0,0,0,0,0,0,0,2,0,0,0.70132,0,0,0,0,1,1,0,2.203996,0,0,-0.564603,0,1,0,0,1,0,0,0,0,0,0,0,0,0,1,-1,0,0,0,0,0,0,0,0,0,0,1,0,6,0,0,0,0,0,-1,0,2,-1,0,0,0,1,0,-0.924624,0,0,-0.506439,0,0,5,0,0,0,0,-2,0,0,1,1
0,0,-2,0,-1,-1,2,-0.765785,0,1,0,0,-4,0,0,0,-0.425308,0,0,-1,1,0,0,-4,0,0,0,0,0,0,0,0,0.80988,1,0,0,0,1,1,0,2.241445,1,0,-0.692308,0,1,0,0,1,0,0,0,0,0,0,0,0,0,0,0,0,0,0,0,-3,0,-2,0,0,0,1,0,-1,0,0,0,0,4,0,0,2,0,0,-1,0,1,0,-0.80373,0,0,-0.653224,0,0,0,0,0,1,0,1,3,-1,1,1
0,0,0,0,-1,0,0,-0.648856,2,0,0,2,2,0,2,3,-0.573578,0,0,2,0,0,0,-1,0,0,0,0,0,0,0,0,1.44795,1,0,0,0,0,1,0,2.163857,-3,0,-0.560834,0,1,0,0,1,0,0,0,0,4,0,0,-2,0,0,1,0,0,0,0,0,1,0,1,0,0,-1,0,0,0,0,0,0,0,0,1,0,-1,1,2,0,1,0,-0.853848,0,0,-0.7,-1,0,-1,0,0,0,0,0,-1,0,1,1
0,0,0,0,0,2,0,-0.634734,-1,1,-1,1,0,0,0,0,-0.552857,1,0,-1,0,0,0,0,0,-2,0,2,0,-3,0,-1,2.95058,0,0,0,0,1,-1,0,0.914936,-4,0,-0.147189,1,1,0,0,0,0,-1,0,0,0,1,0,2,0,0,0,-1,0,0,1,0,1,-1,0,4,0,0,0,0,0,4,0,0,1,0,0,0,0,1,0,0,0,0,-0.791842,-1,0,-0.664979,0,0,0,0,1,0,0,0,0,-1,0,1
0,0,0,2,1,0,0,-0.63967,-1,0,-2,0,0,0,0,0,-0.538462,0,0,2,0,0,0,0,0,0,1,0,0,-8,0,0,0.44204,8,0,0,-1,0,0,0,1.447724,2,0,-0.325345,-2,1,0,0,1,0,0,1,0,0,0,0,0,0,0,2,0,1,0,0,0,-3,1,0,2,0,0,0,0,-1,-1,0,0,0,0,0,-1,1,1,1,1,0,0,-0.820817,0,0,-0.686419,0,0,0,1,0,1,0,0,0,0,0,1
0,0,0,0,0,0,0,-0.564309,0,0,-3,1,0,2,0,0,-0.386792,1,0,0,2,0,0,0,-2,0,1,0,0,0,-1,0,0.62857,5,0,0,-1,0,-1,-1,2.992325,2,0,-0.071211,0,0,0,0,0,0,0,0,0,-2,0,0,0,0,0,0,0,0,0,0,-1,0,0,0,0,0,0,-1,0,3,0,0,0,0,-2,0,2,1,1,0,0,0,0,-0.887305,0,0,-0.698235,1,0,0,-1,0,1,0,0,-4,1,0,1
0,0,0,0,-1,0,0,-0.707317,0,0,0,0,0,0,0,0,-0.611848,0,0,1,1,1,0,0,0,0,0,2,-3,0,1,1,1.90243,3,0,0,-1,0,-1,0,0.652959,0,0,-0.826026,0,0,0,-1,0,0,0,0,0,0,2,1,0,0,-1,0,0,0,0,1,0,0,0,0,0,1,1,-1,1,-1,0,0,0,0,0,0,0,0,0,0,0,2,0,-0.626344,0,0,-0.894341,0,0,0,1,0,0,0,0,0,-1,1,1
0,0,0,0,0,0,0,-0.843806,0,0,0,0,0,0,0,-1,-0.806452,0,0,1,1,0,0,0,0,0,0,4,0,0,0,0,0.65639,16,0,0,1,1,0,0,0.733719,0,1,-0.822169,0,0,0,0,0,0,-1,0,0,0,3,1,0,0,0,1,0,0,0,1,5,2,0,0,0,1,0,0,1,0,0,0,0,-1,0,0,-2,0,0,0,0,0,0,-0.669518,0,0,-0.789474,0,0,4,0,-2,0,0,0,0,0,1,1
0,0,0,0,0,0,0,-0.773639,0,1,0,0,0,0,-1,1,-0.589177,0,0,1,1,0,-2,-1,0,0,0,0,2,-1,0,0,1.37922,2,0,0,0,3,0,0,0.662285,0,1,-0.800561,0,0,0,0,0,0,0,0,0,0,0,1,4,0,0,0,0,0,-3,0,0,0,-1,0,-1,0,0,0,1,0,0,0,-1,0,0,-1,0,0,0,2,0,0,0,0.200436,0,0,-0.789474,-4,0,0,0,0,0,0,0,0,0,1,1
0,0,0,0,0,1,0,-0.548729,0,0,0,0,0,0,0,1,-0.611691,-1,0,0,1,0,0,0,0,0,0,0,0,0,0,0,0.91399,0,0,0,1,-2,1,0,0.584373,0,0,-0.675175,0,0,2,0,0,0,0,0,0,1,1,1,0,0,0,1,1,0,0,0,0,1,0,0,0,0,0,0,0,-1,2,0,0,0,0,0,0,-2,0,0,0,0,0,-0.630926,0,0,-0.785714,0,0,6,-1,0,1,0,0,2,0,1,1
0,0,0,1,0,1,-1,-0.686221,0,0,0,1,0,0,0,1,-0.542744,0,0,1,1,0,0,0,0,-1,0,0,-2,3,0,-1,1.04844,3,-3,1,0,0,0,1,0.534873,-1,0,-0.676859,0,0,0,0,-1,1,0,0,0,0,1,0,0,-1,0,1,0,0,0,0,0,1,0,4,0,0,1,0,-1,0,2,0,-1,1,0,-1,0,0,0,0,1,0,0,-0.733512,0,0,-0.785714,0,0,0,0,0,1,2,0,0,0,1,1
0,0,0,1,0,-1,0,-0.679374,0,0,0,1,0,2,0,1,-0.538481,0,0,0,1,0,-1,0,1,0,0,0,0,0,0,0,1.06125,3,0,-1,0,0,3,0,0.492541,0,-1,-0.666591,0,0,-1,0,0,1,-1,0,0,-2,1,0,0,-2,0,0,0,0,0,0,0,1,0,0,0,0,1,0,-1,1,0,0,0,0,0,0,0,0,0,0,0,0,0,-0.723708,0,0,-0.320279,0,1,1,0,0,1,0,4,0,0,1,1
0,1,0,1,1,0,0,-0.597849,0,1,0,-2,0,0,0,0,-0.684003,0,0,-3,0,0,1,0,0,0,0,0,4,0,0,0,0.68571,1,0,0,0,0,0,0,1.92698,1,0,-0.452312,1,0,-1,0,0,0,3,0,1,0,0,0,2,4,1,0,0,0,3,1,0,0,2,0,4,3,-1,0,0,-2,0,1,0,0,0,1,0,0,0,0,1,0,1,-0.905543,0,0,-0.621017,0,0,0,0,0,1,-2,2,0,0,1,1
-1,1,0,1,-1,0,0,-0.65495,0,0,0,0,-1,2,-1,0,-0.900675,0,0,0,0,0,0,0,0,0,0,-1,0,0,0,0,0.66045,3,0,0,0,0,0,0,1.77896,2,0,-0.521283,1,-1,-2,0,0,0,-1,0,0,4,0,5,1,0,-1,0,0,0,2,1,0,1,0,0,0,0,0,0,0,0,0,0,0,4,0,1,0,0,2,0,0,0,0,-0.311552,0,0,-0.789995,0,0,0,0,0,1,0,0,-5,0,1,1
0,1,0,1,0,0,0,-0.831943,0,-2,0,0,-2,2,0,-2,-0.889405,0,-1,0,0,0,1,1,0,0,1,0,0,0,1,0,0.61987,7,0,0,0,1,0,0,1.89603,-1,0,-0.508801,-1,0,0,0,0,0,0,1,0,0,0,0,0,0,4,0,0,0,0,1,0,1,1,0,0,-1,0,0,0,-2,0,0,0,2,0,1,0,0,0,0,0,0,3,1.176898,0,0,-0.668584,2,-1,0,0,0,0,1,-1,0,-4,1,1
0,0,0,0,0,0,0,-0.67639,0,0,0,0,0,0,0,1,-0.62608,0,0,1,1,-1,0,1,0,0,0,0,0,0,2,0,0.51429,5,0,0,2,0,0,0,1.111612,0,0,0.127195,-1,-1,0,0,0,0,0,0,-1,0,0,1,-1,0,0,0,0,0,1,0,1,1,0,2,0,0,0,0,0,0,0,0,0,0,0,0,-1,0,0,0,0,0,0,6.220303,-1,0,-0.419167,0,0,0,0,0,0,0,0,-1,1,0,1
0,0,1,0,1,1,0,-0.657143,0,0,0,0,0,2,0,0,-0.699087,1,-1,0,1,0,1,0,0,0,0,0,0,0,0,0,0.51429,4,0,0,1,0,0,0,0.6955,0,0,-0.333333,0,1,0,0,0,0,0,0,0,0,1,0,0,0,0,-1,0,0,0,1,0,1,0,0,0,2,1,0,1,0,0,1,0,0,1,1,0,0,0,0,0,1,0,-0.781535,0,0,-0.411306,0,0,0,0,-1,0,1,0,0,0,0,1
0,0,0,-1,1,0,-1,-0.731804,0,0,0,-1,0,2,-1,0,-0.675676,0,0,1,1,0,0,0,0,2,0,0,-4,2,0,0,2.45383,0,0,0,0,1,0,0,0.888671,0,1,-0.090996,0,-2,-1,0,0,0,0,0,0,1,1,0,2,0,0,0,0,0,0,0,1,1,0,0,-1,0,1,0,0,0,0,0,-1,0,0,0,0,0,-1,2,1,0,0,-0.733333,0,-1,-0.555556,1,0,0,0,0,0,0,0,0,0,0,1
0,0,0,0,0,0,0,-0.696865,0,3,0,0,0,0,-1,0,-0.584193,0,0,1,2,0,0,0,1,0,1,0,3,0,-3,0,1.19183,0,0,0,1,0,-3,0,0.392059,0,0,-0.716583,0,1,0,2,0,0,0,0,2,0,0,0,0,0,0,0,0,-1,0,1,0,0,0,0,0,1,1,0,0,0,1,0,0,0,0,0,0,0,0,2,-1,1,0,-0.815385,0,0,-0.722374,0,0,0,-2,0,1,0,0,1,0,0,1
0,3,0,0,0,0,0,-0.526449,0,0,0,0,0,1,0,2,-0.577839,0,0,0,0,0,0,0,0,0,1,-1,0,0,0,0,0.70071,1,0,0,1,0,1,0,0.746725,1,-1,-0.539644,0,0,1,0,0,0,0,0,0,0,0,0,0,0,0,0,0,1,-2,-1,1,-2,-2,0,-1,0,0,0,0,0,0,0,0,0,0,0,1,0,0,0,0,0,1,-0.917242,0,0,0.14415,0,0,-1,0,0,1,0,0,0,1,0,1
0,3,0,0,0,-2,1,-0.684763,0,1,0,0,0,0,0,2,-0.541705,0,0,0,0,0,1,0,1,0,2,0,-4,0,0,0,1.28404,8,0,0,0,0,0,0,0.221403,0,0,-0.685526,0,1,0,0,0,0,0,1,0,0,0,0,0,0,5,-1,-1,0,0,0,0,1,0,0,2,0,1,0,0,0,0,0,1,0,0,1,0,0,0,2,0,6,0,-0.815385,-2,0,-0.736467,1,0,1,0,0,2,-1,2,1,2,0,1
0,0,0,0,0,-4,0,-0.697631,0,1,1,0,0,0,1,1,-0.769231,0,0,1,0,0,0,0,0,0,0,4,0,-1,0,1,2.06307,29,0,-1,0,0,-1,0,0.625,2,0,-0.811008,-1,0,-1,0,0,0,0,0,0,0,0,1,0,0,0,0,0,0,0,0,0,0,-1,0,0,1,0,0,0,0,2,0,-1,0,0,0,0,-1,0,0,0,0,3,-0.071736,0,1,-0.790287,0,0,2,-3,0,0,0,0,0,4,1,1
0,1,1,1,0,2,1,1.728572,0,0,0,0,0,0,0,0,-0.795748,0,0,0,-1,1,0,0,1,0,0,0,0,2,0,-2,1.08714,7,1,-2,0,0,1,0,0.596637,3,0,-0.683622,0,0,0,0,0,0,0,0,0,2,0,-2,0,0,0,0,1,0,-1,-1,0,0,0,0,0,0,0,2,-2,0,0,0,0,0,0,0,0,0,0,0,0,0,0,-0.707396,0,0,-0.618189,0,0,0,0,0,0,-2,0,0,2,1,1
0,0,-1,0,0,0,0,-0.090177,0,0,-2,0,-2,0,0,0,-0.7874,0,-2,-3,1,1,0,0,0,0,0,3,3,0,0,0,1.62962,0,0,1,3,0,0,0,0.599588,0,2,-0.764364,0,0,0,0,0,0,0,0,0,1,1,0,0,0,-1,0,0,0,0,0,1,0,-1,-1,2,1,0,0,0,0,0,1,0,0,0,0,0,0,0,-1,0,-1,1,-0.756575,0,0,-0.567211,0,-1,0,-1,0,0,0,0,0,0,1,1
0,0,0,0,0,2,0,-0.483886,0,1,0,0,0,1,0,2,-0.732318,-2,1,-1,0,0,0,0,0,0,0,0,0,2,0,0,3.65038,7,0,0,0,-3,0,-1,0.972222,0,-2,-0.666667,0,1,-1,0,-2,0,0,0,0,0,0,0,2,0,-1,0,0,0,0,0,0,2,0,0,0,1,1,-3,0,-2,0,0,0,-1,0,0,1,1,0,1,0,0,0,-0.6,0,0,-0.6,0,0,0,0,0,0,1,0,0,0,1,1
0,1,0,0,0,0,0,-0.542014,0,0,0,0,0,0,0,0,-0.81073,0,-1,1,0,-1,0,-3,0,1,0,0,-1,-4,0,0,1.52359,-25,0,0,-3,0,0,0,1.405709,-1,0,-0.834967,-2,1,0,0,1,0,0,0,0,0,0,0,0,-1,0,0,0,0,0,0,1,0,0,0,0,-3,1,-2,0,2,0,0,0,0,1,0,0,0,0,-1,-1,-1,0,-0.489606,0,0,-0.6,0,0,0,-1,0,0,1,1,0,1,1,1
0,0,2,0,0,0,0,-0.586207,0,-1,0,-1,0,0,0,1,-0.15964,0,0,0,-4,0,0,0,0,0,1,0,0,0,0,0,1.11983,10,0,0,0,0,0,-1,1.819305,0,1,-0.703381,1,0,0,0,0,0,0,0,0,0,2,-1,-1,0,0,0,0,0,0,0,1,0,0,0,-1,1,0,0,0,0,0,0,0,0,-1,-1,0,0,-1,0,0,-2,0,-0.353128,0,-3,-0.585542,0,0,0,0,0,1,2,0,0,0,1,1
-1,0,-1,1,-1,-1,0,-0.735618,0,0,0,0,0,0,-1,0,-0.684899,0,-2,1,0,0,0,4,3,0,0,0,2,0,0,0,0.97186,2,0,0,0,0,0,0,0.529412,-3,0,-0.532975,0,-1,0,0,2,0,0,0,0,1,0,0,0,0,1,0,-1,0,0,2,-1,1,0,0,0,0,5,0,0,0,0,0,0,1,0,0,0,2,0,0,0,2,0,-0.608038,0,0,-0.709751,0,0,1,0,-1,0,0,1,2,0,0,1
0,0,0,0,1,-5,1,-0.833333,0,0,1,0,0,-1,0,0,-0.661121,0,0,1,0,0,0,0,0,0,0,0,1,0,0,0,1.29829,6,0,-1,-3,-1,0,0,0.529412,0,0,-0.468973,0,0,1,0,0,0,0,0,0,0,1,0,0,0,0,0,0,0,0,0,0,0,0,0,0,0,0,0,1,0,0,0,0,0,0,0,0,-1,0,-1,0,0,1,-0.543526,0,-1,-0.509434,1,0,1,0,0,0,0,0,0,0,0,1
1,0,0,0,0,0,1,-0.414418,0,0,0,1,0,0,0,0,-0.249562,0,0,1,0,0,0,-2,1,0,0,0,2,0,0,0,0.93536,2,0,0,0,-2,-1,0,0.529412,2,0,-0.523711,0,0,0,-1,0,-1,0,0,0,1,1,5,-1,0,0,0,1,0,3,0,-1,0,0,0,0,0,2,0,0,0,0,0,0,0,0,0,-1,0,0,0,0,0,0,-0.542752,0,0,-0.641223,0,1,0,2,0,0,2,0,0,0,0,1
0,0,0,0,0,0,0,-0.792989,0,-2,-4,0,0,-1,0,0,1.014068,0,0,0,0,0,0,0,1,0,0,0,0,1,-3,0,1.08694,-16,0,1,0,0,0,0,1.576532,0,0,-0.633269,0,0,0,0,0,0,0,0,0,0,0,0,0,0,0,0,0,0,0,0,0,0,0,0,0,2,0,0,-2,0,0,0,-1,0,0,0,0,1,0,0,0,2,0,0.603615,0,0,-0.613338,0,0,0,0,0,0,0,-1,0,1,0,1
0,-3,0,0,0,0,0,-0.534547,0,0,0,0,0,0,0,0,-0.684211,0,0,0,0,0,0,0,0,0,0,0,0,1,-2,-4,0.83145,3,0,3,1,0,0,0,0.625,0,0,-0.683474,0,0,0,1,0,0,0,0,0,0,0,0,1,1,1,0,0,1,0,0,0,0,0,0,0,1,0,0,0,1,0,0,0,-1,0,0,0,1,1,4,0,0,0,-0.679742,0,1,-0.690108,0,0,1,0,0,0,0,-1,-1,-1,0,1
0,0,0,0,0,2,0,-0.76,0,0,0,0,0,0,0,0,-0.589042,0,0,1,2,0,0,0,1,1,0,2,0,1,0,2,0.90889,1,0,0,0,0,0,0,1.313658,0,0,-0.625,1,0,0,2,0,0,0,0,0,0,-1,0,2,5,0,-1,0,-1,0,0,1,0,-1,2,2,0,0,1,0,1,0,0,0,-1,0,0,0,0,0,0,0,-1,1,-0.515908,0,0,-0.580651,0,-1,0,0,1,0,0,0,0,0,0,1
0,1,0,0,1,-2,-1,-0.509741,0,0,1,0,1,0,0,2,-0.568715,1,1,0,0,-1,0,0,1,0,1,0,2,3,0,1,1.17143,13,0,0,-1,0,1,0,1.478537,0,0,-0.198062,0,1,0,2,0,1,0,0,0,0,0,0,3,1,1,-1,-1,0,1,1,1,0,1,0,0,1,0,-1,0,0,2,0,0,0,0,0,0,-1,0,0,0,0,0,-0.803279,0,1,7.902408,-1,0,0,0,0,0,-1,1,0,1,1,1
0,0,1,0,1,0,1,-0.586207,0,-1,0,0,0,0,0,0,-0.642568,1,0,1,2,0,0,0,1,0,1,0,0,0,0,0,1.44573,3,0,0,0,2,1,0,0.515755,1,0,-0.751038,1,0,0,0,0,1,0,0,0,0,0,1,1,1,0,0,1,0,0,1,-1,0,1,0,0,0,1,0,0,1,2,0,1,0,0,0,0,0,0,0,0,0,0,-0.657569,1,1,8.509995,0,0,0,0,1,0,0,1,0,0,1,1
0,0,1,0,0,-1,0,-0.740556,0,0,1,0,-3,0,0,0,-0.465881,1,0,0,0,0,0,0,1,0,0,0,2,0,0,0,1.13954,6,0,0,1,0,1,0,1.909219,0,0,-0.851219,1,0,0,0,0,1,0,0,1,0,0,0,0,1,0,0,0,0,0,1,0,0,0,1,0,0,0,1,2,0,0,2,-1,0,0,0,0,0,0,0,0,0,0,-0.803279,0,1,1.178548,0,0,-1,2,-1,0,1,1,1,1,1,1
-1,-2,-2,0,0,-3,1,-0.820379,0,0,0,0,0,0,0,1,-0.624285,0,-1,0,1,0,1,0,0,0,0,0,0,-1,1,0,1.66351,2,0,-2,0,0,1,0,1.464757,2,-1,-0.793091,0,0,1,-1,0,0,1,0,0,-1,1,-2,0,0,-1,-2,0,0,0,0,0,0,1,-1,0,0,0,0,0,-1,0,0,0,0,0,0,0,0,0,0,0,0,0,-0.713878,0,0,-0.56953,-1,0,0,0,-1,0,0,-1,0,0,1,1
0,0,0,0,0,4,0,-0.587685,0,0,1,0,0,-2,0,0,-0.643991,0,0,0,0,0,0,3,0,0,0,-2,0,-1,0,0,1.43601,8,0,1,0,0,0,0,0.772702,0,0,-0.806913,0,0,0,0,0,0,0,1,0,0,0,0,-2,0,0,2,0,5,-2,0,0,-3,0,1,-5,0,0,0,-1,0,0,0,0,-1,0,-1,0,1,0,1,0,3,0,-0.02262,0,0,-0.092529,0,0,0,1,0,0,0,0,0,0,1,1
0,0,0,0,0,0,0,-0.646641,0,0,0,0,0,0,0,0,-0.647059,0,1,0,0,1,0,0,0,-1,0,-3,0,0,0,-1,0.99504,11,0,1,0,0,1,0,0.770408,0,0,-0.82862,0,0,0,0,0,0,0,1,0,0,1,0,0,1,0,0,0,0,0,0,0,0,0,1,1,-1,0,2,0,1,0,0,-1,0,0,0,0,2,0,0,0,1,0,-0.381404,-2,0,-0.146714,0,0,2,1,0,0,0,0,0,0,1,1
0,-1,0,0,0,-1,2,-0.421409,1,0,0,0,2,0,0,0,-0.741226,0,0,2,3,1,0,0,0,0,0,0,0,0,2,-1,1.15447,6,0,0,0,1,1,0,1.11237,-1,0,-0.75,1,0,0,0,1,-1,0,0,0,0,0,0,0,0,-1,0,0,0,0,1,0,0,-3,0,0,0,0,0,0,0,0,0,0,2,0,0,0,0,0,0,1,0,0,-0.75,0,0,-0.741075,0,0,0,0,0,1,0,0,1,0,0,1
0,-2,0,0,0,0,3,-0.477537,0,0,-4,0,2,0,0,0,-0.367222,0,0,0,0,1,0,0,0,0,0,0,0,0,0,0,1.0325,1,0,1,2,0,0,-1,1.110352,-2,0,-0.75,1,0,2,0,0,0,0,1,0,0,5,2,0,0,0,3,0,0,0,0,0,0,1,1,0,-1,0,0,0,0,-1,1,0,0,0,0,0,0,0,0,0,-4,0,-0.288268,0,0,-0.736765,0,0,0,0,0,1,0,0,0,0,0,1
0,0,0,0,0,0,0,-0.571429,2,0,0,0,0,0,0,0,-0.590235,0,0,-1,0,1,0,0,0,1,0,2,3,0,-1,0,0.59539,1,0,0,0,0,1,0,1.149467,1,0,-0.75,0,0,0,0,-2,0,0,0,0,-1,1,0,1,-1,0,0,0,0,0,2,0,0,0,-2,0,0,0,1,1,0,0,0,0,0,0,-2,0,0,0,0,0,0,0,-0.764354,0,0,-0.767853,2,0,0,0,0,0,0,0,0,0,0,1
0,0,1,1,0,0,0,-0.85656,0,0,0,0,2,0,0,1,0.987141,0,0,1,0,0,-2,0,1,0,0,0,0,0,0,2,1.35937,1,0,0,0,0,0,0,0.221942,0,1,-0.751238,1,0,0,0,0,0,1,0,0,-3,0,1,0,0,2,0,0,0,1,0,0,1,1,0,0,-1,-1,0,1,0,0,0,0,6,0,0,0,1,1,0,-1,0,0,-0.683991,1,0,-0.588842,3,1,0,0,0,1,0,0,1,-2,1,1
0,0,0,2,0,0,1,-0.694253,0,0,0,1,1,-1,0,0,-0.595887,0,0,1,0,0,1,0,0,-1,-1,3,0,3,1,0,2.00291,2,0,0,0,-1,0,0,0.54,0,0,-0.751297,0,0,0,1,0,0,0,1,1,0,1,0,-3,0,1,0,0,1,0,-1,0,0,1,2,0,0,0,0,0,0,0,0,0,0,0,0,0,0,0,-1,0,-1,0,-0.73216,0,0,-0.606085,0,0,0,0,0,0,0,-2,1,0,1,1
0,0,0,0,0,2,2,-0.851471,0,0,0,0,-1,0,-1,0,-0.584427,0,0,0,1,0,0,2,0,1,-1,0,0,0,0,0,1.47293,2,0,1,-1,0,0,0,0.291757,0,0,-0.776727,0,-1,0,-1,-1,1,0,1,0,0,1,1,0,0,0,0,0,0,0,0,-1,2,1,0,0,0,2,0,0,1,0,0,0,0,0,0,0,1,1,-1,0,1,0,-0.675676,0,0,-0.675466,0,0,2,0,1,0,0,-1,0,1,1,1
0,0,-1,0,0,0,0,-0.729924,0,0,0,0,1,0,0,0,-0.694587,0,0,0,0,0,0,0,0,0,-2,0,-2,0,-2,0,1.0412,2,0,0,0,0,1,0,0.259259,0,0,-0.84651,0,2,1,0,0,0,-2,0,0,0,1,-1,0,1,0,1,0,1,0,0,0,-1,0,0,0,-3,1,0,-1,0,0,0,0,0,0,0,0,1,0,0,0,0,0,1.58824,-1,0,-0.867422,-1,0,-4,-1,1,0,0,1,0,0,0,1
0,0,0,0,0,-1,1,-0.524096,0,0,0,0,-1,2,0,0,-0.830541,0,0,0,0,0,0,1,0,1,0,0,0,0,0,0,1.2468,0,0,1,0,-2,0,0,3.314459,0,0,-0.309224,0,-1,0,0,0,-1,0,0,0,0,0,2,0,1,1,0,0,0,-2,0,0,2,0,0,0,0,0,0,0,1,0,0,-1,-1,0,0,0,1,0,0,1,0,0,2.255184,0,0,-0.744558,0,0,0,0,3,0,-1,1,0,0,0,1
0,0,0,0,0,2,0,-0.640876,0,0,1,0,2,1,0,0,-0.657143,0,0,0,-1,0,0,-2,0,1,0,-1,0,0,0,0,0.77688,0,0,0,0,0,0,0,0.246007,2,2,-0.585462,0,0,-1,0,-1,0,1,0,0,0,1,1,0,0,1,0,0,-1,0,0,1,1,0,0,4,0,0,0,0,1,0,0,-1,0,0,0,-1,0,0,-1,0,4,0,-0.446434,0,0,-0.224348,0,0,0,1,1,-1,0,1,0,0,0,1
1,-1,0,0,0,0,0,-0.609923,0,0,0,0,1,0,0,1,-0.645425,0,0,0,0,0,-1,0,0,-1,0,0,-3,-2,0,0,0.97143,2,0,0,4,0,0,0,2.202909,0,0,-0.647059,0,0,0,1,1,0,0,0,0,-2,0,2,0,1,0,1,0,0,0,0,0,0,0,0,1,2,0,-2,0,0,0,0,0,0,1,0,0,1,0,0,0,1,0,-0.397211,1,0,-0.808241,1,0,-1,0,1,0,0,-3,0,0,0,1
0,0,0,0,0,0,0,0.229063,0,0,0,0,1,-1,-1,0,-0.523046,0,0,0,0,0,1,0,0,-1,0,-1,0,0,1,0,1.28146,0,0,1,0,1,0,0,1.682403,0,0,-0.647059,0,0,3,0,0,0,0,0,0,0,0,0,0,0,0,0,0,0,0,1,0,1,0,1,0,0,0,0,0,0,-1,0,2,-1,0,0,0,0,0,0,0,2,0,-0.368421,1,0,-0.798471,0,0,0,-1,0,0,0,0,0,0,0,1
0,-1,1,0,0,0,1,-0.727273,0,0,0,0,0,0,-1,-1,-0.625,0,1,0,0,0,0,-1,0,0,0,0,0,0,1,0,0.87436,0,0,0,0,0,0,0,2.867841,3,0,-0.480752,0,2,0,0,0,0,0,-1,-1,2,0,0,0,0,-1,0,0,0,-3,0,0,1,0,0,0,0,0,-2,0,0,2,0,0,0,0,1,1,0,0,0,0,2,-1,-0.353063,0,0,-0.650896,0,0,1,-1,0,1,0,2,1,-1,0,1
0,0,0,0,0,2,-1,-0.811393,0,0,0,0,0,-1,0,0,-0.548359,0,0,0,1,0,0,0,0,0,0,0,0,0,0,0,1.72282,12,0,0,0,0,3,0,0.511111,-1,0,-0.882445,0,1,1,0,0,-1,0,0,0,0,1,1,0,1,-1,2,0,0,0,0,2,0,1,1,0,0,0,0,0,2,-1,0,-1,0,0,1,0,1,1,0,0,1,0,-0.687998,0,0,-0.76,0,0,4,0,-1,0,1,1,0,0,0,1
0,0,-4,0,0,2,0,-0.19371,1,0,0,0,0,0,0,0,-0.881334,0,0,0,0,0,0,0,0,0,1,0,-2,0,0,0,1.28571,4,0,0,0,0,0,0,3.984682,1,0,-0.556013,-1,2,0,0,0,0,0,0,0,0,1,0,0,1,1,0,0,1,0,0,0,0,0,0,0,0,1,0,0,0,2,0,0,0,0,1,0,1,1,0,0,-2,0,-0.561696,0,0,-0.766399,0,0,0,0,0,0,0,1,-1,0,0,1
0,-1,0,0,0,-2,0,-0.810811,5,0,0,0,0,-1,0,3,-0.895892,0,1,0,1,0,-2,0,0,0,-1,0,0,0,0,0,2.96037,4,0,0,0,0,1,1,0.360604,-1,0,-0.733333,0,1,1,0,0,0,1,0,-1,0,1,0,-2,0,-1,-2,0,0,0,0,0,0,1,0,2,0,0,0,0,2,0,0,0,0,0,1,0,1,1,0,0,1,1,-0.53878,0,0,-0.76,0,0,0,0,0,0,0,1,0,2,0,1
0,0,0,0,0,2,0,-0.752452,-2,0,0,0,-2,-1,0,0,-0.678603,0,1,2,2,0,1,0,0,0,-1,0,0,0,1,0,1.03021,0,0,0,0,0,0,3,2.633655,0,0,-0.692849,-2,0,0,0,0,0,1,0,0,0,0,1,0,0,0,1,0,0,2,0,2,0,1,0,0,0,0,0,0,0,0,1,-1,2,0,1,0,1,0,0,0,0,0,-0.570677,0,0,-0.558096,4,0,0,0,0,1,-1,-2,0,2,1,1
0,0,0,0,0,-1,1,-0.857943,0,1,0,0,0,0,0,0,-0.568221,-1,0,0,0,0,0,0,-1,0,0,3,0,0,0,0,1.08099,3,0,-2,0,0,0,0,1.525541,0,0,-0.734585,-1,1,0,0,-1,1,1,0,1,0,-2,1,-1,0,1,0,2,0,0,0,0,3,0,-1,0,-1,0,0,0,0,0,-1,0,0,0,1,0,1,0,2,0,0,0,-0.564401,0,2,-0.457924,2,0,0,0,0,0,0,-1,0,2,1,1
0,-2,0,0,0,2,0,-0.719937,0,0,0,0,0,0,0,0,-0.680327,-1,0,0,1,0,0,0,0,-1,0,0,0,0,2,0,1.19184,4,0,0,0,0,0,0,1.332951,3,3,-0.641545,0,0,1,0,0,0,0,0,0,0,0,1,0,0,0,0,0,0,1,0,2,1,-1,2,0,0,0,0,-1,1,0,0,0,0,0,0,-1,0,0,1,0,0,0,-0.570174,0,0,4.23534,0,0,2,0,0,3,0,1,0,0,1,1
0,0,0,0,-1,0,0,-0.764837,1,0,1,0,-3,1,0,0,-0.705441,0,0,2,0,0,0,0,0,1,-1,0,0,2,2,0,1.01188,7,0,0,1,1,0,0,0.671105,0,0,-0.681327,-2,0,1,0,0,0,0,0,-1,1,0,0,3,0,1,0,0,0,0,0,0,0,0,-1,0,1,0,0,0,0,2,0,0,0,0,0,0,-1,1,0,0,0,0,0.986996,0,1,-0.105296,2,0,0,-1,2,0,0,0,0,0,1,1
0,0,0,0,0,0,0,0.299745,0,0,0,0,0,0,3,0,-0.771992,1,-1,0,0,0,0,0,0,0,0,0,4,0,0,-1,1.56543,4,0,0,0,1,-1,0,0.986792,-1,0,-0.790902,0,-1,0,-1,0,0,-1,1,0,0,-1,0,1,0,0,0,0,0,0,0,0,1,0,0,0,0,1,0,0,-1,2,0,0,0,-1,0,0,1,0,-3,0,1,0,-0.446891,0,0,-0.233869,0,0,0,-1,0,0,0,-1,-2,0,1,1
0,2,1,0,3,0,0,-0.561022,0,-1,0,0,0,0,0,0,-0.750875,0,0,1,0,0,1,0,0,0,0,0,0,0,0,0,1.60112,11,0,0,0,0,0,0,0.614566,0,1,-0.792482,-1,0,0,-2,0,0,0,0,0,0,0,0,1,-1,3,0,0,0,0,0,0,-1,0,0,0,0,1,0,0,0,0,0,0,0,0,0,-2,0,0,0,0,0,0,-0.620225,-1,0,0.610959,0,0,4,1,0,0,0,-2,0,-3,1,1
0,0,0,0,0,2,0,-0.851548,2,0,0,0,0,1,0,0,0.170168,0,0,0,-1,0,0,1,0,1,0,-1,0,0,1,0,0.89986,8,0,-1,0,0,0,0,0.354071,0,0,-0.600633,0,0,0,0,2,-1,0,0,0,0,1,0,0,1,0,0,0,-1,0,1,0,0,0,0,-1,0,0,0,0,0,-1,0,3,-2,0,0,0,3,0,1,0,0,0,-0.420203,0,0,-0.384576,0,0,-1,0,0,1,0,0,0,2,0,1
0,0,-1,0,0,0,2,-0.807268,0,0,1,0,0,0,1,0,-0.603815,0,0,0,0,0,0,-3,0,1,0,2,0,-1,1,0,1.1791,6,0,0,0,0,0,0,0.295974,0,0,-0.585197,0,1,-2,-1,-1,0,0,0,0,0,0,0,0,0,0,0,0,0,-1,-1,1,1,0,0,0,0,-3,0,2,0,2,0,0,0,0,0,0,1,0,1,0,0,0,-0.596218,0,0,-0.664167,0,0,0,0,0,0,0,0,0,-1,0,1
0,0,3,-1,0,0,0,-0.681498,0,0,0,0,1,1,1,2,-0.573611,0,0,0,0,0,0,0,1,0,0,1,2,1,1,0,1.37947,4,0,0,0,0,0,0,0.294514,0,0,-0.860527,0,1,0,0,0,-1,0,0,-1,0,0,-1,0,0,0,0,0,0,0,0,0,0,0,0,0,0,0,-1,1,0,0,0,0,0,0,0,0,1,0,3,0,0,0,-0.739401,0,1,-0.144257,0,1,0,0,0,0,0,1,0,1,0,1
0,0,0,-1,0,0,0,-0.757478,1,0,1,0,0,0,1,0,-0.895029,0,0,1,0,0,0,0,0,0,0,0,0,0,3,0,0.91833,3,0,0,0,2,1,0,0.214286,0,0,-0.541729,0,1,0,0,0,1,2,0,0,1,0,4,0,0,0,0,0,0,0,0,0,0,-1,0,-1,0,0,-1,0,0,0,0,1,0,1,0,0,1,0,1,2,1,-2,-0.396077,0,0,6.055028,0,0,0,0,0,2,1,1,0,0,0,1
0,0,0,-2,0,0,0,-0.623285,1,1,1,0,0,0,0,0,-0.548203,0,0,0,1,0,2,0,0,0,0,-2,1,0,1,0,0.89372,0,0,0,0,0,0,1,0.37206,0,0,-0.571429,0,0,1,0,0,-1,0,0,0,0,-2,0,0,1,-1,1,0,0,0,-2,1,0,2,0,1,1,1,0,0,0,0,0,0,0,0,0,-2,1,0,0,1,0,1,-0.308682,0,0,0.803634,0,0,3,-1,-1,0,0,1,-1,0,0,1
0,0,-1,0,0,0,0,-0.766947,0,0,0,0,-1,0,1,0,-0.597942,0,0,0,0,1,0,0,0,2,0,0,-1,0,1,0,0.74328,5,0,0,0,0,1,1,0.205161,0,0,-0.518468,0,0,0,0,0,0,0,0,0,-4,0,0,0,1,0,0,-1,1,2,0,0,1,0,0,-1,1,0,0,0,-1,0,0,0,0,0,0,0,1,0,1,1,0,0,-0.301804,-1,0,1.45455,2,0,0,1,0,0,0,1,0,0,0,1
1,0,2,0,0,1,0,-0.123625,-2,0,0,0,0,1,0,1,-0.629406,0,0,0,1,1,0,0,0,0,0,-2,0,0,1,0,1.06001,1,0,0,0,0,0,1,3.61111,0,1,-0.666667,2,1,0,0,-1,0,0,1,0,0,0,1,2,0,0,0,0,1,1,0,0,-1,0,-1,0,0,0,0,0,6,2,0,0,0,0,-1,1,0,0,0,0,0,0,-0.816274,0,0,-0.647059,0,0,0,0,-1,0,0,1,0,0,1,1
1,0,4,1,0,0,2,0.280858,0,0,0,0,2,1,0,1,-0.542302,1,-1,-3,0,1,0,0,0,0,0,0,0,0,1,0,1.44369,10,-1,0,1,0,0,1,2.402741,0,1,-0.608628,0,0,0,0,-1,0,0,0,0,1,0,1,0,0,0,0,0,3,1,0,0,2,0,0,0,0,0,0,0,0,0,0,0,-3,0,2,1,0,0,0,0,0,0,-0.774445,0,0,-0.565314,0,0,0,0,0,0,0,1,0,0,1,1
0,3,2,0,0,1,0,-0.766255,0,0,0,0,0,0,-1,1,-0.711624,0,0,0,0,0,0,0,1,0,0,3,0,0,0,2,2.16095,13,0,0,1,0,0,0,3.61111,0,0,-0.663092,0,1,-1,0,0,0,0,0,-2,0,1,0,0,0,3,3,0,0,0,0,0,0,0,0,0,1,0,0,2,0,0,0,0,0,0,1,1,0,0,0,0,0,0,-0.780588,0,0,-0.652046,0,0,0,0,0,0,0,1,1,2,1,1
0,0,1,0,0,0,0,-0.281499,0,0,1,2,2,0,0,0,-0.492869,0,0,0,0,0,0,0,-1,0,0,2,4,0,1,-1,1.09436,3,1,0,1,1,0,0,1.159421,0,0,-0.532539,1,0,0,0,1,0,-1,0,-1,4,-2,1,0,1,0,0,0,0,0,0,0,0,0,2,0,0,0,0,-1,-1,0,0,0,1,-1,0,0,2,0,0,0,0,0,-0.006374,0,0,-0.52076,0,1,0,1,0,0,3,0,2,-1,1,1
-1,0,1,1,0,0,-1,-0.644727,0,0,2,0,1,0,0,0,-0.797874,0,0,1,0,0,0,0,0,0,0,0,2,0,0,0,1.63895,4,0,0,1,1,0,0,0.813559,0,2,-0.720151,2,0,1,0,1,0,0,0,-1,0,0,2,0,0,0,-1,0,0,0,0,0,0,0,1,0,0,-1,0,0,0,0,0,-1,0,0,0,0,0,0,0,0,0,1,-0.592912,0,0,0.797378,0,0,0,0,0,0,2,-1,-1,0,1,1
1,-1,1,0,1,0,0,-0.783669,0,0,1,0,1,0,0,0,-0.382022,0,0,0,0,-1,0,1,0,-1,0,0,0,0,1,0,0.91548,3,0,0,1,0,0,0,0.943544,0,3,-0.836529,0,0,-1,0,0,0,0,0,0,0,0,0,-1,1,0,0,0,0,0,0,1,0,1,1,0,1,1,0,0,2,3,0,1,0,0,0,0,0,0,-1,0,4,0,-0.79154,0,-1,-0.357764,0,-1,-1,0,0,0,0,-1,0,0,1,1
0,0,1,0,0,0,0,-0.799958,0,0,0,0,3,0,0,0,-0.717263,0,0,0,0,0,0,0,-1,0,0,0,0,0,0,0,0.63445,21,0,-1,0,0,-2,0,1.10811,0,0,-0.74298,0,0,0,0,0,-1,0,0,0,2,0,0,1,-1,-1,0,0,0,2,0,0,1,0,-2,0,1,1,0,0,0,2,1,0,0,0,0,0,1,0,0,0,0,3,-0.478261,0,1,-0.645494,0,0,0,0,-1,0,1,0,0,0,1,1
0,1,3,0,1,0,0,-0.727575,0,0,-1,-1,0,0,0,1,-0.686787,0,0,0,0,-1,0,0,-1,1,0,-1,0,0,0,0,1.13237,0,0,0,0,-1,0,0,0.781537,0,0,-0.672581,0,0,1,0,-1,0,0,0,0,3,0,1,-4,0,-2,2,0,0,0,3,0,0,0,0,3,0,1,-1,0,0,3,0,1,3,0,0,0,0,0,0,0,-1,0,-0.494242,0,2,9.148832,0,0,2,0,0,1,0,1,0,1,1,1
-1,-2,1,0,0,0,0,-0.72093,0,0,1,0,0,0,2,0,-0.179149,0,0,0,0,0,0,0,0,0,0,0,2,0,0,1,1.16201,7,0,0,2,0,-1,0,1.10811,0,0,-0.46527,1,0,0,0,0,0,0,0,0,1,0,1,-1,-1,0,-1,0,0,2,0,0,0,1,0,2,0,0,0,0,0,2,0,-1,0,0,0,0,0,0,0,0,0,0,-0.478261,0,0,-0.55533,0,0,2,0,1,0,0,-3,1,0,1,1
0,0,0,0,-1,-1,0,-0.476675,0,0,0,0,0,0,2,1,-0.759914,1,0,0,-1,0,0,-2,0,0,0,0,0,0,1,0,1.16794,1,0,-1,2,0,0,0,1.470595,1,0,-0.875355,0,1,0,0,0,0,1,1,0,0,0,1,0,0,0,1,0,0,0,0,0,0,0,0,0,0,0,-2,0,2,3,0,0,0,0,0,0,0,0,0,0,2,0,-0.566965,0,0,-0.823529,0,0,0,0,0,0,0,0,0,0,1,1
0,0,0,0,0,0,0,5.118277,0,0,0,0,0,0,0,1,-0.81103,0,0,0,0,0,0,0,0,0,0,0,2,0,0,0,1.04231,8,0,0,0,0,-1,0,0.829067,-2,0,-0.662507,-1,0,-1,0,0,0,1,0,0,0,0,1,0,0,0,1,0,0,0,0,0,-2,1,-1,0,2,0,-1,1,0,0,0,0,2,0,0,0,0,1,-1,0,0,-1,-0.415116,-1,-1,-0.823529,0,0,0,0,0,1,1,0,-2,0,1,1
0,0,0,1,-1,0,0,-0.714748,-1,0,0,1,4,0,0,0,-0.656054,0,0,0,0,0,0,0,0,0,-2,4,2,0,1,0,1.00435,11,0,1,0,0,0,0,1.11111,0,0,-0.74621,0,0,0,-1,-1,-1,1,0,0,0,0,0,0,0,0,0,-1,0,2,0,0,0,0,0,0,1,0,0,6,0,0,0,0,0,0,-1,0,1,0,-1,0,0,0,-0.63342,0,0,-0.568279,0,0,2,0,-1,-5,0,0,1,0,1,1
0,0,0,0,1,0,0,-0.454545,0,1,0,0,0,0,0,0,-0.702318,0,1,0,0,-3,0,0,0,0,0,0,0,0,3,0,1.17118,1,0,0,2,0,-1,0,3.092406,1,1,-0.370235,0,0,0,0,0,0,-1,0,0,0,1,1,0,0,0,-1,0,0,2,0,1,0,2,0,5,0,-1,0,0,0,0,0,-1,0,0,0,0,0,0,0,0,0,0,-0.696943,0,-1,-0.424265,0,-2,0,0,0,0,0,0,0,0,1,1
0,0,0,0,0,0,0,-0.720296,0,0,0,0,0,0,0,0,-0.667393,0,0,0,0,0,0,0,0,0,0,0,-1,0,0,-1,1.39433,9,0,-1,0,0,0,0,0.977232,-2,-1,-0.533853,0,0,0,0,0,0,1,0,0,-1,3,0,0,0,0,1,0,0,0,0,1,0,0,-3,0,0,0,0,0,0,0,0,1,0,0,1,1,0,0,0,0,-1,0,-0.669736,0,0,-0.909964,0,-1,-1,0,0,0,1,0,0,0,1,1
0,1,0,0,1,0,0,-0.446069,-3,0,0,0,0,0,0,-1,-0.606101,0,0,-1,1,0,0,0,0,0,0,0,0,2,1,0,0.81848,4,0,0,0,0,0,0,1.45161,0,-1,-0.612903,-1,0,0,0,0,0,0,0,-1,0,1,0,0,0,1,0,0,0,0,-2,1,0,0,2,2,0,0,0,0,0,0,1,0,0,0,0,0,0,0,-1,2,-1,0,-0.478818,0,0,-0.331374,2,0,0,1,0,0,0,0,0,0,1,1
0,0,0,1,0,0,-1,-0.765707,0,0,0,-2,0,0,-1,0,-0.86901,0,0,0,0,0,0,1,0,-1,0,0,4,0,3,0,1.84985,5,0,0,1,0,0,0,1.075516,0,0,-0.891564,0,0,0,-1,0,0,0,0,0,0,0,2,1,0,0,0,0,0,0,0,1,0,0,0,1,0,0,0,0,0,0,0,0,0,0,0,0,0,0,0,0,0,2,-0.534831,0,1,0.070811,0,0,2,-3,1,1,0,1,0,0,0,1
0,-1,3,1,0,-2,0,-0.860904,0,-1,0,-1,0,0,0,0,-0.869103,0,-1,-2,1,0,0,2,0,0,0,0,0,0,0,1,1.88571,6,0,0,0,-2,0,0,0.863529,0,1,-0.792085,1,0,0,-1,0,0,0,0,0,0,1,0,0,-3,0,1,0,0,0,0,0,0,0,0,0,0,-2,0,3,0,0,0,0,1,0,0,0,-1,0,0,0,0,0,-0.465953,0,0,-0.6042,2,0,0,0,1,2,0,0,0,0,0,1
0,1,-1,1,0,0,0,-0.7555,0,0,0,0,-1,0,0,0,-0.65995,0,0,0,0,0,0,1,0,0,0,0,2,0,0,0,2.33674,3,0,0,0,0,0,0,1.161132,2,0,-0.771926,0,-2,0,0,0,0,0,0,0,-1,0,-1,1,0,3,0,0,0,-1,0,1,0,0,1,1,0,0,2,0,2,0,0,4,0,-1,1,0,0,0,0,0,2,0,-0.772256,0,0,2.229231,-4,0,2,0,1,1,0,1,2,0,0,1
0,2,0,0,0,0,0,-0.331387,0,0,0,0,0,0,1,0,-0.452358,0,0,0,-4,-1,0,1,1,0,0,0,0,0,0,0,2.10013,8,0,0,0,-1,1,0,1.802012,0,0,-0.231277,1,0,0,0,0,0,0,0,-1,1,1,0,-1,1,0,0,1,0,0,0,0,0,1,0,1,0,1,0,0,2,-1,0,0,-1,0,-1,0,0,0,1,0,0,0,-0.369435,0,0,-0.537326,0,0,1,0,1,0,0,1,2,0,0,1
0,3,0,0,0,-2,0,0.133729,0,0,0,1,0,0,5,0,-0.317238,0,0,1,0,0,0,0,0,0,0,0,1,0,-1,0,0.54286,1,0,0,0,0,1,0,1.596962,0,0,-0.537898,0,0,0,0,0,-2,1,0,-1,-1,0,0,3,0,0,-3,1,0,0,0,0,1,0,0,0,0,0,1,1,0,0,0,-3,0,0,-1,0,1,0,0,0,0,0,-0.702646,0,-1,-0.285694,0,0,0,0,0,0,0,0,0,0,0,1
0,2,1,0,0,0,1,-0.285506,0,0,1,0,0,-1,-1,2,-0.441061,0,0,0,0,1,0,0,1,0,0,-5,-1,0,0,0,1.35098,10,0,0,0,0,1,0,0.478415,0,0,-0.368421,0,0,0,0,1,0,0,0,0,0,0,0,0,1,0,0,0,0,0,0,0,0,0,2,2,-2,1,0,0,-1,0,-1,-1,0,0,0,-1,0,0,-1,0,1,0,-0.723208,0,0,-0.586207,-1,0,0,0,1,0,0,0,0,2,0,1
0,0,0,-2,1,0,0,-0.807375,0,1,0,0,-1,0,-6,0,-0.846218,0,-1,0,1,0,4,0,0,-2,0,0,1,0,2,0,3.09682,3,0,0,1,0,0,0,0.190476,0,0,-0.714286,0,0,0,0,0,-1,0,0,0,0,1,0,1,0,0,-1,0,0,1,0,-2,0,0,0,1,0,0,0,1,0,0,0,0,-2,-1,0,0,0,0,0,0,4,0,-0.650998,-3,0,-0.641799,-1,0,0,0,0,0,0,0,-2,0,0,1
0,0,2,0,1,0,-1,1.173514,0,0,1,0,0,-1,-2,0,-0.797176,0,0,0,0,0,0,0,1,0,0,0,0,0,2,0,1.2,3,0,1,0,-1,0,0,0.488331,0,2,-0.714286,0,0,0,0,-1,0,0,0,0,-2,1,0,0,0,2,1,0,0,0,0,1,1,1,0,-1,0,0,0,1,0,0,-1,0,0,-1,0,0,0,0,-3,0,-1,0,-0.661923,0,0,-0.819311,-1,0,0,0,0,0,0,0,0,0,0,1
0,0,0,2,1,0,0,-0.852668,0,-1,0,0,0,-1,3,0,-0.634293,1,-1,0,0,0,0,0,0,0,0,0,-5,0,0,0,0.8845,2,0,0,0,-1,0,0,0.201082,0,0,-0.699838,0,1,0,0,0,0,0,0,0,0,1,0,0,0,2,0,0,0,0,1,0,0,2,0,0,0,0,1,1,-2,-1,0,0,2,0,1,0,-2,0,-1,2,0,1,-0.377452,0,-2,-0.681277,0,0,1,0,-1,0,0,0,0,0,0,1
0,-1,-1,1,0,-2,0,-0.612903,0,0,-1,0,0,0,0,1,-0.902426,0,0,0,-1,0,0,0,1,0,0,0,0,0,0,0,2.4371,2,0,0,0,0,-1,0,1.196849,1,-1,-0.750984,0,0,1,0,0,0,0,0,0,0,0,0,-4,0,0,0,1,0,0,2,0,0,0,0,0,0,1,-1,1,0,2,0,0,0,0,0,1,1,0,0,0,1,0,-0.572201,0,-1,-0.892715,0,0,0,0,0,0,0,0,-1,0,1,1
0,0,1,-3,0,0,0,-0.586193,1,0,0,0,0,0,0,0,-0.776777,0,0,0,1,0,0,0,0,-1,0,0,-2,0,-3,0,1.11322,1,0,0,0,0,0,0,1.28205,0,0,-0.684712,0,0,0,0,0,0,0,0,-1,0,-3,0,1,0,0,-3,0,0,2,0,0,3,0,0,2,0,0,0,1,-1,0,0,2,0,0,0,0,-1,0,0,0,0,-1,-0.639599,0,0,-0.174614,0,0,0,0,0,0,0,0,0,0,1,1
0,0,0,-1,0,6,0,-0.477765,0,1,0,0,0,0,0,0,-0.548456,0,0,0,1,0,1,0,0,1,-1,2,-1,0,0,0,0.89989,18,0,0,0,0,0,0,1.28205,0,2,-0.704685,1,0,0,0,0,0,0,0,0,0,-2,0,0,1,-1,0,1,0,0,0,0,1,0,1,0,0,0,0,1,0,0,0,0,0,0,0,0,0,0,3,0,0,0,-0.56614,0,0,-0.602253,0,0,0,0,0,0,-1,0,0,0,1,1
0,0,0,0,0,-1,0,-0.641565,0,0,0,0,0,0,0,0,-0.667322,0,0,0,0,1,0,0,3,0,1,0,1,0,0,0,1.20096,0,0,1,1,0,1,0,1.51515,0,0,-0.446924,-2,1,0,0,-1,0,0,0,0,0,0,0,0,0,-1,2,0,-1,0,0,0,0,0,0,0,0,1,0,0,0,1,0,0,0,0,0,-2,0,1,0,0,0,0,-0.562365,-1,0,-0.736567,0,0,0,0,0,0,0,0,0,2,0,1
0,0,-1,3,-1,0,-1,-0.687852,0,0,0,-2,0,0,0,0,-0.704096,0,0,2,1,0,3,0,0,0,0,0,2,-1,0,0,0.98857,2,0,0,0,0,0,0,0.514079,2,0,-0.633251,0,0,0,0,0,0,0,0,1,-4,1,1,0,0,0,1,0,0,-1,0,0,-1,1,0,2,1,0,0,0,-1,1,0,0,1,0,0,0,-2,1,0,0,2,0,-0.64515,0,0,-0.744681,0,0,1,1,-1,-5,0,-1,2,0,0,1
0,0,1,1,1,-1,0,-0.532302,0,0,1,-1,0,2,0,0,-0.696052,1,0,0,0,1,0,0,0,0,0,2,0,0,1,-1,0.94187,3,0,0,0,1,0,0,1.51515,0,0,-0.733482,1,0,0,0,0,0,0,0,1,3,1,1,1,0,-1,0,0,0,1,0,0,1,0,0,5,-2,0,-1,1,0,-1,0,0,0,0,0,0,-3,0,0,0,0,0,-0.697721,0,2,-0.744681,1,0,0,0,0,0,0,0,1,1,0,1
0,0,0,0,0,0,-3,0.254542,0,-1,0,0,0,0,0,1,-0.728586,0,0,6,0,0,0,0,0,-1,0,0,0,2,1,1,0.99151,6,0,0,0,1,2,0,2.198744,0,0,-0.621052,0,1,0,0,0,0,0,0,0,0,0,0,0,1,0,0,0,0,0,-1,0,-1,0,2,0,1,0,-1,-1,0,-1,0,0,1,0,-1,0,0,0,0,1,0,0,-0.685661,1,0,-0.707317,0,0,0,0,0,1,-1,0,1,0,1,1
0,2,0,0,0,-2,0,-0.496046,0,-1,0,0,1,1,1,0,-0.64542,0,0,0,0,0,0,0,0,0,0,0,0,1,0,0,2.72198,3,0,1,0,0,0,0,1.42857,0,0,0.047293,0,1,1,0,0,0,1,0,0,0,0,2,0,1,3,0,0,0,0,-1,-2,-1,0,-2,2,1,0,0,-1,2,0,0,-1,0,0,0,0,0,0,-1,0,1,0,-0.296094,0,0,-0.719027,0,0,0,0,1,-2,0,2,0,0,1,1
0,1,0,-1,0,0,0,-0.808983,0,0,0,0,0,0,1,0,-0.765085,0,1,0,0,0,0,0,0,0,0,-1,0,1,0,1,1.0,6,0,1,0,0,0,0,1.42857,4,0,-0.519287,2,1,0,0,0,0,0,0,0,0,1,-2,1,0,-1,0,0,0,0,4,0,-1,0,0,2,1,0,0,0,0,0,0,0,-3,-1,1,0,0,0,0,0,1,0,-0.891993,1,0,-0.682316,0,0,2,-2,0,0,0,0,0,0,1,1
0,0,0,0,0,0,0,0.23528,0,-1,0,0,0,0,1,0,-0.642041,1,0,1,0,0,1,0,0,0,0,0,0,0,0,0,0.53541,6,-2,0,1,-1,0,0,0.25,0,0,2.596627,0,0,0,0,0,0,0,0,0,0,0,3,0,0,0,-1,0,0,1,0,1,0,1,0,1,0,-1,-2,0,0,1,-1,0,0,0,0,0,0,0,0,1,-1,0,-0.644303,0,0,-0.781818,0,0,1,0,1,0,-1,0,0,0,0,1
0,0,2,0,0,0,0,-0.387175,1,0,0,0,0,0,0,-1,-0.814305,-1,0,0,2,1,-1,0,0,0,0,1,0,0,0,0,0.7695,0,0,0,0,1,0,0,0.208574,1,0,-0.676405,0,-1,-1,0,0,0,0,0,0,0,0,0,0,0,-1,-2,0,0,0,4,0,0,0,0,-1,0,0,0,1,0,-1,0,0,0,0,0,0,0,0,-2,0,0,0,-0.436857,0,0,-0.781818,0,1,1,0,-1,0,0,0,0,3,0,1
0,0,0,0,0,0,1,-0.640458,0,-1,3,0,0,1,0,1,-0.62207,0,1,0,0,-1,1,0,0,0,0,-1,1,-1,0,0,0.79861,8,0,0,0,0,1,0,0.241207,0,0,-0.565408,0,0,0,0,0,0,0,0,0,1,0,0,0,0,0,0,0,0,0,0,0,0,0,0,4,0,0,0,0,1,0,0,1,0,0,0,0,1,0,-1,0,0,0,-0.500328,0,0,0.187402,0,0,0,1,0,0,0,0,1,1,0,1
0,0,1,0,1,0,-1,-0.535522,0,0,2,0,0,0,0,0,-0.454992,0,0,0,0,1,0,0,0,0,0,1,0,0,0,0,0.77143,2,0,0,0,0,0,0,0.835418,0,0,-0.555556,0,0,0,0,0,0,0,0,0,-1,0,1,0,0,0,0,0,-1,0,0,1,0,0,2,0,0,0,0,0,-2,-1,0,0,-1,0,0,0,0,0,0,0,0,0,2.876519,0,0,-0.616852,0,0,0,-1,0,1,0,0,0,-1,0,1
0,4,0,0,0,0,0,-0.660803,0,0,-1,-1,0,1,0,0,-0.739864,0,0,0,1,0,0,0,0,-1,0,0,-4,0,0,1,0.82519,1,1,0,0,0,0,-1,0.25634,0,-1,-0.547856,0,0,1,1,2,0,0,-1,0,-1,0,1,0,0,0,0,0,0,-1,0,1,0,0,0,2,0,0,0,0,0,0,-1,0,1,0,0,0,0,1,0,0,-1,0,-0.764706,0,0,-0.886841,0,0,0,1,-1,0,0,0,0,0,0,1
1,0,0,0,0,0,0,-0.180053,0,0,0,1,1,0,0,0,-0.692308,1,0,0,0,0,0,1,-2,0,0,1,0,2,0,0,0.79589,6,0,1,0,0,0,1,3.924854,0,0,-0.575853,-1,1,0,0,-1,0,0,0,-1,0,0,0,-2,0,0,0,0,0,0,-3,0,0,0,2,0,0,0,0,0,0,0,0,0,-5,0,0,1,0,0,0,0,1,0,-0.764706,0,0,-0.06395,0,0,1,0,0,-1,0,-1,0,0,0,1
0,2,1,1,0,0,0,-0.758836,1,0,0,0,0,0,0,0,-0.646921,0,0,0,0,1,0,0,0,0,0,0,0,1,0,1,0.90936,9,0,0,0,0,1,2,0.564915,0,0,-0.76869,0,0,1,0,0,0,0,0,0,-2,1,0,-1,0,-2,0,0,0,0,1,0,1,0,0,0,0,0,-1,0,1,-1,0,0,0,0,0,0,0,0,0,1,0,0,-0.470369,0,0,-0.665166,2,0,-1,0,0,0,0,-1,0,0,0,1
0,0,0,2,0,0,0,-0.701271,0,0,0,0,2,1,0,0,-0.720068,-1,-2,0,1,0,-2,0,0,-1,0,0,0,0,0,0,1.02077,-16,0,0,0,1,0,0,1.540586,1,0,-0.56948,0,-1,0,0,0,0,0,0,0,0,0,0,0,0,0,0,1,0,0,0,0,0,0,0,0,0,0,0,-1,-2,0,0,1,0,0,0,-1,0,0,0,0,0,0,-0.548675,0,0,-0.402113,-1,-1,-1,0,0,0,0,1,0,1,0,1
0,0,0,1,0,0,-1,-0.685565,1,0,2,0,1,0,0,0,-0.84153,0,0,0,0,0,0,0,-1,0,0,0,0,-1,0,0,1.10312,4,0,0,0,0,-1,-1,1.16129,0,0,-0.806029,0,1,0,0,0,0,0,0,0,0,0,-1,0,-1,1,-2,1,0,-3,1,0,0,0,0,0,1,0,0,1,1,-2,0,2,0,0,0,2,1,0,0,0,0,0,-0.818612,0,0,-0.772988,1,0,-1,0,0,0,0,-1,0,0,0,1
0,0,0,1,1,0,-2,-0.747694,-2,0,0,0,0,1,0,0,4.207396,0,0,0,0,0,0,-4,0,0,1,0,0,0,0,0,1.24167,9,-1,0,-2,0,0,0,0.43878,0,0,-0.607505,-1,1,0,0,0,0,0,0,1,0,0,0,0,0,0,1,1,0,-1,0,1,0,0,2,0,-4,2,0,0,0,0,0,0,0,0,0,0,0,0,-2,0,0,0,-0.752768,0,0,-0.788085,0,0,0,0,0,0,1,-1,0,0,0,1
-1,2,0,1,1,0,0,-0.759363,0,0,0,0,0,-1,0,1,2.21951,0,-1,0,0,0,0,0,0,0,1,-1,0,0,0,0,1.11429,1,0,0,0,-1,-1,0,1.012736,0,-1,-0.620173,0,5,1,1,0,-1,0,0,1,-1,-2,0,0,0,0,0,1,0,0,0,1,0,0,0,-1,1,0,0,0,0,0,0,0,2,0,-1,0,0,0,0,0,0,0,-0.73737,0,-2,-0.629038,-1,0,1,1,0,0,0,0,0,0,0,1
0,-2,0,0,1,0,0,-0.832014,3,-1,0,1,1,-1,0,-1,2.21951,0,0,0,0,0,0,4,0,2,1,1,1,-3,0,0,1.44365,3,0,0,-3,1,0,0,0.230769,1,2,-0.542634,0,0,0,1,0,0,0,0,0,-1,0,2,0,1,0,0,0,0,0,0,0,1,0,3,-1,0,1,0,0,0,1,0,0,0,0,0,0,-1,-1,0,0,0,2,-0.750258,0,-3,-0.758979,0,0,0,0,1,1,0,0,0,-3,0,1
0,0,0,0,0,0,0,-0.625,0,0,0,0,0,1,0,0,-0.662964,2,1,0,-2,0,0,1,3,1,0,-1,1,1,0,0,0.52116,2,0,-1,0,0,0,0,0.666667,0,-1,-0.614264,0,0,0,0,1,0,0,0,0,0,1,0,0,2,3,2,0,1,-1,0,1,2,1,0,0,0,0,-2,0,1,0,-1,0,0,0,0,0,0,0,0,0,2,0,0.142225,0,0,-0.625,-2,0,-2,0,0,0,-2,0,0,0,0,1
0,0,1,1,0,-2,0,-0.625,0,0,1,0,1,0,0,3,-0.612903,0,0,0,-2,0,0,0,1,0,0,2,0,-1,0,0,1.06445,3,0,-2,0,0,0,0,0.705331,0,0,-0.582434,0,0,0,0,1,0,0,0,0,-1,3,0,0,0,1,0,0,1,-1,0,-2,1,4,0,0,0,0,2,0,0,0,0,1,0,0,0,0,0,0,0,0,0,0,2.42857,0,0,-0.683251,1,0,0,0,0,0,0,0,0,0,0,1
0,0,1,1,0,-1,1,-0.628007,0,0,0,0,1,0,0,0,-0.218824,1,0,0,-1,0,1,0,0,0,0,0,0,0,0,0,1.26394,0,-1,0,-1,1,0,0,0.666667,0,-5,-0.718095,1,2,0,0,0,1,0,0,0,1,2,0,-1,0,1,0,0,1,0,0,-3,1,0,0,0,0,2,0,3,-2,0,0,0,-1,0,0,0,2,0,0,0,0,0,3.527624,0,-1,-0.632657,-2,0,0,0,-2,-2,0,-1,0,0,0,1
0,0,-1,0,0,0,-1,-0.660658,0,0,0,0,0,1,0,0,-0.669119,0,0,2,0,0,1,-1,0,0,0,-1,-2,0,0,0,0.89576,10,0,0,0,-1,0,0,0.180071,1,0,-0.860605,0,0,0,0,1,0,0,0,0,-2,0,0,0,0,0,1,0,0,0,0,1,1,0,2,1,1,0,0,0,0,0,0,0,0,0,0,0,0,0,0,0,1,0,-0.200439,0,0,-0.665304,1,0,4,0,1,0,1,1,0,1,0,1
0,0,-2,0,0,0,0,-0.690656,0,-1,0,0,2,0,0,0,-0.5,0,0,3,0,0,-1,0,-1,0,0,0,0,0,0,0,1.08738,1,0,1,0,0,0,0,0.212766,0,0,-0.744681,1,-1,-2,0,0,0,0,0,3,0,-4,-2,0,1,0,1,-1,0,-1,0,0,-1,0,0,1,1,1,0,1,0,-1,0,0,0,0,0,0,-1,0,-1,0,0,0,2.80892,0,0,3.589884,-1,1,-1,0,0,0,0,-3,0,0,0,1
0,0,0,0,0,0,0,-0.699748,0,0,0,0,0,3,0,0,-0.856104,0,0,1,0,0,0,1,0,0,0,0,0,0,0,0,0.77949,2,0,1,1,0,-3,0,0.366693,0,0,-0.74388,1,0,0,0,0,0,0,0,0,0,0,0,0,0,0,1,-2,0,0,0,0,-1,0,0,0,0,0,-1,1,-1,0,0,0,0,0,0,-1,0,0,0,0,0,0,-0.667248,0,-1,1.217798,0,1,-1,0,1,0,0,-1,0,0,0,1
0,-1,0,0,0,0,0,-0.682242,0,0,0,1,0,0,0,0,-0.600747,0,0,0,-2,0,0,0,0,0,1,0,2,3,2,0,1.60437,2,0,0,0,2,0,0,1.583466,0,0,-0.758343,-1,0,1,0,0,0,0,1,0,0,0,0,0,1,0,0,1,0,0,1,0,1,0,0,2,1,-1,-1,0,0,0,0,0,5,0,0,0,0,0,1,1,0,1,-0.717155,0,0,-0.511682,2,-1,0,0,0,1,0,0,0,0,1,1
0,0,1,0,0,2,1,0.025583,-1,0,0,2,2,1,0,0,-0.207389,0,0,0,0,0,0,4,1,0,1,0,0,2,0,0,1.80442,0,0,0,1,-1,0,0,1.114518,0,0,-0.621928,0,0,0,1,0,0,0,1,0,0,0,0,0,0,0,0,1,0,0,1,0,1,0,0,0,0,0,0,2,2,0,0,1,0,1,-1,0,0,0,-1,1,0,2,-0.809524,0,0,-0.063728,0,0,0,0,0,3,0,-2,0,0,1,1
0,1,1,0,0,0,1,-0.160793,0,0,0,0,0,0,0,0,-0.234575,0,0,1,1,0,0,0,0,0,1,0,0,0,-1,0,1.29691,3,0,0,0,0,0,-1,2.720009,2,0,-0.406482,0,1,0,0,1,0,0,1,0,0,0,1,0,-1,0,0,0,0,1,0,0,1,1,-1,2,0,2,0,0,0,0,0,0,0,0,1,0,0,-1,-2,0,0,0,-0.454242,0,0,0.231339,0,0,0,0,0,0,0,1,0,-1,1,1
0,3,0,0,0,0,0,-0.373284,0,0,0,0,2,0,0,0,-0.607615,0,0,0,0,0,0,0,0,0,1,-1,0,1,1,0,1.37743,0,1,1,0,-1,0,0,0.617492,0,1,-0.665495,0,0,1,0,0,2,0,0,0,-2,1,2,0,1,0,1,-1,0,0,0,0,0,1,0,1,1,0,1,0,0,0,0,0,2,0,0,0,1,0,0,0,1,0,-0.587841,0,0,-0.655714,-2,0,0,0,0,0,0,1,0,-1,0,1
0,0,0,1,1,0,0,-0.774896,-1,0,0,1,2,0,0,2,-0.599501,0,1,0,0,0,1,0,0,0,-1,2,1,0,0,0,1.11429,7,0,0,1,0,0,0,0.255832,0,0,-0.82665,1,0,0,0,0,0,0,0,0,0,0,0,1,0,0,0,0,0,-2,1,0,1,0,0,0,0,-2,1,0,-2,0,1,0,0,0,0,0,0,0,0,0,0,0,-0.876812,0,0,-0.039534,0,1,0,0,0,0,1,0,1,0,0,1
0,2,0,0,0,0,0,-0.677473,-1,0,0,0,0,0,3,1,-0.674143,0,-1,0,-1,0,0,0,0,0,2,0,0,0,0,0,1.19866,11,0,0,0,-1,2,0,0.238892,0,0,-0.561427,0,1,0,0,0,0,0,0,-1,0,-1,0,0,0,0,1,1,-1,0,0,1,1,1,0,1,1,1,0,0,0,0,0,0,0,0,0,1,1,0,0,0,1,0,-0.536632,0,0,-0.69111,0,0,0,0,0,-5,0,-1,0,0,0,1
0,0,0,0,0,2,-1,-0.549579,0,0,-4,-1,0,0,0,0,-0.687068,1,1,0,0,1,0,0,0,0,0,-2,-1,1,0,0,1.29345,0,-1,0,0,2,0,0,0.301552,-1,2,2.102628,-3,1,0,1,0,0,0,0,0,0,0,1,-1,0,0,0,1,1,-1,0,0,1,2,0,0,0,0,0,0,0,0,1,1,-1,0,0,0,0,0,0,0,0,1,-0.725515,0,0,-0.767515,0,0,1,0,0,-1,0,1,0,0,0,1
0,0,0,0,-1,0,0,-0.612903,-1,0,0,0,2,-1,-1,0,-0.649485,1,0,0,0,0,2,0,2,-1,0,0,-1,0,0,0,0.89001,5,0,0,0,-2,0,0,0.268149,0,0,-0.589223,0,0,0,0,-2,0,0,0,0,0,0,0,0,0,0,0,1,0,-1,0,0,1,1,0,-1,0,0,0,0,-1,-1,0,0,0,0,0,0,0,0,0,-1,-1,-1,-0.733333,-1,1,-0.690672,1,0,0,0,0,0,0,-2,0,0,0,1
1,0,0,-1,0,-1,0,-0.427178,0,0,-1,0,0,0,0,0,-0.653612,0,1,0,0,1,0,0,-1,0,0,0,0,0,0,0,0.97961,3,0,0,1,2,0,0,0.221531,0,0,0.218734,-2,0,0,-1,1,0,1,0,-2,2,0,0,0,-2,0,1,1,0,-2,0,0,1,0,0,3,0,0,0,0,0,1,0,-1,2,0,0,0,-2,0,2,0,1,0,-0.708837,0,0,-0.230083,0,0,0,1,0,2,0,0,3,1,0,1
0,1,1,0,0,1,1,0.286585,1,0,1,-1,0,-1,0,0,-0.512233,0,0,1,1,0,0,0,0,0,0,0,2,0,0,0,1.61081,10,0,0,-1,1,0,0,1.54545,0,0,-0.748546,0,0,0,0,0,0,-1,0,0,1,0,0,0,0,1,-2,0,0,0,0,4,0,0,0,1,0,1,0,0,-2,0,0,0,0,0,0,0,1,0,1,0,0,0,-0.4,0,0,-0.720415,4,1,0,0,0,2,0,1,0,3,1,1
0,-1,1,0,2,0,0,-0.537306,1,0,1,-2,0,-2,0,0,-0.661543,0,0,0,2,0,0,3,1,0,0,0,0,1,0,0,1.35705,5,0,0,-3,1,0,0,1.520201,2,0,-0.811922,0,-1,0,0,0,0,1,0,0,0,0,1,0,0,1,0,0,0,0,0,0,0,0,-4,3,0,0,-1,0,0,3,0,1,0,0,0,0,1,1,1,-1,0,3,-0.242718,0,0,-0.735707,2,0,2,0,0,0,0,2,0,0,1,1
0,0,0,1,0,0,1,-0.4,1,0,1,0,0,0,0,0,-0.212961,0,0,1,0,-1,0,0,0,0,0,0,0,0,0,0,1.48463,3,0,1,0,0,0,0,1.553986,0,1,-0.864109,0,0,0,0,0,0,-1,0,0,1,0,1,0,1,1,0,0,0,0,0,0,0,0,0,0,0,0,0,0,0,-2,0,0,0,2,0,0,1,1,0,0,1,-1,-0.356383,0,0,-0.815239,0,0,5,0,0,0,2,1,2,0,1,1
0,0,-4,1,0,0,0,-0.408562,0,0,0,-2,-2,0,0,1,-0.727273,0,0,1,0,0,0,-1,1,1,0,-1,3,-2,0,0,1.44334,4,0,0,0,-1,1,0,0.56219,0,0,-0.73679,0,0,0,0,0,0,0,0,0,0,1,0,0,0,0,0,0,0,0,0,0,0,0,3,-1,-1,3,0,-1,0,0,0,0,1,0,-1,0,0,0,0,0,4,0,-0.749749,0,1,0.024121,0,0,0,0,0,2,0,1,0,2,0,1
0,2,0,0,0,0,1,-0.508686,0,0,0,0,0,0,2,0,-0.716152,0,0,0,0,-1,0,0,0,0,0,1,0,2,2,0,0.58335,12,0,-1,1,0,0,0,2.05909,0,0,-0.678403,1,0,0,0,-1,0,0,0,1,0,0,0,1,0,1,-1,0,-1,0,0,0,-3,0,1,0,0,0,0,0,0,0,0,0,0,0,0,0,0,0,0,0,0,0,-0.228482,0,0,-0.206455,0,0,0,-2,0,0,0,1,0,1,0,1
0,0,0,0,0,0,0,-0.793791,0,1,0,0,-1,0,0,1,-0.606975,1,0,1,0,0,0,0,-1,1,0,0,0,-1,0,0,1.40475,2,0,0,0,0,1,0,0.621178,0,0,-0.722531,0,-2,0,0,0,0,0,-2,0,0,1,4,2,0,2,0,0,0,0,0,0,0,0,1,0,0,-2,-2,0,0,0,0,0,0,0,0,1,0,0,0,0,0,0,-0.647547,2,1,-0.179625,0,0,0,1,0,0,0,1,0,2,0,1
0,0,0,0,0,0,0,-0.527929,0,0,-1,1,0,0,-1,0,-0.870366,0,0,0,0,0,1,1,0,0,0,0,1,0,0,0,2.54872,3,0,0,0,1,0,0,0.18867,0,0,0.992401,-1,0,0,0,0,1,0,0,0,2,2,1,-3,1,0,0,-1,0,0,0,0,1,1,0,1,0,0,0,1,0,-1,0,0,0,0,-1,0,0,0,0,0,-2,0,-0.699848,0,0,-0.760316,0,0,0,0,0,0,0,0,0,1,0,1
0,0,2,0,0,0,0,-0.587082,0,1,0,-1,0,0,0,0,-0.664589,0,0,4,0,0,0,1,0,-1,0,2,-1,0,0,0,0.85714,2,0,1,0,1,0,0,0.289439,0,0,-0.692814,0,0,0,0,0,0,-1,0,-1,-1,0,1,1,1,-1,-1,0,0,-1,0,2,1,1,0,3,1,0,0,0,0,0,-2,0,0,0,0,0,0,0,0,0,0,0,-0.649446,0,0,-0.077052,1,0,0,0,0,2,-3,0,0,0,0,1
0,2,0,0,1,-1,-2,-0.613471,1,0,-1,0,1,0,0,0,-0.81375,0,0,0,1,0,-2,0,0,0,0,0,0,-1,1,0,0.74253,1,0,0,1,1,0,0,0.266667,-1,0,-0.37291,0,0,0,-1,0,0,0,2,0,0,0,1,0,1,3,-1,0,0,0,1,1,0,0,0,-1,0,0,0,0,0,0,0,1,-1,1,0,0,0,0,0,0,0,0,-0.572918,0,0,-0.548702,0,0,-1,1,0,1,-1,0,3,2,0,1
0,0,0,0,0,0,0,-0.68851,0,0,0,0,0,0,0,0,-0.745037,-2,0,0,0,0,0,0,0,1,0,0,0,-2,0,0,0.78734,1,-1,0,0,1,-1,0,0.206897,0,-1,-0.570051,0,1,0,0,0,0,1,0,0,1,0,0,0,0,0,0,0,0,-2,0,0,1,0,3,0,1,1,0,1,0,0,0,0,1,0,-1,0,0,0,1,0,1,0,-0.638791,1,0,-0.708752,0,0,0,0,0,1,0,0,0,0,0,1
0,0,0,-1,0,0,0,-0.585659,0,0,0,0,1,0,0,0,-0.288562,0,-1,1,0,0,0,0,0,0,-1,0,0,-2,0,-1,1.73197,0,0,0,1,1,1,0,0.206897,2,1,-0.361524,0,0,0,0,1,0,0,0,0,0,2,1,-1,0,0,0,0,0,3,1,0,2,0,0,0,0,0,0,0,0,0,0,0,0,0,0,0,0,0,0,0,0,-1,-0.506827,0,1,-0.919946,0,0,0,1,-1,0,0,0,2,-4,0,1
0,0,0,0,0,0,0,-0.588538,1,-1,0,1,0,0,0,0,-0.72093,1,0,1,0,0,2,0,0,1,0,-3,1,0,0,0,2.01256,2,-1,1,0,1,0,0,2.19838,0,0,-0.600017,1,0,0,1,0,-1,0,0,0,0,0,4,0,0,0,0,1,0,0,1,0,-1,0,4,0,0,0,0,0,2,0,0,0,0,1,0,0,0,0,0,0,2,0,-0.609509,0,1,0.856991,0,0,0,0,0,0,0,0,0,0,0,1
0,0,-2,0,0,1,0,-0.164593,0,0,0,0,0,0,1,0,-0.786595,-1,2,0,0,0,0,0,0,0,1,2,0,1,0,0,1.61024,8,0,0,-1,0,-3,-1,0.352977,-1,0,-0.742131,1,0,0,0,-1,0,0,0,-1,0,-3,0,0,0,0,1,0,0,0,1,0,0,0,0,0,0,0,0,-1,0,0,0,1,0,0,0,0,0,0,0,-1,0,0,-0.784152,0,0,0.395441,0,0,0,0,-1,1,0,0,-2,1,1,1
0,0,0,1,0,0,1,-0.59773,0,-1,0,0,1,0,1,0,-0.777778,1,0,1,-2,0,0,0,-1,0,0,0,0,0,0,0,2.10809,8,0,-1,0,1,-1,0,0.98108,0,0,-0.772966,-1,1,0,1,-1,0,0,0,0,0,0,0,0,0,0,0,0,0,0,0,0,0,1,-1,0,0,0,0,-1,2,0,0,-1,0,0,-1,-1,0,-1,0,0,1,0,-0.657143,0,0,-0.160336,0,0,0,0,0,0,-1,0,1,0,1,1
0,0,0,0,0,1,0,-0.097496,0,0,-1,0,0,0,1,0,-0.778176,0,-1,0,2,0,0,0,0,0,1,2,0,0,0,0,0.92327,1,0,-1,0,0,0,0,1.03226,0,0,-0.503398,0,0,0,-1,0,0,0,0,-1,0,0,0,0,0,0,0,0,0,2,1,0,2,0,0,0,-1,0,0,0,0,0,0,0,0,0,0,0,0,0,0,0,0,0,-0.657143,0,0,-0.4,0,0,3,1,-1,1,0,0,0,1,1,1
0,0,-2,0,0,0,0,-0.75,0,0,1,0,0,0,0,0,-0.482026,0,-1,3,1,0,0,2,0,0,0,0,0,0,1,0,1.54562,6,0,0,0,0,1,0,1.965694,0,0,-0.706437,0,0,0,0,0,0,0,0,0,-2,0,0,0,-3,1,0,1,-1,1,0,0,0,0,1,0,0,0,0,0,-1,0,0,0,-1,0,0,0,0,0,0,0,0,0,-0.480961,0,0,-0.906539,0,0,0,0,0,1,0,0,1,0,1,1
0,0,0,0,0,0,0,-0.781766,-1,1,-1,0,0,0,2,0,-0.560348,0,0,1,0,0,2,1,1,-1,0,0,0,-1,1,0,2.9741,5,0,1,3,1,0,0,2.157077,4,0,-0.79188,0,0,1,0,1,0,0,0,0,-1,0,0,0,1,0,2,0,0,0,0,0,-1,3,0,0,0,0,0,0,3,0,0,1,0,0,0,0,-1,0,0,0,0,0,-0.72116,0,0,0.589725,0,0,0,-1,0,0,0,0,0,0,1,1
0,0,0,0,0,0,0,-0.772209,0,0,0,0,0,0,2,3,-0.413813,-1,0,0,1,1,0,0,0,0,0,0,0,0,3,0,1.28405,21,-1,0,2,0,1,0,1.73333,0,-1,-0.647641,0,0,-1,0,1,0,0,1,0,0,0,1,-1,0,0,0,0,0,4,0,0,0,1,0,0,-1,0,0,2,0,0,1,0,0,0,0,0,0,0,0,-1,0,0,-0.597412,0,0,0.008957,0,0,0,1,0,0,0,-4,0,0,1,1
0,0,0,1,0,1,1,-0.601881,0,0,-1,0,0,0,0,0,-0.799252,1,0,0,0,0,0,0,1,-2,0,0,-1,0,0,0,2.29986,5,0,0,2,0,0,0,0.929483,1,0,-0.755102,0,1,0,0,0,0,0,0,0,-2,0,0,-1,0,0,0,0,1,0,0,0,0,1,0,1,-1,1,0,0,0,0,0,1,0,1,0,0,-2,0,0,0,0,0,-0.531014,0,0,-0.368421,0,0,1,0,0,0,-1,0,1,0,1,1
0,0,0,0,0,0,0,-0.57669,0,0,0,0,-1,0,1,0,-0.8813,0,0,0,2,0,1,-1,1,1,0,0,-4,0,1,0,1.46476,3,0,-1,2,0,0,0,0.327962,0,0,-0.76605,-1,1,0,0,0,0,0,0,0,1,1,1,0,-1,0,-1,0,-1,0,0,0,0,0,0,0,1,1,0,0,0,0,0,0,-3,0,0,0,0,0,0,1,0,0,-0.639117,0,0,0.409548,0,0,0,0,1,0,0,0,0,0,1,1
0,0,0,0,0,0,-1,-0.584263,0,0,0,0,2,0,0,0,-0.644367,0,0,0,1,0,-1,0,0,0,0,0,-1,0,0,-1,1.4,2,0,0,0,0,0,0,0.615552,-1,-1,-0.646777,-3,0,1,0,1,0,-1,0,0,1,-1,1,1,0,0,1,0,0,1,0,0,0,0,-1,0,0,0,0,0,0,0,0,0,0,0,1,0,1,0,0,1,0,0,-0.162499,0,0,-0.368421,4,0,-3,-1,-1,0,0,-1,1,0,1,1
0,0,0,-1,0,0,0,-0.238785,0,-1,0,0,0,0,0,0,-0.333873,-1,0,0,0,0,0,-3,1,0,1,0,0,0,0,0,0.67107,8,0,0,0,-1,1,0,1.55681,-3,-1,-0.658448,0,0,0,0,1,0,1,0,0,0,1,0,0,0,0,0,0,0,2,0,1,2,-1,-1,0,0,0,-1,0,0,2,-1,0,0,-1,0,0,1,0,0,0,0,-1,-0.787054,0,0,-0.636383,0,0,0,0,0,1,0,-1,1,4,1,1
0,-1,0,0,0,-1,0,-0.590706,0,0,0,0,0,0,3,0,0.116918,0,0,-1,1,0,0,-3,0,0,1,4,0,-1,2,0,0.94695,15,0,0,0,0,1,0,1.829594,0,0,-0.599024,0,-1,0,0,0,0,0,2,0,-1,1,0,-1,0,4,0,0,0,-2,0,1,0,0,0,0,0,0,0,2,0,0,0,2,0,0,0,0,1,0,0,0,2,0,-0.803378,0,0,-0.9141,0,1,0,0,0,1,0,0,1,0,1,1
0,0,2,0,-1,0,0,-0.270704,0,0,6,1,0,0,0,0,-0.7,0,0,0,1,0,0,-1,0,0,0,2,0,0,2,0,1.70898,1,0,0,0,0,1,0,1.019937,0,-1,-0.650476,0,0,0,-1,0,0,1,0,0,2,1,0,2,0,0,-2,-1,0,0,0,1,2,0,0,0,0,0,0,0,0,-2,0,0,2,-1,0,0,0,0,0,0,0,1,0.241513,0,0,-0.785751,0,0,0,0,0,0,0,3,1,1,1,1
-1,1,0,0,0,0,0,-0.861559,0,1,0,0,-2,1,-2,0,-0.707317,0,0,0,0,0,-1,1,0,0,0,0,2,0,0,0,2.00244,5,0,0,0,-1,-1,0,1.289006,0,0,-0.881216,0,0,0,0,0,0,0,0,0,2,0,1,2,0,0,0,0,1,-1,-2,0,-1,0,0,2,0,2,0,1,2,0,0,0,0,0,0,0,0,1,0,0,0,0,-0.647214,0,0,-0.293669,-2,0,0,0,0,1,0,0,0,0,1,1
1,-2,1,0,2,1,1,-0.372476,0,0,0,0,0,0,0,0,-0.693229,0,0,0,0,0,0,2,0,0,1,1,0,0,0,0,2.61822,7,0,0,0,0,-1,0,0.235893,0,0,-0.73986,0,0,1,0,0,1,1,0,2,0,0,1,1,0,1,0,0,1,-1,0,0,1,0,1,0,0,2,0,2,0,2,0,0,0,1,0,0,0,0,0,1,3,-1,-0.660628,0,0,-0.627021,2,0,0,0,0,1,0,1,0,1,1,1
0,-1,0,0,0,-1,2,-0.840437,0,1,0,0,0,0,0,0,-0.711091,1,-1,1,-1,0,0,0,0,0,0,0,0,1,1,0,1.37877,5,0,1,0,0,0,0,0.509735,1,0,-0.242707,0,0,0,0,-1,2,0,0,0,-1,1,0,4,1,0,0,0,0,0,0,0,1,0,0,0,3,0,-1,0,0,2,0,1,0,0,0,-1,0,0,2,0,2,0,-0.384599,0,0,-0.714138,0,-1,0,0,0,1,1,0,0,1,1,1
0,0,0,1,0,0,0,-0.34718,0,1,-1,0,0,0,2,0,-0.571429,0,0,0,0,0,0,0,3,0,0,2,2,0,0,0,1.54265,3,0,0,0,1,0,-2,0.822055,0,2,-0.735405,1,0,-1,0,-1,0,0,0,1,0,0,0,1,-1,0,0,0,0,0,1,0,0,0,2,0,1,1,0,0,-2,0,0,3,0,0,0,0,1,0,-1,0,2,0,-0.625924,0,0,-0.586207,0,1,0,0,0,0,3,0,0,1,1,1
0,0,0,0,1,0,0,-0.483107,0,0,0,0,0,0,0,0,-0.634481,0,0,1,0,0,0,1,0,0,0,0,0,2,-3,0,1.36181,4,0,1,0,0,0,0,2.102411,0,0,-0.764706,0,0,0,0,0,0,0,-2,0,0,0,1,0,0,0,0,0,0,0,1,0,2,0,0,2,0,1,1,0,0,0,0,1,0,0,2,0,0,0,3,0,0,0,-0.647059,0,0,-0.619388,0,0,3,0,0,1,0,1,0,0,1,1
0,0,1,-1,1,0,0,-0.508209,0,0,0,1,1,1,0,0,-0.571429,-1,0,0,-2,1,-1,0,0,-1,0,0,0,0,1,0,1.45714,4,0,0,0,2,0,0,0.888616,1,0,-0.803386,0,0,0,0,0,1,0,0,0,0,0,2,0,0,1,0,0,0,0,0,1,2,0,1,0,0,1,1,0,1,3,0,1,0,0,1,0,0,0,0,0,0,0,-0.652856,0,1,-0.683426,0,0,0,1,0,0,0,1,1,0,1,1
0,0,1,0,0,0,0,-0.555556,0,0,-1,2,0,0,0,2,-0.712591,0,0,0,2,0,0,0,0,-1,0,0,0,0,0,0,1.02314,0,1,0,1,0,0,-1,0.837838,1,0,-0.682491,0,0,-3,1,0,0,1,0,1,-2,0,0,0,0,0,0,1,2,0,1,1,-2,-3,0,0,1,0,0,1,0,0,0,-1,0,0,0,0,1,0,3,0,-1,0,-0.527203,0,0,-0.903121,0,0,0,-1,1,0,0,0,0,0,1,1
0,0,2,0,0,0,-2,-0.841469,0,0,0,2,0,0,0,0,-0.710415,0,0,0,0,0,0,0,0,0,0,0,1,0,0,1,1.10889,4,0,0,1,2,0,0,0.20384,0,0,-0.61824,0,0,-1,0,0,0,0,0,3,0,0,0,0,-3,1,0,0,0,0,1,1,0,0,0,0,-2,-1,0,1,0,2,0,0,0,0,0,0,0,1,0,0,0,0,-0.342479,0,0,-0.726007,0,0,0,0,0,2,0,0,0,4,1,1
0,0,0,0,0,2,0,-0.288971,0,-2,3,0,0,0,0,0,-0.863225,0,0,-1,2,0,0,1,0,0,0,0,-2,0,1,0,1.12739,18,0,0,1,0,0,0,0.837838,0,0,-0.690944,0,0,0,-1,-1,0,0,-2,1,0,-2,0,-5,0,0,0,0,0,0,0,1,2,2,3,-1,-2,0,-1,0,0,0,1,1,0,0,0,0,-2,0,0,0,-1,0,-0.549435,0,0,-0.80233,0,0,0,0,0,1,-1,2,1,1,1,1
0,1,0,0,0,0,0,-0.30891,1,-1,-1,0,-2,0,0,2,-0.865169,0,0,0,0,0,0,0,0,1,0,0,0,0,0,0,2.09886,7,0,0,0,0,0,0,1.082923,-1,0,-0.596817,0,0,1,0,0,0,1,0,1,0,1,1,0,0,0,0,0,1,2,0,0,0,0,0,5,0,0,0,-2,0,0,0,0,0,0,0,0,0,0,-1,0,0,0,-0.416729,0,0,-0.724539,0,0,0,0,-1,0,-2,0,0,0,1,1
0,0,0,1,0,0,0,-0.807498,0,0,0,1,0,0,0,0,-0.580778,0,0,-1,0,0,0,-2,-4,1,0,0,0,0,-1,0,1.86379,2,0,-1,1,-1,1,-1,2.432372,0,0,-0.50941,0,0,0,0,0,0,0,-1,1,0,0,0,0,0,0,0,0,0,0,0,1,0,1,-1,0,0,0,0,3,0,0,1,0,0,2,0,0,0,0,0,0,0,0,-0.000255,0,0,-0.697397,0,0,2,1,-1,0,0,0,1,0,1,1
0,0,2,0,0,0,0,-0.616118,0,0,0,0,0,0,0,1,-0.736156,0,0,0,1,0,0,0,-2,0,0,2,0,0,0,0,0.72622,2,-2,1,0,0,0,0,1.677866,0,0,-0.583426,0,0,0,1,0,0,1,0,0,0,2,1,0,0,0,0,0,0,2,0,0,0,0,1,0,0,0,0,0,0,0,0,2,0,0,0,0,0,0,0,0,1,0,-0.76361,0,0,-0.887977,0,0,0,0,2,0,0,0,0,0,1,1
1,0,1,0,-1,1,0,-0.242772,0,1,1,0,0,1,0,0,-0.710744,0,0,0,0,0,0,0,-3,-2,0,0,3,0,2,0,1.17143,1,0,0,0,0,0,0,3.999808,0,0,-0.704631,0,0,0,0,0,1,0,0,0,-4,0,0,1,0,1,0,0,0,2,0,0,1,-1,0,0,0,0,1,0,0,0,0,0,0,0,0,0,0,0,0,0,0,0,-0.644725,1,0,-0.164361,0,0,0,0,1,-1,0,0,0,-1,1,1
0,0,0,0,0,0,0,-0.560055,-1,0,-1,1,0,0,0,0,-0.636364,0,-1,1,2,0,0,0,0,0,0,0,1,-2,1,0,1.17143,9,0,1,0,0,1,-1,3.313555,0,0,-0.651845,0,0,0,0,0,0,0,0,0,-5,0,0,1,0,0,-5,0,0,0,1,0,1,0,1,0,0,0,0,0,0,-1,0,0,1,1,0,0,0,2,0,0,0,0,-0.769316,0,-1,-0.552712,0,0,1,0,1,0,-2,-2,1,-1,1,1
0,0,0,1,0,0,0,-0.636867,0,1,0,0,0,0,0,0,-0.667871,0,0,0,2,0,0,-1,0,0,0,0,-2,0,0,0,1.43236,4,0,0,0,0,1,0,3.432753,0,0,-0.67402,-2,0,0,0,0,0,0,0,0,0,0,0,0,0,0,0,0,2,0,0,0,1,1,-1,2,-1,-3,0,0,0,4,0,0,1,0,0,0,0,0,0,0,0,0,-0.655061,0,0,1.390488,0,0,1,1,1,0,0,1,3,-2,1,1
0,0,2,0,0,0,-1,-0.377366,0,2,1,0,-1,0,0,0,-0.724675,0,0,0,0,0,0,0,0,0,0,0,2,0,0,0,1.08571,0,0,0,0,1,1,0,0.578947,0,0,-0.454016,1,0,3,-1,0,1,0,0,0,-2,0,0,0,0,0,0,1,0,0,0,0,-1,0,-3,3,0,1,0,0,0,2,0,0,0,0,0,0,0,0,0,0,1,0,-0.744681,0,-1,3.554924,2,0,0,-1,-1,-1,0,1,0,-1,0,1
0,0,2,-2,0,0,-1,-0.384484,0,0,0,0,0,1,0,0,-0.814792,0,0,0,0,0,0,0,0,0,0,0,0,0,0,0,0.87426,5,2,0,0,0,0,0,0.533582,0,2,-0.567285,1,0,0,0,0,0,1,-2,0,-1,0,4,0,0,-3,0,1,0,0,0,0,1,0,0,0,0,0,0,0,0,0,0,0,0,0,0,0,0,0,-1,1,-2,1,-0.182586,0,-1,-0.7,0,0,0,0,0,0,1,0,0,0,0,1
0,0,-1,0,1,1,0,-0.492164,0,0,0,0,0,0,1,1,-0.686682,0,0,0,0,0,0,0,1,0,0,0,0,0,0,0,1.21414,3,0,0,0,0,0,2,0.456149,0,0,-0.677477,0,0,0,0,0,2,0,0,0,0,0,0,0,0,-1,-1,1,0,1,0,-1,1,0,2,0,0,1,0,0,1,2,0,1,0,0,1,-2,0,0,-1,0,0,0,-0.17957,0,0,-0.729569,0,0,0,0,-2,0,0,0,0,1,0,1
0,0,0,1,0,0,-1,-0.486948,0,0,0,0,0,5,2,0,-0.746578,0,0,0,0,0,0,0,0,0,0,0,1,5,0,-1,0.85714,3,0,0,0,-2,0,0,1.233292,0,0,-0.432325,-1,0,-2,0,0,0,0,0,1,1,1,2,-2,0,1,0,1,0,2,-1,1,0,-2,0,2,-1,0,0,-2,-1,0,-1,0,-1,0,0,0,0,1,0,0,0,0,-0.707317,0,0,-0.333333,0,0,0,0,0,0,0,1,0,0,0,1
0,0,0,0,0,0,1,-0.638105,0,0,0,0,0,0,0,-3,-0.832873,0,0,0,0,0,0,1,0,0,0,3,0,0,1,0,1.08075,0,0,0,0,0,0,0,1.740144,0,1,-0.656029,0,0,1,0,0,-1,0,0,1,-1,2,0,-1,0,1,0,0,0,0,0,1,-1,1,0,0,0,1,0,-3,0,0,0,0,1,1,0,0,0,0,0,1,-1,0,-0.889196,0,0,-0.512241,0,0,0,0,0,-1,0,0,0,2,0,1
0,0,0,-1,0,0,0,-0.439782,0,0,-1,0,-1,-1,0,-1,-0.768985,0,0,0,1,0,-1,1,0,0,0,0,0,3,0,0,0.68667,0,1,0,-1,0,0,0,1.101818,0,1,-0.856133,0,0,0,-1,0,1,0,0,1,0,1,0,-2,0,0,1,0,0,0,3,1,0,0,0,0,0,1,0,-2,1,2,0,0,0,0,0,0,0,1,0,0,0,0,-0.745726,0,1,-0.333333,0,0,-1,0,0,0,0,1,0,0,0,1
0,0,0,2,-1,3,0,-0.903319,-1,0,-1,0,1,0,0,0,-0.753954,0,0,1,0,0,0,1,1,0,0,1,-2,1,0,0,0.64892,6,0,0,-1,0,0,0,0.958158,0,0,-0.439144,1,0,1,0,-1,0,0,0,0,-1,0,0,-1,-1,0,0,0,0,0,1,0,0,0,0,0,0,0,0,1,1,1,0,-3,0,0,0,-1,3,0,0,0,0,0,-0.615559,0,0,-0.72153,3,0,-1,-2,0,2,0,-1,0,0,0,1
0,2,1,1,0,0,0,-0.793103,0,0,0,0,-1,0,-3,0,-0.770766,0,0,0,0,1,0,0,1,0,0,0,0,0,0,0,1.76234,3,0,0,0,0,0,0,0.569004,0,0,-0.440074,0,0,0,0,0,0,0,0,0,1,0,0,0,0,4,0,0,1,0,2,0,0,0,0,0,0,0,0,-2,-3,0,0,0,0,0,0,0,0,-1,3,0,0,0,-0.795477,0,0,-0.854463,0,0,0,0,-1,1,0,0,1,0,0,1
0,0,0,1,1,1,0,-0.793594,-1,0,0,2,0,1,2,-1,-0.777778,-1,0,0,1,0,0,0,1,-1,0,0,4,0,0,0,0.68571,5,0,0,1,0,0,0,1.167227,0,0,-0.478099,0,0,-1,0,0,0,0,0,1,0,1,0,0,0,0,0,0,1,0,1,0,0,-1,2,0,0,0,0,0,0,0,0,0,0,0,0,-1,0,0,-1,0,1,1,-0.682973,-2,0,-0.731039,0,0,0,0,0,-1,0,0,1,0,0,1
0,0,0,0,0,-1,0,-0.243058,0,0,0,0,0,0,0,0,-0.368229,0,1,0,0,0,0,0,2,-1,0,-2,2,0,-3,0,1.75544,5,0,-1,0,0,0,0,0.434889,-3,1,-0.6,0,2,-1,0,0,0,1,0,0,0,0,0,0,1,-1,0,0,0,0,3,0,1,0,0,0,0,3,0,0,0,1,0,0,0,0,0,0,0,0,0,0,0,-1,-0.595284,0,0,-0.79212,0,0,0,-1,1,1,0,2,0,0,0,1
0,0,-1,1,0,0,-1,-0.304187,0,0,1,-1,0,0,0,0,-0.066978,0,0,1,1,0,1,0,0,0,0,-1,0,1,2,0,0.80825,1,-2,0,0,0,0,1,0.3196,0,0,-0.649602,0,1,0,0,1,0,0,0,1,0,1,0,0,0,0,0,0,0,0,0,0,0,0,0,0,0,0,0,0,-1,0,0,0,0,0,1,1,0,0,0,0,0,0,-0.776421,0,0,-0.590415,1,0,0,0,-1,-1,0,0,0,0,0,1
0,5,-1,0,0,1,0,-0.431419,0,0,0,-1,0,0,-1,0,-0.777761,0,1,0,-1,0,0,0,0,0,0,0,0,1,0,-1,0.85714,4,0,1,1,0,0,-1,0.233333,0,0,-0.52823,0,0,0,0,0,-1,1,0,0,0,0,0,0,0,-1,0,0,0,-1,0,3,1,0,0,0,1,0,0,1,0,0,1,0,0,0,0,1,0,0,-1,0,0,1,-0.323341,0,-1,-0.622855,0,0,2,2,0,0,0,2,-1,-1,0,1
1,0,0,0,0,0,0,-0.571429,0,0,0,0,0,0,0,0,-0.837838,0,1,-3,0,1,0,-1,2,0,0,0,2,0,0,1,0.43486,1,0,0,0,0,0,0,0.388581,-1,0,-0.331588,0,0,-1,-1,0,0,1,1,0,0,-2,0,0,0,0,0,0,0,-4,1,0,0,0,0,0,0,0,0,1,0,0,0,-1,0,0,0,0,0,0,0,0,-1,-1,-0.571429,0,0,-0.735468,0,0,1,0,0,0,0,0,0,2,0,1
0,0,1,0,0,0,0,-0.399099,1,0,0,-1,0,0,0,3,-0.807443,0,0,-2,0,1,0,0,0,0,0,0,1,0,0,0,1.2,0,0,0,1,0,0,0,0.221541,0,3,-0.583881,0,0,0,0,0,0,0,0,0,0,-1,0,0,0,0,0,0,0,0,1,0,1,2,0,1,0,0,0,0,0,2,0,1,-1,1,0,0,0,0,1,0,0,-1,-0.384483,1,0,-0.458032,-3,0,0,0,0,-2,0,2,0,0,0,1
0,0,0,0,0,0,0,-0.679578,0,0,0,0,0,0,-1,0,-0.836305,0,1,2,0,0,0,0,1,1,0,-1,0,1,0,0,1.2,2,1,0,0,0,-3,1,0.166667,0,0,-0.907196,0,0,0,0,0,1,0,0,0,0,1,2,0,1,0,0,0,0,1,1,0,4,0,2,2,0,-1,-1,1,0,-1,0,0,2,0,-1,0,0,0,1,0,0,0,-0.571429,0,-1,-0.733869,0,0,0,0,0,3,0,0,0,3,0,1
0,2,0,0,0,0,0,-0.683829,0,0,0,0,0,1,1,-1,-0.657143,0,-1,0,0,0,0,0,0,1,2,0,-2,0,1,0,0.88571,0,0,0,0,2,-2,0,2.076842,0,-1,-0.870844,0,0,0,0,0,0,0,0,0,0,0,0,0,0,0,0,0,1,0,0,0,0,0,0,0,-1,-1,0,4,1,1,0,1,0,0,-1,4,0,0,0,-1,-1,0,-0.789474,0,0,-0.658236,0,0,-2,0,1,2,0,0,1,0,0,1
-1,0,0,0,0,0,0,-0.87265,0,0,0,0,0,0,0,0,-0.619203,0,0,5,1,0,0,0,0,1,0,0,0,0,0,0,1.12561,13,0,0,0,0,0,0,0.298851,-2,0,2.356212,0,0,0,0,0,0,2,0,0,1,0,0,0,0,0,1,0,1,1,0,0,0,1,0,0,0,0,0,-1,1,0,0,0,-1,0,0,0,0,-1,0,0,0,0,-0.789474,0,0,-0.636903,-1,0,0,-1,0,1,1,0,0,1,0,1
0,0,-1,0,0,0,0,-0.686869,0,0,0,0,-1,0,0,2,-0.280379,-3,0,0,0,0,0,0,0,1,0,0,2,0,1,1,0.99326,1,0,0,0,0,0,0,1.207588,0,0,-0.58444,0,0,0,0,0,0,0,-1,1,0,0,0,0,1,-2,0,0,1,0,0,0,0,0,0,-1,0,0,0,0,0,1,0,0,0,0,2,0,0,0,0,0,0,1,-0.643615,0,0,-0.70311,-1,1,-2,0,0,4,0,-1,-1,0,0,1
0,0,2,0,0,1,0,-0.782207,0,-2,0,1,0,0,0,0,-0.291712,0,0,1,1,0,2,2,0,1,0,0,0,-2,2,0,2.21593,5,0,0,0,1,0,0,1.340801,0,0,-0.862721,1,1,0,0,0,0,0,0,0,1,1,2,0,0,0,0,0,0,0,1,0,1,0,-1,0,1,0,0,0,0,0,0,0,1,0,0,1,1,0,1,0,0,0,-0.822163,0,0,-0.732711,-1,0,0,0,0,0,1,0,1,0,0,1
0,0,0,0,0,0,0,-0.660762,0,0,0,0,0,0,0,1,-0.409964,0,0,1,1,0,2,0,0,1,-1,-1,0,0,1,0,2.17143,3,0,0,0,0,1,0,1.198971,0,0,-0.132088,1,1,0,0,0,0,0,0,1,0,0,1,0,0,0,-1,0,0,0,0,0,1,0,0,0,1,0,0,0,0,1,0,2,1,0,0,0,1,1,1,0,0,0,-0.803279,0,0,-0.644328,-1,0,0,0,0,0,0,0,1,0,0,1
0,0,0,0,0,2,2,-0.66846,0,1,0,0,0,0,0,0,-0.813082,0,1,0,0,1,0,0,0,1,0,0,0,0,0,0,2.17143,5,1,0,0,0,1,0,1.513623,0,0,-0.876161,1,0,1,-1,2,0,0,-1,0,0,0,1,0,0,0,0,0,0,0,0,1,0,0,0,1,0,-1,-1,0,2,-1,0,0,1,0,0,0,1,0,0,0,1,2,-0.805777,0,0,-0.761893,1,0,2,0,-1,-1,1,0,1,0,0,1
1,3,-3,0,0,0,0,-0.684291,0,0,0,0,0,0,0,2,0.036176,0,2,-3,1,0,0,0,0,0,0,0,-2,-2,-3,0,0.85714,3,-1,1,1,-1,0,0,0.820773,0,1,-0.592317,0,0,0,0,0,0,0,0,0,1,2,1,0,0,0,0,-1,0,-2,0,0,0,0,5,2,0,0,0,0,0,-1,0,0,0,0,0,0,0,0,2,0,-2,0,-0.568536,-1,0,-0.728257,0,0,-2,4,-1,0,-1,0,0,1,0,1
0,0,-1,0,0,1,0,-0.755645,0,0,0,-1,-1,0,-1,4,-0.598624,0,0,0,0,0,1,1,0,0,0,-1,4,0,0,0,0.67672,2,0,-2,0,1,0,0,1.1,0,0,-0.505031,2,0,0,1,0,0,0,0,0,0,0,-3,0,4,0,0,0,0,0,0,0,0,1,0,0,0,0,0,0,0,0,0,0,0,0,0,0,0,0,0,1,1,0,-0.496329,-1,0,-0.857992,0,0,0,0,0,0,0,0,0,0,0,1
0,0,0,-1,0,1,0,-0.753919,0,0,0,0,0,0,0,0,-0.606446,1,0,0,0,0,0,-1,0,0,0,0,-1,5,0,0,0.75642,4,0,0,0,0,0,0,1.1,0,0,-0.616456,0,0,0,0,0,0,0,0,-1,-1,-5,2,0,-1,0,1,0,0,0,1,0,1,1,0,-7,0,0,0,-1,-2,0,0,-1,1,0,0,-2,1,0,0,0,0,0,-0.587484,-1,0,-0.597795,0,-1,0,0,0,-1,0,0,0,0,0,1
0,0,0,0,0,0,0,-0.391301,0,0,0,0,0,0,0,2,-0.762064,0,0,1,1,-1,-1,0,0,1,0,0,3,0,1,0,1.80696,4,2,-1,0,0,0,0,3.822194,0,0,0.600948,1,0,0,0,-2,0,1,0,1,0,0,-2,0,1,0,-1,0,0,1,0,0,0,0,0,0,0,0,0,0,0,0,0,0,0,0,1,0,0,0,0,0,0,2,-0.631229,0,0,0.487956,2,0,0,1,1,0,0,0,0,3,1,1
0,-1,2,0,0,0,1,-0.614935,0,0,0,0,0,0,2,0,-0.307928,0,-1,0,1,0,0,0,0,0,0,0,0,0,1,0,1.57143,4,0,0,0,0,0,0,1.30909,0,0,-0.602981,1,0,1,0,0,0,0,0,1,0,0,1,0,0,0,3,1,1,0,1,1,3,1,-1,0,0,0,-1,0,0,0,0,0,2,0,1,0,0,0,0,0,0,0,-0.666986,0,0,-0.392221,0,0,0,0,1,0,0,0,0,0,1,1
0,0,0,0,0,-1,0,-0.468414,0,0,1,0,0,-1,0,1,-0.281685,0,0,1,1,0,0,0,-1,0,1,0,-1,2,-2,1,1.65875,2,0,0,1,0,0,0,1.410719,1,0,-0.78615,0,0,2,0,0,0,0,0,0,0,0,1,2,-5,0,0,0,1,0,0,0,0,0,0,1,0,0,0,-4,0,0,0,1,0,0,1,2,0,0,1,0,1,0,-0.796527,0,1,-0.532344,0,0,2,0,0,-1,-1,0,0,0,1,1
0,0,0,-1,0,3,0,0.338028,0,0,0,1,0,0,0,0,-0.775534,0,0,2,0,0,0,0,0,0,0,0,0,0,1,-1,1.21458,0,0,0,1,1,0,0,0.19333,0,0,-0.86553,0,0,0,0,1,0,0,0,0,0,0,0,1,0,0,0,0,0,0,0,2,0,0,0,0,0,0,0,1,-1,0,0,0,0,0,0,0,0,0,1,0,1,-1,-0.634683,0,0,-0.702564,0,0,2,0,1,0,0,0,1,-2,0,1
0,0,0,0,0,0,0,-0.705227,0,-2,0,1,-1,0,0,0,0.251389,-1,0,0,0,0,1,0,2,0,0,-1,0,0,1,0,1.99059,-22,0,0,1,1,0,0,0.649821,0,0,-0.745732,0,0,0,0,1,0,0,0,0,0,0,0,0,-1,0,0,-2,0,0,1,0,-2,0,0,0,1,1,0,0,0,0,0,0,0,0,1,0,1,0,1,0,1,0,-0.504664,0,-1,-0.872128,0,0,0,0,1,0,-2,0,1,0,0,1
1,0,0,0,0,0,0,-0.69864,0,0,0,1,0,-1,1,0,-0.624194,0,1,-1,0,1,1,0,0,0,0,0,0,0,0,0,1.50478,1,0,1,0,0,0,0,0.24734,0,1,-0.839337,0,-2,0,0,0,0,0,0,0,0,0,0,-2,0,-1,1,0,0,0,0,0,0,0,0,-3,0,1,0,1,0,0,0,0,0,0,-1,1,1,0,0,0,0,0,-0.196412,0,0,-0.642846,0,0,0,0,1,1,0,0,0,0,0,1
0,-1,0,2,0,0,0,-0.712263,0,0,0,0,0,0,1,0,-0.115852,0,0,2,2,0,1,1,0,0,1,0,0,1,0,-2,0.80461,2,0,0,0,2,0,1,0.706312,1,0,-0.631076,1,0,0,0,1,-1,-1,0,0,0,-1,0,0,0,0,-1,0,0,-2,0,0,0,0,0,0,0,-1,-2,0,0,0,0,0,0,0,1,0,0,0,0,0,0,0,-0.443629,-1,0,0.018993,0,0,0,0,0,0,-2,0,0,0,0,1
0,0,0,0,0,2,0,-0.721341,0,0,0,0,0,1,-1,-1,-0.423931,0,0,0,3,0,-2,0,0,0,0,2,0,2,1,0,2.00484,1,0,0,0,0,0,0,1.407785,0,0,-0.612903,0,0,0,0,0,0,0,0,0,-1,0,0,0,0,0,0,-1,0,1,2,0,0,0,0,0,0,1,-2,0,3,3,0,0,0,0,0,0,1,0,0,1,0,-2,-0.008473,1,0,-0.605569,0,0,0,0,0,0,-1,0,0,0,0,1
0,0,0,0,0,-1,1,-0.466052,0,0,0,0,0,0,1,0,-0.460041,2,0,5,0,0,0,1,0,0,0,2,0,1,0,0,0.84717,3,0,-1,1,0,0,0,1.117075,0,-1,-0.619377,1,0,0,0,1,0,0,0,0,0,0,0,0,0,0,0,-1,1,0,0,2,0,0,0,0,0,-1,0,0,0,0,0,2,0,0,0,0,0,0,0,0,0,0,-0.478261,1,0,-0.501349,2,0,3,0,0,1,0,0,1,0,0,1
0,-2,0,1,0,0,0,-0.623755,0,0,3,0,0,1,0,1,9.05882,0,1,0,1,0,0,0,0,0,0,0,0,0,-1,0,1.66069,7,1,1,1,0,0,1,1.942554,1,0,-0.793073,0,0,0,1,0,0,0,-1,0,0,2,0,0,0,0,0,0,-2,0,0,1,0,2,1,0,0,0,1,-2,0,0,-1,0,0,0,1,0,1,0,0,0,1,0,-0.423852,0,0,-0.712085,0,0,0,1,0,0,1,1,0,0,0,1
0,0,0,1,-1,0,0,-0.628997,0,1,0,-1,1,1,0,-1,9.05882,-1,-1,0,1,0,1,1,0,0,0,2,-1,0,0,0,1.19842,10,1,1,1,0,0,0,1.222411,1,2,-0.753915,1,2,0,1,0,0,0,1,0,0,-1,0,1,0,0,0,1,0,0,0,1,0,0,1,0,3,0,-2,0,0,0,0,0,0,0,0,0,0,0,0,0,1,0,-0.308472,0,0,-0.663856,0,0,0,1,0,0,1,1,0,1,0,1
0,0,0,0,0,0,0,-0.847138,0,0,1,-1,0,1,0,0,7.174297,0,0,0,1,0,1,1,0,0,0,1,1,0,-1,0,1.24399,1,1,0,1,0,0,0,1.460012,0,0,-0.732069,1,1,1,0,0,0,0,0,0,-1,0,1,0,0,3,1,0,0,1,0,-1,0,0,0,2,0,1,0,2,1,1,0,-2,0,2,-2,0,-1,0,0,0,1,0,-0.510411,0,0,-0.718166,0,0,0,0,0,0,0,2,1,1,0,1
0,2,0,-1,0,0,0,-0.712132,0,0,0,0,0,0,0,1,-0.60494,0,0,0,2,0,1,0,0,0,0,0,0,-2,-3,0,0.86841,1,0,0,1,1,1,-1,0.255319,0,0,-0.236978,-2,0,0,0,0,0,1,0,-2,0,1,0,0,0,0,0,0,0,0,0,1,0,0,0,0,0,0,-2,1,3,0,0,1,-1,0,1,0,0,0,3,0,0,3,-0.850652,0,0,-0.5538,0,0,0,1,0,0,0,0,0,0,0,1
0,0,0,0,2,1,0,-0.658603,0,0,1,0,0,-1,-4,0,-0.315748,0,0,0,-1,0,-2,-2,0,2,-1,0,1,0,0,0,2.6199,4,0,0,0,1,0,0,3.832578,-1,0,-0.744681,0,0,0,0,0,0,1,0,0,1,0,0,-5,0,0,-1,0,0,0,0,-2,0,-1,0,-1,0,0,1,1,0,0,0,0,0,1,0,0,0,0,1,0,0,0,-0.483314,0,0,-0.728307,0,0,0,0,0,0,1,0,1,0,0,1
0,2,0,-1,1,1,0,-0.712416,0,0,0,1,0,0,0,0,0.255338,0,0,1,0,0,0,0,0,0,0,-1,-1,0,0,1,1.07621,-47,0,0,2,1,1,0,0.225211,-2,0,-0.744947,0,0,0,0,0,0,0,0,0,1,0,0,0,0,0,0,0,0,0,0,0,1,1,0,-1,-2,0,2,0,0,-1,0,0,0,-1,0,0,0,0,0,0,1,-1,0.529098,0,0,-0.754134,0,0,-2,0,-2,-1,0,2,0,0,0,1
0,0,-3,1,0,-1,1,-0.490929,0,0,0,0,0,0,0,0,-0.727273,0,0,0,-1,0,0,0,0,0,0,0,2,2,0,0,1.65714,8,-1,0,0,0,0,2,0.939524,0,0,-0.846932,0,0,0,0,0,0,0,1,0,-3,0,1,1,0,0,0,0,0,0,1,0,1,0,-2,0,0,4,0,3,0,0,-2,0,0,0,1,0,0,0,-1,0,0,0,-0.727893,0,0,-0.449711,0,0,3,0,0,0,0,0,-1,-1,0,1
0,0,1,0,0,3,0,-0.664651,2,0,-1,0,0,0,-2,0,-0.727273,0,0,1,1,0,0,0,0,0,0,-1,0,0,0,0,1.85197,9,0,0,0,0,0,0,0.544759,2,0,-0.716017,0,2,0,0,0,0,0,0,0,-3,0,1,1,1,2,2,0,0,0,1,1,1,0,2,-2,1,0,0,0,-1,0,0,1,0,0,1,1,0,0,0,0,0,0,-0.472183,0,0,-0.742337,0,0,0,1,-1,0,0,0,0,2,0,1
0,0,0,0,0,-1,0,-0.229664,0,0,-2,0,0,0,2,0,-0.844982,0,0,0,0,-1,0,0,0,1,0,-2,0,0,-1,0,2.10068,6,0,-2,0,0,0,0,0.448276,0,2,-0.51973,0,1,0,1,1,0,-1,2,0,0,0,0,0,0,0,0,0,0,0,1,1,0,0,0,0,0,0,0,1,0,0,0,0,1,0,1,0,0,0,-6,0,0,2,-0.803795,0,0,-0.649354,0,0,0,0,-1,-3,0,0,0,1,0,1
0,0,0,0,0,-1,0,-0.36807,-1,0,0,0,0,0,1,0,-0.135223,0,0,0,0,0,0,0,0,-2,0,0,0,0,0,0,0.7121,2,-1,0,-1,0,1,0,1.537071,0,1,-0.601637,0,0,0,0,-1,0,1,0,0,0,0,0,0,0,2,0,0,0,-1,0,0,1,1,0,0,1,1,0,1,0,0,0,0,0,0,0,-1,-3,1,0,0,0,0,-0.599285,0,0,-0.534583,0,0,0,0,-1,-2,0,2,0,0,0,1
0,3,0,0,0,0,0,-0.785714,0,0,0,-1,0,-1,-2,0,-0.697583,0,1,0,1,0,1,1,0,-1,0,0,0,2,0,-1,1.47603,2,0,0,-1,-1,0,0,1.72,0,0,-0.52,0,0,0,0,0,0,0,0,0,-1,0,0,0,-1,0,2,0,0,0,0,0,0,0,0,0,1,0,0,1,0,-3,2,0,0,0,1,0,1,0,0,0,-2,0,-0.594161,0,0,-0.547557,0,0,1,0,1,-1,1,1,1,0,0,1
0,0,2,0,1,0,0,-0.824121,0,0,0,0,2,0,0,0,-0.625,0,0,0,1,0,0,0,0,0,0,-1,0,0,0,0,0.51995,0,0,0,0,0,0,0,1.102926,0,0,-0.52,2,0,0,0,-1,1,0,0,0,0,0,0,0,-2,0,0,0,0,0,0,-2,0,0,0,-1,1,0,1,1,0,0,0,0,0,0,0,0,0,0,0,0,0,0,-0.597982,0,0,-0.839371,0,0,0,0,0,0,0,1,0,-1,0,1
1,0,0,-1,0,-3,-3,-0.478514,0,1,0,0,0,1,0,0,-0.629236,0,0,0,0,0,0,0,-1,1,0,0,-1,0,-2,0,0.44015,10,0,0,1,1,0,0,0.883918,0,1,-0.520873,-3,0,0,-1,0,0,0,0,1,0,0,2,-1,0,1,0,0,0,0,1,1,1,1,0,-1,0,0,-2,1,1,-1,0,0,0,0,0,0,0,0,0,0,0,0,-0.64087,0,1,0.475328,0,0,0,0,0,-1,1,0,-2,0,0,1
1,0,-1,4,0,-1,0,-0.790555,0,1,0,0,-2,0,0,-1,0.020716,0,0,0,0,0,0,0,0,0,0,2,1,0,0,0,0.6,6,-1,0,1,0,0,0,1.233905,2,0,-0.738097,0,0,0,0,-1,1,0,-1,0,0,1,0,0,0,0,0,0,0,0,1,1,1,0,0,-1,0,0,0,0,3,0,0,0,0,0,3,0,-1,0,-1,0,0,0,-0.784077,0,1,-0.833356,0,0,0,-1,-1,0,1,1,0,0,0,1
0,0,-1,-1,0,0,0,-0.077186,0,1,0,0,2,0,-3,2,-0.330296,0,0,0,0,0,0,0,0,0,0,0,0,0,1,0,2.93962,0,0,0,0,1,1,0,0.892838,2,0,2.505971,0,1,0,0,0,0,-1,0,1,0,0,3,0,1,0,-3,0,0,0,1,0,0,0,0,0,0,1,0,0,-1,0,0,0,0,0,-1,1,0,0,0,1,0,0,-0.707346,0,1,-0.7,0,0,2,-1,0,0,0,0,-2,0,0,1
0,0,0,1,-1,0,0,-0.769231,0,0,1,0,0,0,-4,-1,-0.600662,0,0,0,3,0,0,0,0,1,0,0,0,0,0,0,1.00413,0,0,0,0,-2,2,0,1.720283,1,-1,-0.643296,-1,0,1,-1,0,0,0,0,0,3,0,2,0,0,0,0,1,0,0,0,0,0,0,2,0,1,1,0,0,-2,2,0,-1,0,1,2,0,0,0,0,0,0,0,-0.584192,0,0,-0.651306,2,0,0,2,0,0,-1,3,1,1,1,1
0,0,0,1,2,0,-1,-0.50459,0,0,0,0,2,0,0,0,0.066785,0,0,0,1,1,0,-1,0,0,0,0,3,0,1,0,1.00704,7,0,0,0,0,1,0,1.77369,0,0,-0.64731,3,0,0,-1,2,-1,0,0,0,0,2,1,0,-1,-1,0,0,0,0,0,0,1,0,-1,0,0,0,0,-2,0,-1,0,0,0,0,-1,0,0,0,0,0,0,-1,-0.920869,0,0,-0.576922,0,0,0,0,0,0,0,0,0,0,1,1
0,0,0,0,0,0,0,-0.767183,1,0,0,0,-1,0,0,0,3.856892,0,0,-1,0,0,0,-1,1,0,0,0,0,0,1,0,1.0858,4,0,-1,0,0,1,0,1.178671,0,0,-0.557262,0,0,0,0,0,0,0,0,0,0,0,0,0,0,-1,0,1,0,0,-2,4,3,0,0,0,1,0,0,0,0,0,0,0,0,2,0,0,2,1,-1,0,0,0,-0.74782,-1,0,-0.55409,2,0,0,0,0,0,0,1,0,0,1,1
-1,0,0,0,0,0,0,-0.661728,0,0,1,-1,0,0,0,0,-0.676825,0,0,1,1,0,0,0,1,1,0,0,0,0,0,0,1.07281,3,0,0,0,0,2,0,0.796049,0,0,-0.737375,-1,0,0,0,0,0,0,0,0,-1,0,3,0,0,0,5,0,2,0,1,0,0,1,6,0,0,-1,0,1,0,0,0,0,0,0,0,0,1,0,0,0,2,1,0.105091,0,0,-0.742585,0,0,0,0,0,1,0,1,1,0,1,1
0,-1,0,0,0,-2,0,-0.381362,0,0,0,2,0,0,0,0,-0.638602,0,0,1,0,0,0,-1,1,0,0,0,0,2,0,2,0.97182,7,0,1,0,0,0,1,1.305467,0,0,-0.657331,0,0,2,0,0,0,1,0,0,0,2,1,-1,0,0,0,0,0,0,0,1,0,1,-1,3,0,0,0,0,0,0,0,0,0,0,0,0,0,0,0,0,1,0,-0.332678,0,0,-0.868991,0,0,-1,-1,0,1,0,1,-1,0,1,1
0,2,1,0,1,0,0,-0.571429,0,0,1,0,0,-2,1,0,-0.636949,0,0,0,0,0,-1,0,0,0,-2,-1,0,0,1,3,0.71876,1,0,0,1,0,0,0,0.939394,0,0,-0.587923,0,0,0,-1,1,0,0,0,0,0,0,0,0,0,1,0,0,2,0,2,0,0,0,0,0,0,0,0,-1,0,0,0,0,0,0,0,0,-1,0,1,0,0,0,0.139235,0,0,-0.72093,0,0,0,1,0,0,3,1,0,0,1,1
-1,-1,0,0,0,1,1,-0.84911,0,0,0,0,-1,-1,0,0,-0.670641,-1,0,0,0,-1,-1,0,0,0,0,2,-1,0,1,0,1.5877,0,0,-1,0,0,0,0,0.301689,1,0,-0.643995,0,0,-1,0,0,-1,0,0,0,-1,1,2,0,1,0,0,0,0,0,0,0,0,0,0,-2,1,0,0,0,-1,0,0,1,0,0,-1,0,-1,0,4,0,1,1,-0.661453,0,1,-0.671509,0,0,0,-1,0,2,-1,0,0,0,1,1
1,0,1,1,0,2,0,-0.721038,0,0,0,0,0,0,0,0,-0.718721,0,0,1,0,0,-1,0,0,0,0,0,0,0,1,0,1.11001,7,0,0,0,0,0,0,0.477464,0,3,-0.570596,-1,0,-3,0,0,0,1,-1,0,0,0,0,1,0,-1,0,0,1,0,0,0,0,-1,0,0,0,0,0,0,-1,0,0,0,0,0,0,1,0,0,0,0,0,0,-0.193555,0,1,-0.462889,0,1,0,0,0,0,0,1,0,0,1,1
0,0,-1,1,0,0,-1,0.234235,0,0,0,0,0,-2,0,0,-0.72093,0,-1,1,1,1,0,0,0,0,0,3,0,2,0,0,1.92255,0,0,0,2,0,0,0,0.486486,1,0,1.831685,0,1,1,0,0,0,0,0,0,0,2,0,0,-2,1,0,0,0,0,0,1,0,0,0,1,0,0,0,2,0,0,-1,0,0,0,0,0,0,0,1,0,0,0,-0.731949,0,0,-0.323483,0,0,2,0,2,0,0,0,0,0,1,1
0,0,1,0,1,2,0,-0.694661,0,0,0,0,0,2,0,0,-0.8,-1,0,1,0,0,0,0,1,0,-1,0,0,0,2,-1,1.33507,1,0,0,0,0,-1,0,1.240229,2,0,-0.789811,1,0,0,0,0,-1,0,-1,0,0,1,0,1,0,2,0,0,-1,0,1,0,0,0,2,0,0,4,0,0,0,1,0,0,0,0,-1,1,0,0,0,0,0,-1,-0.73913,0,0,-0.707317,0,0,0,-2,0,0,-2,0,0,0,0,1
0,0,0,0,0,0,0,-0.072981,0,-2,-2,0,0,0,2,0,-0.783261,0,-1,0,0,1,0,0,1,0,0,-4,0,0,1,0,1.11769,19,0,0,0,0,1,-1,1.421745,0,0,-0.751172,0,-1,0,0,0,0,-3,0,2,0,1,0,-2,2,0,0,0,0,0,0,0,1,-1,0,0,0,0,0,3,1,0,-1,0,2,0,0,0,1,0,0,-1,0,0,-0.797219,0,0,-0.707317,1,0,0,0,0,0,0,-1,0,0,0,1
0,0,1,0,0,0,-2,-0.443177,1,0,0,0,0,0,0,0,1.039019,0,0,1,-1,0,0,0,0,-1,0,1,0,-1,0,0,1.39476,0,0,0,1,0,0,0,0.694444,0,1,-0.482523,0,0,0,0,0,0,0,-1,0,0,0,1,0,1,0,2,0,0,-3,0,0,0,-2,0,1,0,-2,0,0,-3,-2,0,0,1,1,0,0,1,-1,0,0,-3,0,-0.73913,1,0,-0.383944,0,0,0,0,-1,0,-3,1,0,0,0,1
0,0,0,1,0,3,0,-0.092309,0,0,0,0,0,0,0,0,-0.538341,1,0,0,-1,0,-1,0,0,0,0,0,0,0,1,0,0.44472,13,0,0,0,-1,0,0,1.475592,0,0,-0.75,1,0,0,0,0,0,0,0,0,0,0,0,0,0,0,-1,0,1,0,1,0,0,1,0,2,1,0,0,0,0,0,0,0,0,0,0,0,0,1,0,0,1,0,-0.685323,0,0,-0.767734,0,1,2,0,0,0,-1,0,0,0,0,1
0,0,0,1,0,0,1,-0.612903,0,0,0,0,0,0,0,0,-0.775213,1,0,-1,1,2,-4,0,0,0,0,0,0,0,1,1,1.28972,7,0,0,0,-1,0,0,0.578193,0,0,-0.772187,0,0,6,0,-1,0,0,0,0,0,1,-1,0,-1,4,-2,0,1,0,1,0,1,0,0,0,1,-2,-2,-2,0,0,0,2,0,1,0,0,1,1,0,0,0,0,-0.727273,0,1,-0.588393,0,0,2,-1,0,1,0,0,1,0,0,1
0,-1,0,0,0,0,1,-0.823144,0,0,0,0,0,0,0,0,0.053183,0,0,0,0,0,0,0,0,0,0,0,0,0,1,0,1.15229,0,0,2,0,1,0,0,0.873591,0,0,-0.717044,0,0,0,0,0,0,0,0,0,2,0,3,0,0,0,-1,1,1,0,1,0,1,0,0,0,1,0,0,-2,-1,0,0,0,2,0,0,-1,0,1,0,1,0,0,-0.09337,0,0,-0.701445,0,0,0,0,0,0,0,0,1,0,0,1
1,0,2,1,0,0,0,-0.7,0,0,0,1,0,0,0,0,-0.681063,-1,0,0,0,1,0,0,0,0,0,3,0,0,3,0,1.05558,2,0,0,0,1,-2,0,0.441918,0,0,-0.679474,0,0,-1,0,1,0,0,0,0,0,0,0,0,0,-1,2,0,0,0,0,-1,2,1,0,2,0,-1,1,0,0,4,0,0,1,0,1,0,-1,0,1,0,1,0,-0.312175,0,0,0.486853,-1,0,0,0,0,1,1,-1,-1,0,1,1
0,0,0,0,0,0,-1,-0.746588,-2,0,-4,1,1,0,2,0,-0.702526,0,0,0,0,0,-1,1,0,-3,0,0,0,5,0,0,1.09999,2,1,0,-2,1,0,0,0.837838,0,0,-0.665685,2,0,0,0,0,0,0,-3,-2,1,0,0,0,0,2,0,0,0,0,0,0,-1,1,0,0,0,0,0,0,0,0,0,0,0,0,0,1,0,0,0,1,1,0,0.224445,1,0,3.474994,0,0,-1,0,0,0,0,0,-1,3,1,1
0,0,0,0,0,0,-1,-0.630534,0,0,0,1,0,0,0,0,-0.651919,0,0,0,-1,0,0,-2,0,0,0,0,0,0,1,0,1.07941,4,0,0,-3,1,0,0,0.837838,0,0,-0.645525,0,0,0,0,0,0,0,0,0,-1,1,0,0,1,2,0,0,0,0,5,1,-1,1,0,0,0,0,0,0,0,0,0,0,1,0,0,0,0,0,0,-1,1,0,4.402458,0,0,4.992664,0,0,0,0,1,0,0,0,0,0,1,1
0,0,0,1,-1,0,0,-0.730552,-1,0,0,0,0,0,2,0,-0.846191,0,0,-1,0,0,0,0,1,0,0,1,0,1,-2,0,1.19544,1,0,0,1,2,0,0,0.272099,0,2,-0.651399,0,1,0,0,0,0,0,0,0,0,0,2,0,0,-1,0,0,0,0,1,0,0,1,0,0,0,0,0,2,-2,2,0,0,0,0,0,0,0,0,0,0,0,0,-0.545733,0,0,-0.112041,1,0,0,0,1,0,0,0,0,0,0,1
0,0,0,0,0,3,0,-0.727836,0,0,0,-1,2,0,0,0,-0.611838,0,0,-1,0,0,0,0,1,0,1,0,0,0,0,0,0.95537,0,0,0,2,1,0,0,0.269231,0,0,2.31046,0,0,0,0,1,1,0,0,0,2,1,1,0,0,0,-2,0,0,0,1,0,0,0,0,-3,1,0,0,0,0,0,0,0,0,0,0,0,0,0,0,0,-2,0,-0.539705,0,0,-0.555556,0,0,0,0,1,0,0,1,-1,1,0,1
0,0,0,0,0,0,0,-0.30884,0,0,0,0,0,-1,0,2,-0.714286,0,0,0,0,0,0,-1,0,0,0,0,1,0,0,0,0.84343,4,0,0,0,0,0,0,0.259202,-2,0,-0.577498,0,1,0,0,0,1,1,0,0,-2,0,2,0,0,0,0,0,0,0,0,1,0,-1,0,-3,1,0,0,0,0,0,0,0,0,0,0,0,0,0,0,0,1,0,-0.551186,0,0,-0.374446,0,0,0,0,0,0,0,0,0,0,0,1
0,0,0,-1,0,-1,0,-0.487894,-1,0,-1,0,0,-1,0,2,-0.807784,-1,2,0,2,0,0,0,0,0,0,0,-1,-1,0,0,2.25859,0,0,0,1,0,0,-1,0.233333,-1,0,1.819023,0,0,1,0,0,0,0,0,-1,0,1,0,0,0,2,0,0,0,0,0,0,0,0,-2,0,-1,0,1,1,1,0,0,-1,0,0,0,0,0,0,0,0,0,0,-0.70294,0,0,-0.764322,-1,0,1,0,0,0,0,0,0,1,0,1
0,-1,-1,0,0,0,-1,-0.738858,0,0,0,0,0,0,0,0,-0.671261,0,0,0,0,0,0,-1,0,0,0,0,1,0,1,0,0.96723,8,0,0,0,-2,2,0,0.233333,0,0,-0.620438,1,0,0,0,-1,0,0,0,0,0,1,0,0,0,1,0,0,0,2,1,0,0,0,2,0,0,1,0,0,0,1,0,1,0,0,0,-1,0,0,0,0,0,2,-0.651659,0,0,-0.468381,0,0,0,0,0,4,0,0,1,0,0,1
0,0,0,0,0,0,0,-0.684211,-2,1,0,0,0,0,0,0,-0.388738,0,0,0,0,0,0,0,-1,0,0,1,0,-1,0,0,0.53496,1,0,0,2,0,0,0,0.985163,0,0,-0.7816,0,0,0,0,-1,0,0,0,0,0,1,0,-2,1,0,0,1,-1,-1,0,0,0,0,0,0,0,-1,1,0,-1,0,1,0,0,1,0,0,0,1,0,0,0,0,-0.703184,0,-1,-0.192369,1,0,2,0,-1,1,1,-2,0,1,0,1
0,0,2,1,-1,2,0,-0.633401,0,0,0,0,0,-1,0,0,-0.785784,-2,-1,0,0,0,2,0,1,0,1,0,0,0,0,0,1.94286,5,0,0,1,0,1,0,0.661765,0,0,-0.823529,0,-1,0,2,0,0,0,0,0,-1,1,0,2,0,1,0,0,0,0,2,0,0,0,0,0,0,0,0,1,0,3,0,0,1,0,0,0,0,0,0,0,0,0,-0.73744,2,0,-0.731854,2,0,0,-1,1,3,0,0,0,0,1,1
0,0,0,0,0,1,-1,0.807719,0,0,0,0,-1,2,0,0,-0.76,0,0,0,0,0,0,0,0,0,0,-1,0,-3,0,0,1.94286,12,1,0,0,0,0,0,0.661765,0,0,-0.823529,-2,0,0,2,1,0,0,-2,0,0,0,1,0,0,0,0,0,0,0,1,0,0,-1,0,0,0,0,0,0,2,0,0,0,0,0,0,0,0,0,0,0,1,0,-0.381727,0,0,-0.662012,3,0,0,0,0,0,0,1,1,0,1,1
0,0,0,4,0,0,-1,-0.697873,0,0,1,0,0,0,0,0,-0.76,-1,0,0,0,0,0,0,0,0,0,2,3,0,-1,0,1.94286,8,1,-1,0,0,0,0,1.842655,0,0,-0.823529,0,0,1,0,1,0,1,0,0,0,0,0,2,0,-1,0,1,0,0,0,0,0,0,0,0,0,1,0,0,0,0,0,0,0,0,2,0,0,0,0,0,0,-2,-0.467004,2,0,-0.707987,0,1,0,-3,0,0,2,0,0,6,1,1
0,0,2,0,0,2,0,-0.793248,0,0,2,1,0,0,3,0,-0.192321,0,0,0,0,-1,0,1,0,0,0,0,0,0,0,0,0.57862,5,0,0,0,2,1,0,1.430295,0,0,-0.811727,0,0,2,0,0,1,0,0,0,2,0,0,0,-2,0,0,0,0,0,0,0,0,0,0,2,1,0,0,0,0,0,0,0,0,-1,0,1,2,0,1,0,-1,-1,-0.26897,0,0,-0.652002,2,0,0,0,1,1,1,-4,0,1,0,1
0,0,0,2,0,0,0,-0.79835,0,0,2,0,0,0,0,0,-0.431088,0,0,2,-1,0,1,0,0,0,-1,0,2,0,0,0,1.25786,5,0,0,0,1,1,0,1.230054,0,0,-0.690061,0,0,0,-4,1,0,0,-2,0,0,0,0,1,0,0,0,0,-2,0,0,0,1,0,0,2,0,-1,0,0,0,0,1,0,0,0,1,0,0,0,0,0,0,0,-0.37084,0,0,-0.699435,4,0,-4,0,1,1,0,0,0,1,0,1
0,0,0,0,0,0,0,0.502035,1,-1,0,1,0,0,0,0,0.045253,1,0,1,0,0,2,1,0,0,0,0,0,0,0,0,1.02857,1,0,0,0,-2,0,0,0.76803,0,1,-0.666667,0,0,-1,1,-1,0,0,0,0,0,0,0,0,-1,3,0,0,0,4,0,-1,0,0,-3,0,0,0,0,0,-1,0,1,0,0,0,0,0,0,0,0,0,0,0,-0.483863,1,0,-0.485147,0,0,0,0,0,-1,0,0,0,0,0,1
0,0,0,0,0,0,0,-0.220843,0,0,2,0,0,0,0,0,-0.699244,0,0,0,-1,-1,1,-1,0,0,0,0,0,0,1,2,1.37815,5,0,-1,-1,0,1,0,2.749067,0,0,-0.727162,1,0,0,0,0,0,0,0,0,-2,0,0,0,0,0,1,0,0,0,0,0,1,3,0,0,0,0,0,2,0,0,0,0,2,0,0,1,0,1,1,0,0,0,-0.557137,0,0,-0.579527,0,0,0,0,1,0,0,0,0,1,1,1
0,2,0,1,0,0,0,-0.428571,1,1,0,0,-2,0,0,0,-0.549308,0,0,0,0,0,1,1,0,0,0,0,0,0,0,0,1.19688,9,0,0,-1,0,1,0,2.972631,0,0,-0.761881,1,-2,-1,0,0,0,0,0,-2,2,1,0,0,0,0,1,1,0,0,0,1,4,0,0,0,1,-1,0,0,1,0,1,0,6,0,0,1,0,0,0,0,-2,1,-0.830104,0,0,-0.586207,0,0,0,0,0,0,0,0,2,2,1,1
0,0,0,1,0,2,0,-0.428571,0,0,2,0,0,0,0,0,-0.638349,1,0,0,0,0,0,0,-1,0,0,0,0,3,1,1,1.62139,3,0,0,0,0,1,0,1.8,0,-1,-0.746378,0,0,0,0,0,1,0,0,1,0,0,0,0,0,-1,0,0,0,0,-1,0,1,2,-1,2,0,0,0,0,1,0,0,0,2,0,0,1,-3,0,0,0,-1,0,-0.542533,-2,0,-0.434584,-1,0,0,2,-1,0,0,0,0,1,1,1
0,0,2,0,0,2,0,-0.043611,0,0,0,0,0,0,0,-1,-0.893748,0,0,0,-1,0,0,0,1,1,0,0,3,2,0,0,0.99964,5,0,0,0,0,0,0,1.18182,0,0,-0.642777,0,0,1,-1,0,0,2,0,0,0,1,4,0,2,0,0,0,0,0,0,0,1,0,-1,0,0,0,-1,0,0,0,0,0,0,1,0,0,0,0,0,0,0,0,-0.719216,1,0,-0.436296,0,0,0,3,0,-1,0,0,0,1,1,1
0,0,0,0,0,0,1,-0.714691,0,-1,0,0,3,0,0,0,-0.430304,0,-1,0,2,0,0,0,1,0,1,0,0,0,1,-1,0.94286,4,2,0,0,0,1,0,1.074071,-2,0,-0.753342,-1,0,0,1,0,0,0,0,0,2,0,0,0,0,3,0,1,0,1,0,0,0,0,2,1,1,0,2,0,0,0,0,0,0,0,0,0,0,0,0,0,0,0,-0.824844,0,1,-0.609311,2,0,0,0,0,0,0,0,0,0,1,1
0,2,0,0,-1,4,1,-0.605476,0,0,0,0,0,0,0,-1,-0.714625,1,0,0,-1,0,0,-2,2,0,0,2,0,2,1,-1,0.94286,3,0,1,1,0,1,0,1.732399,0,2,-0.865096,0,0,1,0,0,1,0,0,0,0,0,0,0,1,0,0,0,0,0,-1,-1,0,-1,0,2,1,0,0,1,-1,0,1,0,0,0,0,0,-1,0,-1,0,1,0,-0.804067,0,0,-0.576104,0,0,0,0,-2,0,0,-1,0,1,1,1
0,0,0,1,0,-1,-1,-0.577917,0,0,0,0,-1,1,0,0,-0.367259,0,1,0,0,-1,0,0,0,0,1,0,0,0,0,0,1.49851,11,0,0,1,0,0,0,0.764389,0,1,-0.838113,0,0,0,2,0,0,0,0,0,1,0,0,0,0,-1,0,0,0,0,0,1,1,0,0,0,0,1,-1,-2,0,0,0,1,0,0,0,-1,0,0,0,0,0,0,0.375066,0,0,-0.745898,0,0,0,-1,0,-1,0,0,1,0,1,1
0,0,2,1,0,0,0,-0.621996,0,0,0,0,0,0,0,2,-0.602356,0,1,0,0,-1,0,0,0,0,1,0,0,0,1,0,1.37121,5,0,0,1,0,-1,0,0.858652,2,1,-0.839448,0,-1,0,0,0,0,0,0,1,0,0,-1,0,1,-1,0,0,0,0,1,0,0,0,0,0,0,0,1,0,5,2,0,0,-1,0,0,0,0,0,0,0,1,-1,0.211517,2,0,-0.681663,0,1,0,0,0,1,3,0,1,0,1,1
0,0,-2,0,0,1,0,-0.616993,1,0,-1,0,0,1,0,0,-0.370426,0,1,0,0,0,4,0,0,0,0,0,5,0,1,0,1.70066,3,0,0,0,0,0,0,1.469757,0,0,-0.79661,2,0,0,0,0,0,0,0,1,1,0,0,0,1,0,2,0,0,1,0,0,0,0,0,-1,0,0,0,0,0,0,0,-1,1,0,0,-4,0,0,-1,1,0,1,-0.333333,0,0,-0.707583,0,0,-3,0,0,0,0,0,1,0,1,1
0,0,0,0,-1,0,0,-0.849861,0,0,1,0,0,-1,-2,0,-0.830481,0,0,0,1,-1,0,1,1,0,-1,0,0,0,1,-1,1.22142,10,0,4,1,0,0,0,0.180455,0,0,-0.066656,0,0,0,0,-2,0,0,0,0,2,0,0,0,0,0,3,0,1,0,-1,2,1,0,0,0,0,2,0,1,0,0,0,0,0,0,0,0,1,0,0,0,0,1,-0.657143,0,0,-0.655853,0,0,0,0,0,0,1,1,1,0,1,1
0,0,0,0,-1,0,-2,-0.788131,0,0,1,0,0,-2,4,0,-0.595364,0,1,0,0,0,0,0,0,0,1,0,0,0,3,0,1.58518,4,0,0,1,0,0,0,3.367026,-1,-2,-0.715325,4,1,0,0,0,0,0,0,0,0,1,0,1,0,0,-3,1,0,0,0,1,0,0,0,0,0,0,0,0,-1,3,0,1,0,0,0,-1,0,0,-1,0,-2,0,-0.413343,1,0,-0.598083,0,0,0,0,0,0,-1,0,0,0,1,1
0,0,0,0,0,0,0,-0.72093,0,0,0,0,0,0,0,0,-0.819559,0,0,1,2,-1,0,-2,0,-1,0,0,2,0,5,0,1.93638,2,0,0,0,2,0,0,2.797915,0,-1,-0.434882,0,0,0,-1,0,-1,0,0,0,3,0,0,0,0,1,0,0,0,2,-3,1,0,0,0,2,0,1,0,2,0,0,0,0,0,0,0,0,1,0,0,0,0,0,-0.518129,0,0,-0.639973,0,0,0,0,0,1,1,-1,0,0,1,1
0,0,-3,0,0,0,0,-0.650441,0,2,0,1,0,0,2,1,-0.656573,-1,0,0,0,-2,0,0,0,2,1,0,0,3,1,1,1.32904,0,0,-1,0,0,-1,0,0.490177,1,1,0.212012,0,4,0,0,0,1,0,0,0,0,3,0,0,0,0,0,0,0,2,1,0,0,0,0,0,0,0,0,4,1,0,1,0,0,-1,0,0,0,0,0,0,0,-1,-0.81257,0,0,-0.684211,0,0,0,0,0,1,2,0,1,0,0,1
0,0,0,0,1,6,1,-0.647059,0,0,0,1,2,0,0,0,-0.753977,0,0,3,0,1,0,-1,0,0,0,-1,0,0,0,-1,1.08068,2,0,0,0,-1,0,0,1.128383,0,0,-0.667729,1,0,0,0,0,0,0,0,0,0,0,6,-2,0,0,0,0,2,-1,1,1,0,0,-3,0,0,0,0,0,0,2,1,2,3,1,0,-1,0,0,1,0,0,0,-0.805407,0,0,-0.684211,0,0,4,0,1,1,0,0,0,0,0,1
0,0,0,2,0,0,3,-0.513648,0,0,-2,0,-1,1,0,0,-0.495537,1,0,0,0,0,0,-5,-1,0,0,2,0,2,0,0,1.4241,2,0,2,0,0,0,0,1.073891,0,0,-0.70526,0,3,0,0,0,0,0,0,0,-1,0,0,0,0,0,0,0,0,0,1,1,0,0,1,0,-2,-1,2,0,0,0,0,0,0,0,0,0,0,0,1,0,0,0,-0.527325,0,1,-0.552525,0,0,-1,0,0,1,0,0,6,0,0,1
0,-1,-1,1,0,0,0,-0.816518,0,0,0,0,2,-1,0,0,-0.60719,0,0,0,1,0,0,-1,-2,1,0,0,0,2,0,-1,0.91429,6,0,0,1,1,1,0,1.887305,0,0,-0.530335,0,0,0,0,-1,0,0,0,0,0,1,0,0,1,0,1,0,0,0,0,0,1,-1,-2,0,0,-2,0,0,0,0,0,-2,0,0,0,0,0,0,1,0,0,0,-0.447826,0,1,-0.6,3,0,0,0,0,0,0,0,0,1,1,1
0,1,0,0,0,0,0,-0.773034,0,0,0,1,0,0,0,0,-0.678842,1,0,5,1,-1,2,0,0,1,0,0,0,2,0,0,0.78222,3,-1,0,3,1,0,0,1.251056,-2,1,-0.60805,-1,0,0,-2,0,-1,0,0,0,2,1,0,0,0,0,1,0,0,2,0,1,1,1,0,0,0,0,0,1,0,0,0,1,0,1,-2,0,1,0,-2,0,0,0,-0.5,0,1,-0.571481,0,0,0,0,-2,-1,0,0,0,0,1,1
0,0,4,0,0,0,0,-0.76,0,0,0,0,3,0,0,-1,-0.666667,0,0,0,1,0,0,0,0,0,1,0,-3,0,0,0,0.93477,4,0,0,0,1,0,0,1.84375,1,0,-0.607815,0,0,0,0,0,0,0,0,0,2,0,0,0,1,0,1,0,0,0,0,1,1,0,-1,0,1,0,0,1,0,0,0,-1,0,1,0,0,0,0,0,0,0,0,-0.277829,0,0,-0.745108,0,0,0,0,0,-1,0,0,1,1,1,1
0,3,0,0,0,0,0,-0.73185,0,0,0,0,-1,0,0,0,-0.565885,0,0,0,0,0,0,-2,0,0,0,0,-1,4,0,0,2.20854,5,0,0,1,1,-1,0,0.43505,0,0,-0.853518,0,0,0,1,0,0,0,0,-1,0,0,0,0,0,2,1,0,0,0,0,0,2,0,0,0,0,0,0,0,2,2,0,0,0,0,0,1,0,0,0,0,2,0,-0.67272,1,0,-0.80131,0,0,0,1,0,1,1,0,0,1,1,1
0,0,0,-2,0,2,1,-0.793103,0,0,0,0,0,0,0,0,-0.627199,0,1,0,0,-1,1,0,0,0,0,0,2,0,0,0,1.46623,2,0,0,0,2,0,0,0.716466,1,0,-0.763342,1,0,0,1,1,0,0,0,0,0,0,1,1,0,2,0,0,0,0,0,0,0,0,0,-2,-1,0,0,0,1,0,0,0,0,0,0,1,0,0,0,0,-1,0,-0.6649,0,0,-0.179989,0,0,2,0,-1,1,0,1,1,1,1,1
-2,-1,0,0,1,2,0,-0.665193,0,0,0,0,2,1,0,1,-0.636364,0,1,0,0,0,1,0,0,0,0,0,4,-1,0,0,1.73867,4,0,0,1,0,-1,0,0.53187,0,0,-0.784627,0,0,0,0,0,0,0,0,1,0,0,3,3,0,-1,0,0,0,0,0,0,2,0,0,-1,-1,1,0,0,0,0,-1,0,0,0,0,1,0,0,1,-1,2,0,-0.636364,0,0,-0.730831,1,0,0,-2,0,0,1,0,1,0,1,1
0,0,3,1,0,-1,0,-0.66097,0,0,0,0,0,0,-2,0,-0.783143,0,0,0,0,-2,0,0,1,0,0,0,-1,1,-2,0,1.62904,11,1,0,1,0,0,0,1.738779,0,0,-0.379292,1,0,0,0,0,0,0,0,1,0,0,0,0,0,0,0,0,0,1,0,0,-1,2,0,-1,0,0,0,-4,-1,0,0,0,0,0,0,0,0,0,0,0,0,0,-0.78982,0,0,-0.361965,1,0,0,0,0,1,1,2,0,0,0,1
0,0,0,1,0,0,0,-0.533236,1,0,0,0,1,-1,-1,1,1.523658,0,0,1,1,0,0,0,1,1,0,0,0,1,1,0,1.45929,1,0,0,1,-1,1,0,1.954145,0,-2,-0.641418,-1,0,0,0,0,0,-1,0,0,1,-1,0,0,0,0,-1,1,1,1,0,0,0,0,0,2,0,-2,0,0,0,0,0,0,1,0,0,0,0,0,0,0,0,0,-0.728362,0,0,-0.535795,0,0,0,0,1,0,-1,0,0,0,0,1
0,0,0,0,1,0,-1,-0.666697,0,0,0,0,-2,0,-1,3,-0.80877,0,0,0,0,-1,0,0,1,0,0,2,0,0,0,0,0.89835,6,0,0,0,0,-2,0,0.481875,1,0,-0.737282,0,2,-1,0,-1,1,0,1,1,0,2,0,0,0,0,2,0,0,0,0,-1,0,-1,2,1,0,1,0,1,0,0,0,-1,0,0,-1,0,0,0,-2,0,-1,0,-0.733333,0,0,-0.212506,2,0,0,0,0,0,-1,0,0,0,0,1
-1,0,0,1,0,1,0,-0.566913,1,0,0,0,2,0,-3,1,-0.800168,0,0,0,0,0,0,0,0,0,2,2,2,1,1,0,1.36386,1,0,0,3,2,1,0,0.844828,1,1,-0.811368,0,0,1,0,0,1,0,0,1,0,0,2,0,1,0,1,0,0,-3,0,1,0,0,0,1,1,0,0,0,0,0,0,0,2,0,-1,0,-1,1,1,0,0,0,-0.454545,0,0,-0.73913,1,0,2,0,0,0,0,0,3,0,1,1
0,0,0,1,0,-1,2,-0.538462,0,0,0,0,0,1,0,1,-0.665296,0,1,4,3,0,0,-1,-4,0,0,0,0,0,0,0,1.45394,5,0,0,1,1,1,1,0.883303,3,1,-0.358236,0,0,1,-2,0,1,1,0,0,0,0,0,0,0,0,1,1,0,0,3,0,0,-1,0,1,-1,0,0,0,0,-2,0,0,0,1,0,0,0,0,0,0,0,0,-0.440632,0,0,-0.878467,1,0,0,0,0,1,-1,1,-2,0,1,1
0,0,0,1,1,0,0,-0.5327,1,0,0,0,0,0,-1,0,-0.481972,0,1,0,1,0,0,0,0,-1,0,0,0,1,0,0,3.0396,1,0,0,1,2,0,1,1.725178,0,0,-0.898399,0,0,1,0,0,1,0,0,0,0,-1,1,4,1,0,0,0,-1,0,-2,0,0,0,0,0,0,0,0,1,2,0,0,0,-5,0,0,0,0,0,1,2,1,0,0.15401,2,0,-0.064747,0,1,0,0,0,1,0,-1,-1,0,1,1
0,0,0,0,0,-3,5,-0.478261,0,1,0,0,0,-1,0,0,-0.510343,0,1,-1,2,0,-1,-2,0,-1,0,-1,0,1,1,0,1.11437,0,0,3,0,0,0,0,0.496436,0,0,-0.527052,0,0,0,0,0,0,0,0,0,1,0,0,0,-1,0,0,0,0,0,-3,0,0,0,0,0,0,0,0,2,1,0,0,0,0,0,0,0,1,0,0,-2,0,0,-0.836996,0,0,-0.661861,0,0,0,0,0,0,0,1,3,0,0,1
1,0,1,-2,0,0,1,-0.553362,0,0,1,0,0,0,0,0,-0.597896,0,1,1,1,2,-2,0,-1,2,0,-2,-1,0,2,0,0.88571,3,0,0,1,0,0,0,0.225806,0,0,0.036796,1,0,0,0,0,0,0,0,0,-3,-2,0,-1,0,0,0,0,0,0,1,0,0,0,2,3,0,0,0,0,-1,0,0,3,0,0,0,0,1,1,0,0,0,0,-0.71734,0,-1,-0.684211,0,0,0,0,0,1,0,0,0,0,0,1
0,0,0,0,0,0,0,-0.498226,0,0,1,0,0,0,0,0,-0.597432,3,1,1,1,1,0,0,0,0,0,2,0,0,0,0,0.88571,1,0,1,0,0,2,0,0.225806,0,0,-0.591878,0,0,0,0,0,0,0,0,0,0,0,0,3,1,0,1,0,0,0,0,-1,1,0,0,0,0,0,0,-1,1,0,0,0,0,0,0,0,0,0,0,0,-1,0,-0.772327,0,0,-0.708018,-1,0,-3,0,0,0,0,0,1,1,0,1
0,0,3,-1,0,0,0,-0.791474,0,0,-1,0,0,0,0,1,-0.623857,0,-1,0,0,0,0,0,0,0,0,0,0,-3,1,0,0.78084,1,0,0,0,0,0,0,0.844444,4,2,-0.705463,0,0,0,3,0,0,1,0,1,0,1,0,1,0,-1,0,0,0,0,0,0,1,-1,0,0,0,1,0,1,0,0,0,-3,0,0,-1,0,0,0,0,0,1,0,-0.875225,0,0,-0.469891,0,0,0,0,0,1,0,0,0,2,1,1
0,0,0,0,0,1,-1,-0.781397,-1,0,0,-1,0,0,0,0,-0.591382,0,-1,0,0,0,1,2,-1,0,1,0,-1,0,6,0,1.82184,6,0,0,1,0,0,0,1.197456,0,1,-0.649212,1,0,-1,0,-1,0,0,0,0,0,1,0,0,0,0,1,0,0,-2,1,0,0,0,1,-2,0,2,0,0,0,0,0,-1,0,0,-1,0,2,0,0,0,0,0,-0.705929,0,0,-0.394533,0,0,-2,0,1,0,1,0,-2,0,1,1
0,-1,0,-2,0,0,-2,-0.625531,1,0,0,-1,0,0,-1,0,-0.585202,0,0,0,1,0,-1,0,0,0,-1,0,0,0,4,0,0.40885,5,0,0,0,-2,-1,0,0.7411,1,0,-0.661459,1,1,0,0,0,1,1,2,1,0,0,-1,2,0,1,1,0,0,0,1,0,0,0,0,0,1,-1,0,-2,0,4,0,0,2,0,0,0,0,0,0,0,0,1,-0.579713,0,0,-0.669411,3,0,0,0,1,1,1,0,0,2,1,1
0,-5,0,0,0,-1,0,-0.623257,0,0,-1,0,0,0,0,1,-0.55808,0,0,1,1,0,0,1,0,-1,1,0,0,0,0,0,1.16852,14,-2,0,-1,2,0,0,1.53943,1,0,-0.683952,0,-1,0,0,0,0,0,0,-1,-1,0,0,0,1,2,-1,0,0,0,0,1,1,0,0,0,1,1,0,0,0,0,0,0,0,0,1,0,0,0,-3,0,1,0,-0.762545,0,1,-0.017521,-2,0,0,0,0,1,-1,0,0,0,0,1
0,0,0,0,-1,0,0,-0.753365,0,0,0,0,0,0,0,1,-0.785714,0,1,0,0,0,0,0,0,-2,0,2,0,0,0,0,0.78103,6,0,0,0,2,0,0,1.454909,0,-1,-0.690564,-2,0,0,0,1,0,0,0,0,2,0,-2,0,0,4,0,0,0,0,0,1,1,3,0,0,1,3,0,1,2,0,0,0,0,0,0,0,0,0,0,0,0,0,-0.541889,0,0,-0.117947,0,-1,0,0,0,1,1,1,0,0,0,1
1,2,0,1,0,0,0,-0.489318,0,-1,0,0,0,0,0,0,-0.738437,0,0,1,1,0,0,0,0,0,0,0,0,0,0,0,1.12869,8,0,0,1,0,2,0,1.23684,0,0,-0.767657,0,1,0,-1,-1,0,0,0,1,0,0,0,0,1,0,0,0,0,0,0,1,0,0,0,0,1,1,0,0,2,0,0,-1,1,0,1,-1,0,0,0,0,1,0,-0.647059,0,0,1.616621,2,0,0,0,0,1,0,0,0,1,0,1
0,0,0,0,0,0,0,-0.634815,0,0,1,0,0,0,0,0,-0.686608,-1,0,1,0,0,0,0,0,0,0,0,2,0,0,0,2.02857,10,0,0,-1,1,1,-1,0.689665,0,0,-0.882358,0,0,0,-1,0,0,0,0,-1,-1,0,1,1,0,1,2,0,1,2,1,-2,0,0,0,0,0,0,0,2,0,0,0,0,0,0,0,0,0,0,0,0,0,0,-0.773585,0,0,-0.75,0,0,2,0,0,0,-1,-1,0,0,1,1
0,0,0,0,-1,3,0,-0.770454,0,0,2,0,0,1,2,1,-0.907274,1,0,2,1,0,0,0,0,0,0,0,0,0,0,0,1.90005,15,0,0,-1,1,1,0,0.658571,0,0,-0.837396,0,-1,1,0,0,0,0,-1,0,2,0,1,0,0,0,2,0,-1,0,1,0,0,0,0,0,0,0,0,0,2,2,0,0,0,0,0,0,0,1,0,0,0,0,-0.91492,0,2,-0.873896,0,0,0,0,0,0,0,1,0,-3,1,1
0,0,0,0,-1,0,0,-0.834294,0,0,0,0,-1,0,0,0,-0.713251,-1,0,1,0,0,-1,1,0,-3,0,0,0,0,0,0,1.06023,4,0,-1,0,1,1,0,0.527863,0,0,-0.718866,-2,0,0,0,0,0,0,0,0,0,3,1,0,1,2,0,0,0,-1,1,0,0,0,-1,3,0,0,0,0,-1,0,1,0,0,0,4,0,-1,0,0,0,0,0,-0.773585,3,0,-0.75,0,0,0,-1,0,0,0,0,0,0,1,1
0,-1,0,2,1,0,1,-0.806906,0,0,0,0,0,-2,0,0,-0.752582,0,0,0,0,2,0,0,0,0,0,0,-2,3,1,0,0.82857,2,0,0,0,0,0,1,1.798165,0,0,-0.620378,0,4,0,0,0,0,0,0,1,0,0,0,0,0,0,0,0,0,0,1,-1,0,0,0,0,0,-2,0,0,0,0,0,0,0,0,0,0,0,0,0,0,0,0,-0.754474,0,0,-0.301693,0,0,0,0,0,0,0,0,0,1,0,1
0,0,-1,0,0,1,0,-0.646878,0,0,-2,0,0,0,0,1,-0.689858,0,0,0,0,0,-1,0,0,0,0,0,3,0,-2,-1,0.82857,10,1,0,2,0,0,0,1.967987,3,0,-0.732123,0,0,0,0,2,0,0,0,1,-1,3,1,0,0,0,0,0,-1,0,1,3,0,-1,0,0,-1,0,0,0,0,0,0,0,0,0,-1,0,0,0,0,0,0,0,-0.737795,0,-2,-0.572575,3,0,0,0,0,1,0,0,0,1,0,1
0,0,1,0,0,0,1,-0.819148,0,0,0,-1,0,0,0,0,-0.715675,1,-1,0,0,1,0,0,0,0,0,0,2,0,0,1,0.81582,6,-1,0,0,0,0,0,2.321542,0,0,-0.79241,1,1,0,0,0,0,0,0,0,0,0,1,0,0,0,0,0,0,0,2,-1,0,-1,0,0,0,1,0,-1,2,0,0,0,2,0,-1,0,0,0,0,0,0,0,-0.659918,-1,0,0.529884,0,0,0,0,0,1,0,0,2,0,0,1
0,0,0,0,0,0,0,-0.629244,2,0,0,0,1,0,0,0,-0.645432,0,0,1,0,0,1,0,0,1,0,0,0,2,1,0,0.86793,2,0,-1,1,0,0,0,1.006479,0,-1,-0.675676,1,-1,0,0,0,0,1,1,0,0,0,0,3,0,0,2,-1,1,1,0,0,0,0,0,0,0,2,0,1,0,-1,-1,1,0,1,0,0,0,2,1,1,0,0,-0.75,1,0,-0.67193,0,-1,0,0,0,0,0,0,0,0,1,1
0,2,2,0,0,0,0,-0.622761,1,0,0,0,0,0,0,0,-0.716559,0,0,1,0,0,0,0,0,1,1,0,0,-1,1,0,1.05714,5,0,0,0,0,0,0,1.271959,0,0,-0.897528,0,0,3,0,0,0,1,0,0,0,1,0,2,0,0,0,0,1,1,-1,0,0,0,0,2,0,0,-1,1,0,2,0,0,0,0,0,0,0,-1,1,0,0,0,-0.75,-2,0,-0.467811,0,-1,0,-1,4,0,-1,0,0,3,1,1
0,0,0,0,0,0,0,-0.517243,0,0,-2,0,-3,0,0,0,-0.623871,0,1,0,0,-1,1,-1,0,0,0,0,2,7,1,0,0.89744,6,-1,0,-1,0,0,0,1.49805,0,0,-0.409775,0,0,0,0,0,0,1,0,0,-1,1,0,0,0,5,0,0,0,0,0,0,0,0,0,0,0,0,0,0,0,0,0,0,3,0,0,0,1,0,1,0,0,0,1.993858,0,-2,-0.828571,0,0,0,0,0,0,1,-1,0,-2,1,1
0,0,0,0,1,0,0,-0.738445,0,0,0,0,0,0,0,0,-0.76,0,1,0,1,0,0,0,0,0,0,0,0,0,-1,2,1.83907,2,0,0,3,0,0,2,2.716559,3,0,-0.744022,0,0,-1,0,-1,0,0,0,0,0,1,0,3,0,0,0,0,0,0,0,1,0,0,1,0,0,0,0,-1,0,0,-1,0,0,0,0,0,1,0,0,0,1,2,-0.691824,1,0,-0.432309,0,0,0,1,0,-1,0,0,2,0,0,1
1,0,0,0,0,0,0,-0.75932,0,0,0,1,0,0,0,0,-0.76,0,-1,0,0,0,0,0,0,0,-1,0,2,0,0,0,1.36004,1,0,0,0,0,1,1,0.90559,0,0,-0.773706,0,0,0,2,0,0,1,0,0,2,0,1,0,0,3,0,0,1,0,1,0,0,0,0,0,0,0,1,-3,0,0,1,0,0,0,0,0,1,0,0,0,1,1,-0.671252,0,0,-0.750907,-2,-1,0,0,0,0,0,0,0,0,0,1
0,0,1,0,0,1,0,-0.72093,0,0,0,0,0,0,0,0,-0.682189,0,0,0,1,0,0,0,0,0,0,0,0,-1,0,0,1.67089,8,0,0,-1,0,1,0,1.587741,0,1,-0.750078,2,0,1,0,0,0,1,0,0,1,-3,0,0,0,-1,0,0,0,0,0,0,2,2,1,0,-2,0,0,0,0,0,0,0,0,0,0,1,1,0,0,0,1,0,-0.609635,1,2,-0.764706,0,0,0,0,0,0,0,-1,0,4,0,1
0,0,-1,1,0,-1,-1,-0.638649,0,0,0,0,-2,0,0,0,-0.755728,0,-1,1,0,0,0,0,-1,0,0,-1,-1,0,0,0,1.49657,15,0,0,-3,0,0,0,1.641197,2,0,-0.557151,0,0,-1,0,-1,0,1,-1,0,-1,0,1,1,0,0,0,0,0,0,0,0,-1,0,0,-3,0,0,0,1,0,-1,0,0,1,0,0,0,0,0,0,0,-2,-1,-0.370046,0,1,-0.666667,0,0,0,0,0,0,0,0,1,0,0,1
0,0,0,0,2,1,0,-0.809524,0,0,0,0,0,0,1,1,-0.574633,0,0,0,0,0,1,0,0,0,0,0,0,0,0,0,0.41288,1,0,0,0,0,1,0,0.900361,0,0,-0.75911,1,0,0,0,-4,1,0,0,0,2,0,0,0,0,0,0,0,0,0,0,0,0,0,3,0,0,0,0,0,0,0,0,1,-1,1,0,0,0,-1,0,0,1,-1,-0.728631,0,0,-0.737046,-2,1,2,1,0,0,0,0,1,0,0,1
0,0,-1,1,0,-3,0,-0.809524,0,0,0,0,2,0,0,1,-0.684211,0,0,0,0,0,1,0,0,0,0,0,0,-1,0,0,1.62426,2,-2,0,0,1,0,2,1.049638,0,0,-0.570381,0,0,0,1,0,-1,0,0,0,-1,0,0,0,0,0,0,-2,0,1,0,-1,0,0,0,1,0,0,-1,2,0,0,1,0,0,1,0,0,0,0,0,0,-1,0,-0.733455,0,-2,-0.638885,0,0,0,0,0,0,0,0,0,0,0,1
0,0,0,0,1,1,0,-0.660711,0,0,0,0,0,0,0,0,-0.56519,0,0,0,0,0,-1,0,0,-1,0,0,0,-1,2,0,1.6864,5,0,0,0,1,0,0,1.151979,0,2,-0.795085,0,0,0,-1,0,0,0,1,0,2,2,-1,0,0,0,0,1,0,0,0,0,0,1,1,0,1,0,0,0,-3,0,0,2,0,0,1,0,0,0,0,0,1,0,-0.005249,0,0,0.717866,0,-3,0,0,-1,0,0,0,0,0,1,1
2,2,0,0,0,0,-1,-0.300989,0,0,0,0,-2,0,0,0,-0.002712,0,0,1,0,0,-1,0,1,0,0,0,0,0,0,0,1.53583,8,0,0,0,0,0,0,0.694256,0,1,-0.827628,-1,0,2,0,-1,0,0,0,0,0,-1,0,0,0,0,1,1,0,0,0,0,0,0,0,0,1,1,0,1,0,0,0,-2,0,0,1,0,1,0,0,0,0,0,-0.625,0,0,-0.325094,1,-2,0,0,1,1,0,0,0,0,1,1
0,-1,0,0,0,-1,1,-0.499319,0,1,0,0,2,-2,0,1,-0.52879,0,0,0,1,0,0,0,1,0,0,0,0,2,2,0,1.58442,4,0,0,0,1,0,0,0.677419,1,0,-0.808107,0,0,0,1,0,0,0,0,0,-2,0,0,0,0,0,0,1,0,0,0,0,1,1,0,0,0,0,0,0,0,0,0,0,3,0,0,0,0,0,-1,0,0,0,-0.618389,0,0,-0.454545,-2,0,0,0,0,1,1,1,-1,0,1,1
0,-3,0,1,1,2,0,-0.616988,-1,1,0,-2,0,0,0,0,-0.707317,0,0,0,0,0,0,0,0,1,0,0,0,0,1,-1,1.27453,7,0,0,0,0,-2,0,1.350463,0,0,-0.721587,1,2,0,0,0,0,0,0,0,-1,-2,0,0,0,0,0,0,1,-4,0,0,0,0,0,0,1,-1,0,-1,0,0,0,1,0,0,1,-1,2,1,0,0,3,-1,-0.857662,0,0,-0.677081,0,0,0,0,1,0,-1,1,0,0,1,1
0,0,0,1,1,-2,0,-0.85532,0,0,1,0,0,0,3,0,-0.803803,0,0,0,0,0,0,-4,0,0,0,0,0,6,0,0,2.4016,15,1,0,0,0,-1,1,1.110687,0,-1,-0.703691,0,0,0,0,0,0,0,-1,0,0,0,0,0,0,-1,1,0,1,0,0,0,0,0,-1,2,1,0,0,0,0,0,0,1,1,0,0,0,0,0,-1,0,0,1,-0.834512,1,0,-0.651715,0,-1,0,0,1,0,0,1,2,0,1,1
0,-1,0,0,1,0,0,-0.66262,-1,0,-1,1,0,1,0,1,-0.791964,1,-1,1,-1,0,0,0,0,1,0,3,1,0,0,0,2.76125,2,0,0,0,0,0,0,0.532812,0,0,-0.72093,-1,1,0,0,0,0,0,0,0,0,0,1,-2,0,0,-2,0,1,0,0,0,0,0,0,0,-1,0,0,0,0,0,0,0,0,-1,0,0,0,0,0,0,2,-1,-0.723428,0,-1,-0.711763,-3,0,0,0,0,0,0,1,1,-1,1,1
0,-1,3,1,0,0,0,-0.750269,0,0,0,1,0,0,0,0,-0.48402,0,0,0,0,0,0,0,0,0,0,0,0,0,1,1,1.69852,1,0,0,0,0,0,0,0.612769,-1,0,-0.769015,0,0,-1,0,0,-2,0,0,0,-1,0,0,0,0,1,0,-1,0,0,0,0,0,0,0,0,0,0,0,-6,1,0,0,0,0,0,0,0,0,0,1,1,0,0,-0.600852,0,0,-0.569141,0,0,0,0,0,0,0,0,1,-3,1,1
0,-1,0,0,0,0,0,-0.590624,0,0,0,0,1,0,0,0,-0.675448,0,0,1,0,0,0,-2,0,0,1,0,2,0,0,0,1.37143,1,0,0,1,0,1,0,0.869353,0,0,-0.795448,0,0,0,0,0,0,0,1,0,-1,0,0,0,0,-1,-1,0,0,0,0,1,1,0,0,1,0,0,-1,0,-1,4,0,0,5,3,0,0,0,0,0,0,0,0,0.73144,1,0,-0.720157,2,0,1,0,0,0,1,1,2,0,1,1
0,0,0,0,0,0,0,-0.849857,0,2,0,1,0,0,0,-1,-0.296253,0,0,1,0,0,0,0,0,0,0,0,0,2,2,1,1.67518,14,0,1,1,0,0,0,0.964151,-1,0,-0.903541,0,-1,0,1,0,1,0,0,0,0,1,0,0,0,0,0,0,0,1,0,0,1,0,-2,0,0,0,0,0,0,0,1,0,0,0,0,0,1,0,-3,0,0,0,-0.350012,0,0,-0.830291,0,0,0,-2,0,0,-2,1,0,0,1,1
0,0,0,0,0,0,0,-0.673778,0,0,0,1,0,-1,2,0,-0.681724,0,0,0,1,0,0,0,0,0,-1,0,0,0,0,-1,1.84112,4,0,0,0,0,0,0,1.212736,0,0,-0.625888,-1,0,0,0,0,0,0,0,0,0,1,1,0,0,1,0,0,0,0,-1,0,0,-1,0,2,-1,1,0,0,0,0,-1,0,0,0,0,0,0,0,0,0,0,0,-0.612903,0,0,-0.708518,2,0,0,0,0,0,0,0,1,-1,1,1
0,0,0,0,1,0,0,-0.643113,0,0,-1,1,1,0,3,0,-0.599414,0,0,0,0,0,0,0,0,0,0,0,0,3,0,1,1.07246,3,0,0,0,0,0,0,3.108785,0,1,-0.617352,0,0,0,-1,0,0,0,1,0,-1,0,1,0,0,2,-3,0,0,1,0,0,1,0,-1,0,1,0,0,0,0,0,0,0,5,0,0,0,0,1,1,0,0,1,-0.616162,0,0,-0.644761,0,0,0,-1,0,0,0,-1,0,1,1,1
0,0,0,-1,0,0,0,-0.657568,0,1,0,1,0,-1,0,0,-0.752518,-1,0,1,0,0,-1,0,0,0,0,0,0,0,0,0,1.98139,3,1,0,3,0,0,0,1.009249,0,0,-0.033669,0,-3,0,0,0,0,0,-1,0,0,1,0,0,0,0,0,0,0,0,-1,0,0,0,0,0,0,1,0,0,0,0,0,0,1,0,0,0,-2,0,1,0,0,0,-0.612903,0,0,-0.418939,2,0,0,1,0,0,0,0,1,2,1,1
0,0,0,1,0,2,1,-0.704699,0,0,0,0,0,0,0,1,-0.692308,0,0,1,0,0,0,0,1,0,0,0,-1,0,0,0,1.74938,4,0,0,0,0,0,0,2.51272,0,0,-0.739926,0,-1,0,0,0,-1,1,1,0,0,0,0,0,1,0,0,0,0,0,1,0,-2,-3,0,-1,0,0,1,0,5,2,0,0,0,0,0,3,0,0,0,0,1,0,-0.704328,-1,0,-0.640686,0,1,0,0,0,0,0,0,1,1,1,1
0,2,0,1,0,-1,0,-0.4826,0,0,0,0,0,0,2,-1,-0.652277,1,0,2,0,0,0,0,0,0,0,0,-1,0,0,0,1.4,1,0,0,0,2,-3,1,1.582879,-1,1,-0.861218,0,1,1,1,0,-1,1,-1,0,0,-1,0,2,0,-1,0,0,-1,0,0,0,0,0,0,-3,-2,1,0,1,0,0,0,0,0,0,2,3,0,0,0,0,1,0,-0.839462,0,0,-0.429483,0,1,0,3,0,0,0,0,0,0,1,1
0,0,0,0,0,0,0,-0.528107,0,0,0,0,0,0,2,1,-0.692308,0,0,0,0,0,0,0,0,0,0,0,0,0,0,0,0.82884,2,0,0,0,0,0,0,1.538705,0,-1,-0.695804,2,0,0,1,0,0,0,0,0,0,0,-1,0,0,0,0,0,0,0,0,0,0,0,0,0,0,1,-2,1,0,0,0,0,0,0,0,0,0,0,0,0,0,0,-0.673166,-1,1,-0.64972,2,0,2,0,0,-2,0,2,0,0,1,1
-1,-1,0,1,0,0,0,-0.66043,0,0,0,0,-1,0,0,0,-0.679537,0,0,1,0,0,0,0,0,0,0,0,2,0,3,0,1.12064,8,1,0,0,1,1,0,1.238986,0,0,-0.7348,0,1,1,0,0,0,0,0,3,0,0,0,1,-2,-1,-1,0,0,1,-1,1,0,0,0,1,0,0,0,1,-1,0,0,3,0,0,0,0,1,0,0,1,0,0,-0.823009,2,0,-0.595425,2,0,0,1,0,1,0,0,0,0,1,1
-1,-1,0,2,0,4,0,-0.846154,0,0,0,0,0,0,0,0,-0.692884,0,0,0,0,-1,0,0,0,0,0,3,0,-1,0,0,1.73187,3,0,0,0,1,0,-2,0.680187,0,0,-0.752294,0,0,0,0,0,0,0,1,0,0,0,0,0,0,-1,0,2,1,0,-2,0,0,0,0,-1,0,0,0,0,0,0,0,0,0,1,0,0,1,0,1,0,0,0,-0.714854,0,0,-0.548993,0,0,3,0,0,0,0,0,0,-1,1,1
0,1,0,1,0,-1,0,-0.874859,-1,0,0,0,0,0,0,0,-0.637281,0,0,0,0,-1,0,0,0,1,0,0,0,2,-2,-1,1.75062,1,0,-1,1,0,1,0,0.854885,0,0,-0.685558,-1,3,0,0,1,0,0,0,0,1,0,0,0,-1,1,-1,0,1,0,1,-2,0,0,-1,0,0,-1,1,0,0,0,1,0,0,1,0,-3,0,0,1,0,-1,1,-0.769231,0,0,-0.791457,0,-1,0,0,0,0,0,0,0,0,1,1
0,-2,0,2,0,0,0,-0.706195,0,0,0,0,-1,1,0,0,-0.555992,0,0,0,0,0,-1,1,-2,1,0,0,0,0,-1,0,0.73944,8,0,0,-1,0,1,0,2.573596,3,0,-0.438375,0,0,0,0,0,1,0,0,0,0,0,0,0,1,-1,0,0,0,0,3,0,0,0,0,0,0,0,0,2,-1,2,0,0,0,0,-1,0,0,0,-1,0,0,0,-12.590874,0,0,1.28552,2,1,0,0,-1,4,0,0,0,0,0,1
0,0,0,1,0,0,0,-0.279583,1,0,0,0,0,0,0,0,-0.377424,0,0,0,0,0,0,2,0,0,1,1,3,-3,0,0,0.74482,14,-1,0,0,0,0,0,0.398442,0,0,-0.531825,0,0,0,-1,0,0,0,0,1,1,1,1,0,0,0,1,1,0,0,1,0,2,1,2,0,0,0,0,1,0,1,0,-2,0,0,1,0,1,0,0,0,-1,0,-0.683468,0,0,-0.627248,-1,0,0,0,-1,0,0,0,0,0,0,1
1,0,0,0,0,0,0,-0.707317,0,0,0,0,0,-1,-2,0,-0.526269,0,0,0,0,0,0,0,2,1,0,1,0,-1,0,-1,0.93389,3,0,0,0,0,0,0,0.205882,-2,0,-0.790741,0,0,0,0,0,0,0,0,0,0,-1,0,0,0,1,0,1,0,0,2,2,0,0,0,0,2,0,0,1,0,-1,-1,0,0,0,0,0,1,0,-1,0,0,0,-0.307708,0,0,-0.830951,0,1,0,0,0,1,-1,1,-1,-1,0,1
0,0,-1,0,0,0,0,-0.577169,-2,0,0,0,1,0,1,0,-0.432441,0,1,0,0,1,1,0,-1,-1,2,0,0,0,4,0,1.11691,6,0,-1,0,0,0,0,0.521739,-1,0,-0.696873,0,0,0,1,0,0,0,0,0,0,0,0,0,1,-2,0,0,0,1,0,0,1,0,-1,0,-1,2,0,1,0,-6,1,0,0,0,0,0,0,-1,1,0,2,0,-0.66781,0,-1,-0.473798,0,0,0,0,0,1,0,0,-2,1,0,1
0,0,0,0,2,0,-2,-0.628667,0,0,0,0,0,0,0,0,-0.488425,0,0,0,0,0,0,3,0,0,0,0,0,0,2,0,1.81261,2,-1,0,0,1,0,0,0.521739,-1,0,-0.638793,0,2,0,0,0,0,0,0,0,0,0,0,0,0,0,-1,0,-1,0,0,0,1,-5,6,0,0,0,0,1,-1,0,0,0,1,1,1,0,0,0,0,0,2,0,0.032875,0,0,2.72788,-1,0,0,-1,0,0,0,1,0,0,0,1
0,0,3,0,0,0,0,-0.529579,1,0,-1,1,0,0,0,0,-0.34502,0,0,3,0,-1,0,0,-1,-1,0,0,0,3,1,0,1.45252,3,0,0,1,1,0,0,0.521739,1,0,-0.768844,0,0,0,0,0,0,0,0,1,-3,0,0,2,0,-1,0,0,0,-1,-4,0,0,0,0,0,0,1,0,-2,0,0,0,1,-2,0,0,0,1,0,2,0,0,0,-0.695013,0,-1,-0.707317,-4,0,0,0,0,-1,0,-1,0,2,0,1
0,-3,4,-1,0,-2,0,-0.807584,0,1,-1,1,-2,0,0,0,-0.604405,0,0,0,0,0,2,3,0,1,0,1,0,0,0,0,2.7182,1,0,0,1,-1,0,-1,1.403346,0,0,-0.806452,0,0,0,0,0,0,0,2,0,0,-1,0,0,0,0,0,0,0,1,1,0,1,1,0,0,0,1,0,0,2,0,0,0,0,1,0,0,0,0,1,0,0,0,-0.791644,0,0,-0.678456,0,0,0,0,0,1,0,0,0,0,0,1
0,0,0,0,0,0,0,-0.655954,0,0,0,0,1,0,0,0,-0.830986,1,0,1,0,0,2,2,0,0,0,0,0,2,1,0,3.36459,12,0,0,1,0,0,-1,1.08065,-1,0,-0.727697,0,0,0,0,-1,0,0,0,0,0,0,-1,3,0,0,-1,0,0,1,-1,0,1,0,-1,0,1,0,0,1,0,0,0,0,-3,0,0,0,0,0,1,0,0,-1,-0.789474,0,1,-0.730619,2,0,0,-1,0,1,0,1,0,1,0,1
0,0,0,0,0,0,0,-0.692308,0,0,0,0,0,0,0,-1,-0.224711,0,0,1,0,0,0,0,0,0,0,0,0,0,1,0,2.12703,7,0,0,1,2,-1,0,0.910224,0,0,-0.843218,0,0,1,0,0,0,0,0,0,0,-1,0,-2,0,0,0,0,0,1,-1,-1,0,0,-3,2,0,0,-2,1,0,0,0,-3,0,0,-1,0,0,0,1,1,0,0,-0.152401,0,0,-0.604211,0,-1,0,0,0,1,0,1,2,1,0,1
0,0,0,1,0,0,0,-0.652142,0,0,1,0,1,0,-2,0,-0.71822,0,0,1,0,0,0,0,2,0,1,0,-1,0,2,-2,1.02857,5,0,0,0,-2,0,0,0.276284,0,0,-0.621041,1,1,-2,0,0,0,0,1,0,0,0,0,0,-1,0,0,0,-1,0,0,0,0,1,0,0,1,0,-1,1,0,0,0,0,0,0,0,0,1,0,0,0,2,0,-0.59483,0,0,-0.660222,0,0,-2,0,0,-2,1,0,0,0,0,1
0,0,0,1,0,0,0,-0.581785,1,0,1,0,0,0,0,2,-0.598571,0,0,0,0,0,1,0,1,0,0,0,0,0,0,0,1.11611,13,0,0,0,0,-2,0,1.418501,-3,0,-0.670046,3,1,0,0,0,0,0,0,0,0,0,0,0,0,0,0,-1,0,0,0,0,0,1,0,0,1,1,0,0,2,0,0,0,1,-1,0,0,1,0,0,0,1,0,-0.527889,-1,-1,-0.330798,3,0,0,0,0,0,0,0,0,1,0,1
0,0,0,0,0,1,0,-0.686495,1,0,1,0,0,3,0,0,-0.675676,0,0,0,0,0,2,0,0,0,0,0,0,0,0,0,0.94904,3,-1,0,0,0,0,0,3.838223,0,-1,-0.688861,0,0,1,-1,0,0,0,0,0,0,0,0,-1,0,3,0,0,0,4,0,1,-4,0,0,0,1,1,-2,0,0,0,0,1,1,0,0,0,1,0,0,0,0,-2,-0.299727,0,0,-0.709146,0,0,-4,0,0,0,0,-1,0,1,0,1
0,0,0,1,0,0,0,1.02406,0,1,0,0,0,-1,0,1,-0.798487,0,0,0,1,0,0,0,0,0,0,0,0,0,0,0,2.47656,6,0,0,0,0,1,0,1.223356,2,2,-0.479628,0,-1,-2,0,0,0,0,0,0,0,0,0,0,1,0,0,-1,0,-1,1,0,1,1,0,0,0,0,2,0,0,0,0,0,0,0,0,0,-2,0,1,1,0,0,2.868704,-1,0,-0.846872,3,0,0,0,0,0,1,-1,0,0,1,1
0,0,0,0,0,0,0,-0.512125,0,0,0,2,-2,0,0,0,-0.473619,0,0,1,0,0,-1,1,0,0,0,0,0,0,1,0,2.44662,19,2,0,0,0,1,0,0.672414,0,0,-0.762656,0,0,0,0,0,0,2,-1,0,0,1,0,0,1,0,0,0,0,0,0,1,-2,0,-1,1,0,0,0,1,0,0,0,0,0,0,0,0,2,0,0,0,1,0,-0.672039,0,2,-0.32109,0,0,0,0,-1,0,0,0,1,0,1,1
0,0,8,2,0,4,-1,-0.637316,0,1,0,0,0,0,0,1,-0.756036,0,0,0,0,0,0,0,0,0,0,0,0,-1,1,0,1.93545,4,0,1,0,1,-1,0,0.672414,0,0,-0.469816,0,0,0,-1,-1,0,0,0,0,0,0,2,0,2,0,0,0,0,0,0,-1,1,0,-1,3,0,0,1,2,0,0,0,0,1,-1,0,1,1,0,0,0,1,0,-0.654848,0,0,-0.370928,0,0,0,0,-2,0,1,0,0,0,1,1
0,0,2,0,0,0,0,-0.548444,-1,0,3,0,0,0,0,1,-0.768233,0,-1,0,0,0,0,0,0,-1,0,0,0,0,0,0,0.56124,2,0,0,1,0,0,0,0.584046,0,0,-0.536336,0,0,0,2,-1,0,1,0,0,0,0,0,0,0,-1,1,0,1,-3,0,0,0,0,0,0,0,0,0,0,0,4,0,1,0,0,0,0,0,0,0,0,0,0,-0.782187,0,0,-0.919589,0,0,2,0,0,0,0,1,1,2,0,1
0,0,0,0,-1,0,-1,-0.55669,0,0,0,0,0,1,-2,0,-0.555556,1,0,0,0,0,-1,0,0,0,0,2,2,0,0,0,0.42023,2,0,0,0,2,0,0,0.526316,0,0,-0.368421,0,0,0,0,0,0,0,1,0,-1,0,0,0,0,2,-1,0,1,0,0,0,0,0,0,0,0,0,0,0,0,0,-1,0,0,0,0,0,2,-1,0,0,0,0,-0.782485,0,-2,-0.809524,0,0,0,0,0,0,-1,-1,1,0,0,1
0,0,0,-1,0,0,0,-0.764056,0,0,0,0,1,0,3,1,-0.109746,0,0,-2,1,0,0,0,0,0,0,0,0,-1,1,0,0.53533,5,0,0,1,0,2,0,0.848499,0,0,-0.146747,0,-2,0,0,0,0,0,0,0,-1,-2,0,0,0,0,0,0,1,0,0,3,0,0,0,0,0,2,0,0,2,0,-2,0,0,0,0,1,0,0,0,0,0,0,-0.643257,0,0,-0.563558,0,2,0,0,0,-1,0,1,0,0,0,1
0,0,-1,0,0,0,0,2.6,0,0,0,0,0,0,0,0,-0.537532,1,0,0,0,-3,0,0,0,0,0,0,0,-2,0,0,1.50393,3,0,0,1,2,1,0,0.723962,0,0,-0.907667,1,0,0,1,0,0,0,0,0,0,0,0,0,0,1,0,0,0,1,0,1,0,0,0,2,1,0,0,0,0,0,0,0,1,0,0,-1,0,0,0,0,0,0,-0.59097,0,0,-0.648812,0,0,0,0,0,1,1,1,0,0,1,1
0,0,1,0,0,0,1,2.6,0,1,1,1,0,0,0,0,-0.79823,0,1,0,0,0,0,1,1,0,0,0,1,0,0,0,0.74768,4,0,0,1,0,0,0,0.387932,0,0,-0.647076,1,0,0,0,0,0,0,0,0,0,0,0,1,0,0,0,0,1,2,1,1,0,0,0,0,0,0,0,1,1,2,0,0,1,0,0,0,0,0,1,0,0,0,-0.780134,0,0,-0.759819,0,0,1,0,0,0,0,0,2,1,1,1
-2,0,0,0,0,0,0,7.076396,0,1,0,0,0,0,0,0,-0.844291,0,0,-2,0,0,0,1,0,0,0,0,0,0,0,0,0.84256,6,0,0,1,0,1,0,0.880163,0,0,-0.781818,-1,0,0,0,0,1,0,0,0,0,0,0,0,0,0,0,0,-2,0,0,1,0,0,1,2,0,0,0,0,0,0,0,0,0,0,0,-1,0,2,0,0,0,0,-0.6,1,0,-0.615272,0,0,0,0,-2,1,0,1,2,0,1,1
0,0,0,1,-1,0,0,-0.647059,0,0,2,0,0,0,0,0,-0.666667,0,0,0,1,0,0,0,0,0,0,4,0,0,0,0,1.09615,9,0,-1,0,0,0,0,1.325,0,0,-0.709752,0,0,1,0,0,0,0,0,0,0,0,0,0,0,0,0,0,0,0,0,0,0,0,0,0,0,2,0,0,0,0,0,0,0,1,0,0,0,0,0,0,-1,0,-0.643054,0,-1,-0.097625,0,-1,-3,0,0,0,-1,1,0,0,1,1
0,-2,0,0,0,-1,0,-0.687818,0,0,-2,0,2,0,0,0,0.175258,0,0,-1,0,0,0,0,0,0,-1,-1,0,0,0,0,1.09845,2,0,1,0,0,0,1,1.089742,-2,0,-0.697346,0,0,0,0,0,0,0,0,1,-1,0,0,-1,0,0,0,0,0,0,0,0,2,1,0,-1,0,0,0,0,0,0,0,0,0,0,0,0,0,0,0,1,1,0,-0.660141,0,1,0.794814,0,0,0,0,-1,-1,-1,1,0,0,1,1
0,0,0,0,-1,0,1,-0.800605,-1,0,0,0,-1,0,0,0,-0.73377,0,0,1,1,0,0,5,0,0,0,0,0,0,0,0,1.2338,-17,0,0,1,1,0,0,2.422743,0,0,-0.845691,0,0,0,0,1,0,0,0,0,-1,0,-2,0,-1,0,0,-1,0,3,1,0,0,0,0,0,0,0,0,0,0,0,0,0,1,0,0,0,0,0,0,0,0,1,-0.762204,0,0,-0.752191,-1,0,0,0,0,0,0,1,0,0,1,1
0,0,0,-1,0,5,-1,-0.592751,0,0,0,0,0,0,1,1,-0.448132,0,1,-1,1,0,0,1,0,0,1,2,0,0,0,0,0.86044,7,0,0,0,0,0,-1,0.17116,-1,0,-0.822187,0,0,-2,0,0,0,0,0,0,0,0,0,0,0,0,0,0,0,1,0,0,0,0,0,1,0,-1,1,0,-1,0,0,-8,0,1,0,0,0,0,-1,0,0,1,-0.472549,0,0,-0.625,0,0,0,0,0,0,0,0,0,0,0,1
0,0,0,0,0,0,0,-0.615766,0,0,0,0,0,0,1,0,-0.645106,0,1,-1,0,0,0,0,-1,1,1,0,0,0,0,0,1.02641,0,0,0,2,0,0,0,0.356886,0,0,-0.538413,2,1,0,0,-1,0,0,-1,0,0,-1,1,0,0,0,0,0,0,0,0,0,1,-1,0,3,1,-1,0,1,0,0,-1,1,0,-1,0,1,0,0,1,0,0,0,-0.712864,0,1,-0.447626,0,0,-2,0,0,1,0,0,0,3,0,1
0,0,0,0,0,0,0,-0.515461,0,0,0,0,0,0,1,0,-0.616348,0,1,-1,0,0,0,0,0,1,1,0,0,1,-1,0,0.866,2,0,1,0,-1,0,0,0.270743,0,0,-0.672388,0,-1,0,2,1,0,0,0,0,1,2,1,1,0,-1,-2,0,0,0,0,0,0,-3,0,0,1,-1,0,-2,0,0,0,-1,-2,0,0,-1,0,1,1,0,0,0,-0.2752,-1,1,-0.447074,0,0,0,0,0,0,0,0,1,-2,0,1
0,0,1,0,0,-1,0,-0.897879,2,0,1,0,0,0,0,1,-0.625909,0,1,0,0,0,0,2,0,0,0,2,0,6,1,0,1.64338,3,1,0,0,1,0,0,0.696886,1,2,-0.761083,-1,0,0,0,1,0,0,0,0,0,0,0,0,0,1,1,0,1,0,0,1,1,-1,3,0,0,0,1,2,1,0,0,1,0,1,3,0,0,0,0,0,0,0,-0.715695,0,1,-0.733602,0,0,0,1,0,0,0,0,1,1,1,1
0,0,1,2,0,0,1,-0.767536,1,0,0,0,1,0,0,1,-0.733333,0,0,2,0,0,0,0,0,0,0,0,0,0,1,0,1.60047,4,0,0,0,1,-3,0,1.397167,1,1,-0.782249,0,0,0,0,1,0,0,-1,0,0,0,0,0,0,1,0,0,0,0,0,1,1,0,4,0,0,-1,1,0,1,0,0,0,0,-1,0,0,0,0,0,0,1,0,-0.771478,0,0,-0.685332,5,0,0,1,1,-1,1,0,0,1,1,1
-1,1,1,0,0,0,1,-0.827865,0,0,1,-1,1,0,0,0,-0.630728,-1,1,0,0,0,0,1,0,0,0,0,0,0,0,0,1.57143,4,0,0,0,1,1,-1,0.781818,1,0,-0.781818,0,0,0,0,0,0,2,0,0,0,0,0,1,0,1,0,0,0,0,0,0,0,1,0,0,0,0,1,0,1,2,0,1,0,0,0,0,0,0,0,0,-3,0,-0.809524,0,0,-0.301447,0,0,-1,1,0,0,0,1,0,0,1,1
0,0,0,0,1,0,0,-0.584875,0,0,-2,0,1,0,0,0,-0.636307,0,0,0,0,0,2,0,1,0,-3,0,0,0,1,0,2.60585,6,0,0,3,1,-2,0,1.636828,0,0,-0.765907,0,0,0,0,0,0,0,1,1,0,-3,0,1,-1,0,0,0,0,0,0,0,0,-2,-2,0,0,-2,0,0,0,0,0,0,0,0,0,0,0,0,0,0,0,0,-0.603267,0,0,-0.379567,0,0,2,0,0,0,0,0,1,0,1,1
0,0,-1,0,0,0,0,-0.466999,0,0,1,0,0,0,0,0,-0.649281,0,-1,0,0,0,2,2,1,0,0,0,0,3,0,0,2.51607,9,0,-1,3,1,-2,0,0.680567,4,0,-0.809311,0,1,-1,0,0,0,0,1,0,0,0,2,0,0,2,0,0,-1,1,0,1,0,-1,2,2,0,-1,1,0,-1,0,1,0,0,0,0,0,-1,0,0,1,0,0,-0.650534,0,0,-0.764706,0,0,0,-1,0,0,0,0,0,0,1,1
0,0,-1,0,0,1,0,-0.616247,-1,0,0,0,0,0,0,0,-0.741368,0,0,0,-1,0,0,0,1,0,0,1,2,0,1,0,2.90874,9,0,0,1,0,0,0,2.209124,0,0,-0.823392,0,0,0,1,0,0,0,1,0,0,0,0,0,-2,0,0,0,0,0,0,0,0,0,3,1,0,0,0,0,4,0,0,0,0,0,0,0,0,0,0,1,0,0,-0.67598,0,0,-0.696103,0,0,0,0,0,0,0,0,0,0,1,1
0,0,0,1,2,0,0,0.643638,0,0,0,1,0,0,2,0,-0.577655,-1,0,0,1,1,0,0,2,0,0,0,0,0,-1,0,1.46343,1,0,0,0,1,0,0,0.770041,1,0,-0.415561,0,0,0,0,-1,0,0,0,0,1,0,1,0,0,2,0,0,0,0,0,2,1,1,0,0,0,0,1,1,0,0,0,0,0,0,1,0,3,0,0,0,0,0,-0.335857,0,2,-0.725262,0,0,0,0,0,4,0,1,1,2,1,1
0,0,0,0,0,2,0,-0.571429,0,0,0,0,0,0,2,0,-0.715711,0,0,0,1,0,1,1,0,0,0,-1,0,0,0,0,1.70981,11,0,0,1,1,0,0,1.802232,-2,3,-0.874981,1,-1,0,0,1,0,-2,0,1,0,0,1,0,0,2,-1,0,0,3,0,3,0,1,1,0,0,0,1,1,0,0,0,0,0,0,1,0,1,0,1,0,1,0,-0.244819,0,0,-0.872472,0,0,-1,0,0,-1,0,0,0,0,1,1
-1,-1,0,1,0,0,0,-0.621135,0,0,0,0,2,0,0,0,0.525483,0,0,0,1,0,0,0,0,0,0,0,-1,0,0,0,1.30294,2,-1,0,1,0,0,0,1.069404,-1,0,-0.408891,0,-1,1,0,1,0,0,0,0,0,1,0,-1,0,0,3,0,0,2,1,0,-1,1,0,0,0,0,0,0,0,0,0,0,0,0,1,0,0,0,0,1,0,0,-0.639204,0,0,-0.737553,0,0,0,-3,0,0,-1,1,0,0,1,1
0,-1,0,-1,1,1,0,-0.783893,0,0,0,-1,0,0,0,1,-0.810952,0,0,0,0,0,0,0,0,0,0,0,0,0,0,0,1.27365,7,0,0,0,0,0,0,1.469461,-1,0,-0.72093,0,0,0,0,-1,0,1,1,-1,1,0,-3,0,0,0,0,0,0,0,0,0,-1,0,0,-1,3,1,0,0,0,0,0,-2,0,0,0,0,0,0,2,0,0,0,-0.227605,0,0,-0.294743,0,0,0,0,0,0,0,0,0,0,1,1
0,0,0,0,1,0,-1,-0.335272,-1,0,0,0,-1,0,4,0,-0.583511,0,-1,0,1,0,-2,0,0,0,0,0,0,0,0,0,1.20679,3,0,0,-1,0,0,0,0.891123,0,0,-0.721454,0,0,0,0,0,0,0,0,-1,0,-1,0,1,3,0,0,0,0,0,0,1,0,-1,0,0,0,1,0,1,4,2,0,0,0,0,0,0,0,0,0,0,0,0,-0.652145,0,0,-0.827315,0,0,0,-2,0,0,0,0,0,0,1,1
0,0,-1,0,1,1,1,-0.839341,0,1,0,0,0,0,0,0,-0.786196,0,0,0,0,0,0,0,0,0,0,2,0,0,0,0,2.86472,7,0,0,0,0,0,0,0.64985,0,0,-0.600661,0,0,0,0,0,0,0,1,-2,-2,-1,0,0,0,0,0,0,0,0,0,0,0,0,0,0,0,1,0,0,0,0,-1,-1,1,0,0,0,0,0,0,0,-1,2,-0.892937,0,0,-0.498747,0,0,0,1,1,0,2,0,0,0,1,1
0,0,-1,2,0,-1,0,-0.647107,0,0,1,0,0,0,0,0,-0.579895,0,0,1,0,0,0,0,0,0,0,0,0,0,0,0,0.55209,6,-1,0,-1,0,-1,0,0.477013,0,0,-0.676163,-1,1,0,0,0,0,0,0,0,0,0,4,1,0,0,1,2,0,-2,0,-1,2,0,0,0,0,1,0,0,0,-1,0,0,0,0,0,0,0,0,0,0,0,0,-0.457416,1,0,-0.808756,0,0,0,0,0,1,0,0,0,0,0,1
0,0,1,0,1,0,1,-0.542457,1,0,0,0,0,0,0,0,-0.576215,0,0,3,1,0,0,0,1,0,0,0,0,0,0,-1,0.89838,2,0,0,0,0,0,1,0.503403,-2,0,-0.527956,0,0,0,-1,-2,0,0,-1,0,0,0,0,0,0,0,2,0,0,0,0,0,-1,0,0,1,0,0,0,0,1,0,0,0,-2,0,0,1,1,0,2,-1,0,-1,-0.543753,0,0,-0.675676,0,0,0,0,0,0,0,0,0,0,0,1
0,0,0,0,0,0,0,-0.537044,-1,0,-1,0,0,0,0,0,-0.454885,-1,0,0,1,0,0,0,-1,0,0,0,0,0,0,0,0.932,3,0,0,-1,-1,0,0,1.291011,1,0,-0.565258,2,1,0,0,0,1,0,0,0,0,0,2,0,0,1,0,0,0,0,-2,0,1,0,3,0,0,1,1,0,0,-1,0,0,0,0,0,0,0,1,0,0,0,0,-0.666835,0,0,-0.899636,-1,0,0,0,0,-2,0,0,0,4,0,1
0,0,0,0,0,0,-2,0.216698,0,0,0,0,-1,0,0,0,-0.745692,0,0,0,0,0,0,0,0,0,0,0,0,0,1,0,2.11974,14,0,0,1,1,0,0,0.956209,0,0,-0.783673,1,0,0,0,1,0,0,0,0,-1,0,0,0,0,0,0,0,0,0,0,0,0,0,-3,2,0,0,-3,1,0,0,0,0,0,1,1,0,0,0,0,0,0,0,-0.432655,0,0,-0.842766,2,0,0,-3,0,-3,1,0,0,0,1,1
0,0,0,0,0,0,0,-0.538462,-1,0,-1,0,0,0,0,0,-0.554371,0,0,-1,-1,0,0,0,-2,-1,0,0,0,0,0,0,1.91988,2,0,0,1,1,0,0,1.177696,0,-2,-0.672443,1,0,0,0,0,0,0,0,0,-3,0,0,0,0,0,0,0,0,0,1,0,0,0,-1,0,0,0,-1,1,0,0,0,0,0,-1,1,-1,0,0,-2,0,0,-1,-0.584197,0,0,-0.687873,4,1,0,0,0,-1,0,0,-1,0,1,1
0,-2,0,0,0,1,0,0.054168,0,1,-1,0,2,0,0,0,-0.6,0,0,0,0,0,0,0,0,0,0,0,-1,0,0,0,1.63535,0,0,-1,1,1,0,0,0.332499,0,0,-0.750096,0,-1,0,0,0,0,0,0,0,0,1,-1,0,0,2,0,0,0,0,-1,-1,0,0,0,0,0,1,-1,0,3,-3,0,0,0,0,1,0,0,0,0,0,2,0,-0.556983,0,-1,-0.7,0,0,0,0,0,0,0,1,-1,0,1,1
0,0,0,0,0,0,0,-0.600022,-1,0,0,0,-1,1,0,0,-0.85506,0,0,0,0,-2,1,0,-1,0,1,0,0,0,0,0,0.72967,0,0,-1,0,1,0,0,1.320253,0,0,-0.712784,-1,0,0,0,0,0,0,0,0,-1,-1,0,0,0,0,0,0,0,0,0,-1,0,0,0,0,0,0,0,2,0,3,0,0,0,-1,1,0,0,0,2,0,0,0,-0.44937,0,0,-0.777778,2,0,0,0,1,0,-1,1,1,0,1,1
0,0,-1,1,0,0,0,-0.28711,0,0,0,0,-1,0,0,0,-0.674823,0,1,0,0,0,-1,0,1,0,0,3,0,0,2,0,1.23942,4,0,0,1,0,0,0,1.02037,3,1,-0.675676,0,-1,0,-1,0,0,0,0,-2,0,0,0,0,-1,1,1,0,-1,0,0,0,0,1,0,0,0,0,0,0,-2,0,1,1,-1,0,0,0,0,0,0,0,-1,0,-0.438529,0,-1,-0.723976,0,0,5,0,1,0,0,-1,0,0,1,1
0,0,1,0,-1,0,0,-0.624784,0,0,0,0,0,0,0,0,-0.409173,0,0,0,-1,0,0,0,0,0,0,0,1,0,0,0,1.05714,0,0,0,0,0,0,0,3.598346,0,1,-0.549419,0,0,1,0,0,0,0,0,0,0,0,0,2,-1,0,0,0,2,0,0,0,0,0,0,2,0,0,0,5,0,0,0,0,0,0,1,0,0,1,0,0,0,0,-0.571988,0,0,-0.775146,0,0,-1,0,1,0,1,-1,0,0,1,1
0,0,1,0,0,0,0,-0.48978,0,0,0,1,1,2,0,0,-0.593653,0,1,0,0,0,0,0,0,-1,0,0,0,0,0,0,1.69687,14,0,0,-2,-1,0,0,0.587444,0,0,-0.819898,0,1,0,0,-2,0,0,-1,1,-1,1,0,3,1,1,0,-1,0,0,0,0,0,1,1,0,0,0,0,1,0,0,0,0,0,0,0,0,0,0,1,0,0,0,-0.707317,0,0,-0.700056,0,0,0,0,0,0,0,1,-1,0,1,1
0,0,0,0,-1,2,0,-0.681438,0,0,0,0,1,0,-1,0,-0.312259,0,1,0,0,0,1,0,1,0,0,0,0,0,1,0,1.49382,6,2,0,0,1,1,0,0.568842,0,0,-0.779748,0,1,0,0,0,0,0,0,0,0,1,0,0,1,2,0,-1,0,0,0,0,0,0,1,0,1,0,0,1,0,0,1,0,1,0,0,0,0,0,0,0,0,-1,-0.739198,0,0,-0.727656,4,-1,2,0,0,1,0,0,0,0,1,1
0,1,2,0,0,0,0,-0.616159,0,0,0,-1,1,0,0,0,-0.769072,1,1,0,0,0,1,0,0,0,0,0,0,-1,0,0,1.56045,7,0,0,2,0,0,0,1.197657,0,0,-0.774462,0,1,0,0,0,0,0,0,-1,0,1,2,0,1,0,0,0,0,0,-2,1,0,0,0,0,0,3,0,1,0,0,0,1,1,0,0,0,-1,0,0,0,0,0,-0.728599,0,0,-0.777965,0,0,0,0,0,1,2,0,0,0,1,1
0,0,-1,0,0,1,-4,-0.709516,0,0,0,0,0,0,0,0,-0.430887,2,0,0,0,1,0,0,0,0,-2,2,-1,-2,0,0,0.87583,5,1,0,0,0,0,0,0.976206,0,0,-0.602723,0,0,0,0,2,0,0,0,0,0,1,0,0,0,0,0,0,0,-1,0,0,0,0,0,-1,0,1,0,1,0,0,0,0,0,0,0,-1,0,0,0,0,0,0,-0.555556,0,0,-0.550493,3,0,0,0,0,1,0,1,0,0,0,1
0,0,1,0,0,-1,0,-0.727273,0,0,0,0,0,0,0,0,-0.36527,0,0,2,0,0,-1,0,0,0,0,0,0,0,0,0,1.29809,0,0,0,1,0,-2,0,1.402755,0,-1,-0.657143,-1,5,-1,0,2,1,0,0,0,0,0,0,0,1,0,0,1,-2,-2,1,1,0,0,0,0,0,1,0,-1,0,0,0,0,0,0,-1,0,5,0,0,0,0,0,-0.555556,-1,0,-0.565561,0,0,0,0,0,0,1,1,-1,0,0,1
0,0,0,-3,0,0,1,-0.752727,0,0,1,2,0,0,-2,1,-0.727273,1,0,0,0,0,0,0,0,0,-1,0,0,1,0,0,3.27896,10,0,0,0,0,0,0,1.31429,-1,0,-0.68581,-1,1,0,1,2,0,0,0,0,-3,0,-3,0,-1,-1,0,0,0,0,0,0,0,-2,0,2,-1,1,0,0,3,0,0,0,0,0,1,0,0,0,0,0,0,0,-0.35025,0,1,-0.603213,1,0,-1,0,0,0,0,0,0,0,0,1
0,0,0,0,1,0,1,-0.666667,0,0,0,0,0,0,0,0,-0.809414,0,0,1,0,0,0,0,0,-2,0,0,0,0,0,0,1.27551,3,0,0,2,1,0,0,0.7133,1,0,-0.79893,0,-1,-1,0,1,-2,0,0,-2,2,0,1,0,1,0,0,0,0,2,0,1,0,0,0,0,0,-2,0,0,0,0,0,1,3,0,0,0,0,1,0,0,0,0,-0.697498,0,0,-0.045098,2,0,0,1,0,0,1,0,0,0,1,1
0,0,0,0,0,1,0,-0.681994,0,0,0,0,0,-1,2,1,-0.785714,0,0,3,0,0,0,0,-1,0,-1,4,1,0,0,0,0.94463,5,0,0,-2,1,0,0,0.758745,1,0,-0.719195,0,0,0,0,0,1,0,0,0,1,0,0,1,1,0,0,1,0,0,0,4,1,0,0,0,0,-1,1,0,1,0,0,1,1,0,1,-1,2,0,2,0,0,0,3.215709,-1,0,-0.638339,-1,0,1,0,0,-1,0,1,0,0,1,1
0,0,1,1,1,0,0,-0.574811,0,0,0,0,0,0,0,1,-0.785714,0,0,0,0,0,0,0,0,1,0,2,0,0,0,0,1.02857,2,0,0,1,0,0,0,1.063122,0,0,-0.889706,1,0,0,-1,0,0,0,0,0,0,0,0,0,1,0,1,0,0,0,-1,1,0,-1,-1,0,-4,0,0,0,0,0,0,0,-2,-1,1,0,-1,0,0,0,0,0,-0.571364,0,0,-0.700596,0,0,0,0,0,0,1,0,0,0,1,1
0,-1,0,-1,0,0,0,-0.707317,0,-1,-3,0,0,0,3,1,-0.625004,0,0,0,1,0,0,0,-3,0,0,0,0,0,0,1,2.21732,7,0,0,1,2,1,0,0.2,0,0,-0.564426,0,0,0,-2,0,0,0,0,0,0,1,0,0,0,-1,-2,0,0,0,0,1,0,1,0,0,0,0,0,0,0,-1,1,-3,0,0,-1,-1,0,1,0,0,0,0,-0.75,0,0,-0.687256,0,0,0,0,0,0,0,-1,0,0,0,1
0,0,0,0,0,0,0,-0.12543,0,0,-1,0,0,-2,1,0,-0.620972,0,0,1,2,0,0,0,0,0,0,0,0,2,0,1,0.58653,4,0,1,-1,0,0,0,0.2,0,0,-0.817216,0,0,0,0,-1,0,0,0,0,0,0,0,0,1,1,0,0,0,1,2,0,2,0,-1,0,0,0,-1,1,0,-2,0,0,-1,0,0,0,0,1,1,0,-1,0,-0.454346,0,0,0.035427,0,0,-2,0,0,3,0,0,1,0,0,1
0,0,0,-1,0,0,1,-0.563354,0,0,0,0,0,0,0,2,-0.433621,0,0,0,1,0,0,0,-1,0,0,0,0,0,0,0,0.96312,-19,0,0,0,0,0,0,0.256495,-2,0,-0.648014,1,0,-1,0,0,0,0,0,3,0,4,0,0,1,0,-1,0,0,0,0,1,0,0,2,-3,1,0,0,1,0,0,0,0,0,0,1,-1,1,1,-1,0,0,0,-0.75,1,0,-0.684211,0,0,0,-3,0,1,2,0,1,0,0,1
0,0,0,0,0,0,0,-0.478261,0,0,0,0,-1,0,0,0,0.2362,0,0,0,2,0,0,0,0,0,0,0,0,1,1,0,2.20789,11,0,0,-1,0,0,0,2.675479,0,0,-0.727273,0,-1,0,0,0,-1,0,0,1,1,1,0,0,0,0,0,1,0,0,1,0,0,1,0,1,0,0,0,1,3,0,0,0,-2,0,0,0,0,0,0,1,0,0,-0.687279,1,0,1.887306,3,0,0,0,0,1,-1,0,0,0,1,1
0,0,0,0,0,-1,0,-0.478261,0,-1,0,0,0,1,0,-1,-0.72093,0,0,-1,0,0,0,0,0,0,0,0,3,-2,1,0,2.68365,11,-1,-1,-1,0,-1,0,1.199525,0,0,-0.544249,-1,0,0,0,0,0,0,0,0,0,0,0,0,0,0,2,1,0,-1,0,2,0,1,0,1,0,0,0,1,0,0,0,0,-2,0,0,0,0,0,0,1,0,0,-0.629033,0,0,1.40251,0,0,0,0,0,1,0,0,0,0,1,1
0,0,1,0,0,0,1,-0.752236,0,1,0,0,0,0,1,1,-0.700012,0,0,0,0,0,0,0,0,0,0,0,0,0,1,0,1.30266,2,0,0,0,0,-2,0,1.252166,0,0,2.952588,0,0,0,0,0,0,0,-1,-1,-2,1,0,1,-1,1,0,0,0,0,0,2,0,1,0,4,1,2,0,0,0,0,0,0,0,0,0,0,-1,0,0,0,-1,0,-0.68855,0,0,-0.597922,2,0,0,-1,0,1,0,1,-1,1,1,1
0,0,-1,0,0,1,0,-0.84713,0,0,0,0,0,0,-1,0,-0.273427,0,1,0,0,0,0,0,0,0,0,0,0,1,1,0,0.62857,0,0,0,0,0,-1,0,0.774551,1,-2,-0.892619,-2,0,0,0,0,0,0,0,0,0,0,1,0,0,2,-3,0,0,1,0,1,0,0,0,2,0,0,0,1,-1,0,0,1,0,0,0,0,0,-1,0,0,0,0,-0.624286,0,0,-0.362077,-1,0,1,0,0,0,0,0,0,0,0,1
0,0,0,0,0,0,0,-0.641478,1,0,0,0,1,0,2,0,-0.64941,0,-1,0,0,0,0,0,0,0,0,1,0,0,2,0,0.62857,5,0,-1,1,0,0,0,2.40644,1,0,-0.023906,0,0,-1,0,0,-1,0,1,0,-1,0,-2,-1,0,0,0,0,0,-1,0,0,0,0,2,2,0,0,0,1,-4,0,0,-1,0,0,0,0,0,0,1,0,0,0,-0.666667,1,0,-0.48363,-2,0,-1,0,0,0,0,0,2,2,0,1
0,2,0,0,1,-1,0,-0.613873,0,0,3,0,0,0,-1,0,-0.720224,0,0,0,1,0,0,0,0,0,0,0,0,0,0,0,0.62072,1,0,1,1,0,1,0,0.811768,0,1,-0.787194,0,0,-1,0,-1,0,0,0,0,0,1,1,0,0,1,0,0,-2,0,0,0,0,1,2,-2,0,0,0,0,-1,0,0,0,0,0,0,0,-1,0,0,0,0,0,-0.561157,0,0,-0.665187,0,0,0,-2,1,1,0,0,2,-1,0,1
0,1,-1,0,0,2,3,-0.721062,0,0,2,0,0,0,0,0,-0.679283,0,-1,0,-1,0,0,0,0,0,1,0,0,0,0,0,2.34873,2,0,0,1,0,-1,0,2.954141,0,-1,-0.75707,0,0,0,0,0,0,0,0,0,1,1,0,0,0,3,0,0,0,0,0,1,1,1,2,0,0,0,0,1,0,0,0,0,-2,1,0,0,0,0,0,0,0,0,-0.768549,0,0,1.03518,0,0,0,0,1,-1,0,0,0,0,1,1
2,0,0,1,0,0,0,-0.785302,0,0,0,0,0,0,0,0,-0.80849,0,0,0,0,0,-1,0,0,0,1,0,0,1,0,0,1.94354,7,0,1,1,0,0,0,3.520633,0,0,-0.789474,-1,0,-1,0,0,0,-2,0,0,0,0,0,-1,0,-3,0,1,0,0,0,1,1,0,0,0,0,0,-1,1,0,0,0,0,0,0,0,0,0,0,0,0,0,0,-0.781869,0,0,-0.26233,0,0,0,0,1,0,0,1,-2,0,1,1
0,1,-3,0,0,2,0,-0.531227,0,0,0,0,-1,-3,0,1,-0.140384,0,0,-1,0,0,0,0,0,0,1,0,3,4,1,1,1.33377,6,0,0,0,0,0,0,0.567666,0,0,-0.802357,-1,-1,0,0,0,0,-2,0,0,-1,1,0,0,1,0,2,1,0,0,0,0,2,0,0,0,0,1,0,1,-2,4,0,0,0,1,0,0,0,0,0,0,0,0,1.011887,-2,0,0.005848,-1,0,0,0,1,0,0,0,0,1,1,1
0,-1,0,0,0,0,0,-0.153063,0,0,0,0,0,0,0,0,-0.765293,0,1,0,0,-1,0,0,0,1,0,0,4,0,0,0,0.97143,1,0,0,-1,1,0,0,0.193292,0,0,-0.864744,0,0,0,0,0,0,0,0,0,1,-2,0,2,0,1,0,0,0,-3,1,1,0,-1,0,0,0,0,-1,0,0,0,0,0,0,0,0,0,0,1,1,0,0,0,-0.823747,0,0,-0.604283,0,0,0,-1,0,1,0,0,0,0,1,1
0,0,1,1,0,0,0,-0.631197,0,0,0,0,0,0,0,0,-0.81058,0,0,0,0,0,0,1,0,0,1,-1,2,0,0,0,0.7511,1,-2,0,0,-1,0,0,2.335539,0,0,-0.533434,0,0,0,0,0,2,0,0,0,0,0,0,2,0,-2,0,0,0,0,0,0,0,1,-1,0,2,0,0,0,0,3,0,1,0,0,0,0,-1,0,0,0,1,2,-0.618949,0,1,-0.535194,2,0,-1,-1,-1,1,0,0,0,2,1,1
0,0,0,0,0,1,0,0.755956,0,0,-2,0,0,0,-1,0,-0.466346,0,0,0,0,0,0,0,-1,0,0,0,2,0,0,0,1.03093,14,0,0,0,0,0,0,2.26471,0,1,-0.423854,0,0,-1,0,0,0,0,0,0,0,4,0,0,0,-1,0,0,-1,0,1,0,0,0,0,0,1,0,1,0,0,0,0,2,-4,0,0,0,0,1,1,0,0,0,-0.892634,0,0,-0.543157,0,0,0,0,0,1,2,0,0,0,1,1
0,0,0,0,0,-1,0,-0.425936,0,0,-1,0,0,1,1,0,-0.621856,0,0,0,0,1,0,0,0,0,0,0,0,0,0,0,1.19615,4,0,0,0,0,0,0,1.197314,0,0,-0.507904,0,0,0,0,0,0,-2,2,0,1,2,1,0,1,0,2,0,0,0,1,0,0,0,0,0,0,1,0,0,0,0,0,1,-1,0,0,0,0,0,-3,0,2,1,-0.693491,0,0,-0.631992,0,1,0,0,0,1,0,-1,0,2,1,1
0,0,0,0,0,0,2,0.961991,0,0,0,0,-2,1,0,0,-0.449883,1,1,0,0,0,-1,0,0,0,0,0,0,-1,0,0,2.92532,15,1,0,0,2,0,0,0.942469,0,0,-0.733333,0,0,0,0,0,0,0,0,1,0,0,0,0,0,0,3,0,0,0,0,0,1,1,0,2,0,1,0,0,0,0,-1,1,0,-1,0,-1,0,0,0,0,1,0,-0.578966,0,0,-0.692308,0,1,0,1,0,1,-1,1,1,0,1,1
0,0,0,0,0,0,2,-0.864476,0,0,-1,0,0,0,0,0,-0.620847,1,1,1,0,1,0,2,0,0,0,0,0,1,0,0,1.36821,9,0,0,0,0,0,0,1.406475,0,0,-0.720701,0,0,0,0,0,-1,-1,0,0,2,0,1,2,0,0,0,0,0,3,1,-1,0,1,0,2,0,0,0,-1,0,0,0,1,0,0,0,0,1,0,0,0,0,0,0.468166,0,0,-0.664564,0,0,-2,0,0,0,0,0,1,0,1,1
0,0,0,4,0,0,0,-0.885811,1,0,2,0,0,0,0,0,-0.584865,0,0,0,1,0,0,1,0,0,0,2,1,0,0,-1,1.59037,3,0,1,0,0,0,1,1.345928,1,5,-0.819676,0,0,1,0,0,1,0,0,0,0,1,0,1,0,0,-1,0,0,0,0,0,0,0,0,0,1,0,-1,-2,1,0,0,1,1,0,0,0,1,0,1,0,0,0,-0.625,0,0,-0.723148,0,-1,0,0,0,0,0,0,1,0,1,1
0,0,0,0,0,0,0,-0.612262,0,0,0,0,0,0,0,0,-0.41991,0,0,0,0,0,0,0,0,1,0,0,0,0,0,0,1.48571,7,0,0,0,0,-1,1,0.685389,0,-1,-0.829439,-5,-1,1,0,0,0,0,0,-2,0,-2,0,0,0,-1,0,-1,0,0,1,0,0,0,1,0,0,1,0,1,0,0,0,-2,0,0,1,0,0,0,0,0,0,0,-0.698156,0,0,-0.270447,0,0,0,0,1,0,0,0,1,1,1,1
0,1,3,0,0,0,3,-0.717374,-1,0,0,0,0,0,0,0,-0.57481,0,0,-2,0,0,0,0,0,0,0,0,0,-1,0,0,1.47396,14,0,0,-4,0,0,1,3.265834,3,0,-0.753747,0,0,0,1,-1,0,0,1,0,0,0,0,0,0,0,0,1,0,0,0,0,0,1,0,0,0,0,0,1,2,0,0,2,1,1,0,0,0,0,0,0,0,0,0.163224,0,0,-0.424865,0,0,0,0,0,0,1,1,0,1,1,1
0,0,0,0,0,0,1,-0.70488,0,0,0,0,1,0,0,0,-0.23835,0,0,1,1,0,0,2,0,0,0,0,0,0,1,0,1.02857,13,0,0,0,0,0,0,2.33333,0,-1,-0.534339,0,0,0,0,0,0,1,-1,0,0,0,1,1,1,0,0,-1,1,0,0,1,1,0,2,0,2,1,0,1,0,0,0,0,0,0,0,0,0,0,0,0,1,-2,-0.66011,0,0,-0.376352,0,0,0,-1,0,1,0,0,0,1,1,1
0,1,0,0,0,2,-1,-0.495641,0,0,0,0,2,0,-1,0,-0.657143,0,0,0,0,-2,0,3,0,1,0,0,0,0,0,3,1.02857,0,0,0,0,0,0,1,1.144997,0,0,-0.546461,0,1,0,0,0,0,1,0,0,0,0,1,1,3,-1,0,0,0,0,0,1,0,1,1,0,0,0,0,1,0,0,0,0,0,0,0,0,1,0,0,0,1,-1,-0.574482,0,0,-0.315161,0,0,0,0,0,1,0,0,-3,1,1,1
0,0,0,0,0,1,-1,-0.653803,1,0,-1,0,1,-1,0,0,-0.693227,0,1,0,5,0,0,0,0,0,0,0,0,0,1,0,1.00054,5,0,0,0,0,0,0,2.213698,0,0,-0.662124,0,0,0,0,0,0,0,0,0,1,0,0,2,0,0,0,0,0,1,0,1,0,0,-2,0,1,-1,1,1,0,0,0,0,0,0,0,0,1,1,0,0,0,0,-0.448736,0,0,-0.555556,2,0,-1,0,0,0,-1,2,0,4,1,1
0,3,0,-1,0,0,-1,-0.809524,0,0,0,0,0,0,0,0,-0.804018,1,0,0,0,1,-1,0,2,1,0,0,1,-1,0,0,0.66263,1,-1,0,0,3,0,0,1.332389,1,1,-0.676003,-1,0,0,1,0,0,0,0,0,0,2,1,0,-1,0,-1,0,0,-2,0,1,0,1,0,0,0,0,0,0,1,2,0,0,0,0,0,0,1,0,0,0,0,0,-0.486232,0,0,-0.541867,-3,0,0,3,0,0,0,1,0,0,0,1
0,0,0,0,0,1,1,-0.809524,0,2,0,0,0,0,0,0,-0.687094,0,0,0,0,0,0,0,0,0,0,0,-1,2,0,0,1.68014,11,0,0,0,1,0,0,0.212085,0,0,-0.196435,0,0,0,0,0,0,0,0,0,0,1,0,0,0,0,0,0,0,0,0,0,0,0,0,0,4,0,0,1,0,0,0,-1,0,0,0,0,0,0,0,0,-3,0,-0.612247,0,-1,-0.813577,2,1,0,0,0,0,0,1,-1,0,0,1
0,0,0,0,1,-2,0,-0.809524,0,1,1,0,0,0,1,-1,-0.707317,0,0,0,0,0,0,1,-1,1,0,0,1,0,0,0,0.67016,0,0,0,0,2,0,0,1.29167,0,0,-0.509701,0,0,0,0,0,0,-2,1,0,0,0,0,0,0,0,0,0,0,0,-1,0,0,0,3,-2,0,0,2,1,0,0,-1,0,0,0,0,0,0,0,0,0,1,0,-0.6,0,0,-0.625,2,0,0,-1,1,0,0,0,-1,1,0,1
0,0,0,0,0,0,0,-0.890203,1,0,-1,-1,0,0,0,0,-0.111789,0,0,1,0,0,0,0,0,0,1,0,0,0,0,0,1.36668,1,0,0,0,0,0,0,0.612245,1,0,-0.750096,0,-1,0,2,0,-1,1,0,0,0,1,0,0,4,0,0,0,0,0,0,-1,1,0,0,1,0,0,0,0,0,0,0,0,0,0,-1,0,0,0,0,0,0,0,-0.670437,0,2,-0.736959,0,0,0,0,-1,1,0,0,0,1,0,1
0,0,0,0,0,1,0,-0.578684,0,0,-1,0,0,0,0,1,-0.668197,0,0,-3,0,0,0,0,0,0,1,0,3,0,0,-1,0.69408,4,0,0,0,1,1,0,0.856347,0,0,-0.359902,-1,0,0,0,0,0,1,0,0,0,0,0,1,-1,3,0,0,0,-2,-1,0,1,0,2,0,0,0,0,-1,1,0,0,-1,0,0,0,0,0,0,-4,-1,0,0,-0.414343,2,0,-0.73913,0,0,1,0,0,0,-2,0,0,0,0,1
0,0,0,0,0,-1,0,-0.789474,0,0,0,0,0,0,0,2,-0.486039,0,2,0,1,0,-2,0,0,0,1,1,0,0,0,0,1.39323,14,0,0,2,1,1,-1,0.526093,1,0,-0.755102,-1,0,1,0,0,0,0,0,0,0,1,1,-1,-1,0,-1,0,0,-1,0,0,0,0,0,0,1,0,0,0,0,0,0,-1,0,0,0,-1,4,0,0,0,-3,0,-0.683281,0,0,-0.896719,0,0,0,0,0,0,1,0,0,0,0,1
0,2,0,0,0,1,0,-0.346094,0,0,0,1,0,0,0,1,-0.680993,0,0,2,0,0,0,-3,0,0,0,0,0,0,0,0,1.45475,12,-1,-1,1,2,0,-1,1.126241,0,0,-0.751471,0,0,0,1,0,0,0,0,-1,0,1,-1,0,0,0,0,0,1,-1,1,1,0,0,0,2,0,0,-1,0,0,0,0,0,0,0,0,2,0,0,0,-1,0,0,-0.775377,0,0,-0.727565,0,1,0,0,-1,0,0,-1,1,0,0,1
0,0,1,0,0,0,1,-0.762359,0,-1,0,-2,1,0,0,0,-0.140885,0,0,3,0,0,0,0,0,0,0,0,0,0,0,0,1.07522,12,0,0,0,0,0,0,0.638589,0,0,-0.51016,3,0,0,1,0,1,-1,0,0,0,1,0,0,0,0,0,0,1,0,0,1,0,0,1,0,0,1,0,0,0,0,0,0,1,0,1,0,0,0,0,0,-1,0,-0.884322,1,0,-0.802261,0,1,0,0,1,0,0,1,0,1,0,1
0,0,2,-1,0,1,0,-0.616501,0,0,0,1,2,0,0,0,-0.639825,0,0,0,0,0,0,0,0,0,0,2,2,0,0,0,0.98007,5,0,1,0,1,1,0,0.369269,0,0,-0.748262,0,0,0,1,0,0,0,0,0,0,1,1,0,0,0,2,0,1,0,1,1,0,0,0,0,1,2,0,0,-1,0,-1,0,0,0,0,2,0,0,2,-2,0,0,-0.81841,0,0,-0.737104,0,1,0,0,2,0,0,-1,1,2,0,1
0,0,0,1,0,0,-1,-0.163829,-3,0,0,0,0,0,0,0,-0.586207,0,0,0,-1,0,0,0,0,0,-1,0,0,0,0,0,1.11975,5,0,0,0,0,0,-1,0.54718,1,1,-0.72994,0,0,0,0,-1,0,-1,0,0,1,0,0,-1,0,3,1,0,0,0,0,0,-1,0,0,0,1,1,0,0,0,0,0,-2,0,0,0,-1,1,0,0,0,1,1,-0.625,0,0,-0.753645,0,0,0,0,0,0,0,0,1,0,1,1
0,0,0,0,0,0,0,-0.0974,-1,0,-1,0,0,0,0,2,-0.682536,-1,-1,0,-1,0,0,0,0,-1,1,3,0,0,0,0,1.2474,7,0,0,0,0,1,0,0.290322,0,0,-0.719889,0,4,0,0,0,0,0,0,1,0,0,0,1,0,-1,-2,0,0,0,0,-1,0,0,0,0,1,0,0,0,0,0,0,1,2,-1,0,0,1,1,0,1,0,0,-0.625,0,1,-0.534109,0,0,2,-1,-1,0,0,0,1,0,1,1
0,0,-1,0,1,0,1,-0.647562,0,0,0,-2,0,0,0,0,-0.544926,0,0,0,0,0,0,1,0,0,0,0,0,0,0,0,1.35702,5,0,1,1,1,0,0,1.202086,0,0,-0.730361,0,0,0,0,1,0,0,0,0,0,0,0,1,0,0,0,-1,0,0,0,0,0,0,0,2,1,0,0,0,0,0,1,0,4,-1,0,0,1,0,0,1,1,-3,-0.625,0,1,-0.75,0,0,0,0,0,0,0,0,1,-1,1,1
0,3,0,1,0,0,-1,-0.537251,0,1,1,-1,2,0,0,0,-0.657143,0,1,0,2,1,-1,0,0,2,0,0,0,0,0,0,0.85714,3,0,0,0,1,0,0,1.829189,0,0,-0.6,0,1,0,0,0,0,1,0,1,0,1,2,0,0,2,0,0,0,0,0,1,0,0,1,0,0,1,0,3,1,2,0,0,0,0,0,0,2,-1,0,1,0,1,-0.420037,0,0,-0.188261,0,0,0,0,0,1,0,0,0,0,1,1
0,-1,-1,0,-1,0,0,-0.469416,0,1,0,0,0,0,0,0,-0.628493,-2,0,0,2,1,0,0,0,1,-5,0,2,0,0,0,0.90687,5,0,0,0,1,-1,0,1.758409,0,1,-0.561625,-1,1,1,0,1,-2,0,0,0,0,0,1,-1,1,0,0,0,0,0,-1,0,0,2,0,0,0,0,0,0,-4,0,0,1,0,0,0,1,1,0,-1,0,-1,0,-0.637181,0,0,-0.88394,0,0,6,0,0,0,-1,1,-3,0,1,1
0,0,0,0,0,0,0,-0.625,0,1,0,0,0,0,2,0,-0.637297,0,-1,0,0,1,1,-4,-1,1,0,0,0,0,2,0,0.90568,6,0,0,1,1,1,0,1.846096,0,-1,-0.642688,0,0,1,0,0,0,-1,0,1,0,1,1,0,1,0,0,0,0,0,0,0,-1,0,-2,0,0,0,0,1,1,0,0,0,0,0,-3,-1,0,0,0,1,0,0,-0.356671,0,0,0.080856,2,0,0,0,-2,0,1,1,2,0,1,1
0,0,0,0,0,0,0,-0.777778,2,0,2,0,0,0,1,0,-0.428571,1,0,0,0,0,-1,0,0,0,1,0,0,1,1,0,1.54715,16,3,0,1,1,1,2,0.604651,0,0,-0.886986,1,1,0,0,0,0,-1,0,0,-1,0,2,0,0,0,0,0,0,0,0,0,1,0,1,0,0,0,0,0,0,5,0,0,1,0,0,1,0,0,0,0,2,0,-0.333333,2,0,-0.929,0,0,2,0,0,0,0,0,4,0,1,1
0,0,0,1,1,0,0,-0.898298,0,0,0,0,0,-1,1,-4,-0.545051,0,0,1,0,0,0,0,0,0,1,-1,0,1,1,0,3.85243,16,0,0,1,1,0,0,1.006786,0,1,-0.789356,0,1,0,0,0,1,0,0,0,0,0,0,0,0,2,-1,0,1,0,0,0,1,-1,2,0,0,0,0,0,0,-1,0,-1,0,0,1,1,0,0,1,0,1,0,0.394332,0,0,-0.668881,0,0,0,0,0,0,0,-1,0,1,1,1
0,0,0,0,0,1,0,-0.56252,0,0,0,0,-2,0,0,0,0.017672,0,0,1,0,2,0,0,0,0,0,-1,0,1,1,0,2.45714,16,0,0,0,1,0,0,0.774648,2,0,-0.813604,0,1,0,0,0,3,0,0,0,0,0,0,0,0,0,0,0,0,0,0,0,0,0,0,0,0,0,0,2,0,0,0,0,1,0,0,1,0,0,1,0,2,0,-0.729059,0,0,-0.669833,0,0,0,0,1,0,0,0,0,0,1,1
0,0,0,0,0,0,-1,-0.750435,0,-1,0,0,0,0,0,-1,-0.419041,0,0,0,0,0,0,0,0,0,0,1,0,-1,0,0,1.05383,2,0,0,0,1,0,1,0.264706,0,0,-0.764518,1,0,0,0,0,1,0,0,0,-1,1,3,0,1,-2,0,0,0,0,1,-1,0,1,0,0,0,0,0,-1,0,0,0,0,0,0,0,1,1,0,0,0,0,0,1.286589,0,0,-0.661395,0,0,0,0,0,-1,-2,0,0,0,0,1
0,0,0,-2,0,-2,0,-0.827151,0,-1,0,0,2,0,0,1,-0.716679,0,0,0,0,-1,0,-1,0,0,1,-1,1,-2,0,0,1.03062,1,0,-1,0,0,0,0,0.272313,0,0,-0.641755,0,0,0,0,0,0,1,0,0,0,0,1,0,0,0,0,0,0,0,1,-1,3,0,0,1,0,0,1,-2,0,0,0,1,0,0,0,0,0,0,2,0,0,0,-0.676511,1,0,-0.791043,-2,0,0,3,0,0,0,0,0,0,0,1
1,-3,-1,-2,0,0,0,-0.651738,0,0,1,0,0,0,0,0,0.014692,0,0,3,1,0,0,0,0,0,0,2,-2,0,1,0,1.43776,5,-1,0,1,0,0,0,0.23875,0,-1,-0.613941,0,0,0,0,0,0,0,0,0,0,1,0,0,0,0,0,0,0,0,1,0,1,1,0,0,0,0,0,-1,0,0,0,0,1,0,-1,-1,0,0,0,0,1,0,-0.710849,0,0,-0.665962,1,0,0,0,0,0,0,0,0,0,0,1
0,0,0,0,0,0,0,-0.694752,0,0,0,0,0,0,5,-1,-0.691079,1,0,0,1,0,0,-1,1,0,-1,0,0,0,0,0,2.28789,13,0,0,0,2,0,0,0.96743,0,0,-0.12785,0,0,0,-1,0,-1,0,0,0,0,1,0,1,3,0,1,0,0,0,1,0,-2,0,0,0,0,-2,0,0,0,0,0,0,0,0,0,0,1,0,0,0,0,0,-0.62987,0,0,-0.847594,0,0,0,0,-1,1,0,0,1,0,1,1
0,0,0,1,0,2,1,-0.736578,0,0,0,1,0,-1,2,5,-0.84465,0,1,3,1,0,-1,0,2,0,0,0,4,0,-2,1,1.50401,4,0,0,0,0,1,0,0.327642,2,0,-0.792016,0,0,0,0,0,0,2,3,-1,0,3,0,0,1,0,0,0,1,0,1,0,0,0,-1,2,0,0,0,0,-1,0,0,0,0,0,0,0,1,0,0,0,0,0,-0.494579,0,0,-0.783582,0,0,0,0,0,1,0,2,1,1,1,1
0,0,0,1,0,0,0,-0.6843,0,0,6,1,0,-1,0,0,-0.645411,0,1,0,1,0,0,-1,0,0,0,0,0,0,1,1,3.15531,2,-1,1,0,0,0,0,0.812371,0,0,-0.678285,0,0,0,0,1,0,1,0,0,1,1,0,0,0,0,0,0,0,2,1,0,0,0,0,0,0,-1,-1,0,0,0,0,0,0,0,0,1,0,0,0,0,0,0,-0.629001,1,0,-0.721525,0,0,3,0,0,1,0,1,1,0,1,1
0,-1,0,0,0,1,-1,-0.478261,0,-2,0,0,0,0,0,0,0.171059,0,1,0,0,0,1,0,1,0,0,0,1,0,1,0,1.75763,5,0,0,0,1,1,0,1.255608,1,0,-0.801018,1,-2,0,-1,0,1,0,0,0,1,0,0,0,0,0,1,0,0,0,0,0,0,0,0,1,0,0,0,2,1,0,0,0,1,0,0,0,0,0,0,0,1,0,-0.559101,0,0,9.55422,1,0,0,0,0,0,0,-1,-1,0,1,1
1,0,0,0,0,0,0,-0.65496,-1,0,0,0,0,0,0,0,-0.555556,0,1,1,0,0,1,-1,0,0,1,0,1,0,1,0,1.74286,4,1,1,0,1,1,1,2.359246,1,0,-0.566311,1,1,0,0,1,0,0,0,0,1,2,0,0,2,0,1,-1,0,-1,-1,0,-1,0,0,0,1,0,-1,1,0,0,0,1,0,0,0,1,0,0,0,0,0,0,-0.646825,0,0,9.469699,0,-1,0,0,-1,1,1,0,0,1,1,1
0,-2,0,1,0,1,0,-0.33346,0,0,0,0,0,0,-1,0,-0.803612,0,1,1,0,0,0,0,0,0,-2,0,1,0,0,0,1.75232,5,0,0,0,1,1,0,2.091266,1,0,-0.771111,1,0,0,0,0,0,0,0,0,1,0,0,0,0,0,1,0,0,0,0,1,0,0,0,1,0,1,0,0,1,0,0,0,1,0,0,1,0,0,-1,1,1,0,-0.563478,0,0,8.628513,1,0,0,-1,1,1,0,3,-1,0,1,1
0,0,0,0,0,1,0,-0.472782,0,0,-1,0,0,0,0,0,-0.567371,-1,0,0,0,0,0,2,0,0,1,0,0,0,0,0,1.9585,8,0,0,0,0,0,1,0.340691,0,0,7.123915,0,0,0,0,1,2,1,0,0,0,0,0,0,1,2,1,0,3,1,0,-1,0,1,1,0,1,1,0,0,2,0,-1,2,0,0,0,0,0,0,0,0,0,0,-0.470393,0,-1,-0.868878,0,0,0,0,0,1,-1,1,0,1,0,1
1,0,0,0,0,0,3,-0.454545,0,0,0,0,0,0,0,0,-0.855716,0,0,0,1,0,0,0,0,1,1,0,0,0,0,0,0.83436,11,0,0,0,0,0,1,0.643399,0,0,9.004912,0,1,0,0,1,0,1,-1,0,0,0,0,0,0,0,0,0,0,1,0,0,0,1,2,0,0,-1,0,0,0,0,0,-1,0,0,0,1,0,0,0,0,0,0,-0.710333,0,0,-0.751334,0,-1,0,0,0,0,0,0,0,1,0,1
0,1,0,0,0,-3,3,-0.579005,0,0,0,0,0,0,0,0,-0.511821,1,0,1,0,0,0,4,1,1,0,0,0,0,1,0,1.08754,2,0,0,0,0,0,-2,0.571429,0,1,8.285745,0,0,0,0,1,0,1,0,0,-1,0,1,0,0,2,1,1,0,1,1,1,0,0,1,0,1,0,0,1,0,2,0,0,0,0,2,0,0,0,0,0,0,0,-0.491762,0,0,-0.756465,0,0,0,0,0,0,0,1,0,0,0,1
0,0,0,1,0,0,1,-0.774645,0,0,0,0,1,1,0,1,1.452719,0,1,0,4,1,1,0,0,0,-1,0,2,0,2,0,0.73367,0,0,0,-1,0,0,1,1.739009,0,0,-0.684211,2,0,-1,0,0,0,0,0,-1,0,0,0,0,0,1,2,-1,0,0,0,0,0,0,0,-3,0,0,0,0,1,0,-3,1,0,0,1,0,0,0,0,0,0,0,-0.798415,-1,0,-0.636364,0,0,0,1,0,1,-1,0,0,0,1,1
0,0,0,1,0,2,2,-0.714286,0,0,0,0,0,-1,2,0,-0.6,0,1,0,0,2,0,0,0,0,0,2,0,0,0,0,0.67421,3,0,0,0,1,0,0,0.587868,0,0,-0.760398,0,0,0,0,0,0,0,0,0,0,0,0,1,-3,0,1,0,0,0,0,0,0,0,0,0,1,0,0,0,-2,0,1,-1,0,1,0,0,0,0,0,1,-2,0,-0.587308,0,0,-0.620017,0,0,0,0,0,0,1,0,0,2,1,1
0,0,0,1,0,0,0,-0.749467,0,0,0,0,0,0,0,0,-0.768605,0,0,0,0,0,-1,-1,1,-1,0,0,0,0,0,0,1.23652,4,0,-1,0,1,0,0,3.778728,0,0,-0.788878,0,0,0,2,0,0,0,-1,0,0,0,0,-1,-2,0,0,0,-1,0,0,0,0,-1,0,0,1,0,0,0,0,0,0,3,-2,1,0,0,-1,0,0,0,1,0,-0.751288,0,0,-0.612374,0,0,0,0,0,0,0,3,0,0,1,1
0,0,0,0,0,0,-1,-0.796379,0,0,1,0,0,0,0,0,-0.4,-1,0,0,2,0,-1,-1,0,1,0,0,0,2,0,1,1.37684,9,0,0,0,0,0,0,1.22222,0,0,-0.378088,0,3,0,0,0,0,0,0,0,0,0,1,-3,0,0,0,0,0,0,0,0,2,0,-1,0,0,0,0,1,-2,2,0,0,0,0,-1,0,0,-1,1,0,0,0,-0.8,0,0,-0.612014,2,0,0,0,1,0,1,-1,-1,0,1,1
0,0,-1,-2,0,0,0,-0.368421,0,0,0,0,0,0,2,0,-0.159834,0,-1,-1,1,0,-2,-1,0,0,0,0,2,0,1,0,1.16967,5,-1,0,0,-2,0,0,1.196003,0,0,-0.733333,0,0,0,0,1,1,0,2,-1,0,-2,0,0,0,0,0,0,0,0,0,0,3,0,1,0,1,0,0,0,-1,0,0,1,0,0,0,0,0,0,1,0,1,0,-0.819341,0,0,-0.729046,0,0,0,0,1,0,1,-1,0,0,1,1
0,0,0,1,0,0,1,-0.814705,0,0,0,0,-1,0,0,1,-0.259676,0,0,0,1,0,0,1,1,2,0,3,0,0,0,0,0.60442,0,0,0,2,0,-1,0,1.19822,0,0,-0.733333,-1,0,0,0,0,0,0,0,0,0,2,1,0,0,0,0,0,0,0,0,0,0,0,0,0,1,0,0,5,0,0,0,0,0,0,0,0,0,0,1,0,0,0,-0.76932,0,0,-0.789433,0,0,2,0,1,-1,0,1,1,0,1,1
0,2,0,1,-1,0,0,-0.454545,0,0,0,0,0,0,2,3,-0.35688,0,0,2,1,0,0,0,0,0,1,2,0,2,0,0,0.82944,7,0,0,1,0,0,0,1.291815,0,0,-0.777723,0,0,-2,0,0,-1,1,0,0,0,1,0,0,0,0,1,0,3,1,0,1,0,-3,0,0,0,0,0,1,0,0,0,-1,0,1,1,0,0,0,0,0,0,-1,-0.674057,0,0,0.049881,0,0,3,0,0,2,0,0,0,0,1,1
0,0,0,1,0,0,0,-0.415748,0,0,0,0,0,0,0,0,-0.26252,0,0,0,-2,0,0,0,0,-1,1,2,0,0,1,1,3.22709,5,0,0,1,0,0,0,2.098229,0,0,-0.234347,0,0,0,1,0,0,0,0,0,0,1,0,0,1,0,-1,0,0,3,1,1,0,0,1,2,0,0,1,0,-1,0,0,-1,0,-1,0,0,0,0,0,0,0,0,-0.372539,0,0,-0.627279,2,0,-1,0,-1,0,-1,0,0,0,1,1
0,0,0,0,0,0,-1,0.520362,0,0,1,0,0,-2,0,0,0.195029,0,0,0,3,-1,1,0,0,0,1,0,0,2,0,0,0.68571,4,0,0,1,0,-1,0,2.157713,2,1,-0.077369,-1,0,0,0,0,0,0,0,0,0,1,0,0,0,-1,-1,0,1,2,0,0,-2,0,0,0,1,0,-1,0,0,0,0,0,2,0,1,0,0,0,0,0,-1,0,-0.862217,0,0,-0.834646,-1,0,0,0,0,1,-1,0,1,0,1,1
0,0,0,0,0,-2,-1,-0.714286,0,0,0,0,0,0,0,0,-0.838446,0,0,1,0,0,0,0,0,0,0,0,-2,0,0,0,1.79047,4,-1,-1,2,1,1,0,0.882984,0,0,-0.738853,0,-1,0,0,1,0,0,0,0,0,0,0,-3,0,-2,0,0,-1,0,0,0,1,0,0,0,0,1,0,0,0,0,0,0,4,0,0,0,1,0,1,0,2,0,-0.648251,0,0,-0.71492,0,0,-1,-2,-1,-2,0,0,1,0,0,1
0,0,0,0,1,-2,0,-0.728719,0,0,0,0,0,1,-1,0,-0.774913,0,1,0,0,2,0,-1,0,0,0,0,-1,0,0,0,2.03707,11,0,0,0,0,0,0,0.853659,-3,-1,-0.755471,0,0,1,0,0,0,0,-2,1,0,0,0,0,0,0,-1,0,-1,1,0,1,0,-1,-1,0,0,0,0,1,0,0,0,-1,0,0,-1,2,1,-1,0,0,3,0,-0.691002,-1,0,-0.809909,-1,0,0,0,0,0,1,0,3,0,0,1
0,0,0,0,0,0,0,-0.628545,0,0,0,0,0,0,0,1,-0.451181,1,0,-1,0,0,1,0,0,1,0,0,0,0,0,0,1.31611,5,0,0,0,-3,-1,0,0.813922,1,0,-0.70157,0,0,1,0,0,0,0,0,1,0,0,0,0,0,-1,0,0,0,-1,-2,1,1,0,0,0,1,1,1,0,1,0,0,1,1,0,1,0,-1,0,1,0,0,0,-0.509457,0,-1,0.002461,2,0,0,0,0,0,0,-1,-1,0,0,1
0,3,0,2,0,0,0,-0.538462,0,0,0,0,0,0,0,0,-0.11622,0,0,0,-2,0,0,1,1,0,-1,0,-2,0,0,0,0.71429,3,1,0,1,1,-1,0,0.28,0,1,-0.789309,0,0,0,2,-1,0,0,0,0,-1,-1,-1,-1,0,0,0,0,-1,-2,2,0,0,0,0,0,0,0,0,-1,0,0,0,0,0,0,2,0,2,0,0,0,2,0,-0.875364,0,0,0.729407,1,1,0,0,0,0,0,0,0,2,0,1
1,0,1,1,0,0,0,-0.456591,0,0,0,0,0,0,-1,0,-0.62815,0,0,0,0,1,0,-1,1,0,0,0,0,0,0,0,0.71429,8,0,0,0,0,-1,-1,0.28,0,0,-0.250521,0,0,0,0,0,0,-2,0,0,-1,0,2,1,3,0,0,0,0,1,-2,0,-1,0,0,0,0,1,0,1,-2,0,0,0,0,0,0,0,1,0,0,0,1,0,-0.698186,0,0,-0.691535,0,0,0,0,1,0,-1,0,0,0,0,1
0,2,0,0,0,1,0,0.575019,0,-1,0,-1,0,0,-1,2,-0.831249,0,0,-1,0,0,0,0,0,0,0,-2,-1,0,0,0,0.71429,0,0,-1,0,1,-1,0,0.28,0,0,-0.749555,0,0,0,0,0,0,0,0,1,1,0,0,0,0,-1,0,0,0,0,0,0,0,0,3,0,0,0,0,1,0,0,0,0,0,0,0,1,1,0,0,0,-1,0,-0.256047,-1,0,-0.727139,0,0,0,0,-1,0,0,0,0,1,0,1
0,0,0,1,1,0,0,-0.764706,0,0,-1,0,0,0,1,2,-0.772288,0,0,1,0,-1,0,0,1,0,0,0,0,0,0,0,0.44281,3,-2,0,0,0,-1,0,1.520967,0,0,-0.480549,0,0,0,0,0,0,0,0,0,-3,-1,0,-3,0,0,0,1,0,0,0,0,0,0,0,-5,-1,0,0,0,-3,1,0,2,0,0,1,0,0,0,0,0,0,0,-0.672062,0,0,-0.464519,-3,0,0,0,0,0,0,0,0,1,0,1
0,0,1,0,0,0,1,-0.757726,0,0,0,0,1,0,1,0,-0.663497,1,0,0,0,-1,0,0,1,0,1,0,2,-1,0,0,1.21703,0,0,0,-1,-1,0,0,1.099969,0,1,-0.696425,0,0,0,0,0,0,0,0,0,2,0,3,-1,0,1,0,1,0,0,0,1,-3,0,0,0,0,4,1,0,0,0,0,0,1,0,2,0,0,1,1,0,0,0,1.306374,0,0,-0.73913,0,0,1,0,0,1,0,-1,0,0,0,1
-1,0,0,1,2,-2,2,-0.764706,-1,0,0,0,0,0,0,0,-0.577981,2,0,1,0,0,-2,1,1,0,0,-1,1,2,0,0,0.94742,2,0,0,-2,1,0,0,1.967887,0,2,-0.77038,0,0,0,1,0,0,0,1,0,-1,1,1,-1,1,0,0,1,0,0,0,0,0,0,0,0,0,0,0,0,0,-1,0,0,0,-1,1,0,-1,1,0,0,-2,0,-0.823484,0,0,-0.371199,-1,0,-2,0,0,0,-1,-2,0,0,0,1
0,1,0,0,0,1,-1,-0.467629,1,4,0,0,0,1,0,2,-0.706308,-1,0,0,0,-1,0,0,0,0,0,3,0,0,0,0,2.22857,7,0,-4,0,0,0,0,0.575668,0,0,-0.846154,2,-4,0,0,0,0,0,0,0,1,-1,0,0,0,0,0,0,-1,0,0,0,0,0,0,0,0,0,-1,0,0,0,0,0,0,-1,0,1,0,0,-1,0,0,0,-0.825733,0,0,-0.723886,0,0,2,0,0,0,2,0,0,1,1,1
0,0,1,0,1,0,0,-0.645659,-1,0,1,0,1,0,0,1,-0.669059,0,0,0,1,2,0,0,0,0,0,0,0,0,1,0,1.00947,15,0,1,0,0,0,-1,1.118433,0,0,-0.704958,0,0,0,1,0,0,0,0,0,1,0,0,0,0,0,0,0,0,0,2,-1,0,0,-1,3,0,0,0,-1,0,0,0,1,0,0,0,0,0,0,0,0,1,0,-0.218289,0,0,-0.547466,0,0,0,1,2,1,2,1,0,0,1,1
0,0,0,0,0,1,3,-0.387714,0,0,0,0,0,0,0,1,-0.698581,0,-1,0,1,0,0,2,0,0,0,1,0,3,1,0,1.97261,8,0,0,0,0,0,0,0.995066,0,-1,-0.846154,0,0,1,0,0,0,0,0,0,0,0,0,0,0,1,0,-1,0,0,0,0,0,1,0,0,0,0,-1,0,0,2,0,1,0,0,0,0,0,0,0,1,1,0,-0.406182,2,0,-0.552353,0,0,0,0,1,1,0,0,0,-3,1,1
-1,0,1,0,0,1,0,-0.673424,0,0,0,0,0,-1,0,0,-0.669323,0,0,0,0,0,2,-1,0,0,0,0,0,0,0,1,0.65714,1,1,0,0,0,0,0,0.569507,2,0,-0.638086,0,0,0,0,0,0,-1,0,0,0,0,3,1,0,-1,0,0,0,0,0,-5,0,1,0,0,0,0,0,1,0,1,0,0,0,0,0,0,0,0,1,0,0,0,-0.844418,0,-1,-0.357348,0,0,0,0,0,0,1,1,0,0,0,1
0,0,1,0,0,2,0,-0.666667,0,-1,-1,0,0,0,0,2,-0.686331,0,0,0,0,-1,1,0,0,0,1,0,0,-2,0,0,1.3133,0,0,0,1,0,1,0,0.604403,1,0,-0.812912,0,0,-1,1,0,0,0,0,0,0,1,0,0,-1,0,0,0,1,-1,0,0,1,0,0,1,0,2,0,0,0,0,0,-1,1,0,2,0,1,0,0,0,0,1,-0.850859,0,-2,-0.68011,0,-1,0,0,0,0,1,0,-1,0,0,1
0,0,0,0,0,0,0,-0.338885,0,0,0,0,0,0,0,0,-0.67175,-1,-1,-2,1,0,-1,1,0,0,0,-2,-2,-2,0,0,0.85871,0,0,0,0,0,0,0,0.565217,0,0,-0.808157,0,0,0,0,0,0,0,0,0,-1,0,1,2,0,0,0,0,-1,0,0,0,3,0,3,-1,0,3,4,1,0,-1,0,-1,-1,0,1,0,1,1,0,0,0,0,0.361524,1,0,-0.629794,0,1,1,0,0,0,0,0,0,0,0,1
0,-1,-3,0,0,0,0,-0.742502,-1,0,0,0,-1,-1,0,0,-0.569643,0,0,1,0,-1,0,0,0,0,0,0,0,0,0,0,2.80386,3,1,1,1,0,0,0,0.82,0,0,-0.619853,0,1,0,0,0,0,0,0,0,0,0,0,-1,3,3,0,0,0,0,2,0,0,0,0,0,1,0,0,1,0,0,0,0,0,0,0,0,0,0,1,0,0,0,-0.564086,0,0,-0.621567,0,0,0,-1,0,0,0,0,0,0,1,1
0,0,0,0,0,0,0,-0.223092,0,0,0,0,1,0,0,-1,-0.707945,0,0,1,0,0,0,0,0,1,0,0,0,0,0,2,3.23098,4,0,0,0,-1,0,0,0.645437,-1,0,-0.78142,0,0,0,0,1,0,0,0,0,0,0,2,0,0,0,0,0,2,-2,0,0,0,0,0,0,1,0,0,1,0,0,0,1,0,0,1,0,0,0,1,0,0,-1,-0.727273,0,0,-0.587546,2,0,0,0,0,0,2,0,-1,0,1,1
0,-1,0,0,0,-2,0,-0.333333,0,0,0,-1,-1,0,0,0,0.213949,0,0,1,2,0,1,0,1,0,0,0,0,0,2,0,1.20128,3,0,0,1,3,2,0,3.219966,0,4,-0.805843,0,0,0,0,1,0,-1,0,0,0,1,0,-2,0,0,0,1,0,0,-1,3,0,-2,0,0,1,3,-5,1,-1,0,0,0,0,0,1,-2,0,0,1,0,-1,0,-0.462542,0,0,-0.612287,0,0,2,0,0,0,0,0,0,0,1,1
0,0,-1,2,0,0,-1,-0.803923,1,0,0,0,0,-1,0,-1,-0.576747,0,1,0,0,0,1,0,0,0,0,0,0,0,0,0,1.1685,18,0,1,0,-1,0,0,1.186767,0,0,-0.653352,0,1,0,0,1,0,0,0,0,0,0,1,0,1,0,0,0,0,0,1,0,1,0,1,0,1,0,0,0,1,-1,0,0,0,0,1,0,0,0,1,0,0,-1,-0.727273,1,0,-0.423616,0,0,0,0,0,0,0,0,1,0,0,1
0,-3,0,0,0,0,0,-0.64299,0,0,0,0,0,0,-1,0,-0.594939,0,0,0,-2,0,0,0,0,0,0,0,2,-3,0,1,1.44768,6,-1,1,-3,0,0,0,1.416084,0,0,-0.664178,0,1,0,0,0,1,0,0,0,2,1,1,0,0,0,0,0,0,0,0,0,1,-1,0,0,0,0,0,0,0,-1,1,0,0,0,0,0,0,0,1,0,0,0,-0.679869,0,0,0.159006,0,0,2,2,0,1,0,0,0,0,0,1
0,1,0,-1,0,0,0,-0.620451,-1,0,0,0,2,0,0,-1,-0.657143,0,1,0,0,0,0,1,0,0,0,0,0,0,4,0,1.40158,4,0,0,0,0,0,-1,1.488486,0,0,-0.707358,0,0,0,0,0,0,0,-2,0,0,0,1,1,0,0,0,0,0,0,1,1,0,0,0,0,1,0,0,0,0,0,0,0,0,0,1,-1,-1,0,1,0,2,0,-0.861981,0,0,-0.527232,0,0,0,0,0,0,0,0,0,0,0,1
0,0,0,0,0,0,-1,-0.586207,0,1,1,0,0,0,0,0,-0.708853,0,0,2,1,0,-2,0,0,0,0,0,3,0,0,2,0.53931,1,0,0,-2,1,0,0,0.744811,0,0,-0.652529,1,0,1,1,0,1,0,0,-1,2,1,0,0,0,1,0,0,0,2,0,1,0,1,1,0,0,0,0,0,0,0,0,0,0,0,0,0,0,0,0,0,0,0,-0.545055,0,0,-0.841053,0,0,0,0,0,-2,0,0,1,0,1,1
0,0,0,0,0,0,0,-0.2321,0,1,0,0,1,-1,-2,1,-0.301008,0,0,1,1,0,0,0,0,0,-1,0,2,0,1,0,0.74286,1,0,0,0,0,-1,0,2.159969,0,1,-0.792984,1,0,0,0,1,0,0,1,0,0,0,0,0,0,0,0,0,0,0,2,0,0,1,0,0,1,1,0,0,0,0,0,0,0,1,1,0,-3,0,0,0,0,-1,-0.518388,0,1,-0.675676,0,0,0,0,0,0,0,0,0,0,1,1
0,0,0,-1,0,0,2,-0.765095,0,1,1,0,0,0,3,0,-0.593105,0,0,0,0,-2,0,0,0,0,1,0,0,0,0,0,0.74286,6,0,1,-3,1,0,0,1.794036,-1,0,-0.67813,1,0,0,-1,0,1,0,0,0,0,1,0,0,0,0,1,0,0,0,0,1,0,1,0,0,0,0,-1,0,0,0,0,0,0,1,0,0,0,0,0,0,0,0,-0.697569,0,0,-0.671335,0,0,-1,1,0,0,-1,0,1,0,1,1
1,0,0,0,0,-1,0,-0.507644,0,0,0,0,0,0,0,0,-0.599977,0,0,0,2,0,0,0,0,0,1,0,3,0,-1,0,1.59491,3,0,0,0,-1,0,0,1.398556,0,0,2.34884,-2,0,0,-2,0,0,0,0,0,1,0,0,0,0,0,1,0,-1,0,0,0,1,0,0,2,0,1,0,2,-1,0,0,-2,0,0,0,0,0,-1,0,0,-2,-1,-0.889982,0,0,-0.768891,0,0,-1,0,0,0,0,1,0,0,1,1
0,2,-2,0,0,0,0,0.699262,0,1,0,0,0,0,0,0,-0.800819,-1,0,0,0,0,-1,1,0,1,0,0,0,-1,0,-1,1.47045,5,0,1,2,0,0,0,1.437507,0,0,8.879278,0,-3,0,0,0,0,0,0,-1,0,1,1,0,0,0,0,0,0,0,0,-1,1,0,1,0,-1,2,0,1,0,0,0,1,1,0,0,0,0,0,2,0,0,0,-0.29367,0,0,-0.727273,0,0,0,0,1,0,-1,1,0,2,1,1
0,1,0,0,-1,1,0,-0.551545,-1,0,-2,0,-1,2,1,0,-0.707317,0,0,0,0,0,-1,0,0,0,0,0,0,-1,0,0,1.65334,3,0,0,0,4,0,0,1.436481,0,0,2.34884,0,0,0,0,0,0,0,0,0,-1,4,0,3,2,0,0,0,-1,0,0,2,1,0,0,0,0,0,0,0,2,0,0,0,2,-1,0,0,1,1,1,0,-1,0,-0.586207,0,0,-0.733183,-2,0,3,0,0,0,0,0,0,0,1,1
1,0,0,0,0,1,0,-0.756727,0,0,2,0,0,1,0,0,-0.470183,0,0,1,0,-2,0,-1,0,0,0,1,-2,0,5,0,2.41477,1,0,1,0,0,0,0,0.454545,0,0,-0.85312,0,0,1,0,0,0,0,0,0,1,-1,2,-1,0,-1,0,0,0,0,0,0,0,1,0,-1,-1,0,1,0,0,1,1,-1,0,0,0,0,0,0,-1,0,1,0,-0.221194,0,0,-0.72093,0,0,7,0,1,0,0,0,1,0,0,1
0,0,3,0,0,1,0,-0.530375,0,0,0,0,0,0,0,-1,-0.490558,0,-1,1,0,0,0,0,0,0,0,1,-2,-1,-1,0,2.2,1,0,1,0,-2,0,0,0.454545,-1,0,-0.664206,-1,-2,1,0,0,1,0,-1,0,0,0,6,0,0,0,0,0,0,0,0,0,0,1,0,-1,0,-1,1,2,1,1,0,0,5,0,-1,0,0,0,0,0,0,3,-0.793907,0,1,-0.894571,0,0,0,1,0,0,0,0,0,0,0,1
0,0,0,0,-2,1,0,-0.520577,0,0,0,0,0,1,0,1,-0.576506,0,0,0,0,0,0,0,0,-1,0,1,1,0,0,0,2.00673,1,0,1,2,1,-1,0,0.454545,-4,0,-0.765285,0,0,1,0,-1,0,0,0,0,1,1,5,1,0,0,0,0,0,0,-1,0,0,0,2,0,0,0,1,0,0,1,1,-1,0,0,-1,0,0,0,0,0,1,0,-0.854969,0,0,-0.876464,0,0,-1,-1,1,0,1,1,1,0,0,1
0,0,1,0,0,0,1,-0.225415,0,0,-1,0,0,0,0,0,-0.833666,0,0,0,0,0,0,0,0,0,1,0,0,-1,-2,0,1.24592,3,0,0,0,2,0,0,2.236594,2,0,-0.737232,0,1,-1,0,0,0,0,0,0,1,0,0,0,-2,0,0,0,0,2,2,1,1,0,0,0,1,0,0,1,1,0,0,0,0,0,0,0,1,0,0,0,0,0,-0.842105,0,-1,-0.699186,2,0,0,2,2,3,0,1,0,0,0,1
0,-1,-1,0,0,0,0,-0.863586,0,1,0,0,0,0,0,0,-0.796009,0,1,0,0,0,0,0,0,0,0,-1,0,0,0,0,1.50102,1,-1,-1,0,0,0,0,0.33783,0,-2,-0.797838,0,0,0,0,0,0,0,0,0,0,1,0,0,1,-2,-2,0,1,-1,0,0,2,0,0,0,0,0,0,1,-1,0,-1,-1,0,0,1,-1,-1,0,-1,0,0,-2,-0.738074,1,-1,-0.785714,0,-1,1,0,-1,1,0,1,0,0,0,1
1,4,0,0,1,0,0,-0.530644,-1,0,2,0,2,0,0,0,-0.781387,0,0,0,0,0,0,0,-1,0,0,0,0,0,0,1,1.0,0,0,0,1,0,0,0,0.46221,0,0,-0.612572,0,0,-2,0,2,1,0,0,0,0,0,0,0,0,0,-2,0,1,0,0,0,0,-1,2,-1,0,0,-3,1,0,0,-1,0,0,0,0,0,2,0,0,-1,0,0,-0.548927,0,0,-0.672777,0,0,-1,0,0,1,0,0,1,0,0,1
0,1,0,0,0,1,0,-0.72093,0,0,0,0,0,0,0,1,-0.368421,0,0,0,0,1,0,0,0,0,0,0,0,0,0,0,1.45049,19,0,0,0,1,0,-1,0.600358,0,1,-0.42189,0,1,0,0,2,0,0,0,0,0,1,-5,1,0,0,0,0,0,0,0,0,0,0,0,0,0,1,0,0,0,2,0,0,0,0,0,0,0,0,1,0,0,0,-0.388293,0,0,-0.376923,0,0,0,0,0,0,0,0,0,0,0,1
0,0,0,0,0,0,-2,-0.737891,0,0,2,-1,-2,0,0,5,-0.850262,0,0,0,1,0,0,0,0,0,0,0,0,0,0,0,1.48449,1,0,0,0,0,-2,0,0.471875,0,0,-0.853049,0,-1,1,0,0,0,0,0,0,0,0,0,2,0,0,2,0,0,2,0,0,0,0,-3,0,1,0,1,0,0,0,0,3,0,0,0,0,1,0,0,0,2,0,-0.808014,0,0,-0.508656,0,0,3,0,1,0,0,0,0,0,0,1
0,0,0,-1,0,1,1,-0.81361,1,0,0,0,0,0,0,0,-0.368421,-1,0,1,-2,0,0,0,0,0,0,0,0,-1,0,0,1.27356,4,2,0,0,0,1,0,0.645949,0,0,-0.769231,0,-1,0,0,1,-1,-1,0,0,-2,0,0,0,-1,0,0,0,1,0,0,-1,0,0,0,1,1,0,-2,0,0,2,0,0,0,0,0,1,0,0,0,0,1,0,-0.361179,0,0,1.509052,0,0,0,0,1,0,-2,0,0,0,0,1
0,1,0,-2,0,0,0,-0.692057,0,1,1,0,-1,1,6,0,-0.755102,0,0,0,0,0,0,0,0,0,0,-1,0,0,1,0,1.3031,7,0,0,0,0,0,0,0.983933,0,0,-0.745052,0,0,0,0,0,0,0,0,0,0,-2,0,1,0,0,0,0,0,0,0,1,0,0,0,2,0,0,0,1,-1,0,0,0,0,-1,0,0,0,0,0,0,0,0,-0.625,0,0,-0.462021,0,0,0,0,0,0,0,0,0,-3,1,1
0,-1,0,0,0,0,0,-0.631085,0,1,-1,0,0,0,0,0,0.351554,0,0,0,0,0,0,-2,0,0,0,0,0,0,0,0,1.28127,9,0,0,-1,0,-1,0,0.946064,-4,1,-0.688411,0,0,-1,0,0,0,0,0,0,0,1,0,0,0,1,0,0,0,0,0,0,0,0,-1,0,-1,1,0,1,1,2,0,0,0,-2,0,0,1,-1,0,0,1,0,-0.619942,0,0,-0.714899,2,0,-1,0,1,0,0,0,1,0,1,1
0,3,1,-1,0,0,0,-0.829448,0,1,0,0,0,0,0,0,-0.76873,0,0,0,0,0,0,0,-2,0,0,2,0,0,0,0,1.31434,4,0,0,0,1,0,0,0.913214,0,1,-0.728244,0,0,0,0,0,0,0,0,0,0,0,0,0,0,0,0,-1,0,0,0,0,0,0,0,2,0,1,0,0,0,0,-1,0,0,0,0,1,0,0,1,0,0,0,-0.504136,0,-1,-0.696427,0,0,0,0,0,1,0,0,1,0,1,1
0,0,0,0,0,0,0,-0.6536,0,0,0,0,1,0,1,0,-0.834875,1,0,0,2,1,1,-1,0,0,-1,0,0,0,2,0,1.50733,1,0,0,0,0,0,0,0.86338,0,0,-0.88626,0,0,-1,0,0,0,0,0,0,4,0,0,0,1,3,-1,0,1,0,0,0,1,0,0,0,-1,0,0,1,-1,0,0,0,0,0,-1,0,0,0,0,0,0,0,0.07874,0,0,-0.758045,-3,0,-2,-1,0,0,0,1,0,0,1,1
0,1,2,0,1,1,-2,-0.68514,0,0,0,0,0,0,1,0,-0.796626,1,0,2,0,1,0,0,0,0,1,3,0,4,0,0,0.88571,5,0,0,-2,0,0,0,1.504526,0,0,-0.709653,0,0,0,1,0,0,0,-1,-2,0,2,0,-1,0,0,1,1,0,1,0,-2,0,-1,0,4,0,0,0,1,0,3,0,0,0,0,0,0,0,0,1,0,0,-2,-0.902591,0,0,-0.425731,3,0,0,0,0,0,0,-1,0,0,1,1
0,2,0,0,0,-1,0,-0.455927,0,0,0,-1,0,0,0,0,-0.705552,1,0,0,0,0,-1,0,0,0,0,0,1,0,0,3,1.08287,5,0,0,0,0,0,0,0.652582,0,0,-0.511342,0,0,0,-1,2,0,0,0,0,0,1,0,0,0,0,0,-1,0,0,0,1,0,2,1,0,0,0,0,0,0,4,0,0,1,0,0,0,-1,0,0,0,1,0,-0.569782,0,0,-0.641314,-1,0,2,0,1,2,0,0,1,0,1,1
0,0,0,0,0,0,0,-0.691514,0,0,-2,0,0,0,0,0,-0.773585,0,0,0,0,0,-2,0,1,2,0,2,0,0,0,-3,0.88105,5,0,0,0,0,0,0,0.709539,2,0,-0.627076,0,0,0,0,0,1,-2,0,0,-3,0,0,0,0,-1,0,0,0,0,0,0,0,-3,0,0,0,0,0,0,2,0,0,0,0,0,0,0,0,0,0,1,1,0,-0.575042,2,0,-0.754763,0,0,0,0,0,0,0,0,0,1,1,1
0,0,-2,1,0,0,0,-0.761974,0,0,0,0,-2,0,0,2,-0.315975,0,1,0,1,0,0,-2,0,0,0,0,0,0,0,0,2.50443,5,0,0,0,1,0,0,1.406109,-1,0,-0.718759,0,-1,0,0,-1,0,0,0,0,0,0,3,0,0,4,0,0,0,0,0,-1,-2,-1,0,0,0,1,0,-1,0,0,0,2,2,0,0,0,0,0,1,0,0,0,3.468878,0,0,-0.727273,0,0,0,0,0,0,0,0,0,0,1,1
0,0,1,0,0,0,-2,-0.703957,1,0,0,-1,0,0,0,0,-0.636654,0,0,2,1,0,0,0,0,0,0,-1,0,0,0,2,1.93651,6,0,0,0,1,1,-1,1.17143,0,0,-0.657143,1,0,0,0,0,0,1,0,-1,0,0,0,1,0,1,0,1,1,0,-1,1,2,-1,0,0,0,0,0,-1,0,0,0,2,0,1,0,1,0,0,0,0,0,0,-0.605794,0,0,-0.317456,0,1,0,0,0,0,0,0,0,0,1,1
0,-1,0,-2,0,0,0,-0.427514,0,0,0,0,0,1,0,0,-0.17766,0,2,1,0,0,0,1,0,0,0,0,0,0,1,0,1.07689,6,0,0,0,0,-1,-1,0.81241,0,0,-0.336553,-1,2,0,0,0,1,0,0,0,1,0,1,0,1,0,0,0,0,0,0,0,0,0,0,0,0,0,0,0,0,0,0,0,0,0,0,0,0,0,0,0,4,1,-0.816055,1,0,-0.205052,0,0,0,0,-1,1,0,0,0,1,1,1
0,0,0,0,0,1,-1,0.295847,0,0,0,0,0,-1,4,1,0.091932,0,0,1,0,0,0,0,1,0,0,2,0,-1,0,0,0.67287,2,0,0,0,0,0,0,0.60143,1,0,-0.764997,0,0,0,0,0,2,0,0,0,0,0,0,0,0,0,2,0,0,2,2,5,0,1,0,0,0,0,2,0,1,0,0,0,0,1,0,0,0,0,0,0,2,0,-0.604877,0,0,-0.03329,0,0,0,1,0,0,0,0,0,0,1,1
0,0,0,-1,-2,0,-1,-0.571429,0,0,0,0,0,0,0,1,-0.4,0,0,1,0,0,0,1,0,-1,0,0,0,2,0,-2,1.50728,9,1,0,0,0,0,0,0.524552,0,-2,-0.716281,-1,0,1,0,0,0,1,0,1,1,0,1,0,-2,0,1,-2,0,0,0,0,0,1,0,0,0,0,0,-2,0,0,0,1,0,0,1,0,2,0,1,0,0,0,-0.692526,0,-1,-0.351936,0,0,1,0,-1,1,0,1,0,1,1,1
0,0,0,1,0,0,0,-0.742158,0,0,0,-1,0,0,0,0,-0.893495,0,0,1,0,0,0,0,0,0,0,0,0,0,-3,0,1.63297,5,-1,0,0,0,3,0,1.143831,0,0,-0.83958,-1,0,2,0,0,0,0,0,0,-1,0,0,-1,0,0,2,0,0,1,0,1,0,0,0,2,0,0,1,1,0,0,0,0,1,0,0,0,0,0,0,0,0,0,-0.459491,0,0,-0.724618,0,0,0,0,0,0,0,0,0,0,1,1
0,0,-1,0,0,-1,0,-0.868552,0,0,0,0,0,0,0,3,-0.829517,0,0,1,3,0,0,0,0,0,0,0,0,3,-1,0,1.60462,7,0,0,-1,0,0,0,0.982456,0,0,-0.787287,0,1,0,0,0,0,0,0,0,0,2,0,6,-1,4,0,0,0,-2,0,0,0,0,0,2,0,0,1,1,0,2,0,0,0,0,0,0,1,0,0,0,0,0,-0.459019,0,0,-0.122043,0,0,0,0,-1,0,1,0,0,0,1,1
0,0,0,0,0,0,0,-0.578091,0,0,0,0,1,0,0,0,-0.710783,0,0,1,0,0,0,0,0,0,0,0,0,0,0,0,1.71091,8,0,0,0,0,0,0,2.246282,2,0,-0.786862,0,1,0,0,1,0,-1,0,3,-2,0,0,4,0,2,0,0,0,1,0,1,0,0,-4,0,0,0,1,4,0,0,0,0,0,0,0,0,-2,0,0,0,0,0,0.661235,0,0,-0.226603,0,0,0,0,0,0,0,0,0,0,1,1
0,2,0,0,0,3,-2,-0.632746,0,0,-1,0,0,1,2,0,-0.628825,0,0,0,2,0,0,1,0,-2,0,2,0,2,1,0,0.57293,7,0,0,0,0,0,0,0.312767,0,0,-0.586642,0,0,0,0,0,0,-2,-1,0,0,0,0,0,0,0,-2,0,0,0,0,0,-1,-1,3,-1,0,0,0,1,0,0,0,0,0,0,0,0,0,0,2,-1,2,0,-0.804899,0,0,-0.068543,2,0,0,0,1,0,0,0,0,0,0,1
0,-3,0,0,0,0,0,-0.523841,0,1,0,0,0,0,0,-1,-0.866318,0,1,0,4,0,0,0,0,1,0,0,0,0,1,0,1.49216,5,0,0,1,1,0,-1,0.246131,0,-2,-0.738905,0,0,1,0,0,0,-1,0,0,0,0,0,0,0,0,0,1,0,0,0,0,0,0,0,2,0,0,0,1,0,-1,0,0,0,0,1,0,-1,0,-4,0,-2,1,-0.543816,0,1,-0.714286,0,0,0,0,1,0,0,-1,0,1,0,1
0,0,0,0,-1,-2,0,-0.675676,0,0,0,0,0,0,-1,0,-0.766968,1,1,0,0,-2,0,0,0,0,0,0,0,-3,2,0,0.97143,1,0,0,0,0,0,0,0.264706,-1,0,-0.639206,0,0,0,0,0,-1,0,0,2,-1,0,0,0,0,-1,0,0,0,0,0,0,4,0,-1,0,0,2,0,0,0,0,0,0,0,0,0,0,0,0,6,0,1,0,-0.802865,0,0,-0.651633,1,0,2,0,2,0,0,0,0,0,0,1
0,0,0,1,0,0,0,-0.643341,1,0,0,0,0,1,-1,-1,-0.84,-1,0,0,0,1,0,0,0,0,0,0,0,3,1,1,1.41097,2,0,1,0,1,1,0,1.810202,0,0,-0.680955,1,0,0,-1,0,1,0,0,0,0,0,0,0,-1,0,0,0,0,2,-1,0,1,0,0,0,3,1,0,-1,1,0,0,0,-1,0,0,0,0,0,2,0,0,0,-0.919724,0,0,-0.708746,5,0,0,0,0,1,1,0,0,0,0,1
0,0,2,1,0,0,1,-0.257065,-1,0,0,0,0,0,0,0,-0.710892,0,0,0,0,1,-2,0,-1,2,0,0,-1,0,0,1,2.03639,14,0,1,-1,1,1,0,1.360597,0,0,-0.853769,1,2,0,0,0,1,0,0,1,0,0,0,0,0,1,0,0,0,2,0,0,0,0,0,2,0,-2,0,0,1,0,0,0,2,0,-1,0,0,0,0,0,0,0,-0.51215,0,0,-0.589845,0,1,0,-1,0,0,1,1,1,3,0,1
2,0,0,1,-1,0,0,-0.31363,0,0,-3,0,0,0,2,0,-0.891033,0,1,2,0,0,0,0,0,3,0,0,0,2,0,0,1.0,2,0,0,0,1,1,0,0.890999,0,1,-0.657143,1,1,0,0,0,0,0,0,0,-1,1,0,0,0,0,1,0,0,1,0,0,0,0,1,0,0,-2,0,1,1,0,0,0,0,0,1,0,0,0,0,0,0,0,-0.52,0,0,-0.620822,3,0,0,0,1,0,0,0,0,1,0,1
0,0,1,0,0,0,1,-0.843259,0,0,0,0,0,0,0,2,-0.727574,0,0,0,1,0,2,0,1,0,2,0,0,0,0,0,1.31914,0,0,1,0,1,0,0,1.122092,0,0,-0.735712,-1,0,0,0,0,-1,1,0,0,0,1,1,0,2,0,-1,0,0,0,0,0,0,1,0,2,0,2,0,3,0,0,0,0,0,0,0,1,0,0,0,0,0,1,-0.611826,0,0,-0.57046,2,0,0,2,0,0,0,1,0,0,0,1
0,0,1,0,0,0,0,-0.532147,0,0,-1,1,-1,0,0,0,-0.245869,0,0,0,1,0,1,-1,1,0,0,3,0,0,0,1,1.05868,0,0,0,0,1,0,0,1.516657,0,-1,-0.728574,1,0,-1,0,0,0,0,0,0,0,-3,0,1,0,1,0,0,0,1,2,0,0,1,0,0,0,0,0,0,0,0,0,0,-1,0,0,0,0,0,0,0,0,0,-0.824719,0,0,-0.652986,0,0,-3,0,0,1,-1,1,0,0,0,1
0,0,1,0,0,0,0,-0.422231,0,1,-2,0,0,-1,0,0,-0.505299,0,0,0,0,0,0,1,0,0,0,0,1,0,0,0,0.99191,0,0,1,2,0,0,0,2.873511,0,0,-0.645664,0,-2,0,0,0,0,0,0,0,0,0,0,1,1,0,0,0,0,0,0,0,0,0,0,0,0,1,0,0,-2,0,0,0,0,0,0,1,0,0,0,0,3,2,-0.625,0,0,-0.356642,0,0,0,0,-1,0,1,0,0,1,0,1
0,0,0,0,1,0,0,-0.602593,0,0,0,0,0,0,0,1,-0.208433,0,0,1,0,0,0,0,0,0,0,0,3,0,0,0,2.62518,10,0,0,0,0,0,0,0.75713,0,0,-0.744681,0,0,0,0,1,0,0,0,0,0,0,0,-2,0,0,0,0,0,-1,1,-1,0,1,-2,0,0,1,0,1,0,0,0,-1,0,1,0,0,0,0,-1,0,2,0,-0.845705,0,0,-0.600179,0,0,0,0,1,0,0,0,0,0,1,1
0,0,-1,1,0,0,0,-0.626984,0,0,0,0,0,0,0,0,-0.548115,1,0,1,2,0,0,0,0,0,-1,0,0,0,-1,0,1.73377,0,0,0,0,-1,0,1,1.773397,0,0,-0.605428,1,-1,0,0,1,-1,0,1,0,0,2,0,-1,1,0,0,0,1,0,0,0,0,1,0,0,0,1,0,0,1,-1,0,0,0,0,0,0,0,0,0,0,0,0,-0.761213,0,0,-0.733578,0,0,3,0,0,-1,2,0,-1,0,1,1
0,1,0,1,0,0,0,-0.645313,0,0,0,0,0,2,4,0,-0.613699,1,0,1,-3,0,0,-2,0,0,0,0,0,0,0,0,0.58673,5,0,0,0,-4,0,0,2.369079,1,0,-0.70838,-1,0,0,0,1,0,0,1,0,2,0,0,0,0,0,2,0,0,0,6,0,0,1,0,0,0,1,0,0,0,0,0,0,6,0,0,0,3,0,0,0,1,0,-0.745629,0,0,-0.664975,0,0,0,0,0,0,-1,0,-1,0,1,1
1,0,0,-6,1,0,2,-0.741914,0,0,0,1,2,0,0,0,-0.428029,0,0,0,1,0,0,1,-1,0,-1,0,0,0,0,0,1.62857,4,0,1,0,1,0,0,3.703399,0,0,-0.858554,0,0,0,1,0,1,0,0,0,3,0,0,-1,0,0,0,0,0,0,0,0,0,0,0,0,0,0,0,0,0,0,0,0,0,0,0,0,0,0,-1,0,0,0,-0.675676,0,0,-0.635332,0,0,0,0,0,-1,1,0,0,0,1,1
0,-1,0,0,0,4,0,-0.818503,2,-1,0,0,0,3,3,0,-0.720454,0,0,0,1,0,0,0,-1,0,0,0,0,0,0,0,2.45261,6,0,1,0,2,0,1,2.19298,2,0,-0.758572,2,0,0,0,0,1,0,0,1,0,3,0,0,0,0,0,0,0,3,-1,0,1,0,1,0,0,0,0,3,0,0,0,0,1,0,0,0,0,0,0,0,0,1,-0.729665,-1,0,-0.603616,0,-2,0,0,0,-1,1,0,-1,0,1,1
2,0,0,0,-1,1,0,-0.564227,0,0,0,0,0,2,0,0,-0.281535,-1,0,0,-1,0,0,1,0,0,0,0,-3,2,0,0,2.43005,6,0,1,0,0,1,0,2.19298,2,1,-0.093606,0,0,1,0,0,1,0,0,0,1,0,0,2,-1,0,0,0,0,0,0,0,1,0,0,0,0,0,0,1,0,0,0,0,0,0,0,0,0,1,0,0,0,0,-0.681808,1,0,-0.59591,0,0,0,0,0,0,2,0,0,-1,1,1
0,0,0,0,-1,0,0,-0.567048,-1,0,0,0,-2,0,3,0,-0.685143,0,0,-1,1,0,0,0,1,0,0,0,0,1,0,0,0.62857,4,0,0,0,0,-2,0,0.669307,1,1,-0.257694,1,0,0,0,0,0,0,0,0,0,0,0,0,1,0,0,0,0,0,1,-1,-3,0,0,0,1,0,0,0,0,1,0,-1,-1,0,1,0,0,0,0,0,0,1,0.194397,0,0,-0.150797,0,0,0,1,0,1,0,0,0,1,0,1
0,0,-1,0,0,-2,0,-0.789313,0,0,3,0,0,0,0,1,-0.609425,0,0,1,0,0,0,0,0,0,0,0,0,1,0,0,1.47946,4,1,0,0,0,2,0,1.229896,0,0,-0.374763,1,0,0,0,0,0,0,1,0,-1,0,0,2,0,0,0,0,0,-2,0,0,0,-1,0,0,1,1,1,0,0,0,0,0,0,0,2,1,0,-1,0,0,1,0,-0.488016,0,0,-0.391571,0,0,-2,0,0,1,3,0,0,0,0,1
0,2,0,0,0,1,0,-0.686485,0,0,2,0,0,0,-1,1,-0.521938,0,0,1,0,0,0,0,0,0,0,-2,0,0,0,0,0.48224,1,0,0,2,0,-1,0,0.727273,0,0,-0.371618,0,0,0,0,0,0,0,0,1,2,0,0,-1,0,0,2,0,0,0,0,0,0,1,0,0,0,1,0,0,0,0,0,1,0,0,1,0,0,0,0,0,0,0,-0.647169,0,1,-0.37313,0,0,0,0,1,1,0,-1,0,0,0,1
0,0,0,-1,0,1,0,-0.726135,1,1,0,1,0,-2,0,0,-0.702691,0,0,1,1,0,0,2,0,0,0,0,0,0,0,0,1.89259,6,0,0,0,1,-1,0,0.53758,0,0,-0.777803,0,0,0,-2,0,0,0,1,0,0,2,0,1,0,0,0,0,-1,0,0,0,1,-2,-1,0,0,0,0,2,0,3,0,3,0,0,-1,0,0,0,0,0,2,0,-0.662178,-2,0,-0.777147,0,0,0,0,0,0,0,2,0,0,0,1
0,0,1,0,0,0,0,-0.719149,0,0,0,0,0,0,0,0,-0.847267,1,0,1,1,0,0,0,-1,0,-1,3,0,0,0,0,1.48963,4,-1,1,0,0,0,0,0.974771,0,0,-0.777778,0,0,-1,0,-1,1,0,0,-1,0,1,2,0,1,1,-1,-1,0,0,0,0,-4,1,0,0,0,1,3,0,0,0,-2,0,0,0,0,0,0,0,1,0,0,1,-0.7,0,0,-0.605017,0,-1,0,0,-2,1,0,0,0,0,0,1
0,0,0,0,0,0,0,-0.731202,1,0,0,0,1,1,0,0,-0.727348,1,0,-1,0,0,0,0,0,0,0,2,0,0,0,-1,1.79852,1,0,1,0,0,0,0,0.830369,0,0,-0.783482,0,0,0,0,0,1,0,1,0,0,0,0,0,0,0,0,0,-1,2,0,0,0,-1,1,2,0,0,0,0,0,0,0,0,0,0,0,0,0,0,1,0,0,0,-0.722106,0,-1,-0.406541,0,0,0,0,-1,0,0,0,0,0,0,1
0,1,0,1,1,2,-1,-0.66417,0,0,0,-1,-3,0,0,-2,-0.674709,0,0,0,0,0,0,1,0,0,0,2,3,0,0,0,2.58948,2,0,1,1,0,0,0,1.274503,2,0,-0.812541,0,3,0,2,0,0,1,0,0,0,0,3,0,0,0,3,0,1,0,0,1,0,0,0,0,0,0,0,0,0,-1,0,1,0,-3,0,-1,1,0,0,0,0,1,-0.399446,0,0,-0.718672,0,0,2,0,0,0,0,0,1,0,1,1
0,0,1,0,1,0,0,-0.679919,0,-1,0,0,0,1,0,2,-0.425108,0,0,3,0,0,0,1,0,0,0,0,2,0,0,-1,1.52519,7,0,-1,0,1,0,-1,1.165819,3,0,-0.773585,0,2,0,-2,0,0,1,0,0,3,0,1,2,0,0,0,-1,0,0,0,0,2,2,0,-2,0,0,-1,0,0,0,0,-1,0,0,0,0,1,0,0,0,0,0,-0.258955,0,0,-0.418052,0,0,0,0,0,0,1,1,-1,0,1,1
0,0,1,-4,0,-2,0,-0.689261,0,-2,0,1,0,1,0,-1,-0.884995,0,0,3,0,0,0,1,0,0,0,0,0,0,0,0,1.04004,1,0,2,0,1,0,0,2.951615,0,0,-0.765556,0,0,0,-1,0,1,1,0,0,2,0,0,0,0,2,0,0,1,0,0,0,0,1,0,0,0,0,-1,0,0,0,0,0,0,0,0,0,0,-1,0,0,0,0,0.825484,0,0,-0.53072,0,0,0,0,0,0,1,2,0,1,1,1
0,0,0,0,0,1,-1,-0.712298,0,0,0,0,0,0,0,0,-0.611769,0,0,1,0,0,0,0,2,-1,0,0,0,0,0,0,1.50571,0,0,0,0,2,0,0,1.040198,0,0,-0.690036,0,0,0,0,0,0,1,0,0,0,1,0,0,0,0,0,0,0,0,0,0,1,-1,0,0,0,0,0,0,0,0,0,0,0,0,2,0,0,0,1,0,0,0,-0.658512,0,0,-0.12207,2,0,0,0,0,1,0,0,0,0,0,1
0,0,0,0,0,0,0,-0.796225,0,0,0,0,1,0,-2,0,-0.468286,0,0,0,0,-1,1,0,1,0,0,0,2,-1,0,0,2.12896,12,1,0,0,0,-1,-1,0.807671,0,-1,-0.7,-2,0,-1,0,0,0,0,0,1,0,0,-2,0,0,0,0,0,0,0,0,-1,1,0,2,0,0,0,0,0,-1,-2,0,0,-4,0,0,0,-1,0,0,0,-2,0,0.510471,0,0,-0.877535,0,0,3,0,-1,1,1,-1,0,0,0,1
1,2,0,0,0,0,0,-0.787813,0,0,0,0,0,-1,0,0,-0.87108,0,0,0,0,0,0,0,-1,0,0,0,3,0,0,0,0.85918,10,0,0,0,0,0,0,0.486099,0,2,-0.888521,-1,1,-1,0,0,0,1,0,0,2,1,3,0,0,0,0,0,0,0,0,0,0,0,2,0,0,2,2,0,0,0,0,0,0,0,0,0,1,0,-1,0,0,0,-0.650221,0,0,-0.636364,0,0,1,0,1,0,0,0,-1,-1,0,1
0,0,0,0,0,0,0,-0.73669,-2,2,0,0,-2,0,0,-1,-0.747771,0,0,-1,-2,0,0,-2,0,1,0,0,0,0,0,0,1.82875,6,0,0,1,1,0,0,0.747072,0,1,-0.797189,-4,0,0,0,0,0,1,1,1,0,0,-1,0,0,0,0,0,-1,0,0,-3,-2,0,-1,0,1,1,0,0,-2,2,0,0,4,0,0,0,-1,0,1,0,0,1,-0.79158,0,-1,-0.514342,0,0,0,0,0,1,0,0,0,0,1,1
0,0,0,0,0,0,0,-0.882274,0,0,0,0,0,0,0,1,-0.428571,0,1,0,0,1,1,1,0,1,0,2,2,0,0,0,1.17136,0,0,0,1,0,-1,0,0.793126,-1,-1,-0.821481,-1,0,0,0,0,0,1,0,0,0,-1,-1,0,-1,0,0,0,0,-4,0,0,0,0,0,0,0,-1,0,0,0,0,0,0,2,0,0,0,0,0,1,0,2,0,0.595042,0,0,-0.642302,0,0,0,-1,0,1,-1,1,-1,1,1,1
0,0,0,1,1,3,0,-0.787613,0,0,0,0,0,0,0,2,-0.269248,0,0,0,0,-1,0,3,-1,1,0,4,3,-1,0,-1,1.87921,0,0,0,1,1,-4,0,0.57909,0,-2,-0.812309,-1,0,0,0,0,0,1,1,0,0,0,0,0,0,0,1,0,0,-1,0,0,0,-1,0,2,0,0,0,1,0,0,0,0,0,0,0,0,0,0,1,0,3,1,-0.443095,0,0,-0.845889,0,0,0,0,0,0,0,1,0,0,1,1
0,1,-1,0,0,0,0,-0.574615,-2,0,0,0,0,0,0,0,-0.161838,0,0,0,0,1,0,0,0,0,1,0,0,0,0,0,1.32557,4,0,0,-1,0,0,-1,0.952486,-1,0,-0.723149,2,0,0,0,0,0,0,0,1,-2,1,0,0,0,0,0,-2,0,0,1,0,0,0,0,0,0,1,0,1,0,0,0,0,0,0,-1,0,0,0,1,0,0,0,-0.780134,1,1,-0.494526,2,-2,0,0,0,0,0,0,0,0,1,1
0,-3,0,0,0,0,0,-0.484686,0,0,0,0,-1,1,2,0,0.415117,0,0,0,0,-1,0,0,0,0,0,2,0,0,0,1,1.34606,2,-1,0,1,0,0,0,0.953717,0,0,-0.71325,0,-1,0,-1,1,-1,0,0,1,0,1,-2,0,0,0,1,1,1,2,1,0,0,0,-3,0,0,1,0,1,0,0,0,1,0,0,0,0,0,0,1,0,-1,0,-0.743063,0,0,-0.497669,0,0,0,0,2,0,-3,0,1,0,1,1
0,-4,0,-1,0,-1,-2,-0.682637,0,0,0,0,0,0,2,0,-0.742629,0,2,0,1,-1,0,0,0,0,1,0,0,0,1,0,1.336,2,1,0,0,0,0,0,0.875241,0,0,-0.728059,-1,0,0,0,0,0,0,0,1,0,0,0,0,0,2,-1,0,0,0,1,0,1,0,2,0,0,0,0,2,1,0,0,-1,0,0,0,0,0,0,1,0,0,0,-0.751849,-1,0,-0.353261,0,0,0,-2,0,2,0,0,1,0,1,1
2,0,0,0,-1,0,-1,-0.673325,0,-1,0,0,-1,0,0,2,-0.577463,0,2,0,1,0,0,0,0,-1,0,3,1,0,0,1,1.20832,1,0,0,0,0,0,0,0.766334,0,-1,-0.700509,1,0,0,0,0,0,0,0,0,0,1,0,0,0,0,0,0,0,0,0,-2,0,1,0,-1,0,1,0,1,-1,0,0,0,0,0,0,0,0,0,0,0,1,0,-0.601503,0,0,-0.80945,2,0,0,0,0,0,0,1,0,0,0,1
0,0,0,0,0,0,0,-0.195067,0,1,0,0,0,-1,0,0,-0.619891,1,0,0,1,0,0,1,0,0,0,0,-1,-1,0,0,1.51126,7,0,-1,0,0,0,0,0.761905,0,-1,-0.714286,0,0,0,1,0,0,0,0,-1,0,0,0,0,0,-1,0,0,-1,0,0,0,1,0,0,0,0,0,-1,1,0,0,0,0,0,0,0,0,0,0,1,0,1,0,-0.63235,0,0,-0.739593,2,0,-1,1,0,0,1,0,0,0,0,1
-1,0,3,0,0,0,0,-0.901758,0,1,0,0,0,0,1,1,-0.652328,0,0,-1,0,0,0,1,-1,0,0,0,0,0,1,-2,1.06047,7,-3,0,0,0,0,1,1.239643,0,0,-0.668089,0,0,0,0,0,0,0,-1,0,2,1,0,0,0,1,0,0,0,-1,1,0,1,1,0,0,0,0,1,2,0,0,0,2,0,0,0,-1,0,0,0,0,0,-2,-0.557774,0,0,-0.573947,2,0,0,1,0,0,0,3,0,0,0,1
0,1,1,1,0,1,0,-0.538462,0,0,0,0,0,0,0,3,-0.471095,0,0,0,0,0,0,0,0,-1,1,0,1,0,-2,0,1.30245,4,0,0,2,0,1,0,1.175457,-1,0,-0.832622,-1,1,0,0,0,0,0,0,0,0,1,0,0,0,1,-1,0,0,0,0,1,1,1,1,0,1,1,0,0,0,0,0,0,0,0,0,-1,0,0,0,0,1,0,-0.71077,-2,1,-0.700062,0,0,0,0,1,0,-2,-1,2,0,1,1
0,0,0,0,0,0,0,-0.848183,0,0,0,-1,-1,0,0,0,-0.246657,0,0,0,0,0,1,0,1,0,0,4,0,0,0,0,0.77922,1,0,0,-1,2,0,-1,1.004362,0,0,-0.726864,4,0,0,0,0,0,0,0,2,0,0,0,0,0,-1,1,0,0,0,5,1,1,1,0,0,1,0,0,0,0,0,-1,0,0,0,0,0,0,0,0,0,0,0,-0.625,0,1,-0.75482,-2,0,0,0,0,0,0,1,0,0,1,1
0,0,0,1,0,0,2,-0.813033,0,0,0,0,0,0,0,-2,-0.03188,-1,0,0,0,-1,0,0,0,0,0,0,0,4,0,-1,0.62945,2,1,-1,0,5,0,0,1.35414,-1,0,-0.771827,-2,0,0,-1,-2,0,1,-1,0,0,1,1,0,0,0,0,0,0,2,0,1,1,1,0,0,1,0,0,-1,0,0,0,0,-2,0,0,0,0,0,0,1,0,1,-0.299312,0,1,-0.587984,0,0,-1,1,0,0,0,-3,0,0,1,1
0,0,0,1,0,0,0,-0.822682,-1,0,0,0,0,0,0,0,-0.832227,0,0,0,0,0,0,0,0,0,0,0,0,0,1,0,1.10015,0,1,0,0,0,0,0,0.558928,3,0,-0.586489,-1,0,0,0,1,0,0,0,-1,0,0,0,0,0,2,0,1,0,0,0,0,1,-1,2,0,1,0,-2,-1,3,0,0,-2,0,0,2,-2,0,0,0,0,1,0,-0.46564,0,0,-0.553205,0,0,0,0,0,0,0,2,0,0,0,1
-1,1,0,0,-1,0,0,-0.222273,-1,0,0,0,0,0,0,0,-0.131534,0,0,0,0,0,-1,0,0,1,0,3,0,0,1,0,1.03396,0,0,0,0,0,2,0,0.956467,0,0,-0.525255,0,0,0,0,0,0,-1,0,-1,0,0,0,-1,2,2,0,1,1,0,1,0,1,-1,0,0,-1,1,0,1,0,2,0,0,1,0,0,0,-1,0,0,0,1,0,-0.623887,0,1,-0.592461,0,0,0,0,1,0,1,0,0,1,0,1
-2,0,-1,1,0,0,0,-0.717979,0,0,0,0,0,0,0,1,-0.549932,0,0,0,0,0,1,-1,0,0,0,0,0,0,1,-1,1.11663,0,0,0,0,-1,0,0,2.306516,0,0,-0.569031,1,0,0,0,0,0,0,0,0,1,0,0,0,0,0,1,1,0,0,1,1,0,0,2,5,0,5,0,0,0,0,0,0,0,2,0,0,0,-1,-2,0,1,0,-0.450879,0,0,-0.888671,0,0,-4,0,0,0,0,-2,0,0,0,1
0,0,0,0,0,1,1,1.749547,2,0,0,0,0,1,0,0,-0.539729,0,-1,0,0,0,0,0,0,0,0,0,0,0,1,0,1.01648,9,0,0,0,0,1,0,0.207617,-1,0,-0.412137,0,0,1,0,1,1,0,0,-1,1,0,0,0,0,0,1,1,0,0,0,-1,0,-1,0,0,0,1,1,0,0,2,0,1,0,0,0,0,0,0,1,1,0,0,-0.636887,0,0,-0.671764,0,0,-3,0,0,-1,0,1,0,0,1,1
0,0,0,0,0,0,1,-0.54995,1,0,0,0,0,0,0,1,-0.576839,0,0,0,-1,1,0,0,0,0,0,0,4,0,0,1,0.76585,3,0,0,0,0,1,-1,1.939499,0,0,-0.698697,0,-1,1,0,0,1,1,0,-1,0,0,-4,0,0,0,2,1,0,0,-1,0,1,1,0,0,-1,0,0,0,0,0,0,0,0,0,0,1,0,0,1,0,0,0,-0.636364,0,0,-0.626098,0,0,0,0,1,0,0,0,-1,0,1,1
0,0,4,0,0,2,1,-0.266815,1,0,0,-1,0,0,0,0,-0.595578,0,0,2,2,1,-1,0,-1,1,0,0,0,0,0,0,0.98169,1,0,0,-2,0,1,0,1.44444,2,-1,-0.670184,2,0,0,0,0,0,0,0,0,0,0,0,0,0,2,0,1,0,0,0,0,0,1,0,0,0,0,0,5,2,0,0,0,0,0,0,0,0,0,1,1,1,0,-0.666186,0,0,-0.702531,0,0,2,0,1,0,0,-4,1,0,1,1
0,0,0,0,0,1,-3,-0.019914,0,0,0,0,1,0,0,0,-0.649667,0,0,0,1,0,1,0,0,0,0,0,1,0,0,0,2.98,0,1,0,1,-2,0,0,0.59776,0,0,-0.789474,0,0,0,0,0,0,0,0,0,1,0,0,0,0,0,0,0,0,0,0,0,2,0,-1,0,-2,1,0,3,2,0,0,0,0,0,0,0,0,0,0,-1,0,0,-0.680747,0,0,-0.687754,0,0,0,0,0,0,0,0,0,1,0,1
0,2,0,0,0,0,1,-0.687306,0,0,0,0,0,0,0,0,-0.687362,-1,0,1,1,0,-1,0,1,-1,1,0,0,0,-1,0,1.82358,5,0,0,1,-2,0,0,1.360307,0,0,-0.804637,0,-1,0,0,0,0,1,0,1,2,1,0,0,0,2,0,1,2,-1,1,0,0,0,0,-1,0,3,0,0,0,0,0,0,0,0,0,-1,-1,0,-2,0,0,-4,-0.682355,0,0,-0.681396,0,-1,4,-1,0,0,0,0,1,-1,0,1
1,0,0,0,0,1,0,-0.583682,0,0,1,0,1,0,0,0,-0.681579,0,0,0,0,0,0,-1,0,0,0,0,-2,0,0,0,1.98574,5,0,1,0,-1,0,0,0.806869,-1,0,-0.831075,0,0,0,0,0,1,0,0,0,1,1,0,0,0,1,0,1,0,0,1,3,2,0,1,0,-1,0,0,0,1,0,0,0,0,0,0,0,0,0,0,0,1,0,-0.568653,0,0,-0.585626,0,0,0,1,-1,0,0,0,0,0,0,1
0,3,2,0,0,0,0,-0.44167,0,0,0,0,2,1,0,0,-0.677768,0,0,0,1,-1,0,-1,-1,0,0,1,2,0,0,0,0.87258,7,0,0,1,4,0,0,1.951524,0,1,-0.494443,0,0,0,0,0,-1,1,0,0,3,0,0,0,0,7,0,0,-1,0,0,1,1,0,2,-4,1,2,3,-1,0,0,0,1,0,0,0,1,0,0,0,0,1,0,-0.512916,2,0,-0.639225,0,0,0,1,1,1,3,0,1,0,1,1
0,1,2,0,0,0,1,-0.539302,0,0,0,0,1,1,5,0,-0.716245,0,1,1,0,0,0,0,0,0,0,0,0,0,1,2,1.73374,8,1,0,1,1,-1,0,1.703896,3,0,-0.742969,0,0,0,0,0,0,0,0,1,0,0,0,0,0,0,2,0,0,0,-1,2,2,0,0,1,-2,1,0,0,0,0,0,0,0,0,0,0,0,0,0,1,0,0,-0.89233,0,0,-0.5618,0,0,0,1,0,1,0,2,0,1,1,1
0,0,0,0,0,0,0,-0.655881,0,0,2,0,0,0,0,0,-0.72093,0,0,2,2,0,1,0,0,0,0,0,0,0,1,1,1.9961,7,2,0,1,-1,0,0,1.975661,0,0,-0.718818,0,0,-1,0,1,0,1,1,0,0,0,4,3,0,0,2,0,0,-1,0,0,3,-2,2,0,0,1,0,0,0,-3,-2,0,1,0,0,1,1,0,0,0,0,1,-0.628947,1,0,-0.621232,2,0,2,2,1,0,0,1,1,0,1,1
0,0,1,0,0,0,1,-0.652072,-1,0,0,0,0,0,2,0,-0.624777,0,1,0,1,0,0,0,0,1,2,0,2,2,0,0,3.07772,9,0,0,0,0,0,0,0.613837,-3,0,-0.759465,1,0,0,0,0,0,1,0,0,0,0,0,1,0,4,2,0,0,0,0,0,-1,0,0,0,1,0,-1,-1,0,0,0,0,0,0,0,0,3,0,1,1,-1,0,-0.597106,0,0,-0.525733,2,0,0,0,0,0,0,0,0,1,0,1
0,0,-1,0,0,0,0,0.304529,0,1,0,0,0,2,0,1,-0.723866,1,0,0,0,0,0,0,0,0,2,0,0,0,1,0,1.74286,7,0,0,-1,1,0,-1,1.181748,0,0,6.627524,-2,1,0,-1,0,0,0,-1,0,0,1,0,0,0,0,0,0,0,0,0,1,1,1,-2,0,0,0,0,0,0,0,0,0,3,0,0,0,0,0,1,0,-2,0,-0.555556,0,0,-0.585468,5,0,2,0,1,0,0,1,1,0,0,1
0,1,0,-1,1,0,0,-0.733333,0,0,0,0,0,3,2,0,-0.733527,1,0,0,0,0,0,0,-3,-1,0,0,0,2,1,0,2.73675,2,0,0,0,-2,0,0,2.093653,2,-1,-0.803279,0,0,0,0,0,0,0,0,1,3,0,0,1,0,0,0,0,0,0,-4,1,0,0,-1,0,0,0,0,0,0,0,0,0,-4,0,0,0,1,-1,1,1,0,-1,-0.603279,0,0,-0.361861,0,0,0,0,0,0,0,0,1,0,0,1
0,0,0,-1,0,0,0,-0.664229,0,0,0,0,0,0,0,0,-0.257227,0,0,0,0,0,0,-1,-4,1,0,0,0,3,0,0,1.28682,10,-1,0,0,0,1,0,0.810189,0,0,-0.861634,1,0,0,0,0,0,1,0,0,-1,1,0,0,0,0,0,0,0,-1,1,0,0,1,-1,0,0,0,0,0,1,0,0,0,0,0,0,0,0,0,0,0,1,1,-0.7,1,0,-0.674187,0,0,2,1,0,0,0,0,1,0,1,1
0,2,0,0,0,0,0,-0.284025,0,0,0,0,2,0,0,0,-0.714286,1,0,0,0,1,0,0,0,0,0,3,2,0,0,0,1.42523,4,0,0,0,0,-1,0,0.795918,1,1,-0.751379,-2,0,1,1,0,1,0,0,0,2,1,0,0,0,0,0,0,0,0,0,1,0,1,0,0,0,0,0,0,0,2,0,1,0,0,-1,0,0,0,0,0,0,0,-0.574143,0,0,2.175763,0,0,0,0,-1,0,1,2,0,0,1,1
0,-1,1,0,0,0,-1,-0.586207,3,0,0,0,0,-1,-1,0,-0.274476,1,0,-1,0,0,0,-1,0,0,0,0,2,0,0,0,1.53157,5,1,0,-2,-1,0,0,0.885083,-2,0,-0.797524,0,-1,0,0,0,0,0,0,0,-1,1,0,0,0,0,0,0,-2,0,1,0,0,1,0,0,0,0,0,0,0,0,0,-1,0,0,0,0,0,0,0,0,2,0,-0.449977,0,0,-0.608227,0,0,0,0,0,0,0,0,0,0,1,1
0,0,0,0,0,0,0,-0.505135,0,0,0,0,0,0,0,0,-0.544128,0,0,0,0,0,0,0,0,0,0,0,0,0,-3,0,1.54286,8,0,0,-1,0,0,0,1.920044,0,0,-0.583715,0,0,0,0,1,0,1,-1,1,0,0,0,3,0,0,-2,0,0,3,0,-2,0,0,1,5,0,0,0,0,0,0,0,0,-1,-1,-1,0,0,0,1,0,0,0,0.610033,0,0,-0.64475,0,0,0,0,0,0,-2,2,0,0,1,1
0,0,0,0,0,2,-1,0.195422,2,0,1,0,-1,0,0,0,-0.538462,0,0,0,1,0,0,0,0,0,0,0,-1,5,0,0,1.59232,1,0,-1,0,3,0,0,1.133888,-1,1,-0.7766,0,0,1,0,0,0,1,0,2,1,0,-1,-1,0,0,0,0,0,0,0,-1,1,1,4,0,1,0,2,0,0,0,0,0,0,0,0,0,0,0,1,0,0,0,-0.478261,0,0,-0.574669,0,0,0,-1,0,2,0,-2,-1,0,1,1
0,0,0,1,0,0,-1,0.264828,2,0,0,0,0,0,0,0,-0.757478,0,0,0,1,0,0,0,0,0,0,0,0,0,0,-3,1.68773,3,0,0,-1,-1,0,0,1.13421,0,-1,-0.697248,0,-2,0,0,0,0,1,0,0,2,0,0,0,0,0,0,0,0,0,0,-1,0,1,0,0,1,0,0,0,1,0,0,0,0,1,0,0,0,0,1,0,-7,1,-0.819482,0,0,-0.650318,0,0,0,0,0,0,0,0,0,0,1,1
0,-2,0,0,1,0,0,-0.434431,1,0,1,0,1,0,0,0,-0.675367,0,0,1,0,0,0,0,0,0,0,5,-4,0,0,0,2.65376,18,1,1,0,0,1,0,4.018726,0,0,-0.789474,0,0,0,2,0,0,0,1,-1,0,0,0,0,2,1,0,0,0,0,0,-1,-1,0,-1,2,0,0,1,1,4,2,-1,1,1,0,-1,0,0,0,1,0,0,1,-0.427444,0,0,-0.085432,0,0,0,1,1,0,0,2,0,1,1,1
1,-1,2,-2,0,0,0,-0.677491,1,0,0,0,0,-1,0,0,-0.613123,-1,1,0,0,0,0,4,-1,0,0,0,0,0,0,0,0.9676,6,0,0,0,0,0,0,1.293739,0,0,-0.793908,0,0,0,0,0,0,0,0,0,0,0,0,-2,1,2,0,0,0,0,0,0,0,0,0,-1,1,0,0,0,0,0,0,0,-1,0,0,0,0,0,1,0,1,0,1.880145,0,0,-0.538187,0,0,0,1,1,0,0,1,0,0,1,1
0,0,0,0,0,-2,0,-0.104361,0,0,0,-1,7,0,-1,0,-0.636364,0,0,0,0,0,0,0,0,0,-2,0,3,0,0,0,1.81194,12,0,0,0,0,0,0,1.945122,0,0,-0.789474,0,0,0,0,0,0,1,1,0,0,0,0,0,0,0,0,-1,0,0,0,0,0,-1,0,0,0,0,0,1,-1,0,0,0,0,0,0,0,-3,0,0,0,0,2,-0.145394,0,0,-0.836694,0,0,0,1,1,2,0,0,0,0,1,1
0,0,0,0,0,1,0,-0.734173,0,0,0,0,0,0,0,0,-0.784174,0,0,0,0,0,0,0,0,0,0,-1,2,0,0,0,2.03314,4,1,1,1,0,1,0,1.140804,0,0,-0.795651,1,0,-1,0,1,1,0,0,0,1,0,-1,0,1,0,0,1,1,0,-2,0,1,0,0,0,0,0,0,1,0,0,0,0,0,1,0,0,0,0,-2,0,0,0,-0.874182,0,0,-0.713905,0,0,0,0,0,1,0,0,1,0,1,1
0,0,0,1,0,1,2,-0.549967,0,0,0,0,0,0,0,0,-0.070533,0,0,-1,-1,0,0,0,0,0,0,0,0,0,0,0,1.52815,5,1,1,0,0,0,0,1.51862,2,0,-0.840626,1,0,0,0,1,1,0,0,0,1,0,0,2,1,2,0,1,1,0,-3,0,1,0,2,0,0,0,0,0,3,0,0,-1,0,1,0,0,0,0,1,-1,0,0,-0.790246,0,0,-0.708152,0,0,0,0,0,0,0,1,1,1,1,1
0,0,0,0,0,1,0,-0.673342,1,0,0,0,-1,0,-1,2,-0.7,0,0,1,0,0,0,1,0,0,0,-2,6,0,0,0,1.9135,1,0,0,0,1,0,0,1.196849,2,1,-0.827247,1,1,0,0,0,2,0,0,0,1,0,1,1,1,0,1,0,0,0,1,0,0,1,0,0,0,2,0,0,0,3,0,0,0,0,0,1,0,0,0,1,0,0,-0.738298,1,2,-0.796963,0,0,2,0,0,0,-1,0,1,-1,1,1
0,0,1,0,0,0,0,-0.358585,0,0,0,0,0,0,0,0,-0.633792,2,1,0,0,0,0,0,0,0,0,0,1,0,0,0,0.54936,6,0,0,0,0,1,0,0.636364,0,0,-0.665566,1,0,0,-1,0,0,0,0,0,-3,0,0,0,0,0,0,-1,-1,0,-2,1,0,0,1,0,0,1,-4,0,2,-3,-1,0,-1,0,0,0,0,0,1,0,3,1,-0.526172,0,1,-0.634752,2,0,0,-1,0,0,0,-1,1,0,0,1
0,0,1,0,0,0,0,-0.49636,0,0,0,0,0,0,-1,0,-0.399664,1,0,0,-2,1,0,0,0,0,0,0,0,0,0,0,0.87904,0,1,0,0,0,1,0,0.53862,2,0,-0.746795,-1,3,2,0,0,2,0,0,0,0,0,0,0,0,0,1,0,0,0,0,2,2,0,1,0,0,0,0,0,0,0,0,0,0,0,0,0,-1,0,1,0,2,0,-0.470936,-1,0,-0.854113,0,0,0,0,0,0,0,0,-1,0,0,1
0,1,1,-1,0,0,-1,-0.432954,0,0,-3,0,0,0,0,1,-0.608939,1,0,0,0,-1,0,-1,0,0,-1,2,2,0,0,0,0.48119,0,0,0,2,0,1,0,0.725246,0,0,-0.636364,0,1,-1,-1,1,0,0,0,0,1,0,0,-4,-1,0,0,0,0,0,0,0,0,0,1,0,0,-7,0,0,-2,-1,0,0,0,0,0,0,0,0,-2,0,0,-1,1.727612,0,1,-0.650351,0,0,0,0,0,0,0,1,0,0,0,1
-1,0,1,0,0,1,0,-0.73913,0,0,1,0,0,0,0,1,-0.681987,-1,0,0,0,0,0,0,-3,0,0,1,0,0,3,0,1.58115,5,1,0,0,1,0,0,0.406122,2,0,-0.683149,0,1,0,0,0,0,0,0,0,1,-1,0,2,0,1,0,0,0,0,0,0,0,1,1,0,1,0,1,0,0,0,0,0,0,0,0,0,0,1,1,0,1,0,2.726145,0,0,0.358274,0,0,0,0,0,0,0,0,-1,0,1,1
1,0,0,0,0,0,0,-0.619822,0,0,1,0,0,0,0,2,-0.814806,0,0,1,-3,1,0,0,0,0,0,0,0,0,1,0,1.64995,6,1,-1,0,1,1,0,1.334979,0,0,-0.52196,0,0,0,0,0,0,0,0,-2,0,0,0,1,1,1,0,0,0,-3,0,0,0,0,1,0,0,1,0,0,0,0,0,0,0,0,1,0,0,0,0,0,0,0,-0.679995,0,0,-0.793979,0,0,0,0,0,0,0,0,-3,0,1,1
-1,0,1,0,0,0,0,-0.351865,0,0,0,-1,0,2,0,1,-0.602506,0,0,0,0,0,0,0,0,0,0,0,0,0,3,0,1.74286,6,0,0,0,0,0,0,1.447425,0,-1,-0.057927,2,0,1,0,0,0,0,0,-1,-1,0,1,0,1,0,0,-3,0,0,0,0,0,-1,0,0,0,1,-1,0,0,0,0,0,0,0,0,0,0,0,0,0,0,0,-0.755562,1,1,-0.648911,0,0,0,0,0,0,0,0,0,0,1,1
0,1,0,-1,0,0,-1,-0.461377,0,0,0,0,2,1,0,0,-0.650367,0,0,0,0,0,0,0,0,1,1,2,0,0,0,0,3.08764,10,0,0,0,1,0,0,3.314809,4,0,-0.751498,0,0,0,0,0,-2,1,0,0,0,0,1,3,1,0,0,0,0,0,-1,0,0,1,0,0,1,-1,0,0,0,2,1,-3,0,0,2,1,1,0,0,0,1,2,2.17647,0,0,-0.838063,0,1,3,0,0,1,0,1,0,0,1,1
1,0,0,0,0,0,0,-0.418727,0,0,0,0,0,0,0,1,-0.755102,0,0,1,3,0,0,0,0,1,1,0,0,0,0,0,0.53905,12,1,0,0,1,-1,0,1.714493,0,0,-0.870783,2,0,0,0,0,0,1,0,0,0,2,0,0,1,0,0,0,0,0,0,0,0,7,0,-1,0,-1,0,0,0,0,0,0,1,0,0,-1,0,0,2,0,1,0,2.17647,0,0,-0.575974,0,0,0,1,0,0,0,0,0,2,1,1
1,0,0,0,0,0,0,-0.378463,0,0,0,0,0,0,0,1,-0.823465,0,0,0,0,0,0,-1,1,1,1,0,0,0,0,0,1.66255,6,0,0,0,1,0,1,1.986881,0,0,-0.76,0,0,0,0,0,0,1,0,-2,0,0,0,0,1,0,0,0,0,0,0,0,0,0,0,-1,0,0,0,1,2,0,0,1,0,0,0,-1,0,0,0,0,1,0,2.048447,0,0,-0.630564,0,0,0,-1,0,1,3,-2,0,0,1,1
0,0,1,1,0,0,0,-0.753366,1,0,0,1,0,-1,0,1,-0.6791,0,1,1,0,0,0,0,0,0,0,0,0,0,0,0,1.1132,4,0,0,-2,1,1,-1,0.580246,0,0,-0.707317,0,0,0,0,0,0,0,1,1,0,0,0,0,0,0,0,0,0,0,1,0,1,0,0,2,0,0,0,0,0,0,0,0,3,0,0,0,1,0,1,0,0,0,-0.057806,0,0,-0.598778,0,1,2,-2,0,0,-2,0,0,1,0,1
0,0,-1,1,0,0,0,-0.692308,2,0,0,0,1,-1,0,0,-0.736233,0,1,1,1,1,0,-1,0,0,1,0,-1,0,1,0,1.32226,2,0,0,0,1,1,1,0.870908,3,0,-0.762881,0,0,0,0,0,0,0,0,0,3,2,1,0,1,0,-1,0,0,0,0,0,0,0,0,-2,0,0,-1,1,0,0,0,0,0,1,0,0,1,0,1,0,0,0,-0.473415,-1,0,-0.765084,-2,1,0,0,0,1,0,0,-1,0,0,1
0,0,0,1,0,-1,1,-0.673903,-1,0,4,0,0,0,0,0,-0.686139,0,1,1,0,0,0,-1,1,0,0,2,0,0,0,-1,3.58306,10,0,0,-2,1,0,1,0.853659,0,0,-0.791765,0,0,0,0,0,0,0,1,0,0,0,0,-1,0,2,0,0,1,0,1,0,1,0,1,0,0,0,0,0,0,-1,0,-1,0,0,0,0,0,0,1,0,0,0,-0.354094,0,0,-0.421819,0,1,-1,0,0,1,0,0,0,0,0,1
0,1,2,0,0,0,0,0.337003,0,0,0,0,0,0,0,0,1.69388,0,0,0,1,1,0,1,0,1,0,0,0,0,1,0,0.80829,6,0,0,-1,2,0,0,1.02439,3,1,-0.707317,1,0,-1,0,0,0,0,0,0,0,1,0,1,0,0,0,0,0,0,0,0,0,0,-1,0,0,0,0,0,0,0,0,0,0,1,0,0,0,0,1,0,0,0,-0.433308,0,4,-0.835616,0,0,0,0,0,0,0,0,0,1,1,1
0,1,0,0,1,0,0,-0.525574,0,0,0,0,2,0,0,3,4.450886,0,0,0,-1,0,0,1,1,0,0,0,0,0,0,0,1.17143,2,0,0,0,0,0,0,1.024834,2,0,-0.562198,0,0,-1,0,0,0,0,0,0,0,0,0,1,0,1,0,0,0,-1,0,-1,1,1,3,0,0,3,0,0,1,0,0,0,0,0,1,0,0,0,2,0,0,0,-0.235927,0,0,-0.835616,0,0,3,0,0,2,0,2,0,1,1,1
0,1,1,0,0,0,0,0.090387,1,0,-2,0,0,0,0,2,1.69388,0,0,0,0,0,0,1,0,1,1,0,0,0,0,-1,1.075,3,0,0,0,0,0,0,1.023997,0,0,-0.462426,1,0,0,-1,0,0,0,0,0,0,1,1,1,0,1,0,0,-1,0,0,0,1,0,1,0,-1,0,0,0,0,0,0,0,0,1,0,0,0,0,2,0,0,-1,-0.263544,0,0,-0.573953,2,0,0,0,0,0,0,0,-1,1,1,1
0,0,-1,0,0,0,-1,-0.47756,0,-1,0,0,-1,0,0,0,-0.625,0,1,0,0,0,0,0,-2,0,0,4,2,0,0,0,1.37143,5,0,0,0,3,0,0,1.33333,0,-1,0.146909,1,0,1,0,0,0,-1,0,0,2,0,0,2,0,-2,1,0,1,3,1,0,0,0,1,2,0,0,0,0,0,0,1,-2,0,0,1,-2,0,0,0,0,0,2,-0.565067,0,1,-0.597633,0,0,0,0,-1,3,0,1,1,1,1,1
0,0,0,0,0,0,0,-0.867463,0,1,-1,0,0,0,-2,0,-0.597046,0,0,0,-1,0,0,0,0,0,0,0,2,0,0,-1,1.37143,2,0,0,-1,0,0,-2,1.340429,-1,0,-0.555928,-1,0,-1,0,-1,-1,0,0,0,0,0,0,0,0,1,0,0,0,2,3,-2,1,0,0,2,0,0,0,0,1,0,0,0,0,0,0,1,0,0,7,-1,0,0,-0.486157,0,0,-0.429812,2,0,0,0,0,0,0,0,-2,1,1,1
0,0,0,0,-1,3,0,-0.576893,3,0,-1,0,0,0,0,0,-0.653948,1,2,-1,0,0,-1,1,0,0,1,0,0,0,1,-1,1.54004,11,0,0,-1,0,0,0,1.348505,-2,0,-0.74628,0,0,1,0,0,0,1,-1,-1,0,0,1,1,0,0,0,-1,0,0,1,-2,0,0,1,3,0,1,0,0,5,0,1,0,0,0,1,0,0,0,0,0,0,0,-0.685192,0,0,-0.761831,0,0,3,0,0,0,0,1,0,1,1,1
0,1,0,0,1,3,1,-0.80986,2,0,0,0,1,0,0,0,-0.75,0,0,0,1,0,0,0,2,0,0,0,0,0,1,0,1.22203,1,0,-3,1,0,2,0,0.97443,-1,0,-0.843582,0,0,0,0,1,0,0,0,0,-1,0,0,0,1,0,0,0,0,2,0,0,0,1,0,0,0,0,0,0,-2,2,0,0,2,1,0,0,1,0,0,0,0,0,-0.280149,0,1,-0.758619,0,1,0,-1,0,0,0,0,0,0,0,1
0,0,0,-1,0,-1,0,-0.772609,0,0,0,0,0,0,0,0,-0.9051,0,0,1,1,0,-1,2,0,0,0,0,0,0,0,0,0.71094,1,0,0,-1,0,0,0,2.755243,1,0,-0.666667,1,1,0,0,0,0,0,3,0,-1,1,0,0,1,1,0,0,0,0,0,0,0,1,0,0,0,0,1,-2,0,2,0,0,0,0,0,1,0,0,0,0,0,0,-0.910891,0,-1,-0.791089,0,0,0,0,0,0,0,0,1,-1,0,1
0,0,0,0,0,0,0,-0.744865,0,0,2,0,-1,0,-2,2,-0.830937,0,-1,0,2,0,0,0,0,0,-1,0,0,2,-1,1,1.39576,7,0,0,0,0,0,0,1.490092,0,0,-0.666667,2,0,0,0,1,1,-1,0,2,0,1,0,0,1,-2,0,0,0,0,0,0,0,0,-2,0,0,0,1,1,1,0,-1,0,0,0,0,0,1,0,1,-1,0,1,-0.489398,0,1,-0.006508,0,0,2,-1,0,0,0,0,1,0,0,1
0,0,1,1,-1,0,0,-0.564576,0,0,5,0,0,0,0,2,-0.538462,0,0,1,1,0,0,0,0,0,0,0,0,2,2,1,0.74691,-15,0,-2,1,0,0,0,3.009701,0,0,-0.369575,0,0,0,0,0,0,0,0,0,0,3,0,1,1,0,1,0,0,0,0,0,0,2,0,0,0,0,0,0,0,0,0,1,4,-1,0,0,1,0,0,1,0,1,-0.740819,0,0,-0.859956,0,0,2,1,0,0,0,0,1,0,1,1
0,0,0,0,0,0,0,-0.754556,0,0,0,0,1,1,0,0,-0.531834,0,0,1,0,0,0,1,0,0,0,0,5,0,0,0,0.9784,0,0,-1,-1,0,0,0,2.264514,0,0,-0.746141,0,0,0,0,0,0,0,0,0,0,-2,1,0,1,0,-1,0,0,0,0,0,0,0,0,-1,0,0,0,0,2,0,0,0,0,0,0,1,0,0,0,0,0,0,-0.533612,0,0,-0.429139,0,0,0,0,1,0,0,0,2,0,1,1
0,0,0,0,0,4,0,-0.660765,0,0,-1,-1,0,-1,0,0,-0.844825,-1,1,0,0,0,1,0,0,0,1,3,2,0,0,0,0.72921,6,1,0,0,0,-4,0,1.254573,5,-1,-0.521784,-1,1,1,0,0,0,0,0,-1,0,1,0,0,0,0,3,0,0,0,0,0,3,0,0,2,1,0,2,0,0,0,0,0,0,0,0,0,-2,0,0,1,0,0,-0.556191,0,0,2.861449,0,0,0,0,0,-1,0,0,0,1,1,1
0,2,0,0,0,0,-2,-0.682788,0,0,0,0,0,-1,3,-1,-0.588216,0,0,1,0,0,-1,0,0,0,0,-3,-1,0,0,1,1.24132,-21,0,0,-1,0,0,0,0.867283,0,0,-0.572338,0,0,0,0,2,-1,0,0,0,0,1,2,0,0,0,0,0,0,0,1,0,0,-2,2,0,3,1,0,0,2,0,0,-2,-1,0,1,0,0,0,1,0,0,0,-0.52,0,0,-0.489052,0,0,-1,-3,2,0,1,0,-2,0,0,1
0,2,4,0,0,0,0,-0.706279,0,0,1,1,2,0,0,0,-0.750939,0,0,0,0,0,0,0,0,0,0,0,1,0,0,0,1.3749,6,1,0,0,0,0,0,0.486228,0,0,-0.714286,4,0,1,0,1,0,0,1,0,0,0,2,0,1,0,-1,0,1,-2,1,0,1,1,0,0,0,0,0,0,0,0,0,0,0,0,1,-1,2,0,0,1,0,1,-0.459565,0,0,-0.603711,1,-1,0,0,-1,2,0,0,0,0,0,1
0,0,0,0,0,0,0,-0.797739,0,1,0,0,0,0,0,-1,-0.590867,0,0,1,2,1,0,0,0,0,1,1,0,0,0,0,1.44953,2,0,0,-1,-1,1,0,0.798762,0,0,-0.624251,0,0,0,0,0,0,0,0,0,0,1,0,3,0,0,0,0,0,0,1,0,0,0,0,-1,-2,0,0,0,-2,-2,0,0,0,0,1,0,0,0,-3,0,0,0,-0.52,0,0,-0.877438,2,0,0,0,1,0,0,0,0,0,0,1
0,3,-1,0,0,0,-1,-0.381939,0,-3,0,0,1,0,0,0,-0.757646,1,-3,-1,0,0,0,0,1,0,2,-2,0,-1,0,0,0.63491,10,0,0,-1,0,0,-2,0.651761,0,0,-0.707317,4,0,0,-1,0,0,0,1,0,0,0,0,0,1,0,0,0,0,-1,-2,0,1,1,0,0,0,0,1,-2,0,0,0,0,0,0,0,0,-3,0,2,0,0,0,-0.623061,0,-1,-0.545908,2,0,0,0,0,0,0,1,0,0,0,1
0,0,0,0,0,0,0,-0.744681,0,0,0,0,1,0,3,0,-0.52,0,0,0,0,0,-1,0,1,0,0,-2,0,0,0,0,1.40349,4,1,0,0,0,0,0,0.241624,-1,0,0.602281,0,-2,0,1,1,0,0,0,3,0,0,-1,-3,1,2,0,-1,-1,0,-2,0,1,-3,0,-2,0,0,1,0,2,-1,0,0,0,0,0,0,0,1,0,0,0,0,-0.612413,0,0,-0.484788,-1,-1,1,0,0,1,0,0,0,0,0,1
0,0,0,1,-1,0,0,-0.740378,0,0,0,0,3,0,0,0,-0.760718,0,0,0,-1,0,0,0,0,0,0,1,0,0,2,0,1.62984,5,0,0,0,1,0,0,0.268293,0,0,-0.641913,0,0,0,1,-1,0,0,0,0,0,0,0,0,1,3,0,0,0,0,0,0,0,0,3,1,0,0,0,0,0,0,0,0,1,0,0,0,0,0,0,-1,0,-1,-0.880627,0,1,-0.610836,0,0,0,0,0,0,1,0,-1,0,0,1
0,0,0,0,0,-1,0,-0.64916,1,0,1,0,1,1,0,0,-0.800087,1,0,1,0,1,0,0,0,-1,1,0,2,0,0,0,1.4,4,1,0,0,-1,1,1,1.671498,0,0,3.306674,-1,0,-1,0,0,1,0,0,0,0,0,0,0,-1,1,1,0,0,0,0,1,0,1,1,0,0,2,0,0,0,0,0,0,0,0,0,1,0,0,0,0,1,0,-0.328059,-1,0,-0.747219,0,-1,0,1,0,0,0,0,0,3,1,1
1,0,0,0,1,0,-1,-0.672128,0,0,2,0,0,0,0,0,-0.830563,0,-1,0,0,-1,0,-1,0,0,1,2,0,0,0,0,0.56263,3,0,0,1,0,1,0,2.494573,0,0,5.510549,0,1,0,0,0,0,0,0,0,0,0,0,0,1,0,0,0,0,0,0,0,1,1,0,0,1,1,0,0,0,0,0,0,0,1,0,0,0,1,0,0,0,0,-0.454545,-1,0,-0.713384,1,0,0,0,0,0,1,0,-1,0,1,1
0,0,0,-1,1,0,0,-0.698658,0,0,0,0,0,0,0,-1,-0.742707,0,0,1,0,0,0,0,0,0,1,2,1,0,0,0,0.78059,1,0,0,1,0,1,0,2.20293,0,-1,3.071649,0,1,0,-3,1,0,0,0,0,0,0,0,-2,0,0,0,0,0,1,-1,0,1,1,0,0,1,1,2,0,-3,0,0,-1,0,1,0,0,0,0,0,0,0,0,0.107235,0,0,-0.885738,0,0,1,1,0,0,0,0,2,0,1,1
0,-2,0,-1,0,0,0,-0.045257,0,0,0,0,1,-1,0,-1,-0.654418,0,0,-1,2,0,0,0,1,0,-1,0,0,0,-1,0,1.32721,6,0,0,1,1,0,0,0.463415,0,0,-0.68125,-2,1,0,0,1,0,0,0,0,0,0,0,0,0,-1,1,-2,0,0,1,0,1,0,0,0,0,0,0,0,0,0,0,0,0,0,0,0,1,0,1,0,-1,0,0.29722,0,0,-0.704013,3,0,0,-1,-1,-4,0,-1,0,0,1,1
0,-2,0,0,0,1,0,-0.641302,0,0,0,0,0,-1,0,0,-0.720514,0,0,2,1,0,0,0,1,1,0,0,0,0,0,0,1.32742,5,0,0,0,1,0,0,0.443266,0,1,-0.710013,0,0,1,0,0,-1,0,0,0,-3,0,0,1,0,0,0,0,1,3,0,1,1,1,0,0,0,1,0,2,0,0,0,-1,0,0,0,0,1,0,2,0,0,0,-0.590817,0,0,-0.690193,0,0,0,0,0,0,0,0,0,0,1,1
0,-1,0,0,0,-2,1,-0.615168,0,0,0,0,0,0,-2,0,-0.707317,0,0,0,0,0,0,0,0,0,1,0,0,0,1,0,1.1922,0,0,0,1,1,1,0,0.18516,0,0,-0.672764,-1,0,1,0,1,0,0,0,-1,1,0,0,-1,1,0,0,0,0,-1,0,0,1,1,0,0,0,0,0,0,0,0,2,0,0,0,0,0,1,0,1,0,0,0,-0.874858,0,0,-0.708289,3,0,0,0,0,0,0,0,0,0,1,1
0,0,0,1,0,1,0,0.603718,0,0,0,-2,0,-1,1,0,-0.708791,0,0,0,-1,0,0,0,1,1,1,2,-1,0,0,0,3.2963,0,-1,0,0,-2,0,0,0.358974,-2,0,-0.692308,0,0,0,0,-1,0,1,0,1,0,1,0,0,1,0,0,0,0,-1,1,0,1,0,0,0,-3,2,0,-1,-1,0,0,0,2,0,0,0,-1,0,0,-1,2,0,1.058854,0,1,0.388984,0,0,2,0,1,1,0,0,2,1,0,1
0,0,-1,0,0,1,0,-0.618327,-1,0,0,-1,0,0,0,0,-0.888873,0,0,0,0,0,0,1,1,1,0,-5,2,0,0,0,1.48954,2,0,0,0,0,4,0,0.760686,0,0,-0.871552,1,2,0,0,0,-1,0,0,-1,0,0,0,-4,0,0,-2,0,0,0,1,0,1,0,0,0,0,2,0,0,0,-1,1,-5,1,0,0,1,0,0,0,0,0,1,-0.333333,0,0,-0.583391,2,0,0,0,0,3,0,0,0,1,0,1
0,5,0,2,0,0,0,-0.610713,0,2,6,0,2,0,0,0,-0.72093,0,0,0,0,0,0,0,1,1,0,-1,0,2,0,0,1.11429,1,0,0,0,0,0,0,0.358974,0,-2,-0.379368,0,0,0,0,0,0,0,0,-1,0,0,0,0,0,-1,1,0,0,0,0,0,1,0,3,1,-1,0,0,0,0,0,0,-1,-3,1,0,0,0,0,0,0,0,0,0.667367,0,1,-0.054618,-1,0,0,1,0,0,0,0,0,0,0,1
0,0,0,1,0,1,-1,-0.64248,0,0,-1,0,0,0,0,1,-0.670906,0,0,0,0,0,0,0,0,0,0,2,0,1,0,0,1.55861,3,0,-1,0,0,0,0,0.933989,1,0,-0.877336,0,0,0,0,0,0,-1,0,0,1,0,1,0,0,0,0,0,0,-1,0,0,0,0,0,0,-1,0,0,0,0,0,0,0,0,0,0,1,0,0,0,0,0,0,-0.446097,0,0,-0.39574,0,0,0,0,0,1,3,0,-2,1,1,1
-1,0,0,0,1,0,0,-0.722121,0,0,0,0,0,0,2,2,-0.220838,0,0,1,0,0,0,0,0,1,0,0,0,-1,0,0,1.25714,5,0,0,0,-2,0,0,0.565292,0,0,-0.727273,0,1,0,0,0,0,0,0,0,0,0,3,-1,0,0,0,1,0,0,-1,0,0,0,0,0,1,0,0,0,0,0,0,-1,0,0,0,0,0,0,0,0,1,0,-0.4,0,0,1.059369,3,0,0,0,0,-3,-1,0,0,1,1,1
0,2,0,0,0,-2,0,-0.624814,0,0,0,0,0,0,0,2,-0.696209,0,0,0,0,0,0,0,0,0,0,0,0,0,0,0,1.28603,2,0,0,0,0,0,0,1.194264,0,0,-0.622634,0,0,0,0,0,0,0,1,0,0,0,0,1,0,1,-1,0,0,0,0,1,0,3,-1,0,0,0,0,-1,1,0,0,0,0,0,0,3,0,0,1,0,0,0,-0.4,0,0,-0.735754,0,0,0,0,1,0,0,0,-6,0,1,1
0,1,0,0,0,0,0,-0.710225,-1,0,2,0,0,0,0,1,-0.76,1,0,0,0,0,0,0,-1,0,0,0,0,0,0,0,1.1299,0,0,0,2,1,0,0,1.584516,0,0,-0.672737,0,0,-1,0,0,0,0,1,0,0,0,0,-2,0,-1,0,0,0,2,1,0,0,0,-1,0,0,0,0,0,-2,2,0,0,0,0,0,0,-1,0,0,1,0,0,0.109103,1,0,5.948411,0,0,0,-1,1,0,2,0,0,0,1,1
0,0,0,1,0,2,0,-0.711881,0,0,0,0,0,0,0,2,-0.904235,1,0,0,1,0,0,0,0,0,0,0,-2,0,0,0,0.81185,3,0,0,0,4,0,0,1.364465,0,0,-0.679746,0,0,0,0,0,0,-1,1,0,0,0,0,2,0,1,0,-1,0,0,0,1,0,0,0,0,0,0,0,0,0,0,0,1,0,0,0,0,0,0,1,0,0,1,-0.587404,0,1,-0.699132,0,0,3,0,1,0,0,1,0,0,1,1
0,0,0,0,0,0,0,-0.712488,1,0,1,1,0,0,2,-1,-0.791997,0,0,0,0,-1,0,0,1,0,0,0,0,0,0,0,1.45285,4,0,0,0,0,0,0,2.058795,0,0,-0.544337,2,-1,1,0,0,0,1,0,1,0,0,0,0,0,1,0,0,0,0,1,0,0,0,1,0,-2,2,0,0,0,0,0,0,2,0,0,0,0,0,0,1,-1,0,-0.307526,0,1,-0.698605,0,0,0,0,1,2,0,0,0,0,1,1
0,0,1,0,0,2,1,-0.671363,0,0,0,0,0,1,0,0,-0.451337,-1,0,0,0,0,0,0,0,0,0,-1,0,0,0,1,0.66245,0,0,2,0,0,1,0,2.992044,-2,0,-0.400146,-1,0,0,0,1,0,0,1,0,-1,0,0,2,0,0,0,0,0,0,1,0,-1,0,2,0,0,0,0,0,0,0,0,0,0,0,0,0,-1,0,3,0,0,0,-0.840952,0,1,-0.677529,1,0,0,0,0,0,0,0,2,1,0,1
0,0,-3,0,2,0,0,-0.708662,0,1,0,0,-1,0,1,0,-0.486963,0,0,0,2,0,0,1,0,0,0,0,0,0,0,0,0.65714,2,0,0,-1,2,0,0,2.89327,-1,1,-0.450228,0,2,1,0,1,0,0,0,1,0,6,0,0,0,0,0,-1,0,0,0,0,1,0,0,3,-1,1,0,-1,0,1,-1,0,1,0,0,0,-2,0,0,0,0,-1,-0.714286,0,0,-0.50297,0,1,0,0,0,1,-2,0,0,0,0,1
0,0,0,-2,0,0,0,-0.657801,0,0,0,0,0,1,-2,1,-0.684478,0,0,1,1,0,0,-1,0,0,0,-1,-1,0,1,-1,1.95023,5,0,0,0,1,0,-1,1.075191,0,0,-0.478261,0,0,0,0,-1,0,0,-1,0,0,0,0,0,0,0,0,0,1,-1,1,0,0,0,0,0,-1,0,0,0,0,-1,-1,0,0,0,0,0,0,0,0,0,0,0,-0.714286,0,0,-0.796317,0,0,0,0,0,2,0,3,0,0,0,1
0,1,0,-1,-1,0,0,-0.383159,0,-1,0,0,0,0,3,-3,-0.451222,0,0,0,0,0,0,0,-1,-1,0,-1,-2,2,-1,0,1.78728,4,0,0,0,0,3,0,0.839517,-1,0,-0.649328,-1,0,0,0,0,0,1,0,2,0,1,0,0,-1,1,-1,0,0,0,0,0,1,0,1,0,1,-4,1,0,0,0,0,0,0,0,0,0,0,0,0,0,0,1,-0.55315,1,1,-0.647386,0,0,-1,0,0,0,0,1,1,0,1,1
0,1,-2,1,0,0,0,-0.751994,0,0,0,2,1,0,0,0,-0.83641,0,0,-1,0,1,3,0,0,0,-1,0,0,2,-1,0,1.41494,4,0,0,0,1,0,1,0.868752,0,0,-0.774093,0,0,0,0,-1,0,0,0,0,0,0,0,-1,0,1,1,0,0,1,0,0,0,0,1,0,1,1,0,0,0,0,0,0,0,0,0,0,0,0,-1,0,0,1,-0.605081,0,1,-0.719498,0,0,0,0,0,-1,0,0,1,-1,1,1
0,0,1,1,0,-2,0,-0.681554,-1,0,-2,0,0,0,0,0,-0.343401,0,0,-1,0,0,2,0,0,0,-1,0,0,0,0,0,2.39185,3,0,0,1,0,0,0,0.950431,-2,0,-0.69383,0,0,0,0,0,0,0,0,0,0,0,0,0,0,0,0,1,1,1,0,1,0,0,1,0,0,1,0,0,0,0,0,-1,0,0,0,0,3,0,1,0,0,1,-0.603969,0,0,-0.801679,0,1,-1,0,0,0,0,0,0,0,1,1
0,0,0,-1,0,1,0,-0.459534,0,0,-1,0,0,0,0,0,-0.724756,0,0,0,0,0,0,1,0,1,0,0,0,0,1,0,1.56195,6,-1,1,0,0,-1,1,0.459631,0,0,-0.718694,0,0,0,0,1,0,1,0,0,1,0,0,0,0,0,0,0,0,0,0,0,-3,2,0,0,1,0,0,0,0,0,2,0,1,0,0,0,1,0,0,0,0,2,-0.681819,0,0,0.081705,0,1,0,0,0,0,0,0,0,0,1,1
0,-3,1,0,0,2,1,-0.226391,0,0,2,0,0,0,0,0,-0.86833,0,0,1,0,0,0,1,0,0,0,0,0,0,0,0,1.23428,2,0,0,0,0,0,0,0.500114,2,0,-0.794956,0,1,0,0,1,2,0,0,0,0,0,2,0,0,2,0,1,0,0,0,0,0,0,0,0,0,0,0,0,0,0,1,0,0,0,0,0,0,0,0,1,0,1,-0.657143,0,0,-0.653379,2,0,0,0,1,0,0,0,0,1,1,1
0,0,-1,0,0,0,0,-0.626787,0,0,0,0,0,0,2,0,-0.731964,1,0,1,0,0,0,0,0,0,0,0,1,2,0,0,1.51429,1,-1,1,0,0,0,0,1.01492,0,0,-0.773585,0,0,0,0,0,1,0,0,1,-1,1,0,-1,0,0,0,0,0,0,1,0,0,0,-2,0,0,-1,2,0,1,0,0,1,1,0,0,0,1,0,1,1,6,0,2.824565,0,0,-0.661219,0,0,3,0,0,-1,-1,1,0,0,1,1
0,0,0,-1,0,0,0,1.11765,0,0,0,0,0,0,0,0,-0.735244,0,0,0,0,0,0,1,0,0,1,0,0,0,0,0,1.00234,5,1,0,0,0,0,0,0.918919,0,0,-0.769562,0,0,0,0,1,0,-1,0,0,0,0,0,2,-1,0,0,0,-1,3,0,0,0,0,0,0,0,1,0,0,-1,0,2,2,1,0,0,0,0,0,0,0,-1,0,-0.524887,-1,0,-0.60282,2,0,0,0,0,0,0,0,1,1,1,1
0,0,-1,0,0,0,0,0.610315,0,0,1,0,-1,-2,0,1,-0.536325,0,-2,-3,0,0,0,0,0,1,0,0,-5,0,0,0,0.66531,-8,1,-1,0,0,-1,0,0.331933,0,-1,-0.687868,0,0,0,0,0,0,0,0,0,0,0,-1,1,-4,0,2,0,0,1,0,-1,0,0,0,0,1,0,0,0,2,2,0,0,0,0,0,0,0,0,2,0,0,0,-0.830852,0,0,-0.72093,0,0,2,0,0,1,0,0,0,-1,1,1
0,-1,1,2,0,0,0,4.992426,0,-1,0,0,0,0,0,1,-0.443057,0,0,0,-1,0,1,1,-1,0,0,0,0,0,1,0,1.07602,0,0,0,1,0,0,-1,2.149059,0,1,-0.675676,1,0,0,-1,0,0,0,-1,0,0,2,0,1,0,0,1,0,0,0,1,0,0,-1,0,0,0,-4,0,0,0,0,0,0,0,0,1,0,0,0,0,0,2,0,-0.777778,0,0,-0.351692,0,0,0,0,0,0,0,-2,2,-1,1,1
0,0,3,0,0,0,1,-0.816063,0,0,0,0,0,-1,0,0,-0.69543,0,0,0,1,0,0,1,0,0,0,0,1,0,0,0,0.95988,0,0,0,2,0,0,0,0.235294,0,-1,-0.636315,0,1,0,0,1,0,0,0,0,0,1,0,0,0,0,-1,0,-1,0,0,0,0,1,0,0,-2,0,0,0,-1,0,0,0,0,0,0,0,1,0,0,0,0,0,-0.860125,0,0,-0.599904,0,0,0,0,0,0,0,0,0,0,0,1
-1,-1,0,1,0,0,0,-0.769231,0,0,1,0,1,1,0,0,-0.79661,0,0,0,1,0,0,0,0,-1,0,0,0,0,0,0,0.85457,9,0,0,0,-1,-1,0,3.892199,-1,0,-0.647059,0,0,0,0,0,0,0,-1,0,0,0,2,-1,0,1,1,0,0,0,0,0,0,1,0,-3,0,0,0,0,-2,0,0,1,0,0,1,0,1,-1,0,0,-1,0,-0.60346,0,0,-0.626388,-1,0,-1,0,0,1,0,0,1,0,0,1
0,0,0,1,0,0,0,-0.578434,0,0,0,0,0,0,0,0,-0.732167,0,0,0,0,0,0,-1,0,0,0,0,3,-2,0,2,0.85744,5,-1,0,0,0,1,0,1.293899,0,0,-0.658693,1,1,0,-1,0,0,0,0,-1,-3,0,0,0,0,1,0,0,0,0,0,2,0,0,0,0,0,0,0,1,0,0,0,-1,-2,0,0,0,0,0,2,0,0,0,-0.670205,0,0,0.240979,0,0,2,0,0,0,0,-1,1,1,0,1
0,0,0,0,0,0,-1,-0.53969,0,0,0,1,0,0,-1,0,-0.545345,0,0,0,-1,0,1,0,1,0,0,3,-1,-1,1,-1,0.71429,2,1,1,0,1,0,0,1.125896,0,0,-0.305924,2,-1,0,0,0,0,0,0,0,0,0,0,1,1,0,0,0,0,2,0,0,1,0,0,3,1,0,0,0,0,0,0,0,0,0,1,0,1,1,1,0,0,4,-0.666667,0,0,-0.623499,0,0,0,0,0,0,0,0,0,0,1,1
0,0,0,3,1,0,0,-0.478261,0,-1,-1,0,0,0,0,1,1.978085,0,0,0,-1,1,-1,-1,1,0,0,0,2,0,0,0,0.66536,1,0,0,1,0,0,0,2.0418,0,0,-0.517163,0,0,0,0,0,0,0,0,0,0,0,0,0,0,0,0,0,1,0,0,0,-1,0,0,0,0,1,0,-4,0,0,0,0,0,-1,0,-1,1,-1,0,0,0,0,-0.497206,0,0,-0.434959,3,0,2,0,0,0,-1,0,0,0,1,1
0,-1,0,1,1,0,-2,-0.000827,0,0,-1,-1,0,0,0,0,-0.665481,0,0,-2,1,0,-1,0,0,0,0,0,2,2,0,0,2.40393,12,0,0,2,1,1,0,2.552379,0,0,-0.699866,0,0,0,0,0,0,0,0,0,0,1,0,0,1,0,-1,0,0,0,-4,0,2,0,0,0,0,0,-2,0,3,0,0,0,0,0,0,0,4,0,0,1,0,0,-0.377538,0,0,-0.546508,0,0,0,0,0,0,0,0,0,0,1,1
0,0,-1,0,1,-1,0,-0.705002,-1,0,0,0,1,0,0,0,-0.736506,0,0,0,0,0,0,0,0,0,0,0,0,0,0,-3,1.41116,7,0,0,0,-2,0,0,1.851828,1,0,-0.517639,-1,1,0,0,0,0,0,0,0,0,1,1,0,0,0,0,0,0,0,0,1,1,0,0,0,0,0,0,0,-1,0,0,0,0,0,0,0,0,-1,0,0,0,0,-0.627953,0,0,-0.678589,0,0,0,1,0,-1,0,-1,0,4,1,1
0,-1,0,1,0,0,-1,-0.679041,0,0,0,0,0,5,0,0,-0.797273,-1,1,0,0,0,0,1,0,0,0,0,2,0,0,0,0.63765,12,0,0,-1,0,0,0,2.391695,0,0,-0.538462,-1,0,0,0,0,0,0,0,0,2,0,1,0,0,-3,0,-1,0,0,0,1,-1,1,0,0,0,0,0,2,0,0,0,0,0,0,0,0,0,0,0,0,0,0,-0.854884,0,-1,-0.554072,0,0,0,0,0,0,0,0,0,0,1,1
0,-1,0,0,0,0,0,-0.659197,0,0,2,0,0,0,-1,0,-0.738583,-3,0,0,0,0,0,1,0,0,0,0,0,0,0,-3,1.14485,13,0,0,0,0,0,1,1.96154,0,0,-0.538462,0,-2,0,0,0,0,0,-1,0,0,2,1,0,0,-2,0,0,-1,0,2,0,0,0,0,0,0,-3,0,1,0,0,0,0,0,0,0,0,0,0,0,0,0,0,-0.600752,0,0,-0.646237,0,-1,0,0,0,0,0,0,1,0,1,1
0,3,0,-3,2,-2,0,-0.688097,0,-1,0,0,0,0,0,0,-0.531066,0,0,0,0,0,0,0,0,3,-1,0,0,0,-1,-1,1.07725,3,0,0,1,1,0,0,1.646843,0,-1,-0.388491,0,0,0,0,0,0,0,0,0,0,1,0,0,0,0,0,0,1,0,0,1,0,0,0,0,1,0,0,0,-1,0,0,0,0,0,1,1,1,0,0,0,0,0,-0.63265,0,0,-0.441135,0,0,0,0,0,0,0,0,0,0,0,1
0,0,0,0,0,1,0,-0.536361,0,1,0,0,0,0,4,1,-0.857022,0,0,0,-1,-1,0,1,1,0,0,0,1,0,0,0,0.73152,7,0,0,0,0,0,0,0.78362,0,0,-0.699966,0,0,0,1,1,0,0,0,0,-1,0,0,0,0,0,0,0,1,0,0,1,0,1,0,0,2,0,-1,1,0,0,0,0,0,0,0,0,1,0,0,-1,0,0,-0.861038,0,-1,4.996531,-1,0,0,-3,0,0,-2,2,-2,0,0,1
0,0,0,0,0,1,1,-0.40118,1,0,1,0,-1,0,0,1,-0.844032,0,0,0,-2,0,0,0,1,0,0,1,2,0,0,-1,0.50358,0,0,1,-1,1,0,0,0.740703,0,-1,-0.412277,1,0,-1,0,0,0,0,1,0,0,0,0,2,-1,1,0,0,1,-1,1,0,-2,0,0,0,1,0,0,0,0,1,0,0,-1,0,0,1,0,0,0,0,0,0,-0.732595,0,0,-0.702025,0,2,-1,1,-1,2,-1,1,0,0,0,1
0,1,0,0,0,1,0,-0.743626,1,0,0,0,0,0,0,0,-0.800448,0,0,0,0,0,0,-1,0,0,0,2,0,3,3,0,1.27434,1,0,0,0,2,0,0,1.222023,3,0,-0.756424,0,1,0,0,0,1,3,0,0,1,2,0,0,0,0,3,0,1,1,0,0,1,1,0,0,1,-5,0,0,0,0,0,1,1,0,0,0,0,0,0,0,0,1,-0.789279,0,0,-0.661099,0,0,0,0,-1,2,0,0,0,0,1,1
0,2,0,1,1,1,0,-0.561187,0,1,-1,0,0,0,0,0,-0.27705,0,0,0,0,0,0,0,0,0,0,0,0,0,0,0,1.52863,7,0,1,-1,1,0,0,1.743329,0,0,-0.878858,0,1,0,0,1,0,1,0,0,1,0,0,0,0,0,2,0,0,1,0,-2,1,0,0,0,1,0,0,1,0,0,0,0,1,-1,0,1,0,0,0,0,0,0,-0.472897,0,0,-0.702537,0,0,4,0,-1,1,0,0,0,1,1,1
0,-1,0,0,1,1,0,-0.208015,0,1,1,0,0,-2,0,0,-0.297733,0,0,0,0,-3,0,0,0,1,0,0,0,-1,1,0,2.19168,9,0,0,0,0,0,0,1.17568,0,-1,-0.842501,4,1,0,0,0,0,0,0,-1,1,1,-5,0,0,0,-1,0,0,1,0,1,1,0,-1,0,0,0,0,1,0,0,0,2,0,0,-1,-1,0,0,-3,0,0,0,-0.768969,0,0,-0.684458,0,0,2,1,0,1,0,0,0,1,1,1
0,-1,0,1,0,-1,0,-0.850468,0,1,0,0,0,0,4,0,-0.72093,0,0,1,0,0,0,3,0,-1,0,0,5,0,0,0,1.52775,3,0,0,0,2,3,0,0.396877,0,0,-0.656931,0,0,0,-1,0,0,1,0,0,0,0,-2,0,0,0,-1,0,0,0,0,0,1,0,0,2,0,0,0,0,0,0,0,-2,0,0,0,0,0,0,0,0,0,1,-0.745233,0,0,-0.770345,3,0,0,0,0,0,0,0,0,0,1,1
0,0,0,0,0,0,2,-0.779398,0,0,0,0,0,0,1,2,-0.708926,0,0,0,0,0,0,0,0,0,0,0,0,1,0,0,1.69249,6,0,0,0,0,0,0,0.482275,0,0,-0.76878,0,0,0,0,1,0,1,0,0,0,0,0,0,-2,0,0,0,0,0,-1,0,0,0,0,2,1,1,-1,0,0,0,1,0,0,0,0,1,0,0,0,0,0,0,-0.587814,0,0,-0.65137,0,0,0,0,0,1,0,0,0,0,1,1
0,0,0,1,-1,-1,0,-0.875341,0,0,-1,0,3,0,0,0,-0.230941,0,0,0,0,0,0,0,0,0,0,4,2,0,0,0,1.05818,9,0,0,1,1,0,0,1.74928,1,0,-0.653232,0,0,-1,0,0,0,1,0,1,-3,0,0,0,0,0,0,0,0,0,0,0,1,0,0,-2,1,0,0,0,0,2,0,2,2,0,0,0,0,0,0,0,-1,-1,-0.764706,0,1,-0.724918,0,0,3,0,0,0,0,-1,0,0,1,1
0,-2,0,1,0,0,0,-0.532829,0,0,0,0,0,0,1,0,-0.349306,0,0,0,0,-1,0,0,0,0,0,0,0,3,0,0,1.21577,2,-1,0,1,0,0,0,1.13633,2,0,-0.667318,0,3,0,0,0,0,0,0,0,0,1,-1,0,0,0,2,0,0,0,1,0,0,0,0,2,0,0,-1,0,0,0,0,0,1,0,0,0,1,0,0,0,0,1,-0.727273,0,0,-0.724599,0,0,0,0,2,0,1,0,1,-2,0,1
0,0,0,0,2,-2,0,-0.733333,0,0,0,0,0,0,0,0,-0.584004,0,0,0,0,0,0,0,0,-1,0,0,0,-2,0,0,1.09893,4,0,0,0,2,0,0,2.272067,0,0,-0.672065,0,1,0,0,0,0,0,-1,0,0,1,0,3,0,0,0,0,0,0,1,0,0,0,-1,0,0,0,0,0,2,0,0,0,1,0,0,0,1,0,0,1,0,0,-0.727273,-1,1,-0.721839,0,0,0,0,0,0,3,0,1,0,0,1
0,0,3,0,0,0,0,-0.733333,0,0,-1,1,0,0,0,0,-0.647059,-1,0,0,0,0,0,-1,0,1,-1,0,0,0,0,1,1.03829,12,0,0,0,0,0,0,1.362866,0,0,-0.658337,0,0,0,0,0,1,0,0,0,0,0,2,3,0,0,-1,0,1,1,1,0,0,0,0,2,0,0,0,0,0,0,0,2,0,-1,0,0,1,0,0,0,0,0,-0.324456,0,0,1.794709,0,0,0,0,0,0,0,0,1,0,0,1
0,0,0,0,0,0,-1,-0.752247,1,0,0,1,-1,0,0,1,-0.764706,0,0,2,0,0,-1,0,0,0,0,0,0,0,0,0,1.84502,4,0,0,2,0,0,0,1.12917,0,0,-0.574329,0,0,0,0,0,0,1,0,1,0,0,0,0,0,0,2,1,0,0,1,0,1,0,-1,0,0,0,0,0,2,0,0,0,1,0,1,-1,0,0,0,0,3,0,-0.70602,0,0,-0.485309,2,0,2,0,0,0,0,0,0,1,1,1
0,0,0,0,0,1,0,-0.867554,0,0,-1,0,0,0,0,0,-0.767143,0,0,2,0,0,0,0,0,0,1,2,0,0,1,0,0.66616,1,0,0,0,0,-1,0,1.592744,2,0,-0.729003,1,1,0,0,0,0,1,0,0,-2,0,0,0,0,-1,-1,1,0,0,1,0,-2,0,0,0,0,0,0,0,0,0,-1,0,1,0,1,0,0,0,0,0,0,2,-0.727273,-1,0,-0.7,3,0,0,0,0,0,0,0,1,0,1,1
0,0,0,0,0,0,0,-0.804558,0,0,0,1,0,0,0,1,-0.831617,-1,0,0,0,0,0,1,0,0,0,0,0,0,0,0,0.95126,9,0,0,0,0,0,0,0.774194,0,0,-0.448754,0,0,1,0,0,0,1,0,-1,0,1,-1,0,0,1,-1,0,0,2,1,1,1,2,0,0,0,0,-1,0,0,0,0,3,1,0,0,0,0,0,-2,0,1,0,-0.697095,0,0,-0.635003,0,0,0,0,0,0,0,0,0,1,1,1
0,0,0,0,1,3,1,-0.811459,0,0,0,0,0,0,0,0,-0.728812,0,0,1,0,0,0,1,0,0,-1,0,4,0,0,0,3.12294,1,1,1,0,0,0,0,0.688525,0,1,-0.895636,0,0,0,0,0,-1,0,1,0,0,0,-2,1,0,-1,0,0,0,0,2,0,0,0,0,0,0,0,0,1,0,0,0,0,0,0,1,0,0,0,0,1,-1,1,8.573606,0,0,-0.504898,0,0,0,0,0,0,0,0,0,1,0,1
0,0,0,0,0,0,0,-0.884967,0,0,0,0,0,0,1,-2,-0.7302,0,0,3,0,0,0,1,0,0,1,0,0,0,0,-1,1.59145,6,0,0,-2,-1,-1,0,0.688525,0,0,-0.803279,0,1,0,0,1,0,0,0,0,0,-1,-1,1,0,0,0,0,0,0,0,0,0,-1,0,0,0,0,0,1,0,0,0,0,4,-1,1,-1,1,0,0,1,0,0,8.740606,0,2,-0.769231,0,0,0,0,0,0,0,0,1,0,0,1
0,1,-1,0,0,1,0,-0.814915,0,1,0,0,0,0,2,0,-0.670945,0,1,0,0,0,1,1,0,0,0,3,1,2,1,0,1.78909,6,0,0,0,3,0,0,0.688525,1,1,-0.803279,1,2,0,0,0,0,0,0,0,1,0,0,0,0,0,0,0,0,2,0,0,0,0,0,0,-2,0,-1,1,1,0,0,1,1,0,1,0,1,0,0,1,0,-1,8.6,0,1,-0.832006,0,0,1,-1,0,0,0,-1,0,1,0,1
0,-2,0,0,1,0,0,-0.478261,1,0,0,0,1,0,0,0,-0.769231,0,0,0,0,0,2,-1,0,0,0,0,0,2,1,0,1.48571,10,0,0,0,0,-1,0,1.529923,0,0,-0.717501,-1,0,0,0,0,0,0,0,0,0,0,0,0,1,-2,0,1,0,-1,0,-1,0,1,0,-1,-1,0,0,0,0,0,1,0,4,0,0,0,0,0,1,0,0,0,-0.783132,0,0,-0.7177,0,0,0,0,0,0,0,0,-1,1,1,1
0,0,0,-1,0,0,0,-0.027551,2,0,-1,0,0,-1,0,0,-0.676784,0,0,0,0,0,1,0,0,0,0,0,0,0,0,0,1.49154,7,-1,0,7,0,0,0,0.757584,0,0,-0.768403,0,0,0,0,0,0,0,0,0,2,0,0,0,1,0,0,0,0,0,0,-1,0,1,1,2,0,0,1,0,0,0,0,0,0,0,0,1,0,0,0,0,2,1,-0.891341,0,0,-0.33807,2,0,3,0,0,1,0,0,0,1,1,1
0,0,4,0,1,0,0,-0.478261,1,0,0,2,0,1,0,0,-0.769231,0,0,0,0,0,0,0,0,0,0,0,0,0,1,0,1.16963,5,0,0,0,0,0,0,1.091638,0,1,-0.717802,0,0,0,0,0,0,0,0,-1,0,0,0,0,0,0,0,1,0,-1,0,4,1,0,0,0,0,1,0,0,0,0,0,3,0,1,0,0,0,0,2,0,0,0,-0.922166,0,0,-0.597949,0,0,-2,0,0,0,0,0,0,1,1,1
0,0,0,0,-1,0,0,-0.514706,1,0,0,0,0,0,0,0,-0.495209,0,-1,0,-1,0,0,1,0,0,0,0,0,2,2,0,2.42342,0,0,0,0,0,1,0,0.305526,2,0,-0.751103,2,2,0,0,0,0,0,0,0,0,0,0,0,0,2,-1,0,0,-1,1,0,0,2,1,0,1,0,0,0,-1,0,0,0,0,0,0,0,-2,0,1,0,0,1,-0.716229,0,0,-0.703848,0,0,0,0,0,0,1,0,1,0,0,1
0,-1,1,2,0,0,0,-0.612903,1,0,0,0,0,0,0,0,-0.612286,0,0,0,0,0,0,1,0,1,0,0,0,0,3,0,2.15264,0,0,0,0,0,1,0,0.577702,1,-1,-0.489316,1,0,0,0,0,0,0,0,0,0,-3,0,0,-1,2,2,0,-2,0,1,0,0,0,0,-1,0,2,0,0,0,0,0,0,0,0,0,0,1,0,1,0,0,0,-0.645084,0,0,-0.905958,0,0,-1,0,0,1,0,0,0,0,0,1
0,-1,0,0,0,0,-2,-0.769168,2,0,0,0,0,0,-1,3,-0.699475,0,-1,2,0,1,0,0,0,0,0,2,0,0,0,0,0.9756,0,0,0,0,1,0,0,0.50093,0,0,-0.710896,0,0,-2,0,1,-1,0,0,1,0,2,0,0,0,1,0,0,0,0,0,1,0,0,0,0,2,1,-2,0,1,0,0,0,2,0,0,0,0,0,0,0,0,0,-0.649371,0,0,-0.826087,0,0,0,0,0,2,0,1,1,2,0,1
0,0,2,0,0,0,2,0.004272,0,0,0,0,-2,0,0,0,-0.443989,0,-1,0,0,0,-1,0,1,1,0,0,1,0,1,0,0.68571,0,0,0,0,0,-1,0,0.708333,0,0,-0.491999,0,0,1,-1,0,0,1,0,0,-1,0,0,0,2,-1,1,0,-1,1,0,0,-1,1,2,-1,1,0,0,0,0,0,0,-2,0,0,0,0,0,0,-2,0,0,0,-0.368235,0,0,-0.628188,-1,0,0,0,0,1,0,1,0,0,0,1
0,0,0,0,0,0,0,-0.679845,0,-1,0,0,0,1,1,1,-0.090014,0,0,0,0,1,-2,1,0,1,0,-1,0,1,0,0,0.69463,3,0,0,0,1,0,0,0.765676,1,0,-0.466979,0,0,-1,0,0,1,0,0,0,0,0,2,1,-1,0,0,-1,0,-1,0,0,0,0,0,0,0,-1,0,1,0,0,0,0,0,0,0,0,0,1,0,0,0,0,-0.538462,0,1,-0.703967,-1,2,-1,0,0,0,0,0,0,0,0,1
0,0,0,3,0,0,0,0.838649,0,0,0,0,-2,0,0,4,0.225756,0,0,-1,0,0,0,0,0,1,0,1,0,0,0,0,0.77874,6,0,0,0,1,0,1,0.54595,0,-1,-0.606644,1,0,1,0,0,0,1,-1,1,1,0,0,0,0,0,0,0,0,7,0,1,0,1,2,-1,0,0,0,2,0,0,0,0,0,0,1,0,0,0,1,0,0,0,-0.449471,0,0,-0.647059,0,0,1,1,1,1,0,0,0,0,0,1
1,0,0,0,0,0,0,-0.088092,2,0,0,0,0,0,0,0,-0.818449,0,0,0,0,0,0,2,0,0,0,0,0,0,0,0,1.73409,3,0,0,0,0,0,0,0.702426,0,-1,-0.731831,0,0,0,0,0,0,0,0,0,2,0,0,2,0,0,0,0,-1,1,0,0,1,0,2,0,0,0,0,0,0,0,0,0,0,-1,-1,0,0,0,0,0,-1,0,-0.596442,0,0,-0.358686,0,1,0,0,0,4,0,3,0,2,1,1
0,0,0,0,0,0,0,-0.714286,0,0,0,0,2,0,0,0,-0.461406,0,0,-1,0,0,0,0,0,0,0,0,0,0,-1,1,1.34001,3,0,0,2,2,0,0,0.72101,0,2,-0.7687,0,0,0,0,1,1,1,0,1,0,-2,0,0,1,0,0,0,0,0,0,0,0,0,0,0,1,0,0,0,0,0,0,0,0,-2,0,0,0,0,0,0,0,0,-0.37166,0,0,-0.587219,-1,1,0,0,0,0,0,0,0,0,1,1
0,0,0,0,0,-2,3,-0.826,0,0,0,0,0,0,-2,0,-0.472032,0,0,0,1,0,0,0,0,2,0,0,0,0,0,0,1.34117,13,0,0,0,0,0,0,0.538727,4,0,-0.754241,0,0,0,0,0,0,0,-1,0,0,-1,0,2,1,0,-2,0,0,0,0,0,1,0,0,0,2,0,1,1,0,0,0,2,0,0,0,0,0,0,0,0,4,0,-0.452036,0,0,1.805788,0,1,2,0,0,0,0,0,0,0,1,1
0,0,0,-1,0,0,0,0.189676,0,0,-1,0,0,0,0,2,-0.901102,0,1,-2,1,0,0,0,0,-1,0,0,0,0,-3,1,2.2876,6,0,0,0,0,0,0,1.086197,0,0,-0.66801,0,-2,0,0,0,0,2,0,-2,0,0,0,0,1,0,0,0,0,0,0,0,-1,0,0,0,0,0,0,1,0,0,0,0,1,0,0,0,0,0,1,0,0,0,0.423509,0,0,-0.733526,0,0,3,0,0,0,0,-1,-1,0,1,1
1,0,0,0,0,1,0,0.428992,0,0,0,1,0,-1,0,0,-0.769231,0,0,-3,0,1,0,1,0,0,0,0,0,0,-2,1,1.79809,10,0,0,0,0,1,0,0.69079,0,0,-0.803279,0,0,0,0,1,0,0,0,0,1,1,0,2,-1,0,0,0,0,0,0,0,0,-2,0,0,0,0,0,1,2,0,0,0,-2,0,0,0,0,0,1,0,0,0,0.0,0,1,-0.554632,0,0,0,0,1,1,0,1,0,0,1,1
0,0,0,0,0,0,1,-0.188056,0,0,0,1,0,0,1,1,-0.751263,0,1,0,0,1,-1,0,0,0,0,0,0,0,0,0,2.14134,11,1,0,0,0,0,0,1.141374,2,1,-0.698549,0,1,0,0,0,0,0,0,0,0,1,0,0,0,0,0,0,0,1,0,0,0,-1,-2,-1,0,0,0,0,0,0,0,0,0,0,-1,0,0,0,0,0,2,0,0.31115,0,1,-0.417493,0,0,0,0,0,0,0,0,0,0,1,1
0,0,0,0,1,2,1,-0.571429,0,0,0,0,0,0,1,2,-0.884869,0,0,0,0,0,0,0,0,0,0,0,0,0,0,0,2.14076,0,0,0,1,-1,0,1,2.955314,0,0,-0.813252,0,0,0,0,0,0,0,2,0,0,1,0,0,0,0,0,0,0,3,0,0,0,1,0,0,0,1,1,0,0,0,0,0,0,0,0,-1,-1,0,-1,0,0,1,-0.698464,0,0,1.948953,0,0,0,0,0,0,0,1,4,0,1,1
0,-2,0,2,1,-2,0,-0.385823,0,0,1,-1,0,0,0,3,-0.667887,0,0,0,0,0,0,0,-1,0,0,0,2,-1,-1,0,0.91008,1,0,0,0,0,2,0,1.381932,-1,0,-0.647059,0,0,0,0,0,0,0,0,0,0,1,0,0,0,0,0,0,0,0,0,0,0,0,0,3,0,1,0,1,0,0,0,-2,-3,0,0,0,0,0,0,0,0,0,-0.827801,0,1,-0.72583,0,0,0,0,0,0,0,0,0,0,1,1
0,0,0,1,0,0,0,-0.148368,0,0,-1,0,0,0,0,1,-0.517928,0,0,1,1,0,0,0,0,0,0,0,0,0,0,0,0.66964,2,0,1,0,0,-1,0,1.322003,1,0,-0.794369,0,1,0,0,0,1,0,0,0,-2,0,0,0,0,0,0,0,0,0,0,-1,0,0,3,2,1,1,0,2,0,0,0,0,0,0,0,0,2,0,0,0,0,0,-0.55447,0,0,-0.511155,0,0,0,0,0,1,0,0,0,0,1,1
0,2,0,0,0,0,0,5.205284,-2,0,-1,0,0,1,0,0,-0.333333,0,0,0,0,1,0,0,2,0,0,1,1,0,0,1,0.90619,1,0,0,0,0,0,0,1.834033,0,0,-0.727106,0,1,1,-1,0,0,0,0,0,0,0,0,0,0,0,1,0,0,-1,1,2,1,0,5,0,0,0,1,-1,0,0,0,-1,0,0,0,0,2,0,0,0,2,-2,-0.634228,0,0,-0.221452,0,0,0,0,1,0,0,0,1,0,0,1
-1,0,0,0,0,-1,0,7.999269,0,0,0,0,0,0,-1,0,-0.582019,0,0,0,-1,0,0,1,0,0,0,-1,0,-2,0,0,0.76677,5,0,0,3,0,1,0,1.719515,2,-1,-0.485567,0,1,0,0,-1,0,0,0,0,0,0,0,0,0,0,-1,-1,0,0,0,0,0,0,0,0,0,0,0,0,-3,0,0,0,1,0,1,0,0,1,0,0,0,1,-0.339988,0,2,-0.791968,2,0,0,0,0,1,0,1,3,0,0,1
0,4,0,0,1,0,0,7.323442,0,0,0,0,0,0,0,0,0.993224,0,0,0,0,0,0,0,0,0,0,1,0,0,1,0,1.79338,6,0,0,0,0,0,0,1.192284,-1,-5,-0.08845,0,1,0,0,0,0,-1,3,0,0,1,0,0,0,0,1,0,0,0,1,0,0,0,2,0,0,0,0,0,0,0,0,-1,0,0,1,0,0,0,-1,0,0,0,-0.652478,0,0,-0.596574,0,0,2,0,0,1,0,1,0,0,0,1
0,-1,-3,0,0,0,0,-0.613471,0,0,0,1,0,1,-1,0,-0.129218,0,0,1,0,0,-3,0,0,0,0,2,-1,0,0,0,0.9032,0,0,0,0,0,0,0,1.375207,2,0,-0.683875,0,0,-1,0,0,0,-3,0,2,0,1,1,0,-1,1,-1,0,0,0,-6,0,1,0,1,1,0,0,-2,0,0,0,0,1,0,0,0,0,0,0,1,0,0,-2,-0.603648,0,0,-0.707317,0,0,-1,0,0,0,0,0,5,0,0,1
0,0,3,0,0,0,0,-0.647059,0,1,0,1,0,0,0,0,-0.683732,-3,0,0,3,0,0,0,0,0,0,2,1,0,0,0,1.93354,3,0,0,1,2,0,0,0.526713,1,0,-0.773585,0,0,0,0,0,0,0,0,0,0,0,2,0,0,0,0,0,0,0,-1,0,1,0,0,0,0,0,0,3,0,0,0,0,0,0,0,0,0,0,3,0,1,0,-0.916129,0,0,-0.514881,3,0,0,0,-1,-2,0,0,0,0,0,1
0,0,-1,1,0,0,0,-0.378753,0,0,0,1,0,-1,0,0,-0.465409,0,0,0,0,0,0,0,0,0,0,0,0,0,-1,0,0.95564,1,0,1,1,0,0,1,0.526671,0,0,-0.878903,0,0,-2,0,0,0,0,0,0,0,0,0,-2,0,0,3,0,0,0,0,1,1,0,0,0,-1,0,0,-2,1,0,1,0,0,0,0,0,0,1,2,0,1,0,-0.671414,0,0,-0.797748,0,0,0,0,0,0,0,0,0,0,0,1
0,0,1,0,0,0,0,-0.786032,0,0,-1,-1,1,-1,0,0,-0.607059,0,0,0,0,0,0,0,0,1,1,0,0,0,1,0,0.82857,4,0,-2,0,1,0,0,0.276328,2,0,-0.686846,0,0,0,0,0,0,0,0,0,0,0,0,0,0,0,-1,0,-1,0,0,0,0,0,0,0,-1,0,0,0,0,0,0,0,2,0,0,0,3,0,1,0,0,0,-0.690344,0,1,-0.667413,-1,1,-1,0,0,0,2,0,0,1,0,1
-1,2,3,0,0,3,-1,-0.473846,0,0,0,0,0,1,0,0,-0.672684,-1,0,1,0,0,0,0,0,1,1,0,0,1,-1,0,0.93967,1,0,0,0,2,-2,0,0.263579,0,-1,-0.548603,0,0,0,0,0,1,0,1,1,1,-2,0,0,1,1,1,0,0,0,-1,0,0,0,0,0,0,0,0,0,0,0,0,-2,-2,0,0,0,0,0,0,0,0,0,-0.675676,-1,0,-0.789784,0,0,2,1,0,0,0,0,0,1,0,1
0,0,-2,2,0,-1,-1,-0.830139,0,0,0,0,-2,1,0,0,-0.744681,0,0,0,0,0,0,0,0,1,0,0,0,0,1,0,2.18443,0,0,0,0,0,0,0,0.274422,0,1,-0.79931,0,0,0,0,0,0,0,0,0,-1,0,-1,0,0,0,0,0,1,0,0,0,0,0,0,0,0,-1,0,-1,-1,0,1,0,0,0,0,0,0,0,1,2,0,0,-0.707048,-1,0,-0.719414,1,0,0,0,0,0,0,2,0,1,0,1
0,-1,-1,-1,0,0,0,-0.408423,1,0,-1,0,0,0,0,0,-0.753429,-1,0,0,2,0,0,-2,0,0,0,0,0,0,0,0,1.11747,6,0,0,0,2,0,0,0.181483,2,0,-0.588316,0,0,0,0,0,0,0,0,-1,0,0,0,0,0,0,0,0,0,0,1,-1,0,1,0,0,0,-1,0,0,0,0,0,0,0,-1,1,1,0,0,0,0,0,0,-0.640296,0,0,-0.83914,2,0,0,-1,0,1,0,0,0,0,1,1
0,0,-1,1,0,0,0,-0.4,0,0,-1,1,0,1,0,0,-0.669224,0,0,0,0,0,0,0,-1,0,0,0,0,0,0,0,1.0,10,0,0,-1,0,0,0,1.387926,0,0,-0.370723,0,0,0,0,0,0,0,0,0,2,0,0,1,0,0,0,0,0,0,1,0,0,1,0,0,0,0,0,0,-1,0,0,0,0,0,0,0,0,0,-1,0,-1,0,-0.636364,0,0,-0.921247,0,0,0,0,0,0,0,0,0,0,1,1
0,0,1,-1,0,0,0,-0.4,1,0,-1,0,-1,1,0,0,-0.669129,0,1,0,0,0,0,0,2,0,0,0,0,0,0,0,1.0,2,0,0,1,1,1,1,1.159925,0,1,-0.306018,0,0,0,0,0,0,0,0,0,0,0,0,-1,0,0,-1,0,0,0,1,0,0,0,0,0,0,0,2,0,-1,0,0,0,0,0,0,-1,0,0,1,0,1,0,-0.642822,0,0,-0.446579,0,0,2,-1,2,1,0,1,0,0,1,1
0,0,0,0,0,0,0,-0.75767,0,1,2,1,0,-1,0,0,-0.835958,0,0,0,1,0,0,1,0,2,0,1,0,1,0,0,1.3032,9,0,0,0,0,-1,0,0.580668,0,0,-0.069103,1,0,0,0,0,0,0,0,0,0,0,0,-3,0,-1,1,1,0,1,-1,0,0,0,0,0,0,3,-1,2,0,0,0,0,-1,0,2,0,0,0,0,0,0,0,1.86957,0,1,-0.7,-1,0,0,0,0,1,-3,0,2,-1,0,1
1,0,1,6,0,-1,0,0.283967,0,1,0,0,-1,0,-1,0,-0.673315,0,-1,0,2,0,0,0,0,1,-1,0,1,0,0,0,0.83387,10,0,0,0,-1,0,0,0.828727,2,0,-0.540555,-1,0,0,0,0,-1,0,0,1,1,0,5,1,0,0,0,1,0,0,0,0,0,0,0,0,1,0,0,0,0,6,0,0,0,-1,0,0,1,0,0,0,-2,1,1.723145,0,0,-0.69723,1,0,0,0,0,0,0,0,-1,0,0,1
0,0,-1,1,0,1,0,1.649518,1,0,0,0,0,-2,0,-1,-0.720774,-1,0,1,1,0,0,-1,0,1,0,0,0,-2,0,0,0.82857,1,-1,0,-1,-1,-2,0,4.033917,0,1,0.354753,0,0,-1,-1,0,1,-1,0,0,0,0,1,-2,0,0,-1,0,-2,0,0,-1,0,0,-1,0,0,0,0,0,2,0,0,0,0,0,0,2,0,-1,1,0,0,0,-0.801472,0,0,-0.718534,0,0,-1,-1,0,0,0,0,0,1,0,1
0,0,1,1,0,0,0,-0.684211,0,0,3,0,1,1,4,2,-0.641444,0,0,0,0,0,-2,1,0,1,0,2,0,0,0,0,1.01316,3,0,0,-1,0,1,0,0.391792,0,0,-0.689221,-1,1,0,1,0,1,0,0,0,-1,1,0,0,0,1,0,0,0,1,0,1,0,1,1,0,0,2,0,0,0,0,-1,1,0,0,0,0,1,0,1,0,0,0,-0.089706,0,0,-0.636364,0,0,3,0,-1,1,0,1,0,1,1,1
0,0,0,0,0,-2,1,-0.546443,-1,0,0,0,-1,0,0,0,-0.454121,0,0,0,0,0,0,0,-2,1,0,0,-1,0,0,0,1.40935,0,0,0,1,0,0,0,1.16303,-1,0,-0.752446,2,0,0,0,0,0,1,1,1,0,0,1,1,0,0,-2,1,0,0,0,0,0,0,2,0,0,1,0,0,0,0,0,-1,0,0,0,0,1,0,4,0,0,0,-0.538149,0,0,-0.733306,0,0,0,0,0,0,1,1,2,1,1,1
0,0,1,0,0,0,1,-0.795325,0,0,1,0,1,1,0,0,-0.61239,0,0,1,0,-1,0,0,0,1,0,0,0,0,0,0,1.42857,6,1,0,0,0,0,0,1.140254,-1,0,-0.76596,0,1,0,-2,0,0,0,0,0,3,1,1,0,0,1,-1,1,-1,1,0,0,0,1,0,0,0,0,-1,2,0,0,0,0,-1,0,0,0,1,0,1,0,0,0,-0.556586,0,0,-0.636364,0,1,0,0,0,1,0,0,0,1,1,1
0,0,0,0,0,0,0,-0.657143,1,0,0,0,-3,-2,0,0,-0.379616,0,0,3,1,0,-1,-1,0,0,0,0,0,2,-2,0,1.28185,17,0,0,0,0,0,0,0.178571,0,0,-0.483196,0,0,0,0,0,0,0,0,0,0,1,0,1,-1,4,0,0,0,-1,1,0,0,0,0,2,0,0,0,-1,0,2,0,0,0,0,0,1,0,0,0,0,-1,-1,-0.73913,0,0,-0.7,0,0,-2,0,0,0,0,1,0,3,0,1
1,0,0,0,0,0,-1,-0.678876,0,0,0,0,0,0,1,0,-0.67779,0,0,1,0,0,0,1,0,0,0,0,0,0,0,0,0.92003,2,0,0,0,1,1,0,0.178571,2,-1,-0.450976,1,0,0,0,2,0,1,0,0,0,0,2,1,1,0,-1,0,0,0,0,0,0,0,0,2,0,1,0,0,0,0,0,0,-1,0,0,0,0,0,0,0,1,0,-0.75763,0,1,0.045279,0,0,0,0,3,0,0,0,0,0,0,1
-1,0,0,0,0,1,0,-0.579041,0,0,0,0,0,0,0,-1,-0.606263,0,0,0,0,1,1,-2,0,-2,0,0,0,1,0,0,0.8,0,0,0,1,0,1,0,0.547865,1,0,-0.784973,0,0,-1,-1,0,0,0,1,0,2,0,1,-1,0,0,1,0,-1,0,2,0,0,0,0,0,1,0,0,2,0,0,0,0,1,0,0,0,0,0,0,0,0,0,-0.756791,0,-1,-0.670891,0,0,0,0,1,-3,0,1,0,2,0,1
0,-1,0,0,-1,0,0,-0.615777,0,0,1,-1,0,-2,4,0,-0.267364,0,0,0,1,0,0,1,0,0,0,0,0,0,3,0,0.99217,11,0,0,0,1,0,0,0.326893,0,0,-0.685393,-1,0,0,0,0,1,0,0,1,0,0,2,0,0,0,0,0,0,0,0,0,1,0,1,1,0,0,1,0,0,0,0,2,0,0,2,0,0,-1,-1,0,1,0,-0.717513,0,-2,-0.852699,0,1,1,1,0,0,0,1,0,0,0,1
-1,0,0,0,0,2,0,-0.659528,0,0,0,0,1,1,0,0,-0.171545,0,0,-1,1,1,1,2,0,1,0,-1,0,0,0,-1,0.88571,2,0,0,0,0,0,0,0.641639,0,0,-0.601872,2,0,0,0,0,-2,1,0,0,0,0,1,0,0,0,0,0,0,1,0,-1,-1,0,0,0,0,0,0,1,0,-2,0,0,0,0,0,0,0,0,0,0,0,0,-0.651185,0,0,4.747033,0,0,0,0,0,0,0,1,1,-2,0,1
0,0,0,0,1,0,-1,-0.60673,0,-1,0,0,0,0,0,0,-0.027759,0,0,0,-1,0,0,-3,0,0,0,3,0,2,1,0,0.77058,0,1,0,0,1,0,0,0.589215,3,1,-0.465052,0,0,0,0,0,0,0,0,0,-2,0,2,0,0,0,0,0,0,-1,1,0,0,0,0,0,0,-1,-1,0,-2,0,0,0,1,-1,0,0,0,0,0,0,1,0,-0.793103,0,0,-0.794772,0,0,-1,0,0,0,-3,2,1,0,0,1
0,-1,0,0,0,0,3,-0.443514,-1,0,0,0,0,0,0,0,-0.672838,0,0,1,0,0,0,-1,0,0,0,0,0,0,0,0,0.95225,4,0,2,0,-1,0,0,1.792357,0,0,-0.617986,3,1,0,1,0,0,0,0,0,0,1,0,3,0,0,1,0,0,0,1,0,0,0,0,0,0,0,0,0,0,0,0,0,0,1,0,-1,0,0,1,0,-2,0,-0.832899,0,0,-0.83208,0,0,0,-1,0,0,-2,1,1,1,0,1
0,0,0,0,1,1,0,-0.647703,1,0,0,0,0,0,0,0,-0.586843,0,0,2,0,0,-1,0,0,0,0,0,2,2,1,0,0.71429,7,0,-2,1,0,0,-2,1.926913,0,-1,-0.366995,0,0,0,-1,0,-1,0,0,0,0,1,-1,0,0,0,-1,0,0,0,1,0,1,-1,0,0,0,0,0,0,0,0,0,0,-1,0,1,0,0,0,0,0,0,0,-0.728464,0,0,-0.554935,2,0,0,0,1,1,0,0,-1,1,0,1
0,-4,1,-1,1,0,0,-0.546814,0,0,0,-1,-1,0,0,0,-0.67453,1,0,1,0,0,0,0,0,0,-1,0,0,0,1,0,1.73613,3,0,0,0,0,0,1,2.167103,0,1,-0.559507,0,1,-2,0,0,-1,-1,0,0,-1,0,0,0,0,0,0,-1,0,-1,1,2,0,0,0,-1,0,0,0,0,-1,0,0,0,0,0,-1,0,0,-1,1,-1,0,0,-0.613983,0,-2,-0.619452,2,1,0,0,0,0,0,1,0,0,0,1
0,0,2,0,-1,0,0,-0.667886,0,2,0,0,0,0,0,0,1.93878,0,0,0,0,0,0,0,0,0,0,0,2,0,1,0,1.14465,9,0,0,0,0,-2,0,0.709783,1,1,-0.681894,1,0,2,-1,0,0,0,0,0,0,-1,0,2,0,0,-1,0,0,0,1,0,0,1,1,0,0,0,0,2,0,0,0,0,1,0,0,0,0,0,-1,0,0,0,-0.901773,0,0,-0.551357,0,0,2,0,0,-1,0,0,0,0,1,1
0,0,0,0,0,0,2,-0.675676,0,0,0,1,-1,0,0,0,4.882694,0,0,0,1,0,0,-1,0,0,0,0,-1,0,0,0,1.14095,10,1,0,0,0,0,0,0.495756,0,-2,-0.823435,0,0,0,1,1,0,0,-1,0,0,0,0,0,0,-2,0,0,0,0,0,1,0,0,0,0,1,2,0,2,0,2,0,0,0,0,0,0,2,1,0,1,1,0,-0.287354,0,0,0.397326,0,0,0,0,0,-1,0,-1,0,0,1,1
0,1,-2,0,-3,0,0,-0.689393,0,-1,1,0,0,0,0,1,2.031693,0,0,0,0,0,0,0,0,0,0,0,0,0,0,2,1.0591,4,-2,0,0,0,0,0,0.432356,0,0,-0.598852,0,-3,0,1,0,1,0,0,-2,0,0,0,0,0,-1,-1,0,0,1,0,0,1,-1,0,0,0,-1,0,1,0,0,0,0,0,0,1,2,0,0,-1,0,0,0,-0.427823,-1,0,-0.821208,0,0,0,0,0,0,-1,-1,1,1,1,1
0,0,0,1,0,1,0,-0.36012,0,-1,-2,0,0,0,0,0,-0.722032,0,0,-2,0,0,0,0,0,1,0,1,0,0,0,0,1.91788,11,0,0,0,1,0,0,0.522269,0,0,-0.522909,-1,0,1,0,0,0,0,0,0,0,1,0,0,0,0,0,-1,0,0,1,-1,0,0,0,4,1,0,0,0,0,-1,0,0,0,0,0,0,0,0,0,0,0,1,-0.019892,0,0,-0.616819,-1,0,2,3,1,0,0,0,1,0,0,1
0,0,0,0,0,0,2,-0.605186,1,0,0,0,0,0,0,0,-0.020897,-1,1,0,1,1,0,0,0,0,-4,0,0,0,0,0,1.37143,1,0,0,0,1,0,0,0.583333,2,0,-0.764012,0,0,0,0,-1,0,1,0,0,0,0,0,0,0,0,0,0,0,0,0,0,0,-1,1,0,-1,0,2,0,0,2,0,0,0,0,0,1,0,0,1,0,2,0,-0.808545,-1,0,-0.654497,2,0,0,0,0,0,0,1,0,0,0,1
0,0,0,0,0,0,-2,-0.636364,0,0,-1,-1,0,-2,1,0,-0.738431,-1,0,0,0,0,3,0,0,-1,0,0,0,0,0,0,2.02698,11,0,1,0,1,0,0,0.819303,0,0,-0.75,0,1,0,0,0,0,1,0,0,0,3,0,0,0,0,0,0,1,0,1,-1,0,0,0,0,-1,0,0,-2,0,0,0,0,0,0,0,0,1,0,0,0,0,0,-0.733298,0,0,-0.654493,0,0,-1,0,0,0,0,0,0,0,0,1
1,0,-1,0,0,0,0,-0.674888,0,0,0,0,1,0,0,0,-0.728511,0,0,0,0,0,3,0,0,0,-1,1,2,0,1,0,1.09958,4,0,0,0,0,-1,1,0.804659,0,0,-0.712065,0,1,0,0,0,0,0,1,1,0,0,-1,0,0,0,2,0,0,2,0,0,0,-2,0,0,0,0,0,1,0,0,0,-2,0,0,0,0,0,0,0,0,0,-3,-0.558643,0,0,-0.778353,0,0,2,0,0,0,0,0,0,1,1,1
0,1,-2,1,0,0,0,-0.280396,1,0,0,0,0,0,0,0,-0.495367,0,0,0,0,0,0,0,0,0,0,0,2,0,2,0,1.33909,1,0,0,0,0,0,0,0.861538,0,-1,-0.815385,0,0,0,0,1,0,1,0,1,0,0,2,1,0,0,0,0,0,0,0,0,0,0,2,0,-1,0,0,0,-1,0,1,0,0,0,0,0,0,0,0,0,0,0,-0.726085,0,0,1.322614,0,0,0,0,1,2,0,0,0,2,1,1
1,0,0,0,0,0,0,-0.844156,3,0,-1,0,1,1,-1,0,-0.81951,0,0,0,0,0,0,0,1,0,0,0,0,0,1,0,1.85714,8,0,1,0,0,0,1,1.53857,0,1,-0.700615,0,0,0,0,0,1,0,-2,1,0,0,0,2,0,1,0,0,0,0,0,0,1,2,-1,2,0,-4,0,1,0,0,0,-3,0,0,0,0,0,0,0,0,0,0,-0.703197,0,0,-0.409402,0,0,-1,0,1,0,0,0,1,1,1,1
0,0,-1,0,0,2,0,-0.375996,0,2,0,0,0,0,0,0,-0.736337,0,3,0,5,0,0,0,0,0,0,-1,0,1,0,0,0.91429,2,0,0,0,0,0,0,3.541152,0,0,-0.625,0,-3,1,0,0,0,0,0,1,0,0,0,3,0,0,0,0,1,0,0,0,2,0,0,-2,0,0,0,0,0,2,0,0,-1,-1,0,0,0,0,0,0,0,0,-0.188525,0,-1,-0.199797,0,0,-1,2,0,0,1,0,0,1,0,1
0,3,1,0,0,-2,1,-0.85366,0,0,0,0,1,0,0,0,-0.772799,1,0,0,0,-1,0,0,1,0,0,0,0,0,-1,0,0.87729,2,0,0,2,-3,2,1,3.090554,0,0,-0.60931,0,0,0,0,-2,0,0,0,0,-1,-1,0,0,0,0,0,0,2,0,0,1,0,0,2,0,0,0,-3,0,0,0,0,-1,0,0,0,0,0,0,0,0,0,0,-0.591602,0,0,-0.440555,0,-1,2,1,0,0,3,1,0,0,0,1
0,0,0,-1,2,0,1,-0.382968,1,0,0,0,1,0,2,0,-0.7387,0,0,0,0,-1,-2,0,0,0,0,0,0,0,-2,0,0.92353,2,1,0,0,0,-1,0,0.297922,2,0,-0.485932,-1,-2,0,0,0,0,-2,0,0,2,0,0,0,0,0,0,-1,1,0,0,1,0,2,0,0,0,0,0,1,1,1,0,0,0,0,-1,0,0,2,1,0,-1,0,-0.635619,0,0,-0.744999,0,0,0,0,0,0,0,0,0,0,0,1
0,0,0,0,0,1,0,1.488538,0,-1,0,1,-1,0,0,0,0.205568,0,0,0,0,0,0,-3,0,0,0,0,0,1,-1,0,1.73707,1,-1,0,1,1,0,0,0.765322,-2,0,-0.52,1,0,0,0,0,0,0,0,0,0,0,1,1,0,0,-1,0,0,6,-1,1,-2,0,0,2,1,0,0,0,0,0,0,0,0,0,-1,0,0,0,2,0,3,1,-0.815385,0,0,-0.106441,0,0,0,0,0,0,0,0,0,0,0,1
0,0,2,0,0,0,0,-0.515084,0,0,1,0,1,1,0,0,-0.88164,0,0,0,1,0,-2,2,0,0,0,0,1,-3,0,0,0.71429,2,1,0,0,1,2,0,1.389518,0,0,-0.400077,0,0,0,0,0,0,0,-1,0,0,0,0,0,0,-1,-1,0,1,0,0,0,0,0,0,2,1,0,0,0,0,0,0,0,0,0,0,0,0,0,1,0,0,0,-0.815385,0,0,1.301298,0,0,0,0,0,0,-3,0,-1,0,0,1
0,0,-3,0,0,0,0,-0.090178,0,0,0,-1,0,0,0,0,-0.765384,0,-1,1,0,0,0,0,0,0,0,0,0,0,0,-2,0.74998,1,0,1,0,0,1,0,0.914845,0,0,-0.751841,0,0,1,0,0,0,0,0,0,0,-1,0,0,0,2,0,1,0,0,0,-1,0,0,1,0,0,-1,0,0,2,0,0,0,-6,0,0,0,-1,0,1,0,1,0,-0.855235,0,0,-0.595223,0,0,0,0,0,0,0,0,0,0,0,1
0,1,0,0,0,0,0,-0.030011,0,0,1,0,0,0,0,1,-0.67519,0,0,1,1,1,0,0,0,0,1,0,0,3,0,0,0.65913,0,0,0,0,1,1,0,0.666667,0,0,-0.499223,0,2,0,-1,0,0,-1,0,0,0,1,0,-2,0,1,0,0,0,2,0,0,1,2,-1,1,-1,1,0,0,0,0,1,0,0,-1,0,-1,0,-1,0,1,-1,0,-0.625,0,0,-0.664612,-1,0,0,0,0,1,0,1,0,0,0,1
0,0,0,1,0,0,0,-0.813165,0,0,0,0,0,0,0,1,-0.726925,0,1,0,0,0,0,0,0,0,-1,0,0,2,1,0,0.78181,0,0,0,-1,1,1,0,1.561224,-1,1,-0.606136,0,0,0,0,-2,0,0,0,-1,0,0,0,0,0,0,-1,0,0,0,0,1,0,0,0,0,0,0,0,0,0,3,0,-1,-3,0,0,0,-1,1,0,0,2,0,-0.763572,0,0,-0.392638,0,0,0,0,1,0,0,0,0,0,0,1
0,-2,0,1,0,-2,2,-0.771489,0,0,0,0,-2,0,2,0,-0.626549,0,0,0,1,-1,0,0,0,0,0,2,0,1,2,0,0.74007,0,0,0,0,1,1,0,1.77694,1,0,-0.498145,0,0,0,0,0,0,1,1,0,0,0,0,0,0,0,0,-1,0,2,0,0,0,0,1,0,0,1,-2,0,-3,3,0,0,0,0,1,0,0,0,0,0,0,0,-0.589114,0,0,-0.787028,0,0,-2,1,0,1,0,1,-1,0,0,1
0,0,0,-1,0,0,0,0.738478,-1,0,2,1,1,2,-1,2,-0.538462,0,0,0,1,0,-1,-2,0,0,1,0,0,-3,0,0,0.48993,8,0,0,0,0,0,0,1.21212,0,0,-0.62332,0,0,0,0,0,0,-1,0,0,0,-6,0,-1,0,0,0,0,0,-1,0,0,0,0,0,-2,-1,2,0,0,0,0,0,0,2,-1,0,0,0,0,0,0,0,0,-0.513118,0,-1,-0.788691,0,0,0,1,1,1,0,0,0,1,0,1
0,0,-2,0,1,1,0,-0.331854,0,0,1,2,0,-1,0,0,-0.106342,0,0,0,1,0,0,0,-2,0,0,1,2,0,0,0,0.63553,10,1,-1,3,0,0,1,1.136797,-1,0,-0.688139,0,-1,0,1,0,0,0,0,0,0,0,0,0,0,0,-1,0,1,0,0,0,0,3,0,2,0,2,-1,1,1,-1,0,0,2,0,1,0,0,0,2,0,0,0,-0.203909,0,0,-0.670252,0,0,0,0,0,2,0,0,0,-1,0,1
0,0,0,0,0,0,0,-0.727273,0,0,0,0,2,-1,1,1,-0.485981,0,0,1,0,0,0,0,0,0,0,1,0,0,0,-3,0.79924,0,1,0,1,0,0,0,0.815174,-1,-1,-0.644263,-1,0,-1,-1,0,0,0,0,1,0,0,0,1,0,0,0,0,0,-1,0,0,0,0,0,0,0,0,0,0,0,0,0,0,0,0,0,0,0,0,0,0,0,-1,-0.576022,0,0,-0.601618,1,-1,0,0,0,0,0,0,2,0,0,1
0,0,0,0,-1,0,0,-0.716343,-2,0,0,0,0,0,0,0,-0.274116,0,0,0,0,0,0,0,-2,0,0,0,0,2,1,2,1.97351,11,0,0,1,0,0,-1,1.269875,0,0,-0.856253,0,1,-1,0,1,0,0,0,0,0,0,0,0,0,4,0,0,0,1,-1,0,0,0,1,0,0,1,1,0,2,0,0,-1,1,0,-1,0,0,0,0,0,0,1,-0.600323,0,0,-0.773517,0,0,0,0,1,0,0,-2,0,1,1,1
0,0,0,0,0,-4,-1,-0.734741,0,0,0,0,0,1,3,1,-0.304956,0,0,1,-3,0,0,0,-2,0,0,0,0,0,0,0,1.22639,7,-1,0,1,1,0,0,1.228804,0,2,8.0,2,0,0,0,-1,-2,0,0,0,0,0,1,0,1,0,0,0,-2,1,0,2,1,-2,0,2,0,0,0,0,0,0,0,1,-1,0,-1,0,0,0,0,0,0,0,-0.768017,0,0,-0.713294,0,0,0,-1,0,0,0,0,0,1,1,1
1,-1,0,1,-1,1,0,-0.861908,0,0,2,-1,0,0,2,0,-0.686506,0,0,0,1,1,0,0,0,0,0,0,0,0,1,0,1.44816,11,-1,0,1,1,0,0,0.392266,0,0,6.071669,0,0,0,0,0,0,1,0,0,0,0,1,0,0,0,0,0,0,1,0,0,0,0,0,0,2,0,0,-1,0,0,0,0,0,0,0,0,0,0,0,0,0,0,-0.83451,0,0,-0.683166,0,0,2,0,0,-2,-2,1,1,0,1,1
1,1,-3,1,0,0,-1,8.668901,1,0,0,0,-1,0,0,0,-0.582137,0,0,0,0,0,1,1,0,0,0,3,0,0,1,1,2.2124,8,0,0,1,1,1,0,3.224117,0,0,-0.625,0,0,0,1,1,0,0,0,0,0,3,0,3,0,0,0,0,0,0,0,0,0,0,0,0,0,0,1,-1,2,0,0,1,0,-1,0,-1,0,0,1,0,0,0,-0.383069,0,-2,-0.809524,-1,0,0,3,0,-1,0,2,0,1,0,1
1,0,0,0,0,0,0,8.38182,1,0,0,0,0,0,0,0,-0.705825,-1,0,0,0,0,1,1,0,-1,0,0,0,0,0,1,0.91429,10,0,0,0,0,1,1,0.757445,1,1,-0.555625,1,0,0,0,1,0,-1,0,0,1,0,0,1,1,0,1,0,0,0,-1,1,0,0,0,0,0,-1,1,0,1,0,0,1,0,1,0,0,0,0,0,0,0,-1,-0.74435,0,0,-0.711327,-1,0,1,0,0,0,1,0,0,1,0,1
1,1,-3,1,0,0,0,8.496861,1,0,0,0,0,0,1,0,-0.395893,0,0,0,3,2,1,0,0,0,-2,1,0,1,1,1,2.63628,7,0,0,0,1,0,0,1.619919,1,1,-0.65503,4,-1,0,1,1,0,0,0,0,1,0,1,0,1,0,0,0,1,0,-1,1,0,0,1,0,1,0,0,0,0,0,0,1,0,0,0,0,1,0,0,0,0,0,-0.602593,0,1,-0.754489,0,0,0,0,0,0,1,0,0,0,0,1
-1,2,0,0,0,0,0,-0.668701,0,0,1,0,1,0,0,1,-0.491854,0,0,0,1,1,0,0,0,0,0,4,0,2,0,0,0.83361,6,0,1,0,1,2,1,1.467963,4,0,-0.737803,0,0,2,0,0,2,0,0,0,0,0,0,0,2,1,0,0,0,0,-3,0,0,-2,2,0,0,1,0,0,3,0,-1,0,0,0,0,0,0,0,0,1,0,0,-0.901251,0,0,-0.221076,0,0,2,0,0,0,0,-1,1,0,1,1
0,0,0,0,0,0,0,-0.448795,0,0,1,0,0,0,1,0,-0.538462,0,1,0,0,1,0,0,0,1,-1,2,3,0,0,0,1.13828,10,0,0,0,1,0,0,1.38095,0,0,-0.735096,0,0,0,0,1,-1,0,0,0,0,0,1,0,-1,0,2,0,0,0,0,0,0,1,-3,0,0,0,0,0,0,-1,0,1,0,1,0,0,0,0,0,0,2,2,-0.69566,0,0,-0.147881,0,0,-4,0,-1,0,0,0,1,0,1,1
0,0,0,0,0,0,0,-0.8125,0,0,0,0,0,0,0,-1,-0.606793,0,1,0,0,1,0,0,0,2,0,0,0,0,1,0,0.97251,3,0,0,0,0,0,1,1.281227,2,0,-0.868237,0,0,0,0,1,0,0,0,0,0,3,0,0,0,0,0,0,0,0,0,0,0,0,0,0,0,3,0,0,2,0,0,0,1,0,-1,0,0,0,0,0,0,1,-0.455491,0,0,-0.505102,0,0,3,0,1,0,0,0,1,0,1,1
0,0,0,0,0,-1,1,-0.744681,0,0,0,2,0,0,0,0,-0.403096,1,0,2,0,0,0,0,0,0,0,0,0,0,0,0,0.97143,4,0,0,0,0,1,0,1.397452,0,0,-0.715848,2,0,0,0,0,0,0,0,0,0,0,-3,0,0,0,1,0,1,-1,0,0,0,0,-1,1,0,0,0,0,0,0,0,0,-3,0,0,0,0,0,-1,0,3,0,-0.667685,0,0,-0.742501,0,0,0,0,0,2,1,-2,0,0,0,1
0,0,-2,0,1,0,1,-0.744681,0,0,0,2,-3,0,0,1,0.098915,0,0,-2,0,0,0,0,0,0,0,0,0,0,0,0,1.5592,6,0,0,0,0,0,0,1.823134,5,0,-0.647059,0,0,0,0,0,-1,1,0,-1,1,1,0,0,0,0,1,0,0,1,0,0,0,1,-1,1,0,0,0,0,-1,0,2,0,0,-1,0,-2,0,0,0,0,0,0,-0.349559,0,0,-0.616159,0,-1,0,0,-1,0,1,0,0,0,0,1
0,0,0,0,1,0,0,-0.657375,0,0,0,1,-2,1,-1,0,-0.788028,1,1,0,0,0,0,0,0,2,0,7,0,1,1,0,1.15374,4,-1,0,1,0,-1,0,1.184577,1,0,-0.647059,1,1,0,0,1,0,0,0,0,-1,1,0,0,0,2,1,0,1,0,0,0,0,0,1,0,0,0,0,-1,0,0,0,0,0,0,0,0,1,0,0,0,3,0,-0.623795,0,-1,-0.912082,0,0,0,0,0,-5,1,0,0,0,0,1
2,0,1,1,0,0,1,-0.830986,1,-1,0,0,0,0,0,1,-0.613954,0,0,5,-5,-1,0,1,0,0,1,2,0,0,-2,0,1.40478,3,-1,0,0,0,1,0,1.628048,0,1,-0.753639,0,1,0,0,0,0,0,0,0,0,1,1,0,0,1,0,0,0,0,1,-5,0,2,0,0,0,1,0,1,0,0,0,-6,2,0,0,0,3,0,0,0,0,0,-0.59189,0,0,-0.696405,2,0,0,0,0,-1,0,0,0,1,1,1
0,3,0,0,0,0,0,-0.026552,0,0,0,0,0,0,0,5,-0.625,0,0,0,0,-1,0,0,0,0,0,0,0,0,1,0,2.15816,4,0,0,0,0,1,0,2.387451,-1,0,-0.507176,0,0,1,2,0,0,0,0,-1,0,1,0,1,0,2,2,0,1,0,0,-1,1,1,1,0,0,0,0,0,0,0,0,0,0,0,0,0,0,1,1,0,0,1,-0.531768,0,0,-0.423898,-1,0,0,0,0,1,0,0,0,1,1,1
0,0,0,0,0,0,-1,-0.224322,1,0,0,0,0,0,0,1,-0.579986,0,0,0,0,0,0,0,0,1,0,0,0,0,0,-1,1.41986,4,1,-1,0,0,0,0,1.612267,0,1,-0.747265,0,1,0,0,-2,0,0,0,0,0,0,1,0,0,0,2,0,0,0,0,0,0,0,-1,0,0,1,0,1,0,0,0,0,0,0,0,0,-1,1,4,0,-1,0,-0.594414,0,0,-0.643217,0,0,0,0,0,0,0,-1,0,0,1,1
0,0,0,0,1,0,0,-0.680075,2,0,0,-1,0,0,0,0,-0.538462,0,-1,0,0,1,0,0,0,0,0,0,0,-1,0,0,1.35646,3,0,1,0,1,0,1,0.6,0,0,1.816662,0,0,0,0,0,0,0,0,0,0,-1,0,0,0,0,0,0,0,1,0,0,0,0,0,0,1,0,1,-1,2,0,0,0,0,0,0,0,0,0,0,0,0,1,-0.676662,0,0,-0.447976,0,0,0,0,0,0,0,0,1,1,0,1
0,0,0,0,1,0,1,-0.508678,0,0,0,0,-1,0,0,1,-0.468676,0,0,0,0,2,0,1,-2,1,0,0,0,6,0,0,1.21531,1,0,0,0,1,0,0,0.84947,0,0,-0.760498,0,1,0,0,-1,0,0,0,0,0,1,1,-1,-1,0,0,0,0,-1,0,0,0,0,0,0,0,0,0,2,1,0,0,0,0,0,0,0,0,0,0,0,0,2,-0.655132,0,0,-0.887313,0,0,0,0,0,0,0,0,-3,1,0,1
0,0,1,-1,1,1,1,-0.651816,0,0,0,-2,0,2,1,1,-0.420393,0,0,0,1,0,0,1,1,0,0,0,0,0,0,0,1.46706,2,0,0,0,1,-1,0,0.601922,-1,-1,-0.772064,3,1,0,0,0,0,0,0,0,0,-1,1,0,0,-1,0,0,0,0,0,0,0,-1,0,0,0,0,0,0,1,0,0,-1,0,0,0,0,0,0,0,0,0,0,-0.575206,0,0,-0.539274,0,0,4,0,0,0,0,0,0,0,0,1
0,1,0,0,0,0,0,-0.902631,0,0,2,0,-1,0,0,0,-0.798466,0,0,0,0,0,1,0,0,-1,0,0,2,-1,0,0,0.89363,6,0,2,-1,0,0,0,0.488543,0,0,-0.752485,0,1,0,0,0,0,0,0,1,0,0,0,0,0,1,0,0,0,0,0,0,0,0,0,0,1,1,0,0,0,2,0,0,0,-1,1,0,1,0,0,0,0,1,1.155879,0,0,-0.77121,0,0,2,0,0,0,0,1,0,0,1,1
0,-1,-1,-2,0,-2,0,-0.740106,0,0,0,0,0,0,0,1,-0.752727,1,0,2,0,0,0,2,-1,0,0,0,-1,0,0,0,1.17221,4,0,0,1,0,0,0,0.583373,-2,0,-0.72695,0,0,0,0,0,0,0,-1,0,-1,0,1,1,0,0,0,0,-1,0,1,0,0,-1,1,0,0,1,0,0,0,-1,0,0,0,0,3,2,3,-1,0,1,-1,0,-0.819003,0,0,-0.612187,0,0,1,0,0,-1,-1,2,1,1,1,1
0,1,0,0,0,2,0,-0.760833,0,0,1,0,0,-2,1,0,-0.465379,0,0,0,0,0,0,0,0,0,0,0,-2,0,0,0,1.32244,0,0,0,0,0,-1,0,1.145861,1,0,-0.657717,0,0,0,1,0,0,1,0,0,0,0,1,1,0,-2,0,1,0,0,0,1,0,0,-4,5,0,0,0,4,0,0,0,4,0,0,1,0,0,0,-1,0,0,0,0.071231,0,0,-0.555203,0,0,0,0,1,1,0,1,1,3,1,1
0,0,1,0,0,3,0,-0.567775,0,-1,0,1,1,0,-1,1,-0.461154,1,0,1,0,0,0,0,0,0,0,1,0,2,0,-1,1.19176,4,0,0,0,1,0,0,1.289402,0,0,-0.688374,0,0,0,0,0,-1,-1,0,0,-1,0,2,-1,2,-3,-1,0,0,0,1,0,2,-1,0,0,0,0,0,0,-1,1,0,0,-1,0,0,0,0,0,-1,0,-1,0,-0.427802,0,0,-0.072778,0,0,0,0,0,2,0,1,0,2,0,1
0,0,-1,0,0,0,0,-0.249763,-3,0,-1,2,0,0,0,1,-0.5,0,0,0,0,0,0,-2,-1,0,0,0,-2,2,0,0,1.32148,3,0,0,0,1,0,1,0.847267,0,0,-0.65715,0,3,2,0,0,1,0,0,0,1,1,0,-2,0,0,0,0,0,0,0,0,3,0,0,-3,-1,0,0,-3,0,-1,0,0,0,0,1,0,0,0,0,0,0,0,0.129038,0,0,-0.821575,1,0,-2,0,0,0,0,1,0,0,0,1
0,0,-1,-2,0,4,0,-0.634074,0,0,0,0,0,0,0,1,0.229644,0,0,0,0,0,0,0,0,1,0,0,0,0,-1,0,1.81417,5,0,0,-1,-2,0,0,1.925495,0,0,-0.727273,0,0,-1,0,0,2,1,0,0,-1,0,3,0,0,0,0,-1,-1,0,0,0,0,0,0,0,0,-2,0,0,0,0,0,0,0,0,-2,-1,0,0,0,0,4,2,-0.642738,0,0,0.270567,0,0,0,0,0,0,0,0,1,1,0,1
0,0,0,-2,0,0,0,-0.696427,-1,0,0,0,0,0,0,0,-0.630234,0,0,0,0,0,0,0,1,0,0,0,0,0,0,3,0.57832,0,0,-2,0,-1,0,0,4.046195,0,0,-0.647441,0,0,0,0,0,0,-1,0,0,0,-4,0,0,0,0,0,0,0,0,1,2,3,0,-3,2,1,0,0,1,0,0,0,1,-2,0,0,0,0,0,0,0,-1,0,-0.573192,0,0,-0.594845,0,0,0,1,-1,0,0,0,-1,0,0,1
0,0,0,0,0,0,0,-0.733333,1,0,0,0,0,-1,1,0,0.056212,0,0,3,1,0,-2,0,0,0,1,0,2,0,1,0,1.19528,2,1,0,0,0,0,0,0.202864,1,0,-0.426498,-2,-1,0,0,0,0,0,0,0,2,0,0,0,0,0,0,0,1,0,-1,2,0,0,0,0,0,0,-3,0,-2,-2,0,-1,2,0,0,-1,0,-1,0,1,0,0,-0.792364,0,0,-0.685605,0,0,2,0,-1,0,0,1,-2,0,0,1
0,0,0,0,0,0,0,-0.607735,0,0,1,0,0,0,0,1,-0.56535,0,0,1,1,0,1,0,0,0,-1,2,0,2,0,3,0.43883,11,0,0,3,-1,0,0,1.008663,2,0,-0.879051,0,0,0,0,0,0,0,0,0,0,0,-1,0,0,0,0,0,0,0,0,1,-1,0,0,0,0,0,1,1,0,1,0,0,3,0,0,0,0,0,0,0,2,0,-0.188447,0,0,-0.6,0,0,-1,0,0,0,0,0,0,0,0,1
0,-3,0,2,1,0,0,-0.75,0,0,0,0,0,-1,0,0,-0.14235,0,2,0,0,0,0,-1,0,0,0,0,2,0,0,0,0.98284,9,0,0,2,3,0,0,1.344998,0,0,-0.692308,0,-1,0,0,0,0,0,-2,0,0,0,2,0,0,0,0,0,0,0,3,1,2,0,2,2,-1,1,0,0,0,0,0,0,0,1,0,0,0,-1,1,0,0,0,-0.189908,-1,1,-0.825345,0,0,-4,1,0,0,0,1,0,1,1,1
0,1,0,0,1,2,0,-0.78453,1,0,-3,0,0,0,0,0,-0.704181,0,0,0,2,0,-3,-1,1,0,0,0,0,0,0,0,1.08253,11,0,0,1,0,1,0,1.358545,2,0,-0.692308,0,0,3,0,0,0,-1,1,0,0,0,0,0,-2,0,0,0,0,2,0,0,1,0,0,0,0,0,0,0,3,0,0,0,-1,0,0,0,0,0,0,0,2,0,-0.789474,0,0,-0.830964,0,0,0,0,0,0,1,0,0,1,1,1
0,0,0,0,1,2,0,-0.690732,0,0,0,0,0,-2,0,0,-0.64728,0,0,0,0,0,1,0,0,0,0,0,0,0,0,0,1.7709,8,1,1,1,1,0,0,1.288376,0,0,0.090216,0,0,0,0,1,0,0,0,1,0,0,0,0,0,1,2,0,0,2,0,1,0,-2,0,0,1,0,-1,0,2,0,0,0,0,0,0,0,0,0,0,0,0,0,-0.549154,0,0,-0.753019,0,0,0,0,0,1,0,0,0,1,1,1
0,0,0,0,0,0,1,-0.57796,0,0,0,0,0,0,0,1,-0.392077,0,1,0,0,0,-2,1,0,0,1,0,4,0,1,0,1.65138,6,0,-1,-2,3,0,0,1.43214,0,0,-0.760421,0,-1,1,0,0,1,-1,-1,-1,0,0,0,2,0,0,-2,0,0,2,1,1,2,0,0,0,1,1,0,0,0,0,0,0,0,0,0,0,1,0,0,0,3,0,-0.368421,0,1,-0.72795,0,0,-1,0,0,0,0,1,0,0,1,1
0,0,2,0,0,0,1,-0.804384,0,0,0,0,0,1,0,0,-0.818182,0,0,0,0,-1,0,1,0,2,1,0,0,0,4,0,1.11327,3,0,0,0,0,0,0,1.566962,0,0,-0.858823,0,-2,0,1,0,2,1,0,0,1,-1,0,0,0,0,0,0,0,1,0,1,1,2,2,0,0,-2,0,0,-1,0,0,0,0,0,0,0,0,-1,3,0,0,0,-0.368421,0,0,-0.675676,0,0,0,1,0,0,0,0,0,0,1,1
0,-1,0,0,0,0,1,-0.780878,0,0,0,-2,1,1,0,0,-0.594036,0,0,-4,1,0,0,0,0,0,0,0,0,0,3,-4,0.97296,4,2,0,0,1,0,-2,1.642566,1,0,-0.818875,1,0,0,0,0,0,0,-1,0,3,2,0,0,0,0,0,-1,-1,0,0,0,0,-4,0,0,1,2,1,-2,2,2,0,1,0,0,0,-1,2,0,0,0,0,0,-0.64006,0,0,-0.675676,1,0,0,0,0,0,1,0,2,0,1,1
0,0,-2,0,0,0,-3,-0.446655,0,0,1,0,0,-1,0,0,-0.582984,0,0,2,-2,0,0,0,0,0,-1,0,0,2,2,0,1.71429,4,0,0,-1,-2,1,0,0.791456,3,0,-0.8,-1,0,0,0,1,1,0,0,0,0,0,0,0,0,3,0,0,0,0,0,0,0,-1,0,0,-1,0,-1,1,-1,0,0,0,2,2,0,1,0,0,0,0,0,-1,-0.4,1,0,-0.575805,0,-1,0,1,1,0,-1,1,0,0,1,1
0,-1,0,0,0,0,0,-0.273572,0,0,0,0,0,-1,0,0,-0.566888,0,0,0,0,0,0,0,0,0,0,2,0,0,1,0,2.81853,5,0,0,0,0,-1,0,1.093251,2,0,-0.8,0,1,0,0,0,0,0,0,0,0,0,0,0,0,0,0,1,0,0,0,1,0,0,0,3,0,0,0,1,0,0,0,0,0,0,0,0,0,0,0,0,0,0,-0.480538,0,0,-0.665719,3,0,0,0,0,-1,-1,1,0,0,1,1
0,0,0,0,0,0,0,-0.50361,0,0,0,0,-1,0,0,0,-0.586207,0,0,0,0,1,1,-2,0,-1,0,0,0,2,0,0,1.593,3,0,0,3,1,0,1,0.426094,1,-2,-0.883597,0,0,1,0,0,0,0,0,-1,0,1,0,-3,0,0,0,0,0,0,1,1,-1,0,0,0,-2,0,1,1,-1,0,0,1,0,0,0,0,-1,0,0,0,0,0,-0.207278,0,0,-0.675676,0,0,0,0,0,0,0,2,0,0,1,1
0,0,-1,0,0,0,0,-0.539335,-1,0,-1,0,0,0,2,1,-0.801608,1,0,0,0,0,0,0,0,0,0,0,2,0,-1,0,0.70566,3,0,0,1,0,0,-1,0.612903,0,1,-0.586207,0,1,1,0,0,0,0,-1,0,0,0,3,2,0,0,1,0,0,1,1,1,-3,0,0,0,0,0,1,0,-2,5,0,0,-1,0,0,0,-1,0,0,0,0,1,-0.809869,0,0,-0.680379,0,0,0,0,0,-2,0,1,0,0,0,1
0,0,0,-1,0,0,-4,-0.388272,0,0,0,0,0,0,0,0,-0.781818,0,0,0,2,0,0,0,0,0,0,0,0,0,0,0,0.77582,0,0,0,1,0,0,0,0.793103,0,-1,0.230235,2,1,1,0,0,0,0,0,0,0,0,0,0,0,0,-2,0,1,0,0,2,0,0,1,0,0,0,0,-2,1,0,0,0,1,1,0,1,0,0,0,0,0,0,-0.527506,0,0,-0.58653,2,1,-1,0,0,0,-1,0,0,0,0,1
0,1,2,2,0,0,-2,-0.355212,0,1,0,1,-1,-2,0,-5,-0.335074,-1,0,2,0,0,0,0,0,0,0,-1,0,0,0,0,1.10827,0,0,0,0,2,0,0,0.708633,0,0,-0.647156,0,0,0,0,1,1,0,0,0,0,1,1,1,0,0,0,0,0,0,0,1,0,0,0,0,0,-1,0,0,-2,2,0,0,1,0,0,0,-1,0,0,0,0,0,-0.645892,0,0,-0.75614,0,0,0,0,0,0,0,0,0,-1,0,1
0,-1,1,-1,0,-2,0,-0.815277,0,0,0,-1,0,1,-3,-1,-0.045038,0,0,-1,-3,0,0,1,0,0,0,0,0,0,1,0,2.21179,5,-1,0,-1,0,0,0,0.724296,-2,-1,-0.647059,0,0,0,0,0,0,2,-1,0,1,0,-2,0,1,0,0,1,-1,0,0,0,0,0,0,0,1,1,0,0,0,0,0,0,1,0,-1,0,-2,-1,1,0,0,0,0.025837,0,0,-0.647765,3,0,1,0,2,1,0,0,0,3,1,1
0,0,0,2,0,0,-1,-0.409477,0,-1,0,0,0,0,-1,-1,0.641747,0,0,1,1,0,0,0,-1,0,0,0,0,0,0,0,0.64737,21,0,0,0,0,0,0,0.508702,0,0,-0.722884,0,0,0,0,0,0,0,0,0,0,0,2,0,0,3,0,1,0,0,2,0,0,0,0,0,1,0,0,0,0,0,0,0,0,0,0,0,1,0,2,0,0,0,-0.425113,0,0,-0.396742,0,0,0,0,0,0,0,0,0,0,1,1
2,2,1,1,0,1,0,-0.540492,0,0,-1,0,0,2,-2,-1,-0.640609,0,0,0,0,0,0,1,0,0,0,0,0,0,1,0,0.97143,2,0,0,1,-1,0,0,1.942991,0,0,-0.237944,0,0,0,0,4,0,0,0,0,0,-1,0,0,0,-1,0,1,0,-1,0,0,-2,1,0,0,0,1,0,0,1,0,0,-3,0,0,-1,0,0,0,0,0,1,0,-0.571429,0,0,-0.782053,0,1,1,-2,0,1,0,1,0,2,1,1
0,0,0,0,0,0,-1,-0.429424,0,0,0,0,0,-1,0,2,-0.580785,0,0,-2,1,0,0,0,0,0,0,0,0,0,0,0,1.55469,14,1,0,0,1,0,0,1.054979,0,0,-0.752952,0,0,0,0,1,0,0,0,1,0,0,1,0,-1,1,0,0,0,0,0,0,0,-1,0,0,0,0,1,0,0,-2,0,0,0,0,0,0,0,1,0,0,1,1,-0.586207,0,0,-0.792792,0,1,0,0,-2,0,0,0,0,0,1,1
0,0,0,0,0,0,0,-0.385406,1,1,0,0,1,0,0,2,-0.779374,0,0,0,2,0,0,0,0,0,2,2,2,0,0,0,1.57515,5,1,1,0,1,0,0,0.843242,0,0,-0.778044,0,-1,0,0,1,0,0,0,1,0,0,0,0,2,1,0,0,0,0,1,0,0,0,0,0,0,1,1,0,0,0,0,0,0,0,0,0,0,0,0,0,3,0,-0.774804,0,0,-0.578017,0,0,2,2,0,0,0,0,3,0,1,1
0,3,0,0,0,0,0,-0.495308,0,1,0,0,1,0,0,-1,-0.189778,0,0,3,0,0,0,-2,2,0,0,0,0,0,0,0,1.54886,2,1,1,0,2,0,0,0.898256,0,0,-0.745781,0,-1,0,-2,0,1,0,0,1,0,-2,0,0,0,0,0,0,0,0,0,0,0,0,0,0,0,0,1,1,0,0,0,1,0,0,0,0,0,0,0,0,0,0,-0.482887,0,0,-0.697111,0,0,0,0,0,0,0,0,0,0,1,1
0,0,7,0,0,-1,-1,-0.873684,0,0,0,1,2,0,0,0,-0.370335,0,0,0,0,0,0,-1,0,0,0,0,0,0,0,0,1.12463,7,0,0,0,3,1,0,0.836121,0,-3,-0.634827,0,1,-2,0,0,0,0,0,0,0,0,1,0,-1,0,2,-1,0,-2,0,0,0,0,0,-1,0,1,0,3,0,1,0,0,0,0,0,0,0,-1,0,0,1,0,-0.901238,0,0,-0.56097,0,0,0,0,0,0,0,0,-2,0,0,1
0,3,0,0,0,-1,0,-0.89637,0,0,0,0,0,-1,3,3,-0.22419,0,0,1,0,0,-2,0,1,1,0,0,0,0,1,0,1.8985,6,0,0,-2,0,0,0,3.66215,-2,1,-0.436669,0,0,0,0,0,0,0,0,0,0,0,0,-1,0,1,0,0,-1,0,-1,1,0,0,0,0,0,0,0,2,1,0,0,0,0,0,0,0,1,0,0,0,0,0,-0.788215,0,0,-0.435018,-1,0,-1,0,-1,-1,0,0,0,0,0,1
0,0,0,-1,0,0,0,-0.446838,0,0,-1,0,0,0,0,0,-0.571429,0,0,0,0,0,-1,0,0,2,0,1,0,0,0,0,0.64557,0,1,0,-1,-3,0,1,0.817809,0,0,-0.867665,0,0,0,0,1,0,0,0,0,0,0,0,0,0,0,0,0,0,0,0,0,1,0,0,1,0,0,0,-1,0,0,0,0,0,0,0,0,1,0,-1,-1,-2,0,0.032107,0,0,0.378111,0,0,0,0,0,0,1,0,0,0,0,1
1,2,0,0,0,0,-1,-0.718396,0,0,4,0,0,-1,0,0,8.316858,0,0,0,1,0,0,0,0,0,0,0,4,0,0,-1,0.72681,1,0,0,1,0,0,0,1.552141,1,0,-0.378073,0,0,-1,0,0,0,0,1,0,0,0,1,1,0,0,0,0,1,2,0,1,3,1,0,0,0,1,0,0,0,0,0,1,0,0,0,0,0,-1,0,0,-2,0,-0.804691,0,0,-0.366562,0,0,2,0,-1,0,1,0,1,0,1,1
0,-1,1,1,0,1,0,-0.859156,0,0,1,0,0,1,0,0,8.674151,0,-1,0,2,0,0,0,0,0,-2,0,1,-1,0,-1,1.08571,0,0,0,0,0,0,0,1.465405,0,1,-0.551138,1,0,-1,0,0,0,-2,0,0,0,0,0,0,0,1,-1,1,1,0,0,1,1,1,0,0,0,1,2,0,0,0,0,2,0,0,0,0,-1,-1,0,0,0,3,-0.467463,0,2,-0.197513,0,1,1,0,0,0,0,0,0,0,1,1
0,2,0,0,0,0,0,-0.709115,0,0,0,1,0,0,2,0,7.774231,0,3,0,0,0,0,0,0,0,0,0,0,0,0,0,1.52752,7,0,0,0,-1,-1,0,1.778165,0,0,-0.793809,0,1,0,0,0,0,0,0,-2,0,-3,0,0,0,0,-3,0,0,1,0,1,0,0,3,0,0,0,-1,0,1,0,0,0,0,0,0,0,1,0,0,0,0,0,-0.555556,0,0,-0.604728,0,0,0,0,0,1,0,0,0,0,1,1
0,3,-2,0,0,0,0,-0.667656,-2,0,-1,0,-1,0,0,0,-0.583059,0,0,0,0,0,0,0,0,0,0,0,0,-1,1,0,1.0,0,0,0,0,0,0,0,3.706065,0,0,-0.657143,0,0,0,1,0,0,0,0,-1,0,0,0,0,0,-1,0,0,0,-2,0,0,2,-1,0,0,0,0,0,0,0,1,0,0,0,0,0,0,0,0,3,0,4,0,-0.603155,0,0,-0.748095,1,0,0,0,-1,0,0,0,0,1,0,1
0,0,2,4,0,0,0,-0.75,0,0,0,0,0,0,-1,0,-0.466858,1,0,0,-1,0,0,0,0,0,0,1,0,0,1,0,0.96821,-18,0,0,0,0,0,-2,0.35679,1,0,-0.657143,0,0,0,0,0,0,0,0,0,3,0,4,0,0,-1,0,0,0,-1,0,-1,0,3,0,1,0,1,0,0,0,0,-1,0,0,1,0,0,1,0,1,1,4,-1,-0.496597,0,0,-0.724863,0,0,0,0,0,0,1,0,0,1,0,1
0,-1,0,-1,1,1,0,-0.707288,0,0,0,-1,0,0,-1,0,-0.620471,0,0,3,0,0,0,0,0,0,-1,0,0,1,1,0,0.79802,0,2,0,0,-1,1,0,0.238146,0,0,-0.657143,0,0,0,0,0,0,0,0,0,0,1,0,1,0,0,2,0,0,0,4,0,0,-1,0,0,0,0,0,0,0,-2,0,0,-1,0,0,0,2,0,0,0,0,0,-0.730527,0,0,-0.295005,-1,0,0,0,0,1,0,0,0,1,0,1
1,0,3,1,0,0,0,-0.315554,0,0,0,0,0,1,0,1,-0.623574,0,0,5,0,0,0,0,0,0,0,4,0,3,3,1,1.77461,8,0,0,1,-1,0,0,1.725199,0,0,-0.85,0,0,0,0,0,0,0,0,0,1,1,2,0,0,0,1,0,0,0,0,-1,0,0,-2,0,-1,0,1,2,0,-2,0,0,0,1,0,0,1,0,0,0,0,0,-0.653407,0,0,-0.50033,2,0,-1,0,0,0,0,0,1,-1,1,1
0,0,0,0,-1,1,0,-0.343939,0,0,0,0,0,1,0,1,-0.551169,0,0,-2,0,0,1,3,0,0,0,0,0,0,2,0,2.92754,14,0,0,0,0,0,0,0.856272,0,2,-0.866975,0,0,0,2,0,0,0,0,2,0,1,5,0,-1,0,1,0,0,-1,0,0,-2,0,0,0,2,0,1,0,2,0,0,1,-1,1,0,0,0,0,0,0,0,2,-0.58326,0,-1,-0.809524,0,0,0,0,0,-1,0,0,1,0,1,1
0,0,0,0,1,0,0,0.684258,0,0,0,0,2,0,0,0,-0.163555,0,0,0,0,0,0,2,0,0,1,0,2,2,0,0,2.28571,4,0,0,0,0,0,0,0.6422,1,0,-0.85,0,0,0,0,1,0,0,0,0,0,0,0,0,0,0,0,0,-2,0,0,0,0,0,0,1,0,0,0,0,0,0,-1,1,0,1,0,0,0,0,-2,0,0,2,-0.625,0,-1,-0.670642,0,0,0,0,0,0,0,0,1,0,1,1
0,0,0,-4,0,0,0,-0.227393,0,2,0,0,0,0,2,0,-0.481716,0,0,-1,0,0,-1,0,0,0,0,0,0,0,0,0,1.71429,11,0,0,0,0,-1,0,1.492956,-2,-1,-0.78606,0,0,0,0,0,1,0,0,0,-4,-1,0,2,-3,0,0,0,0,0,0,0,1,-3,0,0,0,1,0,0,0,0,0,-1,-2,0,0,0,0,0,-1,0,1,0,1.664267,0,1,0.226429,0,0,2,-2,-1,-1,0,0,2,2,1,1
0,0,0,0,0,0,0,-0.712569,0,0,0,0,0,0,0,0,-0.52,0,0,1,0,0,-3,0,2,0,-1,0,0,0,0,0,1.10928,10,0,0,0,-1,0,0,1.21667,4,0,-0.735844,0,1,0,2,0,0,1,0,0,0,1,0,2,0,-2,0,0,0,0,0,0,1,-1,0,0,0,2,0,0,2,0,0,0,0,0,0,0,0,0,0,0,1,0,1.910439,0,1,-0.517528,0,0,0,0,-1,0,0,0,2,1,1,1
0,0,0,0,-1,1,0,-0.544852,0,0,0,0,0,0,0,0,0.059822,0,0,1,0,1,0,0,0,0,0,2,0,0,0,0,1.71429,4,0,0,0,0,0,0,1.21667,0,0,-0.836551,0,0,0,0,0,2,1,0,0,-2,1,0,0,1,0,0,0,1,0,0,0,1,0,3,3,-1,5,0,1,-1,0,0,0,0,0,0,0,0,-1,3,0,0,0,-0.806452,0,1,-0.679401,0,0,0,0,0,-1,3,0,0,0,1,1
0,0,2,0,0,0,0,-0.526101,1,1,-1,0,0,0,0,0,-0.438341,0,0,1,0,0,0,0,0,1,0,2,-1,0,0,0,2.04027,2,0,0,-1,0,0,0,0.4714,0,0,-0.736233,0,0,0,0,-1,0,0,0,0,0,0,0,2,0,0,-1,0,2,0,0,-1,1,0,0,0,0,0,0,0,0,2,0,0,-3,0,0,0,0,0,1,0,1,0,-0.699176,0,0,-0.559836,0,1,0,0,0,1,0,0,0,0,1,1
0,0,0,0,0,2,0,-0.587343,0,1,0,0,0,-1,0,-1,0.020443,0,0,0,0,0,0,0,-1,1,0,0,2,0,0,0,0.75188,7,-1,0,0,0,0,-1,2.411641,0,0,-0.490428,0,0,0,0,0,1,0,0,0,0,1,0,0,-1,0,4,0,1,0,0,0,0,0,0,0,0,2,0,0,2,0,1,0,2,1,1,0,0,0,2,0,0,1,-0.688196,0,0,-0.710449,0,0,4,0,0,1,0,1,0,0,1,1
0,0,1,0,0,0,0,-0.867741,0,1,0,0,0,0,0,0,-0.465057,0,0,0,0,0,0,0,0,0,0,0,0,0,-1,0,2.15007,7,0,0,0,0,1,1,1.573684,0,1,-0.74232,0,0,0,0,0,0,0,0,0,1,1,0,0,0,0,2,0,-1,-2,0,0,1,0,0,0,0,1,0,1,0,0,0,1,0,1,0,0,1,0,1,0,0,0,-0.647059,0,0,-0.203974,2,1,0,0,0,1,0,0,0,0,1,1
1,0,0,1,0,0,0,-0.81746,1,0,0,0,0,0,0,0,-0.821454,0,0,0,0,0,0,0,0,1,0,0,0,3,0,-1,2.99749,4,-2,0,1,0,0,1,0.7625,5,0,6.388413,0,0,0,0,0,0,0,1,0,0,0,0,0,0,-1,0,0,0,0,0,1,0,1,1,0,0,0,0,1,0,0,0,1,0,0,0,1,-1,-2,0,0,1,0,-0.507508,0,0,-0.627617,0,0,0,0,0,0,0,0,0,0,1,1
1,-1,0,1,0,0,0,-0.779052,-1,0,1,0,0,-2,0,0,-0.654851,0,0,-2,1,0,0,0,0,0,0,0,0,1,0,0,1.73215,4,0,-1,1,-1,0,0,0.7625,1,-1,9.254453,0,-1,2,0,0,0,0,1,0,0,0,1,0,1,0,0,0,0,1,0,0,0,0,1,0,0,1,-2,0,0,0,0,1,0,0,3,0,0,0,0,0,0,0,-0.6,-1,0,-0.508899,0,0,0,0,0,0,-1,-1,0,-1,1,1
1,0,0,0,0,0,0,-0.832943,0,0,1,0,1,0,0,0,-0.668428,1,0,1,-1,1,0,0,0,1,0,0,0,0,0,0,2.28571,1,-1,0,0,0,0,0,0.998079,2,-2,9.026015,0,0,0,0,-1,0,0,1,1,0,0,1,0,0,0,0,0,0,1,0,-1,1,0,1,0,0,2,0,1,0,0,0,0,1,0,0,-2,0,0,0,0,0,0,0.022548,0,0,-0.718701,0,-1,-2,0,0,0,-1,0,0,0,1,1
0,0,1,0,0,0,1,-0.72093,0,0,1,0,0,2,0,1,-0.872117,0,0,1,-2,0,0,0,0,0,0,2,0,0,2,0,1.13116,1,0,1,1,0,0,0,0.658793,0,0,-0.621591,-1,0,1,0,0,1,0,0,0,0,1,0,0,0,1,0,0,0,0,1,0,1,0,0,0,0,0,0,0,-6,0,0,0,0,1,0,0,0,0,0,0,0,0,-0.831333,0,1,-0.578912,0,0,0,-1,0,0,0,-3,0,0,1,1
0,0,1,0,0,0,1,-0.698631,0,2,1,0,0,0,0,1,-0.68518,0,0,1,0,0,0,0,-1,0,0,0,0,0,3,0,1.48422,2,0,0,1,-1,0,0,0.657034,-1,0,-0.822258,-1,1,1,0,0,1,0,0,0,0,1,0,0,1,1,0,0,0,0,0,0,-3,0,-2,0,0,-3,0,0,0,2,0,0,2,1,-1,0,0,0,1,0,0,0,-0.659673,0,1,-0.622614,0,0,0,0,0,0,0,0,0,0,1,1
0,0,1,0,0,0,1,-0.691055,1,0,0,0,0,0,0,0,-0.027105,0,0,0,0,0,0,0,0,0,0,0,2,0,1,0,1.6497,5,0,0,0,0,0,0,0.723892,0,0,-0.789862,0,1,1,0,0,1,0,0,0,0,2,0,0,0,1,0,0,0,0,1,-1,0,1,1,0,0,0,0,0,0,0,0,0,2,0,0,0,0,0,1,0,0,0,-0.772905,0,1,0.700317,0,0,2,0,-1,0,0,0,1,1,1,1
0,-1,0,0,0,3,3,-0.313762,0,0,1,-1,0,0,0,0,-0.79661,0,-1,0,0,0,0,1,0,0,0,0,0,0,1,0,1.29242,2,0,1,0,0,0,0,0.989835,0,0,-0.797891,0,1,0,3,0,0,0,2,0,0,0,0,0,0,0,0,0,-1,0,0,0,-1,-1,0,0,0,0,0,0,0,0,0,1,2,0,0,0,0,0,1,-1,0,0,-0.397754,0,0,-0.701523,0,0,0,1,0,0,0,0,0,1,1,1
0,1,0,-1,0,-1,0,-0.573169,-1,0,0,0,0,-1,0,2,-0.690056,1,0,0,1,0,0,0,0,2,0,0,0,0,-3,0,1.39394,2,0,0,1,0,0,0,0.66923,0,0,-0.719013,0,1,1,0,-1,0,0,0,0,1,1,1,0,0,0,0,1,0,0,0,0,0,0,3,0,0,0,0,0,0,0,0,1,0,0,0,0,0,0,2,0,1,-1,-0.310281,0,0,-0.323694,3,0,0,1,0,0,1,1,0,0,1,1
-1,0,0,0,0,0,0,-0.608799,-2,0,0,-1,0,0,4,0,-0.79661,0,0,1,0,0,0,1,0,0,-1,0,0,0,3,0,1.72268,7,0,0,0,1,0,0,0.579727,0,0,-0.783782,2,0,0,0,0,0,0,0,0,0,0,1,0,0,-3,0,0,0,0,0,0,0,1,0,0,0,0,0,0,0,0,0,0,0,1,-1,0,0,0,0,1,-1,0,-0.078199,0,0,-0.64796,0,0,0,0,0,0,-1,0,0,2,1,1
0,0,3,0,0,-1,0,-0.587492,0,0,0,0,2,0,0,0,-0.260777,0,0,0,0,0,0,0,0,0,0,0,0,0,0,0,1.39697,9,0,0,1,0,1,0,1.337182,0,1,-0.731572,0,0,0,0,0,0,0,2,0,0,0,0,0,0,1,-1,0,0,0,0,0,-1,0,0,0,0,1,1,0,-1,0,0,1,0,0,0,0,-1,1,1,0,4,1,-0.779707,0,0,-0.697669,0,0,0,0,1,0,-2,0,0,0,1,1
0,0,0,0,0,4,0,-0.638271,0,0,0,0,-1,0,0,2,-0.785714,0,0,0,0,0,0,2,-1,0,0,0,2,0,0,0,1.25714,8,0,0,0,0,0,0,3.18501,0,0,-0.727273,1,0,0,1,0,0,0,0,1,0,-1,1,0,0,0,1,0,0,0,-1,2,0,0,-2,2,-1,3,0,1,0,0,0,0,0,0,0,1,1,0,1,0,0,0,-0.579954,0,0,-0.760054,3,0,-1,0,0,0,0,0,0,-1,1,1
0,0,0,2,0,0,1,-0.56109,-1,0,1,2,0,0,0,0,-0.858917,0,0,0,0,0,0,1,0,0,0,0,4,0,0,-1,1.43051,8,0,0,1,1,0,0,1.280087,0,0,-0.813448,0,0,0,-1,-1,0,0,0,1,-1,0,0,0,1,0,0,0,0,0,0,1,0,0,0,0,0,1,0,1,3,0,0,0,0,0,0,0,-1,0,1,0,0,0,-0.777603,0,0,-0.65247,0,0,0,0,0,-2,0,2,0,0,1,1
0,0,0,0,0,0,0,-0.72036,1,0,0,3,0,-1,0,0,-0.582756,0,0,0,2,0,0,0,0,1,-1,0,0,1,0,-1,1.34513,14,-1,0,0,0,1,0,0.223425,1,0,-0.705058,1,0,0,0,0,0,0,0,0,0,0,1,2,0,1,0,0,0,0,0,1,0,0,0,0,1,0,0,0,0,0,0,-2,1,0,1,0,1,0,0,0,-1,0,-0.750706,0,0,-0.372268,0,0,0,1,0,0,-1,0,0,1,0,1
0,0,0,0,0,0,0,-0.757319,0,0,0,0,0,0,0,0,-0.590567,0,0,0,-1,0,0,0,0,0,1,0,0,0,0,0,1.28571,2,0,-1,0,1,0,0,0.222222,0,0,-0.728,-1,-1,1,0,0,-1,1,0,0,0,0,0,0,0,0,0,0,0,0,0,0,1,1,-1,-1,-2,0,0,1,0,-3,0,0,0,0,0,0,0,0,0,0,0,0,-0.669274,0,0,-0.586207,0,0,0,0,0,0,0,1,3,0,0,1
0,0,-2,4,0,0,-2,-0.759873,0,0,0,0,-1,1,-2,0,-0.618843,0,0,0,0,0,0,0,0,0,0,-1,0,0,0,-1,1.4234,2,1,-1,0,1,0,0,0.222222,0,0,0.291901,0,0,0,0,0,0,0,0,0,-3,0,0,0,1,0,0,0,0,0,0,0,1,0,0,-1,0,0,0,0,0,0,0,-1,-2,1,0,0,1,0,0,0,0,0,-0.769231,0,0,-0.592639,0,0,0,0,0,0,0,-1,0,0,0,1
0,0,3,1,-1,1,1,-0.799772,0,-1,0,0,0,0,3,1,-0.601404,1,0,-1,0,0,0,0,0,0,1,3,0,0,1,0,1.58397,1,0,0,-1,0,-1,0,0.76,0,0,-0.713238,0,1,0,0,0,0,0,0,0,0,1,0,0,0,4,0,0,0,0,0,0,0,0,0,0,-1,0,-1,0,0,0,0,1,0,1,0,0,0,0,0,0,0,0,-0.629445,0,0,-0.491213,0,0,0,0,0,0,0,0,0,1,0,1
0,-1,0,-1,0,0,0,-0.810507,0,0,3,0,0,1,-3,1,-0.434956,0,0,0,1,0,0,1,0,1,0,0,0,0,0,0,0.71429,10,-2,-1,0,2,0,0,0.379113,0,0,-0.553407,-1,0,0,0,0,0,0,0,1,2,0,1,-1,0,0,-1,0,1,0,0,0,0,0,2,0,0,1,0,0,0,0,0,0,0,0,0,0,0,0,0,0,0,0,-0.614074,0,-1,-0.578063,0,0,0,1,1,0,-1,1,0,0,0,1
0,0,0,0,0,0,0,-0.768954,-1,1,0,0,0,0,5,0,-0.6,0,0,0,0,0,0,0,0,0,0,0,-3,3,1,0,0.74823,2,0,0,0,-1,1,0,0.848312,0,0,-0.522904,1,-1,0,0,1,0,0,0,1,-1,1,4,0,0,0,2,0,1,0,2,0,0,0,0,0,2,3,-1,-1,0,-1,0,0,0,0,0,0,-1,0,0,0,0,0,0.06249,0,0,-0.625,0,0,0,0,0,-1,0,1,0,1,0,1
-1,2,0,1,0,0,1,-0.710129,0,0,2,0,1,-1,0,0,-0.332147,0,0,1,1,0,0,1,0,0,0,0,0,0,0,0,0.7992,7,0,0,3,0,0,0,2.081962,2,0,-0.511974,-1,0,0,0,-1,0,0,0,0,0,-1,2,0,0,0,0,0,0,-3,0,4,0,0,0,-1,0,0,0,-2,1,0,0,0,-2,0,2,0,0,0,0,0,0,0,-0.704738,0,0,-0.566902,-1,0,0,0,0,0,1,1,1,0,0,1
0,0,0,0,0,0,0,-0.651619,1,1,0,0,0,0,0,1,-0.500395,0,0,0,0,0,0,0,1,0,0,0,-1,0,0,0,0.76082,1,0,-1,0,1,0,-1,0.706072,1,0,-0.642625,1,0,-1,0,0,-1,0,0,0,-3,0,0,0,0,0,0,0,0,0,0,0,1,1,0,0,-2,0,0,0,0,0,0,1,0,0,0,0,0,0,0,0,1,0,-0.156567,0,0,-0.48521,0,0,1,0,0,0,0,1,-1,0,0,1
0,0,1,1,0,0,0,-0.829465,-2,-1,-2,0,0,0,0,0,-0.615581,0,0,2,2,0,0,0,0,0,0,0,1,1,0,1,1.73329,3,-1,0,-2,0,0,0,0.773469,0,0,-0.792401,0,0,0,0,0,0,0,-2,0,1,-1,0,1,0,0,-3,0,0,0,1,0,1,0,0,2,0,1,0,0,0,0,0,0,0,0,-1,0,0,0,-1,0,0,0,-0.662099,0,0,-0.386248,0,0,0,1,1,-1,-2,0,0,0,0,1
0,2,2,0,0,-2,2,-0.699443,0,-1,1,0,0,0,0,1,-0.61693,0,0,-1,0,2,0,1,1,0,0,-1,0,0,1,0,1.0398,8,0,0,0,0,1,1,0.803651,0,0,-0.691001,0,0,0,0,1,0,0,0,0,0,0,1,-1,1,0,1,0,0,1,1,0,1,0,0,0,0,0,2,0,0,0,0,0,0,0,0,0,0,0,2,0,0,0,-0.753905,0,1,-0.577252,3,1,2,0,0,1,0,0,-1,0,0,1
0,0,1,0,0,0,1,-0.657143,0,0,-1,-1,0,-1,0,0,-0.647059,0,1,0,0,0,0,0,0,0,0,0,0,0,0,0,1.01116,5,0,0,0,1,0,0,0.787846,0,0,-0.479199,0,0,1,0,-1,0,0,-1,1,0,0,0,-1,0,1,0,0,0,0,1,1,0,0,0,0,1,0,0,0,3,0,0,0,0,0,0,0,0,0,0,0,0,0,-0.745787,0,0,-0.717262,0,1,0,1,0,1,0,0,-1,0,0,1
0,1,0,0,0,0,0,-0.680636,0,0,2,-1,1,0,0,2,-0.647059,0,0,0,2,0,0,-1,0,0,0,0,0,0,0,0,2.08682,3,0,0,0,-2,0,0,0.899468,-1,0,-0.693397,0,0,0,0,0,1,1,1,0,0,0,1,-1,1,0,0,0,0,1,2,0,0,0,0,0,1,0,0,1,0,0,0,0,0,0,0,-1,0,0,0,-2,0,-1,-0.715409,0,0,-0.602207,0,1,0,-1,0,2,-1,0,0,0,0,1
0,0,0,0,0,0,0,-0.637037,-1,0,0,-1,0,0,0,0,-0.89796,0,0,0,0,0,0,0,0,0,0,0,0,0,1,0,0.77021,7,0,0,0,1,2,0,3.284832,2,-1,-0.767996,0,0,0,0,0,0,0,0,1,2,0,0,0,0,0,0,1,0,0,0,-3,0,0,0,0,0,0,0,-1,0,0,1,0,1,0,0,0,0,0,0,0,0,1,-0.481196,1,-1,-0.368421,2,-1,0,1,0,0,0,1,0,0,1,1
0,0,0,0,0,0,0,-0.582803,0,0,0,0,0,0,5,0,-0.394429,1,0,-1,1,0,0,-1,0,0,0,0,0,-1,0,1,0.89287,11,0,1,1,0,0,1,4.051503,0,0,-0.766548,0,1,0,0,0,0,0,0,1,2,0,1,1,0,2,0,1,0,0,-1,0,0,0,0,0,0,0,0,1,0,0,2,0,5,-2,0,0,0,0,1,0,0,0,-0.784921,1,0,-0.214057,2,0,0,2,0,0,1,0,0,0,1,1
0,0,0,1,0,1,0,0.182143,0,0,2,0,0,0,-2,0,0.102136,0,0,0,1,0,0,0,0,0,0,0,0,2,0,0,1.64895,7,2,0,0,1,4,0,2.926778,0,0,-0.644996,0,1,0,0,0,0,0,0,1,1,0,0,0,0,3,0,1,0,1,0,0,2,0,0,0,0,1,0,1,0,5,0,0,1,0,1,1,0,0,2,0,0,0,-0.655672,0,2,-0.569984,0,-1,0,0,0,-1,0,1,0,0,1,1
0,1,0,0,1,1,0,-0.545112,0,0,-2,0,0,0,2,0,-0.57463,0,0,0,0,0,0,-1,0,0,0,0,0,0,0,0,1.04198,1,0,0,-1,-2,1,0,0.98928,1,0,-0.756533,0,0,-2,0,1,0,0,0,0,0,0,0,0,0,0,0,0,0,0,0,0,0,0,0,0,-1,0,0,0,0,-2,0,0,0,0,-1,0,1,0,1,-1,0,0,-0.492862,0,0,-0.7,3,-1,0,0,0,0,1,0,-2,0,1,1
0,0,0,0,1,0,0,-0.736549,0,0,0,0,1,0,0,0,-0.682345,0,1,1,0,0,0,3,1,-1,0,3,0,0,1,0,1.08421,0,1,0,0,0,1,0,0.175771,1,0,-0.773768,0,0,1,0,0,0,0,0,0,0,0,1,0,0,-1,1,0,0,0,0,1,0,0,0,0,0,0,0,1,0,0,0,0,0,0,0,0,0,0,-1,0,0,0,-0.529512,0,0,-0.7,0,0,0,-1,0,0,0,0,0,1,1,1
0,0,-1,0,1,1,0,-0.713294,0,0,1,0,0,0,0,0,-0.73248,0,0,0,0,0,0,0,0,0,0,0,2,0,0,0,2.16661,7,0,1,-1,-1,1,0,0.244586,1,0,-0.757679,2,0,0,0,1,0,1,0,0,0,0,0,0,0,2,0,0,0,-1,0,0,-1,0,0,0,1,1,0,1,0,0,-1,0,0,0,0,0,0,0,-1,0,0,0,-0.444954,0,0,-0.7,0,0,0,0,0,-1,0,1,0,1,1,1
0,-1,-1,0,0,0,0,-0.782399,0,0,0,0,0,0,0,1,-0.72612,0,1,1,0,1,0,0,0,0,0,0,0,0,0,0,1.16552,3,0,1,0,0,0,0,1.347366,0,0,-0.643922,1,0,0,0,1,0,0,0,0,0,1,1,2,0,-1,0,0,0,0,0,0,0,0,1,0,0,0,0,0,0,0,0,0,0,0,0,0,0,0,-1,0,0,-1,-0.626933,0,0,-0.563215,0,0,0,0,-1,2,0,-1,0,0,0,1
0,0,1,0,0,0,-1,0.038715,0,0,-2,0,0,0,0,0,-0.724729,2,1,0,1,0,0,0,0,1,-1,0,0,0,1,0,1.60908,-9,0,0,1,1,0,0,0.794354,0,0,-0.617129,0,0,0,0,1,0,2,0,0,0,1,1,0,0,1,0,0,1,0,0,0,0,0,0,0,-1,0,0,0,0,0,1,0,0,0,1,0,0,0,0,0,0,0,-0.335434,-1,0,-0.674437,0,0,0,0,0,0,0,0,0,0,0,1
0,0,0,2,0,0,1,-0.500916,0,0,0,0,1,-1,0,0,-0.72093,0,0,-1,1,0,0,0,0,0,0,-1,0,0,0,0,1.25714,5,1,0,0,0,0,0,0.629048,0,0,-0.813547,1,0,0,0,1,0,0,0,0,1,1,1,0,0,0,1,0,0,0,0,0,0,0,-1,0,0,-1,0,0,0,-5,0,0,0,0,0,0,0,0,0,0,0,0,-0.669363,0,0,-0.627143,0,0,0,0,0,0,1,0,0,-1,0,1
0,0,0,0,0,0,0,-0.359103,0,0,-1,0,0,0,0,0,0.632706,0,0,0,-3,-2,2,0,0,0,0,2,0,2,1,1,1.62857,12,0,0,0,0,0,0,1.048766,0,0,-0.722828,0,0,0,0,0,0,0,1,0,0,0,0,-2,0,2,0,0,0,0,1,0,0,0,0,5,0,0,3,0,0,0,1,0,-2,-1,0,0,1,0,0,0,0,0,-0.687905,-1,0,-0.920647,0,-1,0,0,0,0,0,1,1,0,0,1
0,1,0,0,0,0,0,-0.050421,-1,0,0,0,0,0,0,4,-0.722793,0,0,0,1,-1,1,1,0,0,0,0,0,0,1,1,1.54683,12,2,0,0,-1,0,1,0.973652,0,0,-0.668619,0,0,0,1,0,-1,0,1,0,0,0,0,1,0,0,0,0,0,0,0,0,0,0,0,0,0,0,0,0,1,0,0,0,0,0,1,0,1,0,1,0,0,0,-0.723669,0,0,0.148201,0,0,2,0,0,0,1,1,-1,1,0,1
0,1,1,0,0,-1,1,-0.88508,0,0,-1,0,1,1,2,1,-0.52535,0,0,2,1,0,0,0,-1,1,0,0,4,3,0,0,1.76119,12,1,0,0,0,-1,1,1.800574,0,0,-0.786642,0,0,0,0,0,1,1,0,0,2,1,0,0,0,1,0,0,0,0,0,0,0,-1,1,0,-2,-1,0,-1,0,0,1,0,1,0,0,0,1,0,0,0,0,0,-0.638525,0,0,-0.345098,0,0,0,0,0,0,0,1,1,0,0,1
0,0,0,3,0,-1,1,-0.630415,0,0,0,0,0,0,0,0,-0.087336,0,0,-2,0,0,0,0,0,0,0,0,0,0,0,0,1.05512,11,0,0,1,0,0,-1,0.828243,2,0,-0.823172,4,1,0,0,1,0,0,0,0,2,0,0,0,1,0,0,0,-1,-2,-1,1,2,0,0,0,-3,0,0,0,0,6,0,0,0,0,0,0,0,0,0,0,-1,0,-0.617545,0,0,-0.345886,0,0,2,0,0,0,0,1,0,0,1,1
0,0,-1,1,0,2,0,-0.658956,0,0,0,0,0,0,2,0,0.325639,0,0,0,0,1,0,1,0,0,0,0,0,0,0,0,1.02981,11,0,0,1,0,0,0,0.833333,2,0,-0.793267,0,0,-1,0,0,0,0,0,0,0,0,0,0,0,-1,-3,0,0,1,0,0,0,0,0,0,3,1,0,0,0,0,0,0,0,0,-1,0,-1,0,0,0,0,0,-0.636364,-1,0,-0.762445,0,-1,0,0,0,0,1,1,1,0,1,1
0,0,1,1,0,0,0,-0.639346,0,0,1,0,0,0,0,0,0.282324,0,0,2,0,0,1,-2,0,0,0,0,2,0,0,0,1.18992,7,0,0,0,0,0,0,1.355831,0,0,-0.778998,-1,-2,0,0,0,0,0,0,0,-1,0,0,-2,0,1,0,0,0,1,0,0,0,0,1,0,0,1,0,-1,0,0,0,0,4,0,0,0,0,0,0,1,0,0,-0.741566,0,0,-0.684832,0,0,0,0,0,1,0,1,1,0,1,1
0,0,1,1,0,0,0,-0.793632,0,0,0,0,0,0,0,0,-0.153071,0,0,0,0,1,0,0,0,0,-1,0,3,0,0,0,0.88171,10,0,0,0,0,0,0,2.574458,0,0,-0.516535,0,2,0,0,1,0,0,0,1,0,0,1,0,1,0,0,0,0,-1,1,0,2,0,0,0,0,0,0,0,0,0,0,0,0,0,0,0,-1,0,0,0,4,0,-0.612903,0,0,-0.626433,0,0,2,-1,0,1,0,0,0,0,0,1
0,0,0,1,0,0,-1,-0.585459,0,0,0,0,0,-1,-1,-2,-0.729568,0,0,0,-2,1,0,2,0,0,1,2,3,0,1,0,0.87545,1,-1,0,0,0,0,1,0.7399,0,0,-0.717582,0,0,2,0,0,0,0,0,0,0,0,0,0,0,0,0,0,0,0,0,1,1,1,0,3,0,0,0,1,0,2,0,0,0,1,1,0,-1,0,-4,1,0,0,-0.734976,0,0,-0.926978,-2,0,0,0,0,1,0,0,0,0,0,1
0,0,2,0,1,4,0,-0.547316,0,0,-1,1,0,1,-2,0,-0.466023,0,0,0,2,1,0,0,1,0,0,4,0,0,0,0,1.35376,8,0,-1,0,0,0,0,2.120491,0,2,-0.538462,1,0,0,0,0,0,-1,0,0,0,0,0,0,1,0,0,0,0,1,1,0,-3,0,0,0,0,0,0,0,0,0,0,0,0,0,0,0,0,0,0,-1,2,0,-0.679651,-1,0,-0.557321,0,-1,0,0,0,1,0,0,0,0,0,1
2,0,0,1,0,1,0,3.063121,-1,0,1,0,0,0,0,0,-0.643532,0,0,0,0,0,0,0,1,0,0,0,0,0,0,0,0.89777,13,0,0,0,0,1,0,1.06452,0,0,-0.878209,0,0,-1,0,0,-1,0,0,0,0,0,0,0,0,0,0,0,0,-1,1,1,0,0,1,0,0,0,1,0,0,2,0,1,0,0,0,0,0,0,0,0,0,0,-0.477359,0,0,-0.641907,2,-2,0,0,0,0,0,-1,0,0,0,1
0,-3,0,1,0,-1,0,3.24231,0,0,1,0,0,0,0,0,-0.482223,0,1,0,1,0,-4,-2,1,0,0,0,0,0,0,0,0.88571,1,-1,0,0,0,5,0,1.424346,3,-2,-0.526952,0,-1,2,-1,0,0,0,0,0,0,1,0,0,0,0,-1,0,0,0,1,0,0,-2,-1,0,0,1,-1,-1,0,0,0,0,1,0,0,0,0,0,0,0,0,0,-0.346121,0,0,0.533949,2,0,0,0,0,0,0,0,2,0,0,1
0,0,0,1,0,0,0,8.662162,0,3,0,0,-1,0,0,2,-0.69371,0,0,0,0,0,-1,0,1,0,0,0,0,0,-1,0,1.20024,3,0,0,0,-1,0,0,0.70458,0,0,-0.787113,1,0,0,2,0,0,0,0,0,1,1,0,0,0,0,2,0,0,0,0,1,0,0,0,4,0,0,0,1,0,3,0,1,2,0,0,0,0,2,0,1,0,0,0.321369,0,0,-0.452931,0,0,-1,0,0,-1,0,-1,0,0,0,1
0,0,1,1,0,0,0,-0.302853,0,0,1,0,0,0,0,0,-0.629915,0,0,0,0,0,0,0,0,0,1,0,-1,0,1,0,1.48571,11,0,0,0,1,0,0,1.169011,0,0,-0.769231,0,0,1,0,0,0,0,0,0,0,0,0,0,0,0,0,0,0,3,0,0,1,0,-4,0,0,-2,0,0,0,0,0,0,-1,0,1,0,0,0,0,0,0,0,-0.6848,0,0,-0.727185,0,0,1,3,0,0,0,0,1,0,1,1
0,0,0,0,0,0,1,-0.668545,0,0,0,0,0,0,3,0,-0.34103,0,0,0,0,0,0,0,0,0,1,0,0,0,6,0,0.93773,1,0,0,1,1,1,0,1.336332,0,0,-0.662598,0,0,0,0,0,0,0,0,0,0,1,0,0,0,2,-2,0,0,1,0,0,0,2,0,0,0,0,1,0,-1,0,1,0,0,0,1,0,2,0,0,0,0,-1,-0.727273,0,0,-0.728716,0,0,0,-1,-1,0,0,0,-1,2,1,1
0,0,0,0,0,0,0,-0.860177,0,0,1,0,1,-2,0,-1,-0.467927,0,0,-1,0,0,0,0,0,0,1,0,-1,0,1,-1,0.66357,8,0,2,-3,0,1,0,1.336233,0,0,-0.769231,-3,0,1,0,0,0,0,0,0,0,0,0,0,0,1,0,0,2,0,0,-3,1,0,0,0,0,-1,0,1,0,2,0,0,2,0,1,0,6,0,-2,1,1,2,-0.727273,0,0,-0.747224,0,0,1,0,-1,1,0,0,0,-1,1,1
0,0,0,0,0,0,0,-0.761182,0,0,1,0,0,0,0,-3,-0.79569,0,0,-2,-3,0,0,0,0,0,0,0,0,-1,1,1,0.53952,5,-2,0,0,0,0,0,0.896418,-3,0,-0.714118,0,0,0,0,1,0,0,0,-1,0,0,0,0,1,0,0,0,0,0,2,0,1,0,0,0,0,0,0,0,-1,2,0,0,1,0,0,0,1,0,0,0,0,0,-0.4,0,0,-0.712047,-3,0,1,0,0,-1,0,0,0,0,0,1
0,0,0,-2,0,0,0,-0.337319,0,0,0,1,0,-1,1,1,-0.646071,1,0,0,-2,0,-2,0,0,0,1,0,0,0,2,0,0.79586,6,0,1,0,-1,2,0,0.170155,0,0,-0.568912,1,1,0,0,0,0,0,-2,0,0,0,0,0,0,1,1,0,0,0,0,0,1,1,0,0,0,0,0,0,0,0,0,0,2,1,0,0,-1,0,0,0,0,0,0.31602,0,0,-0.385279,0,0,-2,2,0,0,0,0,1,2,0,1
0,0,0,0,0,0,0,-0.873517,0,-1,1,0,0,1,1,0,0.193065,-1,0,-1,0,0,-1,0,1,0,0,0,0,0,3,0,1.94834,1,1,0,1,0,0,0,0.828613,0,-1,-0.478261,-3,0,0,0,0,0,1,0,0,-1,3,0,0,0,-1,2,0,0,0,1,-1,0,1,-2,1,1,-1,-2,2,0,-1,0,-3,0,0,0,0,1,0,0,0,-1,-1,0.603928,0,-1,-0.777959,3,0,0,2,0,0,0,0,0,1,0,1
0,-2,1,1,0,0,-1,-0.731233,0,0,1,0,0,1,2,0,8.353088,0,0,1,0,0,0,1,0,0,-1,0,0,-3,-1,0,1.15335,0,0,0,0,0,1,0,1.388905,-2,0,-0.114196,0,0,0,2,-1,0,1,0,0,1,-1,0,1,0,1,0,0,0,0,1,0,1,0,-2,0,0,0,0,0,-2,0,0,0,0,-1,0,0,0,0,1,0,0,0,-0.721637,0,0,-0.617492,-1,0,0,1,-1,0,0,-1,0,-2,1,1
0,2,0,0,0,0,0,-0.7823,-1,-1,0,-1,0,0,0,-2,8.334392,0,0,0,0,0,0,0,1,0,0,3,0,0,-2,0,1.29893,2,0,0,0,1,-3,0,1.553429,0,0,-0.586207,0,1,0,0,-1,0,0,0,0,0,1,-1,1,1,-2,0,1,0,-1,0,0,0,0,1,0,1,0,0,0,0,0,0,-1,0,0,0,1,0,0,0,0,0,0,-0.403375,0,-1,-0.636364,0,0,0,0,1,2,0,0,0,1,1,1
0,-2,0,0,-2,0,0,-0.737417,0,1,0,0,2,0,0,0,8.418566,0,0,0,-1,-1,0,0,1,0,0,0,0,0,0,0,0.88428,5,0,0,0,1,0,0,1.549208,0,1,-0.64953,0,0,0,0,0,0,1,0,0,2,0,0,-1,0,0,0,0,0,5,1,0,0,0,0,0,0,0,-1,0,-1,0,0,0,0,0,0,0,0,0,0,0,1,2,-0.53676,0,0,-0.733121,0,0,0,0,0,0,-2,-2,0,0,1,1
0,0,0,1,0,0,0,-0.643155,0,-1,1,0,1,0,-1,1,-0.853659,0,0,0,-1,-1,0,0,0,0,1,3,0,0,0,0,1.52838,4,0,-1,1,3,0,0,0.84375,0,0,-0.630267,0,0,0,0,1,0,-1,0,0,1,-1,0,0,0,-1,0,1,0,-2,0,0,0,0,-3,0,0,1,1,0,0,2,1,0,0,0,0,0,1,0,0,0,0,0,-0.771306,0,0,-0.620974,0,-1,0,1,0,0,0,0,0,0,0,1
0,-1,-1,0,1,0,0,-0.472327,0,0,0,0,0,0,-1,0,-0.712472,0,0,0,-1,0,2,2,0,0,0,0,0,0,2,0,1.63057,5,0,0,1,1,0,0,0.813191,0,0,-0.699414,0,0,0,0,0,0,0,0,0,0,0,1,0,0,0,1,1,0,0,0,0,0,0,-2,0,1,0,0,0,-2,2,0,0,0,-2,0,1,1,0,0,0,0,1,-0.714618,0,0,-0.617758,2,0,2,-2,0,0,0,1,1,2,0,1
0,0,0,1,2,-1,0,-0.616492,0,0,0,2,0,0,0,0,-0.71929,0,0,0,0,0,1,0,0,2,-1,0,0,2,0,0,0.90816,1,0,0,1,0,0,0,0.84375,1,0,-0.547275,0,2,0,0,0,1,0,0,0,0,0,0,-1,0,1,1,1,0,0,0,0,0,0,-1,-2,0,1,1,-1,0,0,-1,0,-1,0,0,0,0,-2,0,0,2,0,-0.789169,0,0,-0.559522,0,1,3,0,0,0,2,0,0,2,0,1
0,0,1,-1,0,0,0,-0.775764,0,0,0,0,0,3,0,0,-0.645612,0,-1,0,-1,0,0,1,-2,0,0,-1,-1,1,1,2,1.5203,7,0,0,0,0,0,0,0.212121,-1,-1,-0.566997,0,1,0,0,0,0,0,0,0,0,0,0,0,0,-1,-4,-1,0,0,0,2,0,0,0,0,0,0,-1,-1,0,0,0,0,-1,0,0,0,0,-1,0,0,-2,0,2.773897,0,0,-0.650745,-1,0,-1,2,0,0,1,0,0,0,0,1
0,3,0,0,0,1,0,-0.786974,0,0,-3,0,0,0,0,2,-0.663898,0,2,1,-1,1,0,-1,0,0,0,-5,2,0,0,0,1.23632,6,0,0,0,0,0,0,0.35961,0,0,-0.781267,0,1,0,2,0,-1,1,0,0,0,0,0,0,0,-3,0,0,0,-1,-1,1,1,-2,0,1,0,0,0,-1,2,-2,0,-1,0,1,0,-1,0,0,0,-1,-1,0,-0.617725,0,0,1.840671,0,0,4,0,0,0,0,1,0,0,0,1
0,3,1,-1,0,0,0,-0.700798,0,0,0,0,0,0,0,0,-0.655125,0,1,6,1,0,0,0,0,0,0,0,-1,0,1,0,1.06883,2,-3,0,0,1,0,0,0.327607,0,-1,-0.688869,1,1,0,0,-1,0,0,1,0,0,0,1,0,0,0,2,0,0,0,0,0,0,-2,0,0,0,0,0,1,0,0,0,0,0,0,0,1,0,0,0,0,0,0,-0.668417,0,0,-0.602116,1,0,0,0,1,1,-1,0,2,0,0,1
0,2,0,0,0,0,-3,-0.606619,0,0,0,0,0,0,4,0,0.17034,0,0,5,0,0,1,0,0,-2,0,0,-2,0,0,0,1.44537,9,0,0,0,1,0,0,1.403298,0,0,-0.733964,0,0,-1,-1,0,0,0,0,0,4,0,0,0,0,0,0,0,0,2,1,0,0,1,0,0,0,-2,1,0,0,2,0,1,0,0,0,1,0,0,1,1,0,0,-0.325653,0,0,-0.137853,0,0,0,0,0,0,0,-1,0,1,1,1
0,0,-2,0,-1,0,0,-0.512769,-1,0,0,0,0,0,0,0,1.642373,0,0,0,0,0,1,0,0,0,0,4,0,0,0,0,1.47128,5,0,1,-3,1,0,0,1.831871,0,0,-0.786388,0,0,0,0,-1,1,0,0,0,0,0,0,0,0,0,0,0,0,0,1,0,0,0,0,3,0,0,1,0,0,0,0,0,0,0,-1,1,0,0,1,1,0,0,-0.745972,0,0,-0.494634,0,0,2,0,1,0,0,-1,0,1,1,1
0,0,0,0,0,0,0,0.332963,0,0,0,0,-1,-1,-1,0,-0.252153,0,0,1,1,0,0,0,0,0,-1,0,0,0,0,0,1.42245,9,-1,0,0,1,1,-1,1.455392,0,0,-0.779118,0,0,1,1,0,0,0,0,0,0,0,0,0,1,0,0,0,0,0,0,0,0,0,0,4,0,1,0,0,0,0,0,0,0,0,2,0,0,1,1,1,-1,0,-0.760013,0,1,-0.440314,0,0,0,0,0,0,0,-1,0,1,1,1
0,-2,0,0,0,-1,-1,-0.330227,0,0,0,0,1,0,0,-1,-0.633496,0,0,0,0,0,1,0,0,0,0,2,-2,0,1,0,2.40091,2,0,0,0,1,0,0,0.897879,0,3,-0.785303,-1,-1,0,0,-1,0,0,0,0,-1,2,0,2,0,0,0,0,0,2,-1,0,0,-1,0,0,0,0,-1,0,0,0,0,0,1,-1,1,0,0,0,0,1,-1,-1,-0.699686,-1,1,-0.793251,0,0,0,0,0,0,0,0,-1,0,0,1
0,-1,0,0,0,1,0,-0.720471,0,0,0,0,-3,1,-1,0,-0.645797,0,0,0,1,0,-1,1,1,0,0,4,0,0,-2,0,1.25714,1,0,0,1,1,0,1,0.840909,0,0,-0.601942,0,0,0,0,0,0,0,0,0,0,0,0,0,0,0,1,0,0,-2,0,-1,0,1,0,2,0,1,1,1,2,-3,0,-1,1,0,1,0,0,0,-1,0,0,0,-0.90971,0,0,-0.474295,0,0,2,0,0,0,-2,0,0,0,0,1
0,0,-4,0,0,-1,1,-0.662447,1,0,0,0,-1,-1,0,0,-0.821268,0,0,0,1,0,0,1,0,0,1,0,0,0,0,0,1.20513,5,0,0,0,1,0,0,2.040128,0,0,-0.639208,-1,0,0,-1,0,0,0,0,0,0,1,0,2,0,0,0,0,0,3,-1,-1,0,1,-1,0,2,-1,0,0,0,0,0,-2,0,0,0,0,0,0,0,0,0,0,-0.644277,0,0,-0.595348,0,0,-2,0,-1,0,0,0,0,-1,0,1
0,0,1,0,0,0,0,-0.498033,0,0,0,0,0,0,0,0,-0.599517,0,-1,1,0,0,1,0,0,0,0,-1,0,0,0,0,1.0922,7,-1,0,0,0,1,0,1.028619,0,0,-0.636492,0,0,-1,0,0,0,0,0,0,0,-2,0,0,1,0,1,0,0,1,0,0,-1,0,0,0,0,0,2,2,1,2,0,-3,2,0,1,0,0,0,0,0,0,0,-0.012799,0,0,-0.393757,0,0,0,0,0,0,2,1,0,0,1,1
0,1,0,0,0,0,1,-0.580204,0,0,1,0,0,0,0,0,-0.680329,0,0,0,-1,0,0,1,0,0,0,0,0,-1,-1,0,1.17679,5,0,0,2,1,1,0,3.545379,-2,0,-0.746379,1,0,0,0,0,0,0,0,0,0,0,0,0,1,0,0,0,-1,0,0,0,0,0,0,0,0,0,0,1,0,0,0,-1,0,0,1,-1,0,0,1,0,0,0,-0.597257,0,0,-0.598883,0,2,0,-1,0,0,0,0,0,3,1,1
0,0,0,0,0,0,0,-0.721846,0,0,0,1,0,-2,0,0,-0.599525,0,0,1,1,0,2,-1,0,0,0,-4,0,2,1,0,1.75571,2,0,0,1,1,0,0,1.355526,1,0,-0.742923,1,0,0,0,-1,0,0,0,0,0,-1,0,-2,0,0,0,0,0,1,-1,2,-1,0,0,0,0,0,0,1,-2,2,0,1,0,0,0,-1,-4,-1,0,0,0,0,-0.669554,0,0,-0.80124,0,3,0,0,0,3,0,1,0,1,1,1
0,0,0,0,0,1,0,0.262902,0,0,-2,0,0,0,4,1,-0.644344,0,1,0,0,1,0,-1,0,0,0,0,0,-3,-1,0,2.60328,6,0,0,0,1,0,-1,1.429915,-1,0,-0.684237,-1,0,0,0,0,3,0,0,0,0,1,-3,0,1,0,-1,0,0,0,0,0,0,0,0,0,0,1,0,1,-1,0,0,0,-6,0,0,0,1,0,1,0,0,0,-0.830471,1,0,-0.373707,0,0,0,0,0,0,0,0,0,0,0,1
0,0,0,3,0,-1,0,-0.651801,0,0,0,-1,0,0,0,0,-0.760686,0,0,0,1,1,0,0,0,0,0,1,-1,-3,1,0,0.65983,-50,0,0,0,-1,0,0,1.925768,0,0,-0.606636,-2,0,0,0,0,1,0,1,0,0,0,-1,0,0,-1,-2,0,0,0,0,0,0,-3,2,0,0,3,2,0,0,0,0,0,0,0,0,0,0,0,0,0,0,0,-0.820896,1,0,-0.733219,0,0,0,0,1,0,0,0,1,-1,0,1
0,0,0,0,1,0,0,-0.634974,0,0,1,0,0,0,0,0,-0.735765,0,0,0,1,0,0,0,0,0,0,1,0,-7,0,-1,0.6305,1,0,0,0,0,0,-1,1.233911,1,0,-0.604597,0,0,0,0,0,0,0,0,-1,0,-2,0,0,0,-1,-1,0,0,1,0,0,0,0,-1,0,0,0,0,0,0,0,0,0,0,0,0,0,0,0,0,0,0,-1,-0.921788,0,0,-0.323789,0,0,1,-1,0,0,0,1,0,0,0,1
0,-2,0,0,0,0,0,-0.755102,-1,0,0,0,0,0,0,-2,-0.493374,1,0,0,0,0,0,2,0,0,0,0,0,4,0,0,1.9598,2,0,0,-1,1,2,0,1.86957,0,1,-0.375424,0,0,0,0,0,0,0,0,0,0,1,0,0,0,-1,0,0,0,0,0,2,0,0,0,0,1,1,0,0,0,0,0,0,0,0,2,0,0,0,1,0,0,0,-0.759467,1,0,-0.474046,0,0,0,2,0,0,0,0,0,0,1,1
0,0,0,1,1,0,0,-0.457341,1,0,0,0,0,0,0,0,-0.428571,1,0,0,0,-1,0,0,0,0,0,1,0,0,1,0,0.65714,11,0,0,2,0,0,0,1.86957,2,0,-0.655941,0,0,0,0,-2,0,0,0,0,0,0,0,1,0,-1,-2,0,0,0,0,0,0,-3,-1,0,0,0,0,-1,0,0,0,0,0,0,0,1,0,0,0,0,0,0,-0.815385,0,0,-0.513955,0,1,3,0,0,0,0,0,2,0,1,1
0,-1,0,1,0,0,-1,-0.732962,0,0,0,0,0,0,0,0,-0.212908,0,0,1,0,0,0,0,0,0,0,0,3,0,1,0,1.53673,9,0,-1,0,0,0,0,1.865558,0,0,0.402479,2,0,0,0,0,0,0,0,0,-2,1,1,0,-1,1,0,0,0,0,0,0,0,-2,-3,0,0,6,0,2,0,0,-1,0,0,0,0,0,0,0,0,0,4,-1,-0.75,0,0,-0.602322,0,0,0,1,0,1,0,0,0,-1,1,1
0,0,0,0,0,0,0,-0.568074,-2,0,0,0,0,0,0,0,0.332114,1,0,0,0,0,0,0,0,1,0,0,0,0,1,0,0.88369,8,0,1,-3,0,0,0,2.137692,0,0,-0.288971,0,-1,0,0,0,0,0,0,0,0,0,0,0,0,0,0,0,0,0,0,0,-1,0,0,0,0,0,0,0,0,0,0,1,0,0,0,0,-1,0,1,0,-2,0,-0.767139,0,0,-0.761321,0,0,0,1,0,-1,1,0,0,0,0,1
0,0,0,-1,0,0,0,-0.871208,1,0,2,0,0,0,0,0,0.233802,1,0,0,0,0,-1,1,0,0,0,0,3,0,0,0,1.17143,8,0,0,1,0,0,0,1.7561,0,0,-0.707317,0,1,0,0,0,0,1,0,1,0,0,0,1,0,0,0,0,0,2,1,0,0,0,0,0,0,0,1,0,0,2,-1,0,0,0,1,0,0,0,1,0,0,0,-0.72093,0,0,-0.898004,0,0,0,0,1,0,0,0,0,0,0,1
0,0,0,-1,0,0,0,1.369419,0,0,0,0,1,0,1,0,-0.478261,1,0,0,2,0,0,0,0,0,0,0,0,0,1,0,1.0073,6,0,0,0,0,0,0,1.610594,-1,0,-0.474398,2,1,0,0,0,0,0,0,0,0,0,0,2,0,0,-1,0,0,0,0,0,0,0,2,0,0,0,0,1,-1,-3,0,0,0,0,-1,0,0,0,0,0,0,0,-0.72093,0,0,-0.714286,0,0,0,0,-1,-1,1,0,0,0,0,1
0,0,1,0,0,1,0,-0.731539,0,-1,-1,0,-1,0,1,0,-0.73913,0,0,0,0,2,-1,0,-1,0,0,0,-1,0,0,0,0.82267,1,0,0,0,0,0,0,0.326296,0,0,-0.799644,0,0,0,1,0,0,0,0,0,0,0,1,0,-1,0,0,0,0,0,0,0,0,0,2,2,0,2,1,0,0,-1,0,0,-1,0,0,0,0,0,0,0,0,0,-0.70515,0,0,-0.631025,-1,0,0,0,0,1,0,0,1,1,0,1
0,0,0,-1,0,0,0,-0.811244,1,0,0,0,0,0,0,0,-0.179306,0,0,0,0,0,0,0,0,0,0,0,0,0,1,0,0.89774,3,1,0,0,0,0,0,0.42604,0,0,-0.789148,0,0,0,0,2,0,0,0,0,0,-1,2,2,0,-1,0,0,0,0,1,-1,-1,0,0,-1,1,0,1,0,0,0,0,0,0,0,0,1,2,-1,-1,0,0,0,-0.842618,0,-1,-0.675904,0,0,0,0,0,0,0,0,0,3,0,1
0,0,0,0,0,0,0,-0.846434,0,0,0,0,0,0,0,0,-0.739178,0,0,0,0,0,0,0,0,0,1,-1,0,0,1,0,0.6893,0,0,0,1,0,2,0,0.63607,1,0,-0.326615,0,0,0,0,0,1,1,0,0,0,1,0,0,0,0,0,0,0,0,0,0,0,0,2,0,1,1,0,0,-2,0,0,0,2,0,0,0,1,0,0,1,0,0,-0.75,0,0,-0.655631,0,0,0,0,0,0,0,0,0,0,0,1
0,0,0,0,0,0,0,-0.357036,1,0,1,0,2,1,0,2,-0.551699,0,0,0,0,0,1,0,0,-1,0,0,0,0,0,0,1.55487,9,0,0,0,2,0,0,0.966671,0,0,-0.743388,0,0,1,0,0,0,0,0,0,0,1,0,0,0,0,0,0,0,1,0,0,0,0,-5,-1,0,0,0,0,0,-1,0,-1,0,1,0,1,0,0,1,0,0,-1,0.237867,1,1,2.29241,0,0,0,0,0,0,-1,0,0,0,1,1
0,0,0,0,1,0,0,-0.396245,0,0,0,0,1,0,0,1,-0.880736,0,0,0,1,-1,1,2,0,0,0,-2,0,0,1,0,1.85714,3,0,-1,-1,1,1,0,1.947661,0,0,-0.756363,-1,1,1,0,-1,0,0,0,0,0,1,0,0,0,0,0,0,1,2,-1,-1,0,0,-2,0,0,0,0,0,0,2,0,0,0,0,0,1,0,0,0,0,0,-2,-0.02195,0,0,-0.476788,0,0,2,0,0,3,0,0,0,0,1,1
0,1,0,0,0,5,0,-0.572182,0,0,2,0,2,0,-1,1,-0.649423,0,0,0,1,0,1,0,0,0,0,0,0,-1,1,1,3.54121,0,0,0,1,0,0,0,0.892308,0,0,-0.815385,0,0,0,-3,0,0,0,0,0,0,1,0,0,0,0,0,0,1,0,0,1,0,1,0,0,0,0,1,0,0,0,1,0,0,0,0,1,1,0,0,0,0,0,-0.59742,1,-1,-0.447151,0,0,3,0,0,0,0,0,2,1,1,1
0,0,0,0,1,1,-1,-0.541752,0,0,-3,0,0,0,0,2,-0.425017,0,0,0,0,1,0,1,0,0,0,0,0,0,0,0,0.77987,14,0,-1,0,0,0,0,1.7027,0,0,-0.602227,0,1,0,0,0,0,0,0,0,1,0,0,0,0,0,-1,0,0,0,2,0,0,0,0,0,1,0,1,1,0,0,0,0,0,0,-1,0,-1,0,0,0,0,-1,2.531043,-1,-1,-0.516893,0,0,0,0,0,1,0,1,0,0,1,1
0,0,0,1,0,2,0,-0.741456,0,0,-3,0,0,0,0,-1,-0.588111,0,1,0,0,0,1,2,0,0,0,0,0,-1,0,0,2.35769,5,0,0,0,0,1,0,0.259239,0,0,-0.632664,0,1,0,1,0,0,0,0,0,0,0,0,0,0,0,3,0,0,3,0,0,1,1,0,0,1,0,1,0,0,0,0,0,0,0,-1,1,0,0,0,0,0,0,2.0,0,0,-0.598428,0,0,0,0,1,0,-1,1,0,1,1,1
0,1,0,0,1,0,0,-0.706552,0,1,0,0,0,-1,0,1,-0.6,1,0,1,0,0,0,0,0,0,0,-1,0,2,0,0,0.99414,9,0,0,1,0,2,0,2.015964,0,-1,-0.680323,0,1,0,1,4,0,0,0,0,0,1,0,0,0,0,0,0,0,0,1,0,0,0,0,0,1,1,0,0,0,0,0,0,0,0,0,0,0,0,0,0,0,0,2.0,0,0,-0.512784,2,0,0,0,-2,0,0,0,0,0,1,1
0,0,0,0,0,-1,0,-0.287731,0,0,0,-1,0,0,3,0,-0.867705,0,0,0,2,0,0,0,-1,1,0,0,0,-2,0,-1,1.0035,6,0,0,1,1,0,0,1.206984,0,1,-0.814447,0,0,0,0,1,0,0,0,0,0,0,0,0,0,0,0,0,0,1,0,5,0,-2,0,0,1,0,1,0,0,3,0,-4,0,-1,0,0,0,0,-3,0,0,1,-0.837977,0,0,-0.755102,0,-1,2,0,0,3,0,0,0,2,1,1
0,1,0,0,1,1,0,-0.481898,0,0,0,-2,0,0,0,0,-0.187759,0,0,0,0,-2,0,0,0,0,0,0,0,0,0,0,1.45714,6,0,1,0,1,0,0,1.022438,2,0,-0.719518,0,-3,0,0,0,0,0,1,0,0,0,0,3,0,0,0,0,0,1,2,-2,0,-1,3,0,0,1,1,0,0,0,0,0,0,0,0,0,0,0,6,0,0,1,-0.743204,0,0,-0.724235,0,0,0,-1,0,0,0,0,2,0,1,1
0,-1,-2,1,0,0,-1,-0.604331,-1,0,1,0,2,0,0,1,-0.555556,0,0,-1,2,-1,0,0,0,0,0,0,3,3,0,-1,0.6575,6,0,1,2,1,0,0,1.067878,0,0,-0.764706,-1,0,-1,0,0,0,0,0,0,0,1,0,0,0,1,3,0,0,0,0,0,0,0,0,0,0,0,1,0,0,2,0,-1,0,0,0,1,0,0,0,0,-3,1,-0.714081,0,1,-0.60141,0,0,0,2,0,0,0,0,0,0,1,1
0,1,0,0,0,0,0,0.03252,0,-1,1,0,0,0,2,0,-0.760188,0,0,1,0,0,0,0,0,0,0,2,0,0,2,0,1.34085,4,0,0,0,0,0,0,1.026817,0,-1,-0.750969,0,0,0,0,0,0,0,0,0,0,0,0,0,0,0,0,0,0,0,0,1,0,0,1,3,-2,0,-1,0,0,0,0,-1,0,0,0,0,1,0,0,-1,0,0,-0.74398,0,0,-0.59342,0,1,0,0,0,1,-1,1,0,0,0,1
0,0,0,0,0,2,2,-0.647059,0,0,0,0,0,0,1,2,-0.424706,0,0,-1,0,0,0,0,0,0,0,0,0,0,0,-1,1.25714,5,2,0,0,0,1,0,0.790306,0,0,-0.791314,-1,1,-1,0,0,-2,0,0,0,0,0,0,0,0,0,-1,0,0,1,-2,1,0,-1,0,0,0,0,0,1,0,0,1,1,0,0,0,0,1,0,1,0,0,0,-0.682785,0,0,-0.755102,0,0,0,0,0,1,1,1,-2,0,0,1
0,0,-1,0,0,0,-1,-0.663601,0,0,0,0,0,2,2,1,-0.781818,0,0,2,0,0,0,0,0,0,0,-1,-2,1,1,0,3.65274,1,1,0,0,0,0,0,1.934428,1,0,0.714061,0,0,2,0,0,0,0,0,0,-4,0,0,0,0,0,4,0,-1,0,1,0,0,0,0,-1,-4,-1,0,0,2,0,0,-1,0,0,0,-1,1,0,3,0,-2,0,-0.770857,0,0,-0.574758,0,1,0,0,0,0,-1,0,0,0,0,1
0,0,-1,0,0,0,0,0.909821,0,0,0,0,0,0,0,0,-0.793011,0,0,3,1,0,-1,1,1,0,0,0,0,0,-2,0,0.90035,0,0,0,-1,0,0,0,1.085293,0,0,-0.612591,0,0,0,0,0,0,1,0,1,0,2,0,0,1,0,-1,0,0,0,-1,0,0,-1,0,0,-1,1,0,0,1,-1,2,0,0,-1,0,0,-2,0,0,0,0,0,-0.766867,0,0,-0.446522,0,0,0,0,0,0,0,0,0,1,0,1
0,4,-1,0,0,-2,0,0.32591,1,0,0,0,0,0,0,0,-0.305404,0,-1,0,0,0,-1,-2,0,0,0,0,0,0,0,0,0.96607,6,0,0,0,0,0,0,1.293977,1,0,-0.600327,0,0,0,-1,1,-1,0,0,0,2,1,0,1,0,0,-1,0,0,0,0,0,0,3,5,1,1,0,0,0,0,0,-1,-1,0,0,0,0,0,0,0,0,0,0,-0.451164,0,0,0.218496,0,-1,-3,-1,0,1,0,2,0,0,0,1
0,3,0,0,1,-1,0,0.00949,1,0,-1,1,0,-2,3,0,-0.368421,0,-1,1,1,-1,0,0,-1,0,0,0,-2,0,0,0,0.5671,0,0,1,-3,0,-1,0,1.136079,0,3,-0.621451,1,0,0,0,0,1,0,0,1,0,0,0,-1,-1,0,0,0,0,0,1,0,-2,0,0,0,0,0,0,-1,0,-2,0,0,0,0,0,0,-2,0,0,0,0,0,-0.831431,0,0,-0.707317,-3,0,0,-2,0,-1,0,1,0,0,0,1
0,-1,0,1,0,1,-1,-0.512741,1,0,1,0,1,-2,0,-1,-0.551232,0,0,-3,0,1,0,0,-1,0,0,3,1,0,-3,0,1.13012,5,0,0,-1,0,0,0,1.12821,0,0,-0.679381,0,0,0,0,0,0,0,0,0,1,0,0,0,0,0,-1,0,0,0,1,0,0,1,0,2,0,0,0,0,-1,0,0,-1,1,0,0,0,0,-1,0,0,-1,0,-0.129628,0,0,-0.406512,0,0,1,1,-1,1,0,0,0,0,0,1
0,2,0,0,0,1,0,-0.78278,0,0,1,0,0,-1,4,0,-0.544021,0,0,1,0,0,1,0,0,-1,0,0,0,0,0,0,1.06472,3,0,-1,0,0,0,0,1.019985,0,0,-0.725364,0,0,-1,0,0,0,0,0,0,1,0,0,0,0,-2,1,0,0,0,1,0,0,0,0,0,0,0,0,0,-1,0,0,-1,1,0,0,0,0,0,0,0,0,2,-0.473189,0,0,-0.478261,0,0,1,0,-1,1,-1,0,0,0,0,1
0,0,0,0,0,0,-1,-0.524047,0,1,0,0,0,-2,0,3,-0.530925,0,0,-2,0,0,2,0,0,0,0,0,0,0,0,0,0.92233,2,0,-1,0,0,0,0,1.745244,0,0,-0.656303,0,0,0,0,0,0,0,0,0,0,0,0,1,1,0,0,0,0,0,1,0,0,0,0,0,1,0,0,0,0,0,0,0,0,0,0,0,0,1,1,0,-1,-1,-0.516425,-1,0,-0.478261,0,0,0,0,0,0,0,0,0,0,0,1
0,-1,0,0,0,-3,3,-0.677322,0,0,0,0,0,0,0,0,-0.290261,1,1,0,1,0,-1,0,0,0,0,0,0,0,0,0,1.11429,8,0,1,0,0,0,0,0.306791,-4,0,-0.777436,0,0,-1,0,0,1,0,0,0,0,0,3,0,1,0,0,0,0,2,-1,-1,0,1,-4,0,0,3,2,1,-2,0,0,1,-1,0,2,0,0,0,0,0,0,0,-0.812324,0,-1,-0.621741,0,0,-1,0,0,0,-1,0,0,0,1,1
0,-3,0,1,0,0,0,-0.729103,0,0,0,1,-1,0,0,-2,-0.611024,0,1,1,2,0,1,0,1,0,0,0,1,0,0,0,1.80642,-18,1,0,0,2,0,0,0.512821,2,0,-0.134282,0,-1,0,0,0,0,0,0,0,0,1,0,1,0,0,0,0,0,0,-1,-1,1,1,-1,2,0,1,0,0,1,0,0,0,0,0,0,0,0,0,0,1,0,0,-0.693954,0,0,-0.513959,3,0,0,0,0,0,0,0,0,1,1,1
0,0,0,1,0,0,1,-0.754644,0,0,0,0,0,0,1,1,-0.494262,1,0,1,0,0,0,0,0,1,1,0,-1,0,0,0,1.15905,8,0,0,0,0,0,1,0.782347,1,0,-0.710257,0,0,0,1,0,0,0,-1,0,0,0,0,1,0,0,0,0,0,1,0,-3,0,1,1,0,0,0,1,0,0,0,0,0,0,0,0,0,-1,0,0,1,0,0,-0.864648,0,0,-0.528478,0,0,1,0,0,0,0,0,0,1,1,1
0,0,0,2,0,0,0,-0.620659,0,0,0,0,2,0,0,0,-0.291244,1,0,0,1,-3,2,-1,0,0,0,-2,0,0,0,0,1.24344,0,1,0,1,0,-1,0,0.979167,0,0,-0.75,1,0,0,0,0,0,0,0,1,0,0,0,0,0,2,2,0,0,0,0,3,-1,0,3,0,0,-1,0,0,-1,0,0,-1,1,1,0,1,1,0,0,0,0,0,-0.713128,0,0,-0.719186,0,0,-1,0,0,0,0,0,-1,0,0,1
0,-1,0,0,0,0,0,-0.610431,-2,0,1,0,0,0,0,0,-0.564687,0,0,0,0,0,0,2,0,0,0,-4,-2,0,0,0,0.79823,0,1,1,0,0,0,0,0.578376,-1,-2,-0.697936,0,-2,0,0,-1,0,0,0,1,0,1,0,0,0,2,1,0,0,3,0,0,6,0,0,0,0,0,0,1,0,0,0,0,0,0,1,0,1,-1,0,0,0,-1,-0.065628,0,0,-0.850604,0,-1,0,0,0,1,0,1,0,0,0,1
0,0,0,1,0,-1,0,-0.332339,0,0,0,0,0,0,0,1,-0.64463,0,0,2,0,0,0,0,0,0,0,0,0,0,0,0,1.4126,2,1,1,0,0,-1,0,0.980022,0,0,-0.748561,1,0,0,0,-1,0,0,0,0,0,0,0,0,2,0,0,0,0,0,0,0,0,2,0,2,0,0,0,0,-1,0,0,0,0,0,0,0,1,-1,0,0,0,0,-0.773585,0,1,-0.737641,0,0,0,0,0,0,0,1,0,1,0,1
0,0,0,1,0,1,0,0.290538,0,0,0,0,0,0,0,0,-0.647059,0,-1,0,0,0,2,0,0,0,0,0,0,0,1,0,3.33364,6,-2,0,0,0,0,0,1.084107,0,0,3.390745,0,1,-2,0,-1,0,-1,0,0,1,0,0,0,0,0,4,0,0,0,1,-1,1,0,1,0,0,0,1,0,0,0,0,0,1,0,0,0,0,0,0,0,0,0,-0.712231,0,0,-0.898984,0,1,6,0,0,0,0,1,0,0,1,1
0,-2,0,1,0,1,0,0.798484,0,0,0,0,3,-1,2,0,-0.733123,0,0,0,0,0,0,0,1,1,0,0,0,-4,1,0,3.14183,12,0,0,0,1,0,0,0.953981,0,-2,-0.254841,0,0,0,0,1,0,0,-1,0,1,1,0,0,0,-2,0,0,0,0,2,0,0,0,0,0,0,1,1,0,0,0,0,0,1,0,0,0,0,-1,0,0,1,0,-0.733333,0,1,0.345564,0,1,0,-1,0,2,0,0,1,0,1,1
0,0,0,1,0,0,0,1.048862,1,0,-1,0,0,0,0,2,-0.647059,0,0,-5,0,0,3,0,1,0,0,0,0,0,1,0,1.31429,5,0,0,-1,0,0,0,1.13043,0,0,-0.720393,2,0,0,0,0,1,0,0,0,2,0,0,0,1,0,0,0,0,0,1,0,2,0,0,1,0,1,0,2,0,2,0,0,0,0,0,0,-2,0,0,0,0,0,-0.733333,0,0,-0.707317,0,0,0,0,0,-2,0,0,1,0,1,1
0,0,0,2,-1,0,2,-0.655859,0,0,0,0,0,0,0,0,-0.798763,0,1,-2,2,0,0,1,1,0,0,0,0,0,-1,-3,0.51909,3,0,0,0,0,0,0,1.796866,0,0,-0.553032,0,-1,0,0,0,-1,1,0,0,1,0,1,0,-1,0,1,-1,0,0,3,0,0,1,3,-1,0,-2,0,0,0,0,0,0,0,0,1,0,0,0,0,-1,1,0,-0.442445,0,1,-0.89287,0,0,3,0,0,0,0,0,1,0,0,1
0,0,0,0,0,-2,0,-0.825544,0,1,0,-1,0,0,-3,0,-0.833333,0,0,2,1,1,0,2,1,0,1,1,0,0,3,0,2.0833,4,0,0,0,0,1,0,0.45,0,0,-0.8,0,0,0,0,0,0,0,-1,1,1,1,2,0,0,0,1,0,0,0,-1,0,0,1,0,1,0,2,0,-1,3,0,0,0,0,0,0,0,1,0,0,0,0,-1,-0.780296,0,0,-0.311086,0,3,2,1,-1,-1,0,0,0,0,0,1
0,-1,0,0,0,0,0,-0.695615,0,0,0,1,0,0,0,0,-0.833333,0,0,0,1,0,0,2,1,0,0,1,0,-1,1,0,1.71429,3,0,0,1,0,1,1,0.477301,3,0,-0.792326,0,-1,0,0,0,0,0,0,1,1,1,0,0,-1,0,1,0,1,0,0,1,0,0,-1,1,1,0,1,-1,-1,0,0,0,-1,0,0,0,0,1,0,0,0,0,0.197294,0,0,0.068211,1,0,0,0,0,0,1,0,0,0,0,1
-1,0,0,0,0,0,0,-0.091587,0,0,0,0,0,0,0,0,0.682418,1,0,0,0,1,0,2,2,1,0,-2,0,0,2,-1,0.6859,3,0,-1,0,0,0,2,1.62069,0,0,-0.586207,-1,0,0,0,0,0,0,0,-1,0,0,1,0,0,0,1,0,0,0,0,2,0,0,2,0,0,0,0,0,0,0,0,1,0,0,0,1,-1,0,0,0,0,0,0.9859,0,1,-0.603671,0,0,0,0,0,0,1,1,0,0,0,1
0,0,1,0,0,0,1,-0.534934,0,0,0,0,1,0,-1,0,-0.789505,0,-1,0,1,1,0,1,0,0,0,0,1,-1,0,0,0.82857,3,0,0,1,0,0,0,0.49236,0,1,-0.621627,0,0,0,0,0,-1,0,0,0,3,0,0,1,0,1,0,0,0,0,-1,0,3,0,3,0,0,1,2,1,0,0,0,0,0,0,0,0,0,0,0,0,0,0,-0.793103,0,1,-0.612903,2,0,-2,0,0,1,1,0,-2,0,0,1
-1,0,0,0,0,1,1,-0.901365,0,0,0,0,1,0,0,2,-0.7614,0,0,-1,-6,1,0,1,0,0,0,0,0,4,0,0,1.04757,5,2,-1,1,0,0,0,0.85572,-1,1,-0.68099,1,-1,0,0,0,0,0,0,0,0,4,0,1,-2,1,0,0,0,1,0,0,0,1,0,1,0,0,0,1,1,0,0,0,-1,0,0,0,0,0,1,0,0,0,-0.876484,0,1,-0.464981,0,0,-3,0,0,0,0,2,0,0,0,1
0,0,-1,0,0,3,0,-0.784643,0,1,0,0,0,1,0,-1,-0.618568,0,0,1,0,1,0,1,0,-1,0,0,-1,-3,-3,0,2.16378,15,0,0,1,0,0,0,0.214136,1,0,-0.672588,0,0,0,0,0,0,-1,0,0,-2,0,0,-2,0,0,0,0,0,0,1,0,0,1,0,0,0,1,0,0,0,0,0,0,0,0,0,0,0,0,0,0,0,0,-0.723709,0,-1,1.365565,0,0,0,0,0,0,0,0,0,1,0,1
0,0,0,0,0,0,-1,-0.646142,0,1,1,0,-1,-1,0,3,-0.604366,0,1,0,0,0,1,1,0,0,0,0,-1,-1,1,0,1.44193,4,0,0,1,1,2,0,0.196169,-1,0,-0.638459,0,0,0,0,-1,0,0,0,0,0,0,0,0,0,-1,0,0,0,0,1,0,0,1,0,0,0,0,3,0,1,1,0,0,-4,0,0,0,1,0,0,0,0,-1,-0.73913,0,0,-0.7,1,0,0,0,-1,0,0,4,0,1,0,1
0,2,-1,0,0,0,0,-0.689583,0,1,0,0,-2,-1,0,0,-0.675676,0,0,0,0,1,0,0,0,0,0,0,0,0,0,0,1.41452,5,1,0,1,-2,0,1,0.166667,0,0,-0.418342,0,0,0,0,0,0,0,0,0,0,0,0,0,0,0,0,0,0,0,1,0,0,0,2,0,0,0,0,0,0,0,0,0,2,0,0,1,0,0,0,0,0,0,-0.745977,0,1,-0.59023,0,0,1,0,0,-1,0,0,0,1,0,1
0,-1,1,0,0,-2,-1,-0.328091,0,1,0,0,1,0,0,1,-0.470632,0,0,0,1,0,0,0,0,0,0,0,0,0,0,0,1.20378,6,0,2,0,1,0,0,1.718085,0,0,-0.700145,3,-1,0,0,0,0,1,-1,-1,0,0,0,0,0,0,2,0,1,0,0,0,0,0,0,0,0,0,0,0,0,2,0,0,0,0,0,0,1,0,0,0,1,0,-0.567801,0,0,1.028432,0,0,3,0,0,-1,-1,0,1,1,0,1
0,-1,1,0,0,-2,0,-0.684704,0,-1,1,0,0,0,0,1,-0.417763,0,0,0,0,0,0,0,0,0,0,2,0,0,0,0,1.04447,4,0,2,0,-1,0,0,2.950289,0,0,-0.709793,2,0,0,0,0,0,0,-1,0,1,0,4,0,0,-2,2,0,0,0,0,0,0,1,0,3,0,0,0,0,0,0,0,0,0,0,0,0,1,-1,0,0,0,-1,-0.779182,0,0,-0.79661,0,0,2,-1,-1,0,0,0,0,1,0,1
0,0,0,-1,0,1,0,-0.568226,-1,0,0,0,0,0,0,0,-0.305703,1,-1,-1,0,0,0,0,0,0,0,0,0,3,0,0,1.16783,5,-1,0,0,0,0,0,3.039548,0,0,-0.716983,0,0,0,0,0,0,0,1,-1,0,0,0,0,0,0,0,0,0,0,0,1,1,0,0,0,0,0,-1,1,0,0,0,0,0,0,0,0,1,0,0,0,1,0,6.811765,0,0,-0.79661,0,0,0,-1,0,0,0,0,0,0,0,1
0,4,0,0,0,1,0,-0.816541,0,0,1,0,2,0,1,3,-0.628315,0,-1,0,1,-1,1,3,-1,0,0,0,2,1,0,0,1.10021,12,0,0,0,0,0,0,0.87263,1,1,8.385096,2,0,0,3,0,0,0,0,1,1,-1,0,0,-1,0,1,1,0,0,0,0,2,1,0,0,-1,1,1,0,0,0,0,1,0,0,0,1,0,-1,0,0,3,1,-0.684211,0,0,0.508788,0,0,0,0,0,0,0,0,0,1,1,1
0,0,0,0,0,1,0,-0.15781,0,0,0,0,-1,0,2,1,-0.742798,1,0,-1,2,0,0,0,-1,0,0,0,-1,0,0,-1,3.67887,11,-1,0,0,-4,0,1,0.949153,2,1,5.5009,1,0,0,1,0,0,0,0,1,1,-2,0,0,0,0,1,0,0,1,1,1,0,0,1,0,0,0,0,0,0,0,1,0,-1,0,0,1,0,0,0,0,0,0,-0.733679,1,0,-0.082744,0,0,0,0,0,0,1,-1,0,0,1,1
0,0,3,0,0,1,0,-0.680503,0,0,1,0,0,0,4,0,-0.627901,0,0,0,0,0,1,0,0,0,0,-2,0,0,0,0,1.30383,5,1,0,0,0,0,0,0.279844,0,1,7.846261,0,0,0,0,0,0,0,-1,0,1,0,1,0,0,0,1,0,0,0,0,0,1,0,0,0,-2,0,0,1,0,0,1,0,0,0,0,1,0,0,0,0,0,0,-0.721342,0,0,-0.417351,0,0,0,0,0,0,0,0,0,0,1,1
0,0,0,0,0,-1,-1,-0.528182,1,0,0,1,0,1,0,0,-0.709216,0,0,0,0,1,0,1,0,1,0,0,0,0,1,0,1.5461,7,0,0,1,1,0,0,1.470855,0,0,-0.842291,0,0,0,1,0,0,0,-1,0,0,0,1,0,0,2,-2,-1,-1,0,1,0,2,-1,-1,0,0,0,0,0,-1,0,-1,0,1,0,0,0,1,0,0,0,0,0,-0.627691,0,1,0.134411,0,0,3,0,0,1,1,1,1,0,1,1
0,0,-1,0,0,1,0,-0.299059,0,0,-1,0,0,0,0,0,-0.458326,1,0,0,0,0,1,0,0,0,0,0,0,0,0,0,1.15095,1,0,0,-1,2,1,0,1.36,0,1,-0.76,1,0,0,0,0,0,0,-2,-1,0,-3,1,2,0,0,0,0,2,-1,1,1,0,0,-1,0,1,3,0,2,-2,0,0,0,0,0,-2,-1,0,0,0,-1,2,0,0.628548,0,0,0.20644,0,0,2,0,0,-1,0,1,1,0,1,1
0,-1,0,-3,0,0,0,0.179386,0,0,1,0,-1,0,0,0,-0.447093,0,0,2,0,0,2,0,1,0,0,0,2,0,7,0,2.19464,2,0,-1,2,0,1,0,2.441303,0,0,-0.572972,0,-2,0,0,0,1,2,1,0,0,0,1,-1,0,2,0,0,0,0,0,1,-1,1,1,0,0,0,-2,-1,0,3,0,0,0,0,0,-3,0,0,0,0,-1,0,-0.5468,0,0,-0.299973,0,0,0,1,1,0,0,1,1,0,1,1
0,0,-5,1,0,0,0,-0.484055,0,0,-1,0,0,0,0,0,-0.616742,0,0,0,0,0,0,0,0,0,0,2,0,0,0,0,0.90977,8,-1,0,0,1,0,0,1.828564,0,-1,-0.833753,0,0,0,0,1,0,0,0,0,0,3,0,0,0,0,0,0,0,2,3,1,0,1,0,4,0,0,1,-3,0,2,-1,0,0,0,0,0,2,0,0,0,0,0,-0.7381,0,0,-0.696858,0,0,0,1,0,1,1,-2,1,0,1,1
0,-1,1,-1,0,2,0,1.067813,-1,0,0,0,0,3,-1,0,-0.812331,-2,0,-1,1,0,0,0,0,0,0,0,-1,0,0,0,0.89317,0,1,-1,0,0,0,0,1.031897,0,0,-0.63762,0,1,0,0,0,0,0,0,-2,0,0,0,-1,0,0,0,1,0,0,0,1,0,1,0,0,0,0,0,0,0,0,0,2,2,0,0,0,0,0,1,0,0,0,-0.625276,0,-1,-0.606062,0,0,0,0,0,0,1,0,0,0,1,1
0,2,0,1,0,2,0,-0.00495,-1,0,0,1,1,0,0,0,-0.628973,0,0,0,0,0,-1,-1,0,0,0,0,0,0,-1,0,0.94286,2,1,0,0,0,-4,0,3.153639,1,0,-0.820582,0,1,0,0,0,0,0,0,1,0,1,-1,4,0,0,-1,1,0,2,0,1,0,0,0,0,0,1,0,0,-1,0,0,0,2,0,0,0,0,0,1,0,1,0,-0.663692,0,0,-0.662795,0,0,0,0,0,0,0,0,0,0,1,1
0,3,0,-1,1,0,0,-0.81293,0,0,0,0,1,1,3,0,-0.492535,0,0,0,0,0,0,0,0,1,3,0,3,0,1,1,0.50652,2,0,0,0,1,0,0,3.183643,3,0,-0.316896,-2,1,3,0,2,0,-2,-3,-1,0,1,0,1,1,0,0,0,0,0,0,0,0,-1,0,0,0,1,0,0,1,0,0,0,0,0,0,0,1,0,0,0,0,2,-0.818271,0,-2,2.926855,0,0,0,0,0,0,0,-1,3,2,1,1
0,0,1,0,0,0,1,-0.740365,0,0,-1,0,0,0,0,0,-0.562512,0,1,0,2,0,0,0,0,0,0,0,0,0,1,0,0.83642,5,0,0,2,1,0,0,1.273207,-1,0,-0.555063,0,0,0,0,0,0,0,0,0,0,1,1,0,0,0,0,0,0,0,1,0,0,0,0,0,0,0,0,0,0,2,0,-2,0,0,0,0,0,0,0,0,0,0,-0.859425,1,0,-0.648116,5,0,0,0,1,1,0,0,1,0,1,1
0,0,2,0,0,0,-2,-0.767969,0,0,0,0,1,-1,-1,0,-0.637859,0,0,0,0,0,0,0,1,0,-1,6,0,0,1,2,0.87119,6,0,0,0,0,0,0,1.029123,0,0,-0.353989,1,1,0,0,0,0,0,0,0,0,1,1,0,0,0,0,0,1,0,1,0,0,0,1,0,0,1,-1,0,0,0,0,0,2,0,0,0,0,0,0,0,0,0,-0.79661,0,0,-0.865948,0,0,0,0,0,2,0,1,0,0,1,1
0,0,-1,0,0,0,-1,-0.197341,0,0,0,0,0,0,0,0,-0.636364,0,0,1,0,0,0,0,0,0,0,-2,0,1,1,0,-1.97192,1,0,0,0,0,2,2,0.482965,0,0,0.669117,0,0,0,0,2,0,0,0,0,2,-1,0,1,0,0,0,0,0,-1,0,1,0,0,0,-1,-1,0,-1,1,0,1,0,1,0,0,-1,0,-1,0,0,0,0,-1,-0.840552,0,0,-0.454545,2,0,1,1,-1,0,0,0,0,0,0,1
0,0,1,0,0,4,0,-0.85091,-1,-1,0,0,0,0,0,0,-0.835531,0,0,0,0,0,1,-1,-1,0,0,0,0,3,0,0,2.92902,1,0,0,0,0,0,0,0.258443,0,-1,-0.405184,0,1,0,-2,0,2,0,0,0,0,0,1,0,0,-1,0,0,0,0,3,0,0,1,0,0,0,0,-2,0,-3,0,0,1,1,0,0,0,0,-1,1,0,0,0,-0.643222,-1,0,-0.867813,0,0,1,0,0,0,0,3,1,0,0,1
0,0,0,1,0,-1,-1,-0.802493,-1,0,0,-1,0,0,-2,0,-0.833784,0,0,1,0,0,1,-2,0,2,0,0,-1,0,0,0,0.60497,2,0,0,1,0,0,0,0.268925,-7,0,-0.822917,0,1,0,0,0,0,0,0,0,0,0,-1,0,1,1,0,0,0,-1,0,0,0,0,0,1,0,0,1,2,0,1,0,0,3,0,0,1,0,0,4,0,0,0,-0.424731,0,0,-0.401985,0,0,-1,0,0,0,1,0,1,0,0,1
0,-2,0,0,0,0,0,-0.310896,0,-1,0,0,1,0,0,0,-0.037131,2,-1,1,2,0,0,0,1,0,0,2,-3,0,1,0,0.98419,4,0,1,1,0,0,0,1.29268,-1,0,-0.594648,0,-2,0,0,0,0,0,0,0,0,1,1,0,0,-3,0,1,0,0,0,0,0,0,0,0,0,0,0,-2,0,0,0,0,0,0,0,0,0,0,0,0,0,0,-0.613024,0,0,-0.76,0,0,0,0,0,-3,0,0,0,0,1,1
0,1,0,1,0,0,-1,-0.64717,0,0,0,0,-2,1,0,1,-0.430468,0,0,4,-1,0,0,-2,1,1,0,0,0,0,0,0,1.74429,12,0,0,0,1,0,0,1.377497,0,0,-0.708607,0,1,-1,0,1,0,-1,0,0,0,1,0,0,0,0,0,1,0,2,0,1,0,1,0,2,1,0,-2,0,0,0,0,0,0,0,0,0,0,0,0,0,0,0,-0.675496,0,0,-0.839724,0,1,0,0,0,0,0,0,-1,0,1,1
0,-2,0,0,0,0,0,-0.670381,0,0,-1,0,0,0,0,1,0.064139,0,0,0,0,-1,-1,0,1,0,1,0,0,2,-1,0,0.61275,4,0,1,0,-1,0,0,1.274228,0,0,-0.740658,0,-1,2,0,0,1,0,0,-1,-1,1,0,1,0,0,0,1,0,0,0,0,0,-1,-7,3,1,0,0,0,0,0,0,0,0,0,0,0,0,0,0,0,0,1,-0.520823,0,0,-0.723394,0,0,0,0,0,0,0,0,2,0,1,1
0,0,1,0,1,0,0,-0.571429,0,0,0,0,0,0,0,1,-0.722956,0,0,2,0,1,0,0,0,0,0,0,1,0,0,0,0.53057,2,-2,0,1,0,1,0,0.791667,-1,0,-0.609249,0,-2,0,1,1,-1,1,0,1,-1,0,0,1,-1,0,0,0,0,0,0,0,0,0,1,0,0,3,-1,2,-1,0,0,0,1,1,-1,0,0,0,0,0,0,0,-0.44891,0,0,-0.545936,1,0,1,1,0,0,0,0,0,-1,0,1
0,0,3,0,0,-1,0,-0.313011,0,0,0,0,0,0,0,0,-0.733615,-1,0,1,0,1,0,-2,0,0,0,0,0,-1,1,0,1.33366,3,0,0,1,0,1,0,0.671026,0,0,-0.75,0,1,0,0,1,0,1,0,1,0,0,2,0,0,0,0,1,0,1,1,0,0,0,1,0,-1,2,0,3,0,0,-1,0,2,0,0,0,-3,0,0,0,0,0,-0.6,0,0,-0.844156,0,0,0,0,0,0,0,-1,0,1,0,1
0,1,0,0,1,0,0,-0.333549,0,1,0,-2,0,0,0,0,-0.827855,0,0,-2,0,1,0,0,0,2,0,2,0,0,1,0,1.3469,3,0,0,0,1,1,1,3.620575,0,0,-0.83317,0,0,0,0,1,0,0,0,1,3,0,0,0,-1,0,1,0,0,0,1,0,3,0,1,0,0,1,0,-1,0,0,0,0,0,0,0,1,0,0,0,0,2,1,-0.642841,0,0,-0.724572,2,0,0,0,0,0,0,0,0,0,0,1
0,1,0,0,1,1,0,-0.39797,0,0,0,-2,0,0,0,2,-0.785714,0,1,-4,-2,0,-1,0,0,0,0,0,-1,0,0,0,1.18809,4,0,0,1,0,0,0,0.487039,0,1,-0.702589,0,1,0,0,0,0,0,1,0,0,0,1,0,1,0,1,1,0,0,0,0,1,0,0,0,2,4,0,0,2,0,0,-3,0,-1,0,0,2,0,1,0,0,0,-0.899914,0,0,-0.555556,0,1,3,-1,1,0,1,-2,1,0,1,1
0,1,0,0,0,0,0,-0.477718,0,1,0,0,0,-1,-1,0,-0.785714,0,0,0,0,0,1,0,0,0,-1,0,0,0,0,0,1.20543,0,0,0,0,-1,0,-1,0.561462,0,0,-0.75639,0,0,0,0,0,0,0,0,0,0,1,0,0,0,0,-2,0,0,0,1,1,0,0,0,2,0,0,1,-2,-5,0,0,0,3,0,0,0,2,0,4,0,1,0,-0.807629,1,0,-0.126836,0,1,0,0,0,0,0,1,2,0,1,1
0,0,0,0,0,0,0,-0.327397,-1,1,0,0,0,1,0,0,0.063798,0,0,0,0,0,0,0,1,0,0,0,0,0,0,0,2.05751,0,0,0,1,0,0,0,1.713129,0,0,-0.722856,0,1,0,0,0,0,0,0,-1,-1,1,0,0,0,1,-1,0,0,0,1,1,3,1,0,0,0,1,0,0,0,0,0,0,1,0,0,0,-1,-2,1,0,0,-1,-0.807887,1,0,-0.604611,0,1,-1,0,0,0,0,0,0,0,1,1
0,2,0,0,0,0,0,-0.342217,0,0,0,0,0,0,1,0,-0.114589,0,0,0,1,0,0,0,0,0,0,3,2,0,1,0,1.25714,3,0,-1,-1,0,0,2,0.863636,1,0,1.441639,0,0,0,0,1,0,0,0,1,0,-1,0,0,0,1,0,0,0,2,0,1,0,0,1,0,1,1,0,0,0,0,0,0,0,0,0,0,1,0,0,2,-1,0,-0.538505,0,-2,-0.548092,-1,0,0,0,0,0,0,1,0,3,1,1
0,1,-1,0,0,0,0,0.50703,0,0,0,0,0,0,0,1,-0.61465,0,1,-1,3,-1,0,1,0,0,0,0,-2,0,0,0,1.901,4,0,0,0,0,0,0,0.554912,1,0,-0.727273,1,0,0,0,0,0,0,0,-1,0,-1,0,1,0,0,1,-1,0,-1,0,0,0,0,0,0,0,0,0,1,-2,0,0,0,0,0,0,0,0,0,0,0,0,0,-0.867303,-1,0,-0.633566,0,0,0,0,0,0,2,0,-1,1,1,1
0,-1,0,0,0,0,0,-0.7,0,0,0,0,-2,0,0,2,1.521046,0,0,0,0,0,-1,0,0,0,0,0,5,0,0,1,3.11769,1,0,0,0,0,1,-1,0.833469,0,0,-0.400003,0,0,-1,1,-2,1,0,0,0,0,0,0,0,0,1,0,0,0,0,0,6,0,0,-1,0,1,1,2,2,0,0,0,0,3,0,0,0,0,1,0,0,0,1,-0.856661,0,0,-0.75418,0,0,0,0,0,0,0,0,0,0,1,1
0,0,0,0,0,0,0,-0.837838,0,1,2,0,2,0,0,0,-0.266663,0,0,0,-1,0,0,0,0,0,1,0,0,0,0,-1,0.85,2,0,0,1,-1,0,0,0.371312,0,0,-0.648052,0,0,0,0,-1,0,0,-1,0,0,0,0,0,0,1,-1,0,0,0,0,1,0,1,0,5,0,0,-1,1,0,0,0,0,0,0,0,0,1,0,2,0,0,0,-0.577763,0,0,-0.150906,0,-1,0,0,0,0,0,0,0,0,0,1
0,0,0,0,0,0,0,-0.837838,1,1,0,0,2,0,0,1,-0.625,0,0,0,0,0,0,0,0,4,0,0,0,0,0,0,1.67132,8,0,0,0,0,0,0,0.615075,-1,0,0.460176,0,0,0,0,0,0,-1,0,0,0,1,0,0,0,2,0,0,0,0,0,0,1,0,-1,7,1,0,-1,0,0,0,0,0,0,0,0,0,1,0,0,0,-1,0,-0.409387,0,-1,-0.469981,0,-1,0,-1,0,-2,0,1,0,0,0,1
0,2,2,0,0,6,0,-0.465495,0,1,0,0,-1,0,0,1,-0.399871,0,0,0,0,1,0,0,0,0,0,0,2,0,0,0,1.40969,18,0,0,0,-2,0,0,3.754668,1,1,3.344631,0,0,1,0,0,0,0,0,0,0,1,0,0,0,-1,0,-1,0,0,1,0,1,-1,0,0,0,1,-1,1,2,0,0,-1,0,0,0,0,1,0,0,0,0,0,-0.251336,0,0,-0.600688,2,0,2,0,0,0,1,1,0,0,0,1
0,-1,0,-1,0,0,0,-0.693869,0,0,0,0,0,0,2,1,-0.765762,0,-1,0,0,0,0,-3,0,2,0,0,0,0,0,0,0.8918,0,0,0,1,0,0,0,0.530152,-4,0,-0.669925,0,0,0,0,0,0,0,0,0,2,0,1,-1,1,0,0,-1,0,1,0,0,0,0,3,0,0,1,-1,0,2,0,0,1,0,0,-1,0,0,0,3,0,0,0,-0.471595,0,0,-0.509684,0,0,1,0,-1,0,1,1,1,0,0,1
0,2,1,0,0,0,1,-0.714286,0,0,0,-1,0,0,2,0,-0.488792,0,0,0,0,1,0,0,0,0,0,0,0,0,1,0,1.39778,0,0,-1,0,0,-1,0,0.752359,1,-2,-0.808368,0,0,1,0,0,-1,0,0,-1,0,0,0,0,0,1,0,1,0,0,0,2,0,0,1,0,0,3,0,1,3,0,0,2,0,0,0,0,0,0,-2,0,-1,0,-0.631079,0,0,-0.776051,0,0,0,1,0,0,2,0,0,0,0,1
0,-1,1,0,0,0,1,-0.766736,0,-1,0,0,0,0,0,3,-0.880149,0,0,1,1,0,0,0,0,0,0,0,0,0,-1,0,1.43133,9,0,0,0,0,0,0,1.335329,0,0,-0.690789,0,0,1,0,0,0,0,0,0,0,1,0,0,0,0,0,0,0,0,0,0,1,0,0,0,0,-1,0,1,0,2,0,0,0,0,0,0,0,0,0,-1,0,0,-0.627955,0,0,-0.586207,0,-1,0,0,-1,3,0,1,2,1,0,1
0,-1,0,0,1,3,1,-0.116672,3,0,0,0,0,0,0,3,-0.55032,0,0,0,0,0,0,0,1,1,0,2,0,3,0,0,0.9849,5,0,0,-1,0,0,1,3.177611,0,0,-0.414172,1,1,-1,0,0,0,0,1,0,0,1,1,-2,0,0,0,0,0,0,1,2,-5,0,1,0,0,-6,-1,0,-1,0,0,0,0,0,1,0,0,1,0,0,1,0,-0.755102,0,-1,-0.887447,0,0,3,0,1,0,0,0,0,0,1,1
0,0,0,0,1,0,0,-0.8191,-2,-1,0,0,0,0,0,0,-0.65315,0,0,0,0,1,0,0,-2,-1,0,2,0,3,0,0,3.94843,2,0,0,0,0,0,0,1.510101,0,0,-0.910997,1,0,0,0,0,0,0,0,1,0,0,0,-1,0,4,0,2,0,0,0,0,0,0,-1,1,0,0,0,0,0,2,0,0,0,0,0,0,0,0,-4,2,0,0,-0.761492,0,0,-0.369529,0,-1,2,0,0,1,0,0,3,0,1,1
0,0,0,2,1,2,1,-0.510811,0,0,0,-1,0,0,0,0,-0.425832,0,0,0,2,0,0,3,-2,0,0,0,0,0,-1,0,1.06795,1,0,0,0,0,-2,1,2.387151,0,0,-0.794483,0,-2,0,0,0,-1,0,0,0,0,0,1,0,1,0,0,0,0,0,1,0,0,2,-1,0,0,1,0,0,-1,0,0,0,0,-1,1,-1,0,0,0,0,4,0,-0.755102,0,0,-0.857318,0,0,0,0,-1,0,0,1,0,0,1,1
0,0,0,0,1,2,-1,-0.783102,0,0,0,2,-2,0,0,0,-0.413982,0,0,1,0,0,0,0,1,0,0,0,0,0,1,0,2.32072,6,0,0,0,1,0,1,0.762122,0,0,-0.730013,-1,0,0,0,0,0,0,0,0,0,0,1,0,0,0,2,0,0,1,0,3,0,0,0,0,0,1,2,0,5,0,0,1,0,0,0,0,0,0,0,0,0,0,-0.596013,0,0,-0.717594,0,0,4,0,0,0,2,0,0,1,1,1
0,2,0,1,0,0,0,-0.509302,-1,0,-1,0,0,0,0,0,0.518798,0,1,2,1,0,1,0,0,0,0,2,0,2,0,1,3.57579,13,-1,0,0,-3,0,0,1.25,2,0,-0.788847,1,2,0,1,0,-1,0,0,0,0,3,0,1,3,0,2,2,0,0,0,0,0,0,0,0,0,2,0,-1,0,2,0,0,0,0,0,0,0,0,0,0,0,0,-0.754194,0,0,-0.488599,0,0,0,0,0,1,1,0,0,0,1,1
0,0,0,0,0,5,0,-0.768838,0,0,0,0,0,0,1,0,-0.428571,0,0,0,0,0,0,-1,0,0,-1,0,0,0,0,0,1.50996,4,0,0,-1,0,-1,1,1.301896,0,0,-0.89694,0,1,-1,-1,-1,1,0,0,0,0,0,0,0,0,0,3,0,1,1,0,0,1,1,0,0,1,1,1,0,0,0,-1,0,1,0,0,0,0,0,-1,0,0,1,-0.483498,0,1,-0.720601,0,-1,2,0,0,0,0,0,0,2,1,1
0,1,-2,1,0,0,0,-0.644157,0,0,0,-1,0,0,2,0,-0.512434,0,1,0,-1,0,0,2,0,0,0,1,0,0,0,0,1.28078,12,0,0,1,1,-2,0,4.09091,0,0,-0.656476,0,0,0,4,0,0,0,0,0,0,0,1,0,0,0,0,0,0,-2,0,0,1,-1,1,2,2,1,0,0,0,-2,0,0,0,0,0,0,-1,0,2,0,0,0,-0.258171,2,0,-0.665054,0,0,0,1,0,0,2,0,0,1,1,1
0,0,0,1,-1,0,-1,-0.745385,0,0,0,0,0,0,0,2,-0.528391,0,1,0,0,0,0,0,0,0,0,1,0,0,3,0,1.83901,5,0,0,0,1,0,0,4.09091,0,-2,-0.756683,0,0,0,-1,0,0,0,0,0,-2,-2,0,2,0,-2,0,0,0,0,-1,0,0,-2,0,0,0,1,-2,0,2,2,0,0,0,0,-1,0,0,0,0,0,0,2,-0.555556,0,0,-0.428897,3,0,0,0,0,0,0,0,0,1,1,1
0,3,0,0,0,2,-2,-0.482589,0,0,0,0,0,1,1,0,-0.571429,1,1,0,0,0,0,2,0,0,0,0,0,0,1,0,1.28641,12,0,0,0,-1,-1,0,4.09091,0,0,-0.633626,0,0,-1,0,1,-1,0,0,-1,0,0,-3,0,1,-3,0,0,0,-1,-2,0,1,-1,0,0,1,6,0,0,0,0,0,0,0,0,0,0,-1,0,-1,1,0,0,-0.234652,0,0,-0.631385,0,0,0,0,0,0,0,0,1,0,1,1
0,0,2,0,1,0,0,-0.684211,0,1,0,0,1,0,0,0,-0.619421,0,0,0,0,0,0,1,0,0,0,0,2,0,0,0,1.17143,12,0,0,0,0,0,0,1.477398,0,-3,-0.673989,0,0,0,1,0,0,0,0,0,0,1,1,4,0,0,-1,0,0,0,0,0,-1,1,2,0,0,0,1,1,-2,0,0,0,1,-1,-3,0,0,0,1,1,-1,1,-0.588089,0,0,-0.684884,3,0,0,0,0,0,0,0,0,0,0,1
0,0,0,0,0,0,2,-0.42037,0,0,3,0,0,0,0,0,-0.727127,0,0,0,1,0,0,1,0,0,0,0,0,0,0,0,0.52665,4,0,0,1,1,0,0,2.431118,0,0,-0.731956,0,0,0,0,0,0,0,1,0,0,1,0,4,0,0,-2,0,0,0,0,0,-2,0,0,2,0,1,0,0,0,0,0,0,-1,0,1,0,0,0,1,0,-1,-3,-0.755102,-1,0,-0.675107,2,1,0,0,2,1,-1,0,0,1,0,1
0,1,0,1,0,0,0,-0.64603,0,1,0,0,0,-1,0,0,-0.632887,0,0,1,1,0,0,0,0,-1,1,0,0,0,2,0,0.942,8,1,1,0,-3,0,0,1.118096,0,0,-0.707317,0,0,0,-1,0,0,0,0,0,0,1,0,0,0,0,0,0,1,1,0,0,3,0,-1,0,0,1,1,0,0,-2,0,0,0,-1,0,0,-3,0,1,0,0,0,-0.755102,1,0,-0.847462,0,0,-3,0,0,2,0,0,0,0,0,1
0,0,0,3,0,0,1,6.704604,0,0,0,0,0,0,0,0,-0.724726,0,1,0,1,1,0,2,0,0,0,0,0,0,1,0,2.08802,7,0,0,1,2,-2,0,2.213595,0,2,-0.641153,0,1,0,0,-2,0,0,0,0,0,0,1,2,0,0,0,0,0,2,1,1,0,-1,0,0,-1,0,0,0,0,0,0,0,0,1,0,0,0,0,1,0,0,0,-0.7798,0,1,-0.7,0,0,0,-1,0,0,0,-1,0,0,1,1
0,2,0,-2,0,0,-3,0.060002,0,0,-1,0,0,0,1,1,-0.757589,0,0,1,1,1,-2,0,0,0,-1,0,0,0,1,0,1.13168,5,0,0,1,1,0,0,2.505148,2,-1,-0.829475,0,1,0,0,0,0,0,1,0,-1,0,0,3,0,0,0,0,-1,0,1,1,0,0,-2,0,2,0,0,0,0,2,0,0,0,0,0,0,0,0,1,0,0,0,-0.762725,0,1,-0.536999,0,0,0,0,0,0,2,0,1,-2,1,1
0,0,0,0,-1,0,0,-0.66001,0,0,0,0,-2,0,0,1,-0.755949,0,0,1,1,1,0,0,0,0,-1,0,2,2,1,0,0.69482,8,0,0,0,0,0,0,1.869793,0,-2,-0.79606,3,1,4,-1,0,0,0,0,1,2,1,1,0,1,-1,0,0,0,2,1,0,0,0,-1,3,0,8,0,1,0,0,0,0,-1,0,0,2,0,0,0,0,0,0,-0.773585,0,0,-0.926716,2,0,0,0,-1,0,0,0,1,0,1,1
0,2,0,0,0,0,2,-0.560865,0,1,0,0,0,0,0,1,-0.52,-1,0,0,-4,0,0,1,1,1,0,0,0,0,0,-1,1.51078,1,0,1,1,0,1,0,1.46881,-1,0,-0.746268,4,0,0,0,0,0,0,0,0,0,0,0,0,0,0,0,0,0,0,0,1,1,0,3,0,0,0,0,1,0,0,0,0,1,0,0,0,0,1,0,0,1,1,-0.903494,0,-1,-0.861162,2,0,0,0,0,-1,0,0,1,0,0,1
0,0,0,-3,0,0,3,-0.541657,0,1,0,0,0,0,0,1,-0.582918,0,0,0,1,0,0,0,0,0,-1,0,2,5,0,0,1.55185,7,0,0,1,0,0,0,0.56431,0,0,-0.678461,1,0,-2,0,0,0,0,0,0,0,1,0,0,0,2,0,0,0,-1,0,0,0,0,0,0,0,-2,0,0,0,0,0,0,1,0,0,0,0,1,-1,0,0,0,-0.710973,0,1,-0.731256,0,0,2,0,0,0,0,0,-1,-1,0,1
0,0,0,0,0,-2,0,-0.696446,0,1,0,0,2,0,0,0,-0.618152,0,0,-2,0,0,2,1,-3,-1,0,2,0,0,1,0,3.07076,4,0,1,1,0,0,0,2.007443,0,0,-0.782432,0,1,0,0,0,0,-1,0,0,-1,0,-6,0,0,0,0,0,0,0,0,1,1,-2,-1,0,0,-2,1,0,3,2,0,0,0,0,0,0,0,1,0,0,1,0,-0.639817,0,0,-0.806452,0,0,2,0,0,0,0,0,0,0,0,1
0,0,0,0,0,1,0,-0.602934,0,0,0,0,1,0,0,0,-0.640084,0,0,0,0,0,0,1,0,0,0,0,2,0,0,1,1.49208,9,0,0,0,0,-2,-1,1.398926,0,0,-0.60864,0,0,0,0,0,0,0,0,0,1,0,0,0,0,0,0,0,0,-1,1,0,0,0,0,0,1,0,0,-3,-1,-2,0,0,1,0,1,0,0,0,0,0,0,-2,-0.890473,0,0,-0.61683,0,0,0,0,-1,1,0,1,1,-1,0,1
0,-2,1,-1,0,-3,0,-0.649558,0,0,1,0,1,0,0,2,-0.582912,0,0,0,1,0,0,0,0,-1,0,0,0,0,-1,0,2.15786,2,0,0,0,1,0,0,1.410557,2,0,-0.688221,0,-1,0,0,0,0,0,1,0,2,0,0,5,0,1,0,-1,0,0,0,0,0,-1,0,0,1,0,-2,0,0,0,0,0,0,0,0,0,0,0,0,0,0,-1,-0.595417,0,0,-0.776326,0,0,2,0,0,0,0,-1,0,-1,0,1
0,4,1,0,0,3,0,-0.704329,1,0,1,0,0,0,0,1,-0.721991,0,0,1,0,0,0,0,0,-1,0,0,2,2,1,1,0.88147,6,0,0,0,0,0,0,0.861869,0,-1,-0.669724,-2,-1,0,0,0,0,1,0,0,0,-1,0,1,1,1,0,1,-1,0,0,0,0,0,2,-1,1,0,1,0,0,2,-1,0,0,0,0,0,0,0,1,0,1,0,-0.085675,0,0,-0.87378,0,0,0,1,0,1,0,0,0,-1,0,1
0,0,0,0,0,1,0,-0.812071,1,-1,0,0,0,1,0,0,-0.679131,0,0,0,0,0,-1,1,0,0,0,-3,-1,0,0,0,1.37952,5,-1,0,0,0,-1,0,0.328295,-1,0,-0.566626,-2,0,1,0,0,0,1,0,-1,0,0,2,0,0,1,0,0,0,0,0,0,0,0,0,2,0,0,0,0,0,0,0,0,0,0,0,0,1,0,0,0,0,0,-0.474923,1,0,-0.382099,0,0,0,0,0,0,0,1,0,0,1,1
0,-1,0,-1,0,0,3,-0.713493,1,0,0,0,0,-1,2,0,0.052248,0,0,0,0,0,0,0,0,0,0,0,-1,0,0,1,2.6486,1,1,0,0,4,1,0,1.013157,0,0,-0.809896,0,-1,0,0,0,0,0,0,0,0,0,0,0,0,0,0,0,0,3,0,0,0,0,0,0,2,0,0,1,1,0,0,0,1,0,0,0,-2,0,0,0,0,0,-0.773381,0,0,-0.625717,3,0,0,0,0,0,0,0,0,0,1,1
0,0,3,1,0,-2,0,-0.733589,0,0,0,0,0,-2,0,0,-0.126786,0,0,0,0,-1,0,0,0,0,0,0,0,0,0,0,0.96686,10,0,0,0,1,0,0,3.577889,0,0,-0.784013,0,0,0,0,0,0,0,0,1,2,0,0,0,0,0,0,0,0,0,-1,1,0,0,0,0,1,0,1,0,0,0,0,0,0,0,0,1,-2,0,0,0,0,0,-0.642701,0,0,-0.681732,0,0,1,0,0,0,0,0,-1,0,1,1
-1,0,0,0,1,0,0,-0.567906,0,-1,0,0,0,0,0,0,-0.677408,0,1,0,1,0,0,1,1,1,0,0,-1,2,1,0,1.28571,1,0,-1,3,0,0,-1,0.209536,0,1,-0.692931,1,0,0,2,0,1,0,0,0,0,0,0,0,0,-1,1,0,0,0,0,0,-1,0,0,0,0,0,0,0,0,5,0,0,0,-1,0,1,2,0,0,0,-1,0,-0.555556,0,0,-0.666043,0,0,0,0,0,0,0,-1,0,2,1,1
0,2,0,0,1,-1,0,-0.794293,0,0,-1,-1,1,0,2,0,-0.67872,0,1,0,1,0,1,0,0,0,0,0,0,2,1,0,1.66859,7,0,0,0,0,0,1,0.928125,0,0,-0.765668,0,1,0,0,0,0,-1,0,0,1,2,1,2,0,-1,-2,0,0,0,-1,0,1,0,0,0,0,0,0,-2,0,0,0,-1,0,1,0,0,1,0,0,0,-1,0,-0.161531,0,0,-0.61774,0,0,0,0,0,-1,0,-1,0,1,1,1
1,0,1,1,1,0,0,-0.707317,0,0,-1,0,1,0,0,0,-0.494565,0,1,0,1,0,0,0,-1,1,1,0,0,0,1,0,2.12033,3,0,0,0,1,-1,2,0.735211,0,0,-0.635354,0,1,-1,0,0,0,-1,0,-2,0,0,0,1,0,0,0,0,0,0,0,0,-1,0,0,0,0,-1,-1,0,0,0,0,0,3,0,0,0,0,0,0,0,4,1,-0.600007,0,0,-0.397654,0,1,0,0,0,0,1,-2,0,3,1,1
0,0,0,0,0,2,0,-0.594681,0,-1,1,0,0,0,0,0,-0.115494,0,0,0,0,1,0,-2,0,0,0,0,0,0,0,0,1.53716,12,-1,0,0,0,0,0,3.26316,-1,0,-0.15967,-1,1,0,0,0,-1,0,0,0,3,1,0,0,1,1,0,0,0,0,1,0,0,0,0,2,0,0,1,-2,0,0,0,-2,0,0,0,0,1,0,0,0,1,0,-0.571429,0,1,-0.584332,0,0,0,0,0,0,1,0,0,0,0,1
0,0,0,-1,0,0,-1,-0.602689,0,0,0,0,0,0,2,2,-0.903976,1,0,0,-1,1,0,-1,1,0,0,0,3,0,0,0,0.96839,24,1,0,1,1,-1,0,2.686719,0,0,-0.435529,0,1,-1,0,0,0,0,0,0,0,1,-2,-1,0,-3,2,0,0,0,1,1,0,-1,0,2,0,0,0,0,0,0,0,0,0,1,0,0,0,0,-1,0,0,1,-0.150176,-1,1,-0.133694,-2,0,2,-1,-2,-1,1,1,0,0,0,1
0,-1,0,0,0,0,0,-0.528174,1,0,0,0,1,0,0,0,-0.858178,0,0,2,0,1,0,0,0,1,1,0,0,0,0,0,3.33082,9,0,0,0,1,0,0,3.26316,0,0,-0.289603,0,1,0,0,1,0,0,0,0,0,0,0,0,1,0,1,0,1,0,1,0,0,-2,0,0,0,0,0,-1,0,0,0,-1,0,0,0,2,1,0,0,0,0,-2,-0.810346,-1,0,-0.402303,0,0,0,0,0,0,0,-1,0,-7,0,1
1,0,0,2,0,2,0,-0.891797,0,-3,0,0,0,0,0,0,-0.605163,0,-2,-2,1,0,0,0,0,0,-2,0,5,0,2,0,0.70352,1,0,0,0,0,0,0,1.056218,0,0,-0.675676,0,1,0,0,0,0,0,0,1,0,0,0,0,0,0,-1,0,1,2,1,1,1,0,-2,0,0,0,0,0,-1,0,0,0,0,0,1,-2,0,0,0,0,-2,-1,-0.620592,0,0,-0.615588,0,-1,3,0,0,0,1,0,-1,0,0,1
0,5,-1,-1,-2,0,0,-0.596385,0,0,0,0,1,0,0,0,-0.666667,0,1,0,1,0,0,-1,0,0,0,0,0,0,0,0,1.33781,3,0,0,0,0,2,0,0.833185,-1,0,-0.612273,0,1,0,1,0,0,0,0,1,0,0,0,0,0,4,2,1,1,-2,1,1,1,-1,1,0,0,0,-2,0,-2,0,-1,0,3,0,0,0,0,0,0,0,0,0,-0.674663,0,0,-0.64102,0,1,0,-1,0,0,0,0,2,1,0,1
0,0,0,0,0,0,-1,-0.310042,0,0,0,0,0,0,0,0,-0.666667,0,0,1,4,1,0,0,1,0,0,0,0,0,0,0,1.02317,1,0,0,0,-1,0,0,0.677464,-1,0,-0.801299,0,1,0,0,1,0,0,0,1,0,1,0,0,3,0,0,-1,0,3,1,0,0,0,0,0,1,0,0,0,0,0,0,0,0,0,0,0,0,0,0,0,-1,0,-0.097502,0,0,-0.521995,0,0,0,1,0,1,0,0,0,0,0,1
1,0,0,0,0,0,0,-0.429724,-1,0,0,0,0,0,0,1,-0.508526,0,0,1,0,0,-1,-1,0,0,0,0,0,0,0,0,0.9014,5,0,0,0,0,2,0,1.752999,0,-2,-0.58389,0,-1,0,0,-1,0,2,0,1,0,0,0,-1,0,-1,0,0,0,-1,0,0,0,-1,0,0,0,0,0,0,0,0,2,0,0,0,0,0,0,0,-1,0,0,0,-0.437523,0,0,-0.58336,0,0,3,0,0,0,0,0,1,1,1,1
0,0,-1,-1,0,0,-1,-0.676799,0,-1,-2,0,0,0,0,0,-0.447995,0,0,0,-3,0,0,-3,0,0,0,2,2,0,1,0,0.82857,7,0,0,0,-1,-2,0,0.965988,-2,-1,-0.900973,-1,0,0,0,0,1,0,0,1,0,3,0,3,0,0,-2,0,0,0,0,1,-1,0,-1,2,1,0,0,0,0,0,0,0,-1,0,0,0,1,0,0,1,1,-2,-0.357275,0,0,-0.004432,-1,0,0,1,0,0,0,0,1,0,1,1
0,1,0,0,0,0,-1,-0.28374,0,0,0,0,0,0,0,0,-0.659759,-1,3,1,5,0,-1,4,-1,0,0,0,0,2,1,0,0.82857,19,-2,0,0,0,0,0,2.13793,0,0,-0.788845,0,0,0,0,0,0,0,0,0,0,0,-1,-1,0,0,0,0,0,0,0,1,0,0,0,0,1,-1,0,0,0,0,0,0,2,0,0,0,0,1,-3,-1,0,0,-0.4,0,0,-0.621344,2,-1,0,0,0,0,0,1,0,1,1,1
-1,0,0,0,-1,0,-1,-0.620367,0,-2,0,0,0,0,0,0,-0.368421,0,1,2,0,0,0,0,0,0,0,0,0,0,0,0,0.69551,3,0,0,0,0,1,-1,3.442166,0,0,0.166646,0,-1,0,0,0,0,1,0,0,0,-1,0,0,0,0,0,-1,0,2,0,0,0,-2,0,0,1,0,0,0,0,0,0,0,0,0,0,0,-1,1,0,0,0,0,-0.666335,0,1,-0.695886,0,0,0,0,0,0,0,0,-1,0,0,1
0,0,0,1,0,0,-2,-0.690129,1,0,0,0,0,-2,0,1,-0.288628,0,0,0,0,0,0,1,0,0,-1,0,0,0,0,-1,0.74286,6,0,0,0,2,0,0,0.183219,-1,0,-0.3815,0,0,1,0,0,0,0,0,0,1,0,0,0,0,1,0,0,0,2,1,1,0,-1,0,0,0,0,1,0,0,-1,0,0,0,0,0,0,0,0,1,0,0,0,-0.018074,0,1,-0.510691,0,0,0,0,0,2,0,0,6,0,0,1
0,0,0,0,0,1,0,-0.191598,0,0,0,0,0,0,-2,0,-0.368421,0,1,1,3,0,0,0,-3,1,0,0,2,-1,2,0,0.74286,1,0,0,0,0,2,0,0.854963,-1,1,-0.412985,0,0,0,0,0,0,0,0,0,1,0,0,-2,0,0,2,0,0,1,0,0,0,0,0,0,-3,-1,1,0,0,0,0,-1,0,0,0,0,0,-1,0,0,1,0,-0.30199,0,0,-0.646818,-2,-1,0,0,0,0,0,0,-1,0,0,1
0,0,0,0,0,-1,0,-0.620018,0,0,0,-2,0,0,0,0,-0.684211,0,0,1,0,-1,0,0,0,0,3,0,0,0,0,0,1.06802,0,0,0,0,3,0,0,0.215833,0,0,0.076009,0,0,0,0,0,1,0,0,1,0,3,1,0,0,0,-1,0,0,0,0,0,0,0,2,-1,0,2,-1,1,3,0,0,-1,0,0,1,0,0,0,0,0,0,0,-0.73913,0,0,-0.352779,-1,0,0,0,0,0,0,-1,1,1,0,1
0,3,1,-1,0,-2,0,-0.558045,0,0,0,0,-1,0,2,-1,-0.67807,0,0,1,-1,0,0,-1,-1,0,0,-3,0,0,0,0,1.30721,20,1,0,0,-2,0,-1,0.60064,1,0,-0.612903,1,2,0,0,1,0,-2,0,0,0,0,0,0,0,0,0,-1,0,0,0,0,-1,0,0,3,0,0,0,0,1,0,0,2,0,1,0,0,1,0,0,0,1,0,-0.27298,0,0,0.22513,0,0,-1,0,0,0,0,0,0,0,0,1
0,0,-3,-1,0,0,-1,-0.538462,0,0,0,0,0,2,-1,-1,-0.496699,0,0,0,0,0,2,2,1,0,0,0,0,-1,0,0,1.05395,8,0,-1,-1,1,0,0,0.225806,1,0,-0.404271,0,0,-1,0,1,0,0,0,2,0,0,0,0,0,-2,0,0,0,0,0,0,0,0,2,1,0,0,0,1,0,1,0,0,-1,0,0,0,0,0,-2,0,0,-2,-0.258575,0,0,-0.555556,0,0,1,0,-4,0,0,-4,1,0,0,1
0,4,0,2,0,0,0,-0.524695,0,0,0,-1,0,1,0,3,-0.517857,0,0,-2,0,0,0,0,-2,1,0,0,0,1,1,0,1.00905,6,0,0,1,0,0,1,1.04726,0,0,-0.787627,0,0,0,0,0,0,0,0,0,0,0,0,0,0,2,0,0,0,0,0,1,1,0,-2,2,0,0,0,-1,0,0,0,0,0,0,0,0,-2,0,0,0,-1,0,-0.646053,0,0,0.670565,0,0,2,1,0,0,0,1,0,1,0,1
0,-1,0,0,0,-1,2,-0.532034,3,0,0,0,0,0,0,0,-0.038191,0,0,0,-1,-1,0,0,1,1,0,2,0,1,0,0,1.15309,8,0,0,0,0,1,0,1.140532,0,1,-0.73913,1,0,0,0,0,1,0,-1,0,0,2,0,0,1,2,0,0,0,0,0,0,0,0,0,2,0,0,0,2,0,0,0,0,-1,0,1,-2,1,1,0,0,0,0,-0.289073,0,0,-0.824488,0,0,0,0,0,0,-1,1,0,1,0,1
0,0,3,0,1,0,0,-0.612426,0,0,0,3,0,1,0,0,-0.412575,0,0,-1,0,0,0,3,0,1,-1,2,0,3,0,0,1.15455,7,0,0,0,0,1,0,0.944899,-4,0,-0.720022,0,0,0,0,0,-1,0,-1,0,1,0,0,0,0,0,0,0,0,0,0,0,1,0,0,0,0,-1,0,0,2,0,0,0,1,0,-1,-1,0,0,0,0,1,0,-0.68106,0,0,-0.5,2,0,0,1,0,0,0,1,1,1,0,1
0,0,0,-1,0,0,1,-0.526382,0,0,0,0,-1,1,0,5,-0.723845,0,-1,2,0,0,0,0,0,0,0,3,0,1,0,0,0.82018,9,0,1,1,1,0,0,1.592881,0,1,-0.643607,0,0,0,0,0,0,0,0,0,0,2,0,0,1,0,-1,0,0,2,1,1,0,0,0,0,0,0,-3,0,4,0,0,1,0,0,0,1,0,-1,-1,0,0,1,-0.729512,0,0,-0.69215,-1,0,0,0,0,3,0,1,1,2,1,1
0,0,-1,1,0,0,-1,-0.815676,0,1,0,0,0,1,0,0,-0.867812,-1,0,-1,0,0,0,0,0,0,0,2,1,0,0,0,0.95164,0,0,0,0,2,0,0,1.603036,0,0,-0.672132,2,0,0,0,0,0,0,0,0,0,0,2,1,1,0,0,0,0,0,2,-1,3,0,0,0,0,0,0,0,1,0,0,1,0,0,0,0,0,0,0,0,0,0,-0.73913,0,0,-0.549131,0,0,1,0,0,0,0,0,-2,1,1,1
0,0,0,0,0,-2,0,-0.663266,0,0,1,0,0,-1,0,2,-0.35586,0,0,0,0,0,0,0,0,0,0,0,0,0,0,0,0.90391,1,2,0,-1,2,0,0,1.631557,0,0,-0.704184,-1,0,1,0,1,0,0,0,0,0,0,0,1,1,1,0,1,0,2,0,0,0,0,0,0,0,0,0,0,1,0,0,0,0,0,0,0,0,0,0,0,3,0,-0.759543,0,-1,-0.04169,0,1,1,0,0,0,0,2,5,0,1,1
0,1,1,0,0,0,0,-0.584354,0,0,0,0,0,0,2,1,-0.18044,0,0,0,1,0,1,0,0,0,-1,0,-1,0,0,0,1.09493,0,-2,0,1,0,0,1,0.944817,-1,0,-0.760525,0,0,1,0,0,1,0,0,0,0,0,0,-1,1,2,0,0,0,0,0,0,0,1,0,-1,0,0,0,0,0,0,1,0,0,0,0,3,0,0,0,1,0,0,-0.65801,1,0,-0.54852,3,0,0,0,1,0,0,0,0,0,0,1
0,1,-1,0,0,0,0,-0.345926,1,0,0,0,0,0,0,0,-0.596997,1,0,-1,0,-1,0,-1,0,0,1,0,0,0,0,0,1.20168,2,0,0,0,3,0,0,0.619555,0,0,-0.740651,0,0,1,0,0,1,1,0,0,0,0,0,0,-1,-2,0,-1,0,0,1,4,1,0,0,0,-3,0,0,0,-2,0,-1,0,0,0,0,0,0,0,0,0,2,2,-0.730701,0,0,-0.121245,0,0,0,0,0,0,-1,0,0,0,0,1
0,0,-1,1,-1,-2,0,-0.185003,0,0,1,0,0,1,0,0,-0.571429,0,-1,0,2,0,0,0,0,2,0,0,0,0,0,0,1.36776,1,0,1,0,0,0,1,0.751294,0,0,-0.743683,0,-1,0,0,0,0,-1,0,0,0,0,0,0,0,0,0,0,0,-1,0,1,0,4,1,0,0,0,1,0,0,0,0,0,0,0,-1,0,0,0,0,0,0,1,-0.640485,0,1,-0.62773,0,0,0,1,0,0,0,2,0,0,0,1
0,0,-1,1,0,0,0,-0.669356,0,0,0,1,0,0,0,2,-0.586207,0,0,0,0,0,0,-3,0,-2,0,4,0,0,1,-1,1.02057,6,0,0,-2,0,1,0,0.804878,0,0,-0.700318,0,0,1,0,0,0,0,0,0,0,0,0,0,-1,1,0,0,0,0,0,4,0,0,-2,2,1,0,0,0,0,0,0,2,0,0,0,0,0,0,0,0,2,-1,-0.315179,0,1,-0.884876,0,0,0,0,0,0,0,2,0,1,0,1
0,1,-1,0,0,1,0,-0.75,0,0,-1,1,0,0,0,0,-0.609045,1,0,1,0,0,0,0,0,0,1,0,0,0,-2,0,1.11362,2,0,0,0,0,3,0,1.089053,0,1,-0.67456,0,0,-3,0,0,0,0,1,0,1,0,1,0,0,-1,1,0,0,0,0,-1,0,0,0,0,1,0,0,2,2,-1,0,0,2,0,0,0,0,0,2,0,0,0,-0.362457,0,1,-0.800893,0,0,0,0,0,0,0,-1,-1,1,0,1
0,0,0,1,-1,0,0,-0.75,0,0,-2,1,-2,0,0,0,-0.550045,0,0,0,0,0,-1,2,0,0,1,0,0,0,0,0,1.1594,1,0,1,2,1,0,0,1.063842,-1,0,-0.685064,0,0,0,0,-2,0,0,0,0,1,0,0,0,0,-1,0,0,0,0,0,0,0,-2,1,0,1,0,0,0,-1,0,0,2,0,0,0,0,0,0,1,0,3,1,-0.175834,0,0,-0.65677,0,0,-1,1,0,2,0,-1,0,1,0,1
0,2,0,1,0,0,0,-0.757452,0,0,1,0,0,0,0,0,-0.720254,0,0,0,0,0,1,0,0,0,0,2,-2,0,0,0,1.07574,5,0,0,0,0,-1,0,1.723022,2,0,-0.513618,1,-1,1,0,-1,0,0,0,0,1,0,-1,0,-1,0,1,0,0,1,0,-2,0,1,1,0,0,0,0,2,0,0,1,0,0,1,1,0,0,0,0,-1,0,0,-0.210145,0,0,-0.815525,2,-1,-1,0,0,0,0,0,0,0,0,1
0,0,0,2,0,0,1,-0.733333,0,0,1,0,1,-1,0,0,-0.679358,0,0,0,0,0,-2,0,-2,-1,0,2,0,0,0,0,2.01154,8,0,0,0,0,0,0,0.745679,0,0,-0.223318,2,0,0,0,0,0,0,0,0,-1,1,0,3,0,1,0,0,-2,0,0,2,-2,0,0,0,0,1,1,0,-1,0,1,0,0,0,0,0,1,0,0,0,0,0,-0.623403,0,2,-0.565093,2,0,0,1,0,0,0,0,0,1,0,1
0,0,3,0,0,0,-1,-0.715586,0,0,0,0,0,0,0,0,-0.695672,0,0,0,0,0,0,0,1,-2,0,0,0,0,0,0,2.89904,7,0,0,1,0,0,-1,1.205558,2,0,-0.53635,0,0,0,0,0,1,0,0,0,1,0,0,0,0,2,-2,0,0,0,1,0,0,0,0,-1,-2,1,0,0,0,0,0,0,0,1,1,0,1,0,0,0,-1,0,-0.613939,0,0,-0.79661,0,1,0,0,0,0,0,0,0,0,0,1
0,2,-3,0,0,0,0,-0.639194,0,0,1,0,0,0,0,0,-0.655959,0,0,0,0,0,1,0,0,0,0,0,1,0,0,0,0.76521,0,0,0,0,1,0,0,0.233333,-2,1,-0.732129,-2,1,0,0,0,0,0,0,0,0,-1,0,-5,0,0,0,0,0,0,0,1,-2,-2,0,0,0,0,0,0,0,0,0,-1,0,0,0,0,1,0,0,-2,0,0,-0.901773,-1,0,-0.782543,-1,0,1,0,0,0,1,0,0,0,0,1
0,0,0,-1,0,0,0,-0.664091,0,0,-1,1,0,0,0,1,0.00695,0,0,-1,0,0,0,1,-1,0,0,0,0,0,0,1,0.93014,3,0,-1,0,1,-1,1,0.210828,0,0,-0.636391,0,0,-1,0,0,0,0,0,0,-1,1,0,0,1,0,0,0,0,2,0,-2,-1,0,3,0,0,3,0,0,0,0,0,-1,-2,0,0,0,3,1,0,0,0,0,-0.077762,0,0,-0.733333,0,0,0,1,0,0,0,0,0,0,0,1
0,-1,0,2,0,2,0,-0.852283,-1,0,2,1,0,0,0,0,-0.357026,0,0,0,0,2,0,-1,0,0,1,0,-2,0,0,0,1.08781,0,0,1,0,1,0,0,0.241534,0,3,-0.725189,1,0,0,0,1,0,0,0,0,-3,2,0,1,1,0,0,0,0,3,0,0,0,1,0,0,0,0,-1,0,1,0,0,3,0,0,1,1,0,1,0,0,1,0,-0.456848,1,0,-0.562275,0,0,0,0,0,0,0,0,0,0,0,1
0,1,2,0,1,0,0,-0.62175,0,0,0,2,0,0,0,0,-0.693617,0,0,0,2,0,0,0,0,0,0,0,0,0,0,0,0.67393,0,0,0,1,0,1,0,3.862299,-3,0,-0.627075,0,1,-2,0,-1,0,0,-1,0,-1,0,0,0,0,0,0,1,0,2,0,0,0,0,0,0,0,1,0,-2,-2,-2,0,1,1,0,1,0,0,-1,-6,0,0,-2,-0.763918,0,0,-0.475503,0,0,0,0,1,0,0,3,1,0,0,1
0,0,3,0,1,0,0,-0.73913,0,0,4,0,5,0,0,2,-0.710135,1,0,0,-2,0,0,0,0,-1,0,0,0,0,0,0,1.05032,0,0,0,1,0,1,0,0.540541,0,0,-0.737772,0,0,0,0,-1,0,0,0,0,0,0,0,0,0,0,0,1,-1,0,0,0,0,1,1,0,-2,1,0,0,0,3,0,0,-1,0,1,0,0,0,0,0,0,-2,-0.669182,0,-2,-0.42788,0,0,0,0,0,-1,0,1,1,0,0,1
-1,0,0,0,1,0,0,-0.522921,0,0,5,0,0,-1,3,2,-0.684401,0,-1,2,1,0,0,0,-1,0,0,0,0,0,0,0,0.40169,7,0,0,0,-1,1,0,0.540541,0,0,-0.586955,0,0,0,0,2,0,0,0,0,0,0,0,4,0,0,-1,1,0,0,1,0,0,1,-3,2,0,1,1,0,1,0,0,-2,0,0,1,0,-1,-1,-1,0,0,0,-0.86707,0,0,-0.656529,0,0,0,0,0,1,2,0,-3,0,0,1
0,0,0,0,0,0,0,-0.67591,1,0,0,0,1,-1,0,-1,-0.720237,0,0,0,1,0,-1,0,0,0,0,0,-1,0,1,0,2.00224,7,0,0,-1,0,0,0,2.38462,0,0,-0.315522,2,0,1,-1,0,0,0,0,0,-1,0,0,0,0,0,1,0,1,2,2,0,0,0,-1,4,0,0,0,0,1,0,0,0,0,0,1,0,0,0,0,0,-1,2,-0.555556,0,0,-0.368421,3,0,0,0,0,0,2,0,0,0,1,1
0,2,0,1,0,0,-1,-0.660712,-1,0,0,0,0,0,0,0,-0.773979,0,0,0,1,0,0,0,0,0,0,2,0,-1,1,0,0.74286,2,-1,1,3,0,0,0,3.492436,0,0,-0.591256,0,0,-1,0,1,0,-2,0,2,0,0,-1,0,0,-2,0,0,0,0,0,0,0,0,3,0,1,0,0,0,0,0,0,5,0,0,0,0,0,1,0,0,0,0,-0.262228,0,0,-0.6674,0,1,-1,0,0,0,-1,0,0,-3,1,1
0,0,0,-1,0,0,-1,-0.591159,0,1,3,0,1,0,0,0,-0.632795,0,0,0,0,1,-1,0,0,0,0,0,2,0,0,0,0.58249,6,0,0,-1,1,0,0,2.145916,0,0,-0.740382,0,0,3,0,0,0,0,0,0,0,0,1,0,0,0,-2,0,0,0,0,0,0,0,1,0,0,0,-1,3,0,-1,0,0,2,0,-1,0,0,1,0,1,0,0,0.097021,0,0,-0.696265,0,0,2,0,0,0,0,0,0,0,1,1
0,0,-1,-2,1,1,0,-0.723092,0,0,-3,0,1,0,1,2,-0.636364,-1,0,0,0,0,0,0,-1,0,0,0,0,2,1,0,0.69203,2,0,0,0,0,0,0,0.589489,0,0,-0.661481,-1,1,0,0,0,0,0,0,0,0,0,0,0,0,-1,3,0,0,-1,0,0,0,0,0,0,0,0,0,1,0,-1,0,0,1,1,0,0,1,0,1,1,0,0,-0.469206,-1,0,-0.790108,0,0,0,0,0,0,0,0,0,-1,0,1
0,0,0,0,0,-1,0,-0.632867,0,0,2,0,0,0,0,0,-0.586133,0,0,1,0,0,0,-1,0,-1,0,-1,0,0,0,0,0.7626,0,0,0,0,0,0,0,0.784312,0,-1,-0.583174,-1,0,0,0,0,0,0,0,1,0,1,0,0,1,0,0,0,0,0,0,2,0,-1,0,0,0,0,0,0,0,1,0,0,-1,0,0,0,0,0,0,0,0,0,-0.64446,0,1,-0.780891,1,0,0,0,0,0,0,0,0,1,0,1
0,0,0,0,0,0,0,-0.713873,0,0,-1,0,-1,0,1,1,-0.510795,0,0,0,0,0,0,0,0,0,0,0,0,0,0,0,0.54061,0,0,0,0,-2,1,0,0.258065,1,0,-0.335827,0,0,0,0,0,0,0,0,0,-1,1,1,-1,0,0,0,0,1,0,-2,0,0,-4,0,1,0,1,0,0,0,0,1,0,0,0,1,0,0,0,2,0,-1,1,-0.675676,0,0,-0.61711,0,0,1,0,0,0,-1,1,0,-1,0,1
0,0,0,1,0,0,0,0.418179,1,1,0,0,0,0,0,-1,-0.662922,0,-1,1,0,1,0,0,-1,0,0,0,0,3,0,0,0.97135,-14,0,0,0,0,0,0,2.40904,0,1,-0.714486,0,0,0,0,0,0,0,-1,0,0,0,3,0,3,0,0,0,0,0,0,1,1,0,0,0,0,0,3,2,0,0,1,-1,0,0,0,0,4,0,2,0,0,0,-0.781599,0,0,-0.229931,0,0,1,0,0,-1,0,0,0,0,0,1
0,0,0,1,0,1,0,-0.237295,0,1,0,0,0,0,0,0,-0.650862,0,-1,1,0,0,0,1,0,0,0,-4,0,0,0,-1,0.95742,7,0,0,0,3,0,0,2.253119,-1,0,-0.771809,0,0,-1,0,0,0,0,0,1,-1,3,0,1,0,0,0,0,0,0,-2,1,0,2,0,1,0,0,1,1,1,0,0,0,0,0,-2,0,1,0,1,0,0,0,-0.686235,0,0,-0.323726,0,0,0,0,0,0,1,0,0,0,0,1
0,-2,0,0,0,2,0,-0.714226,0,0,1,0,0,0,1,1,-0.885304,-1,0,1,1,0,-2,0,0,0,0,3,0,0,0,0,0.77372,5,0,-1,0,0,0,0,2.23529,0,0,-0.609867,0,0,1,0,0,0,0,0,-1,0,0,3,2,0,0,0,-2,0,0,0,0,1,-1,0,2,0,1,0,1,0,0,0,1,-1,0,0,0,1,0,1,0,0,0,-0.883148,0,0,4.924985,0,0,0,-1,1,0,2,-1,0,0,0,1
0,0,0,1,0,-1,1,-0.509281,2,0,1,0,0,-2,2,0,-0.366487,0,0,0,1,0,0,0,0,0,1,0,0,0,-1,0,1.30957,1,0,0,0,-1,0,0,0.365638,0,0,-0.797855,0,0,3,0,2,0,0,0,0,3,1,1,0,0,0,1,0,0,0,0,2,0,-2,0,0,1,0,0,0,-1,-5,0,2,0,0,1,0,0,0,1,1,1,0,-0.777654,-2,0,-0.76,0,0,-1,2,0,1,0,1,1,1,0,1
0,0,0,1,0,0,0,-0.10722,2,0,0,0,1,0,0,1,-0.502278,0,0,-1,0,0,0,0,0,1,1,0,0,-1,0,0,2.12119,1,0,0,0,0,0,-1,0.468427,1,0,-0.658857,-1,2,0,0,0,0,0,0,0,0,2,1,0,0,2,0,0,0,0,1,0,0,0,0,-2,0,-1,2,0,0,3,1,-1,0,1,1,0,1,1,0,0,0,0,-0.327441,0,1,-0.76,3,0,1,0,0,1,-1,0,1,1,0,1
0,1,0,-1,0,0,0,-0.566836,0,-1,1,0,0,0,0,0,-0.777716,0,-2,0,0,-1,0,0,0,0,1,0,0,-1,0,0,2.02897,0,1,0,0,0,0,0,0.510463,0,0,-0.734098,0,0,0,0,0,-1,-2,0,0,0,-1,0,-1,1,1,0,0,0,-3,0,0,0,0,0,5,1,1,0,0,1,0,0,0,0,0,1,0,0,0,0,0,2,0,-0.752643,0,0,-0.614603,0,0,0,0,0,1,0,2,0,0,0,1
0,0,0,0,0,-1,0,-0.86779,0,0,0,-2,0,0,0,0,-0.471263,0,0,0,4,0,0,0,0,0,1,0,-1,0,4,2,0.80209,6,0,0,-2,0,0,0,1.779595,1,0,-0.595368,0,0,0,0,0,-1,0,0,0,0,0,2,0,0,2,0,0,0,1,1,-1,0,1,0,0,1,0,0,-1,0,0,0,0,2,0,0,0,0,0,0,0,0,0,-0.712896,0,0,-0.541339,0,0,-1,0,0,-1,0,3,2,0,0,1
0,0,0,-1,0,0,0,-0.602242,0,0,-1,0,0,0,-1,0,-0.646479,0,0,0,0,0,0,1,0,0,0,0,-3,0,1,0,0.8651,1,0,0,0,0,0,0,0.25,0,0,-0.473929,0,-3,0,0,0,-2,0,0,0,0,1,0,0,2,0,0,0,0,0,0,-1,0,0,0,1,0,-1,0,0,0,0,0,0,0,0,0,-1,0,0,1,0,1,-1,-0.807308,0,0,-0.584044,0,1,-1,2,0,1,0,0,0,0,0,1
0,2,0,0,0,1,0,-0.75,0,0,0,0,0,0,0,0,-0.439325,0,0,0,2,0,0,0,0,0,0,0,0,0,1,0,0.8,0,0,0,0,0,0,0,0.243866,0,-1,-0.376603,1,1,1,0,0,0,0,0,0,-1,0,2,-2,0,0,-2,0,0,0,0,2,-2,1,0,-1,0,1,1,0,-2,0,0,0,0,0,0,0,-1,0,-1,0,0,0,-0.58446,0,0,-0.590196,0,0,-2,0,0,1,0,0,0,0,0,1
0,0,0,0,0,0,0,-0.346751,2,0,0,1,0,1,0,0,-0.885612,0,0,0,0,0,0,0,0,0,0,0,0,-4,0,0,0.63636,0,0,0,0,0,1,0,0.536695,0,1,-0.156907,-1,0,0,0,0,0,0,0,0,0,2,1,-1,0,0,1,0,0,0,0,1,0,0,3,0,1,2,1,1,-1,2,0,0,0,0,0,0,2,0,0,0,0,0,-0.75784,0,0,-0.008849,0,0,0,-1,0,0,0,-1,0,0,0,1
0,5,-2,0,0,0,0,0.108891,-1,0,0,1,0,0,0,1,-0.733775,1,0,0,-1,0,-1,0,-1,0,-1,0,-1,0,0,0,1.01379,0,0,0,0,0,0,0,1.388457,4,0,-0.186309,0,0,0,0,0,0,0,0,1,0,3,1,0,0,-1,0,0,0,0,0,1,0,0,0,1,1,0,0,0,0,0,0,0,0,0,0,0,0,0,0,0,0,0,-0.528884,-1,1,-0.832739,0,0,-1,0,0,-1,-3,0,0,1,0,1
0,2,1,0,1,1,0,-0.645938,0,0,0,0,0,0,0,0,-0.844423,0,0,-1,0,0,0,0,0,0,1,0,0,0,0,0,0.77676,1,0,0,-1,1,0,0,0.892261,0,0,-0.454545,0,1,0,0,-2,0,0,0,1,0,2,0,0,1,0,0,0,-1,0,0,1,0,0,0,1,1,3,0,1,0,4,0,0,-1,-2,0,0,0,0,-2,0,0,0,-0.707933,0,1,-0.774138,0,0,-3,0,1,0,2,1,1,0,0,1
0,0,-1,0,0,0,0,1.270143,0,0,0,-1,2,0,1,0,-0.800358,0,0,0,0,0,0,0,-2,0,0,0,0,0,0,0,0.88022,0,0,0,0,0,0,1,1.215976,0,0,-0.742545,-2,0,0,0,-1,0,-1,0,0,0,2,0,0,0,-2,0,1,0,0,-1,0,0,1,0,0,1,1,0,0,0,0,0,0,0,0,0,0,0,1,-1,-1,0,0,-0.625,0,1,-0.546168,0,0,0,0,0,0,0,0,0,0,0,1
0,0,0,0,0,2,0,-0.894857,0,0,0,0,0,0,0,0,-0.802167,0,0,0,0,-1,0,0,0,1,-1,-1,0,0,0,0,1.24422,1,0,0,0,0,0,0,1.723911,0,0,-0.42296,0,0,0,0,0,0,0,0,0,-1,0,0,0,0,0,1,0,1,0,0,-3,1,2,0,0,0,-4,0,-1,1,0,0,1,0,0,-1,0,1,0,-3,0,0,1,-0.536538,0,1,-0.674298,0,0,0,-1,0,1,-1,1,0,0,0,1
0,0,-1,-2,0,-1,0,-0.446984,0,0,0,0,-2,2,-1,0,-0.81403,0,0,0,-1,0,0,0,0,0,0,0,0,0,0,0,0.8272,1,0,0,0,0,0,0,0.90337,0,0,-0.579421,0,0,0,0,0,0,0,0,0,0,2,0,0,0,2,1,1,0,0,0,-2,1,0,0,0,1,-2,0,1,0,0,0,0,0,0,0,0,0,0,2,0,-1,2,-0.281496,0,1,-0.577552,0,1,0,0,0,2,-2,0,0,0,0,1
0,0,0,1,0,0,1,-0.559405,0,0,0,0,0,0,2,0,-0.533786,0,1,4,0,0,0,1,0,0,0,2,0,0,0,0,1.26022,5,-1,0,-1,0,0,0,2.372585,0,1,-0.714374,0,-1,0,0,0,0,0,0,0,0,1,0,1,-3,0,0,0,0,0,0,0,1,0,0,0,-2,0,0,1,0,0,0,1,0,0,1,0,0,0,0,0,1,0,-0.727273,0,0,-0.541335,0,0,0,0,0,0,0,0,0,-2,1,1
0,0,0,2,0,0,0,-0.5133,-3,0,1,0,2,0,5,2,-0.167069,0,1,0,0,0,0,1,0,0,1,2,0,0,0,0,1.17815,13,0,0,0,0,0,0,1.95122,0,0,-0.726765,0,1,0,0,0,0,0,0,-1,0,0,0,0,2,0,0,0,-1,0,0,1,1,0,0,2,0,0,0,1,0,0,1,0,1,-2,0,0,0,0,0,1,1,0,-0.634695,0,0,-0.252784,0,0,2,0,0,1,0,0,1,2,1,1
0,0,0,1,0,0,3,-0.534394,0,0,2,0,2,2,0,0,-0.659198,0,0,1,0,0,0,1,0,1,0,0,0,0,0,0,1.07278,9,0,1,0,0,0,0,3.683255,3,0,-0.722061,0,2,0,0,0,0,0,1,0,0,0,0,0,-1,0,0,-1,-1,0,0,0,0,0,0,0,0,0,0,0,2,0,0,1,0,0,0,0,1,0,0,0,0,1,-0.758308,0,0,-0.688846,0,0,0,0,0,1,0,0,1,0,1,1
-1,0,0,1,-1,5,2,-0.657354,0,0,0,0,2,0,0,0,-0.683311,0,0,0,0,0,0,0,0,0,-1,0,0,2,0,0,2.31709,0,0,0,0,0,0,0,0.867819,0,0,-0.505035,-1,0,1,0,-1,0,0,1,1,0,0,2,4,0,0,0,0,0,0,-1,0,0,0,-1,-1,0,0,0,0,0,0,0,0,2,-1,0,0,1,0,0,0,0,0,-0.634721,1,0,-0.603377,0,0,0,0,0,0,0,0,0,0,0,1
0,0,0,1,1,1,0,-0.599081,0,0,0,0,0,0,0,0,-0.661756,1,0,-1,-4,0,0,0,1,0,0,-1,0,0,1,0,1.37198,1,0,0,5,0,0,0,1.072313,0,-1,-0.864868,0,1,0,0,0,0,0,-1,1,0,0,1,0,0,0,0,0,0,0,0,0,0,0,-1,2,3,1,0,2,0,0,1,0,0,0,0,0,1,0,0,0,0,0,-0.72093,0,0,-0.693847,0,0,2,0,-1,0,0,0,3,0,0,1
0,0,0,0,0,0,3,-0.507847,0,0,0,0,0,0,0,0,-0.707677,0,0,0,0,0,-2,-1,0,0,0,0,0,0,0,0,0.96299,1,0,0,0,0,3,0,0.227054,0,0,-0.525195,0,0,0,0,0,-1,-2,0,2,0,0,1,1,0,2,0,0,0,-2,0,0,1,0,0,0,0,0,1,0,1,0,0,0,3,0,1,0,1,0,1,0,0,1,-0.611738,0,1,-0.69937,0,0,0,0,0,0,0,0,0,0,0,1
2,0,1,0,-1,-3,0,-0.707151,1,0,1,1,0,0,0,1,-0.587403,0,0,0,0,0,0,0,1,0,0,0,3,0,0,2,0.61685,0,0,0,0,0,-1,0,0.875107,-1,0,0.025922,0,0,0,0,0,0,0,0,0,0,0,0,-2,0,0,-1,0,1,-2,0,1,2,0,0,0,0,1,0,0,0,1,0,-3,0,0,0,1,0,1,0,0,0,0,-0.698612,0,0,-0.743137,1,0,0,-2,0,-1,0,3,-1,0,0,1
0,0,2,0,-1,2,0,-0.681922,0,0,1,0,0,0,0,1,-0.138157,0,0,0,0,0,0,0,1,0,0,1,0,0,0,0,0.53862,3,1,1,1,0,1,1,1.410432,-1,1,-0.688424,0,0,0,-2,0,0,0,0,0,0,0,0,-1,0,0,1,0,1,-2,1,1,0,0,0,0,0,2,-1,0,0,0,0,0,0,0,0,0,0,0,-2,0,2,0,-0.832981,-1,0,-0.872472,-1,0,0,0,1,0,-2,0,0,-5,0,1
0,0,0,0,-2,0,2,-0.529319,0,0,0,0,0,0,1,0,-0.011225,0,0,0,0,0,0,0,0,0,-1,0,0,-2,1,0,1.4886,5,0,0,0,3,0,1,0.86096,-2,-1,-0.647059,0,0,0,0,0,0,1,-1,-2,0,1,0,0,0,0,0,0,1,0,0,-4,2,-1,0,0,0,1,0,1,0,0,-1,0,0,0,0,-1,0,0,0,0,1,0,-0.727273,-1,-2,-0.72093,0,1,-1,4,0,0,0,1,0,0,0,1
0,0,0,1,0,0,0,-0.872457,0,0,3,3,3,0,0,1,-0.586207,0,0,0,0,0,0,0,0,0,0,0,0,0,0,0,3.50261,8,0,0,1,0,0,0,1.079104,0,1,-0.820166,0,0,0,0,0,0,0,0,0,0,1,0,2,0,0,0,0,0,0,1,0,0,0,0,1,0,0,0,0,0,0,0,0,0,0,0,0,0,1,0,0,1,0,4.053769,0,0,-0.555556,0,0,0,0,0,2,0,2,0,1,1,1
0,0,0,1,0,2,0,-0.368421,0,1,0,0,0,0,0,0,-0.631123,0,1,0,0,1,2,0,0,0,0,1,0,0,0,0,1.81701,7,1,0,-1,0,0,0,0.885492,0,1,-0.796556,0,0,0,0,0,0,0,0,0,0,0,1,-2,-1,0,0,0,1,0,0,0,-1,0,0,1,0,0,0,0,0,0,0,0,0,0,0,0,0,0,0,0,0,0,-0.306635,0,0,-0.491363,1,0,-2,0,0,-3,0,-2,1,0,1,1
0,0,0,1,0,0,0,-0.650666,-1,0,0,0,-1,0,1,1,-0.568227,0,1,0,1,0,0,0,1,2,0,0,0,0,0,3,1.74267,1,0,0,0,0,0,0,1.0,0,0,-0.615522,-2,0,0,0,0,0,0,0,0,0,0,1,0,0,0,0,0,0,0,1,0,0,0,0,0,0,0,0,0,0,0,0,0,-1,0,0,0,0,0,0,0,0,1,0.693979,0,-2,-0.555556,1,0,2,-1,0,1,0,0,1,0,1,1
0,0,0,1,0,1,0,-0.707317,0,0,0,0,0,0,0,-3,-0.724613,0,0,1,0,0,0,1,0,0,-1,0,0,2,1,0,1.42811,1,-1,0,1,0,-2,0,0.186501,0,0,-0.71335,0,1,0,1,-2,0,1,0,0,0,0,0,0,0,2,0,2,1,0,0,0,0,1,0,0,0,-1,0,-2,0,0,0,2,-2,0,0,0,0,0,2,0,0,0,-0.483617,0,0,-0.503717,0,0,0,0,0,1,1,0,0,0,1,1
1,-1,0,1,-1,0,0,-0.756855,1,0,0,1,0,0,0,2,-0.737217,0,0,1,0,1,0,1,0,0,0,0,0,0,-3,0,1.14651,3,0,0,0,2,0,0,0.369922,0,0,-0.755102,0,0,0,-1,0,0,0,0,0,-1,0,0,0,1,2,0,0,0,0,1,0,0,0,0,0,-5,-1,0,-1,-1,0,0,0,2,0,-1,0,0,0,0,0,0,2,-0.153068,0,0,-0.395707,0,0,0,0,0,1,0,0,0,0,1,1
0,-1,2,0,0,0,0,-0.420996,0,0,0,0,0,0,0,0,-0.880345,0,-1,1,2,0,0,0,0,0,0,0,0,0,0,0,1.87298,21,0,0,0,0,0,0,1.354474,0,0,4.917048,0,1,0,0,0,0,0,0,0,0,0,0,2,0,0,0,0,0,2,-3,0,2,1,0,0,0,0,-1,0,0,0,0,0,0,0,0,0,0,0,0,0,1,0,-0.434431,0,1,-0.369136,-1,1,0,0,0,0,0,0,0,1,1,1
0,0,0,0,0,1,0,-0.621557,0,0,1,0,1,1,0,1,-0.880477,0,-1,1,0,0,0,0,-1,0,0,0,0,0,1,0,1.62024,12,1,0,-1,1,0,0,2.285191,0,0,-0.226211,-1,1,2,1,0,-2,0,0,0,0,0,0,1,1,0,0,0,0,0,0,0,0,0,1,0,0,0,-1,0,1,0,0,-1,0,0,0,0,1,0,0,0,1,0,-0.75,0,0,-0.581185,0,0,0,1,0,1,2,1,0,1,0,1
0,2,0,-2,0,0,0,-0.688648,0,0,0,0,0,0,2,1,-0.689143,0,0,0,0,0,0,0,0,0,0,0,0,2,0,0,1.0,7,1,0,-1,1,0,0,0.926022,0,1,-0.393951,0,-3,0,1,0,0,0,0,0,0,0,3,-1,1,1,0,0,0,0,0,0,2,0,1,0,0,0,0,0,0,0,0,0,0,1,0,0,1,0,0,0,1,0,-0.75,0,0,-0.14005,0,0,0,0,0,1,0,1,0,0,0,1
0,0,0,0,0,0,0,-0.699309,1,0,0,0,1,0,0,0,-0.52,0,0,0,0,0,0,0,0,0,0,0,2,0,0,0,0.67624,0,1,0,-1,0,0,0,0.947105,0,0,-0.613241,0,-2,0,0,0,0,0,0,0,0,0,1,0,2,0,0,-1,0,0,4,1,1,0,1,1,1,0,0,1,0,3,0,3,1,0,0,0,0,0,0,0,0,0,-0.799622,0,-1,0.105996,0,0,2,0,0,0,0,1,0,0,0,1
0,1,0,0,0,0,0,-0.822869,0,2,0,0,0,0,2,1,-0.688656,1,0,0,0,0,0,1,0,0,0,0,0,4,0,0,0.88571,4,0,0,1,0,0,0,4.070923,0,0,-0.161027,-1,-1,0,0,0,0,0,0,0,0,-2,0,0,0,0,-1,0,0,2,2,0,0,-2,-1,0,0,0,0,1,0,2,0,0,0,0,0,0,0,0,1,0,0,0,0.790559,0,1,-0.79355,3,0,0,0,0,1,0,0,-1,1,1,1
0,0,0,0,0,0,-1,0.107666,1,-1,1,0,1,0,0,2,-0.754901,1,0,0,0,0,0,0,1,0,0,1,0,0,-1,0,0.44662,1,0,1,0,2,0,-1,3.09677,2,-1,-0.777942,0,0,2,0,0,2,0,0,0,0,0,1,0,0,1,0,0,-1,2,0,-2,1,0,0,2,0,-1,0,1,0,0,1,0,0,1,-1,2,-2,0,-1,0,0,1,-0.571429,0,0,-0.853697,3,0,0,0,5,1,0,3,0,1,1,1
0,0,0,0,0,0,-3,-0.594153,0,0,0,0,-2,0,2,2,-0.78774,0,0,1,0,0,2,0,0,0,-1,0,0,-1,0,0,0.55933,7,0,0,1,0,0,0,0.181631,0,0,-0.679727,0,-2,-1,0,0,-2,0,0,0,0,0,0,0,1,0,0,1,0,1,0,0,1,0,0,2,0,0,0,1,0,3,1,0,0,0,0,0,0,0,0,1,0,0,-0.527215,0,0,-0.718046,-1,0,0,0,1,0,0,1,0,0,1,1
0,0,0,0,0,1,0,-0.769231,0,0,0,0,-2,1,-1,0,0.608383,-1,0,0,1,1,0,0,0,0,0,0,0,-3,0,0,2.52284,7,0,0,0,0,1,0,1.18199,0,-2,5.058386,0,0,0,0,0,1,0,0,0,0,0,0,1,1,0,0,0,0,0,0,1,0,0,-1,0,0,2,0,0,2,0,0,-1,0,-1,-1,0,2,0,1,0,-4,2,-0.612903,0,0,-0.752144,0,0,0,0,0,1,0,0,1,0,0,1
0,2,1,-1,0,0,0,-0.769458,0,0,0,-1,0,0,0,1,-0.789474,0,-1,0,1,0,0,2,0,0,0,1,0,0,0,0,0.54286,2,1,0,0,0,0,0,0.929025,-2,0,-0.052121,0,0,2,-1,0,0,0,0,0,-1,1,-1,0,-1,0,0,1,0,0,0,1,0,1,0,1,2,0,-1,0,0,0,0,0,2,0,0,0,1,0,-2,0,1,0,-0.673555,0,0,-0.673859,0,0,0,1,0,1,-1,0,2,-2,0,1
0,2,0,-1,0,0,1,-0.842813,0,0,-1,0,0,0,0,1,-0.895351,0,1,0,0,0,0,0,0,-2,0,0,0,0,0,0,0.54811,3,0,1,-2,0,0,0,2.651843,0,0,-0.561576,0,0,0,0,-1,1,0,0,0,-1,1,0,0,1,0,0,0,0,0,0,1,0,0,0,0,0,0,0,0,0,1,0,0,3,0,0,1,1,0,1,0,1,0,-0.511118,0,0,-0.690625,0,0,1,0,1,0,0,0,1,-1,0,1
1,0,0,0,0,0,2,-0.534814,0,0,0,0,0,1,0,1,-0.778532,0,1,0,1,0,0,0,1,0,0,2,0,0,0,0,1.98672,4,0,-1,0,1,1,0,1.472654,0,0,-0.810296,0,0,0,0,0,0,0,0,-1,0,0,-1,0,-2,2,0,0,1,0,0,1,0,0,0,1,0,0,0,0,3,0,0,0,0,1,0,0,-1,0,1,0,0,0,-0.727273,0,-1,-0.635049,0,-1,0,0,0,1,0,0,0,-1,1,1
0,-1,0,0,1,0,0,-0.388548,0,0,0,0,1,-3,0,0,-0.771674,-1,1,1,0,1,2,0,1,0,0,0,2,0,0,0,1.11429,2,1,0,0,0,1,0,1.84615,0,0,-0.208201,0,0,0,0,2,2,0,0,0,0,0,0,0,0,0,0,1,0,0,0,0,0,0,0,1,0,0,-1,0,0,0,0,-1,0,0,0,0,-2,0,0,0,0,0,-0.123991,0,-1,-0.662452,1,-1,0,0,0,0,0,0,2,3,1,1
0,0,0,0,0,0,0,-0.70169,0,0,-2,-2,1,1,0,1,-0.608209,0,0,0,0,0,0,0,1,-1,0,0,0,0,0,0,2.01559,3,0,2,0,1,1,0,1.91282,0,0,-0.263072,0,0,0,0,0,0,0,0,0,-2,0,-1,0,0,0,-1,0,-1,0,0,0,0,0,0,1,0,2,0,1,-2,3,0,0,2,0,0,1,0,0,0,0,0,0,-0.727273,0,0,-0.634688,1,0,0,0,1,1,0,0,-1,0,1,1
0,1,0,1,0,0,-1,-0.310935,0,0,0,0,0,0,0,0,-0.234681,1,0,0,0,0,0,1,0,0,0,0,0,0,0,0,0.58331,6,0,0,1,-2,0,0,2.14286,0,1,-0.614234,0,0,0,0,0,0,0,0,0,0,0,1,-4,0,0,0,0,0,0,1,0,1,0,0,0,0,1,0,4,0,0,0,1,2,0,0,0,0,0,0,0,0,4,-0.776629,0,0,-0.620746,2,0,0,0,0,0,0,-1,0,0,1,1
0,0,0,0,0,0,0,-0.423924,0,0,1,-1,2,0,4,1,-0.586207,1,0,0,0,1,0,0,0,0,0,0,0,0,-1,0,0.81167,5,0,0,0,2,0,0,2.14286,0,0,-0.531625,-1,0,-1,-1,1,0,0,0,0,0,0,2,0,0,0,-1,0,0,1,1,0,0,0,-2,2,1,0,0,0,0,0,1,0,0,0,0,0,0,0,0,0,0,0,-0.066004,-1,0,-0.637519,0,0,0,0,0,0,0,0,0,1,1,1
0,0,3,1,1,3,0,-0.627452,-1,0,0,-1,0,0,0,-1,-0.583781,1,0,0,1,0,0,0,0,0,0,0,-2,-1,0,0,1.04498,5,0,0,0,0,0,0,3.741149,-1,-2,-0.490356,1,1,0,0,0,0,0,0,0,0,0,0,0,0,2,0,0,0,0,0,0,1,0,0,0,0,0,2,0,2,0,0,0,0,0,0,0,0,0,1,0,0,0,-0.810164,0,0,-0.802921,0,-1,0,0,0,0,0,0,0,1,1,1
0,0,0,1,0,-2,4,-0.557606,0,0,0,1,0,-1,0,-1,-0.208563,-1,0,0,0,0,0,0,0,0,0,0,0,1,0,2,0.85714,2,0,0,3,0,0,0,0.223382,0,0,-0.465922,0,-1,0,0,1,1,-1,0,0,0,-1,1,1,0,0,0,-2,0,-1,-1,0,0,-3,0,0,-1,5,0,0,0,1,0,0,0,0,0,2,0,0,0,0,3,0,-0.731292,0,1,-0.764706,2,0,0,0,-1,1,1,0,1,0,0,1
0,2,1,1,0,0,0,-0.534196,0,0,-1,1,1,0,3,0,-0.721287,1,0,0,0,-1,0,3,1,0,0,-2,0,0,1,0,0.69142,0,0,0,0,0,1,0,0.232492,0,-1,-0.687897,0,0,0,0,-1,1,-4,2,0,0,0,0,0,0,0,-1,0,-1,0,0,0,0,0,0,0,-1,1,0,0,1,0,0,1,-1,0,0,1,0,-1,0,0,2,0,-0.702269,0,0,-0.188177,0,0,-1,2,0,0,0,0,0,0,0,1
0,0,1,0,0,-2,0,-0.342132,0,0,0,0,0,0,-2,0,-0.5,0,0,0,1,-1,-2,0,0,0,0,0,0,-1,1,-1,0.73563,12,0,0,0,0,0,0,0.283559,0,0,-0.694275,0,0,0,0,0,1,0,0,0,0,0,0,0,0,0,0,0,0,0,0,0,7,0,0,0,0,1,0,0,0,0,0,1,0,1,-1,0,0,1,1,0,0,-1,-0.735958,0,1,-0.764706,1,0,0,-1,1,1,1,2,1,0,0,1
1,0,1,-2,0,0,0,-0.666826,0,0,0,0,0,2,0,3,-0.656787,0,0,0,0,0,0,0,0,0,0,0,-1,0,0,0,0.94434,3,0,0,1,0,0,0,0.713054,1,-1,-0.436119,0,0,0,0,0,1,0,0,0,-2,0,0,0,0,-1,-1,0,0,0,0,0,2,1,0,0,1,0,-1,0,0,0,2,0,0,0,0,0,1,0,0,0,1,0,-0.72726,0,0,-0.543126,0,0,0,0,1,0,0,0,0,4,0,1
0,0,0,-1,0,0,0,-0.837738,0,0,0,0,0,0,0,0,-0.666577,0,0,1,0,0,0,0,0,0,0,0,1,-1,-1,0,1.41832,4,0,0,-1,0,0,0,0.393993,0,0,-0.831663,0,0,0,-1,0,0,0,0,0,-1,0,4,0,0,1,0,0,0,0,0,0,0,2,0,0,1,0,0,0,0,0,0,2,0,0,0,0,-3,0,0,1,0,-2,-0.703989,0,0,-0.785714,-1,0,0,0,1,0,2,0,0,3,0,1
0,0,0,0,0,0,-1,-0.657252,0,0,1,0,0,0,-4,3,-0.718619,0,0,0,0,1,0,0,0,1,0,-1,0,0,-1,0,0.77143,7,0,0,0,0,0,-1,0.222222,0,0,-0.684738,1,0,0,0,0,0,0,0,0,0,1,-2,2,0,-1,0,0,0,-1,0,2,0,0,0,1,1,2,0,0,0,-2,-1,-2,-1,0,0,0,0,0,0,0,2,0,-0.700041,0,0,-0.273377,0,0,-1,0,1,0,0,0,0,0,0,1
0,3,0,0,0,-1,0,-0.623585,0,0,0,0,0,0,2,0,-0.586207,0,-1,0,0,0,0,0,0,0,0,2,0,0,0,0,1.01654,4,0,0,0,0,0,0,1.056888,0,0,0.869761,0,1,0,0,0,-1,0,0,-1,0,3,0,0,0,0,0,0,0,0,0,1,0,0,0,1,-2,-1,0,0,0,2,0,0,0,0,0,0,0,0,1,0,1,0,-0.720545,0,0,-0.202284,0,0,0,0,0,1,0,0,0,0,1,1
0,0,0,0,0,0,0,-0.633845,0,0,1,0,2,0,0,0,-0.579132,0,0,0,0,0,0,3,0,0,0,0,0,0,0,0,1.73162,3,0,0,0,0,1,0,1.435274,2,0,0.954939,2,-1,0,0,0,1,1,0,0,2,1,2,0,0,0,0,-1,-1,0,3,1,0,0,0,1,1,4,0,3,0,0,0,0,0,0,0,-1,0,0,0,1,1,0,-0.774062,0,0,-0.889686,0,-1,0,0,0,1,0,3,1,1,1,1
-1,0,0,0,0,-1,0,-0.688578,0,0,0,0,0,0,0,0,-0.601519,0,0,-1,0,0,1,0,0,0,1,0,-1,0,0,0,0.88575,4,-1,0,0,0,1,0,1.308631,0,0,-0.546307,0,0,-1,1,1,0,0,0,0,0,0,-4,0,-2,3,0,0,0,0,0,0,1,3,0,0,0,1,-1,0,0,7,0,0,0,0,0,0,0,-1,0,-1,0,0,-0.856733,0,0,-0.494207,0,0,0,0,-1,0,0,0,1,0,1,1
0,0,0,1,0,1,1,-0.793103,0,0,-2,0,-1,1,0,0,-0.849816,0,0,0,1,-1,0,0,0,0,0,-1,0,0,0,0,0.62729,7,0,0,0,5,0,0,0.201729,0,-1,-0.688412,1,0,0,0,0,0,1,0,0,-1,2,0,0,0,1,0,0,0,1,0,0,0,0,0,0,0,0,0,-1,1,0,0,2,0,0,0,0,0,0,1,0,0,1,-0.682011,0,1,-0.793103,0,0,0,0,1,0,0,1,0,1,0,1
0,0,0,1,0,0,0,-0.82842,-1,-1,1,0,0,0,0,0,-0.555556,-1,0,1,1,0,0,0,0,1,0,-2,0,-2,0,0,0.7752,0,0,0,1,1,1,0,0.25,0,0,-0.37055,0,0,-4,0,0,0,1,0,0,0,0,1,0,0,0,0,0,2,-2,0,0,0,0,0,0,0,0,0,0,0,-2,0,0,0,0,0,0,0,0,-1,0,0,0,-0.089309,0,0,-0.891216,1,0,0,0,0,-1,0,0,0,0,0,1
0,0,0,1,0,1,0,-0.734798,0,0,0,0,0,0,-2,0,-0.555556,0,-1,0,2,0,2,0,0,0,0,0,0,-1,0,0,0.6188,5,0,0,0,0,1,0,0.773766,0,0,-0.719549,0,0,0,0,0,0,1,0,0,0,-1,2,0,0,0,0,1,0,1,-2,-1,1,-1,0,-1,0,1,0,0,0,0,0,0,0,0,0,0,0,0,0,0,1,0,-0.359683,0,0,-0.768608,3,0,0,-1,0,0,0,1,0,0,0,1
0,0,1,-1,0,0,0,-0.764226,0,-1,1,0,0,0,4,0,-0.438866,0,0,-1,2,0,0,-1,0,0,0,0,0,0,-4,0,1.10032,4,0,1,-1,0,-2,0,2.56667,0,0,-0.575078,-1,0,0,0,0,0,0,2,0,-1,1,-1,0,0,1,0,0,0,0,0,0,0,0,0,0,0,0,-4,0,0,0,0,0,0,1,-1,-1,0,0,0,0,0,0,-0.368421,0,0,-0.675676,6,0,-1,0,0,4,0,1,0,0,1,1
0,0,-1,0,0,3,0,-0.66336,0,0,0,0,0,0,0,1,-0.105843,0,0,0,0,1,0,3,0,3,0,4,0,0,0,0,1.05089,8,0,0,0,0,0,1,1.531621,0,0,-0.586242,0,0,0,0,-1,0,0,1,0,0,1,0,-1,0,0,0,0,0,0,0,0,0,1,-1,3,0,1,2,0,0,0,0,-3,0,0,0,1,-1,0,1,0,0,0,-0.363573,0,0,-0.688489,3,0,-1,0,0,0,0,1,-1,1,1,1
0,0,1,0,1,2,0,-0.654113,0,0,0,0,1,1,0,0,-0.398275,0,0,3,2,0,0,0,0,-1,0,0,-1,0,0,3,1.03691,6,0,0,-2,2,0,0,1.881615,0,0,-0.517876,0,0,1,0,-3,0,0,0,0,0,1,-3,0,0,1,2,1,0,4,-1,1,0,1,1,0,0,0,0,2,0,0,0,0,0,0,0,0,0,0,0,0,0,0,1.100702,0,0,-0.847914,0,0,0,1,-1,0,2,1,1,1,1,1
0,0,1,0,0,-1,0,-0.526387,0,0,0,1,0,0,-1,0,-0.694026,1,0,0,1,0,0,0,1,0,0,4,1,0,0,2,1.20685,3,0,0,0,0,0,0,0.244444,1,0,-0.733333,1,1,0,0,2,0,0,0,0,-1,-1,1,0,0,-1,0,0,0,1,0,0,0,0,0,0,0,0,0,0,0,3,0,0,0,0,0,0,0,0,2,0,0,0,-0.612903,0,0,-0.55496,0,1,0,0,0,0,0,-1,0,0,0,1
0,6,0,0,0,0,0,-0.571429,0,0,-1,-1,-2,1,0,0,-0.859802,1,0,-2,0,0,0,1,0,0,0,0,0,0,-2,0,1.08529,2,0,0,-1,0,0,0,1.273614,0,-1,-0.598581,0,0,0,1,0,0,0,0,0,0,-1,0,0,0,1,0,0,0,0,1,0,-1,0,0,0,0,5,0,0,0,0,0,0,-3,0,0,0,0,0,3,0,0,1,-0.791213,0,0,-0.764706,0,0,-1,0,0,0,0,0,0,0,0,1
0,0,2,0,0,0,0,-0.571429,0,0,-1,0,-1,0,-2,0,-0.725495,0,0,0,0,0,0,0,0,0,0,0,-1,0,0,0,1.08132,0,0,-1,1,0,0,-1,0.226225,0,0,-0.62378,1,1,-1,0,-3,0,0,0,0,0,1,1,0,-1,0,-1,0,0,0,0,0,0,0,0,0,0,0,0,0,0,1,0,1,0,-1,0,0,0,0,0,0,0,0,-0.612903,0,0,-0.7409,0,0,0,2,0,0,2,0,0,0,0,1
0,0,0,0,0,-1,0,-0.733333,0,0,-1,0,0,0,0,1,-0.799103,0,0,-1,-2,0,0,1,-1,0,1,0,0,-2,0,0,1.02502,0,-1,0,0,0,0,0,0.542857,0,0,-0.657143,0,0,0,0,0,1,0,0,0,0,6,2,0,0,0,0,0,-1,1,0,0,1,0,3,0,-1,0,0,2,-1,0,0,0,-5,0,-1,0,0,0,0,0,-2,0,-0.667647,1,0,-0.641418,2,0,0,-1,0,0,-1,0,1,0,0,1
0,0,0,0,0,0,-1,-0.868461,1,0,0,0,0,0,1,1,-0.737743,0,0,0,-1,0,0,0,0,2,0,0,-1,0,0,0,1.6721,0,0,0,2,0,0,0,0.542857,0,2,-0.058194,0,0,2,0,0,0,0,0,1,0,7,0,0,-1,0,0,0,0,0,0,0,1,0,0,3,0,0,0,0,0,0,-1,1,0,0,3,0,0,0,0,0,2,1,-0.393504,0,0,-0.261134,1,0,0,0,0,0,0,0,0,0,0,1
0,0,0,0,0,0,0,-0.765105,0,0,0,1,0,0,0,1,-0.793103,0,1,0,2,2,0,0,-1,0,1,0,0,0,0,0,1.12305,0,0,0,0,0,0,-1,0.542857,0,0,-0.565056,0,0,-1,0,0,0,0,0,-1,0,0,0,-3,0,-4,0,0,-2,2,1,0,1,0,0,0,0,0,0,0,0,0,0,-1,0,1,0,0,0,1,0,1,0,0,-0.63539,0,0,-0.479313,2,0,1,-1,0,0,-1,0,0,1,0,1
0,0,0,0,0,0,-2,4.057104,0,0,0,0,0,0,0,0,-0.691836,0,0,0,0,0,0,0,0,0,0,0,0,4,2,0,0.6407,4,0,1,0,1,0,0,3.8272,2,2,-0.573043,2,0,0,0,0,0,0,0,0,1,-1,0,0,0,1,0,0,0,0,1,0,0,0,0,0,0,0,0,2,0,0,0,-2,0,0,0,0,0,0,0,-1,1,0,-0.478261,0,1,-0.801687,2,1,-2,0,-1,0,0,1,2,2,1,1
0,0,0,0,0,0,1,1.86567,0,1,0,0,1,2,0,0,-0.628017,0,0,-3,0,1,0,1,0,0,0,-1,0,0,1,0,0.9924,2,0,0,0,3,1,0,1.960323,0,0,-0.552575,0,5,0,1,0,0,0,0,0,0,0,0,0,0,0,0,0,0,0,0,0,-1,0,0,-1,-1,1,0,0,0,-1,0,0,1,0,1,0,0,0,0,0,1,0,-0.552707,0,0,-0.792507,0,0,0,0,0,-1,1,-1,1,0,1,1
0,0,0,0,0,0,1,3.200601,3,0,-1,0,0,0,0,0,-0.365772,0,0,1,0,0,0,0,0,-1,0,0,2,0,0,0,1.14898,5,0,0,0,0,0,1,1.87879,0,2,-0.659629,0,0,0,1,0,0,0,0,2,0,0,0,-1,0,0,0,0,0,0,0,0,-1,0,0,1,1,0,0,0,0,0,0,0,0,0,0,0,0,0,2,0,0,0,-0.478261,0,0,-0.659349,0,0,0,0,0,0,0,1,0,0,1,1
0,0,1,0,0,0,0,-0.592037,0,0,1,0,0,0,0,0,-0.642053,0,0,0,0,0,0,0,0,0,0,-1,-5,0,-6,0,2.37418,7,0,0,0,0,0,0,1.271376,0,0,-0.809524,1,0,1,0,0,0,0,0,0,0,0,0,0,0,0,0,0,1,1,0,-1,1,1,0,0,0,0,2,0,0,0,1,0,0,0,0,0,0,1,1,0,0,0,-0.600438,1,0,-0.67405,0,0,5,0,0,0,1,0,0,1,0,1
0,0,0,0,0,0,0,-0.22319,0,0,0,0,0,0,0,0,-0.299269,0,1,1,-1,0,0,1,0,0,1,2,0,4,0,0,3.80082,5,0,0,0,1,0,0,1.15873,0,1,-0.655421,0,0,1,0,0,1,0,-1,0,0,-2,0,1,0,0,0,0,1,4,1,0,0,-2,0,0,0,-3,0,1,2,0,0,0,3,0,0,0,1,-2,1,0,1,0,-0.579898,0,0,0.010738,0,0,0,0,-1,-2,0,1,0,0,0,1
0,-3,0,-1,0,2,0,-0.810571,0,0,0,0,0,0,0,0,0.495713,0,-1,0,-1,0,0,0,0,0,0,1,-1,0,1,-1,1.56909,11,0,0,0,0,0,-1,1.159108,-2,0,-0.751097,1,1,1,0,-1,1,0,0,0,2,0,0,0,-1,0,0,0,0,4,1,0,0,0,0,0,0,-1,0,0,-1,0,1,0,0,0,-1,0,0,0,1,0,0,1,-0.571429,-1,0,-0.677733,0,0,-3,0,0,0,-1,1,0,3,0,1
-2,0,0,0,0,0,2,-0.626147,0,1,1,0,0,1,0,0,-0.773585,0,0,0,0,0,0,3,1,0,0,0,0,1,-1,0,0.74519,0,-1,0,-3,0,0,0,0.782354,0,0,-0.490416,0,0,0,0,0,0,0,0,0,0,0,1,0,0,1,0,0,0,1,0,0,0,-1,0,0,0,0,1,-3,0,-1,0,0,0,0,3,1,-1,0,0,0,0,0,-0.660706,0,1,-0.087184,4,0,1,0,0,0,0,1,-1,0,0,1
0,0,0,0,0,1,-2,-0.764019,1,0,0,0,0,0,-1,0,-0.832034,0,0,0,0,0,0,0,0,-1,-1,0,1,-1,0,0,0.72709,0,0,0,0,0,1,0,1.517819,0,0,-0.565933,-1,0,1,0,2,0,0,0,1,0,-1,0,0,0,-2,-1,0,0,-1,0,0,0,0,0,0,0,0,0,0,0,1,0,0,0,2,0,0,0,0,1,0,0,0,-0.605274,0,0,-0.733333,0,0,0,0,1,-1,-1,0,0,0,0,1
0,0,0,0,0,0,0,-0.466796,0,-1,0,0,0,0,0,-1,-0.748964,0,0,0,0,0,0,0,1,0,0,-1,0,0,-1,0,0.80515,8,0,0,0,0,0,0,0.871967,0,0,-0.859987,0,0,0,0,-1,-2,0,0,0,0,0,0,-1,1,0,0,0,0,0,0,-1,0,0,2,0,0,1,-2,0,1,-1,0,0,0,0,0,0,0,0,0,0,0,0,-0.813995,0,0,-0.738017,1,0,0,0,0,0,0,0,0,0,0,1
0,0,0,0,0,-1,0,-0.708988,0,0,0,0,0,0,-1,0,0.176048,0,0,1,-3,0,0,1,0,0,0,0,0,-2,0,0,1.63133,2,0,0,0,1,0,-1,0.183673,0,0,-0.755102,2,0,0,0,0,0,1,1,0,0,0,0,0,0,0,0,0,0,0,0,0,0,1,0,0,0,1,0,0,0,-1,0,0,0,0,1,0,1,0,0,0,1,0,-0.489885,0,0,-0.740551,0,1,0,0,2,0,0,1,1,0,0,1
0,0,-2,0,0,-2,0,-0.705897,0,1,0,0,-1,-1,2,1,-0.5,0,0,0,0,0,-1,-1,0,0,0,0,0,0,0,0,1.67477,0,0,0,0,0,0,0,0.183673,2,1,-0.773767,0,-1,0,0,0,0,0,0,0,3,1,0,0,0,0,0,0,0,0,0,0,0,0,0,0,0,1,0,0,3,1,0,0,1,0,0,0,0,0,0,0,0,-1,-0.327856,0,0,-0.792525,0,0,0,0,0,0,0,1,0,1,0,1
0,0,0,0,0,0,0,-0.72958,0,0,0,0,0,0,0,0,-0.504332,0,0,0,0,0,0,0,0,0,1,0,1,0,0,0,1.18345,0,0,0,0,2,-2,0,0.175456,0,0,-0.856733,0,0,3,0,0,1,-2,1,-1,-2,0,0,0,0,0,0,0,0,0,0,-1,-1,1,0,1,0,2,0,0,0,0,0,0,4,0,0,0,1,0,1,0,1,2,-0.254926,-1,0,-0.771339,0,0,0,-1,2,0,1,1,-2,0,0,1
0,0,0,-1,1,0,2,-0.809524,0,0,0,1,0,-2,0,0,-0.5982,0,0,0,0,0,0,-1,1,0,-1,0,1,1,-2,-1,1.27431,4,0,0,1,2,0,0,1.573087,0,0,-0.739153,0,0,0,0,0,0,0,0,0,3,-2,0,0,0,-1,0,0,0,0,0,0,1,0,0,-1,0,0,1,0,0,0,0,0,0,0,0,0,1,1,1,0,0,0,0.225098,0,0,-0.559011,0,-1,0,1,0,0,0,1,0,0,0,1
0,0,1,0,0,0,0,-0.076438,0,0,0,0,1,0,-2,1,-0.647059,0,0,0,0,0,0,0,0,0,0,0,0,0,0,0,0.53263,2,0,0,0,0,-1,0,1.626113,0,0,-0.420085,0,0,-1,0,0,0,0,0,0,-1,0,1,0,0,0,-2,0,0,-1,-1,0,0,1,0,2,-2,2,0,0,0,1,1,-1,1,0,0,0,-1,0,0,0,-3,-1,-0.037039,0,0,-0.372216,0,0,0,-1,0,-1,0,0,1,0,0,1
0,0,0,0,0,1,-2,-0.419094,2,0,1,0,-2,0,-2,1,-0.791178,0,0,0,0,0,0,0,0,0,1,2,0,0,0,0,1.28571,5,0,0,0,0,0,0,0.2,-3,0,-0.733333,-5,0,1,1,0,0,0,0,0,0,1,1,0,0,-1,0,0,1,0,0,0,2,1,0,1,-1,0,0,0,0,0,1,0,0,0,0,0,0,0,0,0,0,-1,-0.370666,-2,1,-0.744681,0,0,1,0,-1,0,-1,0,0,0,0,1
1,0,1,0,1,0,0,-0.754742,0,0,1,0,0,0,1,1,-0.770769,0,0,0,0,0,0,0,0,0,1,0,2,0,0,0,1.30474,4,0,0,1,0,0,0,1.179022,0,2,-0.738483,0,1,1,1,0,1,0,0,0,-1,1,0,0,0,1,0,0,0,0,0,1,3,0,0,0,0,0,0,0,2,-1,0,1,0,0,1,0,0,-1,0,0,0,0,3.061336,0,0,-0.769231,0,0,0,0,0,0,0,-1,0,1,1,1
0,-2,0,0,1,1,0,-0.392001,1,0,0,0,0,-1,0,0,-0.70814,0,0,0,1,0,0,0,0,0,0,0,0,0,0,0,2.39437,4,0,0,0,-1,0,0,0.517386,0,1,-0.577958,-1,0,0,0,0,0,0,0,0,0,0,1,0,0,0,1,0,0,0,3,0,0,0,0,0,1,0,0,2,0,0,1,2,0,0,0,0,0,0,0,0,1,0,0.609461,0,2,-0.769231,0,0,0,0,0,1,0,0,0,0,1,1
0,0,0,0,1,1,0,-0.744681,0,0,0,0,0,0,0,-1,-0.769231,0,0,0,0,-1,0,0,0,0,0,0,0,0,0,0,0.80411,1,0,0,0,-1,0,0,2.200589,0,0,-0.715379,0,1,0,0,0,0,0,1,0,0,0,1,0,0,0,1,1,0,0,0,0,0,-2,-1,2,1,0,-1,0,2,0,0,2,0,1,0,0,0,0,0,0,1,0,4.847689,0,0,-0.671733,0,0,-2,0,0,1,0,0,0,0,1,1
0,1,-1,0,0,0,-1,-0.61138,0,-1,0,0,0,1,0,0,1.026394,0,0,0,0,0,0,0,0,0,-1,2,0,0,0,0,1.11429,5,0,0,1,0,0,0,1.755472,1,0,-0.729016,0,1,0,1,0,0,0,0,0,0,0,0,-1,0,0,0,0,0,0,2,0,1,0,0,0,0,0,-1,2,1,0,0,0,-2,0,0,0,1,0,0,0,0,1,-0.791163,0,-1,-0.710065,0,0,-2,0,2,0,0,1,0,0,1,1
0,-4,0,0,0,0,0,-0.618729,0,0,0,0,1,0,0,0,-0.428571,0,0,0,0,0,0,0,0,0,0,0,0,2,0,0,0.47224,1,1,0,0,0,1,0,1.373825,1,-1,-0.69509,-1,1,0,0,0,0,0,1,0,0,0,0,0,0,0,-1,0,-2,0,3,0,1,0,1,0,-1,1,0,1,-3,2,0,0,0,0,0,1,1,0,1,0,0,0,-0.728659,0,0,-0.73913,2,0,0,-1,0,0,0,1,0,0,1,1
0,0,0,0,0,0,0,-0.331513,0,-1,0,0,-3,0,0,0,-0.592404,0,0,2,0,-2,-2,0,0,0,0,0,2,2,0,0,1.67637,3,0,0,0,-1,1,3,1.597214,-1,0,-0.637576,0,1,0,2,0,0,0,0,0,1,0,1,0,0,0,-1,0,0,0,0,0,1,0,0,0,0,3,0,2,1,0,0,1,0,0,0,0,0,0,0,1,0,0,-0.684663,0,0,-0.82515,0,0,0,0,0,-1,2,0,0,0,1,1
0,0,0,0,0,0,0,-0.671064,0,0,0,1,0,0,0,0,-0.727273,3,1,0,0,0,0,0,0,-1,0,0,0,0,0,0,1.00938,9,-2,0,0,0,-4,0,1.081452,-2,0,-0.711555,0,1,0,1,0,0,0,0,-1,-2,0,0,0,0,-1,0,-1,0,3,-1,1,1,1,0,0,-2,0,0,0,-1,1,0,0,2,0,0,-1,0,0,2,0,2,0,-0.651487,-1,0,-0.704752,0,0,0,0,0,0,0,0,0,3,0,1
0,2,0,0,0,0,0,-0.667603,1,0,-1,0,0,0,0,0,-0.88602,0,0,0,0,1,0,0,0,0,0,0,2,0,0,0,0.93838,2,0,0,0,0,0,0,2.120956,1,0,-0.460151,0,1,1,0,0,-1,0,0,0,0,0,0,4,0,0,0,0,0,2,0,1,0,1,0,0,0,0,0,0,0,-3,0,0,0,-1,0,0,0,0,0,0,1,0,-0.59785,0,0,-0.75371,0,0,1,-1,-2,3,0,0,-1,2,0,1
0,0,0,1,2,0,0,-0.743101,0,0,-2,0,1,0,-1,0,-0.727273,0,0,0,0,1,0,0,0,2,0,-1,0,0,0,0,0.68905,3,0,0,0,0,0,0,1.190437,0,1,-0.477775,0,1,0,-1,0,0,0,0,0,-1,0,0,-1,2,0,1,1,0,0,0,0,1,0,2,0,-2,1,0,0,0,2,0,0,0,1,0,1,1,0,0,0,0,0,-0.641132,1,0,-0.68228,-3,1,0,0,0,0,0,-1,1,2,0,1
0,0,2,1,0,1,0,-0.590524,1,0,1,0,0,0,0,0,-0.619337,0,0,0,0,0,0,0,0,0,0,0,0,-1,0,1,0.59316,7,0,0,0,0,0,0,0.314286,0,0,-0.657143,0,0,0,0,0,0,0,0,0,-1,0,0,0,0,0,1,0,0,-1,0,0,1,0,0,0,0,0,2,0,2,-2,0,0,0,0,0,0,0,-1,0,0,0,0,-0.66889,0,0,-0.694531,0,0,0,0,0,2,0,1,1,0,0,1
1,0,0,0,0,0,0,-0.698,0,0,0,1,-1,0,0,0,-0.820524,0,1,0,0,0,0,0,0,0,0,0,0,0,0,1,0.90165,8,0,0,0,1,0,0,0.356029,-1,0,-0.585299,0,0,0,0,0,0,1,0,-2,0,0,1,0,0,-1,2,0,-1,0,0,0,0,0,0,1,1,0,-2,0,0,1,0,0,0,0,0,0,0,-1,0,0,0,0,-0.673631,0,0,-0.546094,0,0,1,0,1,-1,0,0,0,0,0,1
0,0,1,1,0,0,0,-0.618281,1,0,0,1,-3,0,-1,-2,-0.683566,0,0,0,0,0,0,0,0,1,0,0,0,0,0,0,0.92679,0,0,0,0,0,-1,0,0.314286,0,0,-0.657681,0,0,0,0,-1,0,0,0,0,0,0,0,0,0,1,1,0,0,0,1,0,1,0,4,0,0,0,0,0,0,1,0,0,1,0,1,0,0,0,0,0,2,0,-0.903815,0,0,-0.69892,0,0,0,0,0,0,1,1,-2,2,0,1
0,0,0,1,0,0,0,-0.5883,1,0,0,0,0,0,0,0,-0.384372,0,1,0,-1,0,0,0,0,0,0,0,0,0,0,0,0.85714,3,0,0,0,0,-1,0,2.675892,0,2,-0.517161,0,0,-1,0,1,0,0,0,-1,0,1,0,0,1,1,-2,0,0,0,0,0,0,-1,0,0,0,0,0,0,0,0,0,-3,-1,0,0,0,0,-1,0,0,2,0,-0.811468,0,1,-0.644034,0,0,1,0,0,0,0,1,0,0,0,1
0,0,-4,0,0,0,0,-0.233498,-1,0,0,0,-1,0,3,0,-0.726188,-2,1,0,1,0,0,0,0,1,-1,0,0,0,1,0,0.78114,2,-1,0,0,0,0,0,1.309419,0,2,-0.487187,1,0,0,0,0,0,0,0,-1,0,-2,4,0,1,-3,2,0,0,0,0,0,2,0,0,0,0,1,0,0,0,0,0,1,0,0,0,0,0,0,1,-1,2,1,-0.154599,0,0,-0.850204,6,0,3,0,0,0,0,0,0,0,0,1
0,0,0,0,0,0,0,-0.451602,0,1,0,0,-1,-1,2,0,-0.391986,0,1,-1,0,0,1,0,0,0,0,0,0,3,1,0,0.88949,8,0,0,0,2,0,0,0.711445,0,1,-0.504569,0,0,-2,0,0,0,0,0,0,1,0,0,0,1,-1,0,0,0,0,-2,1,0,-1,-1,0,0,-1,0,0,0,0,0,0,0,0,0,0,0,0,1,0,1,0,-0.4,1,0,-0.62316,0,1,0,0,0,0,0,1,0,0,0,1
1,-1,0,0,0,0,0,-0.334024,0,-1,0,0,0,-1,-1,0,-0.361393,0,0,0,0,0,0,0,0,0,0,0,0,0,0,0,1.01881,1,0,0,0,2,1,0,0.631097,0,0,-0.744229,1,0,0,1,0,0,0,0,0,0,0,0,0,-1,1,0,0,0,0,1,-1,3,3,-1,0,0,3,1,1,0,2,0,0,2,1,0,0,1,0,0,0,1,0,-0.653844,1,0,-0.612903,-1,1,0,0,0,0,0,0,1,0,0,1
0,1,0,0,0,1,0,-0.862069,0,0,0,0,0,0,0,0,-0.447594,0,0,0,0,-1,0,0,0,1,0,0,0,0,0,0,0.91429,1,0,0,0,0,1,0,0.65625,0,0,-0.594156,0,1,1,1,0,0,-1,0,0,0,1,0,0,0,1,0,-1,1,0,1,0,0,0,0,0,0,0,0,1,0,0,0,0,0,0,0,0,0,0,0,0,1,0,-0.847443,0,0,-0.463478,0,0,0,0,1,1,-1,-1,1,-1,0,1
0,0,0,1,0,0,1,-0.862069,0,0,1,0,0,0,0,1,-0.729823,0,0,0,0,0,-1,1,0,0,0,0,2,0,0,0,0.65089,0,0,0,0,0,1,0,2.345457,0,-1,-0.521819,0,0,0,0,0,0,0,0,0,0,0,1,-1,0,0,3,0,0,0,0,0,0,-1,0,0,0,0,0,0,0,0,1,-2,1,0,0,-2,0,1,0,0,0,0,1.087614,0,0,-0.704513,0,0,0,0,0,0,0,-2,0,0,0,1
0,0,-2,0,0,-2,0,-0.077662,3,0,0,0,1,0,1,0,-0.356327,0,1,0,0,1,0,0,0,0,0,0,0,-2,0,0,1.04917,22,0,0,0,0,0,0,2.223145,-2,0,-0.578736,1,0,0,0,1,0,0,0,0,0,0,0,-2,1,1,0,0,0,0,0,1,0,0,0,0,1,0,0,0,0,2,0,0,2,1,0,0,0,0,0,1,0,0,-0.767589,1,1,-0.724565,0,0,0,0,0,0,0,0,3,0,0,1
0,0,-3,0,0,0,0,-0.816604,0,0,0,0,1,-1,0,-1,-0.668259,0,0,2,1,-1,0,0,-1,0,0,1,-2,2,-2,0,2.86277,-16,0,0,1,0,0,-1,0.66997,0,0,1.822626,0,0,0,0,0,0,0,0,-3,0,0,0,0,0,1,0,0,1,-1,0,1,-1,1,0,-2,0,0,0,1,0,1,0,0,0,0,0,0,0,-1,1,0,0,0,-0.562458,0,1,-0.731797,-1,0,0,1,0,0,0,0,3,0,0,1
1,0,0,0,0,1,0,-0.584664,0,0,0,0,0,0,0,2,-0.534814,0,-1,0,0,0,0,0,0,0,0,2,0,0,0,0,1.67855,5,-3,0,0,0,0,0,0.742857,0,3,-0.737025,2,1,0,0,0,-1,0,0,0,0,0,0,0,1,0,-1,0,0,-1,0,2,0,2,0,-1,0,0,0,1,0,0,0,0,0,0,0,0,0,0,1,0,0,0,-0.17028,0,1,-0.675132,0,0,0,0,0,0,-1,0,0,0,0,1
0,-2,2,1,0,0,0,-0.874801,0,0,0,0,0,0,0,1,-0.827087,-1,0,4,1,0,0,0,0,0,1,0,3,0,1,0,0.94063,13,0,0,0,0,1,0,0.956837,0,0,-0.733354,-1,1,0,1,1,0,1,0,0,2,0,0,0,1,0,0,0,0,0,1,-1,0,0,1,-2,0,0,1,1,0,0,0,0,0,0,0,0,1,0,0,0,1,0,-0.599353,0,0,-0.766899,0,0,0,-2,0,0,0,0,0,1,1,1
0,2,0,0,1,0,0,-0.773585,0,0,0,0,0,5,0,2,-0.709062,0,0,0,1,0,-2,0,1,0,1,0,0,0,0,0,2.88567,7,0,0,0,0,1,0,3.474061,0,0,-0.679462,2,0,0,0,0,0,0,2,0,2,-1,0,0,0,0,0,1,1,0,1,0,0,0,0,0,1,-2,1,2,0,0,0,0,0,0,0,0,1,0,0,0,0,0,-0.568866,0,0,-0.57088,2,0,0,0,0,0,0,1,0,0,1,1
0,0,0,0,0,2,-1,-0.672104,0,0,0,-1,0,0,0,0,-0.894952,0,0,-2,1,0,-1,0,0,0,1,2,0,2,0,0,0.40547,5,0,0,0,0,1,0,1.84,0,0,-0.551067,0,0,0,1,0,-1,0,0,0,0,0,1,0,0,0,0,0,0,0,1,-1,0,0,0,1,0,-1,0,0,-2,0,0,8,4,0,0,0,1,0,0,-2,-1,0,-0.631261,0,0,-0.670536,0,0,0,0,0,0,0,1,0,2,1,1
0,0,1,0,0,0,0,-0.75653,0,0,-1,-1,0,0,0,0,-0.41454,0,0,-1,0,0,1,1,0,0,0,0,0,0,2,0,0.88571,3,0,0,0,1,0,0,1.084029,1,0,-0.629875,0,-1,0,0,0,0,0,0,0,0,0,0,1,0,-1,1,0,0,0,0,0,0,0,0,0,1,1,0,0,1,0,0,1,0,0,-1,0,1,0,0,0,1,0,-0.591345,1,0,-0.692367,0,-1,-2,0,0,-1,0,0,1,1,1,1
0,0,0,3,0,0,0,-0.76,1,0,0,1,0,0,0,0,-0.737208,0,0,0,2,0,0,0,0,0,0,0,-1,0,1,0,1.23899,11,0,0,0,0,2,1,1.12903,-3,1,-0.629586,0,0,0,0,0,0,0,1,0,0,0,1,0,0,-1,1,0,0,0,0,1,0,0,0,0,1,2,0,0,0,0,0,2,1,0,-1,0,1,0,4,0,3,-1,-0.429408,0,0,-0.777023,0,0,-1,0,-1,0,0,1,0,-2,1,1
0,1,-4,0,0,4,0,-0.522071,0,0,0,-1,-3,0,0,6,-0.71553,0,0,0,0,-1,0,0,0,-1,0,0,0,0,1,0,0.98193,0,0,1,0,0,5,1,1.226013,0,0,-0.608426,0,0,0,0,0,0,0,1,0,0,0,0,0,0,2,0,0,0,-4,2,1,1,0,0,0,1,0,0,0,0,0,0,0,1,0,0,0,1,0,0,0,0,0,-0.364671,0,-1,-0.613688,0,0,0,0,1,0,0,1,-1,0,1,1
0,0,0,0,0,0,-1,-0.406494,0,0,0,0,0,0,0,2,-0.664745,0,0,0,2,-1,0,1,0,0,0,0,0,-1,0,1,2.15912,6,0,0,1,0,0,0,1.055358,2,0,-0.791339,0,0,0,1,0,5,0,0,-1,1,0,0,2,0,0,0,1,0,0,-1,0,0,0,1,0,0,0,0,-1,0,0,0,0,0,0,0,0,0,0,0,0,2,0,-0.430186,0,0,-0.542251,3,0,2,0,0,1,0,-2,0,-1,1,1
0,0,0,0,0,0,0,-0.692308,1,-2,0,0,1,0,0,0,-0.153208,0,0,0,0,0,0,-1,0,1,0,0,3,-2,0,0,1.66871,4,0,2,1,0,0,0,0.6854,0,0,-0.802387,2,0,0,0,0,2,0,0,0,0,0,0,0,0,0,0,0,0,0,0,0,0,0,0,1,1,2,0,0,0,2,0,1,0,1,0,0,1,0,0,0,-1,0,-0.868246,0,0,-0.667755,0,0,-1,0,0,1,0,0,0,0,1,1
0,0,0,2,0,0,0,-0.746779,0,0,0,0,-1,-3,0,2,-0.751774,0,0,-1,0,0,-2,0,0,2,0,0,0,0,0,0,1.87902,4,0,1,0,0,3,0,1.033024,0,1,-0.797126,1,0,0,0,1,0,0,0,0,0,1,0,0,0,0,1,0,0,0,-4,0,0,1,0,0,0,0,-1,0,1,0,0,-1,2,0,0,0,0,0,0,0,0,0,-0.47091,0,0,-0.160201,1,0,0,0,0,0,1,0,-1,0,1,1
0,3,0,1,-2,0,0,0.06388,0,0,0,0,0,0,0,0,-0.385487,0,1,0,0,0,0,0,0,1,0,3,1,0,0,0,0.54286,0,0,0,0,0,0,0,1.758939,0,0,-0.368421,-1,0,0,0,-1,0,0,0,0,1,1,0,0,0,0,0,0,0,0,0,1,1,0,0,0,1,0,0,0,0,0,0,0,0,-1,1,0,0,0,1,0,0,0,-0.802966,0,0,-0.520115,0,0,1,1,0,-2,0,0,-3,0,0,1
0,0,1,0,0,0,0,-0.520052,-1,0,0,0,-2,-1,3,3,-0.562195,0,0,0,0,0,1,0,0,0,0,1,-2,0,1,0,0.54286,2,0,-1,-1,0,0,0,2.027572,2,0,-0.514537,0,0,0,1,0,0,0,0,0,3,0,1,0,0,0,0,0,0,0,0,1,1,0,0,0,-1,0,0,0,1,0,0,-1,0,0,1,0,0,1,0,0,0,0,-0.343375,0,0,-0.195525,0,0,2,0,0,0,0,1,0,0,0,1
0,0,-1,0,0,0,0,-0.870128,0,0,0,1,-1,0,0,0,-0.586207,0,1,0,0,0,0,0,0,1,0,2,0,-1,0,0,2.75859,8,0,0,1,0,0,0,1.844948,0,0,-0.140331,0,0,0,1,0,-1,0,0,-1,0,1,-2,0,0,0,0,0,-1,0,0,1,1,0,0,-1,1,0,0,0,0,0,0,0,4,0,1,0,0,0,0,0,0,0,-0.222781,0,0,-0.279474,0,0,2,0,0,0,0,0,1,3,0,1
0,0,0,0,1,0,0,-0.8125,0,0,2,1,3,0,-3,1,-0.327612,0,0,0,0,0,-1,0,1,-1,0,1,0,0,0,0,2.17878,7,0,0,0,1,0,0,1.36735,0,0,-0.154864,0,-1,0,0,0,0,-1,0,1,0,0,0,0,0,-1,3,0,0,0,0,1,0,1,0,0,0,1,0,0,0,3,0,0,0,1,1,0,0,-1,0,0,0,0,-0.726053,-1,0,-0.611043,0,0,0,-1,0,0,1,-1,0,1,1,1
0,0,1,0,-1,0,0,-0.837458,0,0,1,1,1,0,2,0,-0.872916,1,0,2,0,0,0,-2,1,0,0,2,4,0,0,0,1.60464,8,0,1,0,0,0,0,2.488309,0,0,-0.570261,0,0,0,1,0,0,-1,0,0,-2,1,-1,0,1,1,-1,0,0,0,0,1,0,1,2,0,0,1,0,0,0,0,0,0,0,1,0,0,1,0,-1,0,1,0,-0.759168,0,0,-0.908769,0,0,2,1,0,0,0,0,2,0,1,1
0,0,0,0,0,0,0,-0.8125,0,0,0,1,0,0,0,0,-0.425717,0,0,0,0,0,0,0,1,-1,0,1,0,0,0,0,1.4,3,0,0,0,1,0,0,1.236859,0,0,-0.64492,2,0,-2,0,0,0,0,0,0,0,0,-2,0,0,4,0,0,1,0,0,0,0,1,0,2,0,1,0,1,0,0,0,1,2,1,1,0,0,1,0,0,0,0,-0.64072,0,0,-0.632201,0,0,0,0,-1,1,1,0,0,0,1,1
0,0,0,0,0,0,3,-0.769231,0,0,0,0,0,-2,0,0,-0.052428,0,1,0,2,0,0,0,0,1,1,0,0,0,3,1,1.35044,1,0,0,0,1,0,0,2.129501,0,0,-0.735773,1,-1,1,0,0,0,0,0,-2,0,0,0,0,0,0,0,0,0,0,1,0,0,0,0,0,0,0,-1,0,0,0,-1,0,1,0,1,0,0,0,0,0,0,0,-0.454084,0,0,0.843364,0,0,0,0,0,-1,0,0,0,0,0,1
1,1,0,0,2,1,0,-0.764889,0,0,0,0,0,0,1,0,-0.560053,0,1,0,-2,0,0,0,0,0,0,0,0,1,0,0,1.51429,2,1,1,0,0,0,0,0.884418,1,0,-0.773585,1,0,1,-1,0,1,0,0,0,1,0,0,2,0,-1,1,0,0,0,0,0,-1,2,1,0,0,0,0,1,0,0,0,0,1,-1,2,1,0,0,0,0,0,0,0.156439,0,0,-0.612903,0,0,0,0,0,0,-2,0,0,0,0,1
1,1,0,-1,1,0,0,-0.769231,0,-1,0,0,0,0,1,0,-0.605381,0,1,0,0,-1,0,0,0,0,0,2,0,0,-1,-2,1.51429,3,0,0,-2,0,0,-1,0.603774,1,0,-0.773585,1,2,1,0,0,0,0,0,0,1,0,1,0,0,0,0,0,2,0,0,0,0,0,1,0,0,0,0,1,0,0,0,1,1,0,0,0,0,1,1,0,0,0,0.056613,0,-1,-0.917137,0,2,0,0,-1,0,0,-1,0,0,0,1
0,0,0,0,0,0,0,-0.505502,-1,0,1,-1,0,0,1,0,-0.8845,0,0,0,0,0,5,0,0,0,0,2,0,1,0,0,1.77842,4,0,0,0,0,0,0,1.081411,0,1,-0.704288,0,0,0,0,0,0,0,0,0,0,0,0,0,0,2,0,0,0,4,0,0,2,-1,-2,0,0,0,0,0,0,0,0,-1,1,0,0,0,1,0,0,0,2,0,-0.848931,0,0,-0.670325,0,0,0,0,1,0,0,1,2,0,1,1
-1,0,1,0,0,0,0,-0.300174,0,-1,1,0,0,0,1,0,-0.699335,0,0,0,0,1,0,0,0,0,-1,0,-1,0,0,0,2.45766,12,0,1,0,0,0,0,0.671429,0,0,-0.851636,3,1,0,0,-3,0,-1,0,0,0,0,0,0,0,1,0,0,0,0,0,0,0,0,0,0,0,0,-1,0,0,3,1,0,0,-1,-2,1,0,0,0,0,0,0,-0.793103,0,0,-0.596739,0,0,0,1,0,4,0,0,2,1,1,1
0,0,1,0,0,-2,0,-0.41244,0,0,1,0,0,0,1,0,-0.583513,0,0,0,0,0,0,0,0,0,0,0,0,-1,0,0,2.24025,10,0,0,0,0,0,0,1.181599,0,0,-0.837248,2,1,0,0,0,0,0,0,0,2,1,0,0,0,1,0,1,1,0,0,-2,1,-1,-1,-1,0,0,0,0,0,0,2,0,0,0,0,1,0,0,0,0,0,0,0.914942,0,0,-0.82833,0,0,-1,0,0,5,0,0,0,1,1,1
0,0,-1,0,0,0,0,-0.409639,1,0,1,0,0,-1,0,0,-0.657143,0,0,0,0,0,0,0,1,0,0,0,0,0,1,2,2.04063,0,0,1,0,0,-3,0,0.818816,1,-1,-0.568496,0,0,0,0,0,1,2,0,0,0,0,0,-2,0,0,3,0,1,-3,0,0,0,1,0,0,0,0,0,0,-1,0,0,-1,3,-2,1,0,0,0,2,0,0,0,-0.739621,0,0,-0.693934,0,0,0,0,0,1,0,0,0,0,0,1
0,0,-1,1,0,-1,0,-0.428571,-2,1,1,0,0,0,0,0,-0.657749,0,0,0,0,0,0,-1,0,0,0,-1,3,0,0,1,0.99536,1,0,1,0,0,0,0,1.770522,-2,0,-0.876298,0,0,1,0,0,1,0,0,0,0,0,0,0,-2,1,0,0,1,0,0,0,2,-1,3,-2,0,1,0,0,-1,0,0,0,2,0,0,0,0,0,2,0,1,1,-0.869303,0,0,-0.843357,0,1,0,1,0,0,1,0,-1,1,0,1
-1,3,0,0,0,5,-1,6.712731,0,0,1,0,0,0,0,0,-0.616339,0,0,0,1,0,0,0,0,0,0,0,0,0,0,0,1.52261,2,0,1,1,0,0,1,2.618125,0,0,-0.741796,0,-1,1,0,1,1,0,0,0,0,0,0,0,0,1,0,0,1,4,0,0,0,0,0,0,0,2,-2,0,0,3,0,-1,-1,0,1,0,0,0,1,0,2,0,-0.585281,0,-1,-0.683287,3,0,2,-2,0,0,0,0,1,2,0,1
0,0,1,0,0,0,0,-0.404183,-1,0,0,0,-1,0,-1,0,-0.519141,0,0,0,0,0,0,0,0,0,-1,0,0,-1,1,0,1.92247,2,0,0,1,-3,-1,1,1.016681,-1,0,0.33209,0,0,0,0,1,0,1,0,0,0,1,0,0,0,-1,0,0,0,0,0,1,0,0,0,0,0,0,1,0,0,2,0,1,0,-1,1,0,0,0,-1,0,0,-1,-0.710952,1,0,0.011802,-1,0,0,2,0,2,-2,1,0,1,0,1
0,0,0,-1,0,1,0,-0.375655,1,0,1,0,0,1,0,0,-0.552879,0,0,0,0,0,2,0,-1,2,-1,0,-2,0,0,0,0.41733,8,0,0,1,1,0,0,0.225296,0,0,-0.538629,0,0,0,0,1,0,-1,0,0,1,1,0,0,0,1,0,0,0,0,0,1,0,0,2,0,0,0,0,-4,0,0,0,0,0,-1,0,0,0,0,0,0,1,0,-0.622046,0,0,-0.443656,-1,1,0,0,0,0,-1,0,0,1,0,1
0,0,0,0,0,-3,1,-0.814579,-1,0,0,0,0,-1,0,0,-0.514361,0,0,1,0,1,0,2,0,0,0,2,0,0,0,0,1.37266,4,0,0,1,0,0,0,1.21053,0,1,-0.325687,-1,-1,0,0,0,0,0,0,0,0,0,0,0,0,0,0,0,0,0,0,0,1,0,0,0,0,0,0,0,0,0,0,0,3,2,1,3,0,0,4,0,1,-2,-0.695784,0,0,0.20387,0,0,0,-1,-1,0,0,0,0,0,0,1
0,-3,2,0,0,0,0,-0.643744,0,0,0,0,3,0,0,1,-0.412436,0,0,1,0,0,-1,0,0,0,0,-1,0,0,1,0,1.10178,7,0,0,0,0,-1,0,0.461538,0,0,-0.50622,0,0,2,0,1,0,1,0,0,1,0,0,0,0,0,0,0,0,2,0,1,0,0,0,1,0,0,-1,0,0,0,0,0,0,0,0,1,1,0,0,0,0,0,-0.5,0,0,-0.618093,0,0,0,0,0,0,0,-5,0,0,0,1
0,0,-2,0,0,0,1,-0.731277,0,0,0,0,2,0,0,0,-0.286226,1,0,0,0,0,0,0,0,0,-3,0,-1,0,1,1,1.14754,2,0,0,0,0,0,0,1.081045,0,0,-0.758902,0,0,0,-1,-1,0,0,0,0,0,0,1,0,0,0,1,0,0,0,1,1,0,0,-1,3,0,0,0,1,2,0,0,-1,0,0,1,0,1,0,0,0,0,0,-0.587682,0,0,-0.565317,-1,2,0,0,0,0,0,0,-1,-1,0,1
0,0,0,1,0,0,0,0.253245,0,0,0,1,3,0,-1,1,-0.298326,0,0,-5,0,0,1,0,0,0,0,0,0,0,0,0,1.11429,11,0,0,0,0,0,0,0.349663,0,0,-0.780179,0,0,0,0,0,0,0,-1,3,1,0,0,-1,0,0,0,1,0,0,0,1,0,0,0,0,0,0,0,0,0,0,0,0,0,0,0,0,1,0,0,0,0,0,-0.24023,-1,0,-0.568194,0,0,0,0,0,-1,-3,1,0,-1,0,1
0,1,0,0,0,0,0,-0.7,0,0,2,0,0,0,0,1,-0.494785,0,0,-5,1,0,0,0,0,0,0,0,0,0,1,0,0.91429,4,-1,1,0,-2,0,0,2.067271,0,0,-0.490298,-2,1,0,2,0,0,-1,0,0,0,1,0,0,0,0,-2,0,0,0,0,0,1,0,1,0,0,1,0,0,0,2,0,0,0,0,0,0,0,1,1,0,1,0,-0.45351,1,0,-0.838664,0,0,0,0,1,-1,0,2,1,0,1,1
0,-1,2,0,-1,0,0,-0.671109,0,-1,0,0,0,2,2,3,-0.58156,0,-1,0,0,0,-1,0,0,0,0,2,0,0,0,0,0.57638,5,0,0,1,0,0,0,2.086635,2,0,-0.742659,0,1,0,0,0,0,0,1,0,2,0,0,0,1,0,1,1,-1,0,0,1,0,0,0,0,-1,1,0,0,0,0,0,0,0,-1,0,0,1,1,1,1,1,1,-0.639914,0,0,-0.79661,2,0,0,0,1,0,0,0,1,0,1,1
-1,0,0,-1,0,6,0,-0.7,1,0,2,-4,0,0,0,0,-0.60058,0,0,1,2,0,0,-1,0,-1,0,2,2,2,-2,1,0.75608,7,0,0,0,0,-2,0,1.90625,3,0,-0.674587,0,1,0,0,0,0,0,-1,1,4,1,0,1,0,0,1,0,0,0,0,1,0,0,0,0,-1,0,0,-4,-2,0,1,0,0,0,1,0,1,1,1,0,1,1,-0.52,0,0,-0.581525,0,0,0,0,1,0,0,0,1,0,1,1
0,0,0,0,0,0,0,-0.361775,0,0,0,-2,0,1,0,1,8.728629,0,0,0,0,0,0,0,0,0,0,0,0,0,-1,0,1.61237,6,0,0,-2,0,0,0,1.216265,0,-1,-0.728252,-1,2,0,0,0,0,0,1,0,0,1,1,0,0,0,0,0,0,-1,0,0,0,1,-1,0,-1,0,0,0,0,2,0,1,3,0,-1,0,3,0,0,0,0,0,-0.707317,0,0,-0.65723,0,0,0,0,0,0,0,0,0,0,1,1
0,0,0,-4,0,1,0,-0.555556,0,0,0,-1,2,2,0,0,8.398586,0,-1,0,0,0,0,0,1,0,0,1,0,0,0,-2,1.24259,8,0,0,3,1,0,0,1.919103,0,0,-0.722733,0,0,0,0,-1,0,0,1,0,0,1,0,4,0,0,0,0,0,1,-4,0,2,1,0,1,0,0,-1,0,1,0,0,2,0,0,0,0,0,0,0,0,0,0,-0.661441,0,0,-0.311752,0,0,0,0,0,0,-4,0,0,0,1,1
0,2,0,0,0,0,0,-0.555556,0,0,0,0,0,0,0,0,7.98992,1,0,0,0,0,0,0,0,0,0,0,0,0,1,-1,2.17747,6,0,0,1,0,0,0,1.083427,0,2,-0.714286,0,0,0,0,0,-1,0,1,0,0,0,1,0,1,0,1,0,0,2,0,0,0,0,2,-1,0,0,0,0,2,0,0,0,-4,0,0,0,1,0,0,0,1,1,-0.748379,-1,0,-0.699797,0,0,0,0,-1,-1,0,1,1,0,1,1
0,0,2,0,0,0,0,-0.349305,0,0,0,0,0,2,1,0,-0.550329,1,0,-2,0,0,0,0,0,0,0,0,1,0,0,0,1.15036,1,0,1,0,0,0,0,0.341463,1,0,-0.707317,0,1,0,0,0,0,0,0,0,0,0,1,0,0,0,0,0,-1,2,0,0,0,0,0,0,0,0,0,0,-1,0,0,0,5,0,1,0,0,0,1,0,0,-1,-0.571429,0,0,-0.693462,0,1,0,0,0,0,0,1,-2,1,0,1
0,0,1,1,0,-1,0,0.118734,1,-1,0,0,0,-1,0,1,-0.586207,0,1,0,0,0,0,0,-1,0,0,0,0,0,1,-1,1.41908,5,0,0,0,0,1,0,0.285684,0,0,-0.780921,-2,1,-1,0,0,0,-1,2,0,-4,-2,2,0,0,0,0,0,1,0,3,0,4,1,0,-1,0,0,-3,0,0,0,0,0,1,0,0,0,-2,0,0,0,0,1,-0.554637,0,0,-0.555866,1,0,0,0,0,0,0,2,0,0,0,1
0,0,0,0,0,0,0,-0.529915,-1,1,0,-1,0,0,0,0,-0.242132,0,0,1,0,0,0,0,0,0,0,3,1,0,1,0,0.78075,4,-1,0,1,0,1,0,0.609383,0,0,-0.667041,0,1,2,0,0,0,0,0,0,0,0,1,0,0,0,0,0,0,3,0,-1,-1,0,2,0,2,-1,0,2,0,2,1,0,0,0,0,0,1,1,0,0,0,0,3.049915,0,0,-0.744681,-1,0,-1,0,0,2,0,0,0,0,0,1
0,1,0,0,0,0,1,-0.763407,0,0,0,-1,0,0,2,1,-0.733681,0,0,2,0,0,-1,-1,0,0,0,0,0,3,-1,0,0.68297,15,1,0,-1,0,0,0,3.478728,5,0,-0.636364,-1,0,1,-1,0,-1,0,0,0,2,0,0,-2,0,0,0,0,0,0,0,-1,2,0,1,0,0,0,0,0,1,0,0,-1,1,0,0,-1,1,0,0,-1,1,-1,-0.462312,0,1,-0.74211,-2,0,0,1,0,0,0,1,0,0,1,1
1,1,1,0,0,0,0,-0.777778,0,0,1,0,1,1,0,0,-0.733333,0,0,0,-1,0,0,0,0,0,-1,2,0,6,0,1,1.85909,7,0,0,-1,-1,0,0,0.640527,-3,2,-0.636364,-1,2,0,0,0,0,0,1,-2,0,0,1,0,0,1,0,0,1,0,-1,-1,-2,0,-1,0,-1,-2,0,-1,0,2,0,0,-1,1,1,-1,1,0,1,0,1,-2,-0.683603,0,0,-0.73913,0,0,0,0,0,1,0,0,0,0,1,1
-1,-1,0,0,0,-1,1,-0.777778,0,0,0,0,2,0,0,2,-0.799822,0,0,1,0,1,0,0,0,0,0,0,-1,2,0,0,2.77082,4,0,0,0,0,0,0,1.501357,0,0,-0.636364,0,1,0,0,0,2,-1,0,0,4,-2,0,0,0,0,0,0,0,0,1,0,-2,1,2,0,0,-1,0,0,0,0,0,0,0,0,1,0,0,0,-1,0,0,0,-0.769026,-1,1,0.239013,4,0,0,0,0,0,0,0,0,0,1,1
0,0,-1,0,0,3,0,-0.700527,0,0,1,0,2,0,0,0,0.524295,0,0,0,0,0,0,-2,0,0,1,0,0,0,0,0,0.63599,3,0,0,0,2,-1,0,1.48148,1,0,-0.509982,2,0,0,0,0,0,-1,0,0,0,1,2,1,1,0,0,0,0,0,0,2,0,-2,0,0,0,0,0,1,0,2,0,0,0,0,0,0,2,0,0,0,0,0,-0.563514,0,0,-0.381847,0,0,2,0,0,0,2,0,0,0,0,1
-1,0,0,0,0,0,0,-0.637706,0,0,0,0,0,0,0,0,-0.629062,-1,1,-1,0,0,0,-1,0,1,0,0,-1,0,0,0,0.77143,18,0,0,1,0,0,0,2.999227,0,0,-0.54939,0,1,0,0,0,0,0,0,0,0,1,2,0,0,0,1,0,0,0,1,1,0,0,0,0,0,0,0,0,-1,0,0,0,0,0,0,1,1,0,1,0,0,0,0.285846,0,0,-0.460841,0,-1,0,0,0,0,0,0,0,0,0,1
0,0,0,0,0,0,0,-0.657143,0,0,0,0,0,-1,0,0,0.856191,0,0,0,0,1,0,0,0,0,1,0,0,0,1,0,0.68251,3,0,0,0,2,1,0,2.231706,0,0,-0.421735,0,0,0,1,0,0,-1,0,0,0,1,0,0,0,0,0,0,0,2,0,0,0,0,0,0,-1,0,0,0,0,0,0,0,0,0,0,0,2,0,0,-1,0,0,-0.122536,0,0,-0.40054,0,0,0,0,0,0,0,0,0,2,0,1
0,0,0,1,1,0,0,-0.721764,0,0,-2,0,0,0,-1,-4,-0.775355,0,0,0,-3,0,0,-1,1,0,0,0,0,4,0,0,0.65714,0,0,1,0,-3,2,0,0.675046,0,0,-0.670533,0,0,0,0,0,0,0,0,0,0,0,0,0,2,0,1,0,1,2,1,1,0,-1,0,0,2,1,-2,1,0,0,0,0,1,-1,-2,0,0,0,0,0,0,0,-0.915867,0,0,-0.477933,0,0,0,0,2,1,1,0,0,-1,0,1
0,0,0,0,1,0,0,-0.594611,0,1,0,1,0,0,0,0,-0.672512,0,0,1,0,0,0,2,0,0,0,2,0,0,1,0,0.83532,0,0,0,-1,1,0,0,0.935613,0,0,-0.622099,0,0,0,-1,-2,0,0,0,1,1,0,-1,-2,0,0,0,0,-2,0,1,0,0,2,0,0,0,1,1,1,0,2,0,0,0,-1,0,0,1,0,-2,0,-1,0,-0.52176,0,0,-0.274554,0,0,0,0,2,1,0,1,1,0,0,1
0,1,0,1,1,1,0,-0.692308,0,0,0,0,0,0,4,0,-0.682028,0,0,1,0,0,2,3,0,0,1,0,0,0,3,0,1.46531,0,0,0,0,2,0,0,1.206458,1,0,-0.478261,0,2,0,0,2,0,0,0,1,0,0,2,0,0,0,-3,0,0,1,1,0,0,2,0,0,0,1,0,0,0,0,0,1,0,-1,0,0,0,0,0,0,0,0,-0.72093,0,0,-0.429011,0,0,0,0,0,0,0,0,0,0,0,1
-1,0,0,0,0,-3,3,-0.52537,0,0,0,0,0,0,0,0,-0.106319,0,0,0,0,0,0,0,-1,0,0,0,1,0,0,0,1.39832,4,0,-1,0,0,0,0,1.432901,0,0,5.552363,0,0,1,0,-1,0,0,0,0,2,0,-1,-1,0,0,0,0,0,0,0,0,0,0,0,0,1,-1,-1,1,0,0,0,0,2,0,0,0,0,0,1,0,-1,0,-0.559917,0,0,-0.6478,0,1,0,0,0,0,0,0,0,1,0,1
0,0,1,0,0,-1,0,-0.724639,0,-1,0,0,1,0,1,-1,-0.428571,0,0,1,0,1,0,0,0,0,0,2,2,0,0,1,1.08571,1,-2,0,0,1,0,0,2.281984,-1,0,-0.597232,0,0,1,0,0,0,0,0,0,0,0,0,-1,1,0,0,0,0,0,0,0,0,0,0,0,0,0,2,1,0,2,0,0,1,0,-1,0,0,0,0,0,1,0,-0.509268,0,1,-0.530791,0,0,0,0,1,1,0,0,0,0,0,1
0,2,1,0,0,0,0,-0.442764,0,0,1,0,1,1,1,0,-0.514053,0,0,0,0,0,0,1,0,0,0,3,0,1,-1,0,1.40976,1,0,0,0,3,0,0,1.31579,0,0,-0.468205,-3,0,1,0,0,0,0,0,0,0,2,1,0,-1,0,2,0,0,-1,0,0,-1,-1,-1,0,0,0,0,2,0,0,0,0,0,0,1,1,0,0,2,0,0,-1,-0.576798,0,0,0.952278,3,0,1,0,0,-1,0,0,-1,4,0,1
0,0,-1,0,0,-1,0,-0.538462,0,0,0,0,0,0,1,0,-0.591762,0,0,0,0,0,0,2,0,0,0,0,0,0,0,1,1.21565,1,0,0,0,0,0,0,1.472148,1,-1,-0.584151,1,0,0,0,0,0,0,0,0,0,0,0,-3,0,0,0,0,0,-1,0,1,1,0,0,0,0,1,0,0,1,-3,2,-1,0,0,1,-1,1,0,0,0,0,0,-0.52,0,0,-0.800505,-1,0,1,0,0,1,0,0,0,0,0,1
0,0,0,0,0,1,2,-0.538462,0,0,0,-1,0,-2,-2,1,-0.385044,1,0,0,-2,0,-1,-1,0,0,0,2,-1,0,0,0,0.8,0,0,0,0,0,1,0,0.871073,0,0,-0.534553,0,0,-2,0,0,0,0,0,0,-3,0,1,0,0,0,0,0,0,4,-1,1,-1,1,2,-1,0,1,0,1,0,0,0,0,-1,0,-1,0,0,0,2,0,0,0,-0.815915,0,0,-0.685921,0,0,0,0,0,0,-1,0,0,0,0,1
0,0,0,0,0,0,0,0.364185,0,0,1,1,2,-1,0,0,-0.652332,0,-2,0,0,1,0,0,-1,0,0,0,0,0,-2,0,0.83314,4,1,0,1,0,0,0,0.836678,0,0,-0.563412,0,0,1,-1,-1,0,0,0,0,0,1,1,0,0,2,0,0,0,0,-1,1,-1,0,0,0,0,0,0,0,-2,0,0,0,-1,0,1,0,0,0,0,0,1,0,-0.661183,0,0,-0.766202,0,0,0,0,0,0,-1,0,0,3,0,1
0,0,0,1,1,0,0,-0.711514,2,0,0,0,2,-1,0,0,-0.826565,0,0,1,2,-1,-1,0,1,-2,0,0,0,0,1,0,0.81812,5,0,0,0,0,0,0,0.920713,0,0,-0.617048,1,0,0,0,0,0,0,0,0,1,1,1,0,-2,0,0,0,0,0,0,0,0,0,0,0,0,0,0,1,0,0,1,0,1,0,0,0,0,0,2,0,0,0,-0.708577,0,0,-0.419548,-1,0,0,0,-1,0,0,0,0,1,1,1
0,0,0,1,0,1,0,-0.580246,1,1,0,0,0,0,0,0,-0.856144,0,0,0,0,1,0,0,-1,0,0,0,0,0,-2,0,0.93287,1,0,0,0,0,-1,0,3.306484,3,0,-0.617312,0,0,0,0,0,0,0,0,3,0,1,-1,0,0,0,0,0,0,0,0,-2,1,0,1,1,0,0,0,0,0,0,0,0,0,0,0,-2,-2,1,0,0,0,0,-0.459776,0,0,-0.178625,0,0,0,0,1,1,0,2,0,2,1,1
0,0,0,1,-1,0,0,-0.553101,1,0,3,0,1,0,0,0,-0.06649,0,0,-1,0,0,0,-1,0,0,0,0,0,0,2,-1,0.71129,5,0,0,0,-1,0,0,0.884991,2,0,-0.617991,0,0,0,-1,0,1,0,0,2,0,0,0,0,0,0,0,0,-1,0,0,0,1,0,0,1,0,0,0,0,0,0,1,1,5,0,1,0,0,0,0,0,0,0,-0.474707,-1,1,0.228676,0,-1,0,0,0,0,0,0,0,0,1,1
0,0,0,0,1,0,1,-0.677103,0,0,4,0,-1,2,-5,-2,-0.212981,0,0,0,2,-2,1,0,0,0,0,0,0,0,0,0,2.16477,1,0,0,0,-1,0,0,3.00261,1,1,0.451176,0,1,0,0,0,0,0,0,0,0,0,0,0,0,0,0,1,0,0,0,0,2,1,0,0,0,0,0,0,1,0,1,1,3,0,3,0,0,0,0,0,0,0,-0.817978,0,0,-0.7473,0,0,0,0,0,0,0,0,1,1,1,1
0,1,0,0,0,0,0,-0.805077,0,0,0,0,0,0,0,0,-0.744137,0,-1,0,0,0,-1,1,0,0,0,0,0,0,0,0,0.67061,1,0,1,0,0,0,0,2.699538,1,-1,-0.448176,0,1,0,0,0,0,-1,0,0,0,0,0,-1,0,2,1,0,0,0,0,0,0,1,0,0,0,0,0,1,1,0,0,1,0,0,1,0,1,0,0,-1,0,1,-0.51895,0,-1,-0.82041,0,0,0,1,0,0,0,1,0,0,1,1
0,0,0,0,0,0,1,-0.794355,1,1,0,0,0,0,0,0,-0.781182,0,0,0,0,0,0,1,0,0,0,0,0,0,0,0,0.58919,1,-1,1,1,0,0,1,2.763379,2,0,-0.496442,0,0,0,0,0,0,0,0,0,0,0,0,-4,0,2,0,0,0,0,-1,1,0,1,1,-1,2,0,0,0,1,0,0,0,2,0,0,0,0,0,-1,0,2,0,-0.787994,0,0,-0.44365,0,-1,2,1,0,0,0,0,0,0,1,1
0,1,2,0,0,0,0,-0.765543,0,0,0,1,0,1,-2,0,-0.675676,0,0,1,-1,0,0,0,-2,0,0,0,0,0,1,0,0.84183,1,0,1,2,1,-1,0,0.777778,4,0,-0.733333,1,0,0,0,0,0,0,0,0,0,-1,0,0,1,0,0,0,0,0,0,-2,0,0,-1,0,0,0,0,1,0,0,-1,0,0,1,0,0,0,0,0,0,1,0,-0.827652,0,1,-0.5,0,0,0,0,2,0,-1,0,0,1,1,1
0,0,-1,0,0,-1,-1,-0.615968,0,0,0,0,-2,-1,0,1,-0.652663,-1,0,-1,0,0,-2,0,0,0,0,0,0,0,0,0,1.40658,0,1,0,0,1,0,0,0.696978,-1,0,-0.733333,0,1,0,0,0,0,0,0,-1,0,0,0,0,-1,1,0,0,0,0,0,-3,1,-1,-1,0,0,0,0,0,0,0,0,0,0,0,0,0,0,0,0,0,0,0,-0.785714,0,0,-0.754204,0,0,0,-1,0,0,0,2,0,0,1,1
0,2,-2,1,0,0,1,-0.688332,2,0,0,0,0,0,0,0,-0.668964,0,0,0,1,0,0,0,0,0,0,0,0,0,0,-2,0.47702,1,0,-1,0,1,0,-1,0.803872,0,0,-0.733333,-1,0,0,0,-2,0,0,0,0,0,1,-1,2,0,0,0,0,0,0,0,0,0,0,1,0,0,2,0,0,2,-1,0,0,0,-2,0,0,0,0,4,0,3,-1,-0.82154,0,1,-0.486562,0,0,0,0,-1,0,-1,0,0,0,1,1
0,0,1,-2,0,0,0,-0.612903,-1,0,1,0,0,0,0,1,-0.411381,0,0,1,0,0,0,0,0,-2,-2,0,0,0,0,0,1.0,4,0,0,0,2,0,0,1.611713,0,0,-0.657143,0,0,0,0,1,0,0,0,0,-1,0,1,0,0,1,0,0,0,0,1,0,0,1,0,0,0,0,-1,1,0,0,0,-3,0,0,0,0,0,1,0,0,1,1,-0.736857,0,0,0.757968,0,0,0,0,0,0,0,0,0,0,1,1
0,0,0,0,0,0,0,-0.736396,0,0,1,0,0,-1,3,1,-0.773585,0,0,-1,0,0,0,0,0,0,0,-1,0,3,0,0,1.57175,2,0,-2,0,0,-1,0,1.573226,0,0,-0.657143,0,0,0,0,0,1,0,0,0,3,0,1,0,0,0,0,0,0,0,0,-1,-1,1,0,0,0,0,0,1,0,0,0,0,0,0,3,0,0,0,3,-1,0,1,-0.73913,0,0,-0.840447,0,0,0,-1,0,0,0,0,0,1,1,1
0,0,0,0,0,0,0,-0.607952,0,0,0,1,0,0,0,0,-0.868677,0,0,0,0,0,0,0,0,0,0,0,0,0,1,0,0.67889,2,0,0,0,0,1,0,0.699058,0,0,-0.575198,0,0,0,0,0,1,0,0,0,1,0,0,0,0,0,0,0,0,2,1,0,0,1,-1,0,1,0,0,0,0,3,0,1,1,0,0,2,0,0,0,0,1,0,-0.802802,0,-1,-0.650598,0,0,4,0,0,0,2,-1,1,0,1,1
0,0,1,3,0,0,0,-0.6,0,0,0,0,1,1,0,1,-0.571649,0,0,1,1,0,0,1,-1,0,0,4,0,3,0,0,1.36663,5,0,0,0,1,1,0,0.836735,0,0,-0.760695,0,0,2,0,1,-1,0,-1,0,3,-1,0,0,0,-4,0,0,0,0,1,0,0,0,0,0,0,0,-1,5,0,0,-1,0,0,0,-1,0,1,0,1,1,2,0,-0.653452,0,-1,-0.675056,0,0,0,0,0,2,0,0,0,0,1,1
0,0,-1,0,0,0,-1,-0.426313,0,1,0,0,0,-1,0,0,-0.593932,0,0,1,0,0,0,0,0,1,-1,0,0,0,0,1,2.0005,0,0,0,0,0,0,0,0.813765,2,0,-0.896808,0,0,0,0,0,0,0,0,0,0,0,1,0,2,-2,0,1,0,3,1,0,1,0,0,-1,0,0,0,3,0,2,0,0,0,1,0,0,0,0,1,1,0,0,-0.632388,0,0,-0.59558,0,0,3,0,0,1,0,0,0,0,1,1
0,0,0,0,0,0,0,-0.185971,1,1,0,0,0,0,0,2,-0.774095,-1,0,0,0,0,-1,0,0,0,0,0,0,0,0,0,0.98116,0,0,0,0,0,0,0,0.341871,0,1,-0.225577,0,3,0,-1,0,0,0,0,0,0,0,0,0,0,0,0,0,0,0,1,1,0,0,0,0,0,0,0,0,0,2,0,0,0,0,0,1,0,0,0,0,0,0,-0.466164,0,0,-0.70815,0,0,0,0,0,1,-1,0,-3,0,1,1
0,-1,0,0,0,0,0,-0.478261,0,1,0,0,0,-1,1,0,-0.416032,-1,0,1,1,0,-1,0,0,0,0,0,-1,0,0,3,0.87491,9,-2,0,0,1,0,0,0.738829,1,0,-0.734387,1,-2,0,0,-4,0,0,0,0,0,0,-1,2,1,0,1,1,0,0,0,-2,-1,0,0,0,0,0,0,0,0,0,0,-1,-1,1,-3,1,0,-1,0,0,2,0,-0.421319,0,0,-0.730304,0,0,0,2,-1,0,1,0,1,1,0,1
0,1,0,-2,0,0,0,-0.394994,0,0,-1,0,0,1,0,-2,-0.464271,1,0,0,1,0,0,0,0,0,1,1,0,0,-2,0,1.07059,0,0,1,0,0,0,0,0.958485,-1,0,-0.743839,0,-1,0,0,0,0,0,0,0,0,1,0,0,0,0,-2,0,0,0,0,0,0,0,-1,0,0,0,-1,0,0,0,0,0,0,1,-1,0,0,-1,0,0,1,0,-0.630002,0,0,-0.635242,0,0,0,2,0,1,0,0,-3,2,0,1
0,0,0,3,0,-2,0,0.100385,0,1,0,2,0,0,1,0,-0.332502,0,0,1,1,0,-2,0,1,0,0,0,0,0,0,0,1.57792,1,0,1,0,1,0,0,0.410163,0,0,-0.751215,1,0,0,0,-1,-1,0,0,-1,-2,0,1,0,1,0,1,0,0,0,1,1,3,0,0,0,0,0,0,1,0,0,0,1,0,1,0,1,0,0,-2,0,0,1,-0.628755,-1,3,-0.682186,0,0,0,0,0,0,1,0,1,0,0,1
0,0,3,0,0,0,0,-0.694997,0,0,0,1,0,1,0,0,-0.582317,0,0,1,1,0,0,0,0,0,0,0,0,0,0,0,1.15459,2,0,0,-1,0,0,1,3.036228,2,0,-0.738477,2,1,0,0,-1,0,0,0,1,0,0,1,0,0,0,0,1,0,0,-2,0,0,5,0,0,0,2,1,1,0,0,0,0,-2,0,0,2,0,0,1,0,1,0,-0.048846,0,0,-0.863303,0,0,2,0,1,0,0,0,1,2,1,1
0,-2,0,0,0,0,-2,-0.677125,0,0,0,0,0,0,0,0,-0.625,0,0,1,1,0,3,0,0,0,-1,0,0,0,0,1,2.74211,4,-1,0,1,0,0,0,0.991503,0,1,-0.814943,0,1,0,0,0,0,0,0,0,0,0,2,0,1,0,2,1,0,0,0,1,0,0,0,0,-1,2,1,0,0,0,1,0,-1,0,0,0,1,0,0,0,1,1,-0.776774,0,0,-0.754288,0,0,2,2,0,0,0,1,1,0,1,1
0,1,0,-4,0,0,0,-0.841325,0,0,0,0,0,1,0,-1,-0.850792,0,0,1,0,0,0,0,0,0,0,0,0,0,0,-1,1.53282,5,0,0,1,0,-1,0,1.052998,-1,0,-0.666907,2,1,0,0,0,0,-2,0,1,0,0,0,0,0,2,0,0,0,0,0,1,0,0,1,0,0,0,0,0,0,0,-1,0,0,0,0,0,1,-1,0,0,0,-1,-0.72274,0,0,-0.530634,0,0,0,0,0,0,0,0,1,-2,1,1
0,0,0,-2,0,0,1,-0.517252,0,0,0,0,0,0,0,0,-0.709006,0,0,0,-1,0,0,1,1,1,0,0,0,0,1,0,2.93646,8,1,0,0,0,0,0,0.799748,0,0,-0.727273,-1,0,1,0,0,0,2,0,0,0,0,0,0,1,-1,0,0,1,0,-1,1,0,0,1,0,0,1,1,0,0,0,0,1,0,0,1,0,0,0,0,0,-2,0,-0.75,0,0,-0.696055,0,0,-1,0,0,0,2,1,1,-2,0,1
0,0,0,-1,0,0,1,-0.707325,0,-1,0,1,0,0,0,0,-0.762631,0,1,1,0,0,0,1,0,0,0,0,0,0,1,-1,0.76632,14,0,0,0,0,0,0,0.188275,0,0,-0.663598,2,0,0,1,0,0,0,0,-1,0,0,0,0,0,0,0,0,0,0,2,0,0,0,0,0,0,0,-2,0,1,2,0,-1,0,0,0,0,0,0,0,0,0,0,-0.269448,0,0,-0.673663,0,0,0,0,0,-2,0,1,0,0,0,1
0,-1,2,4,0,0,1,-0.59034,0,0,0,1,3,0,0,0,-0.6948,1,0,1,-1,0,0,0,-1,0,0,0,0,0,1,0,1.23176,1,1,-1,2,0,0,0,0.979192,0,-1,-0.717708,1,0,0,0,0,1,0,0,0,0,0,0,0,1,0,1,1,0,0,-1,1,0,0,0,0,0,-1,0,0,1,0,0,0,0,0,1,0,0,0,0,0,0,0,-0.425706,0,0,-0.013172,5,0,-1,0,1,-1,0,1,1,-1,0,1
0,0,0,1,0,0,3,-0.881604,-2,0,0,-1,0,0,0,0,-0.531606,0,0,0,0,0,0,0,0,1,0,-1,-2,0,1,-1,1.20933,0,-1,0,0,1,0,0,0.238095,-3,0,-0.703689,0,0,-1,0,0,0,0,0,0,0,1,0,0,0,0,0,0,0,3,0,1,0,1,0,0,2,0,-1,1,1,0,0,0,0,0,0,-1,0,0,0,0,0,0,-0.591836,0,1,-0.726662,0,0,1,0,0,1,0,0,0,0,0,1
0,0,-1,1,0,0,0,-0.352283,0,0,0,0,0,0,2,0,-0.549716,0,0,0,0,0,0,2,-1,1,0,0,0,0,-1,-2,1.22641,3,0,0,0,-1,-1,0,0.93908,0,0,-0.72081,0,2,0,0,-1,0,0,1,1,-2,0,1,2,0,0,-2,0,0,0,0,1,0,1,0,-1,0,0,3,0,0,0,0,0,3,0,0,0,2,0,0,0,0,0,-0.599054,0,1,-0.916813,0,0,0,1,0,1,0,0,0,0,0,1
0,2,0,2,0,-2,0,1.087278,0,0,0,0,0,0,0,-2,-0.717014,0,0,0,0,0,-1,-1,0,1,1,2,-2,0,0,0,1.03623,2,0,0,0,-3,0,-2,0.244059,0,1,-0.730321,1,1,0,0,0,-1,0,0,0,0,0,0,0,0,0,0,0,0,1,0,1,1,0,0,0,1,0,0,0,0,0,0,0,0,0,0,0,3,0,0,0,0,0,-0.618973,0,1,-0.819264,0,0,0,0,0,1,0,1,0,0,0,1
0,0,0,0,0,1,0,-0.50114,0,0,0,0,0,1,0,0,-0.539042,0,2,1,0,0,0,-2,-1,0,0,0,0,0,0,0,1.50817,7,0,0,0,1,0,0,1.075223,0,0,-0.73561,-1,0,0,0,0,0,-2,0,0,0,0,0,0,2,0,-3,0,0,0,0,-3,0,0,0,0,0,1,0,-2,0,2,0,0,0,0,0,2,0,0,0,0,2,0,-0.623169,0,-1,-0.72093,0,0,0,0,0,3,0,0,0,0,1,1
0,0,0,0,0,-3,0,-0.763548,0,0,-1,0,0,0,0,0,-0.180156,0,0,1,0,0,0,0,0,0,0,0,0,0,0,-1,0.4835,2,0,0,1,1,0,0,1.365215,0,0,0.895718,1,0,0,0,0,0,0,0,0,-2,-1,0,0,-1,0,0,0,0,0,0,1,-1,0,0,0,1,0,0,0,-1,3,0,0,0,1,0,0,0,1,2,0,1,0,-0.615119,0,0,-0.700287,2,1,0,0,0,1,0,0,0,0,1,1
0,-1,1,0,0,-1,2,-0.617082,0,0,0,0,0,0,0,1,-0.145304,0,0,0,0,0,-1,0,0,0,0,0,0,0,0,-2,1.32681,0,0,0,-2,0,0,0,1.13158,0,0,-0.681086,0,0,0,-1,0,0,0,0,0,-1,0,1,1,1,0,0,0,0,2,0,-1,-1,-1,0,2,1,0,0,1,0,0,-1,1,0,1,1,0,0,1,1,0,0,0,0.657675,0,0,-0.72093,-1,0,1,0,-1,0,2,0,0,0,1,1
0,1,1,0,0,1,0,-0.583955,0,0,0,0,0,0,0,0,-0.609124,0,0,0,0,0,-2,3,0,0,1,0,0,-3,0,0,1.9533,2,0,0,0,0,0,0,0.880931,0,0,-0.669673,0,1,0,0,0,0,0,0,1,-1,0,0,0,0,0,-1,0,0,0,2,1,0,1,0,0,0,0,0,0,0,0,0,0,0,0,0,-1,0,0,0,0,1,0,-0.364455,0,0,-0.472325,-1,0,0,0,1,1,1,-1,0,0,0,1
0,0,0,0,1,0,0,0.257999,0,0,0,0,0,0,-1,0,-0.411956,-1,0,0,0,1,0,-1,-1,0,0,0,0,0,0,0,1.02623,5,0,0,-1,1,0,0,0.703663,0,0,-0.687485,0,0,0,0,0,0,0,0,0,1,0,0,0,0,1,-4,0,1,0,-3,0,1,0,0,0,-1,0,0,0,0,0,0,0,3,0,1,0,2,0,1,0,2,0,-0.666667,0,0,-0.861016,0,0,0,0,0,1,0,1,0,1,0,1
0,2,0,0,0,0,0,-0.333333,0,0,1,0,0,0,0,0,-0.706789,1,0,0,5,0,1,-1,0,-3,0,0,0,0,0,-1,2.47059,3,0,0,-1,1,0,1,0.993003,0,1,-0.306997,-1,0,0,0,0,0,-1,-1,1,0,0,0,0,0,0,1,1,0,0,0,0,0,1,1,2,0,0,0,0,0,0,0,0,-2,0,0,0,-1,0,-2,0,0,0,-0.748814,0,0,-0.733333,-2,0,0,1,-2,1,0,0,1,0,0,1
1,1,1,0,0,0,0,-0.806452,0,0,0,0,0,0,2,0,-0.768761,0,0,0,0,0,0,1,0,0,0,0,0,0,0,0,1.53178,7,0,0,0,2,1,1,0.391149,0,1,-0.721655,0,0,1,0,0,0,1,2,0,0,-1,1,2,0,0,0,0,0,2,0,0,1,-1,-1,0,0,0,0,0,0,-1,0,-1,1,0,0,0,0,0,0,0,1,0,1.115353,0,0,-0.641106,-2,0,0,0,0,0,0,-1,0,0,1,1
0,0,1,0,0,0,0,-0.788075,0,0,0,0,0,0,0,-2,-0.489054,0,-1,0,0,0,2,0,0,0,0,2,0,0,0,1,3.59212,9,2,0,1,0,0,1,1.035067,0,0,-0.831783,2,0,0,0,1,0,0,0,0,0,0,0,0,1,0,-3,0,0,0,0,0,0,1,0,0,-2,0,0,0,2,0,0,0,0,0,0,0,0,0,0,0,0,0,-0.90223,0,0,-0.152808,2,0,0,0,0,1,0,2,0,-1,1,1
1,2,0,0,0,-1,0,-0.806452,0,0,0,0,0,0,0,0,-0.596137,0,0,5,1,0,0,1,0,0,0,0,0,0,0,1,1.64094,13,0,0,0,0,0,1,1.675295,0,0,-0.703892,2,0,0,0,0,1,0,2,0,0,0,1,0,1,0,0,0,0,2,-2,2,0,0,0,0,0,0,0,0,0,2,0,0,0,0,0,0,0,0,0,0,-2,0,-0.692308,0,0,-0.577425,0,0,0,0,0,1,0,0,0,0,1,1
0,0,2,-1,0,1,1,-0.674592,0,0,0,0,0,0,0,0,-0.682715,0,1,-1,1,0,0,1,0,2,0,0,1,-1,0,-2,2.68571,0,0,0,1,1,0,0,0.864434,1,0,-0.87234,0,0,0,0,0,1,4,0,0,1,0,0,1,0,0,0,0,0,3,0,1,0,1,0,0,0,0,0,0,1,0,0,1,1,0,0,0,0,0,1,0,0,-1,-0.889666,0,0,7.539708,0,0,1,0,0,0,0,-1,1,0,0,1
1,0,0,0,0,1,1,-0.523671,0,0,1,0,2,0,0,0,-0.72093,0,0,0,1,-1,0,2,0,0,0,0,3,0,0,0,2.68571,11,1,0,1,1,0,1,0.83535,0,0,-0.715325,0,0,1,0,3,0,0,0,0,1,0,0,2,0,1,0,0,1,1,1,0,0,1,0,0,1,0,0,0,0,0,0,0,1,0,0,0,-1,0,2,0,0,-1,0.117768,0,0,8.3,0,0,0,-1,0,0,0,5,0,-1,0,1
0,0,1,0,0,0,1,-0.532641,0,0,2,0,0,0,1,1,-0.562819,0,0,0,0,0,0,0,0,1,0,2,0,0,0,0,2.68571,1,0,0,1,0,0,0,0.908433,0,0,-0.87234,0,0,2,0,0,0,0,0,0,0,0,0,0,0,2,0,0,0,1,2,1,0,1,0,0,1,0,0,0,2,0,-1,1,0,0,0,0,2,0,1,0,0,0,0.319674,0,0,8.479644,0,0,2,0,0,0,0,0,1,0,0,1
0,0,0,-1,0,-2,0,-0.729651,-1,0,0,0,0,0,-2,0,-0.823714,0,1,0,0,0,-1,0,0,0,-1,-1,1,-2,0,0,0.42609,1,-2,0,0,1,0,0,0.691347,-3,0,0.793879,0,-2,0,0,1,0,0,0,1,0,0,0,0,-1,-2,0,0,2,-1,1,0,0,0,2,-1,0,1,0,1,0,0,0,0,-3,0,0,0,1,0,0,0,-2,0,-0.678267,0,0,-0.150944,0,0,0,0,0,0,0,0,0,0,0,1
0,0,-1,0,0,0,0,-0.76,0,1,0,0,0,0,0,0,-0.687796,0,1,0,0,0,0,0,0,0,0,1,0,0,0,0,1.11774,13,-2,0,0,-2,0,0,0.245964,1,0,-0.462169,1,-4,0,0,0,0,0,0,1,0,1,0,0,0,2,0,0,0,1,0,0,0,0,0,1,0,2,0,0,0,-1,0,0,-2,1,0,0,0,1,2,0,0,1,-0.760716,-1,0,0.307418,0,1,0,0,0,0,0,0,-1,0,0,1
0,0,0,0,0,1,2,-0.87326,-3,0,0,0,-1,0,-2,1,-0.692311,0,1,0,1,0,0,0,0,0,0,1,0,1,0,1,1.00852,3,0,0,0,0,0,0,1.30671,-1,-1,-0.705094,0,0,0,0,0,0,0,0,1,0,1,0,0,1,0,0,0,0,0,0,0,0,-2,0,0,1,0,0,0,-1,0,0,-1,-1,0,-1,0,0,0,0,0,0,0,-0.635738,0,1,0.138356,0,0,-5,0,0,0,0,2,-4,0,0,1
0,3,1,0,0,0,0,-0.167155,1,0,0,0,0,1,0,1,-0.202876,0,0,0,0,1,2,0,0,1,0,0,0,2,1,0,1.51429,2,1,0,0,-3,1,0,1.219155,0,0,-0.825182,0,0,0,0,0,0,0,0,0,0,0,1,1,0,0,0,0,0,0,0,1,-3,1,0,0,0,1,2,-1,0,0,0,-2,0,0,1,1,0,0,1,1,-1,0,-0.736385,0,0,-0.493093,2,1,0,1,0,0,0,0,0,0,1,1
0,0,0,0,0,0,0,-0.707317,0,0,-1,0,0,0,0,1,-0.489611,0,-1,0,-1,0,0,0,0,1,0,0,0,0,1,0,0.70338,2,0,0,2,0,0,0,2.073484,0,0,-0.773585,1,0,0,0,0,0,-1,0,0,0,0,1,0,0,-1,-2,0,0,0,0,0,0,0,0,0,0,-2,0,0,-5,0,0,2,-4,0,0,0,5,0,1,0,1,0,-0.661665,0,0,-0.787339,0,0,0,0,1,0,0,1,-1,-2,1,1
0,-1,0,0,0,0,0,1.032091,0,0,2,0,0,0,0,0,-0.818049,0,0,0,-1,0,0,0,1,1,0,0,0,0,1,0,2.38522,0,0,0,0,0,0,0,1.344188,0,0,-0.773585,2,0,0,0,-1,0,0,0,0,3,0,0,0,-1,0,0,0,0,0,0,1,0,1,0,0,0,-1,0,0,-1,0,0,0,3,0,0,0,0,0,0,0,0,0,-0.646515,0,0,-0.497982,4,0,0,1,0,0,0,0,0,0,1,1
0,-3,0,0,1,1,0,-0.628199,0,0,1,1,0,0,0,0,-0.747457,0,-1,0,0,-1,1,0,0,-2,0,0,0,0,1,0,2.44142,3,-2,0,0,0,0,0,1.754355,0,-1,-0.82151,0,2,0,0,0,0,0,1,1,0,0,0,0,0,-2,0,0,0,0,2,0,0,1,1,0,0,0,0,1,0,-2,0,0,0,0,0,0,-1,0,0,0,0,0,-0.568927,0,0,-0.743559,0,0,0,0,0,-1,4,0,1,0,1,1
0,0,0,0,1,2,1,-0.834152,1,0,-1,0,0,-1,-2,0,-0.333333,0,0,0,2,0,0,1,0,0,0,0,0,1,0,0,3.37186,5,0,0,2,0,1,0,0.516667,1,0,-0.833237,1,1,0,0,0,0,0,1,1,0,1,1,0,-3,3,-1,0,0,0,-1,0,0,1,0,0,0,0,1,2,0,0,0,1,0,0,1,0,0,0,0,0,0,-1,-0.654059,0,0,-0.733185,0,0,0,1,0,0,0,0,0,0,1,1
0,0,0,1,0,0,0,-0.633307,0,0,0,0,0,0,0,0,-0.378311,0,0,3,0,-1,0,0,0,0,1,-3,0,0,-2,0,1.72236,3,-1,0,0,0,-1,0,0.516667,1,0,-0.823564,1,1,0,1,0,0,1,1,1,4,-1,1,2,1,0,0,0,0,0,0,-1,0,1,0,1,0,0,0,2,0,0,0,1,1,0,1,0,0,0,0,0,3,0,-0.614781,0,0,-0.75,0,0,-3,0,0,0,-1,-2,0,0,1,1
1,0,0,1,0,1,1,-0.203656,0,0,0,-1,0,0,2,1,-0.752286,1,-1,0,0,0,0,0,0,-1,1,0,0,0,0,0,0.80851,1,0,0,-1,3,1,0,1.454604,0,0,-0.596137,0,2,-1,0,0,0,0,0,-1,0,1,1,5,0,1,0,0,2,0,0,1,0,0,-1,0,0,0,0,1,0,0,0,0,0,3,0,0,0,0,-1,0,2,0,-0.571429,0,0,1.327779,0,0,0,0,0,0,2,0,0,0,0,1
0,0,0,0,0,0,1,-0.712591,0,-1,2,0,0,1,0,0,-0.647972,1,0,0,0,-1,1,0,0,0,0,0,0,0,0,0,0.87655,2,0,0,-1,0,0,1,2.396567,2,0,-0.62122,2,0,0,1,0,0,0,0,1,-2,0,0,0,0,0,0,0,0,2,2,0,1,0,0,0,0,1,0,0,0,2,0,0,0,0,0,0,0,0,0,1,-1,0,-0.410389,-2,0,-0.607735,2,0,0,0,0,1,1,-2,1,0,0,1
0,1,-1,0,0,0,1,-0.600113,0,0,0,0,3,0,0,0,-0.625458,0,1,0,0,0,1,1,0,0,0,0,0,0,-2,0,0.84161,7,0,0,0,0,0,0,1.741331,3,-1,-0.624385,0,1,0,0,0,0,0,0,0,0,0,0,2,0,0,0,0,0,0,0,1,1,0,0,0,-3,1,0,0,2,0,0,0,0,0,0,0,1,0,0,0,0,0,-0.704611,0,0,-0.64841,0,0,-1,0,0,1,0,0,1,-1,0,1
0,0,1,0,0,0,1,-0.648046,-1,3,1,-1,0,1,0,3,-0.5116,0,0,2,1,0,0,0,0,0,0,0,0,0,0,0,1.05714,11,0,0,1,0,0,0,1.67568,3,2,-0.610729,0,0,1,0,0,0,0,0,1,0,0,0,4,0,0,0,0,0,0,0,0,1,1,0,0,0,1,0,1,4,0,0,0,2,0,0,0,1,0,2,0,0,0,-0.586207,0,0,-0.646823,0,0,0,1,0,1,0,0,0,0,1,1
0,0,1,1,0,0,1,0.122749,0,0,1,-1,0,0,0,0,-0.755102,0,0,-2,1,0,0,0,0,0,0,0,0,0,0,0,1.30889,11,0,-1,0,1,0,0,3.864828,-1,0,-0.675676,0,2,1,0,0,2,0,0,0,-1,1,0,0,0,1,0,0,0,0,0,0,0,0,0,0,0,0,0,0,0,0,0,0,0,0,0,0,0,0,7,1,1,0,0.32625,0,0,3.00032,0,0,0,2,0,0,0,0,0,0,1,1
0,3,0,1,1,1,0,-0.665458,0,0,1,0,3,-2,0,0,-0.743539,0,0,-1,0,0,0,0,1,1,0,2,0,0,0,0,1.13629,4,-2,0,2,0,0,0,1.699545,0,0,-0.668566,0,0,0,0,0,0,0,1,0,0,-1,0,0,0,-1,0,0,-1,0,-2,-2,-1,1,0,2,0,0,0,0,0,0,0,0,-1,0,0,0,1,0,0,0,0,0,-0.696905,0,0,-0.347854,0,0,0,0,-1,0,-1,0,0,0,1,1
1,0,0,1,0,0,0,0.716558,0,0,0,0,0,0,0,-1,-0.58462,0,1,1,0,-3,0,0,0,0,1,0,0,2,0,0,2.10199,0,0,0,0,1,0,0,0.568182,1,0,-0.722652,0,0,0,0,0,0,0,0,2,-5,1,0,0,0,0,0,0,1,4,1,0,0,-2,0,0,-1,0,0,0,1,0,0,0,0,0,1,0,0,0,0,0,0,0,-0.683876,0,0,-0.712524,0,0,-4,0,0,1,1,1,0,0,1,1
0,0,0,0,0,0,0,-0.714286,0,0,4,0,0,0,0,0,-0.707317,0,1,1,-2,0,0,0,0,-1,1,0,0,0,0,0,0.91778,2,0,0,1,1,0,0,0.337036,0,0,0.201983,0,-2,0,0,0,0,0,1,0,1,1,1,0,0,1,2,0,1,0,0,0,2,2,0,2,0,0,0,0,-1,0,0,0,0,0,0,0,0,-1,0,0,0,0,-0.619278,-1,0,-0.689088,0,0,0,0,0,1,0,0,1,0,1,1
0,2,0,0,0,0,1,-0.742178,2,0,0,0,0,0,0,0,-0.721955,-1,1,0,-1,0,0,1,-1,0,1,0,-1,2,3,0,2.68893,15,-1,0,0,-1,0,0,0.718163,1,-1,-0.785149,0,1,0,0,0,0,0,0,0,0,1,2,-1,0,0,0,0,0,0,1,0,0,-2,0,0,-2,0,0,2,0,-1,0,0,-1,0,0,0,0,0,0,0,0,0,-0.753071,0,1,-0.216806,0,1,0,-1,1,0,-1,1,2,0,1,1
0,0,2,1,0,0,0,-0.625,2,0,0,0,0,0,0,-2,-0.729547,0,-1,0,1,1,0,0,0,0,0,0,0,0,0,0,1.11705,2,0,0,1,0,0,0,0.606061,0,0,-0.528034,0,0,0,0,1,0,0,0,0,1,0,1,0,1,1,0,0,0,0,0,0,1,0,0,0,0,0,0,1,0,0,0,0,1,0,0,0,0,0,0,0,-1,0,7.6187,0,0,-0.667145,0,0,0,0,0,0,0,3,1,0,0,1
0,-1,0,0,0,0,0,-0.611832,1,0,0,0,0,0,2,0,-0.704624,0,0,0,0,1,0,0,0,0,0,3,-1,0,1,0,0.87303,7,0,1,1,-1,-2,-1,0.606061,0,0,-0.804215,0,0,0,0,1,0,0,0,0,0,0,0,0,1,0,0,0,0,3,0,0,1,0,0,0,0,1,1,1,0,3,0,0,1,0,0,0,0,0,0,0,2,0,8.445301,0,0,-0.69362,0,0,0,0,0,1,0,0,1,0,0,1
0,0,0,0,0,0,-1,-0.612478,-1,0,0,1,1,0,0,0,-0.684171,4,1,0,0,1,-2,-2,1,1,0,0,0,1,1,0,1.01804,7,0,0,1,1,0,0,0.606061,2,0,-0.206274,0,0,0,0,1,1,0,0,2,0,0,0,0,1,1,0,0,0,0,-2,0,0,0,0,0,0,1,0,1,0,3,0,0,0,0,0,1,0,0,-2,0,0,0,8.866796,0,0,-0.693763,0,0,0,0,0,1,-1,0,1,0,0,1
0,1,-1,0,0,0,0,-0.755659,3,0,0,0,1,1,0,0,-0.735804,0,0,-1,-3,0,0,0,0,0,0,0,0,0,0,1,1.60944,14,0,1,1,1,0,0,2.277235,5,0,-0.696417,0,1,0,-1,0,0,0,-1,0,0,0,0,0,-1,0,2,0,0,1,-4,1,2,-1,0,0,0,0,-1,0,0,0,0,1,0,0,0,0,2,1,1,0,4,1,-0.622166,0,0,-0.625,0,0,0,1,0,-1,-1,0,0,0,1,1
1,0,-1,-1,-1,0,2,-0.83507,-1,1,0,0,0,0,0,0,-0.707317,0,0,0,0,0,0,1,0,0,0,0,0,0,2,1,1.76406,9,0,1,0,2,0,1,2.70492,0,0,-0.75937,2,1,1,0,1,1,0,1,1,0,0,0,0,0,0,0,0,0,0,1,1,0,0,1,-1,1,0,0,0,0,0,0,1,1,-1,0,0,0,1,0,0,1,0,-0.634008,0,0,-0.764245,0,0,0,0,0,0,0,0,1,0,1,1
1,3,2,0,0,0,0,-0.719272,0,0,0,0,0,-1,0,0,-0.707317,0,0,2,0,0,0,0,1,1,0,0,3,0,1,0,1.22065,9,0,0,0,1,0,0,0.876898,0,0,-0.839026,0,1,0,0,0,0,0,0,0,0,0,3,0,0,0,0,0,0,0,1,1,-3,0,0,1,-2,0,0,0,0,0,0,1,-1,0,0,0,0,1,1,0,1,0,-0.643341,0,0,-0.659702,1,0,0,0,0,0,2,1,1,0,1,1
0,0,0,1,0,0,0,-0.657718,0,-1,0,0,0,0,0,0,-0.368421,0,0,0,3,0,0,-1,1,0,0,0,0,1,0,0,2.08571,3,-1,0,0,0,1,-1,2.064964,0,0,-0.789608,1,1,0,0,1,0,1,0,0,-3,1,0,0,0,0,3,0,0,-1,0,-1,0,0,1,0,-1,2,1,0,0,0,1,0,2,-1,0,0,0,-1,1,0,0,0,-0.817559,0,0,-0.589527,0,0,0,0,0,0,0,1,0,0,1,1
0,-2,0,2,0,-2,0,-0.652172,1,0,0,0,0,0,-1,0,0.995157,1,0,-1,0,0,-2,0,0,0,0,0,0,0,1,0,2.08571,1,0,-1,0,1,1,0,1.681071,0,0,-0.156751,0,1,0,0,1,-1,0,0,0,-1,1,0,0,1,0,0,0,-1,0,0,-2,2,-1,-2,0,1,0,-1,1,0,0,0,0,-1,0,0,-1,0,0,0,0,1,-1,-0.830181,0,0,-0.125603,0,0,2,-1,-1,0,0,-3,1,2,1,1
0,0,0,1,-1,0,0,-0.657143,0,0,0,0,-3,0,0,0,-0.647291,1,0,0,1,0,1,2,0,0,0,0,0,1,1,-1,3.03364,1,1,0,1,0,0,0,0.646063,-1,0,-0.835616,0,1,0,0,1,0,0,0,0,-1,0,2,0,0,-2,0,0,-1,0,0,1,0,0,1,0,0,2,1,0,0,0,0,0,0,0,0,0,0,0,0,0,4,0,-0.530717,0,0,-0.679044,-1,-1,0,0,0,0,2,0,0,-2,1,1
0,4,0,0,0,1,0,-0.692308,0,0,0,0,0,0,-1,0,-0.692308,0,0,3,-3,0,0,0,-1,0,0,0,-5,0,0,0,0.94478,4,0,0,1,0,0,0,0.226311,-1,0,-0.71013,0,0,0,0,0,0,0,0,1,0,0,1,0,-2,0,-1,0,0,0,0,0,0,1,0,1,0,0,0,4,0,0,0,0,0,0,0,0,0,0,0,0,0,0,-0.315427,1,0,-0.676916,0,0,0,0,0,0,0,0,1,0,0,1
0,0,0,-2,0,0,0,-0.855501,0,0,-1,0,-3,0,0,0,0.694591,0,0,0,0,0,0,-3,0,0,0,0,0,0,0,0,0.96367,6,0,-1,0,-2,0,0,0.562841,0,0,-0.158024,-3,0,0,-1,0,0,0,0,0,1,0,0,0,0,0,3,0,0,0,3,0,1,0,0,1,0,0,0,0,0,1,0,3,2,0,0,0,0,0,0,0,1,0,-0.733333,0,0,-0.693502,0,-1,0,1,0,0,0,0,0,0,0,1
0,2,0,0,-1,0,-1,-0.69331,0,0,0,0,0,1,-2,0,-0.692308,0,0,3,0,0,2,0,0,1,0,2,0,-2,0,0,0.8931,8,0,0,0,0,0,0,0.251513,2,0,-0.639215,0,1,0,0,0,0,0,0,1,0,0,-1,-1,0,1,-2,0,0,0,0,0,-3,0,0,0,0,2,1,3,4,-4,0,0,-2,0,1,0,0,0,0,0,0,0,-0.825708,0,0,-0.678224,0,0,0,0,0,0,0,0,0,-1,0,1
0,0,0,2,0,-1,0,-0.619507,0,0,0,0,0,0,0,1,-0.495761,1,0,1,0,0,-1,1,0,1,0,-1,1,0,0,0,0.83331,4,0,0,1,0,0,0,0.21875,1,0,-0.698112,0,-1,0,2,0,0,0,0,0,-2,0,2,0,0,0,2,1,0,0,0,0,-1,0,0,-1,0,4,0,1,0,0,-1,0,0,0,0,0,1,0,0,0,0,4,0.59229,0,0,1.210502,3,0,0,0,0,0,0,0,-1,0,0,1
-1,0,-1,0,1,0,-2,-0.854445,0,1,1,0,0,0,0,2,-0.705711,-1,0,1,1,0,-1,0,0,0,0,-1,0,1,0,0,1.8099,0,0,0,0,0,-1,0,0.21875,0,0,-0.846332,0,0,-1,0,0,0,0,0,0,-2,4,0,0,0,-1,0,0,0,0,0,0,0,0,0,0,0,0,0,1,1,0,0,3,0,0,0,0,0,0,1,0,1,-3,-0.61915,0,0,-0.430062,0,0,-3,0,1,-2,-1,0,1,2,0,1
0,2,1,-1,0,0,0,-0.672766,0,1,0,0,0,0,-2,0,-0.704209,0,0,0,2,0,0,0,0,0,1,0,0,0,0,0,0.81269,16,0,0,2,0,0,0,0.273617,3,0,-0.568769,3,0,0,0,0,-1,0,0,0,-1,0,-1,0,0,2,0,0,0,-1,1,0,0,0,0,0,0,0,0,0,-1,0,0,0,-1,0,0,2,-2,0,0,0,-1,0,-0.698645,0,-1,-0.437626,0,0,-3,-1,0,-4,0,1,1,-1,0,1
0,-2,0,-3,1,1,-1,-0.414274,0,0,1,0,0,0,0,0,-0.667372,1,0,0,0,0,0,0,0,0,0,2,0,0,1,0,0.83863,8,0,0,0,0,0,0,0.713885,0,0,0.190482,2,0,0,0,0,0,0,0,0,-2,0,0,0,0,1,-1,0,0,0,0,0,-1,3,0,2,0,-5,0,0,2,0,0,-2,0,0,0,0,-1,0,1,0,0,0,-0.874145,0,0,-0.587242,0,0,2,-2,0,0,0,0,0,0,0,1
0,-3,1,-1,0,0,0,-0.531176,2,0,0,0,3,0,0,0,0.028308,0,0,0,0,0,0,0,0,0,0,0,3,1,0,0,0.56998,7,2,-1,0,-1,1,0,1.40741,0,0,-0.591491,3,0,0,0,0,0,0,-1,0,0,1,0,0,-1,0,0,0,0,0,0,0,-1,0,0,0,1,0,0,-1,0,0,0,-1,0,0,0,0,0,0,1,0,0,0,0.203494,0,0,-0.605302,-1,0,-2,0,0,-1,0,0,2,1,0,1
0,0,0,-1,0,0,0,-0.05384,0,0,-1,-1,1,0,2,0,-0.289286,0,0,1,0,1,0,0,0,0,-2,2,0,0,1,0,0.71967,4,0,1,0,0,1,-1,1.781885,-1,1,-0.577854,0,0,1,0,-1,-1,0,0,-1,0,0,0,0,0,-3,0,0,1,0,0,0,0,0,0,0,0,-1,0,-3,0,0,0,0,0,-1,0,0,-1,0,0,0,2,0,-0.51919,0,0,-0.502851,0,-2,0,0,0,5,1,0,0,0,0,1
0,0,0,0,0,0,1,-0.79706,0,0,0,0,-1,0,0,0,-0.712758,0,0,1,-1,0,1,0,1,0,-2,0,0,0,0,0,0.81543,4,0,0,0,1,2,0,0.193548,0,0,-0.637671,-1,0,0,0,0,0,0,0,0,0,1,0,0,2,1,0,0,0,0,1,0,0,0,0,1,-1,0,-3,0,-6,0,0,0,0,0,0,0,0,0,0,0,-1,0,-0.682483,0,-1,-0.265477,0,0,0,0,0,1,0,0,3,0,0,1
0,0,1,0,0,0,-1,-0.773261,0,-1,0,0,1,-2,0,3,-0.5918,0,0,0,0,-1,-1,0,0,1,0,0,0,0,0,0,0.43304,0,0,0,-1,0,0,-1,0.193548,0,0,-0.431936,-1,0,0,0,0,-2,0,1,0,0,1,0,0,0,0,1,0,-1,1,0,0,1,-1,0,-2,1,0,0,0,-1,0,1,7,0,0,-2,1,0,0,1,0,0,0,-0.706572,0,0,-0.474471,4,2,-1,1,2,1,0,3,1,1,0,1
1,0,0,0,0,0,-1,-0.605367,0,0,0,0,0,-2,0,0,-0.81642,0,0,-3,0,0,0,1,1,0,0,1,2,0,-2,0,0.68858,2,0,0,0,0,0,0,0.383701,0,0,-0.53178,-1,0,1,0,0,-1,0,0,-1,2,0,1,0,2,-1,0,0,0,0,0,2,0,0,0,0,0,0,1,0,0,-1,0,0,0,-1,0,1,0,0,0,0,-1,0,-0.73913,0,0,-0.693408,1,0,-1,0,0,0,0,0,1,0,0,1
0,0,3,0,0,-2,0,-0.593357,0,-2,0,0,1,0,0,0,-0.726699,0,0,1,1,0,0,0,0,0,0,-1,0,0,0,1,1.60115,6,-1,-1,0,1,0,0,1.045094,0,0,-0.649219,0,0,0,0,0,0,0,0,0,0,2,1,-1,1,0,1,0,0,0,1,0,-4,0,0,0,0,0,0,0,0,0,0,0,-2,0,1,0,0,0,0,0,0,2,-0.74888,0,0,-0.684211,0,0,-1,3,0,0,0,0,1,0,1,1
0,0,0,0,0,-1,0,-0.887613,0,0,1,0,0,0,0,0,-0.799539,1,0,1,5,0,-1,-1,0,0,0,0,1,0,0,0,1.13315,3,0,0,0,0,0,0,0.508221,0,0,-0.627572,0,-1,-1,1,0,-3,0,0,0,0,1,1,0,1,-1,0,1,0,0,0,0,0,-1,0,0,0,0,0,1,0,-1,1,0,0,0,0,0,0,1,0,0,0,1,-0.72093,0,-1,-0.351604,0,0,2,1,0,0,0,0,0,0,1,1
0,0,-1,0,0,0,0,-0.604896,0,0,0,0,0,-1,0,0,-0.123915,0,0,0,2,1,0,0,0,0,0,-1,0,0,0,0,1.25882,12,0,0,0,1,0,0,0.475898,0,0,-0.679864,0,0,0,0,1,0,0,0,-1,1,0,0,0,0,-1,0,2,0,0,0,-1,0,0,-1,0,0,0,0,2,0,0,0,0,0,0,0,0,0,0,1,0,0,0,-0.745357,0,0,-0.684211,0,0,1,0,0,0,0,0,1,0,1,1
0,2,0,0,0,0,0,-0.726541,0,0,-1,0,0,0,3,0,-0.467441,-1,0,0,0,0,0,2,0,-1,0,0,0,0,0,0,1.47338,3,0,0,0,0,0,0,1.14,0,0,-0.767424,0,1,0,0,0,0,0,0,0,0,0,0,0,1,0,0,0,0,0,0,0,1,0,2,0,1,0,0,0,2,0,0,1,2,1,0,0,0,0,0,-1,0,0,-0.52,0,0,-0.657143,0,0,0,0,0,1,0,-1,-1,0,1,1
0,0,0,0,0,0,0,-0.693742,0,0,0,0,0,0,0,0,-0.683306,0,0,0,-1,0,0,-6,-1,0,0,0,-1,-2,1,0,2.28261,0,0,0,0,0,1,0,1.14,0,2,-0.76,1,0,0,0,0,1,-1,0,0,0,0,0,0,0,0,0,0,0,0,0,0,0,-1,0,1,2,4,0,0,0,0,0,0,0,0,0,0,0,0,0,0,0,0,1.244222,0,0,-0.669081,0,0,-1,1,0,0,0,0,0,2,1,1
0,0,1,-1,0,0,0,-0.848923,0,0,0,0,1,0,0,-2,-0.51746,0,0,0,1,0,0,0,0,0,0,0,2,3,1,0,1.3736,6,-3,0,0,0,0,0,1.14,0,0,-0.793927,-1,1,-2,1,-2,0,0,0,0,2,0,-1,0,1,0,0,0,0,0,0,1,0,0,0,2,0,1,0,1,0,0,0,0,0,0,0,0,0,0,0,0,0,0,-0.503947,0,0,-0.642028,0,0,0,0,0,1,0,0,0,1,1,1
0,0,0,0,0,0,0,-0.75,1,0,0,0,0,1,0,1,-0.576471,0,0,2,0,0,0,0,0,0,0,0,-2,2,0,-1,1.13361,2,0,0,0,0,0,-1,4.061454,-2,0,-0.656608,0,-1,0,0,0,0,0,0,0,0,1,6,0,0,0,0,-1,0,-3,0,0,0,0,0,0,0,1,0,2,0,0,0,0,0,0,0,0,0,0,0,2,0,0,-0.399933,0,0,-0.698596,0,0,2,0,0,1,0,0,1,0,1,1
0,0,4,0,0,1,1,-0.19186,-1,0,1,0,0,0,0,0,-0.792383,0,0,1,1,0,0,0,0,0,0,0,1,0,0,0,0.98888,2,0,0,0,-1,0,0,1.53846,1,1,-0.689713,-1,0,0,0,2,0,1,0,1,1,0,1,0,0,0,0,0,0,-1,0,0,0,0,-1,-1,0,0,0,0,-3,0,0,0,1,1,0,0,0,-1,0,0,0,0,-0.675676,0,0,-0.762283,0,0,1,1,0,0,0,2,0,1,1,1
0,3,0,0,0,1,0,-0.656123,-2,0,1,0,0,0,0,0,-0.745166,0,0,1,2,0,-1,0,0,0,0,0,1,-8,1,-1,1.12427,1,0,2,0,0,0,0,1.357767,-1,-1,-0.772433,0,0,0,-1,0,-1,-1,0,0,1,1,0,0,0,2,0,0,0,0,2,0,0,0,0,0,0,2,1,0,1,0,0,0,1,1,-1,0,0,0,0,0,2,0,-0.748244,0,0,-0.733333,0,0,1,0,0,1,-2,1,1,3,1,1
-1,0,0,3,0,0,0,-0.103332,1,0,2,0,0,0,0,0,-0.596417,-1,-1,1,0,0,0,0,0,0,0,0,1,0,-1,0,0.84825,6,0,1,1,0,0,0,0.233333,0,2,-0.643788,0,0,1,0,0,0,0,0,0,0,1,0,0,0,1,0,0,0,1,1,0,0,0,0,0,1,0,0,1,0,2,0,0,0,-2,0,0,0,2,0,0,-3,0,-0.740356,0,0,-0.622721,0,0,0,0,0,0,0,0,1,0,0,1
0,0,0,0,0,2,0,-0.376105,0,0,0,1,0,0,-1,0,-0.642005,0,0,0,0,-1,0,0,0,0,0,0,0,2,0,0,0.45737,3,0,0,0,0,0,0,0.209177,-1,0,-0.455478,1,0,0,0,1,0,0,0,0,1,1,-2,0,0,-1,0,0,0,2,1,0,0,1,0,-1,1,0,0,3,0,0,0,-2,0,0,0,0,0,1,-1,0,-1,0,-0.595194,0,0,-0.741446,0,0,0,0,0,1,0,0,-1,0,0,1
0,0,-1,2,0,0,1,-0.60214,0,0,0,0,0,0,1,0,-0.709664,-1,0,0,1,0,0,0,0,1,0,-1,0,-1,1,0,0.61578,8,0,2,1,0,2,0,0.233333,-1,0,-0.737624,0,-3,0,0,0,1,0,0,0,0,1,0,0,0,-1,0,0,0,0,0,0,0,1,3,0,0,0,0,0,0,0,0,0,0,0,0,0,1,1,0,0,0,-1,-0.675676,-2,0,-0.860838,-2,0,0,0,0,0,0,1,0,0,0,1
0,1,0,0,0,0,0,-0.645358,0,0,1,0,1,0,1,0,-0.454545,0,1,0,0,0,-1,0,-1,1,0,2,0,1,0,0,1.67935,7,0,0,0,0,0,0,0.865128,0,0,-0.769207,0,0,1,0,0,0,0,-1,0,-1,0,-1,0,-2,0,0,-1,0,0,0,-1,-1,-1,1,0,0,1,0,0,0,0,0,1,0,-1,0,0,3,0,0,0,0,0,-0.72093,0,-1,-0.782004,0,0,0,-1,0,-1,0,0,-3,0,0,1
0,1,0,0,0,0,0,-0.525097,0,0,0,0,-2,0,1,-1,-0.67801,0,0,0,0,0,0,0,1,0,0,0,0,1,0,0,1.61454,2,0,0,2,0,0,0,0.844046,0,0,-0.78128,1,0,0,0,0,0,0,0,0,-1,0,0,0,0,0,1,0,0,0,-1,0,-1,-2,1,0,0,1,0,-1,0,0,0,0,0,0,0,0,0,0,-1,0,0,0,-0.856302,1,0,-0.264644,0,0,-1,0,0,0,0,0,0,0,0,1
0,0,-1,0,0,-1,0,-0.310089,1,0,-1,0,0,0,0,-1,-0.454545,0,1,0,0,0,0,0,0,0,0,0,0,0,-1,1,1.90497,2,0,0,0,0,0,0,0.776128,0,0,-0.259698,0,0,0,0,-1,0,0,0,0,0,0,0,0,0,0,0,0,0,2,0,0,-1,0,-3,0,-1,0,0,0,0,0,0,0,0,0,0,0,0,0,0,0,-2,0,-0.743411,0,0,-0.670557,0,0,2,0,0,0,0,0,-1,0,0,1
0,2,0,0,0,0,0,-0.752813,0,0,0,0,-2,0,1,1,-0.681352,0,0,1,1,0,0,0,0,0,0,0,0,0,0,0,1.20072,4,0,0,0,0,0,0,0.946222,0,0,-0.350095,4,-1,0,0,1,0,0,1,1,0,0,0,0,1,0,0,0,0,0,1,0,1,-1,-1,0,0,0,0,0,0,0,0,0,3,0,0,0,0,0,0,0,-1,0,-0.557311,0,0,-0.760139,0,0,0,0,0,-1,3,0,-1,0,1,1
0,-1,0,1,0,0,-1,-0.656996,0,0,-2,1,0,0,0,0,-0.749587,0,0,1,1,0,1,0,-1,0,0,0,0,0,0,1,1.43106,12,-1,0,0,0,0,-1,0.961317,0,0,-0.753242,0,0,0,1,0,2,0,0,0,4,0,0,-1,0,1,0,0,0,-1,1,0,0,-1,-3,0,0,0,0,0,0,0,0,0,0,0,0,0,0,0,0,0,0,0,0.453826,0,0,-0.190849,0,0,2,1,0,0,0,0,0,0,1,1
0,1,0,0,-1,0,1,-0.686226,0,1,0,0,0,-2,-3,0,-0.6,0,0,2,1,0,0,0,0,1,0,2,2,2,0,0,1.33628,3,0,0,-1,1,0,0,1.657579,5,0,-0.734742,0,-2,0,0,0,0,0,2,1,0,0,0,-1,0,-1,0,0,1,2,1,0,0,0,0,0,0,0,1,0,0,2,0,1,0,0,-1,0,0,0,0,0,1,0,-0.692308,0,0,-0.782298,0,0,2,0,0,-1,1,1,0,1,1,1
0,0,0,-1,0,0,0,0.241489,0,0,-2,0,0,0,0,3,0.220135,0,-1,1,1,0,0,0,0,0,0,0,0,0,-1,0,1.34286,12,0,0,0,-1,0,0,0.19005,0,0,-0.754681,0,0,0,0,0,0,1,0,0,0,0,1,0,0,0,0,0,0,4,0,-1,0,0,4,0,0,1,0,0,0,1,0,0,0,0,0,0,0,0,0,0,1,0,-0.755878,0,0,-0.671423,-2,0,0,0,1,0,0,0,0,0,0,1
0,0,0,0,0,0,-1,-0.538462,0,0,0,-1,1,3,0,2,-0.411087,-2,0,1,0,0,0,0,0,0,0,1,0,0,-1,0,1.55374,1,0,0,0,0,1,0,0.753844,1,0,0.328004,0,-1,2,0,0,0,0,0,0,0,0,0,-1,1,0,2,0,0,0,0,-1,0,0,2,0,0,0,0,0,0,1,0,0,-1,-1,0,0,0,0,0,-1,0,0,-0.759767,0,0,-0.611565,0,0,0,0,0,0,1,1,0,6,0,1
0,0,1,0,0,0,0,-0.73479,1,0,1,0,0,0,0,0,-0.690786,0,0,1,1,0,-1,0,0,0,0,2,-1,0,-1,0,3.9994,2,0,0,0,0,1,0,0.191489,2,1,-0.744681,-1,-1,0,0,0,0,0,0,0,1,0,1,-1,0,-1,0,0,0,-1,-2,0,0,0,0,0,0,1,0,0,0,-1,0,0,-1,1,-2,1,0,0,0,0,0,0,-0.738261,0,0,-0.397024,1,0,0,0,1,0,0,0,0,0,0,1
0,0,-1,0,0,0,0,-0.774956,0,0,0,0,0,0,0,0,-0.081079,0,0,0,1,0,0,0,0,0,0,0,1,0,2,0,0.91733,9,-1,0,0,1,-1,1,3.839167,0,0,-0.571429,0,0,-1,0,0,0,0,1,0,1,0,0,0,-1,0,0,0,0,0,0,0,1,0,3,0,0,0,0,0,0,-1,2,-1,0,0,1,0,0,0,0,0,0,0,-0.156206,0,0,-0.714286,0,0,0,0,0,0,0,0,2,0,0,1
0,0,0,0,0,-1,-2,-0.880862,0,0,0,0,0,0,1,0,-0.491313,1,0,0,0,0,0,0,0,0,0,0,0,-2,0,1,0.8076,2,0,0,1,-1,0,0,1.14286,4,0,-0.611215,0,0,1,0,0,0,0,0,0,0,0,2,0,0,0,1,0,0,0,1,0,0,0,0,0,0,0,0,0,0,0,0,0,0,0,0,-1,0,1,0,0,0,-1,-0.652118,0,0,-0.676452,0,0,1,0,-3,-2,0,0,0,1,0,1
0,3,0,0,0,0,0,-0.794793,0,0,-1,0,1,0,0,0,-0.509872,0,2,0,1,0,0,0,0,-1,1,0,1,-2,0,0,0.8,7,1,-1,0,0,1,0,1.14286,0,1,-0.577005,-1,1,0,0,0,0,0,0,1,0,0,2,1,2,0,0,0,0,0,0,0,1,1,3,0,0,0,0,0,1,2,0,-4,0,0,0,0,0,-2,-2,0,0,1,0.361858,0,1,-0.870313,0,0,2,0,0,0,0,0,1,0,0,1
0,3,0,1,1,0,0,-0.651956,0,0,0,0,0,0,0,1,-0.212127,0,0,1,0,-1,0,1,0,0,0,0,0,0,0,1,0.74885,1,0,0,0,0,0,0,2.984279,0,1,-0.113703,0,1,0,0,0,0,0,0,0,0,0,2,-2,0,0,0,0,1,0,0,0,0,1,0,0,1,0,-1,0,2,0,0,0,0,0,0,0,0,0,0,0,0,0,-0.74255,0,0,1.383713,0,0,0,0,0,1,0,0,1,-3,1,1
0,0,0,0,1,0,0,-0.836528,0,0,1,0,0,0,0,0,-0.060022,0,0,0,0,-1,0,0,0,0,0,2,0,0,0,-1,0.66656,7,0,0,0,0,0,0,2.242732,-1,-1,-0.496604,0,1,0,0,0,1,1,0,0,0,-2,0,0,1,0,0,0,0,0,0,1,0,0,0,0,0,0,0,0,0,0,0,0,0,0,0,0,-1,0,1,0,2,0,-0.655265,1,0,-0.622883,0,0,2,0,0,2,0,1,0,1,1,1
0,0,0,0,0,-1,0,-0.280881,1,0,0,0,1,0,0,-1,-0.533424,0,0,0,0,0,0,0,0,0,0,0,0,0,0,1,0.99164,4,0,0,0,0,0,0,1.125077,0,0,-0.467236,0,0,-2,-1,0,-1,1,0,0,0,0,0,0,1,-1,0,0,1,-1,-1,1,0,1,0,0,0,0,-3,0,0,0,0,0,0,0,0,-1,0,0,1,0,0,0,-0.725589,0,-1,-0.816306,3,0,0,0,1,0,0,1,0,1,1,1
0,-1,0,1,0,0,0,-0.179781,0,0,0,0,0,0,0,0,-0.449029,0,0,-3,2,0,0,1,-1,0,0,0,0,0,-4,0,1.84684,5,0,0,1,0,1,0,0.757397,1,0,-0.793998,-1,0,0,0,0,0,0,0,0,1,0,1,0,0,3,-2,0,0,0,1,0,-1,0,2,-1,0,8,3,3,-1,0,0,0,0,0,1,1,0,0,0,0,2,0,-0.707317,0,0,-0.598321,1,1,0,0,-1,0,0,0,1,1,1,1
1,0,2,1,0,0,0,-0.743378,0,0,0,1,0,1,0,0,-0.752197,0,0,-1,0,0,0,0,0,-1,0,0,3,0,0,-1,1.57325,4,0,-1,1,-1,0,0,0.633088,0,0,-0.81296,-1,2,0,0,-1,0,0,0,-1,0,0,1,0,0,0,0,0,1,-2,1,0,1,0,0,1,0,1,0,1,0,0,0,0,0,0,0,0,0,0,0,0,0,0,-0.187631,0,0,-0.589379,-1,0,0,0,0,0,0,0,1,0,1,1
0,-2,0,-1,0,0,0,-0.683471,0,0,0,1,0,1,0,0,-0.755102,0,0,0,0,0,0,2,0,0,0,-1,0,0,0,0,1.90076,13,0,-1,0,0,1,0,0.822093,0,0,-0.802076,0,0,2,0,0,0,0,0,0,1,0,0,2,-1,0,-1,0,0,0,0,0,0,0,0,-2,0,1,0,1,0,0,0,0,0,0,0,0,0,0,0,0,0,0,-0.707317,-1,0,-0.206909,0,1,2,0,-1,1,0,0,0,1,1,1
0,0,0,0,1,0,0,-0.636905,0,0,0,0,2,0,2,-1,0.410648,1,0,0,0,1,3,0,0,0,0,0,0,0,0,0,1.26832,7,0,0,0,0,0,0,1.873323,0,0,-0.776877,0,0,0,0,0,-3,0,0,0,-1,0,0,0,1,2,0,0,1,1,0,1,1,0,0,0,0,1,0,3,0,0,0,1,1,0,0,0,0,0,0,1,0,0,-0.661726,0,0,-0.727835,2,0,0,0,0,0,0,1,0,0,1,1
0,0,0,0,0,0,0,-0.700106,0,0,0,1,0,-1,1,1,-0.69463,0,0,0,2,0,1,-1,0,0,0,0,0,1,0,-1,1.3583,7,0,0,1,1,0,0,0.73632,1,0,-0.735454,1,1,0,-1,0,0,-1,0,0,0,0,0,2,0,0,0,0,0,0,-1,-3,0,0,0,0,0,0,0,0,0,0,0,1,0,0,0,1,-1,0,0,0,0,-1,-0.842932,0,0,-0.852001,0,0,0,0,0,0,1,1,1,0,1,1
0,0,0,1,0,-1,0,-0.681968,0,0,0,0,0,3,1,0,-0.604967,0,0,0,0,1,1,0,0,1,0,0,3,1,0,1,1.66101,5,0,-2,0,0,0,0,1.440348,1,0,-0.784283,0,1,0,0,0,0,0,0,0,-1,0,0,0,0,-1,1,-1,0,-1,0,0,0,0,0,0,0,0,0,0,2,0,0,-1,0,0,0,1,0,0,0,0,2,0,-0.73913,0,0,-0.489931,2,0,-1,0,0,0,1,1,1,0,1,1
0,0,0,1,0,-1,0,-0.444441,0,0,0,1,0,0,0,1,-0.642753,0,0,1,3,0,0,1,-1,0,0,2,-1,-2,0,0,1.22741,4,0,0,0,0,0,0,0.426024,2,0,-0.684211,0,0,0,0,0,0,0,0,0,-1,0,0,0,0,2,1,0,-1,0,1,0,0,0,-1,0,0,0,0,0,0,0,1,-1,0,0,0,0,0,0,1,0,0,0,-0.73414,1,0,-0.686558,-1,0,0,0,0,1,0,0,1,1,0,1
0,0,0,1,1,0,1,-0.597337,0,0,0,0,0,-2,0,0,-0.643609,0,0,0,1,0,1,-1,0,0,1,2,1,0,1,0,0.80335,11,0,0,0,0,0,0,0.34328,0,0,-0.642746,0,0,0,0,0,0,0,0,0,0,0,0,-1,0,2,0,0,0,0,-1,0,0,1,0,0,0,0,0,0,0,0,0,0,0,0,0,-1,0,0,2,0,-3,0,-0.626366,0,0,-0.526242,0,0,-1,0,0,1,0,0,1,0,0,1
0,0,-2,1,1,0,0,-0.826156,-2,0,1,0,-2,0,2,1,-0.622407,0,0,0,1,0,0,0,0,0,0,0,1,0,0,0,2.26739,15,0,-1,0,0,0,0,0.518708,0,1,-0.700448,0,0,0,0,0,0,0,0,0,0,0,1,0,0,0,1,0,0,3,0,0,0,1,-1,0,-1,0,3,0,0,0,0,0,0,1,0,0,0,0,0,0,0,2,-0.605719,0,0,-0.650993,-1,0,-2,0,0,0,2,0,0,3,0,1
0,0,0,-2,1,0,1,-0.760728,0,0,0,0,0,0,0,0,-0.575354,0,0,0,0,-2,1,0,0,-1,0,0,0,0,1,-2,1.20626,15,0,0,0,0,0,0,2.58974,1,0,-0.63488,1,-1,0,0,1,0,0,0,0,0,0,0,-2,0,1,1,0,0,-1,0,0,2,0,0,0,0,0,1,0,1,0,0,0,0,-1,0,1,-1,1,-2,0,-1,1,-0.639851,2,0,-0.082217,2,0,0,1,0,0,1,-1,0,0,1,1
0,0,0,0,0,0,0,-0.74948,-1,0,-1,0,-1,0,0,0,-0.837362,0,0,0,-1,0,1,0,-1,0,0,2,0,2,1,0,1.09676,5,0,1,0,3,1,0,2.58974,1,0,-0.705589,1,0,0,0,0,0,0,0,0,0,0,0,0,0,0,1,0,0,0,0,0,0,0,0,0,0,-1,1,0,1,0,0,0,0,0,1,1,-1,0,2,-1,0,1,-0.685721,0,-1,-0.756655,3,0,0,0,0,0,1,0,1,0,1,1
0,0,0,0,0,0,0,-0.774909,0,0,-1,0,0,2,0,0,-0.20515,0,0,0,0,1,0,1,0,0,0,2,2,-4,1,0,1.58291,4,0,0,0,0,0,0,2.989227,0,0,-0.510396,-1,0,1,0,0,-3,0,0,0,0,1,0,1,1,0,0,0,0,0,0,0,0,-1,-1,0,0,0,0,0,0,0,-3,0,0,0,0,0,0,0,0,0,0,2,-0.639546,0,0,-0.555864,0,0,0,0,0,1,0,0,0,0,1,1
1,0,-1,0,0,1,0,-0.752184,0,0,0,0,0,0,0,0,-0.657989,0,0,0,0,0,0,0,0,0,0,1,0,1,-3,0,1.88024,20,0,1,1,0,0,1,2.56757,0,0,-0.41927,0,0,0,0,-1,-1,0,0,0,-2,2,-1,0,0,1,0,0,1,2,0,0,0,1,0,0,-1,0,0,0,0,0,0,0,0,0,-1,0,0,0,0,0,-1,0,-0.541205,0,0,-0.865169,0,3,0,0,1,0,0,0,0,1,1,1
1,0,0,0,0,2,0,-0.765655,0,0,-1,0,1,0,1,0,-0.781998,0,0,0,0,0,-1,0,0,0,0,0,0,1,-3,0,0.47034,3,0,1,1,0,0,1,2.56757,2,0,-0.516201,0,-1,0,0,0,0,1,0,0,0,-2,0,2,0,1,0,0,0,-1,0,-4,0,1,0,0,0,0,0,0,0,0,-1,-1,2,0,0,0,0,0,0,1,0,0,-0.714286,0,0,-0.646692,0,0,-1,4,0,0,0,0,-1,-3,1,1
0,0,0,-1,-2,0,0,-0.513897,0,0,1,0,0,0,0,1,-0.730355,-1,0,2,0,1,0,0,0,0,0,2,0,0,1,0,1.00561,3,0,0,1,0,1,0,2.56757,1,0,-0.668084,1,0,0,0,0,0,1,0,0,0,0,5,0,0,0,0,0,0,0,0,6,0,1,0,0,0,0,0,0,-1,0,0,0,1,0,0,0,0,0,0,0,0,0,-0.714286,0,0,-0.82618,0,0,2,0,0,-1,0,-1,0,1,1,1
0,0,0,0,1,-2,2,-0.828896,0,1,0,0,0,0,0,0,-0.597378,0,0,0,0,0,0,0,2,0,0,0,2,0,0,0,1.02857,4,0,0,1,0,-1,0,1.536202,0,0,-0.119962,0,0,2,0,1,0,2,-1,0,-1,0,0,0,0,0,0,0,0,-1,0,0,2,0,1,0,0,0,0,1,0,0,0,1,0,0,0,0,0,0,0,0,0,0,-0.41988,0,0,-0.526921,0,1,0,0,0,0,0,0,-1,-1,0,1
0,0,0,0,0,1,0,-0.764706,0,0,0,0,2,0,0,0,-0.787381,0,0,1,0,0,-1,0,0,0,0,-1,0,0,0,0,1.02857,3,1,1,1,0,0,0,0.748334,1,0,-0.609959,-1,0,1,0,0,1,0,0,0,0,1,0,0,1,0,3,0,0,0,-1,1,2,0,0,0,0,0,1,-2,0,0,1,1,0,0,0,0,-1,0,0,1,2,1,-0.478261,0,0,-0.4634,0,0,0,0,-1,0,0,0,1,0,0,1
-1,3,0,0,0,0,0,-0.754115,0,0,1,0,0,0,0,0,-0.677459,-2,0,-4,1,-1,0,0,0,0,0,3,0,0,-1,0,1.00843,14,1,1,1,0,0,0,2.184626,3,0,-0.632908,0,0,0,0,0,1,0,0,0,0,0,1,0,0,1,0,0,0,-1,1,0,0,0,0,0,0,0,1,0,-1,0,0,2,-3,0,1,0,-2,1,0,1,0,1,0.720929,0,0,-0.050704,0,1,0,0,0,0,1,2,0,0,0,1
0,0,-2,0,1,0,0,-0.567746,0,0,1,0,0,1,0,0,-0.434157,1,0,0,0,0,2,0,0,0,1,0,2,-2,0,0,1.46518,9,0,0,0,0,0,0,3.565882,5,0,-0.627517,0,0,0,0,0,0,0,0,1,0,0,0,-1,-4,0,2,0,0,0,0,1,0,0,1,1,-1,4,1,0,0,0,0,0,0,0,0,0,1,0,0,0,-4,0,-0.732056,0,0,-0.61129,0,0,0,-1,0,1,-1,0,1,0,1,1
0,-2,-1,0,1,0,0,-0.715656,0,1,-1,0,-1,-1,0,0,-0.685551,0,0,2,0,0,0,0,0,0,0,0,-1,0,-2,0,1.50518,12,0,0,-5,0,0,0,0.639792,0,0,-0.624659,2,0,0,0,0,2,0,0,0,0,0,0,2,0,0,0,1,0,0,0,1,1,0,2,0,0,0,0,0,0,0,0,0,0,0,-1,0,0,0,0,0,0,1,-0.742765,0,0,-0.555922,0,0,0,0,0,1,0,0,1,0,1,1
0,0,0,0,1,1,0,-0.602261,-1,0,0,0,0,-1,2,1,-0.46415,0,0,1,5,0,0,1,1,1,0,0,2,2,0,0,1.53876,2,0,0,0,0,0,-1,1.432698,0,3,-0.748006,0,0,0,0,0,-1,0,0,-2,0,-2,0,0,0,4,0,0,0,0,0,0,0,-3,0,0,0,-2,0,0,0,0,0,0,1,0,0,0,0,0,0,0,-1,-1,-0.735169,-2,0,-0.535439,0,0,0,-1,0,1,0,0,1,0,1,1
0,1,0,0,0,2,0,-0.799536,0,0,0,0,0,0,0,0,0.939492,0,0,-1,1,0,1,0,0,0,0,0,0,0,0,1,0.70261,2,0,0,-1,0,0,0,0.512821,0,0,-0.782106,0,0,0,0,0,0,0,0,0,1,3,0,0,0,0,0,0,0,0,-1,1,0,0,0,0,0,0,0,0,0,0,0,0,0,0,1,0,0,0,0,0,0,0,-0.777778,0,1,-0.585539,2,0,0,0,0,0,0,-1,0,0,1,1
0,0,-2,0,0,1,0,-0.675676,0,0,0,0,-1,0,0,0,-0.616441,0,0,0,1,0,0,1,-1,1,0,0,0,0,0,0,1.45027,-20,0,0,4,0,-1,1,0.507434,0,0,-0.604793,0,0,1,0,0,1,0,0,0,0,0,0,1,0,0,-3,0,0,0,0,1,0,0,0,0,1,0,0,0,0,2,0,0,-1,0,0,0,0,0,0,0,0,0,-0.729652,-1,0,-0.636241,0,0,-1,-2,1,1,1,-1,0,0,1,1
0,2,1,0,1,0,0,-0.326144,0,0,0,0,0,-1,2,0,-0.713119,0,0,0,1,0,1,0,0,0,0,0,0,-1,0,0,0.98298,16,0,0,0,0,0,-2,0.594991,0,0,-0.694343,0,0,0,-1,0,0,0,0,0,0,1,0,0,0,0,1,0,-1,0,0,0,0,-2,0,0,0,0,0,0,0,0,0,0,2,0,1,-1,0,1,0,0,0,0,-0.906856,0,2,-0.52567,0,0,0,0,-1,0,0,0,1,-1,1,1
0,0,0,0,0,0,0,-0.478261,0,0,0,0,-2,0,0,0,-0.809524,0,0,1,1,0,0,0,0,0,0,0,0,0,0,0,1.16526,5,0,0,-1,0,0,0,0.866667,0,0,-0.614429,0,0,0,0,-1,0,0,0,0,0,1,0,0,1,0,0,0,-1,0,0,0,0,-1,0,0,0,0,-2,0,-1,0,0,0,0,0,0,0,0,0,0,0,0,1,-0.697556,0,0,-0.850711,1,0,0,0,0,0,0,1,0,0,0,1
0,0,-1,1,0,1,0,-0.048955,0,2,0,0,0,0,0,-1,-0.591715,0,0,0,0,0,0,1,0,0,0,0,2,0,0,-1,0.74336,0,0,1,0,-1,-1,1,1.063367,-1,0,-0.501441,0,-2,0,0,-2,0,0,-1,0,0,0,-1,0,-4,1,-1,0,0,3,1,0,-1,-1,0,0,0,0,-1,1,0,1,0,0,-1,1,1,-1,2,0,0,0,0,2,-0.914443,0,1,-0.721435,1,0,-1,0,0,0,0,1,1,0,0,1
0,0,1,3,0,0,0,-0.834549,0,0,0,0,0,1,-1,-1,-0.834729,1,0,0,1,0,0,0,0,0,0,-3,0,0,-1,0,1.03443,10,0,0,0,1,0,-1,0.923928,1,0,-0.708691,0,-1,0,0,0,0,0,0,0,0,0,0,0,0,0,0,0,0,0,0,1,5,0,0,0,0,2,0,0,0,0,0,0,1,0,0,0,1,0,-5,0,1,0,-0.717027,0,0,0.699314,0,0,0,0,0,-1,-1,-1,1,0,0,1
0,1,0,0,0,0,1,0.222002,1,0,-1,0,2,1,0,1,-0.675676,0,0,0,0,0,0,0,0,0,0,0,0,-1,1,-1,1.70493,11,0,0,2,0,0,0,0.45057,0,0,-0.728555,-1,-1,0,0,2,0,1,0,1,0,-2,1,1,0,-1,-2,0,0,0,0,0,0,0,1,0,0,0,0,0,0,0,0,2,-3,0,1,0,1,-1,1,0,0,0,-0.555706,0,1,-0.610689,0,0,0,0,0,0,1,0,0,0,1,1
0,0,-2,1,0,2,0,-0.294118,1,0,0,0,0,0,0,0,-0.633812,0,0,0,-3,0,-1,-1,0,0,0,-1,-1,0,1,0,1.74286,12,0,-1,1,0,-1,-1,1.216535,0,0,-0.803279,-1,0,0,0,0,1,0,0,1,0,0,0,0,0,0,1,0,0,3,0,0,0,2,2,0,0,1,0,0,0,0,0,0,0,0,0,0,1,0,2,0,0,2,1.147515,0,0,-0.674392,0,1,2,0,0,0,0,1,0,0,1,1
0,1,0,3,0,0,0,-0.337556,0,1,0,0,0,0,-3,1,-0.890003,0,0,0,1,0,0,0,0,0,0,0,2,0,1,0,1.70336,13,2,1,1,0,0,0,0.575299,0,0,-0.816829,1,1,0,1,1,0,1,0,0,0,0,-2,0,1,0,0,0,0,1,2,0,0,0,0,0,0,1,0,1,0,2,-1,0,0,-1,1,0,1,0,0,0,0,1,-0.755102,0,0,-0.6,0,-1,0,0,0,-2,0,1,0,0,1,1
0,0,-2,0,0,0,0,-0.474691,0,1,0,0,1,-2,0,0,-0.559754,2,0,0,0,0,0,0,0,0,0,0,0,0,0,1,1.51429,11,1,1,0,-1,0,0,2.558039,0,0,-0.855355,0,0,0,1,0,0,0,0,0,0,3,0,0,1,1,0,0,-1,1,0,0,3,0,3,1,0,0,0,0,0,0,1,1,0,0,0,0,0,0,0,0,0,-1,-0.759862,0,0,-0.668697,0,0,0,0,0,0,0,0,0,0,1,1
0,4,0,0,0,0,0,-0.688815,1,1,0,0,1,0,0,0,-0.401563,0,0,0,-1,0,2,0,0,1,0,3,0,0,1,0,1.42293,-8,0,0,0,0,0,0,1.732052,0,0,-0.70514,-3,0,1,0,-1,0,-1,0,0,2,1,0,0,0,0,0,0,0,0,0,0,0,1,1,0,0,0,0,-1,0,4,1,1,0,-1,-1,0,0,0,-2,0,0,0,-0.673366,0,0,-0.655938,5,0,0,0,0,2,0,0,1,0,1,1
0,0,0,2,0,2,1,-0.612903,0,1,-1,0,1,0,0,0,-0.716449,0,0,0,0,0,0,0,0,1,0,0,0,0,1,0,1.4878,3,0,0,0,0,0,2,0.673194,0,0,-0.737095,0,-1,0,0,0,1,1,-3,0,-1,1,2,0,0,2,0,0,0,1,0,0,1,0,0,0,1,0,2,0,0,0,0,0,0,0,0,0,1,0,0,0,0,0,-0.723289,0,0,-0.707554,0,0,2,0,0,0,0,0,2,0,1,1
0,0,0,0,0,0,-1,0.740491,0,0,0,0,0,2,-1,0,-0.797065,0,0,0,0,0,0,0,0,2,-2,0,1,0,0,0,1.37971,2,0,0,0,0,0,0,0.800854,1,0,-0.831871,0,0,0,0,0,0,0,0,0,0,1,6,1,-1,0,0,0,1,0,0,2,0,0,0,1,1,0,0,0,1,0,-1,1,1,0,0,1,0,0,0,0,0,-1,-0.368421,0,1,-0.586207,0,2,1,0,0,0,0,0,0,1,1,1
0,0,0,0,0,0,0,-0.612903,0,0,0,0,0,0,-1,0,-0.541136,0,0,0,0,0,1,1,0,0,0,0,1,0,0,0,1.11644,2,0,0,0,-1,0,0,0.74,0,0,-0.768728,0,0,0,0,0,0,0,0,1,0,0,0,1,0,2,0,0,-1,2,0,0,-1,0,0,0,0,1,0,1,1,0,0,0,0,0,0,0,0,0,0,0,0,0,-0.372505,0,1,-0.586207,1,0,1,1,0,0,0,0,0,0,1,1
0,0,0,0,0,0,1,-0.325198,1,0,4,-1,3,0,-4,0,-0.464813,0,-1,0,0,0,-1,1,0,0,0,-1,1,0,0,0,1.81384,5,0,-1,0,0,0,0,0.683676,0,0,-0.753019,0,1,0,0,0,0,0,1,0,0,1,0,1,0,0,0,0,0,0,0,1,0,0,0,0,0,1,0,1,1,0,0,1,1,-1,0,-2,0,0,2,0,0,0,-0.360783,0,1,-0.62247,-1,0,1,1,0,0,0,1,0,0,1,1
0,-1,0,2,0,0,-1,-0.694105,0,0,0,0,-1,0,0,0,-0.845707,0,0,0,0,0,0,0,0,1,0,-1,0,-1,0,0,0.46293,8,0,0,0,0,0,0,1.47727,0,0,-0.807385,0,0,2,0,0,-1,-2,0,0,2,1,1,0,0,0,0,0,1,-1,0,2,0,1,0,1,0,-2,0,0,0,0,0,0,0,0,0,1,-1,0,0,0,0,2,-0.294118,0,2,-0.689897,0,0,0,0,0,-3,-2,1,0,0,0,1
-2,0,-2,0,1,0,0,-0.753144,0,0,0,0,0,0,0,2,-0.72093,0,0,0,0,0,0,0,0,0,0,0,2,-1,0,0,0.93745,5,0,0,0,0,1,0,1.47727,0,0,-0.108223,0,2,0,-2,0,0,1,0,0,0,0,1,0,1,0,0,0,0,0,-1,0,0,0,0,0,0,0,0,0,-1,0,0,0,0,0,1,0,-1,0,2,0,2,0,-0.025748,0,0,-0.862696,0,-2,0,1,0,0,2,-1,0,0,0,1
0,0,2,0,0,0,1,-0.684211,0,0,0,0,0,0,0,1,-0.768278,0,0,0,0,0,0,0,0,0,0,0,-2,0,0,0,0.65133,5,0,0,2,0,0,0,1.631808,0,-1,-0.597872,-1,0,-3,0,0,0,0,0,0,0,0,0,0,1,-1,2,0,0,0,0,2,1,1,-1,0,0,0,0,0,-2,2,0,0,0,0,0,0,1,0,1,0,-2,0,-0.704218,0,-1,-0.675676,0,0,0,0,0,0,0,0,0,0,0,1
-1,0,0,0,0,0,0,-0.561831,1,0,0,-1,0,0,0,0,-0.524283,0,0,-1,-1,0,0,2,1,0,0,0,-1,0,0,0,0.5413,-9,0,-1,-1,1,0,0,1.069404,0,0,-0.678972,0,1,0,0,0,2,0,-1,1,0,0,1,0,0,0,0,2,-1,1,1,1,0,0,0,0,0,0,0,0,0,0,0,0,1,0,0,0,0,2,0,0,0,0,-0.857193,0,0,-0.731997,0,0,0,1,0,-3,2,0,0,0,1,1
0,0,0,0,0,0,0,-0.573323,1,0,0,0,0,1,0,1,-0.277997,0,-1,3,0,0,0,0,1,0,0,0,0,0,0,0,1.17385,18,0,0,0,1,-1,0,1.158073,0,0,-0.735371,0,0,0,0,0,0,0,0,0,2,1,1,0,1,2,0,0,1,0,1,0,0,0,-1,0,0,1,0,0,2,2,0,0,1,0,1,0,0,0,0,0,0,0,-0.445161,0,0,-0.750918,0,0,0,1,0,0,0,1,0,0,1,1
0,0,1,0,0,0,1,-0.847912,0,0,0,-1,1,1,-3,0,-0.704826,0,2,4,1,0,0,0,1,0,0,0,0,0,1,0,2.05914,2,0,0,0,0,0,0,1.840715,0,0,-0.772926,3,2,0,0,0,2,-1,0,0,-1,0,0,2,-1,1,0,-1,0,1,1,0,0,0,0,0,0,0,-1,-1,0,0,0,0,0,0,0,0,0,0,1,0,0,0,-0.75,0,1,-0.554198,0,0,-1,1,0,-2,0,1,0,-3,1,1
0,1,0,1,0,0,0,-0.730174,0,0,0,0,0,0,0,0,-0.753182,0,0,5,0,0,0,0,1,2,0,0,0,0,1,0,1.37143,6,0,0,0,0,0,0,0.424313,0,0,-0.881257,0,0,0,0,0,0,-1,0,0,1,0,0,-1,1,0,-1,0,0,0,0,-1,0,1,2,-2,0,0,0,-1,1,2,0,0,0,0,0,-1,-1,0,1,0,0,0,-0.068485,0,0,-0.652338,2,0,0,0,1,0,0,0,0,0,1,1
0,1,0,1,0,0,0,-0.786545,0,2,2,0,-1,0,3,0,-0.744681,0,0,0,0,0,1,0,0,1,0,0,-1,0,0,-1,1.52339,8,0,0,0,1,0,0,0.735045,0,0,-0.742124,0,0,0,0,1,0,0,0,0,0,0,1,0,0,0,0,0,0,0,3,0,0,1,0,0,0,2,1,2,0,2,0,0,1,0,0,0,0,0,0,0,3,0,-0.676476,-1,0,-0.709993,0,2,0,0,0,0,-1,-1,3,0,1,1
0,0,0,1,0,1,0,-0.7143,0,0,0,0,0,-1,0,0,-0.751598,0,0,-3,0,0,0,2,0,0,0,2,0,0,0,0,1.3027,0,0,0,0,0,0,1,0.583333,0,0,-0.813001,1,2,0,0,0,0,0,2,0,0,0,2,0,1,-1,-4,0,0,-1,0,0,0,1,0,0,3,-1,0,-2,0,0,0,0,1,0,0,0,0,0,1,0,0,0,-0.779178,1,0,-0.636614,0,0,0,1,0,0,1,0,0,0,1,1
0,0,0,0,0,-4,-1,-0.671508,0,0,0,1,0,0,3,0,-0.773585,0,0,1,0,0,0,-3,0,0,0,0,0,0,0,0,2.13516,7,1,0,0,0,0,0,0.422378,-1,0,-0.676268,0,-2,0,0,0,1,0,0,0,2,0,0,0,0,0,0,0,0,0,0,0,-2,2,-1,0,0,0,0,1,-4,3,0,0,0,3,0,0,0,0,0,0,0,1,-0.287052,0,0,-0.598479,0,0,1,0,0,0,0,0,0,0,0,1
0,-3,0,0,0,0,0,-0.294635,0,0,0,0,0,0,0,0,-0.826392,0,0,1,-3,0,1,1,0,0,0,0,1,0,1,0,1.75889,-18,0,0,1,1,1,0,0.390625,5,0,-0.68943,-2,-1,0,0,1,0,0,0,0,0,0,1,-8,0,1,0,0,0,2,0,0,0,0,-1,0,1,0,0,1,0,0,0,-1,-1,0,0,0,0,0,0,0,0,0,-0.328767,0,0,-0.7,-1,0,0,0,0,1,0,0,1,0,0,1
0,0,0,0,0,2,1,-0.77333,0,0,0,0,0,0,0,0,-0.682555,0,0,1,0,0,0,-4,0,0,0,0,2,0,0,0,2.09458,0,1,0,0,1,0,0,0.648175,3,0,-0.5727,1,-1,1,0,0,0,2,0,1,0,0,0,-1,1,0,0,0,0,1,-1,1,0,1,0,0,0,0,0,1,0,2,0,0,0,0,0,0,0,-1,0,0,0,0,-0.878784,0,0,-0.55887,0,0,1,0,0,0,1,0,0,0,0,1
-1,2,0,-2,0,0,0,6.690992,1,0,1,0,0,1,0,0,-0.271802,0,0,0,0,0,0,0,0,0,0,0,0,4,-1,0,1.15466,2,0,0,-1,0,0,-1,2.557059,-2,0,-0.674334,0,0,0,0,0,0,0,0,0,0,0,3,0,2,-2,0,0,-2,-1,2,3,0,0,0,0,0,1,0,0,0,1,0,2,-1,0,0,0,1,1,2,0,0,1,-0.706854,0,0,-0.142857,0,0,0,0,0,-2,0,1,1,1,0,1
0,2,1,-1,0,0,0,0.862069,-2,-1,0,0,0,0,1,0,-0.383977,0,-1,1,0,0,0,0,0,-1,0,1,0,5,1,0,0.57822,5,0,0,-3,0,-2,-1,0.623577,-1,0,-0.848924,1,2,0,0,0,0,0,0,0,0,1,0,0,0,0,0,0,0,0,0,1,-1,-2,0,0,0,-2,0,-1,0,0,-1,0,0,0,0,0,0,0,-2,-1,-1,0,-0.876726,0,0,-0.557419,0,0,0,0,0,2,0,1,0,-2,0,1
0,0,0,0,0,0,-1,2.722549,0,0,-2,0,0,0,0,0,-0.498327,0,0,1,0,0,0,0,0,-1,0,1,-1,-1,1,0,0.62511,13,0,0,-1,0,0,0,1.869091,0,1,-0.675676,0,0,0,0,0,0,0,0,0,3,0,2,0,0,0,0,0,0,0,0,1,1,0,0,0,1,0,1,0,0,2,0,0,0,0,0,0,0,0,0,0,0,0,-0.766939,0,0,0.348536,2,0,3,-1,0,0,0,0,0,0,0,1
0,0,0,0,0,0,0,-0.871454,1,0,0,1,0,0,0,0,-0.609686,0,-1,1,1,1,0,0,1,0,1,3,0,1,0,0,1.82013,1,0,0,-1,0,-1,0,0.967862,0,0,8.823904,0,0,0,0,0,0,0,-1,1,0,0,1,0,0,0,0,0,-1,0,0,1,0,0,0,0,0,0,0,4,0,0,0,0,0,-1,1,0,0,0,0,0,0,0,-0.162416,0,0,-0.671691,0,1,0,-1,0,1,0,0,0,1,1,1
0,2,0,0,0,0,0,-0.777778,1,0,0,0,0,0,3,1,-0.66549,0,0,0,1,0,0,0,0,1,1,0,0,1,0,0,2.01576,0,0,-1,0,-1,0,0,1.265103,0,0,8.266759,0,0,1,0,0,1,0,0,0,-1,0,0,1,1,0,0,1,0,0,0,1,-1,-1,0,1,0,0,0,-1,0,0,0,0,1,0,0,0,0,0,1,0,1,0,-0.809524,0,0,-0.83787,1,0,0,0,0,0,2,0,-1,1,1,1
0,0,0,0,0,-1,0,-0.735786,1,1,0,0,1,0,0,1,-0.756159,1,0,2,1,0,0,0,1,1,2,0,0,-2,0,-1,1.81632,4,0,0,-1,-2,0,1,1.0,0,0,8.275245,0,0,0,-1,0,-1,0,0,0,1,0,1,0,1,-1,-3,0,-1,0,0,1,1,0,0,2,0,-1,0,5,0,0,0,0,0,0,0,0,0,1,0,0,0,0,-0.625804,0,0,-0.846039,0,1,-1,-1,0,1,0,0,0,1,1,1
0,1,0,1,0,0,0,-0.649326,0,0,0,0,0,2,-1,0,-0.582139,1,0,2,0,0,0,1,0,0,0,0,0,0,0,0,2.5483,12,0,0,0,1,0,0,1.546589,-1,0,-0.624679,0,0,0,0,0,0,0,0,0,0,0,0,0,-1,0,0,0,1,2,0,0,0,0,0,0,1,0,0,0,1,0,0,0,0,0,0,0,0,0,0,0,0,1,-0.566993,0,0,-0.4,0,0,2,-1,0,1,0,-1,0,-1,1,1
0,0,0,0,0,0,0,-0.303072,0,-1,0,0,-1,0,0,0,-0.453632,1,-1,0,0,0,0,-1,1,0,0,0,0,4,-2,0,0.53579,8,0,0,0,0,-2,0,1.532364,0,0,-0.76,0,0,0,0,0,1,-1,0,-1,0,1,0,0,0,1,0,0,0,0,0,0,0,0,0,0,1,0,0,0,-1,0,0,0,0,0,0,0,1,0,0,0,0,0,-0.612283,0,1,-0.310752,0,0,0,0,0,1,0,0,0,0,1,1
0,0,0,1,0,0,0,-0.80314,-1,0,0,0,0,-1,0,0,-0.721776,0,0,0,1,0,0,0,0,0,1,0,0,0,0,0,0.8718,12,-1,-1,-1,0,-4,0,0.461543,0,0,-0.88247,-3,0,0,0,0,0,0,0,0,2,0,1,0,0,0,0,0,0,0,0,0,-7,1,-2,0,0,0,-1,3,0,0,0,0,0,0,0,0,0,0,-1,0,-1,1,-0.566866,0,0,-0.034718,0,0,0,0,-1,1,0,0,0,0,1,1
0,0,0,0,2,0,0,-0.710431,0,0,0,0,0,0,0,4,-0.200502,0,0,0,0,0,2,1,0,0,-1,0,1,1,0,0,3.67672,10,0,0,-2,0,0,0,0.516449,0,0,-0.773585,0,0,0,0,0,0,0,0,0,0,0,0,1,1,0,0,0,0,-1,-1,0,1,0,0,4,1,1,0,0,1,0,1,1,0,0,0,0,0,1,1,0,0,0,-0.733877,0,0,0.037674,0,0,1,0,0,0,0,0,1,1,0,1
0,0,0,0,0,0,0,-0.764706,0,0,-1,-1,0,-2,-1,-1,-0.836388,0,0,-2,0,0,0,2,0,0,0,3,0,2,0,0,1.58288,0,0,0,0,-1,0,0,1.953797,1,0,-0.503103,0,-2,-2,-1,-1,0,0,0,0,0,0,0,1,0,-3,0,0,0,0,0,0,2,0,1,0,0,0,0,0,1,0,0,1,0,0,0,0,0,0,1,0,1,0,-0.583438,0,0,-0.465055,0,0,0,0,0,0,0,0,0,1,0,1
0,0,4,0,1,1,0,-0.778205,1,0,0,0,0,0,0,2,0.392733,0,0,0,0,0,0,0,-1,0,0,0,0,0,0,0,2.6679,12,0,0,0,0,0,0,0.74129,3,0,-0.75791,0,1,0,0,0,0,0,0,0,0,2,0,0,0,0,0,0,0,-1,0,0,0,0,0,1,0,0,0,1,0,0,-1,0,0,0,0,0,0,0,1,0,2,0,-0.606381,0,1,-0.559676,2,0,0,0,0,0,-1,0,1,1,0,1
0,0,0,0,0,2,-1,-0.654288,0,0,0,0,0,0,0,-1,-0.707317,0,0,0,0,1,0,1,0,0,0,0,0,0,0,0,1.0181,7,0,0,0,0,0,0,3.792876,0,0,-0.745254,0,-2,0,0,0,0,0,0,0,0,2,0,0,0,0,0,0,0,1,0,0,2,0,0,2,0,0,0,0,0,0,0,0,0,0,1,0,0,0,0,1,0,0,-0.624441,0,0,-0.765524,0,0,0,0,0,0,0,1,0,0,0,1
0,0,1,1,0,0,0,-0.586207,0,0,-1,0,0,0,2,0,-0.712711,0,2,0,1,0,0,0,0,0,0,0,1,2,0,-3,0.94408,4,0,0,0,-1,0,0,1.860625,0,0,-0.540307,0,0,0,0,0,0,0,0,0,-2,1,0,-1,0,1,-1,0,0,1,-1,1,0,0,0,1,0,-1,0,0,0,0,0,0,0,0,0,0,1,0,-2,0,0,0,-0.732287,0,1,-0.73913,0,0,1,0,0,0,0,1,1,0,0,1
0,0,-2,1,0,0,0,-0.255023,0,0,0,0,0,0,0,0,-0.732763,0,1,0,0,0,0,0,1,0,0,0,2,0,0,2,0.94286,6,-1,0,2,0,0,0,2.194485,0,0,-0.395435,0,0,0,0,0,0,-1,0,0,0,3,1,1,1,0,0,0,0,0,0,1,0,0,0,-1,0,0,0,0,-1,2,0,-1,1,0,0,0,0,0,0,0,2,-2,-0.894364,0,0,-0.734595,0,0,-1,0,0,1,0,0,-1,0,0,1
0,0,0,0,0,1,-1,-0.341687,0,0,0,0,-3,0,0,0,-0.787053,0,0,1,0,0,-1,0,0,1,0,0,0,0,0,4,1.74534,17,0,0,0,0,2,0,0.556327,2,0,-0.812296,0,0,0,0,-2,0,0,0,0,0,0,1,0,2,-1,0,0,0,1,1,0,0,1,0,0,0,1,0,1,0,0,0,0,0,0,0,0,0,0,0,0,1,0,-0.759747,0,0,-0.465993,-1,0,0,0,0,0,0,1,1,0,1,1
0,1,0,-1,-1,2,2,-0.441654,0,0,0,1,0,0,-1,0,-0.658541,0,0,0,0,0,0,-2,-1,0,-3,0,3,-1,0,-1,1.76761,4,0,1,0,0,0,0,1.204478,5,1,-0.806452,0,0,1,0,0,-1,0,0,0,0,0,1,2,0,-1,1,0,0,-4,0,0,0,1,1,0,0,1,-1,1,0,0,0,0,1,1,1,0,0,0,0,0,0,1,-0.850709,0,0,-0.507946,0,0,0,0,0,0,0,0,0,1,1,1
0,1,-1,0,0,0,0,-0.782498,0,0,0,0,0,0,0,-1,-0.658649,1,0,0,0,0,-1,0,0,0,0,0,2,0,0,0,1.77143,3,0,1,0,0,0,0,0.678069,0,1,-0.524333,0,0,0,1,0,0,0,0,0,0,0,1,0,1,0,1,0,0,0,0,0,0,1,1,0,-2,0,0,1,0,0,0,0,0,1,1,0,1,0,0,0,0,0,-0.829182,0,0,-0.564441,-3,0,0,0,0,0,-1,1,0,1,1,1
0,0,0,0,-1,0,0,-0.578778,0,0,0,1,0,0,0,0,-0.428571,0,0,0,0,2,1,-1,0,0,1,-1,0,0,1,0,1.15004,9,0,0,1,-1,0,0,2.428008,0,0,-0.789474,0,0,-1,0,-3,0,0,0,0,0,0,-4,0,1,0,1,0,0,2,0,0,0,0,0,0,0,0,0,0,1,0,0,-2,0,0,0,0,0,0,0,1,0,0,-0.406218,0,0,-0.481028,4,1,0,0,0,0,0,1,0,0,1,1
0,0,0,-2,0,0,-1,-0.555556,0,0,0,0,0,0,0,2,2.331075,0,1,1,-6,0,0,0,0,0,0,2,0,0,0,0,1.62857,4,-1,0,0,0,0,0,0.526316,0,0,-0.882528,0,1,0,0,0,0,0,0,0,1,0,1,-1,0,0,0,0,0,0,-1,1,0,0,-2,0,0,0,0,0,0,0,0,-1,0,0,0,0,0,-1,0,0,0,0,-0.537209,0,0,-0.4,0,0,2,0,0,1,0,0,0,-1,1,1
0,0,0,0,0,2,0,-0.692887,0,0,1,0,-1,0,0,0,-0.696553,0,0,1,0,0,0,1,0,0,-1,0,0,0,0,0,1.62243,2,-1,0,0,0,0,0,0.526316,0,0,-0.789474,0,0,0,0,0,0,0,2,0,0,0,1,-1,0,0,0,0,0,0,0,0,0,0,-2,0,0,1,3,0,0,2,0,1,0,0,0,0,0,0,-1,0,-1,0,-0.522088,-1,0,-0.492552,0,0,0,0,-2,1,0,0,3,0,1,1
0,-2,0,1,0,-2,0,-0.72093,0,0,0,0,0,0,0,-2,-0.454837,0,0,0,0,0,0,0,0,0,0,0,0,1,1,0,1.96138,3,0,0,0,0,0,0,4.604645,0,0,-0.30784,3,0,0,0,0,0,0,0,0,-1,0,1,0,1,2,1,0,0,0,1,0,1,1,0,0,0,0,0,-1,-1,3,0,-2,0,0,0,0,0,0,0,0,2,0,0.828016,0,0,-0.828805,0,0,0,0,0,0,0,1,1,0,0,1
0,0,0,1,0,0,0,-0.72093,0,0,1,0,-1,0,1,0,-0.400096,0,0,0,0,0,0,0,0,0,0,4,0,0,1,0,0.54157,8,0,0,0,0,0,0,4.512805,2,0,-0.091498,0,-1,0,0,0,0,0,0,0,-2,0,1,0,0,-1,0,0,0,0,1,0,1,0,0,-1,0,0,0,-1,-1,0,0,-1,0,0,0,0,0,0,0,0,0,0,2.233261,0,0,-0.714286,0,0,1,0,0,0,-2,-1,1,-1,0,1
0,0,0,0,0,0,0,-0.72093,-1,0,0,0,-2,1,-1,0,-0.612903,0,0,0,0,0,-2,0,0,0,0,0,2,-1,1,-1,1.62432,13,0,-1,0,0,2,0,1.556417,0,1,1.710799,0,0,2,0,0,0,0,-1,0,-1,-1,1,1,1,-1,0,0,0,0,1,3,0,1,0,-3,-1,0,-1,-1,0,0,0,0,0,1,0,0,0,0,0,0,0,1,-0.276508,0,0,-0.877871,0,0,0,0,0,0,0,-7,1,2,0,1
0,0,-1,0,1,0,0,-0.454545,1,0,0,0,0,1,1,2,-0.6,0,0,1,1,0,0,0,0,0,-1,1,2,1,1,0,1.27243,4,0,0,0,0,0,0,1.038162,2,0,-0.633638,0,0,-1,0,2,0,0,0,0,0,0,0,0,-2,0,0,0,0,0,0,0,0,0,0,-2,0,0,0,0,0,0,0,0,0,0,0,0,0,0,0,0,0,0,-0.558491,0,0,-0.438436,0,0,0,-1,0,0,0,0,-1,1,1,1
1,-1,0,0,1,1,0,-0.454545,0,1,-1,0,-1,0,2,0,-0.701863,-1,0,1,1,1,-1,0,0,0,0,0,0,0,2,0,0.76919,2,1,0,0,0,0,0,1.533214,0,-1,-0.766628,0,0,0,0,0,0,-1,0,0,0,0,0,0,0,-1,0,0,1,0,3,1,0,0,0,-1,0,0,0,1,0,0,0,0,-1,0,0,0,0,-1,0,0,0,-1,-0.665808,0,-1,-0.815385,0,0,0,0,-1,0,0,0,0,1,1,1
0,0,0,0,1,0,0,-0.454545,0,1,0,0,0,0,0,2,-0.402391,0,0,1,0,0,0,0,0,0,1,2,0,0,0,0,1.00544,15,-1,0,0,1,0,0,1.34286,0,0,-0.659653,0,1,-1,0,-1,0,0,0,0,-1,1,0,0,0,0,0,0,1,0,1,1,0,0,0,0,0,-1,0,-2,0,0,-1,1,0,1,0,0,0,1,1,-1,2,0,-0.683539,0,0,-0.366227,0,0,0,0,0,1,0,0,0,2,1,1
0,0,0,0,0,0,-2,-0.796492,1,0,0,0,0,0,0,1,-0.61299,0,0,1,0,0,0,2,0,0,0,0,0,2,-1,1,1.47028,6,0,0,0,0,0,0,1.680091,0,1,-0.708376,0,0,0,0,0,0,0,0,0,2,0,0,0,0,0,0,0,-1,0,-1,0,2,0,0,0,0,0,1,0,0,0,0,0,0,1,0,0,-1,0,0,0,0,0,-0.919337,0,0,-0.704829,2,0,0,0,0,-2,0,1,2,0,1,1
0,0,0,0,0,0,0,-0.301227,0,0,0,0,-1,-2,2,1,-0.753908,0,0,1,0,0,0,0,0,0,0,0,4,0,0,0,1.35929,5,0,0,0,0,0,0,1.417559,0,1,-0.748754,0,0,0,0,1,0,0,0,3,5,0,0,1,0,0,0,0,-2,0,0,0,1,0,-1,0,0,0,1,0,2,0,0,0,0,0,0,0,0,0,1,-1,0,0,-0.661542,0,1,-0.765128,0,0,0,-1,0,0,0,0,0,1,1,1
0,0,0,1,0,1,0,0.940998,0,0,0,0,0,0,0,1,-0.535704,0,0,0,0,0,0,0,0,0,0,0,2,0,2,1,1.39349,15,0,0,0,0,-1,0,1.283286,0,1,-0.757346,0,6,0,0,0,0,0,0,0,1,0,1,0,0,-1,2,0,0,1,0,1,0,2,-1,0,0,2,1,0,0,2,0,0,1,0,0,0,0,0,0,0,0,0,-0.807655,0,0,-0.396363,0,0,0,0,0,0,0,1,0,4,1,1
0,0,0,0,0,0,0,-0.747827,0,0,0,0,0,0,1,0,-0.647059,0,0,0,0,0,0,0,0,0,0,-1,0,0,0,0,3.0583,8,0,0,-1,0,1,0,1.019832,0,0,-0.883495,0,0,0,0,0,0,0,0,0,-4,0,0,0,0,0,-1,0,0,1,0,0,2,0,1,0,0,0,0,0,0,2,0,0,-1,0,0,1,0,2,2,0,0,0,0.569268,0,1,-0.820896,0,0,0,1,0,0,0,0,0,0,0,1
0,-1,1,0,-1,1,0,-0.311601,-1,-1,0,0,0,0,0,0,-0.338947,0,0,3,0,0,0,0,0,0,0,0,0,0,1,0,1.15831,8,0,0,0,0,0,0,0.757282,0,-2,-0.883495,0,0,-1,0,0,0,0,0,1,1,0,1,0,0,0,0,0,0,0,0,1,1,2,0,0,0,0,0,0,4,0,0,1,0,0,0,0,0,0,0,0,0,0,-0.797445,0,1,-0.801573,0,0,0,0,1,0,0,0,-1,0,0,1
0,0,0,0,0,0,2,-0.612903,0,0,0,0,0,0,1,0,-0.139501,0,0,0,0,0,0,0,0,-1,0,2,-5,0,0,0,2.88833,12,0,0,-4,0,-2,0,3.3798,0,-2,-0.876433,2,0,0,0,2,0,0,0,-1,0,0,0,0,0,0,0,0,0,1,0,0,-1,0,-2,1,0,0,0,1,-2,0,1,0,-1,0,0,1,0,0,-2,0,0,0,-0.72093,0,1,-0.820896,0,0,2,1,0,0,0,0,0,3,0,1
0,1,0,0,0,0,0,-0.769231,0,0,0,2,0,0,0,2,-0.830522,1,0,1,0,0,-1,1,0,0,0,0,0,0,0,0,1.0,1,0,0,0,0,0,0,1.48571,0,0,-0.710291,0,0,0,-2,0,0,0,0,0,2,1,0,0,0,0,0,0,0,0,0,0,0,0,1,0,0,1,1,0,1,0,0,0,-2,0,0,0,-2,0,1,1,0,0,-0.489525,0,1,-0.778489,0,0,2,0,-3,-2,0,-1,0,0,1,1
0,1,2,0,0,0,1,-0.814139,0,0,0,0,0,0,0,1,-0.645428,0,0,1,0,0,1,1,0,0,0,0,0,0,1,0,0.74247,1,0,0,1,0,0,0,1.756463,0,0,-0.604923,0,0,0,-1,1,0,0,0,0,0,0,0,0,0,0,0,0,-1,0,0,0,0,-1,1,0,0,1,0,-1,1,0,0,0,0,0,0,-1,-4,0,1,-1,0,0,0.155335,0,0,-0.678386,0,0,0,0,0,0,0,1,0,0,1,1
-1,1,0,0,0,0,1,0.692798,1,0,0,0,0,0,-1,0,-0.776176,0,-1,1,0,0,0,1,0,0,0,0,0,0,2,0,1.84825,2,0,0,1,0,0,0,1.074405,0,0,-0.609453,0,0,0,-1,0,0,0,0,0,0,1,0,0,0,0,-2,0,0,0,0,0,-1,0,1,0,0,1,0,0,1,0,0,1,0,0,0,0,3,0,1,0,0,-1,-0.707243,0,0,-0.660184,0,1,0,0,0,0,0,3,-2,0,1,1
0,-1,3,-1,0,-1,0,-0.61613,0,0,0,0,0,0,0,1,-0.543587,0,3,-1,2,-2,1,0,0,0,1,2,0,0,1,0,1.28682,9,0,0,0,0,-4,0,3.788754,1,0,-0.66802,2,0,0,0,0,2,0,0,1,0,0,3,0,0,0,0,0,0,0,0,0,0,-2,0,0,0,1,0,2,0,0,0,0,0,0,1,0,0,0,0,0,-1,0,-0.563206,0,0,-0.647331,0,1,0,0,0,0,0,0,0,-2,1,1
0,0,0,0,-1,0,0,-0.635974,1,0,0,0,-2,0,0,0,-0.649232,0,0,-1,-3,0,0,0,0,0,0,0,0,0,1,0,0.97536,6,0,-1,1,0,0,-2,2.352605,0,0,-0.851512,0,-2,1,-2,0,0,0,0,0,-4,0,1,-2,0,0,0,0,0,0,-2,0,0,0,0,0,0,1,0,0,0,2,0,-1,0,0,0,0,-1,0,0,0,-1,-2,-0.504637,0,0,-0.172701,-5,1,2,0,0,0,0,0,0,0,1,1
0,0,0,0,-1,0,0,-0.501978,0,0,0,0,0,0,0,1,1.212644,0,0,0,0,0,2,0,0,0,0,0,1,0,1,0,2.30492,2,0,0,1,-3,1,0,1.20588,0,1,-0.47198,0,0,0,0,0,0,0,0,0,1,1,2,0,0,0,-2,0,0,0,-2,0,0,-1,0,4,0,0,0,0,0,0,0,0,1,0,1,0,0,0,0,0,0,0,-0.079723,0,0,-0.53007,-1,0,1,0,0,0,0,0,1,0,1,1
0,0,0,0,-1,0,0,-0.75729,0,0,-1,0,0,0,-1,3,-0.538462,0,0,0,0,0,0,0,0,0,0,2,0,0,2,0,1.75176,8,0,-1,0,0,0,0,1.924043,0,-2,-0.803279,0,1,1,-1,1,0,0,0,0,0,0,0,2,-2,0,0,0,-3,-1,1,1,0,0,0,2,0,1,-1,0,0,0,0,-1,0,0,0,0,0,0,0,0,3,2,3.817179,-1,0,-0.642231,3,0,0,0,1,1,0,0,1,0,1,1
0,0,0,1,-1,-1,0,-0.549427,0,0,-1,0,0,0,0,0,-0.400482,0,0,0,5,-2,1,0,0,1,0,2,0,0,1,0,1.74286,14,1,0,0,0,0,0,0.770492,1,0,-0.653399,0,1,0,1,0,-1,0,0,1,0,1,0,0,-1,0,0,0,0,0,0,0,0,0,0,0,-1,1,0,1,0,0,0,0,0,0,0,0,0,1,-2,0,-1,1,7.521957,0,0,0.020466,0,-2,0,0,0,1,0,-1,1,0,1,1
0,0,0,0,1,0,-1,-0.02018,0,1,0,2,0,0,2,0,-0.538462,0,-2,0,0,0,0,0,1,0,0,0,3,0,-1,1,3.75474,6,0,0,0,0,0,0,0.670754,0,0,-0.854264,0,0,0,0,0,-1,0,0,0,0,1,0,0,0,0,-1,0,0,1,1,1,0,0,0,-2,0,1,1,2,0,0,0,0,2,0,-1,0,0,0,-2,0,0,0,1.66667,0,0,-0.567104,0,0,0,0,0,1,1,0,1,0,1,1
0,0,0,1,0,0,0,0.340386,-1,0,-1,0,0,0,0,0,-0.645143,1,-1,1,0,0,0,0,0,0,1,0,4,0,1,1,0.73471,3,0,0,0,1,1,0,0.797835,0,0,-0.502412,1,0,0,0,-1,0,0,0,-1,0,0,0,0,1,-1,2,0,0,0,1,1,0,0,0,1,0,0,0,1,0,2,1,0,-1,0,1,-1,-1,0,0,0,-1,-1,-0.777981,0,0,-0.886974,0,0,0,0,0,1,0,0,0,0,0,1
0,0,1,0,0,0,2,-0.005616,0,0,0,1,1,0,0,0,-0.687806,0,0,2,0,0,0,0,0,1,0,0,0,0,1,0,0.82548,0,0,0,0,1,0,0,0.685486,0,0,-0.286623,-2,-2,-2,1,0,0,0,0,0,0,0,0,0,1,0,0,0,0,0,0,2,0,0,-2,1,0,0,0,0,0,0,0,-2,0,0,0,0,1,0,0,0,0,0,-0.714706,0,0,-0.607538,0,0,0,0,0,0,-1,0,0,2,0,1
0,2,-1,1,0,0,1,-0.428571,-1,-1,-1,1,0,0,0,2,-0.750037,0,0,0,2,0,1,0,0,0,0,0,0,-1,2,0,1.55881,6,2,0,0,0,0,-1,0.758131,2,0,-0.603395,-1,0,0,1,0,0,0,0,0,0,0,0,0,1,0,0,0,0,-1,1,3,-2,-1,0,0,0,0,-1,0,1,-1,0,0,0,0,0,0,0,0,1,0,4,-1,-0.753866,0,0,-0.805915,2,0,-1,0,0,0,1,2,0,0,0,1
0,-1,2,0,0,0,-1,-0.726214,0,0,0,0,1,0,0,-1,-0.73913,0,0,0,1,0,1,-1,0,0,0,0,-2,0,0,0,1.30586,12,0,0,0,0,0,0,0.381812,0,-1,-0.42388,0,0,0,0,3,0,1,0,0,0,2,1,2,0,0,0,0,0,0,0,0,0,0,1,-1,0,0,0,1,-2,0,0,2,0,0,0,0,0,0,0,0,0,0,-0.754575,0,0,-0.485787,0,0,0,0,2,0,0,0,1,0,0,1
0,1,0,1,0,0,0,-0.776812,0,0,0,0,0,0,0,1,-0.8467,0,0,2,0,0,0,0,-1,0,-1,0,1,0,0,0,2.46088,2,0,-1,1,0,-2,0,0.333333,-2,1,-0.578652,0,1,0,0,1,0,0,0,1,1,-1,0,-1,0,0,0,0,0,0,0,0,0,0,-1,0,0,0,-1,2,0,0,0,0,1,0,0,0,-1,0,1,0,0,0,-0.674162,0,0,-0.558523,0,0,1,-2,0,0,0,0,0,0,0,1
0,1,1,4,0,0,0,-0.68163,0,0,0,0,1,0,1,1,-0.633877,0,-1,1,0,0,1,0,0,0,0,0,0,0,-1,0,1.2,8,1,0,0,2,0,-1,0.333333,-1,0,-0.599944,1,1,0,0,0,0,1,0,0,0,0,1,-2,0,0,0,0,1,0,0,0,0,-1,-1,0,0,0,1,0,0,0,0,1,0,0,0,0,0,1,0,0,0,0,-0.679462,0,0,-0.6,0,0,0,0,-1,0,2,0,0,0,0,1
2,-3,0,0,0,0,0,0.50128,2,0,0,0,1,1,0,0,-0.633811,0,0,1,0,-1,0,4,0,1,0,0,0,0,1,0,1.98712,2,1,-1,0,0,1,0,1.010986,0,0,-0.830485,-1,1,0,0,0,0,0,0,0,0,0,3,0,0,0,0,0,0,3,0,1,1,0,0,1,0,1,0,0,2,0,0,0,0,0,1,0,0,0,0,0,0,0,-0.759673,0,1,3.184525,1,1,0,1,1,0,-1,1,1,0,0,1
0,0,0,0,0,2,0,-0.102394,0,0,0,0,1,1,0,0,-0.598644,0,0,1,0,0,0,0,0,0,0,0,4,0,1,3,1.98274,7,1,-1,0,0,0,0,0.910883,0,0,-0.829056,0,1,0,0,0,0,0,0,0,-1,0,0,1,0,0,0,0,0,0,0,1,1,-2,0,1,0,1,0,0,0,0,0,0,0,1,0,0,0,0,0,0,1,0,-0.860521,0,0,1.687359,0,1,0,1,0,-1,0,1,1,0,0,1
0,0,0,0,0,0,0,-0.553684,0,0,0,0,1,0,0,0,-0.812875,0,0,0,0,0,0,0,1,1,0,0,-1,0,1,0,1.99975,6,1,0,0,0,0,0,1.587184,2,0,-0.823157,0,1,0,-1,-1,0,0,2,-1,0,0,0,0,2,3,1,0,0,0,0,1,0,0,0,1,0,0,2,1,1,0,0,0,0,0,0,0,0,0,4,0,0,-2,-0.547435,0,0,6.891046,0,1,2,0,0,0,-1,1,1,0,0,1
0,0,0,0,0,-2,-2,-0.788095,-1,0,0,0,0,0,0,0,-0.632705,0,0,1,0,0,0,1,0,0,0,0,0,2,2,0,1.18378,2,0,0,-1,1,0,0,0.429402,-3,0,-0.743503,0,0,0,0,2,-1,0,0,0,0,-1,0,1,0,0,0,-1,0,0,1,0,0,0,0,0,0,0,0,-1,0,0,0,0,0,0,-1,0,0,0,1,0,0,1,-0.658202,0,0,-0.897371,3,0,1,0,1,-1,0,1,2,0,1,1
0,0,0,0,0,0,0,-0.714286,-2,0,0,0,0,1,0,0,-0.749347,0,0,0,0,0,0,0,0,0,1,0,0,3,0,0,0.87696,0,1,0,0,0,0,0,0.465116,0,1,-0.707739,0,0,0,0,0,0,0,0,0,0,0,0,0,0,0,0,0,0,0,1,0,-3,0,0,2,-1,0,0,1,1,0,0,0,0,-1,0,0,1,0,-2,0,0,0,-0.531892,0,1,-0.726874,2,0,0,1,0,0,0,0,0,0,1,1
0,1,0,0,-1,-1,0,-0.672442,0,0,0,0,-3,0,2,0,-0.611787,0,0,2,0,0,0,2,0,1,0,0,-2,0,1,0,1.04797,3,0,0,0,0,-2,0,0.570847,-1,0,-0.856448,0,0,0,-2,0,0,0,-1,0,0,0,1,0,-1,1,0,0,0,0,0,0,0,0,0,2,0,0,0,1,0,0,0,0,1,1,0,0,0,-1,0,0,0,0,-0.70469,0,0,-0.477769,0,0,-1,0,0,0,2,0,0,1,1,1
0,0,0,1,0,-1,0,-0.666054,1,0,-1,1,0,2,0,0,-0.608689,0,0,2,0,1,1,0,0,1,0,0,0,0,2,0,2.14907,1,0,0,0,1,0,0,2.10638,0,0,-0.677732,0,0,1,0,0,0,0,0,0,0,-3,0,7,0,0,0,0,0,0,1,0,-1,0,-1,0,0,0,0,-1,0,0,0,0,0,0,0,0,3,0,0,0,0,0,-0.783239,0,1,-0.66158,0,0,2,0,1,1,0,0,0,0,1,1
0,0,0,0,0,0,1,-0.703813,1,0,0,0,0,1,0,0,-0.599687,0,0,-1,0,1,0,1,0,-1,0,0,0,0,0,-1,2.85796,13,0,0,1,0,0,0,2.15875,0,0,-0.62414,0,0,1,0,0,0,0,0,1,0,-1,0,2,-2,0,3,0,0,0,0,0,0,1,0,-1,-1,0,0,0,0,3,0,3,-1,0,0,0,1,0,-1,0,0,0,-0.239236,0,0,-0.683224,0,0,0,0,0,-1,0,1,0,-1,1,1
0,-6,0,1,0,0,1,-0.716984,1,0,0,0,1,1,0,0,-0.861541,0,0,0,-1,0,1,0,0,0,2,0,0,-1,0,0,2.98334,7,0,0,-2,0,0,-1,2.072078,0,0,-0.675274,0,1,1,0,0,1,0,0,0,0,1,0,0,0,0,-1,0,0,0,1,0,0,0,1,0,-5,0,0,0,0,2,0,0,1,0,0,-2,0,0,1,0,-1,0,-0.773856,0,1,-0.661815,0,0,0,1,0,1,0,1,0,0,1,1
0,2,0,0,0,0,0,-0.55775,0,0,2,0,2,0,-1,0,-0.906363,0,0,0,0,0,0,2,0,-1,0,0,0,0,-4,0,0.98622,8,0,0,-1,1,1,0,1.315163,0,0,-0.670477,0,-1,0,0,1,0,0,1,0,0,0,0,0,0,0,-1,0,0,0,-1,1,0,0,0,2,0,1,-2,0,3,0,0,0,7,0,0,0,0,0,0,0,0,0,-0.822387,0,0,-0.812197,0,-1,3,0,1,2,-2,0,0,0,0,1
0,0,0,0,0,0,0,-0.461487,1,0,1,0,0,0,2,0,-0.262675,0,0,0,0,1,0,0,0,0,0,2,0,0,0,-1,1.67583,14,0,2,0,0,0,0,1.73,0,-1,-0.762342,0,0,0,0,1,1,-3,0,1,0,0,0,3,0,0,0,0,0,0,0,1,0,0,0,0,0,0,0,0,2,0,0,2,0,0,0,0,0,1,0,0,0,0,-0.781818,0,0,-0.416755,0,0,0,0,0,1,2,0,0,0,0,1
1,-2,0,1,0,1,0,-0.708564,0,0,1,0,0,0,0,0,-0.460138,0,0,0,0,0,0,1,0,0,1,0,0,2,3,0,1.08474,4,0,0,0,0,0,0,1.220694,0,1,-0.733333,0,-1,1,0,3,0,0,0,0,0,0,0,2,0,0,2,-1,0,1,1,0,-1,0,-1,0,0,0,-3,0,0,0,2,0,1,-1,0,-1,0,0,0,0,0,-1,-0.686496,1,0,-0.793103,0,0,0,0,0,0,0,0,0,9,0,1
-1,2,-1,0,0,0,0,0.981195,0,0,0,0,0,0,-1,1,-0.45945,0,0,0,0,0,0,0,0,0,1,-1,-1,0,0,0,2.14565,2,0,-1,0,0,0,-1,0.63739,0,0,-0.748219,0,0,0,1,0,0,0,0,-1,0,-1,0,0,1,2,1,0,0,-4,0,-1,0,0,0,1,0,0,0,-1,0,0,0,-2,-3,0,0,0,-1,0,0,0,0,0,-0.824153,0,0,-0.741355,0,-1,0,0,0,0,0,0,0,0,0,1
0,0,-1,0,0,0,0,-0.77486,0,-1,0,0,5,-1,-2,0,-0.33825,0,0,-1,0,1,0,0,0,0,0,0,-1,1,0,0,0.83039,0,0,0,0,0,0,0,0.221722,0,0,-0.864222,0,0,-1,0,0,0,0,0,0,4,0,0,0,0,0,0,0,0,0,0,0,0,1,0,-1,0,0,0,2,4,0,0,1,-2,0,0,0,0,1,0,0,0,1,-0.916948,0,0,-0.584432,0,0,3,0,0,-1,0,2,1,-1,0,1
0,0,0,0,0,0,1,-0.696445,0,0,0,0,3,0,-1,1,-0.891088,0,0,0,2,0,0,-1,0,0,0,-3,0,1,0,0,2.39112,6,0,0,0,0,0,0,1.856809,-1,0,-0.756712,0,0,0,0,0,0,0,2,0,0,0,0,-1,1,0,-1,-1,0,0,0,0,0,1,0,0,1,0,0,0,-2,0,0,0,0,2,0,0,0,0,0,0,-1,0,-0.7966,0,0,-0.586207,-1,0,0,0,-1,-1,0,0,-3,0,0,1
0,0,0,0,0,0,1,-0.800931,0,1,0,-1,0,1,0,2,-0.527369,-2,-1,1,-1,0,-1,0,0,0,0,0,-3,0,0,0,2.67573,1,0,0,0,0,2,0,1.12245,-1,0,0.679681,0,0,0,0,1,1,0,0,-1,0,-1,0,0,0,-4,0,0,0,0,0,-1,1,0,-1,0,-1,2,-1,0,0,0,0,0,0,0,0,0,0,-1,0,1,0,0,-0.545861,0,0,-0.649318,0,0,0,-1,1,0,0,0,1,0,0,1
0,0,0,-3,0,2,0,-0.76,0,0,0,0,0,2,0,1,-0.69002,0,0,4,0,0,0,0,0,-1,0,0,0,-1,0,0,1.79139,2,0,0,0,0,-1,0,0.984913,0,0,-0.616269,0,2,0,-1,0,0,0,1,0,2,0,0,1,0,0,1,0,1,-1,0,0,0,1,0,-2,0,0,0,0,0,2,0,0,0,0,-2,0,1,0,0,0,0,0,-0.552604,0,0,-0.27282,0,0,0,1,1,0,0,1,1,3,0,1
0,2,0,0,0,3,0,-0.442011,1,0,-1,0,0,0,0,0,-0.573592,0,0,3,0,0,0,-1,0,0,0,0,0,0,1,0,0.95016,7,0,0,0,1,0,0,0.806427,-1,0,-0.642654,0,0,1,0,2,-1,0,0,0,0,-1,0,0,0,2,-1,1,1,0,-5,0,0,1,0,-2,0,0,0,2,0,0,1,-1,0,0,0,0,0,2,0,0,-1,0,-0.689768,0,-1,1.053981,0,0,0,0,0,0,0,0,1,0,0,1
0,0,0,0,0,3,0,-0.466738,0,0,0,0,0,0,0,-1,1.092882,0,0,0,0,0,0,1,0,0,0,0,0,0,-1,0,1.13862,8,0,0,0,0,-1,0,2.001992,1,0,-0.621394,0,0,0,0,0,0,0,0,1,2,1,0,0,0,-1,0,0,0,0,1,0,1,2,0,0,0,-1,1,0,2,0,0,0,0,0,0,0,0,0,3,0,1,0,-0.46511,0,1,-0.351222,0,-1,0,0,0,0,0,0,0,1,1,1
0,0,1,0,0,0,0,-0.287547,0,-1,0,0,1,0,0,0,-0.557153,0,0,0,0,0,0,-1,0,0,0,0,0,0,1,-1,1.55453,6,0,0,0,0,0,0,1.323747,0,0,-0.850814,0,1,0,0,-1,0,0,0,1,0,1,1,0,0,0,0,0,0,0,1,0,0,0,1,0,0,1,1,1,3,0,0,0,0,0,0,0,-2,0,-3,0,-4,0,-0.766397,0,0,-0.905484,0,0,0,-1,0,0,2,0,0,1,1,1
0,0,0,2,0,0,0,-0.754368,0,1,-2,0,-2,0,0,1,-0.765838,0,0,0,0,0,1,0,3,0,0,0,0,0,0,-1,1.14704,2,0,-1,0,0,0,0,1.222165,2,0,-0.699532,0,0,0,0,0,0,-1,0,0,0,1,0,0,0,0,-1,0,0,1,-1,2,1,0,0,0,0,0,-1,0,1,-1,0,0,0,-3,0,0,0,0,0,0,0,1,-0.827026,0,0,-0.713412,0,0,0,0,0,0,0,0,-2,0,1,1
0,-1,0,0,-1,0,0,-0.664417,1,0,1,0,0,0,0,0,-0.565137,0,2,0,0,1,0,2,0,1,-1,0,-3,0,0,0,0.89474,0,0,0,0,2,0,0,0.945115,-1,0,-0.629037,0,0,1,1,0,0,0,0,-2,0,0,0,0,3,0,0,0,-1,0,1,1,0,0,0,-1,0,0,0,0,0,0,0,0,2,0,0,0,-1,0,0,0,0,0,-0.668119,0,0,-0.07635,0,-1,0,0,0,0,0,0,0,5,0,1
0,0,0,0,0,0,0,-0.674681,1,0,-1,1,0,0,0,0,-0.651281,0,0,4,-1,1,0,1,0,-1,0,0,0,0,0,0,0.8469,0,0,0,2,2,-2,-1,1.89752,0,0,-0.60832,0,0,0,0,-1,0,0,-1,-1,-1,0,0,2,0,-2,0,0,0,1,0,0,5,0,1,0,1,0,0,-1,0,0,1,-2,0,0,0,0,0,0,0,0,0,1,-0.641258,0,0,-0.150804,0,0,0,0,1,0,0,0,0,0,0,1
0,0,-1,0,0,0,0,-0.763012,0,0,0,0,0,0,0,0,-0.173668,0,0,1,0,0,0,-1,0,0,0,0,0,2,0,0,0.92335,0,0,0,0,1,0,0,0.841317,-1,0,-0.315738,0,-1,0,0,1,0,0,1,0,2,0,2,0,0,1,0,0,0,1,1,0,0,2,0,0,0,4,-1,0,0,2,0,0,0,0,0,0,0,0,0,0,0,0,-0.601412,0,0,-0.308695,0,0,0,0,0,0,0,0,0,0,0,1
0,0,-1,1,0,-1,0,-0.871632,0,1,-1,-1,2,1,1,-1,-0.651203,0,0,1,0,1,0,0,0,0,0,0,0,1,0,0,1.2,8,0,0,1,0,0,0,1.480534,0,0,-0.714286,1,0,0,0,0,0,-2,0,0,1,-1,2,0,0,0,0,0,0,0,0,1,0,0,-2,-1,0,0,0,-1,0,0,0,0,0,0,0,1,0,0,0,0,0,-1,-0.52,0,0,-0.705809,0,0,0,0,1,0,1,1,0,1,0,1
1,2,1,0,0,0,0,-0.409718,-3,0,-1,0,0,0,-2,0,-0.747483,0,0,0,-1,0,0,0,2,0,0,1,0,-1,0,0,1.57191,1,-1,0,1,1,-1,0,0.238095,0,1,-0.714286,0,2,0,0,0,0,0,0,0,1,0,1,0,0,0,-1,2,0,0,0,0,1,0,0,1,0,0,-1,0,0,0,0,0,-1,0,0,0,-2,0,0,0,0,0,-0.596896,0,2,-0.734071,0,0,0,0,-1,0,0,1,0,0,0,1
0,0,0,0,1,-2,0,-0.646912,-1,1,-1,0,0,0,-2,-1,-0.659284,0,0,1,0,0,0,0,0,0,0,-1,0,-3,1,0,3.60359,5,0,0,1,2,0,-2,2.479964,0,-1,-0.714286,0,0,0,0,0,0,0,0,0,1,0,0,-2,0,0,3,0,0,1,1,0,0,0,0,0,0,0,0,0,1,0,1,0,2,0,1,0,0,0,0,0,0,0,-0.419375,-1,0,-0.743847,0,0,-1,0,0,0,-1,1,1,1,0,1
0,0,0,0,0,0,0,-0.844642,0,0,0,0,-2,-1,0,3,-0.647059,0,0,0,0,0,1,0,0,0,1,0,0,0,0,0,0.47057,2,0,-1,0,1,1,0,0.557749,0,0,-0.799156,0,1,0,0,0,0,0,0,0,0,0,0,0,0,0,-3,0,0,1,0,0,0,1,0,0,0,0,0,0,0,-1,0,-1,-1,0,0,0,1,0,1,0,0,0,-0.428571,0,0,0.196962,1,0,1,-2,0,0,0,-1,0,0,0,1
0,0,0,0,0,0,0,0.064278,0,-2,0,-1,0,0,-1,0,-0.649587,0,0,0,1,0,0,0,0,-1,0,0,1,0,0,0,0.93716,15,0,0,0,0,0,0,0.380117,0,0,-0.694147,3,1,0,0,0,0,0,0,0,1,-1,0,0,0,0,0,-2,0,0,3,0,-1,5,0,0,0,0,0,1,0,-1,0,0,-4,0,0,0,0,-1,1,-1,0,0,-0.466233,0,0,-0.634158,0,0,-1,0,0,0,0,-1,0,0,0,1
0,0,0,0,0,0,0,-0.473623,0,0,0,0,0,0,0,0,-0.262717,0,0,-2,0,0,0,0,0,0,0,1,0,0,0,0,0.67891,8,0,0,0,1,1,0,0.671167,0,-1,-0.614811,0,0,0,0,0,0,0,0,0,0,0,0,0,1,0,0,-1,0,0,0,2,0,0,0,0,-2,0,-2,1,0,0,0,0,0,0,0,0,0,0,1,0,1,0,-0.428571,0,0,0.134767,-2,0,1,0,-1,1,3,0,0,0,0,1
0,-1,1,0,1,0,0,-0.538462,0,0,0,0,-3,-1,0,0,-0.53378,0,0,0,1,0,-1,-2,0,0,0,2,0,0,-1,0,0.72778,3,0,1,0,0,0,-1,1.472497,2,0,-0.767695,1,0,0,0,0,0,0,0,0,0,1,2,0,1,0,0,0,1,0,0,0,-2,0,0,0,1,0,1,0,0,0,0,0,0,0,1,0,0,0,0,0,1,0,-0.547873,0,0,-0.347456,0,0,-2,0,0,0,0,1,1,0,1,1
0,0,0,0,0,0,0,-0.732765,0,0,0,0,1,0,0,-1,-0.595591,0,0,0,1,0,2,0,0,1,0,0,0,6,-2,0,1.42359,7,0,0,0,0,0,0,1.861985,0,0,-0.683567,0,0,0,0,0,-1,0,-1,0,-1,1,1,0,0,-3,0,0,0,0,0,-1,2,-1,0,4,1,-1,0,1,0,0,0,2,0,0,0,0,0,0,-2,0,0,0,0.067186,-3,0,-0.885823,0,0,0,0,1,-1,0,1,1,2,1,1
0,0,0,-4,1,0,-1,-0.274903,1,0,0,1,0,-1,0,0,-0.417197,0,0,0,0,0,2,0,0,-1,0,0,0,0,-1,0,0.98193,1,0,0,0,0,0,0,2.139905,0,1,-0.613338,0,0,-2,-1,0,0,0,0,0,0,1,0,2,0,0,0,0,0,0,0,0,0,-1,0,0,0,0,0,0,0,0,0,0,-2,0,0,-1,0,0,1,1,0,-2,-0.639325,0,0,-0.261168,0,0,4,0,0,0,1,1,-1,1,1,1
0,2,-2,0,0,0,0,-0.484928,0,0,0,0,0,0,0,-1,5.07827,1,0,0,2,0,0,0,0,0,0,1,1,0,0,0,0.93872,3,1,0,1,2,0,0,0.425,1,0,-0.7,4,0,1,0,0,0,-1,0,0,0,1,0,-1,0,1,2,0,0,0,0,0,0,0,0,4,0,1,0,1,0,-2,0,0,0,0,0,0,0,2,1,1,1,0,-0.825429,0,0,-0.754771,-1,0,1,0,0,2,-1,0,0,-1,0,1
0,0,0,0,1,1,-1,0.501589,1,0,1,0,0,0,0,0,2.34884,2,0,0,1,1,0,2,0,0,0,0,0,-2,-1,0,1.62748,-16,1,0,-2,0,1,0,0.408805,2,0,-0.590064,0,0,0,1,0,0,0,0,0,0,1,0,0,0,1,0,1,0,0,0,4,-6,0,0,2,1,0,0,1,0,0,0,0,0,0,0,0,1,0,1,0,-1,1,-0.702178,0,0,-0.68509,-1,0,0,-2,0,0,-1,0,0,0,0,1
0,2,1,0,0,0,0,0.872002,1,0,0,0,0,0,0,0,4.381383,1,0,0,-1,0,0,0,0,0,1,0,0,0,1,0,1.03996,1,1,0,-2,0,0,0,0.469082,-3,0,-0.545617,0,-2,0,0,0,-1,0,0,0,0,0,2,0,0,1,0,0,0,1,0,0,0,-2,0,0,3,1,0,0,0,0,0,0,1,0,-1,-1,1,1,0,0,0,0,-0.714805,0,0,-0.765875,0,0,0,0,-1,0,-2,0,4,-2,0,1
0,1,0,1,0,0,0,-0.52,0,0,0,2,0,-1,1,0,-0.854453,0,1,0,-3,0,0,0,0,0,0,0,-4,0,1,0,1.15347,7,0,0,0,0,0,0,3.482348,0,0,-0.582201,0,1,0,0,1,0,0,0,0,0,0,0,3,0,-4,0,0,0,0,0,1,0,0,2,2,0,0,0,1,0,0,0,0,1,1,1,0,0,0,1,0,0,-2,-0.76,0,1,-0.735019,3,0,0,0,0,-1,0,-1,1,0,0,1
0,0,0,0,0,0,0,-0.258731,1,0,-1,0,0,0,0,0,0.305527,0,0,-1,0,0,0,0,0,0,-3,0,0,0,0,0,0.70534,3,0,-1,-1,1,0,0,1.793201,0,0,-0.845572,0,1,0,0,2,0,0,0,0,0,0,1,-3,0,0,0,1,0,0,2,0,0,0,0,2,-1,0,0,1,0,2,0,0,0,0,0,0,0,0,0,0,0,0,0.552541,0,1,-0.567108,3,1,2,0,0,0,0,0,0,0,0,1
0,0,-1,-1,0,1,0,-0.52,1,0,0,0,-2,0,0,0,-0.67478,0,0,0,0,0,0,0,0,0,0,1,0,1,0,0,1.72932,5,0,0,0,0,0,0,2.35294,0,1,-0.589355,0,0,1,0,-1,0,1,0,0,0,-2,0,0,0,0,0,0,0,0,0,0,0,-3,0,0,-1,0,0,0,2,0,1,0,0,0,0,0,0,0,0,0,0,0,-0.923443,0,1,-0.644419,0,1,0,0,0,0,0,0,2,0,0,1
0,0,0,-1,0,0,0,-0.652733,0,-2,-1,0,0,1,0,1,0.046802,-3,0,0,2,0,0,-1,0,0,0,0,0,0,0,0,1.95409,4,1,1,0,-2,1,0,2.848584,0,0,0.171901,-1,0,-1,0,0,0,0,-1,0,0,0,0,0,0,2,0,0,0,-1,0,1,0,0,0,-1,0,0,1,0,-2,0,0,0,-2,0,0,0,1,0,1,1,-2,0,-0.787032,0,0,-0.8,0,0,0,-1,0,0,1,0,3,0,0,1
0,-1,0,0,0,2,-1,-0.134664,0,0,0,0,1,0,0,0,-0.555556,1,0,0,0,0,-2,0,0,0,0,-1,0,-5,2,0,0.798,0,0,0,0,0,1,0,1.654845,0,0,0.267602,0,0,0,0,0,0,0,0,-1,0,0,2,0,-1,0,0,0,0,0,0,0,0,0,0,0,0,0,1,3,0,0,0,0,0,0,0,0,0,0,1,0,0,0,-0.905804,0,0,-0.8,0,0,0,0,0,2,0,1,2,0,0,1
0,0,0,1,0,0,0,-0.749009,0,0,0,0,0,0,0,0,-0.540785,0,0,0,0,0,0,0,0,-1,0,0,0,0,0,0,1.47686,8,0,0,-1,1,0,0,3.031996,0,1,-0.236805,0,1,0,0,0,0,0,0,0,-3,0,0,1,-1,0,1,-1,0,0,0,2,-1,0,0,-2,1,1,0,0,0,1,0,0,0,0,0,0,0,1,0,0,0,0,-0.590897,-1,0,-0.8,0,0,1,0,1,0,0,1,3,1,0,1
-1,0,0,1,0,-1,0,-0.815385,0,1,0,0,0,2,0,2,-0.532273,0,0,0,0,0,0,0,0,0,0,3,0,2,0,0,1.06332,0,0,0,0,0,1,0,0.295455,1,0,-0.676259,0,1,0,0,0,0,0,0,-2,1,4,1,0,4,0,0,0,0,0,0,0,0,0,0,0,0,0,0,0,0,0,0,0,0,0,0,-1,-1,0,0,1,0,0,-0.255395,1,0,-0.713959,0,0,1,0,-1,0,-1,1,0,1,0,1
0,0,0,0,1,0,0,-0.815385,0,-1,0,0,2,-1,-2,0,-0.575897,1,0,-1,-3,0,0,1,0,0,0,0,-2,-1,0,0,1.96945,0,-1,0,0,0,0,0,1.139335,0,0,-0.842893,0,1,0,0,0,0,1,1,0,-3,0,0,0,0,0,0,0,1,3,1,-4,0,0,0,0,1,0,0,2,0,0,0,0,0,0,0,0,0,0,0,0,0,0,-0.516024,0,0,-0.729019,0,1,0,0,-1,0,0,1,0,5,0,1
0,0,0,0,1,1,1,0.005217,0,0,0,0,0,0,0,0,-0.393502,0,0,0,1,1,1,0,0,0,0,-2,2,2,0,0,0.78124,18,0,0,0,0,2,0,0.41294,0,0,-0.275266,-2,0,0,0,0,0,1,0,-2,0,0,0,1,0,0,0,1,1,-1,0,0,0,0,0,0,0,0,0,1,1,-3,0,0,-1,0,1,0,0,0,-6,0,-2,0,0.932681,0,-1,-0.46878,0,0,0,-1,0,-3,0,0,0,0,0,1
0,0,0,-1,0,0,0,-0.783375,0,0,-2,1,0,-1,4,0,-0.711069,0,0,0,0,0,0,0,1,0,-1,3,0,2,1,0,1.06486,0,0,0,0,-2,1,0,0.868421,1,0,-0.715216,0,0,0,0,0,0,0,0,0,0,0,1,0,0,0,1,0,0,0,2,0,0,2,0,0,0,0,-1,-2,-2,0,-1,0,0,0,1,0,0,0,2,0,0,0,-0.684211,0,-1,-0.732685,0,0,0,1,0,0,0,0,0,0,1,1
0,0,1,1,0,2,0,-0.473058,0,-3,0,0,0,1,0,1,-0.641548,0,0,1,1,0,0,0,0,0,0,0,2,0,0,0,0.71002,2,0,0,0,0,0,0,0.850283,1,-2,-0.593301,0,0,0,0,0,0,0,0,0,2,0,-2,0,0,0,0,0,0,-1,2,0,1,0,0,0,1,0,-1,1,0,0,0,1,0,0,1,0,0,0,1,0,0,0,-0.450809,0,0,-0.72093,0,0,-2,0,2,1,0,-1,0,0,1,1
0,0,1,1,0,0,0,-0.530312,0,0,0,0,0,0,0,1,-0.776137,0,0,1,1,0,3,0,0,-1,0,4,0,0,0,-1,1.72394,7,-1,-1,0,0,0,-1,1.590293,0,0,0.279482,1,0,0,0,0,0,0,2,0,3,0,0,1,0,0,0,-1,-1,0,2,0,1,0,1,0,1,0,0,1,0,0,0,1,-1,0,1,0,0,0,1,0,0,0,-0.113365,0,0,-0.596039,0,0,0,0,0,1,0,0,0,0,1,1
0,0,0,0,1,-1,0,-0.576739,0,1,1,0,1,0,0,0,-0.16533,0,0,0,0,1,0,0,0,0,0,0,1,0,1,0,0.68055,3,0,0,1,0,0,0,0.614524,-2,0,-0.705918,0,0,1,0,0,0,0,0,0,-1,0,1,0,0,0,2,0,0,-1,0,1,0,-1,0,0,1,0,-1,0,2,-3,0,1,-1,1,0,0,0,0,0,0,-2,0,-0.85457,0,0,-0.729784,0,0,0,0,0,0,-1,0,1,-3,1,1
0,-1,0,0,1,-1,0,-0.698226,0,0,0,1,0,0,0,0,-0.458534,0,0,0,0,2,2,1,1,0,0,2,0,0,2,0,0.91533,0,-1,0,1,0,0,0,1.179535,0,0,-0.721297,2,0,0,0,0,0,0,0,0,-1,1,1,0,0,2,0,0,0,-1,0,1,0,0,0,0,0,0,0,-2,0,0,0,0,-1,-1,0,0,0,0,0,0,0,0,0.230626,0,-1,-0.810092,0,0,0,0,0,0,1,0,0,0,1,1
0,0,0,0,1,0,-1,-0.597911,0,0,-1,0,0,0,0,0,-0.470571,0,0,0,0,0,0,3,0,0,0,0,0,0,1,0,0.7508,3,0,0,1,1,0,2,0.278995,0,2,-0.679108,0,0,0,0,3,0,0,0,0,0,0,1,-1,0,1,2,0,0,0,0,0,0,0,-2,-1,-1,0,-1,0,0,0,0,2,-1,0,0,1,0,0,2,0,0,0,-0.572669,0,0,-0.7293,0,-1,0,0,0,0,0,0,-1,-1,1,1
0,0,0,0,-3,0,0,-0.464179,0,-1,0,0,1,0,-3,0,1.345716,0,0,0,0,0,2,0,0,0,0,0,0,0,0,0,2.8673,8,0,0,0,2,0,0,1.389225,0,0,-0.755588,3,0,-1,0,1,0,1,0,0,0,0,0,0,1,0,-1,0,0,0,0,0,0,0,0,0,0,0,0,0,0,0,0,0,0,0,0,0,-1,0,0,-1,1,0,-0.721976,0,1,-0.702081,3,0,2,0,0,0,3,1,0,0,1,1
0,1,-1,0,0,0,0,-0.539141,1,0,-1,0,0,0,0,0,-0.781818,-1,0,3,0,0,0,0,0,0,0,0,0,2,5,0,3.2568,5,0,0,-1,0,0,0,0.512821,0,-1,-0.691678,0,0,0,0,1,0,1,0,0,0,0,0,1,0,-1,0,0,1,0,0,1,1,0,-2,0,0,0,0,0,0,2,0,0,0,0,0,0,0,0,-1,0,-2,0,-0.616772,0,0,-0.592704,2,1,0,0,0,1,0,1,0,0,1,1
0,1,-1,0,0,0,-1,-0.563363,1,0,0,0,0,1,0,0,-0.248771,0,0,0,0,0,0,0,0,0,0,1,0,0,0,0,2.38814,8,0,0,2,0,0,0,0.512821,0,0,-0.709758,2,1,0,0,1,-1,1,0,0,0,0,0,1,0,-2,2,0,0,-1,0,0,-3,0,0,0,0,1,0,0,-1,2,0,4,0,1,1,0,0,0,0,0,2,0,-0.289063,0,0,-0.569157,0,0,0,0,0,1,0,1,0,-1,1,1
0,0,0,0,0,-3,0,-0.260927,0,0,0,0,0,0,0,-1,-0.6,0,-1,0,0,0,0,0,0,0,0,0,1,0,0,0,1.32379,5,0,1,1,0,1,1,0.825024,0,0,-0.710765,0,0,0,0,0,0,0,0,0,0,1,0,0,0,0,0,-1,0,0,1,1,0,1,2,0,0,1,0,0,1,-1,0,0,0,0,0,0,0,1,0,0,0,0,-0.619357,0,0,-0.526732,0,-1,2,1,0,0,-1,0,0,0,1,1
0,0,2,0,0,-1,0,-0.617276,0,2,0,0,0,0,0,-1,-0.683859,0,1,0,0,0,-1,0,0,0,1,0,0,0,0,0,0.94106,4,0,-1,1,2,1,0,0.915618,2,2,-0.716446,0,0,-1,0,0,0,0,0,3,0,1,1,0,0,-1,0,0,0,0,0,0,0,0,0,0,1,0,0,1,-1,0,0,0,3,0,0,0,0,0,0,0,-1,0,-0.541781,0,0,-0.633147,-2,0,-4,0,0,1,0,1,0,0,1,1
0,-1,1,0,0,0,0,-0.527168,-1,0,-1,0,0,0,2,0,-0.554324,1,0,1,0,0,0,0,1,0,1,0,0,0,1,0,0.94286,3,0,0,1,1,1,0,0.910827,1,0,-0.601264,0,1,0,0,0,0,0,0,0,0,0,-2,0,1,0,0,0,0,1,0,0,0,0,1,0,1,1,0,2,0,0,0,0,0,0,0,0,-1,0,0,0,0,0,-0.526639,0,1,-0.545209,0,0,0,0,-1,1,0,0,0,0,1,1
0,0,1,0,1,2,0,-0.642681,0,0,0,0,0,0,2,0,-0.623945,0,0,3,1,0,0,0,0,-1,0,0,0,0,0,-1,0.71429,0,0,0,-1,0,0,0,2.774516,0,0,-0.397136,0,0,0,-1,0,0,0,0,0,0,0,3,0,-1,0,3,0,1,2,0,1,1,0,0,0,0,0,0,0,1,0,0,2,0,-1,0,0,0,0,-2,0,0,0,-0.695181,0,0,-0.707317,0,0,0,0,0,0,0,0,0,-1,1,1
0,-2,-2,0,1,3,0,-0.602893,0,0,0,0,0,0,-1,2,-0.600522,0,0,1,1,0,2,0,2,0,0,2,0,0,1,0,0.71429,4,0,0,-4,0,-1,0,3.469601,0,0,-0.310255,0,0,0,0,0,0,1,-1,0,0,0,0,1,1,0,0,0,1,4,0,0,-2,0,0,0,0,0,0,1,0,0,0,1,0,0,0,0,-1,0,0,0,0,0,-0.202552,0,1,-0.707317,0,0,0,0,0,0,0,0,0,0,1,1
0,0,1,1,1,0,0,-0.353609,0,0,0,0,0,0,0,0,-0.660396,0,0,0,1,0,-1,-1,0,0,0,-1,0,-2,0,0,0.94389,2,-1,0,1,0,-1,0,2.724128,-5,0,-0.633165,0,0,0,0,0,-3,0,0,0,0,2,0,0,0,0,0,0,0,0,1,1,0,0,0,0,0,1,-1,1,-2,0,-1,0,0,0,0,0,0,0,1,0,0,1,-0.707317,0,0,-0.48556,0,0,0,2,0,0,0,0,0,1,1,1
0,0,-1,0,1,0,-6,-0.04603,0,1,-2,0,-1,0,0,0,-0.72093,0,0,0,0,0,-1,-1,0,0,0,0,0,0,0,0,0.93262,4,0,0,-1,0,1,0,2.38583,0,0,-0.621759,0,1,0,1,0,0,0,0,0,-1,0,1,-1,1,-1,0,1,0,4,1,0,0,0,1,2,0,0,0,0,0,0,0,1,0,1,0,0,1,0,0,0,0,-1,-0.824966,0,0,-0.8085,3,0,0,-1,0,0,0,0,0,-6,1,1
0,-1,0,0,1,0,0,-0.630644,0,0,0,0,0,0,0,0,-0.828088,0,0,0,1,0,0,0,0,0,0,0,0,0,0,0,0.76167,11,0,0,-1,2,1,0,4.057745,-2,0,-0.647059,0,0,0,0,-1,-1,0,0,0,-1,0,0,-1,1,0,0,0,0,0,-1,-1,0,0,-1,0,0,0,-1,0,0,0,0,-3,0,1,0,-1,0,0,0,0,-1,0,-0.607808,0,0,-0.657143,0,0,0,3,0,0,0,0,0,0,1,1
-1,0,0,0,0,0,-1,-0.617249,0,0,-1,0,0,0,0,0,-0.682608,0,1,0,0,1,0,0,0,0,0,0,0,0,0,0,1.12272,3,0,0,0,-7,1,0,2.626517,2,0,-0.569355,3,1,0,-1,0,0,0,0,1,0,0,0,3,0,0,0,-1,0,0,0,-2,0,1,0,0,0,0,0,0,0,2,0,-1,0,1,0,0,0,0,0,0,0,0,-0.521998,0,1,-0.596617,0,0,0,0,0,0,0,-1,0,-2,1,1
0,0,0,-2,0,0,0,-0.297713,0,0,0,0,0,0,0,0,-0.376655,0,0,-2,-2,1,0,1,1,-2,0,0,0,0,0,0,0.9006,2,0,0,0,-1,0,-1,0.973932,0,0,-0.632268,0,1,0,0,0,1,0,1,0,0,0,0,0,0,0,-3,0,0,0,0,0,1,0,1,0,0,0,1,-1,0,0,0,4,0,0,-1,0,-1,0,0,0,0,0,-0.801984,0,-1,-0.566186,0,0,0,0,0,0,0,0,1,2,0,1
0,1,0,0,0,0,0,-0.867218,0,0,-1,0,2,0,0,1,-0.526449,0,0,0,0,-1,0,0,1,0,0,0,0,-1,0,-2,1.0,9,0,0,0,0,-1,0,0.5804,0,0,-0.657158,2,1,0,0,1,1,1,0,0,0,0,-2,2,0,0,1,0,1,0,0,0,0,0,0,0,-3,0,0,0,0,0,0,1,0,0,0,0,-1,0,0,0,0,-2,-0.361125,0,0,-0.801586,0,0,0,0,0,-1,0,0,1,0,0,1
-1,0,0,0,0,-1,0,-0.683564,0,0,0,0,-1,2,-1,-1,0.016694,0,0,0,0,0,1,0,0,0,0,1,2,4,1,0,1.30399,5,1,0,0,0,0,0,0.681399,0,-1,-0.657143,0,1,0,0,0,0,0,0,0,0,-1,1,0,0,0,1,0,0,0,-1,0,1,-1,0,0,2,-1,0,0,-1,0,0,2,0,0,0,0,-1,0,0,0,1,0,-0.811426,0,0,-0.630127,2,0,0,0,1,0,0,0,1,1,0,1
-1,0,1,0,0,-2,1,-0.710976,0,0,1,1,1,1,0,0,-0.80604,0,0,0,0,1,0,0,0,0,0,0,2,-1,0,0,1.67847,6,0,0,0,0,0,0,1.239055,0,1,-0.777685,0,-1,0,0,0,0,0,0,1,0,0,-1,0,0,0,0,0,0,1,-1,0,0,3,0,0,0,1,-1,0,4,3,0,2,0,-1,0,0,1,1,0,0,0,0,2.586509,0,0,0.129688,2,0,0,0,1,3,0,1,0,1,1,1
0,0,0,0,1,0,0,-0.468559,0,1,0,0,1,0,2,0,-0.789004,0,0,0,0,1,0,0,0,0,-1,0,0,0,0,0,1.49158,6,0,0,-1,-3,0,0,1.422546,0,1,-0.761777,0,0,0,0,0,0,1,-1,0,0,0,0,3,0,1,2,0,0,1,0,0,0,0,0,0,0,1,1,1,0,0,1,0,-1,0,0,0,0,0,0,0,0,0,0.193542,0,0,-0.076696,3,0,2,0,0,0,0,1,1,1,1,1
0,0,2,0,-3,0,0,-0.626027,0,0,1,0,-1,-1,1,0,-0.460578,0,0,0,0,0,0,-1,0,0,-1,0,0,0,0,0,1.4494,6,0,0,1,3,-1,0,0.919758,0,0,-0.781992,3,0,0,0,0,0,0,0,0,0,0,1,0,0,0,0,0,0,0,0,-2,1,0,0,0,0,0,0,2,0,0,0,1,0,0,0,1,0,0,-3,1,0,0,-0.631937,0,1,-0.509053,0,0,0,-2,0,0,0,1,0,1,1,1
0,2,-1,0,0,0,0,-0.163712,-1,0,0,0,0,0,1,3,-0.846154,-1,0,0,0,0,-1,1,0,0,0,1,0,-1,-1,0,0.8,3,0,0,0,0,-1,0,1.388419,0,0,-0.681498,0,0,0,-1,0,0,0,0,-1,0,0,0,0,0,-1,0,0,1,3,1,0,0,1,0,0,0,2,-1,1,3,-1,0,0,1,0,0,0,0,1,0,0,-2,0,-0.649565,0,0,-0.662521,-1,0,0,0,1,1,0,0,1,0,0,1
-1,2,0,0,0,0,0,-0.439959,0,0,0,1,0,0,0,0,-0.846154,0,0,-1,0,0,0,0,0,0,0,1,0,-2,0,0,0.92748,4,0,-1,0,0,0,0,1.208305,0,0,-0.571732,0,0,0,0,1,0,0,0,0,0,1,0,0,-2,0,0,1,0,0,0,1,0,0,0,0,0,0,-1,1,2,-1,0,0,1,0,-1,4,0,0,1,0,0,0,-0.712428,0,-1,-0.643808,1,0,0,0,0,1,-1,0,0,0,0,1
0,0,0,0,0,-1,2,-0.39724,0,-1,0,0,-2,0,1,0,-0.72484,0,0,0,0,0,-1,-1,0,0,0,0,2,0,0,0,0.84947,1,0,-1,0,0,0,0,1.734181,0,0,-0.658998,0,0,0,0,0,0,1,1,-1,1,0,0,-1,0,0,0,0,0,0,0,1,0,1,0,0,-2,0,0,2,0,0,0,0,1,0,0,0,0,0,1,0,0,0,-0.297987,0,0,-0.652979,1,0,0,0,0,1,1,0,1,0,0,1
1,0,0,0,0,2,1,-0.816867,0,0,0,0,0,0,0,0,-0.732026,0,0,0,0,0,0,4,0,0,0,-1,0,0,0,0,3.18651,0,1,0,-1,0,1,0,1.26738,3,0,-0.667756,0,0,0,-2,0,0,0,0,1,2,2,-1,0,0,0,1,1,1,0,1,5,0,1,1,0,-2,0,0,0,0,0,0,0,0,0,0,-1,0,0,0,0,0,2,-0.34518,0,0,-0.790413,3,0,0,0,0,0,0,0,1,0,1,1
0,0,0,0,0,0,0,-0.857551,0,0,0,0,0,0,0,1,-0.614597,0,0,1,0,0,0,0,-1,0,0,2,2,0,1,0,1.37418,0,0,0,1,0,1,0,1.433631,1,0,-0.75,0,2,0,0,-1,0,1,0,0,0,1,0,0,0,0,0,0,0,0,0,0,0,0,0,0,0,0,1,0,0,0,0,1,-2,0,-1,0,0,0,0,1,0,0,-0.707317,0,0,-0.8125,0,0,0,0,0,0,0,1,0,0,1,1
0,-1,0,0,0,-1,2,-0.6369,0,0,0,0,0,2,0,1,-0.867363,0,0,1,0,0,0,0,0,0,-1,0,0,2,0,0,0.931,4,0,0,0,0,1,0,1.301244,1,0,-0.825067,-2,0,-2,0,0,1,0,1,0,0,1,0,2,0,0,-1,0,0,1,-2,0,0,0,0,0,0,1,1,0,0,0,0,1,0,0,1,-1,0,0,0,0,0,1,-0.707317,0,0,-0.8125,0,0,0,0,-1,2,0,1,0,-1,1,1
0,0,0,0,0,0,0,-0.792228,0,0,0,0,0,0,0,0,-0.786542,0,0,0,0,0,0,0,0,0,0,1,0,0,1,1,2.1584,13,0,0,-1,1,-2,0,0.843556,0,-1,-0.203637,0,0,0,0,1,-1,1,0,0,0,0,3,0,1,-1,-4,1,0,0,-1,1,0,0,0,0,0,0,1,-1,0,0,0,0,2,0,0,0,-1,0,1,1,0,0,-0.76,0,0,-0.52993,0,0,0,0,-2,0,0,0,0,0,0,1
0,0,0,0,0,-2,0,-0.755102,0,0,0,1,0,0,0,0,-0.522748,0,-1,0,0,0,0,0,0,0,1,0,0,0,0,0,0.6,2,0,0,0,2,0,0,1.075132,0,1,-0.853585,0,0,-1,0,1,0,0,0,0,0,0,1,3,0,0,0,0,0,0,0,0,0,1,0,0,-2,0,0,3,0,0,0,0,0,0,0,0,2,0,1,0,-1,0,-0.869365,0,0,-0.627074,0,1,0,0,0,0,-1,0,0,0,0,1
0,-3,0,0,0,0,0,-0.755102,-1,0,0,0,0,0,0,0,-0.812129,0,-1,0,0,0,0,0,0,1,0,1,0,0,4,-1,0.6,7,0,0,0,0,-1,0,0.714286,0,0,-0.780819,0,0,0,0,0,1,0,0,0,1,0,1,0,-1,0,-3,0,0,0,0,1,0,0,0,0,0,-2,0,0,1,0,0,0,0,0,0,0,0,0,0,0,-2,0,-0.719836,0,0,-0.619143,1,0,0,0,0,0,-1,0,0,0,0,1
0,0,0,0,0,0,0,-0.684138,0,0,0,0,0,0,1,0,-0.274858,0,0,1,1,0,0,0,1,0,0,0,-5,0,0,0,0.83605,2,0,0,0,0,2,0,1.25,0,1,-0.600407,0,0,0,0,0,0,0,0,0,0,1,0,1,-1,0,-3,0,0,0,1,0,0,0,-3,0,1,0,0,0,-2,-2,0,0,0,0,1,0,0,1,0,0,-1,0,-0.169503,0,0,-0.483321,0,0,0,1,0,0,-1,1,0,1,0,1
0,0,-2,-1,0,0,0,-0.115908,0,0,0,0,2,0,-2,0,-0.5,1,0,0,0,0,0,-1,1,0,0,0,0,0,0,0,0.8,1,0,0,0,0,0,0,1.017095,0,0,-0.47527,2,0,0,0,0,0,0,0,0,0,0,0,0,0,2,1,0,0,-1,0,0,2,0,0,3,0,-1,0,0,0,0,1,0,0,-1,0,0,0,-1,0,0,-2,0,-0.435624,0,0,-0.736823,0,0,0,1,0,0,0,0,1,1,0,1
0,0,0,0,0,0,-3,-0.639405,0,0,-1,1,0,0,0,1,-0.203535,0,-1,1,1,0,-1,2,1,0,0,2,0,1,0,0,0.85097,4,0,0,0,1,0,0,1.25,0,0,-0.605017,3,0,0,0,0,-2,0,0,0,-1,0,0,-1,0,0,0,0,1,-2,1,0,0,-1,0,0,0,0,1,0,0,1,0,0,0,0,0,0,0,1,-2,0,-3,0,-0.56555,0,0,-0.636185,0,0,1,0,0,0,0,1,0,1,0,1
0,1,2,0,0,-1,0,-0.835092,0,0,0,-1,0,0,0,0,-0.661751,0,0,-1,4,0,0,-2,0,0,0,3,-1,3,0,0,2.40396,7,0,0,-1,0,0,-1,0.54717,-1,-1,8.858512,0,0,0,1,0,1,0,0,0,0,0,0,1,0,-1,0,0,1,-1,1,1,1,0,0,0,1,1,0,0,0,0,0,-1,2,1,0,0,0,1,0,1,0,0,-0.675676,0,1,-0.549626,0,0,0,0,-1,0,0,1,0,1,1,1
0,0,0,0,0,0,3,-0.68364,0,0,1,0,-3,-2,0,0,-0.365219,0,1,0,1,0,0,1,2,0,0,-2,0,0,0,0,1.35834,1,0,0,0,0,0,0,0.338851,0,0,7.997022,0,0,0,0,1,0,0,0,0,0,0,0,2,1,4,1,1,0,0,1,0,2,0,0,0,-1,2,0,0,0,0,0,0,0,1,0,1,0,0,0,0,2,0,-0.704788,0,0,-0.128932,0,0,0,0,0,0,0,1,-1,1,1,1
0,0,0,0,1,0,0,-0.884939,2,0,0,0,0,0,0,0,-0.677541,0,0,0,5,0,0,-1,0,0,0,0,0,2,0,0,1.51572,0,0,1,0,0,0,0,1.107354,0,1,6.770766,0,0,0,0,1,0,0,0,0,0,0,0,0,0,0,0,0,0,0,0,0,0,0,0,0,0,1,0,0,-2,0,0,0,0,0,0,-1,0,0,0,1,1,0,-0.675676,0,0,-0.740405,0,0,0,0,0,0,0,1,0,0,1,1
0,0,0,1,0,1,1,-0.739176,0,0,0,0,0,1,0,0,-0.791583,0,0,0,3,1,0,0,0,0,0,0,0,1,0,1,1.30795,-22,0,0,0,0,0,0,0.929112,0,0,-0.453852,-2,0,0,0,0,0,0,0,0,-1,0,0,2,0,1,0,0,0,2,0,0,-1,0,0,0,3,1,0,0,0,0,0,-1,-1,0,0,0,1,0,-1,1,0,0,0.801053,0,0,-0.611937,-2,0,0,0,0,0,1,0,0,0,0,1
0,0,0,2,0,0,-3,0.070235,1,0,0,0,0,0,2,0,-0.477706,0,0,0,0,0,0,0,0,-1,0,0,0,1,-1,0,1.1872,1,0,0,0,0,0,1,0.931034,0,0,0.275234,0,0,0,0,0,0,0,0,0,0,0,0,0,0,0,1,0,0,0,1,0,0,-1,0,-1,1,0,0,0,0,-2,0,0,0,0,-2,-1,-1,0,0,0,0,0,-0.466688,0,0,-0.790537,0,-1,0,0,-1,0,2,1,0,2,0,1
1,0,0,0,0,0,0,-0.670022,1,0,1,0,2,0,0,0,-0.504714,0,0,-1,1,0,0,0,0,-1,0,0,0,-1,0,0,1.0474,4,0,0,1,-2,0,0,0.8904,-2,0,-0.045316,-1,0,0,0,0,0,1,0,0,-1,0,-1,-1,0,-3,0,0,0,0,1,-1,0,0,0,0,0,-2,0,1,0,0,0,1,-2,0,1,0,0,0,0,0,0,0,-0.329444,0,0,-0.117761,0,0,0,0,0,1,0,0,1,0,0,1
0,0,1,1,0,0,1,-0.539043,0,0,-1,0,0,0,0,0,-0.521549,0,0,0,-1,0,0,0,-1,0,-2,0,-1,0,0,0,3.0439,3,1,2,-1,0,0,0,0.508068,0,0,-0.903584,0,0,0,0,0,0,0,1,0,0,0,2,1,1,1,0,1,0,0,0,0,0,0,0,-1,0,1,-6,2,0,0,0,-1,1,0,0,1,0,0,0,0,0,0,-0.72093,0,0,-0.549874,0,0,0,0,0,0,-2,0,0,0,0,1
0,0,0,0,0,-1,1,-0.571429,0,0,0,-1,0,0,0,0,-0.608959,1,0,0,0,-3,0,0,0,0,0,0,2,0,0,0,1.74669,6,1,0,0,0,1,0,0.976523,0,0,-0.727273,1,0,0,1,0,0,0,0,0,0,0,0,0,0,1,-1,0,0,-1,-1,2,1,1,0,0,0,-3,0,1,0,0,0,0,-2,0,1,0,-1,0,0,0,-3,-1,-0.831612,0,0,-0.395074,0,1,0,0,0,0,0,1,1,0,0,1
-1,4,1,1,0,-1,1,-0.609267,0,0,0,-1,0,1,0,0,-0.447839,0,0,0,0,0,0,0,-2,0,0,-1,-1,0,0,0,1.17844,7,0,1,-1,2,0,0,0.447999,-2,0,-0.635758,0,-2,-1,0,0,0,-1,0,0,0,0,1,-1,1,0,0,0,0,0,0,0,-1,1,0,1,0,1,0,0,-1,-2,0,-1,1,0,0,0,0,0,0,0,0,0,0.138313,0,0,-0.653171,0,0,0,0,0,0,0,0,1,0,0,1
-1,0,0,0,0,0,1,-0.793103,0,0,2,0,0,0,-2,3,-0.686499,0,-1,0,0,0,0,0,0,0,0,2,0,0,0,1,3.20936,14,0,0,-1,0,-1,0,1.085398,0,0,-0.75903,0,0,0,0,0,0,1,0,1,-1,0,-2,0,0,0,0,0,0,0,0,-3,0,0,2,0,0,-1,0,1,0,0,0,0,0,0,0,0,-2,0,1,0,0,0,-0.548043,0,-1,-0.709639,0,0,0,0,0,-1,0,1,1,2,1,1
0,1,0,0,0,0,1,-0.774732,0,-1,0,0,0,0,0,0,-0.622128,0,1,-2,4,0,0,0,-1,-2,0,-1,0,0,1,0,0.75097,0,0,1,0,0,0,0,1.965892,0,0,-0.767879,1,0,1,0,0,1,0,0,0,0,0,0,0,0,0,-1,0,0,0,0,-1,0,0,-1,0,0,0,0,1,0,2,0,0,0,0,-1,0,1,0,1,1,0,0,2.183407,0,0,-0.657143,3,0,0,0,-1,0,1,1,0,4,1,1
0,0,0,0,0,0,1,-0.775722,0,-1,0,0,0,0,2,1,-0.667324,0,0,0,0,0,1,0,0,0,0,0,2,0,1,0,2.10385,8,1,0,0,1,-1,0,3.859571,0,0,-0.868513,0,0,0,0,0,0,0,0,0,-3,-2,0,0,2,0,-1,0,0,1,0,0,0,0,0,1,0,0,0,1,0,0,0,0,0,0,0,-1,0,0,1,0,0,0,-0.556702,0,0,-0.80547,-1,0,-1,0,0,0,0,1,1,0,1,1
0,0,0,0,0,-2,2,-0.382454,-1,0,1,0,0,0,3,0,-0.543846,0,-1,-3,-1,0,0,0,0,0,0,0,2,0,0,-1,0.85995,7,0,0,0,-2,0,0,0.616698,0,0,-0.470933,0,0,-1,0,0,0,0,0,-1,0,0,1,0,0,-1,3,2,0,0,-1,0,1,0,0,0,1,1,0,0,0,0,0,0,2,0,0,0,1,0,1,0,0,0,-0.788746,0,0,-0.575551,0,0,0,-1,0,0,2,0,2,0,0,1
0,0,0,0,0,0,0,-0.777787,0,0,0,0,0,2,0,0,0.732828,0,1,0,0,-3,0,2,-1,1,0,0,0,0,0,0,0.96828,4,0,0,0,0,0,0,0.548387,0,0,-0.912065,1,1,-1,0,0,0,0,0,0,0,1,0,0,0,0,0,0,0,1,-1,1,0,0,0,0,0,0,-1,1,0,3,0,0,0,0,1,0,2,0,0,0,2,0,-0.841331,0,0,-0.878278,0,0,0,0,0,-2,1,0,0,-1,0,1
0,0,0,0,0,0,0,-0.59119,0,0,-4,0,0,0,0,0,-0.767597,0,0,-2,0,0,0,0,0,1,1,2,0,0,0,0,0.69895,7,0,0,0,-1,0,0,0.402131,0,0,-0.641672,0,0,0,0,0,1,0,-1,0,1,1,0,0,0,1,-2,0,0,2,0,1,1,0,0,-1,1,0,1,1,0,0,0,0,0,0,0,0,0,0,1,0,0,0,-0.506371,0,-1,-0.672342,0,0,0,0,0,0,0,0,2,0,0,1
0,2,0,3,0,0,0,-0.79661,1,0,0,0,0,0,0,0,-0.371455,-1,0,2,0,0,0,-1,0,1,0,0,2,0,-1,0,1.05456,1,0,2,0,0,0,1,2.48718,0,0,-0.691749,1,1,0,0,0,0,1,0,0,1,0,-1,0,0,0,0,0,0,0,0,0,0,0,0,0,0,2,0,0,0,2,0,0,0,0,0,0,0,0,-1,1,0,0,-0.283232,0,0,-0.153471,0,0,2,0,0,0,0,-1,4,0,0,1
0,0,0,0,0,0,0,-0.593204,0,0,0,0,0,0,0,0,-0.493584,-1,1,1,0,0,-1,-2,0,1,-1,0,0,0,0,1,0.6005,4,0,0,1,-2,0,0,2.088084,1,1,-0.79959,1,1,0,0,1,0,1,0,0,0,0,0,0,0,0,0,0,0,0,0,0,0,0,-1,0,0,0,0,1,0,0,0,0,0,0,0,0,-1,0,0,0,0,0,-0.435782,0,0,-0.846856,2,0,0,0,1,0,0,2,0,0,0,1
0,-2,0,0,0,0,0,-0.79661,0,-2,0,0,0,0,0,1,-0.59967,0,0,1,0,1,0,0,0,1,0,2,0,0,-1,0,0.89874,10,0,0,1,0,1,0,2.289711,1,0,-0.62364,-1,1,0,0,0,0,1,1,0,0,0,0,0,0,0,0,0,0,0,0,0,0,1,0,3,0,0,0,1,1,0,0,0,2,-2,0,0,0,0,0,0,-4,0,0.005754,0,0,-0.77449,0,0,0,0,0,0,1,0,-2,0,0,1
0,0,-1,0,0,0,1,-0.401113,0,0,1,0,0,-2,1,0,-0.660273,0,0,0,1,0,0,0,0,0,0,0,-1,-3,0,0,0.7066,10,0,0,0,0,1,0,0.225806,0,0,-0.229364,1,1,0,0,0,0,0,0,-1,0,-1,0,0,-1,-1,0,0,0,0,1,0,0,0,0,0,0,0,-1,0,0,1,0,0,0,0,0,2,0,0,0,2,0,2,-0.747455,0,0,-0.372241,0,0,0,0,0,0,0,0,0,0,0,1
0,0,0,0,0,2,0,0.345797,1,0,-1,0,0,0,0,0,-0.534148,0,0,0,0,0,2,0,0,0,0,0,2,0,0,0,0.97102,2,0,0,0,1,2,0,0.225806,0,0,-0.628941,0,1,0,0,0,0,2,0,0,0,-2,0,0,0,-1,0,0,0,1,0,0,0,0,0,3,0,0,0,0,1,0,0,0,1,0,0,0,1,0,1,0,0,0,-0.727663,0,0,-0.582477,0,0,-1,0,0,0,0,1,0,0,0,1
2,6,0,0,0,0,1,-0.572692,0,-1,0,0,0,0,0,0,-0.715955,0,0,0,0,0,0,-3,0,0,0,0,1,0,0,0,0.79624,3,0,0,0,1,1,0,0.235928,0,1,-0.623736,1,0,1,0,0,0,1,0,0,1,0,0,2,0,0,0,2,0,0,-1,4,0,0,2,0,0,0,0,-2,0,0,0,0,1,0,0,-1,1,0,0,0,0,0,-0.749733,0,0,-0.79815,0,-1,0,0,0,0,0,0,0,0,0,1
0,0,0,1,0,0,0,-0.597939,0,0,0,0,-1,0,1,0,-0.891334,0,0,1,4,0,0,0,-1,-2,0,0,0,1,0,0,2.03585,7,0,0,1,1,1,0,0.273933,0,0,-0.334128,0,0,0,0,0,0,0,0,0,0,0,1,0,0,1,0,0,0,0,1,0,0,0,0,0,0,2,0,0,0,0,-1,0,0,0,0,0,0,0,0,0,0,0,0.765692,0,0,-0.742601,0,-1,0,-1,0,0,2,0,0,0,1,1
1,1,1,0,0,-1,1,-0.523646,0,0,0,1,0,0,0,0,-0.713939,0,0,0,0,0,0,0,0,0,0,0,0,0,0,0,0.94286,6,0,0,3,0,-1,0,2.334347,0,0,-0.56468,0,0,0,0,0,1,0,0,0,0,0,1,1,0,3,0,0,0,0,1,1,1,-3,0,0,0,1,0,0,0,0,0,0,0,0,0,0,0,0,0,0,3,0,-0.465092,0,0,-0.834726,0,0,0,0,1,0,0,0,0,1,1,1
0,-1,-2,1,0,0,0,-0.724913,0,0,2,1,-1,0,1,1,-0.551623,0,0,0,0,-1,0,0,0,0,0,0,5,0,0,2,0.94286,7,0,0,1,1,0,0,2.45455,0,0,-0.636364,0,0,0,0,0,2,0,0,0,0,1,0,0,0,0,0,0,0,1,1,0,0,0,-1,2,0,0,0,-2,2,0,0,0,0,0,1,0,0,0,-1,0,0,0,-0.818182,0,0,-0.781818,0,0,0,0,1,3,-1,1,0,0,1,1
0,2,0,0,0,0,0,-0.664433,0,0,0,1,0,-3,0,0,-0.733333,0,1,0,0,0,-1,0,0,-1,0,0,0,3,0,0,1.06753,5,0,0,1,0,0,0,0.844924,0,0,-0.825931,3,0,0,0,0,0,0,-1,0,0,0,1,0,0,0,1,0,1,0,0,0,-3,0,0,0,0,0,1,0,0,2,0,0,1,0,0,0,0,0,1,0,0,-1,-0.744751,0,0,-0.294118,0,0,0,0,0,-1,0,0,1,0,0,1
0,0,1,0,0,0,-1,-0.743264,0,1,0,0,1,-1,0,0,-0.733333,-1,0,0,0,0,0,0,0,0,0,0,0,-2,1,0,0.76393,0,0,0,0,1,0,0,1.593254,0,0,-0.58923,0,0,0,0,0,0,0,0,0,0,1,0,-1,0,0,2,0,1,0,0,0,0,0,-1,0,-1,0,0,0,0,0,0,0,0,0,0,0,0,0,0,-1,-2,-1,-0.831456,0,0,0.033854,0,0,-1,0,2,0,0,-1,1,0,0,1
-1,0,-1,0,0,0,0,-0.80912,0,0,0,1,0,0,0,0,-0.650877,0,1,0,0,-1,0,0,-1,0,-1,0,-2,0,1,0,1.02984,1,0,1,-1,1,0,0,0.959509,0,0,-0.337748,0,0,0,0,0,0,0,0,0,-1,0,1,2,0,-1,0,0,1,0,-1,0,2,2,1,0,0,0,0,2,0,-1,0,0,0,0,0,0,0,0,1,0,0,-2,-0.489178,0,0,0.037604,0,0,-1,0,0,-1,0,1,1,0,0,1
0,0,2,0,0,0,0,-0.72056,0,0,0,-1,3,0,0,0,-0.531204,1,0,0,1,0,-1,1,0,0,0,1,0,0,-1,0,0.70171,6,0,0,0,2,0,0,1.05263,3,0,-0.700882,2,0,1,0,0,0,0,0,1,1,-3,2,0,-1,0,0,0,0,0,0,0,0,1,0,1,0,0,0,0,0,0,0,0,-4,0,0,1,-1,0,0,0,0,2,-0.014918,0,0,-0.743791,-2,0,1,0,0,0,0,3,-2,0,0,1
0,0,2,0,0,0,0,-0.017483,0,0,0,0,1,0,0,0,-0.811196,0,0,-1,0,0,-1,0,0,0,0,1,0,0,0,0,1.37577,9,0,0,0,0,0,1,0.781581,1,0,-0.672784,0,0,0,0,0,1,0,0,0,0,1,1,0,0,0,-1,0,0,0,-1,-4,0,0,0,0,1,0,0,0,0,-1,0,0,0,0,0,0,0,0,0,0,0,0,-0.585461,0,0,-0.418364,0,0,3,-1,1,1,0,-1,0,0,0,1
0,0,0,0,0,0,0,2.38205,-1,0,1,0,0,0,2,0,-0.72093,0,0,0,3,0,1,-4,0,0,0,0,-2,-2,1,0,0.96251,0,0,0,0,0,0,0,1.05263,0,0,-0.604856,0,0,0,0,0,-1,1,0,0,0,-2,1,0,0,-2,0,0,0,-1,3,0,0,0,0,0,1,0,0,4,0,0,0,1,0,0,0,0,1,0,1,1,0,0,-0.660641,0,0,-0.787313,-1,0,-1,1,1,0,0,-2,1,0,0,1
0,-1,0,0,0,0,1,-0.407727,0,0,0,0,0,0,0,0,-0.875618,0,0,1,1,1,0,0,0,0,-1,-1,2,0,2,0,0.94497,3,1,0,-1,-2,0,0,0.783432,2,3,-0.546807,1,0,0,-1,0,0,-3,0,0,0,-1,0,0,0,2,0,1,0,0,0,0,-1,0,0,0,-2,0,1,-2,2,0,0,0,-1,0,1,0,0,0,-1,0,0,0,0.143296,0,0,-0.902584,0,-1,0,0,0,0,0,0,1,0,1,1
0,0,-1,0,-1,0,0,-0.748275,0,0,0,-3,0,0,0,0,-0.76,0,0,0,1,0,0,0,1,0,0,0,-1,1,0,-1,0.71011,2,0,0,0,4,0,0,1.82353,1,0,-0.676236,1,0,0,0,0,0,0,0,0,0,0,0,0,-1,0,0,0,0,0,0,0,0,0,-1,-1,0,0,0,0,0,0,0,1,-1,0,0,0,0,0,0,-1,0,0,-0.588162,-2,0,-0.716216,2,0,0,0,0,0,0,-1,0,0,1,1
0,1,0,0,0,0,1,-0.741686,0,0,0,0,0,0,-1,0,0.353027,0,0,1,1,0,-1,0,0,0,0,0,0,0,0,0,1.00456,11,0,-1,0,0,0,0,1.82353,0,0,-0.635103,1,0,0,0,0,0,0,0,1,0,0,0,0,0,0,0,1,0,0,0,0,0,1,-2,0,0,0,1,-5,-1,0,0,4,2,0,2,0,-1,0,1,0,-4,0,0.906542,0,0,-0.389495,0,-1,0,0,0,0,1,2,1,0,1,1
0,0,0,0,0,0,0,-0.5,0,0,1,0,0,-1,1,0,-0.873708,0,0,0,1,0,0,3,0,2,0,0,0,0,0,-1,0.7598,9,0,0,1,-1,0,0,0.25338,-1,0,-0.505788,0,-2,-1,0,0,0,0,0,2,-2,1,0,0,3,-3,-1,0,0,0,0,0,0,0,0,0,0,2,0,0,-1,-2,0,0,-3,0,0,1,0,0,-1,-1,0,0,2.104878,0,0,-0.553427,-1,0,0,0,0,0,-1,0,0,0,0,1
0,0,-1,0,0,-1,1,-0.507312,1,0,0,0,1,-1,0,1,-0.896258,0,0,1,0,0,1,0,0,0,0,0,0,1,1,0,2.52214,4,0,0,0,0,1,0,0.358667,0,1,-0.865768,0,0,0,0,0,-1,0,0,1,0,0,0,0,0,0,1,1,0,0,-1,0,1,-2,0,0,-1,1,-1,0,1,1,0,-1,0,0,0,0,0,0,1,0,0,0,-0.800974,0,0,-0.304758,1,0,0,0,-1,1,0,0,2,0,0,1
0,0,-4,0,0,-1,2,-0.5,0,0,0,0,0,0,0,0,-0.818182,0,0,0,0,0,0,0,0,1,0,2,0,0,0,1,0.81531,6,-1,0,1,0,0,1,0.218808,1,0,-0.584561,0,-1,0,-1,0,-1,0,0,0,1,0,0,0,0,0,0,0,0,-2,0,0,0,0,3,-1,0,-1,0,-3,0,0,0,-1,1,0,0,0,1,0,0,0,0,1,-0.571865,0,0,0.767101,0,0,0,0,0,-1,0,0,-1,0,0,1
0,1,0,3,0,-2,0,-0.788657,0,0,0,0,0,0,0,0,-0.77055,0,0,1,0,1,0,0,0,1,0,0,0,0,0,0,1.04432,5,0,0,0,1,0,0,2.05128,0,0,-0.67437,1,-1,0,3,0,0,0,1,0,-1,0,1,0,0,4,0,0,-1,0,0,1,0,2,0,0,0,0,0,1,0,0,0,0,5,0,0,0,0,0,0,0,0,0,-0.801265,0,0,-0.684509,4,-2,0,0,0,0,-1,1,0,-1,0,1
0,0,-1,0,0,0,2,-0.636473,0,0,0,0,0,0,0,0,-0.73913,0,0,1,0,0,-1,-3,0,1,0,0,0,1,0,0,1.10027,6,0,0,1,0,-1,0,2.497441,0,0,-0.701178,-1,0,0,0,0,0,-1,0,0,0,0,2,0,0,0,0,-1,0,0,0,1,1,1,0,0,0,0,0,1,2,0,0,0,0,0,0,0,0,0,1,0,1,0,-0.735875,0,0,-0.259186,2,0,0,0,0,1,0,1,0,2,0,1
0,-2,0,1,0,0,0,-0.627572,-2,0,-1,0,0,0,-1,0,-0.73913,0,0,1,0,0,0,0,0,1,0,0,0,1,0,0,1.45651,0,0,0,1,3,0,0,2.582049,0,0,-0.685631,0,0,0,2,0,0,0,0,0,-4,-1,0,0,0,0,0,0,0,0,0,1,1,1,0,0,0,0,-1,1,0,0,0,-2,0,0,0,0,-1,-1,0,0,1,0,-0.740909,0,0,-0.670354,0,0,-1,0,0,0,0,0,2,3,0,1
0,0,0,1,0,-3,-1,-0.780229,0,0,0,0,0,0,0,1,-0.671402,0,0,-2,-2,0,0,2,1,0,0,1,-3,0,0,0,1.94405,0,2,0,1,2,0,0,0.290323,0,0,-0.567964,-2,0,0,0,0,0,0,0,0,0,0,0,-2,0,0,1,0,1,0,0,0,0,0,0,0,0,0,0,0,0,-2,0,0,0,1,0,0,0,0,0,0,-2,-1,0.008656,0,0,-0.429434,0,0,0,0,0,0,0,0,0,0,0,1
0,0,0,0,0,0,0,-0.144859,0,0,0,0,0,0,-2,1,-0.80797,0,0,0,0,0,0,-2,1,-1,0,0,0,0,-1,0,0.75487,10,1,0,1,2,0,0,0.256282,0,1,0.146202,1,0,0,0,0,0,0,0,0,0,2,0,0,0,0,0,0,1,-1,1,1,0,0,0,0,0,1,0,0,-1,2,0,0,0,1,-1,-1,0,0,0,0,1,0,1.488263,0,0,-0.285779,0,0,0,0,0,0,0,0,0,1,0,1
0,0,0,2,0,1,1,-0.723095,0,0,0,0,-1,0,1,0,-0.779109,1,0,0,0,0,0,0,0,0,0,0,-3,0,0,-1,1.22406,6,0,0,0,0,0,0,0.293662,0,-1,-0.512334,0,1,0,0,0,-1,0,0,0,0,0,1,0,3,0,0,-1,1,2,0,1,0,0,0,0,3,-2,-1,0,0,0,-1,0,2,0,0,0,0,0,0,0,0,0,-0.376369,0,0,-0.193131,1,0,2,0,0,0,0,0,1,0,0,1
0,2,0,0,0,2,0,-0.522771,0,1,-1,0,0,0,4,4,0.0,1,0,0,0,0,0,0,0,0,0,0,0,2,0,0,0.87529,2,0,0,0,0,0,1,1.9375,0,0,4.558331,1,0,0,1,0,0,0,0,0,0,1,0,1,0,0,-3,0,0,0,0,0,0,0,0,0,0,1,0,4,1,0,0,1,0,-1,0,0,0,0,0,0,-1,0,-0.567985,0,0,-0.586207,0,-1,0,0,1,0,0,-1,1,0,1,1
0,1,0,0,0,0,0,-0.670198,0,1,1,0,0,0,2,0,0.0,0,0,0,0,-2,0,0,0,0,0,0,3,0,4,1,0.98574,1,1,0,0,0,0,0,1.9375,0,0,-0.821604,0,0,-2,0,0,0,1,0,0,0,0,0,0,0,3,0,0,1,0,0,0,1,0,1,0,0,0,0,1,-1,0,-1,0,0,0,0,1,1,0,0,0,1,0,-0.59813,0,0,-0.64792,0,0,0,0,0,-1,0,-2,0,0,1,1
0,0,-1,0,0,2,0,-0.550359,0,1,1,0,0,0,0,0,3.224526,1,0,0,0,0,-1,0,1,0,0,0,0,0,0,0,0.8322,0,-2,0,0,0,0,0,2.526053,-1,0,-0.625,0,0,0,0,0,0,1,0,0,0,3,1,0,-2,0,0,0,0,0,1,0,0,0,0,3,1,0,0,0,1,0,0,3,3,3,0,0,0,0,0,0,0,0,-0.55481,0,-2,-0.227182,3,1,0,0,0,0,0,0,0,0,1,1
0,0,0,0,1,0,0,-0.674466,0,0,0,0,0,-1,7,0,-0.501828,0,0,0,0,0,0,0,0,0,0,0,0,4,1,0,0.6,8,3,0,0,0,1,1,2.14286,0,-1,-0.144787,-1,0,0,0,0,0,-1,0,0,0,1,0,-1,0,0,0,0,0,2,0,0,0,1,0,0,0,4,0,0,0,0,0,-4,0,0,0,0,-1,0,0,0,0,0,-0.555206,0,0,-0.001632,0,0,2,0,-1,-2,-1,0,0,0,1,1
0,-2,0,0,1,2,-1,-0.050807,0,-2,0,0,-1,0,0,2,-0.604994,0,0,1,0,0,0,0,0,0,-1,0,0,0,0,0,0.9754,10,0,-1,0,0,1,0,2.169217,1,0,0.991147,1,0,0,0,-1,0,0,1,0,2,1,0,0,0,1,0,0,1,0,0,0,0,1,-1,0,0,1,-1,0,0,0,0,0,0,0,0,0,0,0,-1,1,0,0,0.444835,0,0,-0.628107,0,0,0,0,-1,1,0,-1,0,1,1,1
0,0,0,1,0,2,0,-0.364603,1,0,0,0,0,-1,0,0,-0.606913,0,0,1,0,0,0,0,1,0,0,4,0,0,0,0,2.01531,10,0,1,0,0,1,0,2.14286,-2,0,-0.887927,-1,0,-1,0,0,0,0,0,0,0,0,-3,0,0,2,0,0,0,3,0,1,0,1,0,3,1,1,0,0,-1,0,0,0,0,0,0,0,1,0,0,0,1,0,-0.423754,0,0,-0.796017,0,0,0,1,0,0,-2,0,0,1,1,1
0,1,0,1,0,0,0,0.120068,1,0,1,0,2,1,0,2,-0.396319,0,0,0,0,0,0,0,0,0,0,0,0,0,-1,1,1.70617,3,0,0,1,1,0,0,1.104111,0,0,-0.820896,0,0,1,0,0,1,0,0,0,0,0,0,1,0,0,0,1,0,4,0,0,0,1,1,0,0,0,0,0,-1,0,0,2,0,0,0,0,0,0,0,0,1,0,-0.469935,0,1,0.015683,0,0,0,0,0,0,0,-3,2,0,1,1
2,-1,0,-1,0,0,0,-0.52,0,0,0,0,0,1,0,0,-0.681912,1,0,0,1,0,1,1,0,-1,0,0,0,0,0,0,1.91085,1,0,0,1,0,3,0,0.865672,0,0,-0.82398,0,1,3,0,0,2,0,0,0,0,8,0,0,0,-1,0,0,0,0,1,0,0,0,0,-1,0,0,0,3,-1,0,-1,-1,0,0,0,0,0,0,0,0,0,0,-0.661773,-1,0,2.28107,-1,0,0,0,0,0,0,0,0,0,1,1
0,-1,2,0,-1,0,0,-0.024074,-1,0,2,-1,0,0,0,0,-0.376424,1,0,3,0,0,-4,0,0,-1,0,0,0,3,0,0,1.91429,3,0,0,-1,0,0,2,0.860285,0,0,-0.909836,-2,2,0,-1,0,2,0,0,0,-1,1,1,0,1,3,0,0,0,2,0,0,4,-1,1,0,1,-1,0,0,0,0,0,0,0,0,0,0,0,0,1,0,0,1,-0.373375,0,1,-0.548932,0,0,-2,2,-1,1,1,0,1,0,1,1
0,0,0,1,0,0,0,-0.889142,0,0,0,0,0,-1,0,0,-0.785714,0,0,0,0,0,0,1,0,0,-1,0,-3,1,0,-1,0.80077,1,0,0,0,1,0,0,0.1875,2,0,-0.596268,0,0,0,1,-2,0,0,0,0,-1,0,0,0,0,1,0,1,0,-1,0,0,0,1,2,-2,1,0,0,0,0,0,0,0,0,0,-5,0,0,0,0,0,1,0,-0.773585,-1,0,-0.639632,0,0,0,0,1,0,0,0,0,0,0,1
0,-1,-4,0,0,1,0,-0.005596,0,0,1,0,0,0,1,0,-0.628135,0,0,1,0,0,-1,0,0,0,0,0,-1,-1,-1,0,0.91429,0,0,0,0,0,0,0,0.1875,-1,0,-0.565577,0,-2,-1,1,0,0,0,0,0,0,0,2,-2,0,0,0,1,0,0,0,-1,0,1,2,2,0,0,1,-1,-2,0,0,0,1,0,1,0,0,0,1,0,-1,0,-0.38001,0,0,-0.350879,1,0,0,0,0,2,1,-1,3,0,0,1
0,0,0,1,0,1,0,-0.894431,0,0,0,0,0,0,0,0,-0.785714,0,0,1,0,0,-2,0,0,0,-1,0,0,0,0,0,0.91429,3,0,0,0,0,0,0,0.1875,0,0,-0.310312,0,-1,-1,0,0,-1,0,0,0,0,0,2,0,0,1,0,0,0,0,0,-2,0,1,0,2,0,0,-1,0,1,-2,0,0,2,0,0,0,0,0,0,0,4,0,-0.689902,1,0,-0.222295,-1,0,0,0,0,0,0,-2,0,0,0,1
0,0,-1,1,0,0,0,-0.843779,0,0,0,-1,2,4,1,0,-0.505444,0,0,0,0,0,0,0,0,0,-1,0,-1,-1,-1,-3,1.4267,2,0,0,0,1,0,0,0.983074,0,0,-0.7,0,2,0,0,1,0,0,0,0,0,0,0,0,0,0,-1,0,0,0,0,1,0,0,0,0,1,1,0,-3,0,0,0,0,0,0,1,0,1,0,-2,0,0,0,-0.469104,0,0,-0.699589,0,0,-1,0,0,0,0,0,0,0,0,1
0,2,0,1,0,-1,0,-0.781818,1,0,0,0,0,-2,-3,0,-0.647059,-1,0,0,0,0,1,0,-3,-1,0,0,1,0,1,0,1.34446,4,1,-1,1,0,0,1,0.749167,1,0,-0.623569,0,1,0,0,0,-1,0,-1,0,0,0,0,0,0,-1,-2,0,0,-1,1,0,1,0,0,0,0,3,0,0,-1,0,3,0,1,0,1,0,2,0,0,0,0,0,-0.612903,0,0,-0.520863,3,0,0,0,0,0,0,0,0,0,0,1
0,0,0,1,0,0,-1,-0.650441,0,0,0,2,-2,0,0,0,-0.717152,0,2,0,0,0,-2,0,0,0,0,-1,0,0,0,0,1.53965,5,0,1,2,1,0,0,0.953021,0,0,-0.665104,0,0,0,0,0,0,0,0,0,0,0,0,0,0,0,0,0,0,0,0,1,0,0,0,-1,0,-1,0,0,0,0,0,0,4,0,1,0,1,0,0,0,0,1,-0.586299,0,2,-0.49777,0,0,0,0,0,0,0,0,0,1,0,1
0,0,0,0,0,0,4,-0.801464,0,0,0,0,0,0,0,0,-0.75,1,1,0,1,1,0,0,0,1,0,0,0,0,0,0,2.14993,7,0,0,2,1,0,0,0.902974,-1,0,-0.6513,0,0,0,0,0,0,-1,0,0,0,-1,0,0,0,0,0,0,0,0,0,0,0,0,0,0,0,0,0,0,0,3,0,0,-2,0,1,0,0,0,0,0,2,0,6.437485,0,1,-0.456326,0,0,0,0,0,0,0,2,2,1,1,1
0,0,0,0,0,0,0,-0.532977,1,0,0,0,2,0,0,0,-0.694706,0,1,0,1,0,0,0,0,0,0,0,0,0,0,0,1.11797,8,0,-2,0,0,1,0,1.455316,0,-1,-0.655174,0,0,0,0,-1,0,0,0,1,0,1,4,0,-1,2,0,0,0,-1,1,0,0,0,-2,-2,0,1,0,2,0,0,1,-2,0,0,0,0,-1,0,1,0,0,0,2.63636,0,0,-0.736178,0,1,0,0,0,0,0,-1,1,0,1,1
1,-1,1,-1,0,0,1,-0.895568,1,0,0,0,0,1,0,0,-0.419158,0,1,0,0,0,0,0,0,1,0,0,-2,0,-1,1,0.63986,7,0,0,0,0,2,0,0.77175,0,-1,-0.734377,0,0,1,0,0,-1,0,0,2,0,0,0,0,2,1,0,0,0,-1,0,2,0,0,-1,0,1,0,0,1,-1,0,-1,0,0,0,0,-1,0,0,3,0,2,0,3.543908,0,0,-0.744681,0,1,5,0,0,-1,0,0,0,0,1,1
0,0,0,0,0,0,0,-0.54528,0,0,0,1,0,-1,-1,0,-0.51256,0,0,0,0,0,5,0,0,1,0,0,0,-4,0,0,2.42407,3,0,0,0,0,1,0,2.951705,0,0,-0.661451,0,0,-1,0,0,-1,0,0,0,0,0,0,0,0,0,0,0,0,0,1,1,1,0,0,0,0,2,0,0,0,2,0,0,0,0,0,0,1,0,0,0,-2,-2,5.777326,0,0,-0.68743,2,0,0,0,0,0,0,0,1,1,1,1
0,1,1,0,0,2,1,-0.636583,0,0,0,1,0,0,0,0,-0.400609,0,0,0,0,0,1,0,1,0,0,0,0,0,0,0,1.53485,0,0,0,0,0,0,0,1.563859,0,0,-0.900776,3,-1,0,-3,-1,0,0,0,0,0,0,3,2,1,0,0,0,0,0,1,2,0,0,0,0,0,0,-1,0,2,0,0,0,-1,0,0,-1,0,0,1,0,-1,0,2.82609,0,0,-0.562436,0,0,0,0,0,0,2,-4,0,1,1,1
0,0,0,0,0,0,0,-0.643374,0,0,0,1,0,0,0,0,-0.622812,0,1,0,0,0,-1,-1,0,1,0,0,0,0,0,0,1.54286,6,-1,0,0,0,0,0,1.150363,-2,0,-0.674587,3,0,1,2,0,0,0,0,0,0,0,0,0,1,0,0,0,1,0,1,0,0,2,1,0,-1,0,0,0,0,0,0,1,0,-1,0,0,1,1,1,0,1,-1,6.080647,0,0,-0.586207,0,0,0,0,-1,0,2,0,1,1,1,1
0,0,0,0,0,0,0,-0.885895,0,1,-1,0,0,0,0,0,-0.656691,0,0,0,0,0,0,3,0,0,0,-2,0,0,0,0,0.707,6,-1,0,-1,-1,0,0,0.224792,0,-1,-0.484857,0,1,0,0,-1,0,0,0,0,0,0,3,0,0,3,1,-1,0,0,-1,-2,0,1,0,0,0,0,1,-2,2,0,0,2,0,0,0,0,0,0,0,0,0,1,-0.685607,0,0,-0.43503,0,0,0,0,0,0,0,0,0,-2,0,1
0,0,0,0,0,0,0,-0.528098,0,0,0,0,0,1,0,0,-0.555112,0,0,0,0,-1,0,2,0,1,0,0,-1,0,-1,0,0.76305,1,0,0,0,0,0,0,1.069789,0,0,-0.884083,0,0,0,0,0,1,0,0,0,0,0,0,0,-1,0,0,1,0,2,0,-1,2,1,0,-1,-2,0,0,-1,0,-1,0,2,0,0,0,0,0,-1,3,0,-1,0,-0.662112,0,0,-0.535185,0,0,0,0,0,1,0,0,-2,-1,0,1
0,0,1,0,0,0,0,0.138274,0,0,0,0,0,0,-1,0,-0.638239,0,0,0,0,-1,0,0,0,0,2,2,0,0,0,0,0.49149,2,-1,0,0,0,0,0,0.813411,2,0,-0.396218,0,0,0,0,0,-1,-2,0,0,1,1,1,0,0,0,0,0,0,0,1,0,0,1,0,0,0,0,0,0,0,0,0,0,-1,0,0,0,1,0,0,0,0,0,-0.400233,-1,0,-0.282925,-2,0,0,0,0,0,-1,0,1,0,0,1
0,1,1,1,0,0,0,-0.850504,0,0,1,0,0,0,0,0,-0.72093,0,-1,2,1,0,-1,0,0,0,0,0,0,0,0,0,1.49045,6,0,0,-2,-2,0,0,0.783029,0,0,-0.706739,1,0,-2,-2,1,0,0,0,0,-1,0,0,0,-1,1,0,0,0,0,0,0,0,0,0,0,1,1,1,0,0,-1,0,0,0,0,0,0,1,0,0,0,0,0,-0.872865,0,0,-0.631793,0,0,0,0,1,-1,0,0,0,0,0,1
0,1,0,0,0,-3,0,-0.6,0,0,0,0,2,0,0,0,0.046046,0,0,1,0,0,1,0,0,0,0,1,4,0,-4,0,0.58395,4,0,0,0,-1,0,0,1.092565,0,0,1.771748,0,0,0,0,2,0,1,0,0,0,0,0,0,1,0,0,0,1,-1,-1,0,4,0,-1,0,0,0,0,0,0,0,0,0,0,0,0,-1,2,0,0,0,0,0,-0.690999,0,0,-0.487444,0,-1,3,0,0,0,0,0,0,2,0,1
0,0,1,0,0,0,0,-0.440938,0,0,1,0,0,1,0,4,-0.204315,0,0,1,1,2,0,0,2,0,0,0,1,-1,0,-1,3.39883,3,0,0,0,0,0,0,0.810131,1,0,-0.675676,-1,0,-1,0,0,-1,0,0,0,-1,1,0,1,0,0,1,0,-1,0,0,0,0,0,0,1,0,0,0,0,1,0,0,1,0,0,-2,0,0,0,0,0,0,0,2.841384,0,0,8.7e-05,2,0,1,0,0,0,0,0,0,0,0,1
0,2,0,-1,0,3,3,-0.535908,1,0,0,0,0,0,0,0,-0.537638,0,0,1,1,0,0,-1,0,0,0,0,0,0,-1,0,1.74053,3,0,0,-1,-1,0,0,1.41667,-1,0,-0.270814,0,1,0,0,0,0,0,0,0,1,0,1,0,1,0,0,0,1,0,0,0,1,0,0,0,0,1,1,0,2,0,0,-1,-1,0,0,0,-1,1,0,0,0,0,0.027534,0,0,-0.730096,2,0,0,0,0,0,0,0,0,3,0,1
0,3,0,0,0,-1,1,-0.164444,0,0,0,0,3,0,0,0,-0.618386,0,-1,0,1,1,0,0,-1,0,1,0,0,0,1,0,2.18141,11,0,0,2,-3,1,0,1.074488,0,1,-0.890612,1,1,0,0,0,0,0,0,0,3,-1,0,1,0,0,0,-3,0,0,0,0,2,0,0,2,1,0,0,0,0,0,-1,0,0,0,0,0,0,1,0,0,0,0,-0.70043,0,0,-0.599734,0,0,0,0,0,1,0,0,1,3,0,1
0,0,0,0,0,0,0,-0.672114,0,-1,2,0,0,0,0,3,-0.647707,2,0,0,1,0,0,0,0,-3,-1,0,0,0,0,0,0.517,1,0,0,-2,0,0,0,1.41667,0,0,-0.751159,-1,1,0,-1,0,0,-1,0,0,0,0,0,1,1,0,-3,0,0,0,0,0,0,-1,0,2,0,1,0,0,1,3,0,0,0,1,0,0,0,1,0,0,0,0,-0.903316,0,0,-0.747838,0,0,0,0,0,0,0,1,0,1,0,1
0,0,0,1,0,0,-1,-0.709005,0,0,0,0,2,2,0,0,-0.656053,0,0,1,0,0,0,-1,1,0,0,2,1,2,0,-1,1.85876,8,0,1,0,1,0,0,0.337411,1,-1,-0.855001,-2,0,1,0,0,0,0,0,0,1,0,1,-1,1,0,0,-1,1,1,1,0,1,0,0,-1,-2,0,0,0,2,0,0,2,1,0,0,0,0,0,0,0,0,0,-0.491386,0,0,-0.567125,0,0,0,0,0,0,0,2,0,0,1,1
0,-1,1,0,0,0,0,-0.276556,0,0,1,0,1,1,0,-1,-0.488497,0,-1,1,0,0,0,0,0,0,1,0,0,0,0,0,1.19176,5,0,0,0,0,1,0,0.186639,-1,-2,-0.767539,0,0,0,0,0,1,0,0,0,0,0,1,0,0,1,0,0,0,0,0,0,2,0,2,0,0,0,0,0,0,0,0,0,1,0,0,0,1,0,0,0,0,-1,-0.608252,1,0,-0.00453,0,0,0,0,0,0,-1,0,0,0,1,1
0,0,0,1,0,0,0,-0.567121,0,0,0,-1,3,0,0,0,-0.465086,0,0,1,0,0,2,0,1,0,0,0,0,0,0,-1,2.99073,0,0,0,0,0,0,0,0.408372,0,-1,-0.527875,0,0,0,1,0,0,0,0,-1,2,0,0,0,1,0,-1,0,0,1,1,0,1,0,-1,1,0,-7,0,0,-1,3,0,0,-2,0,0,0,0,0,2,0,0,0,-0.636364,0,1,-0.772989,0,1,0,0,0,0,0,0,-1,0,1,1
0,3,0,0,0,0,0,-0.487536,0,0,0,1,0,0,0,0,0.474609,0,0,0,-1,0,0,0,0,0,1,0,0,1,0,0,1.26262,1,0,0,0,1,0,0,0.379255,0,0,-0.68764,2,0,0,0,-1,0,0,0,0,0,0,-3,1,-1,-1,0,0,0,2,0,1,0,0,-2,0,0,0,2,0,0,0,0,0,0,0,-1,0,0,0,-1,0,0,0,-0.756741,-1,0,-0.764706,0,0,0,0,0,0,2,1,0,0,0,1
0,0,-1,0,0,1,0,-0.734232,0,0,0,0,0,0,0,-4,-0.367476,0,0,0,-1,0,0,2,1,0,0,0,1,0,0,0,1.31576,7,0,0,0,0,0,-1,0.649147,-2,0,-0.586207,0,0,0,-1,0,0,0,0,0,2,-1,-1,0,-2,-1,0,0,0,0,0,1,0,0,0,0,0,0,0,0,0,0,0,-1,2,0,0,0,-1,0,1,0,0,0,-0.735815,0,0,-0.462747,0,0,-2,0,-1,0,0,0,0,0,0,1
0,3,0,-2,0,0,0,-0.896901,0,0,-1,0,-1,0,-1,0,-0.087063,0,0,0,5,0,0,0,0,0,0,0,0,-1,0,0,1.69546,10,0,0,1,0,0,0,0.836382,0,0,-0.60118,-2,1,0,0,0,-1,0,0,2,0,0,0,0,0,0,-2,0,0,0,0,1,0,-2,0,0,0,0,-1,-1,0,-2,0,-2,2,0,0,0,0,0,-1,0,0,0,1.051293,1,0,-0.767067,0,0,0,3,0,0,-2,0,0,0,0,1
0,0,1,0,1,0,0,-0.713998,0,0,1,0,1,-1,0,0,-0.695959,0,0,1,0,1,1,7,0,1,0,0,0,2,0,0,0.65714,14,0,0,0,0,0,0,2.95652,3,0,0.065209,0,0,0,0,0,1,-1,0,0,0,0,1,0,0,1,0,0,1,0,0,0,1,2,1,0,0,0,0,0,3,0,0,6,0,0,0,0,0,0,0,0,2,0,-0.777778,0,0,-0.601774,0,1,0,1,0,0,2,0,0,1,0,1
0,-1,1,0,0,0,0,-0.76,0,0,1,0,1,0,3,0,-0.702277,0,0,1,0,1,1,0,0,0,0,2,0,0,0,0,0.61852,7,0,-1,0,0,0,0,2.95652,0,0,-0.507384,0,1,0,0,-3,0,1,0,1,1,0,0,0,1,1,0,0,1,0,0,1,1,0,1,0,0,0,0,-1,0,-3,0,0,0,0,0,0,0,0,-1,1,0,-1,-0.777778,0,0,-0.620019,0,1,0,0,0,0,0,0,0,1,0,1
0,0,0,0,0,0,0,-0.54382,0,0,0,0,0,0,0,-2,-0.356189,0,0,1,1,1,0,0,0,1,0,2,5,3,0,0,0.72156,5,0,0,-2,0,0,0,2.95652,0,1,-0.911037,0,0,0,0,0,0,1,0,0,-1,-2,0,0,1,0,1,1,1,0,0,0,1,0,0,0,0,3,0,0,0,2,0,-2,-4,0,0,0,0,0,0,0,0,0,-0.715743,0,0,-0.706132,0,1,0,0,0,0,0,0,0,-1,0,1
0,0,0,0,0,0,0,-0.805619,0,0,0,0,0,0,1,0,-0.68001,0,-2,0,0,0,0,0,0,0,0,0,-1,1,0,0,1.21791,1,0,0,0,1,0,0,1.12503,0,0,-0.688157,0,0,0,0,0,0,0,0,0,0,1,0,0,0,-1,-1,0,0,1,1,0,0,0,0,0,0,-2,0,0,-1,2,0,0,0,0,0,-1,1,0,0,0,0,0,-0.71594,1,0,-0.808427,2,0,-1,-2,0,1,0,0,0,0,0,1
0,0,-1,0,0,0,0,-0.692543,0,0,0,-1,-1,0,2,0,-0.727273,0,0,0,0,0,0,1,0,0,0,0,0,0,0,0,1.22503,0,0,-1,-1,1,0,0,0.769767,0,0,-0.685989,-2,0,0,0,0,0,0,0,0,0,1,0,0,0,-2,6,1,0,0,0,0,0,0,0,0,0,0,0,0,-1,4,0,0,0,0,1,0,1,0,0,0,0,2,-0.900667,0,1,-0.730689,0,0,-1,0,0,0,-1,2,0,0,0,1
0,0,0,-1,0,0,2,-0.714286,0,0,0,0,0,-1,2,0,-0.759034,0,0,-2,-2,0,0,0,0,0,0,-1,0,0,0,0,0.62203,7,0,0,0,1,0,0,1.153835,1,0,-0.698261,0,0,0,0,0,1,0,0,0,0,0,0,0,0,0,0,0,0,0,-2,-1,3,0,0,0,0,0,0,0,-1,0,0,0,0,1,0,0,0,0,0,0,0,0,-0.822058,0,1,-0.778244,0,0,0,0,0,1,0,-3,0,0,0,1
0,0,0,1,0,-1,1,-0.728685,0,0,0,0,0,0,0,0,1.441344,0,0,0,0,0,0,0,1,0,1,0,5,0,0,0,1.83924,9,0,1,1,0,0,0,1.144029,0,2,-0.78426,3,0,-1,0,0,0,0,0,0,0,0,0,0,0,3,0,0,0,1,0,1,1,0,-2,0,1,-3,0,0,2,0,0,1,0,0,0,1,0,2,0,0,0,0,-0.826385,0,-2,-0.153777,2,0,3,-1,0,0,0,0,-1,0,1,1
0,0,2,1,-1,0,1,-0.525125,0,0,0,0,0,-1,0,0,0.249499,1,-3,0,0,-1,0,1,0,0,1,0,0,0,0,0,1.03618,13,0,0,0,-1,0,0,0.925373,0,0,-0.786528,0,0,0,0,0,0,0,0,0,-3,0,0,0,0,0,0,0,0,1,0,1,1,0,0,0,1,-3,0,0,0,-1,0,0,0,-1,0,0,1,0,0,0,0,0,-0.712512,0,0,-0.324079,-1,0,0,0,0,0,0,0,0,0,1,1
0,0,0,0,0,0,0,-0.609565,0,0,0,0,0,0,5,-2,1.440094,-1,0,0,0,0,0,-3,-1,0,1,0,0,0,0,0,3.63247,7,-1,0,0,0,0,0,0.76031,0,0,-0.820896,0,0,0,2,0,-1,0,0,0,0,0,1,2,0,2,0,0,0,0,0,0,1,0,0,0,1,0,2,0,2,0,0,0,0,0,1,0,0,1,0,-1,0,1,-0.76,0,0,-0.654888,0,0,-5,0,0,-1,0,0,1,0,1,1
0,-1,0,0,0,0,0,-0.672731,0,0,0,0,-1,0,0,0,-0.596763,0,1,1,0,1,0,0,-1,0,0,2,0,0,0,0,1.23936,7,0,-1,-2,0,0,0,1.844915,0,0,-0.751514,0,-1,0,0,0,0,0,0,0,0,1,0,2,0,0,0,1,1,0,-1,1,0,0,0,6,0,0,1,2,0,0,0,0,0,1,0,0,1,0,0,0,0,1,-0.701884,0,0,-0.888949,0,0,3,0,1,-1,0,1,0,0,0,1
0,1,0,0,0,0,0,-0.547292,0,0,-2,0,-1,0,-3,0,-0.602196,0,1,1,0,1,0,-2,0,0,0,0,0,0,0,0,1.17394,7,0,0,0,0,4,0,0.426263,0,0,-0.737305,0,0,0,0,0,0,2,1,0,0,1,-1,1,1,0,-1,0,0,-1,0,0,-1,0,0,0,0,0,0,0,0,2,0,0,0,1,0,0,1,0,0,0,0,0,-0.581733,0,0,-0.505556,0,0,-1,0,-1,1,0,1,1,0,0,1
0,-1,2,0,0,0,0,-0.309778,0,0,3,0,0,0,0,0,-0.639139,0,1,1,0,1,0,0,0,0,0,0,2,0,-3,0,1.33669,3,1,0,1,0,-2,0,0.593589,0,2,-0.753343,0,-2,0,0,0,0,0,0,0,0,1,0,0,0,1,0,0,0,0,0,1,0,1,0,0,0,-1,2,0,1,0,0,0,0,1,-1,0,1,0,0,0,0,0,-0.477966,0,0,-0.890711,0,0,2,0,0,2,0,0,0,1,0,1
0,1,0,0,0,0,-1,-0.475421,0,0,2,1,0,0,0,1,-0.612903,-1,1,1,1,0,1,0,0,0,0,0,0,-1,0,0,1.42893,6,2,0,0,0,0,0,2.76789,0,0,-0.747048,0,0,0,0,0,0,-1,1,0,0,-1,0,1,-2,0,2,0,0,3,0,0,1,0,0,1,0,1,2,0,0,0,0,0,0,0,0,0,1,0,0,1,0,0,-0.781818,0,0,-0.777293,0,-1,0,-1,0,0,0,0,0,0,0,1
0,0,1,0,1,0,0,-0.657143,0,0,0,0,0,0,0,0,-0.887259,0,0,0,5,0,0,1,0,1,0,-1,4,0,1,-1,1.96972,9,0,0,0,-3,0,0,0.710135,2,0,-0.778263,0,0,1,0,0,2,0,2,1,0,1,0,1,0,-1,0,0,0,0,0,1,1,0,1,0,0,0,1,0,0,3,0,0,0,0,0,0,0,0,0,0,0,1,-0.909272,0,0,-0.717697,0,0,0,1,0,1,-2,0,0,0,0,1
0,0,0,0,0,-1,0,-0.528431,0,0,0,0,0,0,0,1,-0.411133,0,-1,1,1,0,0,1,-1,1,0,0,0,0,1,-1,1.79826,5,0,0,0,1,0,0,3.463391,0,0,-0.79623,-2,0,0,0,0,0,1,1,0,0,1,0,0,0,0,-2,0,1,0,0,0,0,0,0,1,0,1,3,0,2,0,0,0,0,0,0,0,1,0,0,1,0,0,-0.781818,0,0,-0.366718,0,0,0,-2,0,0,0,3,0,0,0,1
0,0,0,1,0,2,0,-0.52239,0,0,0,-4,2,0,3,0,-0.816159,0,1,0,1,0,0,0,1,0,2,0,1,0,0,-1,0.97143,3,1,-1,0,1,0,0,1.35294,-2,0,-0.633877,0,0,0,0,0,0,-1,0,0,0,0,0,0,-2,0,0,0,0,0,1,0,1,0,0,0,0,0,0,0,0,0,0,0,0,0,0,0,1,-2,0,0,0,0,-0.7,0,0,-0.69581,3,0,0,0,1,1,1,2,0,0,1,1
0,0,0,0,0,0,0,-0.760045,0,0,1,0,0,0,2,0,-0.750473,0,1,5,0,0,0,-1,0,0,0,0,0,0,0,0,1.59047,3,0,0,0,0,-1,0,1.085718,0,0,-0.552008,0,0,0,0,0,0,0,0,0,-1,0,0,0,0,0,0,-1,0,0,0,0,-2,1,1,2,0,1,0,0,0,0,0,-1,0,0,-2,0,0,0,-1,0,0,0,-0.265209,0,1,-0.770865,0,0,0,0,0,0,0,0,0,0,1,1
0,0,0,0,0,0,0,-0.59263,0,0,1,0,-2,0,3,0,-0.638702,0,0,0,1,0,0,-1,0,0,0,0,-2,2,0,0,1.18278,-24,0,0,0,1,0,0,1.169786,0,0,-0.65308,0,0,0,0,0,0,0,0,0,0,-6,0,-3,0,0,0,0,-1,0,0,-1,0,0,-2,0,0,1,-1,1,-3,0,0,-1,0,1,0,0,1,-1,0,0,0,0,-0.652303,0,1,-0.713674,3,0,0,0,1,0,0,1,0,0,1,1
1,0,-1,0,0,-1,0,-0.553984,0,0,1,0,-1,0,0,4,-0.504335,0,0,1,0,0,1,0,0,0,0,0,0,0,1,-1,0.83333,2,0,0,0,0,0,0,0.801378,0,0,-0.599765,4,0,0,0,0,0,1,0,0,0,0,4,0,0,0,0,-1,0,0,2,0,0,0,2,2,0,0,0,0,0,0,-1,0,2,0,0,-1,0,0,0,0,1,0,-0.702762,1,0,-0.90959,2,0,0,0,0,1,0,0,0,0,0,1
0,0,2,0,0,0,0,-0.6,0,0,0,0,0,0,-1,0,-0.675676,0,0,1,0,0,1,0,0,0,0,0,0,0,0,0,0.79258,1,2,0,0,0,-1,0,0.76507,1,1,-0.703665,0,0,0,0,0,0,0,0,1,0,0,0,1,0,1,0,0,0,0,2,0,1,0,-2,2,0,0,0,0,-1,0,0,0,0,0,0,-1,0,0,0,0,0,0,-0.769345,0,0,-0.735296,0,0,0,0,0,1,0,0,0,0,0,1
0,-1,0,-1,0,0,1,-0.798669,-1,0,0,0,0,0,2,1,-0.641524,0,0,0,-1,0,0,0,0,0,0,0,0,0,0,0,1.12364,0,0,0,0,0,0,0,1.556295,0,0,-0.717977,0,0,0,0,-1,0,2,0,1,0,1,1,0,0,-4,0,0,0,4,0,0,0,0,0,0,-1,0,0,0,-5,0,0,3,0,0,0,0,0,0,0,0,0,0,1.76024,0,0,-0.746093,3,0,0,0,0,0,1,-1,-1,0,0,1
0,0,1,0,1,0,-1,0.060911,0,0,0,0,0,1,0,0,-0.641803,0,4,1,0,0,0,0,0,1,0,3,1,0,0,0,2.16878,7,0,0,0,0,0,-1,0.731213,0,0,-0.571429,0,0,1,0,0,0,0,0,1,-1,5,0,0,1,0,0,0,1,0,0,0,0,0,-1,3,-1,0,0,0,1,0,0,0,0,0,0,0,0,0,0,0,-1,0,-0.768444,0,0,-0.882006,0,0,0,0,0,0,0,0,0,0,1,1
-1,-1,-3,0,1,0,0,-0.812601,-1,0,0,0,0,0,0,5,3.332837,0,0,1,0,1,0,0,0,-1,0,3,2,0,2,0,1.02198,9,0,0,-2,0,-1,0,0.794145,0,0,-0.233974,-1,0,-1,0,1,0,1,-1,1,0,0,0,0,0,0,0,0,0,2,0,0,0,0,-2,0,2,-1,0,0,0,0,0,0,0,0,0,0,-1,0,-1,0,2,0,-0.828571,0,0,-0.811442,0,0,0,0,1,0,0,2,0,1,1,1
0,-1,0,0,1,-1,0,-0.150285,0,0,0,0,0,0,0,0,1.457553,-2,0,0,0,1,0,0,0,2,0,0,0,0,2,1,0.8,4,0,0,0,0,0,0,0.772645,1,-2,-0.463021,0,0,2,0,0,0,1,0,0,0,0,0,-1,0,0,0,0,1,0,0,0,0,0,4,0,0,0,3,0,0,0,0,1,0,0,0,0,1,0,0,0,0,0,-0.828571,0,0,-0.514878,0,0,0,0,0,-3,0,-1,0,0,1,1
0,1,2,0,0,0,1,3.207309,0,1,0,0,0,-2,0,0,0.143708,0,0,-1,0,0,0,0,2,1,0,-1,0,2,0,0,1.5961,3,0,0,0,0,0,0,0.631579,0,0,-0.836421,2,0,0,0,0,0,0,1,0,0,1,1,0,0,1,2,0,0,0,4,0,1,0,0,0,0,0,0,0,0,0,0,1,0,0,1,0,0,0,0,0,1,0,0.596242,0,0,-0.602196,0,0,0,0,0,0,0,1,0,1,1,1
0,0,0,0,0,2,0,2.85714,0,0,1,0,-2,0,0,1,-0.70618,0,0,0,3,0,0,1,0,0,0,0,0,0,0,0,1.64627,3,-1,0,1,0,0,0,0.631579,0,2,-0.91412,2,0,-1,0,0,0,2,1,-1,3,0,2,1,0,1,0,0,0,0,0,-2,0,3,1,3,0,0,0,0,0,2,0,1,0,0,0,0,0,-1,1,0,0,0,-0.799919,0,0,-0.619128,0,0,4,0,-1,0,0,0,0,0,1,1
0,-2,4,0,0,0,0,2.059911,-1,0,1,0,0,0,0,1,-0.591303,0,0,-1,0,1,0,1,0,1,0,2,3,0,-1,0,1.61599,5,1,1,0,0,0,0,1.031933,0,0,-0.763684,0,1,0,1,1,0,1,0,0,0,0,2,0,0,1,2,0,0,0,0,0,0,0,0,0,-1,1,1,1,2,-2,0,0,0,0,0,0,0,0,0,0,1,0,-0.75,0,0,-0.627369,2,0,0,0,0,0,0,-3,0,0,1,1
0,0,1,0,0,0,0,-0.79477,0,0,1,0,1,0,0,1,-0.657407,0,0,-2,0,0,0,-2,0,0,0,0,0,0,1,0,2.24058,2,0,0,1,0,0,0,1.389254,0,0,-0.724307,0,0,2,0,3,0,0,0,0,0,1,0,0,0,1,0,0,0,2,2,0,0,1,3,2,0,0,0,0,0,0,0,0,0,1,0,0,0,0,-1,0,2,0,-0.374185,0,0,-0.681895,0,0,0,0,0,-2,0,0,2,1,1,1
0,0,1,0,0,-1,0,-0.761037,1,0,1,0,2,0,0,0,-0.491568,0,-1,0,0,1,0,0,0,1,1,0,0,0,2,0,1.57143,6,-2,0,0,2,-1,1,1.584055,-1,0,-0.781818,1,0,0,0,0,0,1,0,0,0,1,0,0,0,0,0,1,1,0,0,0,0,0,0,0,0,0,0,0,2,0,0,0,-3,0,0,0,0,0,3,0,-3,2,0.986185,0,-1,-0.490285,0,0,2,0,1,0,0,0,0,1,1,1
0,0,1,0,0,0,0,-0.598378,0,0,1,0,0,-1,1,0,-0.288432,0,0,0,0,0,0,0,0,0,1,0,0,0,0,0,1.59166,10,0,0,-1,0,0,0,1.728348,0,0,-0.782814,0,0,0,0,0,0,2,0,-1,-1,3,0,5,1,1,0,1,0,0,1,0,0,0,0,0,0,0,0,0,0,-2,0,0,0,0,0,0,0,0,0,-1,1,-2,-0.082864,0,0,-0.765846,2,1,0,-2,0,1,-1,0,0,1,1,1
0,-3,0,-1,0,0,0,-0.518793,0,0,0,0,0,0,0,4,-0.879814,0,0,0,0,0,1,0,0,1,0,1,0,0,-1,-1,0.77143,0,0,0,0,0,0,0,2.766587,0,0,-0.555595,0,1,0,0,0,0,0,0,0,0,-1,0,0,0,2,0,0,0,0,0,1,1,0,0,0,1,0,-1,0,3,0,0,0,0,0,0,0,1,0,0,0,0,0,-0.653246,0,0,-0.832725,0,0,0,0,0,1,0,0,0,0,0,1
0,0,0,0,0,0,0,-0.773585,0,0,0,0,4,0,0,0,-0.820933,0,0,0,0,0,-1,0,0,0,-2,0,0,3,0,0,1.62977,1,0,1,0,0,-2,0,1.900654,0,-1,-0.143384,2,0,-1,-1,0,0,0,2,0,0,0,0,0,0,2,0,0,0,1,1,0,0,0,0,0,0,1,0,0,0,0,0,-1,0,0,0,-1,0,0,0,0,0,0,-0.820896,0,0,-0.734622,0,0,0,0,-1,1,0,0,0,0,0,1
0,0,0,0,0,0,0,-0.381296,0,1,0,0,0,2,0,0,-0.863526,0,0,0,0,0,0,5,0,0,0,2,0,2,0,0,0.77143,1,1,0,0,0,0,0,2.49341,0,0,-0.286982,0,0,0,0,-1,1,0,0,1,0,0,0,0,0,0,0,1,0,1,-1,2,0,0,0,0,0,1,0,0,0,2,0,0,0,0,0,0,0,0,0,0,0,0,-0.820896,0,0,-0.685373,0,0,0,0,-1,0,1,0,0,4,0,1
0,0,1,1,0,0,0,-0.887177,0,0,0,0,-1,0,2,1,-0.598921,1,0,1,1,-1,0,0,0,0,0,0,0,0,0,0,2.25452,1,0,0,0,1,-1,0,1.377335,0,0,-0.560488,0,0,0,0,-1,0,0,1,0,0,0,0,0,0,-1,0,0,0,0,0,0,0,-1,1,3,0,-2,0,1,0,0,0,3,0,0,1,0,1,0,0,1,0,0,-0.025574,1,0,-0.803134,0,0,0,0,0,0,0,1,1,0,1,1
0,0,1,0,0,-1,0,-0.777897,0,0,3,0,0,0,0,1,-0.510099,0,0,0,0,0,0,0,0,0,0,2,0,0,0,0,2.41937,3,0,0,0,0,0,0,2.037967,0,2,-0.47499,2,0,0,-2,0,0,0,0,0,0,0,0,0,0,0,0,0,1,0,0,2,0,0,-1,0,0,0,-1,1,3,0,0,0,0,0,1,0,0,-2,0,0,1,0,-0.693425,0,0,-0.483306,2,0,0,0,-1,-1,0,2,0,0,1,1
0,0,0,0,0,0,1,-0.828571,0,0,-1,0,0,0,0,1,-0.68359,0,0,1,0,0,1,0,0,0,0,0,0,0,-1,0,1.0,7,0,1,0,0,0,0,1.638591,-1,3,-0.815319,0,0,0,0,0,1,0,0,0,0,0,0,0,0,0,0,0,0,0,0,0,0,0,0,0,0,0,1,1,2,0,0,0,2,0,1,0,-1,-1,3,0,0,0,-0.186322,0,0,-0.669675,0,0,0,0,0,1,0,2,-2,0,1,1
0,0,-3,0,0,0,1,0.248735,0,1,0,0,1,0,0,0,-0.787173,0,-1,2,0,0,-1,0,-1,0,0,0,0,0,0,-1,0.57876,7,1,1,-1,0,0,0,1.912,0,0,-0.651555,0,0,-2,0,0,0,0,0,0,0,0,0,4,0,-1,0,0,1,-1,0,2,0,1,-2,-1,1,0,0,0,0,0,1,0,0,1,0,0,0,0,0,-1,0,0,-0.805678,0,0,-0.399729,0,1,0,1,0,0,-1,0,0,0,0,1
0,0,0,0,0,0,1,0.665155,1,1,5,0,0,0,0,0,0.004707,0,-1,0,1,0,-1,0,0,0,0,0,0,4,0,0,0.6252,8,0,0,0,0,-1,0,2.125593,3,1,-0.474157,0,1,-1,-1,-1,0,0,0,1,0,0,-1,0,0,0,-3,0,0,0,3,1,1,0,0,0,0,0,0,0,3,0,0,2,0,1,0,-1,0,0,1,0,0,0,-0.718469,0,0,-0.84326,0,1,2,0,-1,0,0,0,0,0,0,1
0,3,0,0,0,-1,-2,-0.604736,0,1,0,0,0,0,0,0,-0.722838,2,0,0,0,0,-1,0,0,0,0,0,0,0,0,0,0.9068,12,0,-2,0,0,0,0,0.970237,0,1,-0.002433,0,0,0,0,0,0,0,0,0,0,0,2,0,0,0,-1,0,1,-2,0,2,0,0,-5,0,1,1,0,0,3,0,0,0,0,0,0,0,0,1,-1,-1,0,0,-0.728591,0,0,-0.642374,0,1,2,0,0,0,2,1,0,0,0,1
0,0,-1,0,0,0,0,-0.702694,0,0,0,0,0,0,6,1,0.24099,0,0,2,2,0,0,0,0,3,0,0,0,-1,0,0,0.96182,5,0,0,1,2,0,0,0.650235,-2,0,-0.57804,0,0,0,0,0,0,0,0,1,0,2,0,-1,0,-1,0,0,0,0,-1,0,1,0,1,0,0,1,0,0,0,0,0,0,0,0,0,0,0,0,0,0,-2,0,-0.570705,0,0,-0.703053,-1,0,-2,-2,0,0,0,1,-1,0,0,1
0,1,0,2,0,0,-1,-0.733889,-1,0,-1,-1,-1,0,0,1,-0.628218,0,0,0,-3,0,0,0,0,-2,0,0,0,2,0,0,1.20857,4,0,0,1,1,0,0,1.484627,0,0,-0.575114,0,2,-1,-2,3,0,0,0,0,0,1,-1,0,0,1,0,0,0,0,0,0,0,-1,0,0,0,2,0,1,0,0,0,0,0,0,0,0,2,0,0,0,0,0,-0.468785,-1,1,-0.694376,2,0,0,0,0,1,1,0,0,1,0,1
0,0,0,0,0,0,0,-0.810566,-1,0,0,0,1,0,0,1,-0.621024,0,0,0,2,0,0,0,0,0,0,0,-1,2,0,0,0.91429,2,-1,0,0,1,1,1,0.719007,0,0,-0.705357,0,3,0,0,0,0,0,0,1,0,1,0,0,2,2,0,0,3,0,0,2,5,0,0,0,-2,0,-1,0,0,2,0,0,0,1,0,0,0,0,0,0,0,0,-0.547051,0,0,-0.71374,2,-1,0,0,0,-4,0,0,0,0,0,1
0,0,0,-1,0,0,0,-0.83847,0,0,0,0,0,0,-2,0,-0.632018,1,0,-1,0,0,1,1,0,0,0,0,0,-1,0,1,1.0546,0,0,0,0,0,0,0,0.745176,0,0,-0.364245,0,0,0,0,0,0,0,0,1,0,1,0,-1,0,-2,1,0,-1,0,0,0,0,0,0,-2,0,3,0,1,0,0,0,0,0,0,0,0,0,0,0,0,0,0,0.118333,0,0,-0.454545,0,0,0,0,0,0,0,-2,0,0,0,1
0,0,-2,0,0,0,0,-0.368421,0,1,0,0,1,0,0,1,-0.538462,0,-1,-1,2,0,0,0,0,0,0,0,0,0,0,0,3.39462,3,0,0,0,0,0,0,0.761349,0,0,-0.727273,0,1,1,0,0,0,0,0,0,0,0,0,0,1,1,-1,1,0,1,0,0,0,1,0,0,-1,0,0,0,3,2,0,0,0,-1,1,0,0,0,0,0,0,0,2.573256,0,-1,-0.781583,1,0,0,0,0,0,0,0,0,0,0,1
0,0,0,0,0,0,-1,-0.368421,0,0,-2,0,1,1,0,0,-0.486958,0,0,0,0,-1,-1,2,0,0,0,0,3,0,-1,0,3.49469,15,0,0,0,2,1,0,1.885478,3,0,-0.785587,1,0,0,0,2,0,0,2,1,0,0,0,1,0,1,0,1,0,0,0,4,-1,2,0,1,0,2,-1,0,2,0,0,0,2,0,0,0,0,0,1,0,0,0,7.267349,0,2,-0.461357,0,-1,0,1,0,1,0,0,1,0,0,1
0,0,0,0,1,0,0,-0.749549,0,0,0,0,0,0,2,0,-0.399808,1,2,0,1,1,0,-1,3,1,1,0,-2,0,0,0,0.94286,4,0,0,0,0,0,0,2.816373,0,0,-0.560142,0,1,2,3,-1,0,0,0,0,0,-3,0,1,0,0,0,0,0,0,1,0,-1,0,0,0,0,-1,1,-3,0,0,0,0,0,-1,0,0,0,1,6,0,1,0,-0.687757,0,0,-0.714286,0,0,2,0,0,0,0,0,0,0,1,1
0,0,0,0,1,0,-1,-0.305142,0,0,0,0,1,0,0,3,-0.527504,0,-1,0,0,3,1,1,0,0,0,0,0,0,-1,-1,0.78203,5,0,0,0,2,0,1,1.276647,5,2,0.061717,0,1,-1,0,0,0,0,1,0,0,3,0,0,0,0,2,0,0,0,1,0,0,-1,1,0,0,1,-3,0,0,0,0,1,0,0,0,0,0,0,1,0,1,0,-0.648512,0,0,-0.598047,-6,0,0,0,0,1,0,0,-5,0,1,1
0,0,1,0,1,0,0,-0.122925,0,0,0,0,0,0,0,0,-0.599664,0,0,-1,1,-1,0,0,0,-2,2,0,0,0,1,0,0.7668,12,0,0,0,4,-1,-2,1.471876,0,0,-0.557576,0,1,0,-1,0,0,0,0,0,0,0,0,0,0,1,0,0,0,0,1,0,0,0,0,2,0,0,-1,0,0,0,0,1,0,-1,0,0,0,0,2,0,1,1,-0.738411,0,0,-0.699111,0,0,0,1,0,2,2,0,0,0,1,1
0,0,0,1,-1,-1,0,-0.6651,0,0,0,0,0,1,0,1,-0.5,0,0,1,0,0,0,0,0,0,0,0,0,0,0,1,0.91429,10,0,0,0,0,0,0,2.90811,0,0,-0.406372,0,-1,1,0,0,0,0,-5,0,1,0,0,0,0,0,0,0,0,2,0,1,0,1,1,0,-1,1,-1,-1,3,0,-1,3,-1,0,0,0,0,0,0,-1,2,0,-0.573988,1,0,-0.904468,0,-1,3,0,0,0,0,0,0,0,1,1
-1,0,0,1,0,0,0,-0.606072,0,0,-1,1,0,0,0,1,0.370427,0,0,1,0,0,0,1,-1,0,0,0,0,0,0,1,0.91429,4,0,0,3,0,0,0,1.697095,2,0,-0.44134,0,0,0,0,0,2,-1,-1,0,0,0,1,0,0,0,0,0,0,0,0,0,0,1,0,0,0,1,0,0,0,0,0,0,-1,0,0,0,0,1,1,0,2,0,-0.770183,1,0,-0.640542,0,0,0,0,0,0,0,0,1,0,1,1
0,0,0,1,1,0,0,-0.596885,0,0,0,0,1,0,5,0,-0.220706,0,1,1,0,0,0,0,0,0,0,0,0,0,-1,0,0.66273,3,0,0,0,0,0,0,1.6875,0,0,-0.236001,1,0,0,0,0,0,0,0,0,-1,0,0,0,-1,-3,0,-1,0,0,0,2,0,1,0,0,0,3,0,0,0,0,0,0,0,0,0,0,1,0,0,0,1,1,-0.652603,0,1,-0.581443,0,0,0,0,1,0,0,0,0,0,1,1
0,0,-1,0,0,0,-1,-0.714286,-1,0,0,0,1,1,-5,0,0.86118,2,0,1,0,0,0,1,0,0,0,1,3,2,-1,0,1.14286,7,0,0,0,2,1,0,0.451518,0,0,-0.718254,1,0,0,0,0,1,0,0,1,0,0,0,-1,0,0,0,0,0,1,-1,1,0,0,-1,-1,0,0,0,0,0,0,0,0,0,0,0,0,0,0,-1,0,0,0,-0.766353,0,2,-0.866568,2,0,0,0,0,1,-1,1,0,0,0,1
0,0,0,0,0,0,1,-0.779658,0,-1,0,0,1,0,0,0,-0.73913,0,0,0,0,1,0,1,0,0,0,0,1,0,1,0,0.99278,5,1,0,0,0,1,0,0.970598,0,0,-0.518718,0,0,0,1,-1,0,0,0,1,0,0,-1,0,0,-4,1,0,1,0,0,1,0,3,2,0,0,2,-1,-1,0,0,0,0,2,0,0,0,0,0,-2,0,1,0,-0.922604,0,0,-0.861144,0,0,0,0,1,1,0,0,0,0,0,1
0,2,-1,1,0,0,0,-0.761441,0,0,2,0,0,0,0,4,-0.73913,1,0,0,0,1,0,1,0,0,0,-1,2,0,0,1,1.03932,0,0,0,2,0,0,0,0.484556,0,1,-0.660065,0,0,1,-1,0,0,0,0,1,0,1,0,0,0,0,1,0,0,-2,0,1,0,0,0,0,0,0,0,-1,0,0,0,0,0,1,0,0,0,0,0,0,-1,0,-0.661824,0,0,-0.438304,0,-1,0,-1,0,1,0,1,0,0,0,1
0,0,0,0,0,2,0,-0.898006,0,0,0,0,0,-3,1,1,-0.570154,-1,0,0,0,0,0,0,0,0,0,0,0,0,0,0,2.4977,7,-2,0,0,-1,0,0,0.726215,-1,0,-0.640611,0,0,0,0,0,0,0,0,0,0,0,4,-1,1,0,0,0,1,0,1,0,-1,0,0,0,0,-1,0,0,0,-1,-2,0,0,0,0,0,0,0,0,0,0,0,-0.604015,0,1,-0.714851,0,0,0,0,0,1,-2,0,0,-1,1,1
0,-1,2,0,-1,0,0,-0.459208,0,2,0,0,0,0,0,-1,-0.599503,1,0,0,0,-1,0,0,0,1,0,2,0,-4,0,0,0.9233,0,0,0,1,0,0,1,2.32495,0,0,-0.603136,0,-1,0,0,0,0,0,0,0,0,0,-1,0,0,2,0,0,0,0,0,0,0,-1,0,0,0,0,0,1,0,0,-1,0,0,0,0,0,0,0,0,0,0,0,-0.270783,0,0,-0.889907,-2,0,0,2,1,-1,0,0,0,1,1,1
1,0,0,0,0,-4,0,-0.714237,0,0,0,-1,0,0,-1,0,-0.6,0,0,0,-2,1,0,0,0,0,0,0,0,2,0,0,0.90373,4,0,0,1,1,0,0,1.404807,0,0,-0.654091,0,0,0,0,0,0,0,0,0,0,1,0,0,0,0,0,0,0,0,-2,-1,0,-2,0,0,0,0,5,-1,0,0,0,0,0,0,0,0,0,0,0,0,0,1,-0.613396,0,0,-0.842105,0,0,2,-1,0,0,0,0,0,0,1,1
0,1,0,0,0,0,0,-0.793103,0,0,0,1,0,0,0,0,-0.318946,1,0,1,2,-1,1,0,0,0,0,0,0,0,0,0,1.30281,3,1,0,0,0,0,0,1.44121,0,0,-0.752238,1,0,0,1,0,0,0,0,0,0,0,2,1,0,0,0,0,0,0,0,-3,0,0,0,0,1,1,2,0,1,0,1,0,0,0,1,0,0,0,-1,0,0,1,-0.773966,0,0,-0.828571,-1,0,0,0,0,0,0,-1,1,0,1,1
0,0,0,0,0,-1,0,0.405922,0,-1,0,-1,0,0,0,0,-0.782754,1,0,0,3,0,0,0,0,1,0,3,-2,0,1,0,1.41206,1,1,0,0,0,-1,0,0.625706,0,1,-0.786721,1,2,0,0,0,0,0,0,0,0,0,-1,2,1,0,0,-2,0,0,0,0,0,0,0,0,3,4,1,0,0,0,0,0,0,0,0,0,1,0,0,0,1,1,-0.672638,0,0,-0.828571,0,0,0,0,0,3,0,0,3,1,1,1
0,0,0,0,0,0,0,-0.723948,0,1,1,0,-1,0,2,0,-0.876483,1,0,0,0,0,0,0,0,1,0,0,0,0,0,0,1.34286,14,0,1,0,0,0,0,1.344366,3,0,-0.744681,1,0,0,0,0,0,-1,0,-1,0,0,1,0,2,-2,0,0,0,-1,-2,7,1,1,0,0,0,3,2,1,0,1,0,0,1,0,1,0,0,0,0,0,0,0,-0.46138,0,0,-0.468012,-3,1,0,0,0,0,-1,0,0,1,1,1
1,2,0,0,0,0,0,-0.63864,0,-1,0,0,0,0,1,0,-0.520335,0,-1,-1,1,1,0,0,0,1,0,0,1,0,0,0,1.54486,0,0,0,0,-3,0,0,3.363422,0,0,-0.744681,0,0,0,1,0,-1,0,0,0,1,0,0,0,-3,0,0,0,0,1,0,0,1,0,0,0,0,0,0,0,0,1,0,2,0,0,0,0,0,1,0,0,-1,0,-0.764874,0,0,-0.898371,1,0,-3,0,0,1,0,2,1,0,0,1
0,0,1,1,1,3,1,-0.608845,0,-2,0,-2,-2,0,1,0,-0.302611,0,2,0,0,1,0,0,0,2,0,1,0,0,0,0,1.34321,5,0,0,0,2,0,0,0.557127,0,0,-0.756203,-1,0,-1,0,1,0,0,0,0,-1,0,0,0,0,-1,0,0,0,0,0,-2,0,0,0,1,0,0,0,0,0,1,0,-1,0,0,0,0,0,1,0,0,2,0,-0.746532,0,0,-0.79661,0,-2,1,0,0,0,0,1,-1,-1,0,1
0,0,0,-1,-1,-1,0,-0.725223,0,0,0,0,0,0,0,0,-0.72093,0,-1,0,0,1,0,0,0,2,0,0,-1,1,0,0,1.315,8,0,0,0,0,0,0,1.690989,0,0,-0.734363,0,0,0,0,0,0,0,0,0,3,2,0,1,0,0,5,0,1,2,0,0,0,0,0,0,1,0,0,0,0,1,0,1,-1,0,0,0,-1,1,0,0,0,0,-0.72093,1,0,-0.79661,0,0,0,0,1,0,0,1,-3,-1,0,1
0,0,0,0,0,0,3,-0.714296,0,0,0,0,1,0,0,0,-0.719818,0,0,0,-1,0,0,0,0,0,0,0,0,0,0,0,0.77576,7,0,0,0,0,0,0,0.233333,0,0,-0.622757,0,-1,-3,0,-3,0,0,0,0,0,0,0,0,0,0,0,0,0,-2,0,-1,1,1,2,0,-1,0,0,1,0,0,0,1,1,0,0,0,1,0,1,0,0,0,-0.72093,0,0,-0.837838,0,0,0,1,0,0,2,0,0,0,0,1
0,2,0,1,0,0,-1,-0.57783,1,0,0,0,-1,0,0,0,-0.464764,0,0,1,-1,0,0,0,0,0,0,1,0,0,0,0,0.85714,0,-1,0,0,2,0,0,0.438531,0,0,-0.598327,0,0,0,0,0,0,0,0,0,0,-2,0,0,0,-2,0,0,0,4,-1,0,0,1,0,-1,0,0,2,1,0,0,0,0,0,0,0,0,0,0,1,0,0,-1,-0.659842,0,0,-0.820848,0,-1,0,0,0,3,0,0,-1,1,0,1
0,3,0,0,0,0,0,-0.675676,1,0,0,0,0,0,0,1,-0.719089,1,0,0,0,0,1,3,0,0,0,0,0,-4,0,0,1.01779,2,0,0,0,-2,0,0,0.208106,1,2,-0.604429,1,0,0,0,2,0,0,0,0,0,1,-2,0,0,0,0,1,0,0,0,-3,0,0,0,0,0,0,-1,0,1,-1,1,0,0,0,0,0,0,0,1,0,0,2,-0.681253,0,-1,-0.799624,0,0,0,0,0,0,-1,0,0,-1,0,1
0,0,0,0,0,1,0,-0.570503,-1,1,-2,0,2,0,0,1,-0.795506,0,0,0,0,0,0,0,1,-1,0,2,0,0,1,0,1.07009,5,0,0,0,0,0,0,3.499157,0,0,-0.329851,2,0,0,0,-1,0,0,0,0,0,-2,0,0,0,2,0,1,0,0,0,0,0,1,0,0,1,0,0,0,0,0,0,0,1,0,0,1,0,0,1,0,0,-1,5.844305,0,0,-0.402528,0,0,0,0,0,0,0,1,0,0,1,1
0,0,3,0,0,0,0,-0.248476,0,1,3,0,0,0,0,0,-0.678369,0,0,3,0,0,0,-1,-1,0,1,0,4,0,0,0,1.42994,8,0,0,-1,1,0,0,1.466907,0,-3,-0.62265,0,1,0,0,0,0,-1,0,0,0,0,2,0,0,0,0,1,0,0,-1,0,0,1,0,4,0,2,-1,0,0,0,0,0,0,0,0,0,0,0,1,0,0,0,-0.595596,0,0,-0.603009,0,0,0,0,1,1,0,1,0,1,1,1
0,2,0,0,-1,0,0,-0.518228,-1,1,0,0,0,0,0,0,-0.184172,0,1,1,0,-2,0,3,0,0,0,0,0,-2,0,0,0.84496,2,0,0,0,0,0,0,0.31921,0,-1,-0.674263,0,0,0,-1,0,1,0,0,0,0,0,0,0,0,2,-1,0,-1,0,1,0,-1,-2,0,0,-1,0,-2,0,0,0,0,-1,0,0,0,0,0,1,1,0,0,0,-0.884053,0,0,-0.740675,0,1,0,0,0,1,0,0,0,0,1,1
0,-1,0,1,0,0,0,-0.690247,0,0,-1,0,0,0,2,3,-0.730069,0,0,0,0,-2,-1,0,0,0,2,-1,0,0,1,0,0.55031,6,0,0,1,0,0,0,1.605048,-1,0,-0.834063,0,1,0,0,0,0,0,0,0,4,0,1,0,0,0,0,0,0,1,1,0,0,0,2,0,1,0,1,-2,2,2,0,0,0,0,0,0,-1,0,-1,1,0,0,-0.702402,0,0,-0.542951,0,1,0,0,0,0,0,-1,0,0,1,1
0,0,1,0,0,0,2,-0.68955,0,0,0,0,0,0,0,0,-0.677973,0,0,0,0,0,0,0,0,0,0,0,-1,0,2,0,0.77143,3,0,0,1,0,0,0,2.33333,0,0,-0.194808,2,1,0,1,0,0,0,0,0,0,0,0,1,0,0,0,0,0,-4,1,0,1,0,-1,0,1,0,0,0,0,0,0,0,0,0,0,0,1,0,0,0,2,0,-0.688753,0,0,-0.280688,0,0,0,0,0,0,1,-1,0,0,1,1
0,0,0,0,0,0,0,-0.732925,0,0,0,0,3,1,0,0,-0.644208,0,0,-4,1,-1,0,-1,-1,0,0,0,0,0,0,0,0.44427,5,0,2,0,0,0,0,2.112817,-1,0,0.253177,-1,0,-2,-1,1,0,0,0,0,2,1,2,0,0,-2,0,0,0,3,1,0,0,0,0,0,1,-6,0,0,2,2,0,0,0,0,0,0,-1,0,0,0,0,0,-0.755424,0,0,-0.498581,2,0,2,0,0,-1,1,0,1,0,1,1
0,-1,0,0,0,1,0,-0.666667,0,0,0,-1,0,0,0,0,-0.407837,0,1,0,1,0,0,0,0,0,0,0,0,0,0,2,1.25753,5,0,0,-1,1,0,0,0.825199,1,0,-0.694719,0,3,0,0,1,0,0,0,-1,0,1,1,2,0,2,0,1,0,0,1,0,0,1,0,0,0,1,-4,0,4,0,1,0,-3,0,1,0,1,1,1,0,0,0,-0.467258,0,0,-0.735,0,0,0,0,0,0,0,0,1,0,0,1
0,0,0,1,0,0,0,-0.605829,0,0,0,0,0,0,0,0,-0.345288,0,1,1,0,1,0,0,0,-2,0,0,3,0,0,0,1.24917,1,0,0,1,0,0,1,1.002271,0,0,3.129417,-2,1,0,0,0,0,0,0,-1,1,0,1,0,0,0,0,1,0,2,0,0,0,1,0,0,0,0,0,1,0,0,0,0,2,0,1,0,0,0,1,0,0,0,-0.520969,0,0,-0.668905,2,0,0,0,0,0,0,0,0,0,0,1
0,0,0,0,0,-1,1,-0.700068,0,0,0,0,-2,0,0,0,-0.012176,0,1,0,0,0,0,0,0,0,0,0,0,2,0,0,1.57906,2,0,-1,0,-1,0,0,1.434223,0,-1,-0.537282,1,1,0,-1,0,0,0,0,-1,0,1,1,0,1,0,-2,0,0,3,0,0,0,0,0,0,0,0,-1,1,0,0,1,0,-1,0,0,-1,0,1,1,0,0,0,-0.635717,0,0,-0.400364,0,0,-1,0,0,0,0,0,1,0,0,1
0,2,0,0,0,0,0,-0.8125,0,0,0,0,0,0,1,0,-0.67062,0,0,1,1,0,0,0,0,0,0,0,0,0,-1,0,1.58655,4,-1,0,0,0,0,0,0.910592,1,1,-0.777227,1,0,0,0,0,0,0,0,0,-3,0,0,-1,0,0,1,0,0,1,-2,5,0,2,0,0,0,1,1,0,0,0,0,0,0,1,0,-1,0,0,0,0,0,1,-0.639616,0,0,-0.841133,0,0,0,0,0,0,1,0,0,-3,1,1
0,0,0,1,0,0,4,-0.491133,1,2,0,0,0,-1,0,3,-0.585107,0,1,1,1,0,0,0,0,0,0,0,0,1,-1,1,1.57752,2,0,0,0,0,0,0,0.763386,0,0,-0.796209,0,0,0,0,0,1,0,0,0,2,0,0,3,0,0,0,0,0,2,1,0,0,0,-1,1,0,0,2,-3,0,0,-1,-2,0,0,-1,0,-1,0,0,1,0,0,-0.455842,0,0,-0.733149,3,0,0,0,0,3,0,1,1,-3,1,1
0,0,3,0,0,0,0,-0.8125,0,0,0,-1,0,0,-5,0,-0.390591,0,0,1,1,0,0,0,0,-1,0,0,0,0,1,0,1.11792,12,0,0,1,0,0,0,0.834448,0,0,-0.774516,-2,0,0,0,0,1,0,0,0,-2,0,0,0,0,0,3,0,0,0,0,0,0,0,0,1,0,0,-1,1,0,3,0,0,0,0,0,0,0,0,0,0,0,0,-0.722015,0,1,-0.685087,2,0,-1,1,-1,0,0,1,1,0,1,1
0,0,2,0,0,4,0,-0.659342,2,-2,0,0,1,0,-2,0,-0.77996,0,0,1,0,0,0,0,0,-1,0,0,0,0,0,0,0.97143,0,0,-2,0,0,0,0,1.56893,0,-2,-0.800242,0,0,0,0,0,0,1,0,0,-1,-1,0,0,1,1,-1,0,0,0,0,0,0,-1,-1,0,0,0,0,0,0,-1,0,-2,0,0,0,0,0,0,0,0,0,0,-0.683978,0,0,-0.921981,0,0,0,0,0,-1,-2,0,0,0,0,1
0,0,-3,0,0,-2,0,-0.696868,0,0,0,0,0,0,0,0,0.348854,-1,1,0,0,0,0,2,0,0,0,0,1,0,0,0,1.52543,1,0,0,0,0,0,0,0.796464,0,0,-0.154913,-1,0,0,0,0,0,1,0,1,0,0,1,0,0,0,0,0,0,-3,0,-3,1,0,2,0,-1,0,0,0,0,1,0,1,0,0,0,0,0,0,0,-1,0,0,-0.669051,0,-1,-0.709341,0,-1,0,-1,0,0,-1,0,0,2,0,1
0,0,4,0,0,0,0,-0.666667,0,0,-1,0,-1,-3,-1,0,-0.4,0,0,1,0,0,0,0,0,0,1,0,1,0,1,1,0.68198,0,2,0,0,2,0,0,0.866257,1,0,-0.628811,0,0,-1,0,0,0,1,0,0,1,3,-1,0,0,0,2,0,0,0,0,-1,3,0,3,0,0,1,0,0,0,-1,0,0,1,0,0,0,0,-1,0,0,0,-1,-0.428878,0,0,-0.714284,-1,0,1,0,0,0,0,1,0,0,0,1
0,-2,0,0,0,1,0,-0.724367,0,0,0,0,0,0,0,0,-0.509334,0,0,2,0,0,0,0,0,-1,0,0,0,-1,0,0,1.7305,6,0,0,-1,0,0,0,0.655476,0,0,-0.803705,2,-1,0,0,0,0,0,1,0,2,0,0,0,0,0,0,0,1,0,0,0,0,0,1,0,1,1,0,0,0,-1,0,0,0,0,-1,0,0,0,0,0,1,0,-0.566727,0,0,-0.803279,0,0,3,0,1,0,0,0,0,-1,1,1
0,0,0,0,0,0,0,-0.882665,-1,0,0,0,0,0,1,0,-0.479095,0,0,1,0,0,0,0,0,0,0,0,0,0,0,-1,1.68916,8,0,0,0,0,0,2,0.320951,-1,0,-0.816793,0,1,0,0,0,0,0,0,0,0,0,0,-1,0,-4,0,0,0,0,0,0,0,0,0,-3,1,1,0,1,0,0,0,2,0,1,0,0,-1,0,0,0,2,0,-0.612903,0,0,-0.601966,0,1,0,0,0,0,-1,0,0,0,1,1
0,0,0,0,-1,2,-2,-0.779403,1,0,0,-1,0,0,-3,0,-0.632556,0,0,-1,0,0,0,0,0,0,0,0,-4,0,0,0,1.56046,5,0,0,0,0,0,0,0.283271,-3,0,-0.816257,0,1,0,0,0,0,0,2,0,0,0,0,0,0,2,0,0,1,0,0,0,0,0,0,0,0,1,0,1,0,0,0,0,2,0,0,0,0,0,0,0,0,0,2.270095,0,0,-0.803279,1,0,0,1,0,0,0,0,0,1,1,1
0,0,0,0,0,2,0,-0.676418,0,0,0,0,0,0,1,2,-0.695258,0,0,0,1,0,0,0,0,0,0,0,2,0,0,0,0.98618,4,0,0,0,0,1,-1,1.336272,0,0,-0.408559,0,0,0,0,0,0,0,0,0,0,1,2,0,-1,-2,0,0,0,-1,0,0,0,-2,0,0,0,0,0,4,0,0,0,0,-3,0,0,0,0,0,0,0,0,0,-0.1189,0,0,-0.914189,0,1,0,0,0,1,0,0,0,0,0,1
0,-1,1,0,1,0,0,-0.851078,0,0,0,0,0,0,-1,0,-0.722824,0,0,0,1,0,0,0,0,0,0,3,0,0,-1,0,2.9832,1,0,0,0,0,0,0,2.344202,0,0,0.491071,0,0,0,0,0,0,0,1,0,1,0,1,2,0,0,-1,1,0,-3,0,0,2,0,0,0,1,0,0,0,0,0,0,0,0,0,0,0,1,0,2,0,0,0,-0.663434,0,0,-0.684211,2,1,-1,0,0,1,-1,1,-1,0,0,1
0,2,0,-1,0,-2,0,-0.390176,-1,0,0,0,0,0,-2,0,-0.727273,0,1,1,-3,0,1,0,0,0,0,2,0,-1,0,0,0.57143,5,0,0,0,0,1,0,1.3,-1,0,-0.590532,0,0,0,0,0,0,0,0,0,1,0,0,0,0,0,-2,0,0,0,0,0,3,0,1,-1,0,0,1,0,0,2,-1,1,0,-1,0,0,0,0,0,0,0,0,0.392092,0,0,-0.616971,2,0,2,0,1,1,0,0,0,0,0,1
0,0,3,0,0,-1,-4,-0.181641,0,0,0,0,0,0,0,0,-0.598115,0,0,0,0,0,0,0,0,0,0,0,0,0,0,0,1.8,0,0,0,0,0,0,0,1.146739,0,0,-0.806687,0,2,0,0,0,0,0,0,0,0,0,2,0,1,0,0,0,0,0,0,0,0,0,0,1,0,0,1,3,0,0,0,0,-1,0,0,0,-1,0,0,0,-1,2,-0.851186,0,0,-0.460952,1,0,0,0,0,0,0,0,0,0,0,1
0,2,1,0,0,0,-1,-0.145398,0,0,0,0,1,0,2,0,-0.409926,0,0,0,2,-2,0,0,1,0,0,0,0,0,0,0,3.74089,5,1,0,0,0,0,0,3.359797,0,0,-0.306946,0,0,-1,0,0,0,0,0,0,0,0,0,0,0,1,0,0,0,0,0,2,1,0,0,-1,0,0,0,0,0,0,-1,0,-1,0,0,0,-1,0,0,0,0,0,-0.818182,0,0,-0.45936,3,0,0,0,0,0,-1,-4,0,0,0,1
0,2,0,1,0,0,0,-0.615411,1,0,0,0,0,0,0,0,-0.685962,0,0,0,0,0,0,0,1,0,-1,2,0,0,0,0,1.71908,7,0,1,0,-2,0,0,2.280896,1,0,-0.383102,0,-1,1,0,0,0,1,0,0,0,-1,1,-1,0,0,0,0,1,0,-4,-2,0,0,0,4,0,0,0,1,0,0,0,0,1,0,0,-1,0,0,0,0,-2,0,-0.818182,0,0,0.111331,1,2,0,0,0,2,0,0,0,1,0,1
0,0,2,0,0,0,-1,-0.750347,0,-1,0,0,0,0,0,0,-0.658821,0,0,0,0,1,0,0,0,0,0,0,0,0,-2,0,2.45157,1,0,0,1,2,0,1,3.790325,0,0,-0.603621,0,0,0,0,1,0,0,0,0,0,-1,0,0,-2,-1,0,0,0,0,1,1,0,-1,0,0,1,0,0,1,2,0,0,0,0,0,0,0,0,0,1,0,0,0,-0.454798,0,1,-0.833972,0,0,0,0,-1,1,0,0,0,1,1,1
0,0,0,0,0,1,-5,-0.093315,0,-1,1,0,1,0,0,0,-0.566408,0,0,0,0,0,0,0,0,0,0,2,0,0,-1,0,1.26376,9,-1,1,4,1,0,0,3.187883,0,0,-0.773318,0,-2,0,0,0,0,0,0,0,1,0,0,-1,0,1,0,0,0,2,1,1,0,1,0,0,0,1,0,0,0,0,1,0,1,0,0,0,-2,0,0,-1,-2,0,-0.765756,0,0,-0.539518,0,0,1,0,0,0,0,0,0,3,1,1
0,0,3,-1,-1,0,-3,-0.792596,0,-1,0,0,2,-1,0,0,-0.616008,0,0,0,0,0,0,0,0,0,0,0,0,0,-1,0,1.22032,1,0,0,1,0,0,0,2.23684,2,0,-0.541861,0,0,0,0,0,0,-1,0,0,0,0,0,0,0,1,0,0,0,2,1,1,0,1,0,0,1,1,1,0,0,0,0,-2,2,0,-1,0,-1,0,-1,1,0,0,-0.624849,0,0,0.022314,0,0,0,0,-1,0,-1,0,-1,1,1,1
0,1,0,0,0,0,0,-0.684211,0,0,1,0,0,0,0,0,-0.717166,0,0,0,0,-1,0,0,0,2,1,0,0,0,0,0,0.82857,1,0,-1,-6,4,1,0,2.412194,0,0,-0.555666,0,1,0,2,2,0,0,0,1,0,0,0,-1,0,0,0,0,0,0,-1,0,0,1,0,0,0,1,0,1,0,0,0,0,1,0,0,-1,-1,0,1,1,0,0,-0.733333,-2,0,-0.770346,0,-2,0,0,0,0,-1,0,0,0,0,1
1,0,1,0,0,2,0,-0.692173,0,-1,0,-2,-2,3,0,0,-0.749467,0,1,0,0,0,-1,0,0,0,0,0,-1,0,0,0,0.82857,2,1,0,-1,0,0,0,1.651684,1,0,-0.754779,1,1,0,0,0,0,0,0,1,-1,0,0,1,0,0,0,0,0,0,0,0,1,0,0,0,0,1,-1,1,0,0,0,0,0,0,0,0,0,0,1,0,1,1,-0.857593,0,0,-0.618425,0,0,0,0,0,0,0,0,0,0,0,1
0,0,0,0,1,-3,0,-0.65479,0,0,1,0,0,0,0,0,-0.757386,0,0,0,0,0,1,-1,0,0,0,3,0,2,0,0,1.20287,0,0,0,0,0,1,0,0.962237,0,0,-0.034583,-1,1,0,0,0,0,0,0,1,0,0,0,0,0,0,0,0,0,0,0,0,0,0,-2,0,0,1,-1,0,-5,2,2,0,0,0,0,0,0,0,3,0,1,0,-0.702402,0,0,-0.76765,0,0,0,0,0,-1,0,0,-1,0,0,1
0,0,0,0,0,1,0,2.468986,0,0,0,1,0,0,0,1,-0.751265,0,0,1,0,-1,0,0,-1,0,0,0,0,2,-3,0,1.27955,4,0,1,0,0,0,0,0.912781,0,1,-0.764706,0,0,1,0,0,1,-1,1,0,0,-1,2,0,0,3,0,-1,1,0,0,0,0,-3,0,0,1,0,1,0,0,-1,0,1,0,0,0,0,3,0,0,0,3,0,-0.656815,0,0,8.073272,0,0,0,0,0,1,-1,0,1,0,0,1
0,0,0,0,0,1,1,2.953361,0,0,0,1,0,-1,0,2,-0.8029,0,0,0,0,0,0,0,0,0,0,3,0,2,0,-1,1.45714,2,0,0,0,0,-1,0,0.568627,0,0,-0.767745,0,1,-1,-1,1,0,0,1,0,0,-2,0,0,0,1,0,3,0,0,0,0,0,0,0,0,-1,0,1,0,0,0,0,0,0,0,0,0,-2,0,1,0,1,1,-0.636364,0,0,8.502664,0,0,-1,-3,0,0,0,0,1,0,0,1
0,0,0,0,0,1,0,1.99368,0,0,0,0,0,0,0,0,-0.792116,0,0,1,0,0,-1,0,0,0,0,0,0,4,0,0,2.03317,2,0,0,0,1,0,0,0.853462,0,1,-0.764706,0,1,0,-1,0,-2,-1,1,0,1,0,0,0,-2,0,2,0,0,0,1,0,0,1,0,0,0,0,1,0,0,0,0,0,0,0,0,0,0,0,-1,0,0,1,-0.546721,0,0,8.498138,0,0,0,0,0,0,0,-1,1,1,0,1
0,0,0,0,0,0,0,-0.521129,0,0,0,0,0,0,0,0,-0.878402,-1,0,0,-1,0,0,0,-3,1,0,0,0,0,0,0,1.43939,7,0,0,2,0,0,0,0.861749,0,0,-0.675676,-1,0,0,0,-1,0,0,1,0,0,0,3,-1,1,0,-1,1,-1,0,0,0,0,0,1,2,-1,-1,0,1,1,0,0,0,0,0,0,0,0,1,0,-1,-1,0,-0.720598,0,1,-0.688793,0,0,0,0,0,0,0,0,0,0,1,1
0,0,0,-4,0,0,0,-0.496027,-1,2,1,0,0,0,0,0,-0.806617,1,0,0,0,0,0,1,1,0,-1,2,2,0,-1,0,1.61884,8,0,0,0,1,0,0,0.587245,0,-1,-0.675676,1,0,0,0,0,0,0,0,0,3,0,2,0,0,0,0,0,0,0,0,0,4,0,0,2,0,0,0,1,0,0,0,0,0,0,1,-1,0,1,0,-1,0,0,-0.636364,0,0,-0.678403,0,0,2,0,-1,0,0,0,0,0,1,1
0,0,0,0,0,0,0,-0.506622,0,0,-1,0,1,0,0,0,-0.806452,1,-1,0,0,0,0,0,0,1,-4,0,0,0,0,0,1.95832,6,0,-1,0,-2,0,0,1.468445,0,-1,-0.088143,1,0,0,1,-3,0,0,-1,0,0,0,0,0,1,1,1,0,0,0,0,2,0,0,0,2,1,0,0,1,0,0,0,0,0,0,1,0,0,0,0,0,-1,1,-0.458412,0,-1,-0.75,0,0,3,0,0,2,0,0,0,0,1,1
0,0,0,0,0,0,-1,-0.828571,0,0,1,0,1,0,1,0,-0.548372,0,1,0,0,0,0,-1,0,0,0,0,0,0,0,0,1.14286,3,0,2,0,1,1,1,1.475,0,1,-0.653571,0,0,0,0,0,0,1,0,0,0,0,0,0,0,0,0,0,0,5,0,0,0,0,0,3,-2,1,0,0,0,0,0,0,0,0,0,0,0,0,2,-1,0,0,-0.386297,0,0,-0.652428,0,1,2,0,0,0,0,0,0,0,0,1
0,0,3,2,0,0,0,-0.788095,1,1,0,0,1,0,0,2,-0.414742,1,1,0,0,0,0,0,1,0,3,2,0,2,0,1,2.75135,1,0,0,1,4,0,1,1.475,1,0,-0.757077,0,-1,0,0,0,0,0,0,0,2,-2,0,0,0,0,1,-1,0,0,0,1,0,0,-1,-1,0,0,1,1,0,0,0,1,-1,0,0,0,0,0,0,0,0,1,-0.434659,-1,0,-0.75363,-1,0,3,-4,-2,0,0,3,0,0,0,1
0,0,0,0,0,0,-1,-0.857995,1,1,0,0,1,0,0,-1,-0.580809,1,0,0,0,0,-2,0,0,0,0,0,0,0,0,0,1.14286,3,0,-1,1,2,1,1,1.475,1,1,-0.7,0,2,0,0,0,0,-2,0,0,0,0,1,0,0,0,0,0,-1,0,2,1,-1,0,0,0,-1,0,1,1,0,0,0,1,0,0,0,0,0,-1,-1,0,1,0,-0.634126,0,0,-0.816524,0,0,5,-1,0,0,-1,0,0,0,0,1
0,-1,0,0,0,-2,1,-0.852751,0,0,0,0,0,0,0,0,-0.751312,0,0,2,0,0,0,0,0,0,0,2,0,0,0,0,1.45434,10,0,0,1,2,-1,0,1.488636,0,0,-0.613986,1,1,0,0,0,0,0,0,0,0,2,0,0,0,-1,0,0,0,0,0,1,0,0,-1,0,0,1,1,0,0,0,0,0,1,0,0,0,0,0,-1,0,0,0,-0.734866,0,0,-0.71179,0,0,-1,0,0,1,-1,-1,0,0,0,1
-3,0,0,0,0,0,0,-0.51667,-1,0,0,0,0,1,0,0,-0.730051,0,0,-4,0,0,1,0,0,1,0,4,0,0,0,0,1.5579,2,0,0,1,3,0,1,0.393534,2,0,-0.804922,1,0,0,0,0,0,0,0,0,0,0,1,0,0,-1,0,0,0,0,0,0,1,-4,0,0,1,0,0,1,2,0,0,0,1,0,2,1,-1,0,1,0,1,1,-0.716634,0,0,-0.731032,4,0,0,0,1,0,0,2,0,3,0,1
0,0,0,0,0,-1,0,-0.675676,0,0,0,0,0,0,-1,0,-0.707248,0,0,0,0,0,-1,0,0,0,0,0,0,2,1,0,0.76615,4,0,3,1,0,0,-2,0.542857,0,0,0.546821,1,0,0,0,0,0,0,0,2,0,0,0,0,0,0,-1,0,0,0,1,2,-2,0,1,0,0,0,0,0,0,0,0,0,0,0,-2,-1,1,1,3,0,0,0,-0.615432,0,-1,-0.791258,0,0,2,-2,0,0,0,0,0,1,0,1
0,0,0,-2,0,0,0,-0.679037,0,0,0,0,0,0,-2,0,-0.631671,0,0,0,1,0,0,0,0,1,0,2,0,0,0,0,0.93986,4,0,0,0,1,0,0,1.14588,0,-1,-0.524566,0,-1,-3,0,0,0,1,-1,0,0,1,0,-1,0,0,-1,0,1,0,-2,0,3,0,0,2,0,0,0,1,0,4,-1,-1,0,0,1,1,0,0,0,0,1,0,-0.731281,0,0,-0.705345,0,0,0,0,0,0,0,0,0,0,1,1
0,-2,3,0,2,1,0,-0.755102,0,0,0,0,-1,0,0,0,-0.831732,0,0,2,-1,2,-1,1,-1,0,0,0,0,0,0,0,1.01605,3,0,0,0,0,0,0,1.23617,-2,-4,-0.698617,0,-1,0,0,0,0,1,0,0,0,0,3,0,0,0,0,0,0,0,0,0,2,0,0,0,0,0,0,-1,0,0,0,0,1,0,0,0,-1,0,0,0,1,0,-0.27603,0,0,-0.359199,0,0,1,0,0,0,1,0,0,0,1,1
0,0,0,0,-2,0,0,-0.755102,0,0,-2,0,1,0,0,3,-0.586207,0,0,-1,3,0,0,0,-1,-1,0,0,1,0,1,0,0.95117,0,0,0,0,0,0,0,0.218931,0,0,-0.660993,1,-1,1,0,0,0,0,0,0,1,1,0,-2,0,0,0,0,0,0,0,2,0,2,0,0,2,0,-1,0,0,0,0,0,1,0,0,0,0,0,-1,0,1,0,-0.385052,0,0,-0.435167,2,0,1,-1,0,1,0,0,0,0,1,1
0,0,0,0,0,1,0,-0.752797,0,1,0,0,0,0,0,0,-0.130086,0,0,2,0,1,3,0,0,0,-1,0,0,0,0,0,1.7501,7,1,0,0,0,0,0,2.86486,0,0,-0.841875,0,-1,0,0,0,0,0,0,0,-3,-1,1,0,-1,0,0,0,-2,-2,0,0,0,0,0,0,0,0,0,1,0,2,0,0,0,0,0,0,0,0,0,0,0,0,1.664607,0,0,-0.648692,0,0,3,-2,0,0,0,1,0,1,0,1
0,2,0,0,0,1,0,-0.871275,0,1,0,-1,0,0,0,2,-0.377976,0,0,1,3,0,0,0,0,-2,0,0,0,0,0,0,0.87131,10,0,0,0,1,-1,0,2.659752,3,0,-0.8875,0,0,0,0,0,0,0,0,0,-1,1,1,0,0,0,0,0,0,0,0,0,0,0,0,0,0,0,0,1,0,0,0,-2,0,0,0,0,0,1,3,0,-1,0,7.484639,0,0,-0.594054,0,0,2,-3,0,0,-1,1,0,0,0,1
0,0,-1,2,0,0,-1,0.173792,0,0,-1,2,0,-1,0,0,-0.5,0,0,0,-1,1,0,0,-1,0,0,-1,0,0,0,0,0.42555,12,0,0,0,1,-1,0,2.86486,0,0,-0.675676,0,-1,0,0,0,0,0,0,0,0,0,0,0,0,-2,0,0,0,1,0,0,0,0,0,1,0,0,0,1,0,0,0,0,0,0,0,0,0,0,-1,0,0,0,2.69231,0,1,-0.772084,0,0,4,1,0,0,0,1,0,3,0,1
0,1,0,1,0,-1,0,-0.728827,-1,0,0,1,0,-1,0,2,-0.449574,0,0,0,12,0,0,0,-1,0,0,-3,0,3,0,0,0.85645,11,0,0,0,1,0,-1,0.687015,0,0,-0.864,0,0,0,0,0,0,1,0,0,0,0,-3,0,0,0,-1,0,0,0,0,0,0,0,0,0,0,0,0,0,2,0,1,1,0,1,0,0,0,0,-1,0,0,0,-0.554345,0,0,-0.652539,0,-1,0,1,0,0,0,1,1,0,0,1
0,-1,0,0,0,0,0,0.241013,1,0,0,0,0,0,3,1,-0.555556,0,0,0,0,0,0,0,-1,0,0,0,0,0,1,0,0.81727,8,0,0,0,1,0,0,0.712625,0,0,-0.621691,0,-2,0,-1,0,0,1,0,1,0,1,0,0,0,0,0,1,0,0,1,0,0,0,2,0,0,0,-1,1,0,0,0,0,0,1,0,0,0,0,-1,0,0,1,-0.333148,0,0,-0.716821,-1,0,0,1,0,0,2,0,2,0,0,1
0,-1,0,0,0,0,0,-0.612903,1,0,0,1,0,-1,0,0,-0.593741,0,0,0,0,0,0,0,0,0,0,0,0,0,0,0,0.90818,1,0,0,0,1,0,0,0.570344,0,0,-0.595672,0,-1,0,0,3,0,1,0,0,2,1,0,0,0,1,0,3,0,0,0,0,0,-1,1,0,0,0,0,0,0,2,1,1,0,0,0,-1,0,0,0,0,0,0,-0.174991,0,0,-0.747662,0,0,0,0,0,0,0,0,0,0,0,1
0,0,0,0,0,0,0,-0.621615,0,0,0,-1,0,2,0,1,-0.61878,-1,0,0,0,0,0,-1,1,0,0,2,0,0,-1,1,0.76841,2,1,0,3,-1,0,0,1.245939,0,0,-0.504569,0,0,0,0,0,0,0,0,0,2,0,0,-1,0,2,0,0,1,0,0,0,0,0,0,0,-1,0,1,2,0,-1,0,0,0,0,0,0,0,0,1,0,0,0,-0.900526,0,0,-0.840999,2,0,0,0,-1,0,0,1,0,1,1,1
0,1,0,0,0,0,0,-0.624927,0,0,0,0,1,1,0,0,-0.648053,0,0,2,0,0,0,-1,0,0,0,0,0,0,0,0,0.74286,6,1,1,-2,0,0,0,1.13552,1,0,-0.911197,0,0,0,0,0,0,0,0,-1,2,-1,-3,0,-1,1,0,1,0,0,0,-6,0,0,-1,0,0,0,1,0,0,0,-1,1,-1,0,0,0,0,0,0,0,0,0,-0.286732,0,0,-0.267863,0,0,0,1,0,0,0,1,0,0,1,1
0,0,0,0,0,0,1,-0.460641,0,0,0,0,-1,0,0,0,-0.533795,0,0,0,0,0,0,2,1,0,0,0,2,0,5,-1,0.99928,6,1,1,0,0,0,0,0.659055,0,0,-0.704375,0,0,0,-1,0,0,0,0,0,0,2,0,0,-1,0,0,0,1,0,0,0,-2,0,2,0,0,0,1,1,2,7,0,0,0,0,0,0,1,0,2,0,0,0,-0.433087,0,0,-0.309503,2,1,0,0,0,-3,-1,0,1,2,1,1
0,0,0,-2,0,0,0,-0.815385,0,0,0,0,0,0,0,0,-0.864197,0,0,0,0,0,0,1,0,0,0,0,3,0,7,0,0.65714,0,0,-1,1,0,0,0,0.629291,0,0,-0.082454,0,0,0,0,1,0,0,0,0,0,0,4,-1,0,0,2,0,-1,2,0,0,0,0,0,0,0,4,-1,0,2,0,1,0,0,0,0,-1,2,-1,0,0,0,2,-0.718138,0,0,-0.699873,-1,2,-2,0,0,0,0,-1,1,0,0,1
0,2,-1,0,0,0,0,0.028692,0,0,0,0,0,0,0,0,-0.869244,0,0,0,1,0,0,0,0,0,1,0,-1,0,2,0,1.63013,2,0,0,2,2,-1,0,2.618885,0,0,-0.4771,0,0,2,0,0,0,-1,0,1,-2,0,1,0,0,0,0,0,0,0,0,0,1,0,0,-1,0,0,0,0,0,0,0,0,0,0,0,0,0,0,0,0,-1,0,-0.729271,0,0,-0.185401,1,1,0,0,1,0,1,0,0,0,0,1
0,0,2,-1,0,1,0,-0.618831,1,0,1,0,1,0,0,1,-0.803279,0,0,1,0,0,0,0,-1,0,0,0,0,0,0,0,0.54645,0,0,2,1,0,0,0,0.869565,0,2,2.449836,1,0,0,0,-1,0,0,0,0,0,-4,0,0,0,-2,1,0,-1,-1,1,0,1,-1,-1,0,0,2,0,1,0,0,0,1,0,-2,0,0,0,0,0,0,0,0,-0.725344,0,0,-0.5,0,0,0,0,0,0,0,0,0,0,0,1
-1,0,0,0,0,0,1,-0.555556,0,0,0,0,0,0,0,0,0.058626,0,0,0,0,0,1,-1,0,1,0,0,0,0,0,1,1.31968,1,0,0,1,0,2,0,0.538426,0,0,-0.727263,1,2,0,0,1,0,0,0,0,0,0,0,0,0,-1,-1,0,0,-2,0,2,0,0,1,0,1,0,0,0,0,0,0,2,0,1,-1,-1,0,0,0,0,0,0,0.048607,0,0,-0.555556,0,0,0,0,1,0,0,0,2,0,1,1
-1,1,-2,0,0,3,0,-0.692585,1,0,0,0,0,0,0,0,0.26931,0,0,0,-1,1,0,0,0,0,-1,0,0,0,0,0,2.08451,0,0,-1,1,0,-1,0,0.485146,0,0,-0.820566,0,0,0,-1,1,0,0,0,0,0,0,0,1,0,-1,0,0,0,2,0,0,0,0,1,0,1,0,0,0,0,2,0,0,0,0,0,0,0,0,0,0,0,0,-0.539033,0,1,-0.696996,2,0,0,0,0,0,0,0,3,0,1,1
0,1,-3,0,0,0,0,-0.383253,0,0,0,0,-2,0,0,-2,0.729731,0,0,0,0,1,1,0,0,-1,0,0,0,0,0,0,1.73474,3,0,0,0,1,0,0,1.083586,0,1,-0.779006,1,0,0,0,0,0,0,0,0,0,0,1,0,1,0,0,0,0,0,0,0,0,0,-1,0,1,0,2,1,0,0,0,-1,4,0,0,0,0,0,0,0,0,0,-0.755102,0,0,-0.253648,0,0,4,0,0,1,0,0,0,0,1,1
-1,0,0,1,0,0,-1,-0.703894,-1,0,2,1,0,0,0,0,-0.655948,0,0,0,0,0,0,-1,0,0,2,0,0,0,0,0,2.04167,7,0,0,2,1,0,0,0.721311,0,0,-0.810855,0,0,1,0,1,1,0,0,0,0,0,0,0,1,0,3,0,0,0,0,0,0,0,0,0,1,0,0,1,0,0,1,1,0,-1,0,0,0,0,0,0,0,0,-0.774769,0,0,-0.628738,2,0,0,0,0,-1,1,0,0,1,1,1
0,0,-3,0,0,2,0,-0.59613,0,0,0,1,1,0,0,0,-0.692308,0,0,0,0,0,0,0,0,0,0,0,0,0,0,0,1.74286,15,0,0,-3,0,0,0,1.641364,0,0,-0.803279,2,0,-2,0,0,1,0,0,0,3,0,0,0,1,1,0,0,0,0,0,-1,0,0,0,4,0,0,0,1,0,0,1,0,0,0,0,0,0,0,0,0,0,0,-0.794297,0,0,-0.651945,0,0,0,0,0,1,0,0,0,2,1,1
0,0,0,0,0,-1,0,0.160998,-1,0,5,0,3,1,0,0,-0.86303,0,0,0,0,0,1,-3,0,0,0,0,-1,0,0,0,2.29077,13,0,1,0,0,0,0,2.227046,0,0,-0.912457,0,1,0,0,1,0,0,0,0,0,0,0,0,0,0,0,-2,0,2,0,-1,0,0,1,0,0,3,0,1,2,0,1,1,0,0,1,0,1,0,0,0,0,0,-0.700557,0,0,-0.6283,0,0,2,0,0,0,0,1,1,0,1,1
0,0,0,0,0,0,0,-0.895272,-1,0,0,0,0,0,1,1,-0.842105,0,0,2,0,0,2,0,0,-2,0,0,0,1,0,0,1.21397,1,0,-1,0,0,0,0,1.277494,-1,0,-0.772291,0,-1,0,-1,1,-2,1,0,0,2,0,0,0,0,0,0,0,-2,0,0,0,1,0,0,0,0,0,1,1,0,0,0,0,2,0,0,0,0,0,0,0,0,0,-0.739308,0,0,-0.376653,6,0,0,1,1,0,0,0,0,0,1,1
-1,0,1,0,0,-1,0,-0.749778,0,0,0,0,0,4,0,0,-0.842105,0,0,1,1,0,0,-3,1,1,0,0,0,0,0,0,1.01084,3,0,0,2,0,0,1,1.560206,0,0,-0.039328,0,0,0,0,1,0,0,0,0,-2,-5,0,0,0,1,0,0,0,1,0,4,0,0,0,0,-3,1,0,0,0,-1,0,1,0,0,-1,0,0,-1,0,0,0,-1,1.845615,-1,0,-0.368421,3,0,0,-1,-1,0,0,0,0,0,1,1
0,-1,0,0,0,-3,0,-0.317042,0,0,4,0,-1,0,0,2,-0.842105,0,0,0,1,0,0,0,1,0,1,2,3,2,0,0,0.77143,5,0,0,0,0,0,0,1.83877,1,1,-0.575175,0,0,0,0,0,0,-1,0,0,0,0,0,0,0,-1,2,0,0,0,0,0,1,0,0,-1,-1,0,2,0,0,0,0,3,0,-1,0,0,0,0,0,0,0,0,-0.823529,0,0,-0.438424,0,0,0,0,0,0,0,-1,0,0,1,1
0,0,0,1,1,1,0,-0.053616,0,0,0,0,0,0,-2,1,-0.336368,0,0,0,1,0,0,5,-1,0,0,0,1,2,1,0,1.91033,13,0,0,0,0,0,0,2.735261,0,0,-0.731499,0,0,0,1,0,0,-1,0,-1,1,0,-1,1,0,0,1,0,0,0,1,0,1,1,0,0,-1,0,0,0,0,0,0,1,1,-1,0,0,0,0,0,0,0,0,-0.617264,0,0,-0.661336,0,0,1,1,0,0,1,1,0,0,0,1
0,-1,2,0,1,0,0,-0.061011,0,1,0,0,0,2,0,-2,-0.625578,0,1,-1,1,0,0,1,0,0,1,2,0,0,0,0,1.12861,9,1,0,1,0,0,0,1.306847,0,0,-0.805897,0,0,0,0,0,0,0,0,0,0,1,0,0,1,0,0,0,0,0,-3,0,0,0,1,0,0,1,0,1,4,0,0,1,2,0,1,0,0,0,1,0,0,0,-0.314812,0,0,-0.511209,0,0,0,0,0,0,0,1,0,0,0,1
0,-1,0,-1,1,0,0,-0.580706,2,0,-1,0,2,0,0,0,-0.808578,0,0,0,1,0,-1,0,1,-1,0,0,0,0,-1,0,1.31632,3,1,0,0,0,0,1,1.796722,1,0,-0.752811,-1,0,1,0,0,-1,0,-1,-1,0,0,0,0,0,0,1,0,0,0,0,0,1,1,0,-1,0,0,0,1,0,0,0,1,0,0,1,0,-2,0,0,0,0,0,-0.612903,0,-1,-0.528041,-2,0,0,0,0,0,1,1,0,0,0,1
0,0,0,0,0,0,1,0.202145,0,0,0,-1,0,1,0,-1,-0.098923,0,-1,0,0,0,0,0,1,0,-2,-2,-2,0,0,0,0.91429,1,-1,0,0,0,0,0,0.25,0,0,-0.446325,-1,0,0,0,1,0,0,0,0,0,1,0,-2,0,-1,0,0,1,1,0,0,0,0,0,0,0,0,-1,0,-1,0,1,1,0,0,0,0,0,0,3,0,0,0,-0.552351,0,0,-0.652323,0,1,0,0,1,0,0,0,1,0,0,1
0,0,0,-2,1,2,0,-0.654616,0,0,0,0,0,1,0,1,-0.8,-1,0,0,0,0,0,0,0,0,0,0,0,0,0,0,0.41897,14,0,0,2,0,0,0,0.755755,0,0,-0.625,0,0,-1,0,1,0,0,0,0,0,0,0,-1,0,0,0,0,0,-1,0,1,0,0,0,0,0,0,0,1,0,0,0,0,0,0,0,0,0,0,0,0,0,0,-0.595246,0,0,-0.76,0,0,-1,0,0,0,0,0,0,0,0,1
0,0,0,0,0,0,-2,-0.228875,0,-1,0,0,2,0,1,0,-0.8,0,1,1,0,0,1,0,0,0,0,1,0,0,1,0,0.91429,0,0,0,1,-2,0,0,0.404091,0,0,-0.34147,0,0,0,0,0,-1,0,0,0,3,0,0,0,-1,-2,0,-1,0,0,0,1,1,0,0,0,1,0,0,0,0,0,0,0,0,0,0,0,0,0,0,0,1,0,-0.430722,0,0,-0.805129,-2,0,0,1,0,0,0,-1,1,0,0,1
0,1,0,0,2,-2,0,-0.503072,2,0,0,0,0,0,0,0,-0.155407,2,0,0,0,0,0,2,0,0,2,0,0,0,0,0,1.4315,0,0,0,0,3,1,0,0.962213,0,0,-0.692308,0,1,0,0,-1,0,0,0,0,-1,0,2,0,0,1,0,1,0,0,2,0,1,-2,1,0,1,0,1,2,0,-2,0,0,0,0,0,0,1,0,1,0,1,1,-0.585724,0,0,8.443109,0,0,0,0,0,1,1,-1,0,1,0,1
0,0,0,1,-1,-1,1,0.188054,0,0,0,0,0,0,1,0,0.612338,0,0,0,0,0,0,-2,0,0,0,0,0,0,-4,0,1.615,0,0,0,0,0,0,0,0.170021,0,0,-0.788033,-2,0,0,0,0,0,0,1,0,0,1,0,0,0,0,0,0,0,1,0,0,0,0,0,1,-1,2,0,1,0,0,0,0,0,0,0,0,-1,1,1,0,0,0,-0.121858,0,0,8.1875,1,2,0,0,0,-3,0,0,0,1,0,1
0,0,0,0,0,-1,0,-0.523746,1,0,-1,0,0,0,0,-1,-0.558506,0,-1,0,-1,0,0,0,0,0,0,0,0,2,-1,0,1.27855,0,0,0,2,0,1,0,2.520736,0,0,-0.643268,0,0,0,0,0,0,0,0,0,1,-1,0,0,0,1,-1,0,1,1,1,0,2,-2,1,0,0,0,1,0,0,3,0,0,0,0,0,2,0,0,1,0,0,1,-0.454545,0,0,8.1875,0,0,0,-1,0,0,0,0,0,1,0,1
0,0,0,0,0,0,2,-0.757147,-1,0,0,0,0,0,0,3,-0.435161,-1,-1,4,0,-1,0,0,0,2,0,-1,0,4,-5,0,1.48615,0,0,-1,2,0,0,0,1.877801,0,0,-0.791054,1,0,0,0,0,0,0,-3,0,1,0,2,0,0,0,-1,0,0,0,-7,1,0,-2,0,1,0,1,0,0,0,0,1,0,0,0,0,0,1,0,1,0,0,0,-0.685995,0,0,-0.797332,0,2,0,1,0,0,0,0,0,1,0,1
0,0,2,0,0,1,0,-0.755908,0,0,0,0,1,0,0,3,-0.640554,0,0,0,-1,0,0,0,-2,1,0,0,0,1,0,0,0.86008,-16,0,1,1,-2,0,0,0.873661,-1,-1,-0.683978,0,0,-1,0,0,0,1,0,0,0,1,0,0,0,0,0,0,1,0,-1,0,0,1,0,0,0,0,1,1,-2,1,0,0,2,0,-1,1,1,0,0,0,0,0,-0.625,0,0,-0.708958,5,0,0,0,0,0,0,0,0,0,0,1
0,0,-1,0,0,0,0,-0.5969,0,0,0,0,0,0,-1,0,-0.638857,0,0,2,0,-2,0,0,0,1,0,2,1,3,0,0,0.74493,2,0,-1,0,1,0,2,0.586207,0,-1,-0.510136,0,1,0,0,0,0,0,0,0,0,0,1,0,-1,1,0,0,0,-1,0,0,0,0,2,0,0,-3,1,-1,0,0,0,0,0,0,0,0,1,0,0,0,0,1,-0.227716,-1,1,-0.76,0,0,1,0,0,-2,0,0,0,0,0,1
0,-1,2,0,-1,0,0,-0.704608,0,1,0,-1,0,0,0,0,-0.78127,0,0,0,0,1,0,0,0,0,1,0,0,0,0,0,1.17538,8,0,0,0,0,0,0,0.984379,-2,0,-0.726988,0,-1,0,0,0,0,0,0,0,0,0,0,0,0,6,-1,1,0,0,1,0,0,0,1,0,1,0,0,0,0,0,0,0,-1,0,0,2,0,0,0,0,0,0,-0.631805,0,0,-0.591134,-2,0,1,-1,0,0,1,0,0,2,0,1
0,1,1,0,-1,0,1,-0.658739,0,0,0,0,0,0,0,0,-0.653449,0,1,0,0,0,0,0,0,2,1,0,0,0,0,0,1.2,7,0,0,0,0,0,0,1.695893,-2,0,-0.219399,0,0,0,0,1,0,1,0,0,-1,0,-4,0,0,1,0,0,0,3,1,0,1,2,0,0,1,0,1,0,0,0,0,0,2,-1,0,1,1,0,-2,0,0,0,-0.514581,0,0,-0.598699,0,0,0,0,0,0,0,-1,1,2,0,1
0,0,0,0,0,0,0,-0.725615,0,0,0,0,3,0,2,0,-0.782237,0,-1,0,0,0,0,0,0,0,1,0,0,3,0,0,0.91534,22,0,0,0,0,1,0,3.632064,2,0,-0.688211,0,0,0,0,0,0,2,0,0,-3,0,0,0,0,0,0,0,0,0,1,0,0,2,0,0,1,0,0,0,0,0,0,1,0,0,1,0,2,0,-1,0,0,0,-0.578197,0,0,-0.535926,0,0,0,1,0,2,2,0,2,0,0,1
0,0,0,-1,0,1,0,-0.622164,1,0,-1,0,0,0,0,0,-0.5712,0,-1,0,-3,-1,0,1,0,0,0,0,0,0,0,0,0.70035,4,0,0,0,1,-1,-1,1.773106,0,0,0.742742,-1,0,0,0,0,1,0,0,0,0,1,0,0,0,-1,0,0,1,0,0,0,0,1,1,2,1,2,0,0,0,0,0,0,2,0,0,0,0,0,1,0,0,0,-0.782445,0,-2,-0.647059,0,0,0,-1,0,2,0,1,1,0,0,1
0,0,-2,4,0,-2,-2,-0.440204,0,0,1,0,0,0,0,0,-0.59127,0,0,0,1,0,0,0,0,0,0,0,1,0,0,0,0.73387,2,-3,0,0,1,0,0,1.7,0,-2,-0.358445,0,0,0,0,0,0,0,0,0,0,0,0,1,1,1,-1,0,0,0,0,0,0,0,-1,1,1,0,0,0,0,0,0,1,0,0,0,0,2,0,0,0,1,0,-0.485263,0,0,-0.647059,1,0,1,0,0,0,1,1,2,1,0,1
0,0,-1,0,0,0,0,-0.863363,0,0,0,0,0,0,-3,0,-0.663671,0,0,0,1,0,0,0,0,2,0,2,0,-1,-4,-2,0.56322,2,0,0,0,1,0,0,1.824654,1,0,-0.365817,0,0,0,0,0,0,0,0,0,0,1,0,0,1,0,-2,0,1,0,-3,1,0,1,0,0,1,5,0,2,0,0,0,1,0,0,3,0,0,0,1,0,0,0,-0.45754,0,0,-0.509667,0,0,2,0,0,-1,0,1,0,-1,0,1
0,-2,0,0,0,0,0,-0.62288,0,0,0,0,0,0,0,0,-0.55737,0,0,-1,0,0,0,0,-1,0,0,0,0,0,0,0,0.46778,7,0,0,0,0,0,0,0.654496,0,0,-0.526555,1,0,0,0,1,2,0,0,0,0,1,0,4,-3,0,0,0,1,0,-3,1,0,0,0,0,1,1,1,0,0,0,0,0,0,0,-1,0,-2,0,0,1,2,0,-0.497228,0,-1,-0.36702,2,0,0,0,0,0,1,0,1,0,1,1
0,-2,0,1,0,-1,0,-0.688948,0,0,2,0,0,1,0,0,-0.418934,0,0,-1,0,1,-2,0,0,0,0,2,0,0,0,0,1.32425,7,0,0,2,0,0,0,0.63873,-1,0,-0.74151,0,0,0,0,0,0,0,0,0,0,0,1,3,1,0,0,0,1,-1,0,2,0,0,0,0,1,1,0,0,-2,0,-2,0,0,0,0,0,0,0,0,0,0,-1,-0.494107,1,0,-0.675676,0,0,0,1,0,0,0,0,0,-1,1,1
1,0,0,0,0,0,2,-0.707317,0,0,0,1,0,0,0,0,-0.665427,0,0,-1,2,0,0,0,0,0,0,0,0,1,0,0,1.38195,16,0,0,0,1,0,0,0.620654,0,0,-0.697495,2,0,0,0,1,1,0,0,0,0,0,3,0,-1,0,0,1,0,0,0,0,0,0,0,0,1,1,0,0,-4,0,0,0,0,0,0,1,0,0,1,0,0,0,-0.663637,0,0,-0.875025,0,1,0,0,0,0,0,0,1,0,1,1
0,0,0,2,0,0,0,-0.684115,-1,1,-1,0,0,0,0,0,0.869157,0,0,1,0,0,0,0,0,0,0,0,0,0,1,0,1.52714,15,0,0,0,0,1,0,1.514959,2,0,-0.909042,2,0,1,0,1,0,0,0,0,1,1,0,3,0,0,0,0,0,2,0,0,0,0,0,0,0,3,0,-1,-1,0,0,-1,0,1,0,1,0,0,1,0,0,1,-0.657769,0,0,-0.75723,0,-2,-1,0,0,0,0,0,0,0,1,1
0,0,1,0,0,1,1,-0.794529,0,1,0,0,1,0,0,0,-0.454545,1,0,0,-1,0,0,0,0,0,0,1,0,-1,1,0,1.25679,3,0,0,0,0,0,-1,2.249357,0,2,-0.602864,0,0,0,0,0,0,0,0,0,0,1,2,-2,0,1,0,0,0,-1,1,0,2,1,0,0,0,1,-1,0,0,-1,0,0,0,0,0,-1,1,0,0,0,0,0,-0.612903,0,0,-0.738974,0,0,0,0,0,0,0,0,-1,1,1,1
0,0,2,0,0,1,0,-0.603316,0,1,0,-2,3,-4,1,0,0.070924,0,0,-1,3,1,0,0,0,0,0,0,0,0,1,0,0.56609,3,0,0,0,0,0,0,1.45098,0,0,-0.845929,0,0,0,0,0,0,0,0,0,-1,1,0,0,0,0,0,0,0,0,0,0,1,0,-3,3,0,3,0,0,0,0,0,0,0,0,0,0,0,0,-1,0,0,0,-0.574597,-1,1,-0.690845,0,0,2,1,0,1,2,-1,0,1,1,1
0,1,0,1,0,0,0,0.391741,0,0,0,0,2,2,0,2,-0.505297,0,0,1,2,0,-1,1,0,1,0,0,0,0,0,0,1.31429,4,0,0,-1,0,0,0,0.782609,2,0,-0.665902,0,1,0,0,3,0,0,0,0,-1,0,0,1,0,-2,0,0,0,0,0,-2,1,0,0,0,1,1,0,0,0,0,0,0,0,0,0,0,0,0,0,0,0,-2,3.135349,0,0,-0.169981,0,0,-1,0,0,0,1,0,0,-2,1,1
0,1,0,2,0,0,0,-0.900247,0,0,0,0,0,0,0,1,-0.305671,0,1,0,0,0,0,0,0,0,0,0,0,0,0,1,1.31533,4,0,0,0,0,0,0,0.816556,0,0,-0.74329,0,1,0,0,0,0,0,0,1,2,0,0,0,0,-5,0,0,0,0,0,0,1,0,0,2,0,0,0,-2,0,0,0,0,0,0,0,0,0,0,1,0,0,1,-0.63209,0,0,-0.619602,3,0,0,0,1,0,0,0,1,0,1,1
0,0,0,-2,0,0,-3,-0.872145,0,0,0,0,0,0,0,0,-0.634526,0,0,0,1,0,0,1,0,0,0,0,0,0,1,-1,1.31429,4,0,0,0,1,0,0,1.073992,2,0,-0.822018,0,0,0,0,0,1,0,0,0,0,0,0,0,-1,-3,0,0,0,0,0,0,1,0,2,2,0,1,0,0,0,0,0,1,-2,0,0,0,1,0,0,0,0,0,-0.524846,0,0,-0.621165,0,0,0,1,0,0,0,3,1,0,1,1
0,0,0,0,0,0,1,-0.500417,0,0,0,0,0,0,0,2,2.14455,0,0,0,0,1,0,-1,0,0,0,0,1,0,-1,0,1.37346,1,-1,0,0,1,0,0,0.638889,0,0,-0.666667,0,1,0,1,0,0,1,0,-1,0,0,1,0,0,0,0,0,0,0,1,1,2,1,0,0,0,0,0,1,-1,0,0,0,0,0,0,-1,0,0,-2,0,1,0,-0.708032,0,0,-0.429494,0,0,0,0,0,0,1,-1,0,0,0,1
0,-2,3,0,0,0,0,-0.636762,0,0,0,0,0,0,0,1,2.651312,0,0,2,1,0,0,0,0,0,-2,0,-2,0,0,0,1.77256,5,0,0,2,0,-1,0,0.921916,-2,0,-0.621874,-2,1,0,0,0,0,1,0,0,0,0,2,0,0,2,0,0,0,0,0,1,0,0,0,1,0,0,1,0,0,0,0,0,0,0,0,0,0,0,0,0,0,0,0.212124,0,0,-0.665033,2,0,0,0,0,0,0,2,0,0,0,1
1,-1,2,0,0,0,1,-0.631096,0,0,2,0,0,0,-2,0,1.91892,0,0,0,0,0,0,0,0,0,0,0,0,0,0,0,0.99408,1,0,0,1,0,0,0,1.853355,0,0,-0.659556,0,0,0,0,0,0,1,0,0,0,0,-1,0,-4,-2,0,-2,0,0,0,0,0,1,0,0,0,1,1,1,0,0,1,-1,2,0,0,0,1,0,0,0,1,0,-0.397037,0,0,-0.555556,0,0,0,0,0,0,0,0,-5,0,0,1
0,1,0,0,1,-1,0,0.925734,0,1,4,0,2,0,3,2,-0.733333,0,0,2,0,1,0,0,0,0,0,0,0,0,0,0,1.26481,2,1,0,0,0,0,1,1.67706,2,0,-0.649826,0,0,0,1,0,0,0,0,0,1,1,0,1,0,0,-3,0,0,0,0,1,0,1,-2,0,0,1,0,0,0,0,0,0,2,1,0,0,-2,0,0,0,0,-1,-0.675676,0,0,-0.533945,0,0,0,1,0,0,0,0,0,1,0,1
0,0,0,0,0,0,0,-0.625546,0,0,0,0,0,0,1,-1,-0.285396,0,2,0,0,1,0,0,0,0,0,0,0,1,0,0,0.8015,2,0,-1,2,0,1,-1,1.78378,1,0,-0.721552,1,1,0,0,0,0,0,0,0,0,2,0,0,-2,0,1,0,-1,1,1,1,0,0,3,-1,1,0,1,-1,0,0,0,0,0,0,0,-1,0,0,0,1,0,0,-0.534004,0,0,-0.537817,2,0,0,0,0,-1,1,0,0,0,0,1
0,0,0,0,0,0,0,-0.680939,0,0,1,0,0,0,-2,1,-0.264419,0,0,1,0,0,0,1,0,1,0,0,0,0,-1,0,1.06325,4,0,2,0,0,-1,-1,1.923306,1,-1,-0.683623,1,0,0,0,2,0,0,0,0,0,0,0,0,0,0,0,0,0,0,0,1,0,3,0,0,0,-1,-1,0,1,0,0,-2,-1,1,0,0,0,0,0,0,0,-1,-0.686611,0,0,0.041417,0,0,3,0,0,0,1,0,0,0,0,1
0,0,0,2,0,0,0,-0.628109,0,0,0,0,0,1,0,0,-0.128047,0,0,0,2,-1,0,0,0,0,0,0,2,0,0,0,1.0991,1,0,0,0,0,0,-1,0.767643,0,0,-0.700307,0,0,0,0,0,0,0,0,0,0,0,0,0,0,0,1,0,-1,1,0,0,0,0,0,0,0,1,1,1,0,0,0,1,0,0,1,0,-1,0,0,0,3,0,0.042877,0,0,-0.470572,0,-1,0,0,2,0,0,-1,1,0,0,1
0,0,0,-1,-1,0,0,-0.75305,0,0,0,0,0,0,-1,1,-0.889648,0,1,0,2,0,0,0,1,1,0,-1,1,0,0,0,1.40379,6,0,1,0,1,-3,0,0.279224,1,0,-0.724979,2,0,0,0,0,0,0,-1,1,0,1,0,0,0,2,0,-1,0,-1,0,-2,0,0,0,0,1,0,0,3,0,0,-1,0,-1,0,0,0,0,0,0,0,-2,0,-0.741475,0,1,-0.722971,0,0,-5,0,0,0,0,0,1,0,0,1
0,-1,1,0,3,0,0,-0.598109,1,0,0,0,0,0,0,3,-0.636614,0,-1,0,1,0,1,1,1,0,-1,-1,-3,0,0,0,0.80871,6,2,0,0,2,0,1,0.595612,2,3,-0.592213,0,-2,0,0,0,0,0,0,0,0,0,0,0,0,0,0,0,0,3,1,0,0,0,2,0,0,1,0,0,0,0,-1,0,1,0,1,0,0,0,0,0,0,0,-0.663175,0,0,-0.665792,0,0,0,0,1,0,0,2,0,0,0,1
0,0,0,0,0,0,0,-0.764637,0,0,0,0,0,0,3,0,-0.657143,0,0,0,0,-1,0,0,0,0,0,0,0,7,0,0,1.40264,0,0,0,-1,0,0,0,0.955685,0,0,-0.758993,0,1,0,1,0,0,0,0,-2,2,0,1,-1,0,0,0,3,0,0,-1,-4,1,0,1,-1,2,1,0,0,0,0,0,2,0,0,0,0,1,0,1,0,1,0,-0.360866,0,0,-0.920849,0,0,0,-1,0,0,0,0,1,0,1,1
0,3,1,1,0,0,0,-0.480544,0,0,0,0,0,-2,0,2,-0.783676,-1,0,2,1,0,1,0,0,0,0,0,0,0,0,0,1.75185,3,0,0,0,0,0,0,1.626634,0,0,-0.696496,0,0,1,0,0,0,1,0,0,0,0,0,-2,0,0,0,1,-1,-3,0,-1,0,0,0,1,0,0,0,1,0,0,0,0,0,0,0,0,0,-1,0,0,0,0,0.452185,0,0,-0.453941,-2,1,0,0,0,1,0,-1,3,1,1,1
0,0,0,1,0,0,0,-0.7,0,0,1,0,0,0,0,1,-0.746453,0,-2,0,3,-1,0,3,0,0,0,0,0,0,0,0,2.84912,3,0,0,0,1,0,0,0.782492,1,0,-0.697825,0,2,0,0,-1,0,0,0,0,0,-2,0,0,1,0,0,1,0,0,0,-1,0,0,0,0,2,-1,0,0,2,0,0,1,0,0,0,0,0,0,-1,0,0,0,-0.675676,0,0,-0.620716,0,0,-1,0,0,2,1,1,1,1,1,1
0,0,0,0,0,0,2,-0.745849,0,0,1,0,0,0,0,0,-0.830826,0,0,0,0,0,0,0,0,0,1,3,0,-2,1,1,1.2668,2,0,0,-2,2,2,0,0.969561,-1,0,-0.751024,0,-2,0,0,1,0,1,0,0,0,0,2,0,1,0,0,0,0,0,3,0,1,-1,0,0,1,0,0,0,0,0,1,0,0,0,0,0,0,0,2,0,0,0,-0.539518,0,0,-0.586661,-1,0,0,0,0,0,0,0,1,0,0,1
0,0,0,0,-1,1,0,-0.714286,0,0,1,0,0,1,0,0,-0.068617,0,0,0,1,0,0,3,0,0,0,1,0,-2,0,0,1.71429,2,1,0,0,-2,0,0,0.842394,0,0,-0.87752,0,0,0,0,0,0,0,1,0,1,0,0,0,1,3,0,-1,0,0,3,4,2,0,0,1,1,0,0,0,0,1,0,2,-1,0,-1,0,0,0,1,0,2,0,-0.245554,0,0,-0.496724,0,0,0,0,0,0,0,0,0,0,0,1
0,1,0,0,-3,1,1,-0.62145,0,1,1,0,1,0,0,0,-0.528928,0,1,0,0,0,0,0,0,0,0,0,-1,0,2,1,1.71429,0,1,-1,0,0,-2,0,0.717417,-1,0,-0.8,-2,-1,0,0,0,0,0,0,0,1,0,0,1,0,1,0,0,0,0,0,-1,1,-1,0,0,0,0,0,0,0,0,0,0,-3,0,1,1,0,0,0,1,0,0,-0.538462,0,0,-0.620982,0,0,0,0,0,1,0,0,0,0,0,1
0,0,0,2,0,0,0,-0.834656,-1,1,0,0,-3,1,1,0,-0.641999,0,0,0,1,0,-1,-1,0,0,0,0,0,1,1,0,1.63541,1,-2,0,-1,0,0,0,0.971284,0,0,-0.173114,0,0,0,0,0,0,0,0,0,0,0,0,0,1,0,0,1,0,0,0,0,0,1,-1,-1,0,0,-4,0,0,0,-1,0,0,-1,0,0,2,0,2,0,0,1,-0.620709,-2,0,-0.899957,0,0,0,-2,1,0,1,-1,2,0,0,1
0,0,1,1,0,-1,0,-0.740616,0,0,0,-1,2,0,3,0,-0.350609,0,-1,1,0,0,0,0,0,0,0,0,2,-2,0,0,0.54286,2,0,0,0,0,1,0,1.116783,0,-1,-0.243495,0,-1,0,0,0,0,0,0,0,-1,-2,1,0,0,2,0,0,0,0,0,1,1,0,0,-1,0,0,0,0,0,0,-1,0,1,0,0,0,0,0,0,0,1,0,-0.861454,0,0,-0.598046,0,0,2,0,0,-1,0,2,0,0,0,1
0,0,0,0,0,3,0,-0.389724,0,0,1,0,0,0,0,0,-0.653444,0,0,0,0,0,0,0,1,0,0,2,2,0,1,0,0.54286,2,2,0,0,1,0,0,1.31579,0,0,1.711577,0,-1,0,0,0,0,0,0,0,-1,-1,3,0,1,0,-2,1,2,0,0,0,-1,1,0,0,0,0,1,-1,0,0,1,0,0,-1,0,0,0,1,0,0,1,0,-0.378678,0,0,-0.63144,2,0,2,0,1,2,-1,-1,0,0,0,1
0,0,0,0,0,0,0,-0.728701,0,0,-1,0,1,0,0,-4,-0.804866,0,0,1,0,1,0,1,0,1,0,0,0,0,0,0,1.37263,2,0,0,0,0,0,0,1.966551,0,1,-0.685132,0,0,0,0,-1,0,0,0,0,0,0,0,-2,0,0,-1,0,0,0,1,-1,1,0,-1,3,0,1,-1,1,0,0,0,-1,0,0,0,0,0,0,0,0,-1,0,-0.515344,0,0,-0.498862,0,0,2,0,-1,0,0,0,0,0,0,1
0,0,0,0,0,1,-1,-0.636364,0,0,0,1,0,0,0,0,-0.822044,-1,0,0,0,0,0,0,0,1,0,0,0,0,0,0,0.99571,9,1,0,0,0,1,0,2.512925,0,1,-0.733485,1,0,0,0,0,0,0,0,0,0,0,1,0,0,-2,3,0,0,1,0,0,0,-1,0,0,0,1,-1,0,0,-2,0,0,0,0,0,0,0,0,0,0,0,1,-0.46779,-1,0,0.506277,0,0,0,0,0,0,0,0,0,1,0,1
0,0,0,0,1,0,1,-0.732328,0,-1,-1,-1,1,0,0,0,-0.604061,0,0,0,0,0,0,1,0,1,0,-3,0,0,0,0,2.32357,7,0,0,0,1,1,0,1.745521,0,1,2.28428,0,0,0,0,0,1,0,0,0,0,0,2,3,0,0,0,1,0,-1,0,0,1,0,-1,2,-1,4,0,0,0,-1,0,-2,0,0,0,0,2,0,0,0,0,0,-0.89608,0,0,-0.612599,0,0,0,0,0,0,0,-1,0,0,0,1
0,1,-1,0,0,0,2,-0.499868,0,0,0,1,0,0,0,1,-0.689815,0,0,0,0,0,0,0,2,0,0,0,0,0,0,0,0.85714,5,0,0,1,0,1,0,2.8,0,0,-0.449091,-1,0,0,0,0,0,1,0,-2,1,0,0,0,0,0,0,-1,0,0,0,0,0,1,1,1,0,1,0,0,0,0,0,1,1,0,0,0,0,0,0,0,0,0,-0.724494,0,0,7.259218,0,0,2,0,0,1,0,0,1,0,1,1
0,0,0,0,-1,-1,1,0.653789,0,0,0,0,0,0,0,-2,-0.831263,0,0,1,0,-2,0,-2,0,0,-1,2,0,0,0,0,0.78823,5,0,0,0,0,1,0,3.002173,1,0,-0.558391,1,0,0,0,0,0,0,0,0,0,0,1,0,0,0,1,0,0,0,-2,0,2,1,1,0,0,1,0,-1,0,2,1,0,2,0,0,0,0,0,0,0,1,0,-0.737448,1,0,7.698391,0,0,0,0,-1,-1,1,-4,0,0,1,1
0,1,0,0,0,0,1,-0.538462,0,0,0,0,0,0,0,0,0.240217,0,0,0,0,-1,0,0,0,0,0,2,0,-2,0,0,0.87071,6,0,0,0,0,0,2,3.633385,0,0,-0.456252,0,1,0,0,0,0,1,0,0,0,0,0,0,0,0,0,0,1,0,0,1,1,0,1,0,0,3,0,0,-4,0,0,1,0,0,-1,0,0,0,0,0,1,0,-0.211987,-1,0,0.666561,2,0,0,0,1,0,0,0,0,1,1,1
0,6,0,2,0,3,0,-0.600501,0,0,0,0,0,1,-1,0,-0.661627,0,0,0,-2,0,-1,0,0,0,0,0,0,0,0,0,1.89995,1,0,-3,0,0,0,1,1.034395,-1,0,-0.75125,0,-3,0,0,1,0,0,0,0,1,-2,0,0,1,0,-1,0,0,0,0,0,0,0,0,0,0,0,0,0,0,0,0,0,0,0,0,0,0,0,-2,0,1,0,-0.5496,0,0,-0.593775,3,0,0,0,0,1,0,0,1,0,1,1
0,0,0,1,0,0,0,-0.756946,0,0,0,0,0,0,0,0,-0.739444,0,1,1,0,0,0,-2,0,0,0,0,0,0,0,0,1.41656,15,0,0,0,1,0,0,0.51395,-1,-2,-0.782752,2,0,0,0,0,0,0,0,-1,0,-2,0,0,0,0,1,0,1,0,0,1,0,0,0,0,-1,0,0,0,0,0,0,0,0,0,-2,0,0,0,0,0,0,1,-0.627439,0,0,-0.458183,0,0,0,0,0,0,-1,-1,0,1,1,1
0,0,0,1,0,0,0,-0.740986,0,0,0,0,-1,1,0,0,-0.701154,0,0,1,0,0,0,0,-2,0,0,5,0,0,0,0,3.05302,7,0,-1,0,0,1,-1,0.584906,0,0,-0.77965,-2,0,0,0,1,0,0,0,0,0,0,-1,2,0,0,0,0,0,0,0,1,0,0,0,0,0,1,2,0,0,0,0,0,0,0,0,0,0,0,0,0,0,0,-0.625495,0,1,-0.638137,0,0,0,-1,0,0,0,0,0,0,1,1
0,0,0,-1,0,0,0,-0.632897,0,0,0,0,0,0,0,0,-0.817093,0,0,0,0,-1,0,0,0,0,0,1,0,0,0,-2,1.30041,2,0,2,1,0,0,0,0.7,0,0,-0.59778,0,1,0,0,0,0,0,0,0,0,0,0,1,1,0,0,0,0,0,0,1,0,0,-1,0,1,0,0,0,0,0,0,0,2,0,0,0,2,0,0,0,2,-1,-0.612903,-1,0,-0.903524,0,-1,0,0,0,0,0,0,1,0,0,1
0,1,0,0,0,0,0,-0.276474,1,0,0,0,0,0,0,2,-0.798635,0,0,0,0,0,0,0,2,1,1,0,0,0,0,1,1.03362,4,0,0,0,1,0,0,0.591505,0,0,-0.692469,0,0,1,0,0,0,0,0,0,1,1,0,0,0,0,-1,0,-1,0,1,0,0,0,-2,0,1,0,0,-1,0,0,0,0,0,0,0,4,-2,-1,0,0,1,0,-0.266237,2,0,-0.721901,-1,0,0,0,0,0,0,1,1,0,0,1
0,0,0,0,0,0,0,-0.537178,0,0,0,1,2,0,0,1,-0.386651,0,0,0,0,0,-2,1,0,0,1,0,0,0,0,0,1.4568,4,0,0,0,3,0,-1,1.382766,0,0,-0.69545,0,0,1,1,1,0,-4,0,0,0,0,0,2,-1,0,0,0,1,0,2,0,1,-1,0,2,1,0,0,0,-1,0,0,0,1,0,0,0,0,0,0,0,1,0,-0.492569,-1,0,-0.58572,0,0,0,0,0,0,0,0,0,0,0,1
0,0,0,0,-1,-1,0,-0.571429,0,1,0,0,0,0,0,0,-0.629871,0,1,0,3,0,1,2,0,0,0,0,1,0,0,-1,0.8142,2,0,0,1,0,2,0,0.969796,0,0,-0.665372,0,1,-1,0,0,0,0,0,0,0,0,0,-2,0,0,0,0,0,0,0,2,2,1,0,2,0,0,0,0,0,-1,-1,0,-1,0,-1,0,1,0,0,0,0,0,-0.571883,0,0,-0.571429,0,1,4,0,0,0,0,1,0,0,0,1
2,-1,1,0,0,1,0,-0.865425,0,0,-1,1,0,0,0,1,-0.818869,1,0,0,0,0,0,0,0,0,0,0,0,0,0,0,1.64342,3,0,0,0,0,0,0,1.069873,0,0,0.849265,-1,0,0,0,0,0,0,0,0,0,1,0,0,-1,0,-1,0,0,1,1,0,0,0,0,0,0,0,1,0,0,0,0,0,0,0,0,1,1,0,0,0,0,0,-0.585176,0,1,-0.333398,-1,0,0,0,0,1,0,1,1,0,0,1
1,0,0,0,0,0,-1,-0.571429,0,0,2,0,0,-1,0,0,-0.870693,0,0,0,0,0,0,0,-1,0,0,0,1,0,-1,0,0.99052,1,0,0,0,0,0,0,1.712375,0,1,-0.701898,0,0,-2,0,1,0,0,0,0,0,0,0,0,0,2,-1,0,0,0,0,0,1,2,0,0,0,0,0,0,0,0,0,0,0,0,-1,0,1,0,2,1,0,0,0.464198,0,0,-0.564835,0,0,0,0,0,2,0,0,1,0,0,1
0,0,0,0,0,0,2,-0.417303,0,-1,0,-3,0,0,0,0,-0.203691,0,0,1,0,0,-2,1,0,-1,1,0,2,0,1,0,1.60134,7,0,0,0,1,1,1,0.621622,0,0,-0.503924,0,0,0,0,0,0,0,0,0,0,-1,3,-1,0,0,1,0,0,0,0,0,0,0,2,0,0,0,1,0,-3,0,0,0,0,-1,0,0,0,0,1,0,0,0,-0.497635,1,0,-0.711251,0,0,0,0,1,0,0,0,1,3,0,1
0,0,0,0,0,0,0,-0.640821,0,0,0,-2,0,4,0,0,-0.60638,0,1,0,0,0,1,0,0,0,0,0,0,0,0,0,1.05287,1,0,0,1,0,0,0,0.621622,0,0,-0.638813,0,0,0,0,0,-1,-1,0,0,0,0,-2,0,-3,0,2,0,0,0,1,0,3,0,2,1,3,1,0,1,0,1,1,2,0,0,0,0,0,1,1,0,2,0,-0.604474,0,0,-0.415758,-1,0,0,0,0,-1,0,0,0,0,0,1
0,0,3,0,0,0,0,-0.842105,0,0,2,0,0,0,-1,0,-0.473722,1,0,0,-1,0,0,0,-1,0,0,1,-2,0,0,0,1.32742,0,0,0,0,0,-1,0,2.010631,0,-1,-0.578123,0,0,0,-1,0,0,0,1,0,0,0,-3,0,2,0,0,0,0,0,0,1,0,0,0,3,0,0,0,0,0,0,0,0,-2,0,0,0,0,0,0,0,0,0,-0.647059,0,1,-0.120846,0,0,-1,0,0,0,-1,0,0,-1,0,1
0,0,0,0,1,6,2,5.768454,0,0,0,0,0,0,0,0,-0.688362,1,0,0,0,0,0,0,0,1,0,0,0,0,0,-1,0.77438,0,-1,0,0,0,0,0,2.458449,0,0,-0.640832,0,0,0,0,0,0,0,0,1,0,0,3,0,-2,-2,-1,0,0,0,0,0,2,0,-2,0,0,0,0,1,1,0,0,0,0,0,0,0,1,0,0,0,0,0,-0.842105,-1,0,-0.759161,0,0,3,0,1,1,0,0,0,0,0,1
0,0,0,0,0,0,-1,-0.210658,0,0,1,0,0,0,-1,6,-0.41392,0,0,0,-3,0,0,0,0,0,0,0,-2,0,0,0,0.88939,1,0,0,0,0,1,1,1.169754,-1,0,-0.900259,2,0,0,-1,-1,0,0,0,0,0,-1,2,2,0,0,0,0,0,0,0,0,-1,0,0,0,-1,1,0,1,0,0,0,0,0,0,0,1,0,1,0,0,1,0,-0.732915,0,0,-0.645802,0,0,0,0,1,0,0,0,0,1,0,1
-1,0,1,0,0,0,-2,-0.495717,0,0,0,0,1,0,0,0,-0.639467,1,1,0,0,0,-1,0,0,0,0,0,0,4,0,0,0.82839,1,0,0,2,0,0,0,3.026999,-1,0,-0.70512,-1,0,0,0,0,0,0,0,0,0,-1,1,0,0,0,0,0,0,0,2,0,1,0,0,0,0,-1,0,-3,0,0,0,0,0,0,0,-1,-1,0,4,0,2,-1,-0.891732,0,0,-0.126456,0,0,0,0,1,0,3,0,0,0,0,1
1,0,3,0,0,0,0,-0.781818,0,0,-2,0,-1,0,0,0,-0.7,1,0,0,0,-1,0,0,0,0,0,0,0,0,1,0,0.95186,7,0,1,0,0,0,1,1.983668,0,0,-0.729212,1,0,0,0,0,0,0,0,0,0,0,0,0,-1,0,0,0,0,0,0,1,0,0,0,0,0,1,0,0,0,0,0,0,1,1,1,0,1,0,0,1,0,0,-0.78167,0,0,-0.593851,0,-1,0,0,0,0,0,0,0,1,0,1
0,0,0,0,0,1,-1,-0.781423,0,0,-1,0,-1,0,3,-2,-0.57596,-1,1,0,1,1,0,0,0,-2,0,0,0,0,1,0,1.85517,6,-1,0,0,0,0,0,2.515616,-3,0,-0.53574,0,1,0,0,-1,0,0,0,0,0,0,0,0,0,2,0,0,0,0,0,0,0,1,0,0,0,1,0,2,-2,0,0,0,0,1,0,1,0,0,0,0,0,0,-0.733106,0,0,-0.638494,2,0,4,1,0,0,-1,1,0,0,0,1
0,0,0,0,0,-4,0,-0.294781,0,0,0,0,0,0,0,0,-0.7,-1,-1,0,0,0,2,0,0,1,0,1,2,0,1,0,2.37774,6,0,0,0,0,1,0,1.8712,0,0,-0.666056,0,0,-1,2,0,0,1,0,0,0,0,1,0,0,1,2,0,0,1,1,0,0,1,0,0,0,1,0,0,0,0,0,0,0,1,0,1,0,0,3,1,0,0,-0.657143,0,-1,-0.581983,2,0,0,0,0,0,0,0,0,1,0,1
0,1,0,0,0,0,0,-0.635167,0,0,4,1,0,0,0,1,-0.79661,0,-1,0,1,1,0,0,0,0,0,0,0,0,0,-1,0.70711,1,0,0,0,1,0,0,1.88095,0,0,-0.714286,0,0,0,0,0,0,0,0,0,0,1,0,1,0,0,-1,0,0,3,0,0,0,1,2,0,0,0,-1,0,-2,0,0,1,0,0,0,0,0,0,-2,0,0,0,-0.879412,0,0,-0.205584,0,0,0,0,1,-1,0,-1,-1,2,1,1
0,1,0,0,0,0,-2,-0.636364,0,0,2,1,0,0,0,1,-0.212167,0,0,0,0,1,-1,0,0,1,0,0,0,0,0,0,1.2,2,-2,0,0,0,0,0,0.469112,0,-1,1.995048,1,0,0,0,0,0,0,0,1,0,1,0,-1,0,0,1,0,0,2,0,0,0,1,-1,-1,0,0,-1,0,0,0,0,0,0,0,2,-1,0,0,0,0,1,0,-0.763708,0,0,-0.642868,0,0,2,0,1,0,0,0,-1,0,1,1
0,0,0,-1,1,0,0,-0.63713,0,0,2,0,0,2,0,1,-0.79661,0,0,1,0,1,0,0,0,0,0,0,0,0,-2,0,1.65509,2,0,0,0,0,0,-2,1.624893,-1,2,0.128411,0,-2,0,0,0,0,0,0,0,2,0,0,0,1,0,0,0,0,0,0,0,0,0,0,2,0,0,0,0,1,0,0,0,0,0,0,0,1,0,0,0,0,0,-0.744698,0,1,-0.485532,0,0,0,0,1,0,0,1,0,2,1,1
0,0,0,0,0,2,0,-0.872146,0,0,0,0,3,0,0,3,-0.704096,0,1,1,0,1,0,0,0,0,3,0,0,0,0,0,0.91429,0,0,0,0,1,0,0,1.71875,1,0,-0.49903,-1,0,-1,0,0,0,0,0,0,0,0,2,0,0,0,-1,0,0,0,0,1,1,0,0,0,0,-2,0,0,1,0,0,0,0,0,-1,0,0,0,-3,0,1,0,-0.808641,0,0,-0.222116,0,-2,0,0,0,0,0,0,0,0,0,1
0,0,0,0,0,0,0,-0.691038,0,0,1,0,0,0,2,0,-0.728532,0,0,0,1,0,0,0,-2,0,0,0,-1,0,0,0,0.86437,0,1,0,3,0,0,0,1.89694,0,-1,-0.609421,0,0,0,0,0,0,0,0,0,0,0,-3,0,0,0,0,0,0,0,0,5,1,0,0,0,0,0,0,0,0,2,0,2,1,0,1,0,0,0,-1,0,-2,0,-0.791418,0,0,-0.745035,0,0,0,0,0,-2,0,0,0,-5,0,1
0,0,0,1,-1,0,0,-0.34741,-1,0,1,0,0,2,0,0,-0.668433,1,1,0,-1,1,0,0,1,1,0,0,0,0,0,0,0.97981,0,0,0,0,1,0,0,1.07526,0,0,-0.633572,0,0,0,0,4,0,0,0,0,0,1,1,0,0,0,0,0,0,0,2,0,1,2,0,0,0,0,0,1,0,2,0,0,-1,0,0,0,0,0,0,0,0,0,-0.731492,0,0,-0.331303,0,0,0,-2,0,0,0,1,1,0,0,1
0,-1,0,-2,1,2,0,-0.781645,0,0,0,0,0,0,0,0,-0.678384,0,0,1,0,0,0,2,0,1,-1,0,0,-1,0,0,0.80556,6,0,0,1,3,0,0,0.611862,0,0,-0.633078,2,0,0,0,0,0,0,0,0,0,1,0,0,0,0,0,0,0,0,1,0,0,0,1,0,0,0,0,0,1,0,0,0,0,0,0,0,0,0,1,0,3,0,-0.709125,0,0,-0.695002,0,0,0,0,0,0,1,0,1,-1,0,1
0,0,0,0,0,0,-1,-0.690269,0,0,0,0,0,1,2,2,-0.813254,0,1,1,0,0,0,1,0,1,0,0,0,0,0,0,0.79081,0,0,-1,1,-3,1,1,1.186066,0,1,-0.7,-1,0,0,0,0,0,-1,0,0,0,1,0,0,0,0,0,0,0,0,1,0,0,1,1,0,0,0,0,0,0,0,0,-1,0,0,0,0,0,-1,0,0,0,0,-0.804266,0,0,-0.669997,0,0,0,0,0,0,0,0,0,-1,0,1
1,1,-1,0,-1,0,-1,-0.747064,0,1,0,0,0,0,0,1,-0.72093,0,0,0,0,1,1,1,0,0,0,0,-1,0,0,0,1.55312,2,-1,0,1,0,0,0,1.269516,-1,0,-0.468748,0,0,0,1,2,0,0,3,-1,2,1,0,0,0,0,0,0,0,0,3,0,0,0,-1,0,1,1,1,0,0,0,0,0,3,0,0,0,0,0,1,0,0,0,-0.483791,0,0,-0.846278,0,0,0,-1,0,0,0,0,0,0,0,1
2,0,3,0,0,1,1,-0.289223,0,0,0,0,0,0,0,0,-0.394074,0,0,0,2,0,0,2,0,1,0,1,0,4,-1,0,0.43816,5,-1,-1,0,0,0,0,2.29412,-1,0,-0.647059,0,1,1,0,0,-1,-2,0,0,1,0,0,0,1,-1,0,0,1,0,-2,0,0,0,4,0,0,2,1,-1,0,0,0,1,-4,0,0,0,-1,0,2,0,1,0,-0.65106,0,1,-0.549847,0,1,0,0,0,0,0,0,0,0,1,1
0,0,0,0,1,0,-1,-0.639538,0,0,1,-1,1,0,0,1,-0.673794,0,0,1,-2,-1,0,1,-1,1,-1,2,0,0,0,0,1.89316,6,0,0,-2,0,0,0,3.511027,0,0,-0.721027,0,0,0,0,0,0,0,0,0,2,0,0,1,0,0,-1,0,1,0,0,0,0,1,-1,0,0,0,0,1,0,0,0,0,0,0,0,0,1,0,0,0,1,0,-0.476042,1,0,-0.730745,3,1,0,0,0,0,0,0,0,0,1,1
0,1,0,0,0,4,0,-0.546699,0,0,0,0,0,0,0,0,-0.636364,0,0,0,0,0,0,0,0,0,0,0,0,0,0,2,0.8616,7,0,0,0,-2,0,0,3.581777,0,0,-0.644308,-1,0,-1,0,0,0,0,0,0,0,-1,0,-1,0,2,0,0,1,0,0,0,0,0,-3,0,0,0,0,0,0,0,0,0,-1,0,0,0,-6,0,-1,-1,0,0,-0.788394,0,0,-0.75217,3,0,0,0,0,1,1,1,0,0,1,1
0,0,0,-1,0,-1,1,-0.816315,0,0,0,0,0,0,0,2,-0.692945,0,0,-1,-1,1,-1,0,1,0,0,0,3,0,4,0,1.92982,5,0,0,1,0,0,0,2.795293,3,-1,-0.832293,-1,0,0,0,0,0,1,0,0,-2,2,0,0,0,-3,0,0,0,0,0,0,0,0,0,0,0,0,0,0,0,0,0,0,0,0,0,0,0,0,1,0,-1,0,-0.830986,0,0,-0.6,0,0,0,-1,0,1,0,0,0,4,1,1
0,0,0,0,0,0,0,-0.716682,0,0,0,0,0,0,0,0,-0.696901,0,0,0,0,1,0,0,0,-2,0,0,0,0,1,1,1.09681,6,0,0,0,-2,0,0,2.27548,5,0,-0.270541,0,0,0,0,-1,0,0,0,0,0,0,0,0,2,0,0,0,0,0,2,0,2,0,0,0,-1,0,-1,4,0,0,0,0,1,1,0,0,0,1,0,0,0,0,-0.830986,0,0,-0.67739,0,0,0,-2,0,0,0,0,1,2,1,1
0,0,-1,0,0,1,0,-0.773401,0,0,0,0,0,0,0,1,-0.6492,0,0,0,0,1,-2,2,0,-1,0,0,0,0,1,0,1.43167,2,0,0,0,0,0,0,2.806318,0,0,-0.231542,0,0,0,0,0,-1,1,0,1,0,0,0,0,0,0,1,0,0,0,-1,0,0,0,0,-2,0,0,-1,0,4,0,0,0,-4,0,0,0,0,0,0,0,0,0,-0.830986,0,0,-0.61157,0,0,0,0,0,0,0,0,0,2,1,1
0,-3,0,1,0,0,0,-0.276339,1,0,0,0,1,0,0,0,-0.670122,0,0,1,1,0,0,1,0,0,0,0,-1,0,0,0,0.94286,9,0,0,0,0,-1,0,1.552158,2,0,-0.539118,0,-1,0,0,0,0,0,0,0,0,0,-1,0,0,0,0,0,0,0,1,0,1,0,0,-2,0,-2,0,-2,2,0,-1,1,0,0,0,0,1,0,0,0,1,0,0.193727,-2,0,-0.264373,0,0,2,0,1,2,0,0,-1,1,1,1
0,0,0,0,0,-1,0,-0.528362,0,0,0,2,0,0,0,2,-0.627782,0,0,1,1,-1,0,1,0,0,1,0,0,0,0,0,1.44718,5,0,0,0,0,-1,0,1.69697,0,0,-0.32418,0,0,1,0,0,0,0,0,0,-1,0,0,0,0,0,0,0,0,0,0,0,0,0,0,0,0,-3,0,0,0,0,0,1,1,0,0,0,1,0,-1,0,0,1,-0.612903,0,0,-0.397102,0,1,0,0,0,0,0,0,0,1,1,1
0,0,0,1,0,0,0,-0.625971,1,0,0,0,0,0,0,0,-0.607357,0,0,1,1,0,0,1,-1,0,1,3,0,0,0,0,0.94286,2,0,0,0,0,-1,0,1.662805,0,0,-0.857783,0,1,0,0,0,0,0,0,0,0,1,0,3,0,-3,0,0,0,0,-2,0,0,0,0,0,0,0,0,0,0,0,0,1,0,0,0,2,0,1,0,0,0,0,-0.571436,0,1,-0.728781,0,0,2,1,0,0,0,1,0,5,1,1
0,0,2,1,1,-2,0,-0.557802,0,0,0,0,0,0,0,1,-0.625666,-1,0,0,0,0,2,0,0,-1,0,0,0,0,1,0,1.10931,4,0,0,1,0,0,0,1.808192,-3,0,-0.640435,0,1,0,0,0,0,0,0,0,0,0,0,0,0,0,0,0,0,2,0,0,0,0,-1,0,0,0,0,0,0,0,1,0,-1,0,0,0,0,1,0,0,0,0,-0.696094,0,0,-0.77712,0,0,0,0,0,0,0,0,0,0,1,1
0,0,0,1,0,-2,0,-0.401058,0,0,2,0,0,0,0,0,-0.646994,0,0,0,0,0,2,0,0,-1,0,0,0,0,0,-1,1.02781,20,0,0,0,0,0,0,0.925926,2,0,-0.714286,0,1,1,1,0,0,1,0,0,-3,0,0,0,0,3,1,-1,0,0,0,1,-1,-1,1,0,0,0,0,0,-1,0,1,0,0,0,0,0,-1,1,-2,-1,0,0,-0.709442,0,0,-0.74239,0,0,0,0,0,-2,0,1,0,0,1,1
0,0,0,1,0,0,0,-0.381058,0,0,0,0,3,0,0,1,-0.546435,0,0,-1,0,0,-2,0,0,0,0,0,0,0,1,1,0.96049,9,0,0,0,0,-1,0,0.803522,0,0,-0.659958,0,0,0,0,1,0,0,0,0,0,0,0,0,0,0,0,0,0,0,1,0,-2,-4,0,3,0,0,-1,0,0,0,1,0,-1,0,1,0,-2,0,-1,0,0,0,-0.733096,0,1,-0.789239,0,0,0,0,-3,0,0,1,-1,-1,1,1
0,0,0,0,0,0,0,-0.206842,1,-1,0,0,0,0,1,0,-0.895549,0,0,0,0,0,0,4,0,0,0,0,0,0,0,0,0.91151,0,0,0,0,1,0,0,1.138043,0,0,-0.214486,0,0,0,0,2,0,0,0,0,0,0,0,4,1,0,2,0,0,0,1,2,-1,0,1,0,2,0,2,-2,0,0,0,0,0,1,1,0,3,0,0,0,0,2,-0.542412,0,0,-0.848909,0,0,0,5,0,0,1,1,1,0,0,1
0,0,0,0,0,0,0,-0.797477,1,0,0,0,0,3,-3,0,-0.72093,0,0,0,0,-1,-1,0,0,0,-2,0,0,2,1,-1,0.66158,2,0,0,0,0,0,-1,1.157214,0,0,-0.807547,0,0,0,0,0,0,0,0,0,0,0,0,0,1,-1,0,1,0,0,-3,0,0,0,0,2,0,0,0,0,2,0,0,0,1,1,0,-1,0,0,0,0,0,0,-0.747252,0,0,-0.830715,0,0,5,0,0,0,0,0,1,0,0,1
0,2,0,2,-1,0,0,-0.692308,0,0,1,0,-1,0,0,0,-0.823286,0,0,0,0,1,0,0,0,0,0,0,0,-1,1,1,1.03244,4,3,0,0,1,0,0,0.766954,0,-1,-0.727346,-1,0,0,0,0,0,0,-1,0,0,0,0,-1,1,0,0,-1,0,0,0,2,-1,0,0,0,0,0,1,0,0,1,0,1,0,1,0,0,0,-1,0,0,-5,1,-0.644732,0,0,-0.803279,0,1,0,0,0,0,0,0,0,0,0,1
0,0,0,0,0,0,0,-0.733333,0,1,1,0,0,0,0,-1,-0.674045,0,0,0,0,0,0,0,1,0,0,0,-1,0,3,0,2.86109,3,0,1,0,0,2,0,1.27451,0,0,-0.764706,0,0,0,1,-1,0,1,0,0,0,0,0,0,1,-1,0,0,1,0,2,2,-2,0,0,3,0,0,0,1,0,0,0,0,4,0,-1,-1,-1,-1,-2,0,0,2,-0.085146,0,0,-0.5099,3,0,3,0,0,0,0,0,3,1,1,1
0,1,-1,0,0,0,1,-0.26559,-1,0,0,-1,0,0,0,0,-0.692308,0,0,0,0,0,0,0,1,0,0,0,0,4,0,0,1.34169,5,0,0,2,0,0,0,0.905165,0,3,-0.762216,0,0,0,1,0,0,0,-1,0,0,0,0,0,0,0,-1,0,0,0,0,0,0,0,0,0,0,1,0,1,2,0,-1,0,0,0,0,-1,0,0,0,0,-2,0,0.426986,0,0,-0.403931,2,0,0,0,0,0,0,-1,1,1,1,1
0,0,0,-1,0,0,0,-0.869816,1,0,0,0,-1,0,0,0,-0.820668,1,-1,0,0,1,0,0,1,0,0,0,3,0,0,0,1.33337,4,0,1,-1,0,0,-2,0.895472,0,0,-0.765054,0,0,0,0,0,1,0,0,0,0,0,0,-1,0,0,2,2,0,0,1,0,0,2,0,0,0,1,0,1,0,0,0,0,0,0,0,0,0,0,0,0,0,0,-0.554181,0,0,-0.493,0,0,0,0,0,0,0,2,1,0,1,1
2,0,0,0,0,0,1,-0.8,0,1,0,0,0,0,2,0,0.153712,0,1,0,-1,0,0,0,1,1,0,-1,0,-1,0,0,2.10724,2,0,0,0,0,0,0,0.893688,0,0,-0.81078,1,0,0,0,0,0,2,1,0,0,1,0,-1,0,2,-2,0,0,1,0,0,0,-1,0,-1,0,1,0,1,2,0,0,0,0,1,0,0,0,0,0,0,0,0,-0.594792,0,0,-0.686886,0,0,0,0,0,0,0,0,0,0,0,1
0,0,0,1,0,3,1,-0.739061,0,-1,0,1,0,0,4,0,-0.572142,0,1,0,1,0,0,-2,1,0,0,0,0,0,0,0,1.13659,2,0,0,0,0,0,0,0.884615,0,0,-0.87765,-1,0,1,0,0,0,1,0,-1,0,1,0,0,0,0,0,0,2,0,1,-3,1,0,0,0,0,1,3,0,0,-1,0,0,-2,0,0,0,0,-1,0,0,0,0,-0.703024,0,0,0.005209,1,0,0,0,0,0,0,1,0,0,0,1
0,0,0,0,1,0,0,-0.8,0,0,-1,1,0,0,0,0,-0.538462,0,0,1,0,2,0,0,1,0,-1,2,0,0,0,0,1.41442,4,0,-1,0,0,0,0,1.250776,0,0,-0.737771,0,1,2,0,0,0,0,1,0,0,1,0,0,0,0,0,0,0,0,0,0,1,1,1,0,0,0,1,0,0,0,0,0,-1,0,0,0,0,0,0,0,0,1,-0.730986,0,0,-0.714812,0,0,0,0,0,2,-1,1,0,0,0,1
0,0,6,0,0,0,0,-0.590813,0,0,0,0,3,0,0,2,0.419796,0,0,-1,0,0,-2,1,0,0,0,0,0,0,1,0,0.85177,1,0,0,0,0,0,0,1.859293,0,-1,-0.583011,-1,0,0,0,0,-1,-1,0,0,0,0,0,0,0,0,0,0,0,1,0,2,-1,0,0,1,0,0,0,-1,4,0,0,0,1,0,0,0,0,0,0,0,0,0,-0.571799,0,1,-0.502699,0,0,0,0,0,0,0,1,-2,-1,1,1
1,0,0,0,0,3,1,-0.649109,0,1,0,0,0,0,0,0,-0.790707,0,0,-1,0,0,2,0,0,1,0,0,1,0,0,0,0.81102,4,0,0,1,0,-2,0,1.792922,0,0,-0.589378,1,0,3,0,0,-2,0,0,0,1,0,0,0,0,0,0,0,0,2,0,0,0,0,0,0,0,0,-3,0,0,0,0,0,0,0,0,0,0,0,1,0,0,1,-0.654734,0,0,-0.620869,0,0,1,0,0,-1,0,0,0,0,1,1
1,2,3,0,0,1,0,-0.574421,0,0,0,0,0,1,0,1,-0.713872,0,0,0,-4,0,2,0,0,0,0,3,0,0,0,0,1.40374,2,0,0,0,0,0,0,1.352219,1,0,-0.502826,0,0,0,0,0,0,-1,1,0,0,2,0,0,0,0,0,0,0,0,0,1,0,0,0,4,0,0,0,0,0,0,0,0,0,-1,1,0,0,-2,0,0,0,0,-0.643799,0,0,-0.6,2,0,0,0,0,0,0,0,0,0,1,1
0,0,-1,0,0,0,0,-0.748795,0,0,0,0,0,0,-1,0,-0.617089,0,0,3,0,0,0,1,0,2,0,1,1,0,1,0,0.71597,5,0,0,0,0,2,0,1.17857,0,0,-0.541518,0,0,0,2,0,0,0,0,0,0,0,0,-1,0,-1,0,0,0,1,1,0,0,0,0,0,0,1,0,0,0,0,0,0,-1,0,1,0,0,0,0,0,0,1,-0.609036,0,1,-0.765585,0,0,-1,0,0,0,0,0,0,0,0,1
0,0,0,1,0,0,0,-0.794934,0,0,0,0,0,-2,0,0,-0.782316,0,0,0,0,0,0,0,0,0,0,0,0,0,-1,0,0.95196,6,0,0,0,0,0,0,1.731596,0,1,-0.533017,0,0,0,0,0,0,0,0,0,0,0,-1,-1,0,-2,0,0,0,3,0,0,4,0,0,0,0,0,-2,0,0,1,0,0,1,0,0,0,0,0,0,0,0,0,0.960808,0,0,-0.509421,1,1,1,0,0,3,0,-3,0,0,0,1
0,0,0,0,0,7,0,-0.863994,0,0,0,0,0,1,0,0,-0.62688,0,0,0,0,0,0,0,0,0,0,0,0,0,0,0,0.71272,2,0,1,0,-1,0,0,1.17857,0,0,-0.496388,3,1,-2,0,0,0,0,0,-3,0,0,0,0,0,1,0,0,0,-2,0,1,1,0,0,-1,1,0,0,0,0,-2,0,-1,0,-4,1,-1,0,0,-1,0,0,0,-0.65944,0,0,-0.675676,0,0,-1,0,0,1,1,1,1,0,0,1
0,-1,0,0,0,-1,0,0.297099,1,0,0,0,0,2,0,0,-0.6,0,-1,1,-1,0,3,0,0,0,-1,0,-1,0,1,0,1.27842,8,0,0,0,-1,0,-1,0.584906,0,0,-0.883241,0,-1,0,0,0,0,0,0,1,0,0,0,0,1,0,1,0,0,0,0,0,1,0,1,0,-1,0,1,0,0,0,0,1,-1,0,0,0,0,0,0,0,-1,0,-0.559648,-1,0,7.699515,0,0,0,0,1,0,0,0,0,3,0,1
0,0,0,0,-1,0,0,-0.692994,1,1,0,0,-1,0,0,0,-0.71107,-1,0,0,3,0,1,0,-1,0,0,0,4,0,0,0,0.7684,6,0,1,0,0,1,1,0.584906,0,0,-0.646328,0,0,0,0,-1,0,0,0,1,0,0,0,-1,1,2,2,0,1,0,0,0,1,0,0,0,0,0,1,0,0,0,0,0,-1,0,0,1,-2,0,-1,0,0,1,-0.654581,0,1,8.161628,0,1,0,0,0,0,0,0,1,0,0,1
0,0,1,0,1,0,2,-0.815385,1,0,1,0,-1,0,0,1,-0.808015,0,1,0,1,0,0,0,0,0,0,1,0,1,0,0,2.32286,0,2,0,0,0,0,1,0.320207,-1,0,-0.807283,0,0,1,0,0,0,-1,0,0,0,0,0,-1,0,1,0,0,1,2,0,0,0,0,0,-1,0,0,1,1,0,1,-1,1,1,0,0,0,-1,-1,-2,0,0,1,-0.464523,0,1,9.017972,0,1,-1,1,0,1,0,1,-1,0,0,1
0,0,0,0,0,-3,0,-0.774931,0,0,0,0,-2,0,0,0,-0.228407,0,0,0,-1,0,0,1,-1,-1,0,0,0,0,0,0,1.30317,0,0,0,0,-1,0,1,0.646764,0,0,-0.885357,0,0,0,0,0,0,0,0,0,0,0,0,-1,0,0,0,0,1,-1,0,0,1,0,0,-1,-1,0,0,1,-1,0,0,0,0,0,0,0,0,2,0,0,0,0,-0.637843,1,-1,-0.733213,0,0,2,-1,-2,0,0,1,0,0,1,1
0,-1,0,0,0,0,1,-0.577337,1,0,-1,0,0,1,2,0,-0.072278,0,0,0,0,0,0,0,-1,0,0,0,0,0,0,0,1.08503,4,0,0,1,0,1,0,0.477273,-1,0,-0.828859,0,1,-1,0,0,0,1,0,-1,-1,0,5,0,0,-1,0,0,0,0,1,0,1,0,0,0,0,-1,0,0,0,0,0,0,1,-2,1,0,0,0,1,-1,0,0,-0.689196,0,0,0.521458,0,0,3,2,0,-1,0,1,-2,2,1,1
0,0,-2,0,0,0,0,-0.607531,0,0,0,-2,1,0,-6,-1,0.23725,1,0,-1,-1,0,0,0,0,0,0,0,1,0,0,0,1.1901,12,0,0,0,0,1,0,0.177584,1,-1,-0.697351,0,1,0,0,4,0,0,0,0,0,0,0,0,0,0,-2,0,0,0,1,0,0,0,0,0,0,1,0,1,1,0,0,0,0,0,1,0,0,0,0,0,0,0,-0.738696,0,0,-0.25911,0,0,2,0,0,0,0,0,0,1,1,1
0,0,0,1,0,3,0,-0.385008,0,0,-2,0,0,0,0,0,-0.708904,0,0,1,-1,0,0,1,-4,0,0,0,0,0,0,0,1.32645,11,0,0,1,0,0,-1,0.922657,0,0,-0.755102,0,0,0,-1,2,1,0,0,0,2,0,0,0,0,0,0,-2,0,0,1,0,3,-1,0,0,0,2,0,0,0,0,1,0,0,-1,0,-1,0,0,2,-2,1,0,0.685265,0,0,-0.737327,0,0,0,0,0,-1,0,1,-1,0,0,1
0,0,-1,3,0,1,3,-0.550806,1,0,0,0,1,0,0,0,-0.722409,-1,-1,0,0,0,0,0,0,0,0,0,0,0,2,0,3.30891,3,0,0,0,0,0,0,1.036832,0,1,-0.853568,0,0,0,1,0,0,-1,0,0,1,0,0,0,0,0,1,0,0,-1,-1,0,0,0,0,-4,0,1,0,0,0,0,0,0,0,0,-4,0,0,0,1,0,-1,0,-0.478261,0,0,-0.700371,0,0,-1,0,0,0,1,0,0,0,0,1
0,0,0,3,0,0,1,-0.316422,0,0,0,0,0,0,0,0,-0.771143,0,1,0,0,1,0,0,0,0,0,0,0,0,0,0,1.54008,4,0,0,0,0,0,0,1.430262,3,0,-0.749116,0,0,0,0,0,0,0,0,0,0,0,0,1,0,-1,0,0,0,-1,0,0,1,-1,1,1,0,0,0,0,0,0,0,1,0,0,0,0,0,0,1,0,3,0,-0.304908,1,2,-0.254221,0,0,4,0,0,1,0,1,0,-1,0,1
0,0,0,0,0,0,-2,-0.623853,1,0,-1,0,0,0,0,1,-0.612903,0,-2,0,0,0,0,0,0,-1,0,0,0,0,0,0,1.19405,0,0,0,0,0,1,-1,0.942232,-5,0,-0.600873,0,0,0,0,0,0,0,0,-1,0,1,0,0,0,0,1,0,-1,0,-3,0,1,1,0,-1,0,0,0,0,0,0,0,0,0,0,0,0,0,0,-1,-1,0,0,-0.46798,0,0,-0.684754,0,0,-1,0,1,-1,0,-1,0,0,1,1
0,0,0,0,0,4,0,-0.634523,0,0,0,0,0,3,2,1,-0.61853,0,0,2,-1,0,1,0,1,0,-1,5,-2,0,0,0,0.94286,6,0,0,0,0,1,0,1.058595,0,1,-0.672571,0,0,0,0,0,1,0,0,1,0,1,2,0,1,0,-1,0,0,0,0,1,0,1,1,0,0,0,0,1,0,0,0,0,0,0,0,0,-1,0,-2,-1,3,0,-0.64463,0,0,-0.675676,0,0,0,0,1,-1,0,1,0,0,1,1
0,0,0,1,0,0,0,-0.549824,0,-1,0,0,0,0,0,0,-0.058425,0,-2,0,0,0,1,0,1,0,0,0,0,0,0,0,1.95546,5,0,0,0,0,0,0,0.902451,0,0,-0.514388,0,1,0,0,-1,0,0,0,0,0,1,1,0,-1,0,0,0,0,-1,1,1,0,1,-1,0,2,0,0,1,0,0,0,0,0,0,0,0,0,0,1,0,0,-1,0.638725,0,0,-0.851128,0,0,0,0,0,0,0,0,0,1,1,1
0,0,-4,0,0,0,0,-0.558277,4,0,0,0,0,0,0,-1,-0.640991,0,0,0,-1,1,0,0,0,0,0,0,0,0,1,0,0.57488,7,0,0,0,-1,0,0,1.381828,0,0,-0.781818,0,1,0,0,0,-1,0,0,0,2,0,0,0,1,1,1,-1,0,0,0,0,3,0,0,-1,0,1,0,0,2,0,0,0,0,0,0,0,1,0,3,0,2,0,-0.164572,0,0,-0.575719,2,0,0,0,-1,0,0,0,1,0,1,1
0,0,0,0,0,0,0,-0.617375,0,0,0,0,1,0,0,0,-0.034717,-2,0,0,0,0,0,0,0,0,-2,0,0,0,0,0,1.64925,9,0,0,0,0,0,0,0.584175,-1,0,-0.817286,0,-1,0,0,0,0,0,0,0,0,0,0,0,0,0,2,0,0,0,0,0,0,1,0,0,0,0,0,0,0,0,0,0,0,1,0,-1,0,0,0,0,-1,1,-0.25987,0,0,-0.690821,0,0,0,2,0,1,0,0,0,0,1,1
0,-1,-2,0,0,0,-1,-0.595457,0,0,0,0,-1,0,0,-1,-0.614383,0,0,-1,2,0,0,-1,-1,0,0,-1,0,0,0,0,1.1798,0,0,0,0,0,-1,-1,0.422062,0,-3,-0.870608,0,-2,0,1,0,0,0,0,0,0,0,0,0,0,1,0,0,0,0,0,0,1,0,0,-6,1,0,0,1,2,0,0,0,0,-1,0,0,0,0,0,0,0,0,-0.606025,0,0,-0.785561,0,0,-3,-1,0,1,0,-1,1,1,1,1
0,2,0,0,0,-3,0,-0.27076,1,0,0,0,0,0,0,0,-0.624605,0,0,-1,0,1,0,2,0,0,1,0,0,0,0,0,1.52928,3,0,0,0,1,0,0,1.752491,0,1,-0.66204,0,1,0,0,-4,-2,0,0,0,1,0,0,0,0,0,0,0,0,0,0,-2,-1,0,-2,4,1,0,0,2,-3,2,0,-1,2,1,1,0,1,1,0,0,1,0,0.147313,0,0,-0.637913,0,0,0,-1,0,1,0,0,0,0,1,1
0,-1,0,0,0,0,1,-0.416985,0,1,1,0,0,0,0,0,-0.54474,1,2,-5,0,0,0,0,0,-1,0,0,0,0,0,0,1.37796,6,0,0,1,1,-1,0,1.431363,0,0,-0.724086,3,1,0,0,-1,-1,0,0,0,0,0,-2,0,0,0,0,0,0,0,0,0,0,-1,0,0,1,0,0,-3,0,0,0,0,0,0,1,0,0,1,0,0,0,-2,-0.586207,0,0,-0.608275,0,0,3,0,0,0,2,0,2,-3,1,1
0,0,0,0,0,1,0,0.2407,0,-1,1,0,0,0,0,-1,-0.582097,0,0,0,0,0,0,0,0,0,-1,2,0,0,0,0,1.18915,2,0,0,1,0,-1,0,1.167527,2,0,-0.705726,0,0,0,0,0,0,0,0,0,0,0,0,0,0,1,0,-2,-1,0,0,-1,0,0,0,-1,1,0,-1,1,0,0,0,0,-3,-1,1,0,1,1,-1,-1,-2,-1,-0.762487,0,0,-0.619866,-1,0,2,0,0,0,0,0,0,-1,1,1
0,0,0,0,0,0,1,-0.656025,0,0,0,0,0,0,2,0,-0.275942,0,0,0,0,0,0,1,0,1,0,0,3,0,0,0,0.71429,3,0,0,0,0,0,0,0.552609,2,0,0.94595,1,1,0,0,3,1,0,2,2,1,0,0,-1,0,0,0,0,0,4,0,1,-2,0,0,0,-1,1,0,1,0,0,0,0,0,-1,0,0,0,0,0,0,1,0,4.271877,0,0,-0.7124,0,0,2,0,0,0,-2,0,2,0,0,1
0,0,-1,0,0,3,-2,-0.642384,0,0,0,0,0,2,-2,0,-0.554253,0,1,1,0,0,0,0,0,1,0,0,0,0,-2,0,0.71429,3,-1,0,-3,0,0,0,2.468889,0,0,-0.765827,0,1,0,0,0,0,0,0,0,-6,0,0,-1,0,0,0,0,0,0,1,1,2,0,0,0,0,0,0,1,0,0,0,0,0,0,2,0,2,0,0,0,0,0,-0.759586,0,0,-0.701299,0,0,0,1,0,0,0,0,0,1,0,1
0,0,0,0,-1,0,1,-0.700366,0,-1,0,0,0,0,0,0,-0.52,0,0,0,0,0,0,0,1,0,0,0,-3,0,0,0,0.71429,5,0,0,2,0,0,0,2.159822,-1,0,-0.52,0,0,1,0,0,0,0,0,0,0,-2,0,0,-3,0,0,0,0,0,2,0,1,0,-2,0,0,0,0,0,-1,-1,0,0,0,0,0,2,0,0,0,0,0,-1,-0.060773,0,0,-0.660147,0,0,0,0,2,1,1,0,0,0,0,1
-1,0,0,0,0,0,0,-0.753733,0,0,0,-1,0,0,0,0,-0.55183,0,-1,0,0,0,2,0,0,0,0,0,0,0,0,0,0.91429,10,0,0,0,0,0,0,1.246658,0,-1,-0.255266,-1,1,0,0,0,0,0,0,0,0,0,0,0,0,0,2,0,0,0,0,0,0,0,-2,0,0,0,0,0,0,0,0,0,0,0,0,0,5,0,4,0,1,0,-0.25781,0,0,-0.710653,0,0,0,0,0,0,0,-1,0,0,1,1
0,0,0,0,1,0,1,-0.733333,0,0,0,0,0,1,5,0,-0.789926,0,0,0,0,0,0,0,-1,0,0,0,0,-1,-1,0,2.55309,4,0,2,0,-1,0,0,1.830773,-2,0,-0.337648,0,0,0,1,0,0,0,0,0,0,1,0,0,0,0,0,0,0,0,1,0,0,1,0,0,0,0,0,0,0,0,0,0,0,0,0,0,0,0,0,0,1,0,-0.704704,-1,0,-0.673938,2,0,0,-1,0,1,0,0,2,0,1,1
0,-1,0,0,1,3,-2,-0.841394,0,1,0,-1,1,0,0,0,-0.6,0,-2,0,0,0,0,0,-1,-2,0,0,0,5,0,0,0.95996,9,0,0,1,0,0,0,3.474678,0,0,-0.521148,0,0,0,0,1,0,0,0,0,0,0,0,0,0,0,0,0,0,0,0,1,0,-3,-4,0,0,0,1,1,-1,0,0,0,0,0,0,0,0,0,2,0,1,0,-0.75871,0,0,-0.730467,0,0,0,0,0,0,-1,1,0,0,1,1
0,0,0,1,0,0,0,-0.6,0,1,0,0,0,0,0,0,-0.707317,0,0,0,0,-2,0,-2,0,0,0,0,-1,0,0,-1,0.89636,2,0,0,0,1,0,0,2.166451,1,0,-0.611999,1,0,0,1,0,-1,1,0,1,0,0,0,1,-1,0,0,-1,0,0,1,0,0,0,-1,3,0,0,0,1,1,0,-1,1,0,0,0,0,0,0,0,0,-2,0,-0.412428,-1,0,8.44681,0,0,0,0,0,0,0,-1,2,0,0,1
0,0,0,0,-1,1,0,-0.6,1,0,0,0,-1,0,0,0,-0.629933,0,0,0,0,0,0,0,0,0,0,0,0,0,0,-2,0.56236,14,0,0,0,0,-1,0,1.604658,-4,0,-0.64087,1,0,0,0,0,0,0,0,0,1,1,0,0,0,1,0,-1,-1,0,1,0,0,0,0,3,1,0,0,0,-2,0,0,0,0,0,0,0,0,0,-2,0,0,-1,-0.656314,0,0,9.189212,0,0,0,0,0,0,0,3,1,0,0,1
0,-1,0,1,0,0,0,0.135457,1,0,0,0,0,0,0,2,0.040694,0,0,0,1,0,0,5,0,2,1,0,0,0,0,0,1.11327,4,-1,0,0,0,0,0,1.054925,0,0,-0.618547,1,0,0,0,0,0,0,0,0,0,0,0,1,0,0,0,0,0,0,1,0,0,0,0,0,2,-1,0,1,1,0,0,1,0,0,1,-1,0,0,-2,0,-1,0,-0.707279,0,0,8.542741,0,0,0,0,0,-1,0,1,0,0,0,1
0,0,0,1,0,0,-1,-0.662337,-1,0,0,0,0,-1,0,0,-0.754288,0,0,0,0,-1,0,0,0,0,0,0,0,5,1,0,1.05763,8,0,0,2,1,0,0,2.074342,0,0,4.605504,3,0,0,0,-3,0,0,-1,0,0,0,-1,0,0,0,3,0,0,-1,0,-3,-2,0,0,0,0,0,0,0,0,0,0,0,0,0,0,0,2,0,0,0,0,0,8.55932,0,0,-0.465868,2,0,0,0,0,0,0,0,0,0,1,1
0,0,-1,0,0,3,-1,-0.723577,0,0,0,0,0,0,1,0,-0.084983,1,0,0,0,0,0,0,0,1,0,3,-2,0,0,0,2.69935,19,0,0,0,1,0,1,1.715011,0,0,-0.832116,2,0,0,1,0,0,0,0,0,2,-1,-1,0,0,2,0,0,0,0,0,0,-1,0,1,0,1,0,1,0,0,0,0,0,3,0,0,1,0,0,0,0,1,0,6.706352,0,0,-0.707317,2,0,0,0,0,1,0,0,1,-3,1,1
0,0,0,0,0,1,0,-0.735281,1,1,0,0,0,0,0,0,-0.82196,1,0,0,-1,0,1,0,0,1,0,0,1,0,0,0,0.57827,5,-1,0,0,1,0,0,3.336792,1,0,-0.704222,1,0,0,-3,0,0,0,0,0,1,2,0,3,-1,0,1,0,0,0,0,1,1,0,-1,-2,1,1,1,0,1,3,0,-2,1,0,0,1,1,0,0,0,2,0,8.911655,0,0,-0.725502,0,0,1,0,-1,0,1,0,1,0,1,1
0,0,0,1,0,3,0,-0.313388,0,1,-1,1,0,0,0,0,-0.450648,0,0,1,0,0,0,0,0,1,0,0,0,0,-3,1,1.65714,3,0,2,0,0,0,-1,3.921147,0,0,-0.768861,2,0,0,1,1,0,0,0,0,0,0,1,0,2,0,1,1,0,0,1,0,-1,1,0,0,0,0,0,0,0,0,0,0,0,0,0,0,-1,0,0,0,0,0,-0.435816,0,0,-0.473697,2,0,0,1,0,1,-2,1,-1,0,1,1
1,-2,0,0,0,0,0,-0.376915,1,0,1,0,0,1,3,0,-0.735594,0,-1,4,0,0,1,0,0,0,0,0,0,0,0,0,0.54236,1,0,0,-1,0,3,0,3.584885,3,0,-0.743861,2,0,0,0,1,0,-1,0,-1,0,0,0,0,0,1,0,1,-1,0,0,1,0,-1,-2,0,0,1,0,0,0,0,1,0,0,0,0,1,0,0,0,1,1,0,-0.231807,0,0,-0.482548,0,0,0,1,0,0,-1,0,0,0,1,1
0,0,-2,1,0,0,0,-0.705964,-1,0,0,0,0,2,0,0,-0.392235,0,0,0,0,0,0,0,0,0,0,0,0,0,0,0,2.63201,18,0,-2,-1,0,0,0,1.070255,-1,0,-0.793103,0,0,0,0,0,-2,3,0,0,0,0,0,2,0,-1,0,0,0,-2,1,1,0,0,0,2,0,1,0,0,0,0,0,0,0,0,0,-1,0,2,0,0,-1,0,0.080988,0,0,-0.192617,0,0,0,0,-1,0,0,0,0,0,1,1
0,2,0,1,-1,1,0,-0.440773,0,0,0,0,0,0,1,0,-0.768627,0,0,0,0,0,0,0,1,0,0,0,0,0,0,0,1.66616,5,0,0,0,0,0,1,0.872024,0,0,-0.690822,0,0,0,0,0,-1,0,0,0,-1,3,0,0,0,0,2,0,1,0,-1,-1,0,0,0,0,0,0,-2,0,0,-1,0,0,1,0,0,1,0,0,0,0,1,0,-0.726627,0,0,-0.819388,0,0,-1,2,-3,0,0,0,0,0,1,1
0,5,1,0,0,0,0,-0.392,0,0,0,0,0,-2,0,0,-0.7,0,0,0,0,0,0,0,0,0,0,1,2,0,0,0,1.7608,11,0,-1,-1,0,0,0,1.959214,0,0,-0.84515,0,0,0,0,1,0,0,0,2,0,0,1,0,0,0,0,0,0,0,1,0,1,0,1,0,0,0,1,-1,0,0,0,0,1,1,0,0,0,0,2,0,3,0,-0.738388,0,0,-0.806452,0,0,0,0,0,0,0,0,-1,0,1,1
1,0,0,0,0,0,2,-0.362275,0,0,-1,0,1,0,1,0,-0.7,0,0,0,0,0,0,0,0,0,0,0,0,0,0,0,2.38792,11,0,0,0,0,0,0,0.504096,0,0,-0.790463,0,0,0,0,1,-1,0,0,0,2,1,0,0,0,3,6,0,0,-1,0,-2,0,0,0,0,0,0,0,0,0,0,0,0,1,0,0,1,0,0,0,0,0,0,-0.656618,0,0,-0.418766,0,0,0,0,-1,0,0,-1,0,0,1,1
0,0,1,1,0,0,-1,-0.721039,0,0,0,0,0,0,0,0,0.714286,-1,0,0,1,0,0,1,1,0,0,0,0,0,1,0,1.18831,-7,0,0,0,1,0,0,1.446994,0,0,-0.717016,0,-1,0,0,1,0,-1,0,0,0,0,0,0,1,3,2,0,0,0,0,0,0,0,-3,0,0,-1,1,-2,0,-2,0,1,0,0,0,0,0,0,0,0,0,-1,-0.164151,0,0,-0.218421,2,0,0,0,0,0,0,1,0,0,0,1
0,-1,0,0,0,0,0,-0.652227,0,0,0,0,0,0,0,0,2.297653,0,0,1,0,0,0,1,1,0,0,0,0,0,1,-1,1.20615,7,-1,0,0,-1,0,0,1.193948,2,0,-0.695881,0,-2,0,0,0,-2,-4,0,0,-1,0,0,0,1,0,-2,0,0,2,0,1,1,1,0,0,0,1,0,0,0,0,1,2,1,0,0,0,0,0,-1,1,0,1,-0.564773,0,3,0.67479,0,0,0,0,0,0,0,0,0,0,0,1
0,0,0,0,-1,0,0,-0.450468,0,0,0,0,1,0,0,0,9.497993,0,0,1,2,-1,0,1,1,0,0,0,0,0,0,0,1.50732,6,0,0,0,0,0,0,1.34211,0,0,-0.537198,0,0,-1,0,0,0,0,0,0,0,0,0,0,1,0,0,0,0,0,0,1,0,1,-1,0,0,0,-1,4,2,4,0,0,0,0,0,0,0,-1,0,0,-1,3,-0.102378,0,0,8.196336,0,0,2,-1,0,2,2,0,0,0,0,1
0,0,0,1,0,1,0,0.373354,0,0,0,0,5,0,0,0,-0.823061,0,1,1,0,0,0,0,0,0,0,0,2,0,0,0,3.51346,15,2,0,0,2,0,0,2.520041,0,0,-0.666667,1,0,0,0,0,0,0,0,0,1,0,0,0,0,-2,0,0,0,-2,0,-1,0,0,0,3,0,0,0,0,0,0,0,0,0,0,0,0,0,-1,-2,0,0,0,0.181341,0,0,-0.689345,0,0,0,0,0,0,1,0,1,1,1,1
0,1,2,0,0,0,1,-0.368421,2,0,0,-1,1,0,-1,-1,-0.322393,-1,1,1,0,-1,0,0,0,0,0,0,0,0,1,0,1.02857,15,0,0,0,0,0,2,2.835133,0,0,-0.706847,0,-1,0,0,0,0,0,-1,0,0,-1,0,0,0,0,0,0,0,0,-1,0,0,0,0,1,0,1,0,-1,0,0,1,0,0,0,0,-2,0,0,0,0,0,0,-0.587574,0,0,-0.560286,1,0,0,0,0,0,0,-1,0,1,1,1
0,1,1,-1,0,0,1,-0.368421,0,1,0,0,0,-1,0,0,-0.31665,-1,0,0,0,1,0,-1,0,0,2,0,0,1,1,0,1.02857,13,2,0,1,1,1,2,2.491287,0,0,-0.736924,2,0,0,0,0,0,1,0,0,0,0,0,0,0,3,0,0,0,0,-1,0,1,0,0,0,0,0,0,0,0,0,0,0,0,0,0,0,0,0,0,0,1,0,-0.237624,1,0,-0.57541,0,0,3,0,0,0,0,1,0,1,1,1
0,0,0,0,1,0,0,-0.688635,0,0,2,0,0,0,0,0,-0.269152,0,0,1,0,0,0,0,0,0,0,0,1,0,2,0,1.17259,4,0,0,0,-1,1,0,1.30556,0,0,-0.579785,0,2,0,0,0,0,0,1,-1,0,1,0,0,0,0,-1,0,0,1,-1,2,0,1,0,0,-1,2,0,0,0,1,0,0,-1,0,1,0,1,0,0,1,-1,0,-0.528479,-1,0,-0.536783,0,1,0,0,1,0,0,1,0,1,0,1
0,-1,0,0,0,-1,0,-0.344644,0,0,1,-1,0,-1,-1,0,-0.657143,0,0,0,0,0,-1,-1,0,0,0,0,0,0,1,0,1.12853,6,0,0,0,0,1,0,1.527255,0,0,-0.230067,0,0,1,0,1,0,0,0,0,0,0,0,0,0,0,0,0,1,0,0,0,-1,-2,0,0,0,0,-1,0,1,0,0,0,-2,0,0,1,1,1,3,0,-1,0,-0.604965,0,0,-0.085293,0,1,0,-1,1,1,0,0,0,0,0,1
0,0,0,0,0,0,0,-0.79661,0,0,0,0,0,0,2,3,-0.657143,0,0,0,1,0,0,-2,0,0,0,-3,0,1,1,0,1.23838,1,0,1,0,-1,1,0,1.598744,-1,0,2.341053,0,0,0,-1,0,0,0,0,0,1,0,0,1,0,0,0,0,0,0,0,0,-1,0,0,0,0,0,0,-1,-1,-2,1,0,0,0,1,0,1,0,0,0,-1,0,-0.559744,0,0,0.353318,2,0,-1,0,1,0,0,1,1,3,0,1
0,0,0,0,0,-1,0,0.002871,0,0,0,0,-1,0,0,0,-0.669038,0,0,0,0,0,0,0,2,1,3,0,3,0,0,0,1.57862,2,0,0,0,-1,0,1,0.969619,0,-1,-0.697214,0,1,0,0,0,0,1,0,0,1,0,0,0,1,0,1,0,1,0,0,0,3,0,0,2,1,0,0,0,0,0,0,0,-1,0,0,0,0,0,0,0,-1,0,-0.015828,0,0,-0.612903,2,0,0,0,0,0,0,2,1,0,1,1
0,1,0,1,-1,-1,-1,-0.742333,0,0,0,0,0,0,0,1,-0.690618,0,0,0,0,1,0,0,0,-1,1,0,2,0,0,0,1.52586,11,0,-1,0,0,0,0,2.39697,0,-1,-0.835747,0,0,0,0,0,0,1,0,0,1,0,0,0,0,0,0,0,0,0,0,0,1,0,0,2,0,0,0,0,0,0,0,0,0,0,1,-1,0,0,0,0,0,-1,-0.738532,0,0,-0.584176,0,0,0,0,-1,0,0,0,0,1,1,1
0,1,0,0,0,0,-1,-0.653059,0,0,0,0,0,0,-2,0,-0.638668,0,0,0,0,0,0,0,0,0,-1,0,0,0,0,-1,1.17897,4,0,0,1,0,-1,2,0.75913,0,0,-0.708993,1,0,0,0,0,0,2,-2,0,0,0,1,2,0,0,0,0,0,0,-1,0,1,0,2,0,1,1,0,2,0,0,0,0,0,0,0,0,-2,0,0,0,0,0,-0.312753,0,0,-0.579656,2,0,0,0,0,0,0,0,0,0,1,1
0,0,-2,0,0,0,-1,-0.573758,0,0,1,0,0,0,2,0,-0.886552,1,0,0,-3,0,0,0,0,0,0,0,0,0,0,0,0.7958,9,0,0,0,0,1,0,1.682111,0,2,-0.518469,0,0,0,0,0,0,0,0,0,0,0,0,0,0,0,1,0,0,0,0,0,-3,0,0,0,0,1,0,1,0,-2,0,0,0,0,0,-2,1,0,0,0,0,0,2.27273,0,0,-0.353079,-1,0,0,1,0,0,0,0,0,-1,1,1
0,0,2,0,1,0,0,-0.541166,0,0,-2,0,0,1,0,0,-0.700391,0,0,1,1,0,0,0,-1,0,0,2,3,0,0,-1,0.73117,1,0,0,-1,-1,2,0,1.57688,0,-1,-0.623919,0,1,0,2,1,-1,0,0,0,1,0,0,0,0,0,0,0,0,0,1,0,0,0,0,2,0,1,0,0,2,-1,0,0,-1,0,0,0,1,0,0,0,0,0,2.27273,0,0,1.787303,0,0,2,0,0,0,0,0,-1,1,1,1
0,-2,1,-1,1,-2,0,-0.778803,0,0,0,-1,0,0,0,0,-0.692315,0,0,0,0,-1,-1,3,0,0,0,0,3,0,1,0,1.43461,6,0,1,1,0,1,0,1.199437,0,-3,-0.629834,0,1,0,0,0,0,0,0,0,-3,0,0,0,0,1,0,0,0,0,1,1,0,1,0,0,0,1,-1,0,0,0,0,0,0,0,0,-1,0,0,0,0,1,0,2.27273,0,-1,0.188097,0,0,0,0,0,0,0,0,0,2,1,1
0,0,4,-2,0,0,0,-0.790172,-1,-1,0,0,0,0,1,0,-0.820896,0,0,0,0,-1,0,2,-2,1,0,0,2,0,1,0,1.60626,7,0,0,1,0,1,0,0.809351,0,1,-0.612903,-2,0,0,0,0,1,0,0,0,-1,0,-2,0,1,-1,0,0,0,0,0,0,5,0,-3,4,0,0,-1,0,0,0,0,0,0,0,0,0,0,0,0,0,1,0,-0.72093,0,0,-0.625,0,0,0,1,0,0,0,0,0,0,1,1
0,0,1,0,0,0,0,-0.701207,0,0,-1,0,0,0,0,0,-0.820896,0,0,-2,1,0,0,0,0,1,0,0,0,1,0,0,2.61085,12,0,0,1,0,1,-1,1.005673,0,0,0.805425,1,0,0,0,0,0,0,0,0,0,0,0,0,1,0,0,0,1,0,0,0,1,0,1,4,0,0,0,0,2,0,-1,0,0,0,0,0,0,1,0,-1,2,2,-0.72093,0,0,-0.607615,3,0,2,0,1,-1,0,0,1,-1,1,1
0,0,0,2,-1,0,0,-0.735901,0,-1,0,-2,1,0,0,0,-0.866791,0,0,0,0,0,0,0,0,1,0,0,0,0,0,0,0.88571,3,0,0,1,0,0,0,0.903226,0,1,-0.483567,0,-1,0,0,0,0,-2,0,1,0,-1,0,1,0,-8,0,0,-1,-3,0,0,0,0,0,0,-1,1,0,0,0,0,0,0,-1,0,-1,0,0,0,2,0,-1,0,-0.58445,0,0,-0.624843,2,0,5,0,0,0,0,0,-5,0,1,1
-1,1,3,1,-1,0,0,-0.685049,0,0,-1,0,0,0,-1,0,-0.555556,0,0,0,1,0,0,-1,0,0,0,0,3,1,1,0,2.33964,3,0,1,0,0,1,0,0.52034,0,0,-0.789474,0,0,0,0,0,0,-1,0,0,0,2,0,0,3,2,-1,0,0,0,-2,0,0,1,0,1,0,1,2,0,0,0,-1,0,0,0,-1,0,0,0,1,0,0,0,-0.685372,0,0,-0.70582,0,0,0,0,0,0,0,0,0,1,1,1
1,0,0,0,0,0,0,-0.692308,1,1,1,0,0,0,0,1,-0.759282,0,0,0,0,-2,-1,0,0,0,0,0,0,-1,0,0,1.60583,1,0,-1,0,1,0,1,0.529993,4,0,-0.884624,2,0,0,0,1,2,0,0,0,0,-3,0,0,0,0,1,0,1,0,1,1,0,0,1,0,0,0,1,0,0,0,0,0,2,1,0,0,1,0,1,0,-3,1,-0.650691,0,0,-0.329841,0,0,3,0,0,0,1,0,0,0,1,1
0,0,0,1,0,0,0,-0.533464,1,0,0,0,0,0,0,2,-0.57977,0,0,1,0,0,0,-1,-1,0,1,0,0,0,0,-1,1.22758,2,2,0,0,1,0,0,0.454104,0,2,-0.789474,6,0,0,0,0,0,0,0,0,0,0,0,0,0,2,0,0,0,-1,1,0,0,0,0,-1,-2,1,0,1,0,1,0,0,0,1,0,-1,0,0,1,0,1,0,-0.836178,0,0,-0.251425,0,0,2,0,0,-1,0,-1,-1,1,1,1
0,0,3,0,0,-1,0,-0.534626,0,1,0,0,0,0,0,0,-0.368421,0,0,0,0,0,0,0,-1,-4,0,0,0,0,0,0,1.73627,2,0,0,0,0,0,0,1.593515,0,0,5.738081,0,0,0,0,0,0,0,0,0,1,0,0,0,1,0,1,0,0,0,-2,1,0,0,0,0,0,1,0,0,0,0,0,0,0,0,0,0,0,0,-1,0,1,0,-0.886759,0,0,-0.579923,0,-1,0,0,0,0,0,0,-1,0,1,1
0,0,0,0,0,0,0,-0.823812,0,1,0,0,0,0,0,0,-0.225833,0,0,0,0,0,0,0,0,0,0,0,0,0,-2,0,1.40807,1,1,0,0,0,0,0,0.757992,-1,0,6.877901,-1,0,0,0,0,0,-1,0,0,1,0,0,-2,0,-1,-1,0,0,0,0,1,0,1,0,0,0,1,2,-2,-1,0,2,1,0,0,0,0,0,0,0,0,0,0,-0.798739,0,-2,-0.640709,0,0,3,0,1,0,0,-2,0,0,1,1
1,0,0,0,2,0,0,-0.649836,0,-1,1,0,-1,1,0,0,-0.368421,0,0,0,0,0,0,0,0,0,2,0,0,0,0,0,1.68125,1,0,0,0,0,0,0,0.751689,-1,0,8.47368,0,0,0,0,0,2,0,0,0,1,0,0,2,0,0,0,0,0,0,-1,1,0,1,0,0,0,1,0,-3,3,0,0,-1,0,1,0,0,0,0,0,-1,1,0,-0.707849,1,0,-0.506785,0,0,2,1,1,-2,1,0,-1,0,1,1
0,0,1,0,0,0,0,-0.727126,0,0,-2,1,0,-1,0,1,-0.639727,-1,0,0,0,0,0,0,0,0,0,0,0,0,0,0,0.51429,5,-1,0,0,-1,1,0,0.979116,0,0,-0.122985,0,0,-1,1,0,0,1,0,0,0,1,0,0,0,1,-1,0,0,0,0,0,-2,-1,0,2,0,0,0,-4,0,0,0,0,0,0,0,0,0,1,0,1,0,0,-0.460148,1,0,-0.337246,0,0,-1,0,0,0,0,0,1,1,0,1
0,0,0,1,0,0,1,-0.631675,0,0,1,1,0,0,0,1,-0.657143,0,-3,0,0,0,0,0,-1,0,0,-1,0,0,0,0,2.07719,5,0,0,1,0,1,0,1.121385,0,0,-0.409463,0,0,0,-1,0,0,0,0,0,0,1,1,0,0,0,0,0,0,-3,0,0,0,2,0,0,0,1,0,-1,0,0,0,0,0,0,1,0,-2,0,0,1,2,0,-0.70119,0,1,-0.380574,3,0,-2,0,0,0,0,0,1,0,0,1
0,0,3,-1,0,0,0,-0.729126,3,0,1,0,1,0,0,1,-0.574894,0,0,0,1,0,0,0,-1,0,0,0,0,0,0,2,0.51429,8,0,-1,1,1,1,0,2.40929,0,0,-0.780625,0,-1,3,0,0,0,0,-1,0,0,0,0,0,0,-1,1,1,0,-1,0,0,-3,0,0,-2,0,0,0,0,0,0,0,0,2,-1,0,0,-2,0,0,1,0,0,-0.586207,0,1,-0.445002,0,0,0,0,0,0,0,0,0,0,0,1
0,4,0,0,0,0,2,-0.44011,0,0,-1,0,3,0,-1,0,-0.744665,1,0,-1,3,0,1,0,0,-1,0,2,0,0,0,0,0.55072,2,0,0,0,1,-1,0,0.84,0,-1,-0.578877,1,0,0,0,1,0,0,-2,0,0,-1,0,1,0,-1,0,0,0,0,1,1,2,0,0,0,0,0,0,0,0,0,0,0,0,0,0,0,0,0,1,0,0,0,-0.740979,0,0,-0.908496,0,0,0,0,1,0,0,0,0,0,1,1
0,0,0,0,0,0,-2,-0.571429,0,0,0,0,0,0,1,0,-0.897993,1,0,1,0,2,0,0,0,0,0,0,0,4,3,0,1.78151,2,0,0,0,0,0,0,0.623448,0,0,-0.76,1,-1,0,0,0,0,1,-2,0,0,2,0,1,0,1,-1,0,0,0,0,0,0,0,1,0,0,0,0,0,-2,0,0,0,0,-1,0,0,0,0,1,1,1,0,-0.570325,-1,0,0.212511,0,-1,2,0,1,0,1,0,0,1,1,1
0,1,0,0,0,0,0,-0.45541,1,0,0,0,0,0,0,0,-0.899736,0,0,0,1,0,0,0,0,-1,0,0,0,0,0,0,0.51289,0,3,0,0,0,0,0,0.84,0,0,-0.44558,1,1,0,0,0,0,0,0,0,0,0,0,0,0,-1,-1,-1,0,0,0,-1,0,0,-1,0,0,0,0,0,0,0,0,0,1,0,0,0,0,1,0,0,0,0,-0.553914,0,0,-0.389925,0,0,0,-1,1,0,0,0,0,0,1,1
0,-2,0,0,-1,0,1,-0.688621,0,0,-1,0,1,0,0,0,-0.6,0,-1,0,0,0,0,0,-1,-1,0,0,0,-1,1,0,0.82857,20,0,0,0,1,1,0,1.512552,0,0,-0.402244,0,0,0,0,1,-1,1,0,0,0,0,0,0,0,0,0,1,0,0,0,0,0,0,0,1,0,0,0,-1,-1,0,0,0,0,0,0,-1,-1,0,-1,0,0,-1,-0.73913,0,1,-0.714286,3,0,-1,0,0,0,1,0,0,0,0,1
0,0,0,0,0,1,0,-0.73913,1,0,0,0,1,0,0,0,-0.650571,1,0,0,0,0,0,0,0,1,0,-4,0,0,1,0,0.82857,2,0,0,0,0,-1,0,0.582089,-2,-1,-0.586207,-1,0,-1,1,0,2,1,0,0,3,0,1,0,0,1,-1,0,0,0,-1,-1,0,0,0,0,0,0,0,0,0,0,-1,0,0,0,0,0,0,0,0,0,0,-3,-0.692274,0,0,-0.719355,0,-1,1,0,0,0,0,0,0,0,0,1
0,0,-1,0,0,0,0,-0.75169,1,-2,0,-1,0,0,0,-1,-0.732972,0,0,0,0,0,-2,0,0,0,0,1,0,0,1,0,0.94039,2,0,0,1,0,0,2,1.41379,-3,0,-0.193321,0,2,0,0,0,0,1,0,0,0,0,0,0,0,-1,6,-1,0,0,-1,0,0,3,0,0,-1,0,-1,0,0,0,1,0,0,0,0,0,-1,0,-1,0,1,0,-0.73913,0,0,-0.296483,0,0,0,0,0,0,0,0,0,1,0,1
0,0,0,1,0,0,0,-0.20898,0,0,0,0,0,0,0,0,-0.59376,1,0,0,0,1,0,0,1,1,-1,0,0,-1,2,1,1.22857,5,0,0,1,1,0,0,0.556695,0,0,-0.432423,-1,0,0,0,0,0,0,0,0,1,0,1,1,0,0,1,0,0,-1,1,0,0,0,2,0,0,0,1,0,1,0,0,0,0,0,-2,0,0,0,1,1,0,1,-0.485045,0,0,-0.580352,-3,0,-1,0,0,0,0,0,2,0,0,1
1,0,1,0,0,-1,1,-0.586207,0,0,0,-1,0,0,0,0,-0.750022,0,0,0,0,0,0,0,0,0,0,0,-1,0,0,0,1.4411,3,0,0,-1,0,2,0,0.708504,0,0,-0.792828,0,0,0,0,0,0,0,0,0,0,0,0,1,1,1,0,-1,0,0,0,-1,1,0,0,0,0,0,0,0,0,0,0,1,5,1,0,-1,0,0,0,0,-1,0,-0.586536,0,0,-0.721097,0,0,0,1,0,1,-1,0,1,0,0,1
0,0,1,1,0,0,0,-0.586207,0,0,0,0,0,0,0,0,0.12844,0,0,1,1,1,1,0,0,1,0,-2,-2,0,0,-1,0.72129,2,0,0,0,0,-3,0,0.579992,0,0,-0.351398,0,1,0,0,0,0,0,0,0,0,0,0,0,0,1,1,0,0,0,0,0,3,0,2,0,0,0,0,1,0,3,0,1,-2,1,0,0,0,0,1,0,0,-2,-0.645224,0,0,-0.710707,0,1,0,0,0,0,-1,0,1,0,0,1
0,0,0,0,0,0,0,-0.721378,0,0,0,0,0,0,0,3,-0.764706,0,0,1,0,0,0,0,-2,1,-1,0,4,0,0,1,1.24457,12,0,1,0,0,0,0,0.80597,-1,-1,-0.903021,1,0,0,-1,0,0,0,0,0,0,0,0,0,0,0,-1,0,1,-1,-2,0,0,0,0,1,1,3,0,1,-1,0,0,2,0,0,0,0,-1,0,0,0,0,1,-0.675798,0,0,-0.402021,2,0,0,-5,0,0,0,1,-1,1,1,1
0,0,0,0,0,0,0,-0.729143,1,0,0,0,0,0,0,0,-0.762752,0,0,0,2,-1,0,0,0,1,0,0,0,0,0,0,1.54796,0,0,0,0,0,0,0,0.344682,5,0,-0.622156,0,0,0,0,1,1,0,0,0,0,0,0,0,1,-1,-1,0,-1,0,2,0,0,0,1,0,1,0,0,0,0,-1,0,-2,0,-2,0,0,1,1,0,0,1,0,-0.464869,0,0,-0.672635,0,0,0,-1,0,1,1,0,0,0,1,1
0,0,0,0,0,3,0,-0.697806,1,0,0,0,1,0,0,0,-0.762112,0,0,1,0,0,0,0,0,0,1,3,2,0,0,0,1.91429,3,0,0,1,0,0,0,0.782988,0,0,-0.73637,0,0,0,0,0,0,0,0,0,0,1,0,0,1,0,0,0,0,0,0,0,0,0,-3,0,0,0,0,1,0,0,0,-1,2,0,2,0,0,1,0,0,0,0,-0.743075,0,0,-0.662594,0,0,0,0,3,0,0,0,0,0,1,1
0,0,3,1,0,0,0,-0.806944,0,0,0,0,2,-1,0,0,-0.362022,0,0,0,0,0,0,0,1,0,0,0,1,4,6,0,1.17022,4,0,1,0,-1,0,0,0.290277,-1,0,-0.801099,0,1,0,0,0,0,-1,0,0,0,0,0,2,0,0,0,0,0,0,1,1,1,0,0,-1,0,1,0,0,0,0,0,0,0,0,0,1,0,0,0,0,0,-1,-0.588055,0,1,-0.692308,0,0,2,0,0,0,0,0,0,0,0,1
0,-3,0,-2,1,0,0,-0.373346,1,0,0,0,0,0,0,0,-0.632258,-1,3,0,0,0,0,1,1,0,0,0,0,1,0,0,0.67607,0,0,0,0,0,0,0,0.34,2,0,0.041858,0,1,0,0,0,1,1,-1,0,-3,2,0,0,0,1,0,0,0,1,1,2,1,0,2,1,0,1,0,0,-3,0,0,0,0,0,0,0,-1,0,0,0,0,1,-0.81208,0,0,-0.819744,0,0,0,0,0,0,0,0,0,1,0,1
0,2,-1,-1,0,-1,0,0.352587,0,0,0,0,-1,0,-1,0,-0.724152,0,0,0,0,0,0,0,1,0,0,3,0,1,0,1,2.42642,1,0,0,0,0,0,0,0.34,0,0,-0.870977,0,1,0,0,0,0,0,2,0,1,2,0,-2,0,0,0,0,0,0,0,0,1,0,3,1,0,0,-1,0,0,-1,0,0,0,0,0,0,0,0,1,0,0,0,-0.72093,-1,0,-0.670486,0,1,0,0,0,0,0,0,-1,0,0,1
0,1,0,1,0,2,1,-0.727273,0,0,0,1,0,0,0,0,-0.707311,0,0,0,0,0,0,0,0,1,0,0,0,0,0,1,2.55251,8,0,1,0,-4,1,0,1.503609,0,0,-0.912653,-1,0,0,0,-1,0,0,0,0,0,0,2,-1,0,0,0,0,-1,0,2,0,0,1,0,0,0,-1,0,0,0,0,0,0,0,0,0,0,0,0,0,0,0,0,-0.853745,1,1,-0.574519,0,0,2,0,0,0,0,0,1,0,0,1
1,1,0,1,1,2,1,0.389147,0,0,0,0,1,-3,0,0,-0.606515,0,2,0,1,0,0,0,-2,0,0,0,0,0,0,0,1.79303,12,0,1,0,0,-1,0,1.57143,2,0,-0.811043,0,1,0,0,0,0,0,0,0,0,1,1,1,0,0,0,0,0,0,0,0,0,1,0,0,0,0,0,0,-2,0,0,0,0,0,-1,0,0,0,2,0,0,0,-0.773585,0,0,2.341079,0,0,0,1,0,0,-1,0,2,0,0,1
0,1,1,0,0,0,1,-0.578672,0,0,0,1,0,-1,0,-2,-0.548609,0,-1,0,1,0,0,0,0,0,0,0,0,0,0,0,1.02141,0,0,0,0,0,0,0,1.903422,0,0,-0.658209,0,0,1,0,0,0,1,1,0,0,0,1,0,0,-3,-1,0,0,2,0,3,0,1,0,2,0,0,0,0,1,0,0,0,0,0,0,0,-1,0,0,0,0,0,-0.344185,0,1,-0.738043,-1,0,0,2,0,-3,0,1,1,0,0,1
0,0,0,0,0,0,-1,-0.394862,0,0,0,0,0,0,0,0,0.384963,0,0,1,0,0,0,0,0,1,0,-1,0,0,-1,0,0.84715,24,0,0,0,1,1,0,1.588836,0,0,-0.619298,0,0,0,0,2,0,0,0,1,0,1,0,4,0,-4,1,1,0,0,0,0,0,-1,2,0,0,0,0,-2,0,0,0,0,1,0,0,-1,2,0,0,-1,0,0,-0.824633,1,0,0.040299,0,0,0,0,0,-1,0,0,0,0,0,1
1,0,-1,1,0,0,0,0.03261,0,0,0,0,0,0,1,0,-0.584221,0,0,2,0,0,0,0,0,0,0,0,0,0,0,0,3.62432,5,0,0,-1,1,-1,0,0.550644,0,0,-0.240387,0,0,0,0,0,0,0,0,0,1,0,0,0,-2,0,1,0,0,0,0,0,0,0,0,0,-1,0,1,2,-1,2,0,0,-2,0,0,0,0,0,2,0,0,0,-0.788948,0,1,-0.78344,0,0,0,0,0,2,2,-2,0,0,0,1
0,-1,0,-1,0,0,-1,-0.862986,0,0,0,0,0,0,0,0,3.807143,0,0,1,0,0,0,2,0,1,0,3,0,1,0,0,0.84738,0,0,0,0,2,0,0,1.24138,0,0,-0.665081,1,4,0,0,-1,1,0,0,0,1,0,5,0,0,0,0,0,0,0,0,1,0,0,0,2,0,0,0,0,1,0,0,0,0,0,0,0,0,0,2,0,0,0,-0.82301,1,1,-0.661369,0,0,-2,0,0,0,0,0,0,2,0,1
-1,0,1,0,0,0,0,-0.423204,0,1,0,0,0,-2,0,2,-0.597379,0,0,-1,1,0,0,-2,0,0,0,-1,0,0,1,0,0.96249,5,1,0,0,-1,0,0,0.246117,1,0,-0.446738,1,0,0,0,1,0,0,1,0,0,0,0,0,0,0,0,0,0,0,0,1,0,0,3,-1,0,0,0,0,0,0,0,0,2,0,0,0,0,0,0,0,0,0,-0.4,0,0,-0.635021,0,0,0,0,1,0,0,0,0,0,0,1
0,0,0,0,0,0,0,-0.54187,0,0,0,1,0,-1,-2,1,-0.749639,-1,0,0,0,0,-2,0,0,0,0,0,1,-2,0,0,1.00583,0,-1,3,0,1,1,0,2.753486,0,0,-0.882419,0,0,0,0,0,0,1,0,0,0,3,1,0,0,0,0,0,0,0,0,1,0,-1,0,0,0,0,0,1,0,0,0,0,0,0,0,-1,0,0,1,0,0,1,-0.4,0,0,-0.508286,0,-1,0,1,0,3,0,0,0,0,0,1
0,0,1,0,0,0,1,-0.612804,0,-1,2,0,-1,-2,0,1,-0.678351,0,0,0,0,0,-1,0,-1,0,0,0,0,0,0,1,0.94035,10,0,0,0,0,2,0,2.150271,-1,0,-0.32442,0,2,0,1,0,2,0,0,0,0,0,2,0,0,-3,0,0,0,0,0,1,4,1,3,0,0,0,0,1,-1,-1,0,0,1,0,0,2,0,0,1,0,1,0,-0.490984,0,0,-0.457363,2,0,0,-1,0,0,0,0,0,0,0,1
0,0,0,0,0,0,0,-0.62974,1,0,0,0,0,0,0,0,-0.809524,0,0,0,2,0,0,0,0,0,0,0,-1,0,0,0,2.05316,2,0,0,1,0,0,0,0.924195,1,0,-0.342779,-2,1,0,0,0,0,0,0,0,4,0,0,0,1,0,0,0,0,0,0,0,0,0,0,0,0,0,-2,0,0,-1,0,2,0,-1,0,0,0,0,0,0,0,0,-0.667625,0,0,-0.785714,-1,0,3,-1,0,0,0,1,-3,0,0,1
0,0,6,0,0,-1,0,-0.700847,1,0,0,1,0,0,0,0,-0.803669,1,0,0,0,0,0,1,0,0,0,0,0,-1,0,0,0.68779,2,0,1,0,0,0,0,0.233333,0,0,-0.612672,0,0,0,0,0,0,-1,1,0,0,0,0,0,1,-2,0,0,-1,0,-1,0,2,0,0,0,-2,0,1,-2,-1,-2,0,0,1,0,0,0,0,0,0,0,0,0,-0.717148,0,2,-0.12319,-1,0,1,0,0,2,0,-1,0,0,0,1
0,0,1,0,0,0,0,-0.666667,0,0,0,0,0,0,0,0,-0.840214,0,1,0,0,0,1,2,0,0,0,0,0,-3,-1,0,1.13179,6,0,0,-1,0,0,0,0.233333,0,0,-0.567412,1,-1,-2,-1,0,0,0,1,0,1,0,0,-2,1,4,0,0,0,0,0,0,3,-1,0,0,0,1,1,0,0,-1,0,0,0,0,0,0,-2,0,0,0,0,0,-0.755109,0,0,-0.785714,0,0,-2,0,0,0,2,0,0,1,0,1
0,0,0,1,0,3,0,-0.73913,0,0,0,0,0,0,0,1,-0.6,0,1,-1,0,0,0,0,1,0,0,0,0,0,0,-1,1.55486,13,1,0,0,0,0,0,1.16216,0,0,-0.395511,0,-3,0,0,0,0,0,0,0,0,0,-1,0,0,2,0,0,1,0,-1,0,1,0,-1,0,0,1,0,0,0,0,0,0,0,0,0,0,0,-1,0,0,-1,0,-0.691903,0,2,-0.565055,0,0,-3,0,1,-1,0,0,0,0,1,1
0,0,0,0,0,0,0,-0.723738,0,0,-1,0,0,-1,0,2,-0.38071,0,0,0,0,0,0,0,0,-1,0,0,0,0,0,0,0.90132,12,0,0,0,-3,0,-1,1.337465,0,0,-0.65586,0,3,0,0,0,0,0,0,0,0,-1,0,0,0,-1,0,0,1,2,-1,0,0,-1,1,0,1,1,0,0,0,2,1,0,0,0,0,2,0,0,0,0,0,0,-0.913207,0,0,-0.115867,0,0,0,0,0,0,0,0,0,0,1,1
0,0,0,0,0,0,0,-0.735258,0,1,0,0,-1,0,2,0,-0.672253,0,0,0,0,0,0,0,1,0,0,0,-1,0,0,-2,1.04343,2,0,1,-1,0,0,0,1.217442,3,0,-0.680116,-1,0,0,0,0,0,0,0,2,-1,0,0,2,-1,0,0,0,1,0,0,0,0,-1,0,0,1,1,0,0,0,0,0,0,0,0,0,0,1,0,1,0,0,0,-0.457451,0,0,-0.503585,0,0,0,-1,0,0,-1,0,0,0,1,1
0,0,0,0,-1,0,0,-0.747971,0,-1,0,-1,0,0,0,0,-0.732218,0,0,0,2,0,0,0,0,0,1,1,1,0,0,0,1.08453,2,0,0,-3,1,0,0,1.113188,0,0,-0.045497,0,1,0,0,0,0,1,0,0,0,0,0,0,0,2,1,0,0,0,1,0,0,0,0,0,0,0,0,3,3,0,0,0,0,0,-2,0,-1,0,0,0,-1,0,-0.507192,0,0,-0.425152,0,0,0,0,0,1,0,1,1,0,0,1
0,5,0,2,0,1,0,-0.72093,0,0,0,0,1,0,0,0,-0.727273,0,0,0,2,0,0,0,0,0,0,0,2,0,0,0,0.76871,9,0,0,-1,0,1,0,0.849791,3,0,-0.584176,0,0,0,0,0,0,0,0,0,0,0,0,-1,0,0,0,0,0,1,0,0,0,1,2,0,1,0,0,0,-1,0,0,0,0,0,0,0,1,0,-1,0,0,-1,-0.550531,0,0,-0.287447,0,0,0,0,1,0,0,1,0,0,0,1
0,0,0,0,0,0,0,-0.382199,0,-1,0,0,0,0,0,2,-0.711505,0,0,0,-1,0,0,0,0,0,0,1,0,1,0,0,0.66202,1,0,0,3,0,1,1,0.5,3,-2,-0.754353,0,1,-1,0,0,0,1,0,1,0,-1,4,0,0,0,0,-1,0,0,0,0,0,1,0,1,1,0,0,0,-1,0,0,0,0,0,0,0,0,0,0,0,-2,0,0.415409,0,0,-0.259206,0,0,0,1,0,0,0,1,0,0,0,1
-2,0,0,0,0,2,3,-0.550723,0,0,0,0,1,2,0,0,-0.562057,-1,0,0,1,0,0,0,0,0,0,0,4,2,0,0,0.83101,10,0,0,0,0,0,0,2.39899,0,0,-0.438814,0,0,0,0,0,0,1,0,0,0,0,0,1,0,0,1,0,0,-3,1,0,0,0,1,0,1,1,0,0,0,2,0,1,3,0,0,1,0,0,2,0,0,0,-0.635616,0,-1,-0.341513,0,0,0,0,0,0,0,1,2,0,1,1
0,0,0,0,0,0,-1,-0.636364,0,0,0,0,0,0,3,0,-0.643057,0,0,0,0,0,0,-1,1,0,-1,2,0,0,1,0,0.74286,1,1,1,1,3,0,0,1.46154,-2,0,-0.538462,0,0,0,0,0,0,0,-1,0,0,2,0,0,0,0,2,0,0,0,0,0,0,0,0,1,-1,-2,0,1,0,0,0,2,0,0,-2,0,0,0,-3,0,0,0,-0.571429,0,-1,-0.842034,0,0,0,0,0,0,0,1,0,0,1,1
0,0,0,0,0,0,0,-0.60314,0,0,-1,0,1,0,0,0,-0.567517,0,0,0,0,0,0,0,0,0,0,6,0,-1,0,0,0.74286,1,0,1,1,0,0,0,4.003928,0,0,-0.371843,0,0,0,0,-1,0,1,0,-1,0,1,0,0,0,0,0,0,0,0,0,0,0,0,1,0,0,1,0,0,0,0,0,0,0,-1,0,-1,0,0,0,0,0,-1,-0.568613,0,0,-0.436423,0,1,0,0,1,0,0,3,0,-3,1,1
0,2,0,1,0,0,0,-0.72093,0,-2,0,0,1,-1,0,0,-0.707317,0,0,0,0,1,0,-1,0,0,0,0,3,1,0,0,0.99324,0,0,0,0,0,0,0,2.291089,0,-1,-0.259898,-1,0,0,1,0,0,0,0,-1,0,-1,0,-1,0,1,0,0,0,-2,0,0,0,0,0,-1,0,0,0,0,1,0,0,0,0,0,0,0,0,-1,0,0,0,0,-0.859146,0,0,-0.553235,-2,0,1,0,0,1,0,1,-1,0,0,1
0,0,0,1,0,0,0,-0.72093,0,0,3,0,0,0,0,0,-0.707317,0,0,-1,-3,0,0,0,0,0,0,0,0,0,0,0,1.92067,11,0,0,0,-1,1,1,1.07143,0,0,-0.780759,1,0,0,-2,0,0,0,1,0,0,0,0,0,0,0,0,0,0,0,0,0,1,-1,0,0,0,0,0,0,1,1,0,0,0,0,-2,0,0,0,0,0,0,0,-0.652362,0,0,-0.104796,0,0,1,0,-1,2,0,0,0,2,0,1
0,-1,0,1,0,-5,0,-0.612382,0,0,0,0,1,0,0,0,-0.707317,0,0,0,0,0,0,2,1,0,0,0,0,0,1,0,0.67908,0,0,0,0,0,0,0,1.625722,0,-3,-0.808708,0,0,2,0,0,0,0,0,0,1,0,1,2,0,0,0,1,0,1,0,0,0,2,0,0,-1,0,0,0,0,0,0,0,0,0,0,-1,1,0,0,0,0,0,-0.571715,1,0,-0.830803,0,0,1,0,0,0,0,1,0,0,0,1
0,0,0,0,0,0,0,-0.762883,0,0,3,0,0,0,0,0,-0.547261,0,0,0,0,0,0,0,0,0,0,0,0,2,0,0,1.46453,4,0,1,0,0,0,0,0.207679,1,0,-0.665383,0,1,0,0,1,-1,0,0,2,0,1,3,1,0,1,1,0,0,0,-1,0,0,0,0,0,0,0,1,0,1,0,0,0,0,0,0,3,1,0,0,0,4,0,-0.559681,0,0,-0.669716,-1,0,-1,0,0,0,0,0,0,0,1,1
0,0,0,0,0,0,0,-0.647608,0,-1,-1,-2,0,0,0,0,6.080583,3,0,0,1,0,0,0,0,0,0,2,2,2,2,0,1.30365,10,0,0,0,0,0,1,0.510821,0,-2,-0.768919,2,-1,0,0,0,0,0,0,0,0,1,2,2,0,0,0,0,0,0,0,0,0,0,1,-1,0,0,0,0,0,0,0,0,2,0,0,0,0,0,1,0,0,0,-0.372927,0,0,-0.415741,0,0,0,0,0,1,0,0,0,0,1,1
0,-2,0,0,0,0,1,-0.682046,0,0,0,0,0,0,0,0,-0.692308,1,0,1,1,0,0,0,-3,0,0,0,0,0,0,0,1.58868,10,0,0,0,1,1,-1,0.574074,0,0,-0.782713,-1,0,1,0,1,-1,0,0,0,0,0,-2,0,3,0,0,0,0,0,-2,0,4,-2,0,0,0,0,2,0,0,0,0,0,3,3,0,1,0,0,1,0,-1,0,-0.537892,0,0,-0.824478,0,-1,0,0,0,1,0,0,1,0,1,1
1,3,0,1,0,3,0,3.507612,2,0,0,0,0,0,0,0,-0.688691,-1,0,-2,0,0,3,0,2,0,0,0,0,0,0,0,1.14286,4,0,0,0,2,0,0,1.01814,0,1,0.169978,0,1,0,0,0,1,-1,1,-1,4,-1,0,-1,0,0,0,1,0,0,1,1,1,0,0,1,0,-1,0,0,0,0,0,0,0,-1,3,0,0,-2,0,0,0,0,-0.768419,0,0,-0.505381,0,0,3,0,-2,0,0,0,0,0,1,1
0,0,0,0,0,0,0,-0.348798,1,0,0,0,0,0,0,0,-0.840158,0,1,1,0,0,0,0,0,-1,-1,0,-1,0,1,0,1.08418,6,0,0,0,0,0,1,1.081134,0,0,0.039593,0,0,0,0,1,0,0,0,0,0,0,0,0,0,0,0,0,0,-2,0,0,0,0,0,0,0,0,0,0,0,0,0,0,0,0,0,0,0,0,0,0,4,0,-0.714286,0,0,-0.358271,0,0,0,0,0,0,0,0,1,0,1,1
0,0,0,1,0,2,0,0.13313,2,0,0,0,1,0,0,0,-0.698085,0,0,0,0,0,0,0,0,0,0,0,0,-2,-1,0,1.14286,8,0,0,0,2,0,0,1.537868,0,2,-0.912005,0,1,-1,0,0,0,0,0,0,0,0,0,0,0,0,0,0,0,-2,1,1,1,0,0,0,0,3,0,0,0,2,0,0,0,0,-1,0,0,0,1,0,0,0,-0.651693,0,0,-0.601927,0,0,0,0,0,0,0,0,1,0,1,1
0,0,0,0,0,0,0,-0.081309,0,0,5,0,0,-1,0,1,-0.533127,0,0,0,0,0,0,0,0,0,0,0,0,0,0,0,1.22797,5,0,0,0,1,0,-2,0.871632,1,0,-0.480154,0,0,1,0,0,-1,0,0,0,0,1,0,0,2,0,0,0,0,1,0,-1,1,0,0,0,1,0,1,0,0,0,0,0,2,0,0,0,0,0,-1,1,0,0,-0.7,0,0,-0.134014,3,0,0,0,0,4,0,-1,0,0,1,1
0,0,0,-1,0,0,0,-0.707317,0,0,0,0,1,0,2,0,-0.274688,0,0,1,0,0,0,2,0,0,0,0,0,0,0,0,0.87493,1,-1,0,1,0,0,1,0.860383,-1,0,-0.790696,-1,0,0,0,0,0,0,0,1,0,0,0,-1,0,0,2,-1,0,0,0,0,0,0,0,0,0,-1,0,0,0,0,0,2,0,-2,0,0,0,0,1,0,1,0,-0.7,0,0,-0.880443,0,0,0,0,0,0,1,1,-2,1,1,1
0,2,0,3,0,0,0,-0.713062,-1,0,2,0,0,-2,0,1,-0.67173,0,0,0,0,0,1,-1,-1,0,0,0,0,0,0,0,1.38276,0,0,0,1,2,1,1,0.832079,0,0,-0.890781,0,0,0,1,0,0,0,0,0,0,0,1,0,0,0,0,0,0,0,0,0,5,0,0,2,0,0,0,-1,0,2,0,0,-1,0,0,0,0,0,0,0,0,1,-0.702976,0,1,-0.494417,0,0,0,0,0,0,2,1,0,0,1,1
1,0,0,0,0,0,1,-0.788337,1,-1,0,2,0,0,0,0,-0.272676,0,0,0,1,0,0,0,0,0,1,0,-1,0,0,0,1.65618,0,0,0,0,0,0,0,0.471663,0,0,-0.634682,-1,0,0,0,0,1,0,0,0,0,-4,0,0,1,0,0,0,-1,0,0,1,0,0,0,0,-1,0,0,0,0,0,0,0,4,0,0,0,1,0,0,0,0,1,-0.885922,0,0,-0.469448,2,0,0,0,0,1,-3,1,1,0,1,1
0,0,-1,0,0,0,0,-0.625566,0,0,0,0,1,2,-2,-2,-0.600867,0,1,0,0,0,0,0,0,1,1,3,1,0,1,0,1.15716,5,0,0,0,3,0,0,1.028705,-3,0,-0.662493,0,0,4,0,0,0,0,0,1,0,0,0,-2,0,0,0,0,0,-2,-2,0,0,0,4,0,0,1,0,0,0,0,0,1,0,0,0,0,1,1,5,0,2,0,-0.616413,0,0,-0.617191,2,0,-2,0,-2,1,0,0,1,1,1,1
0,0,0,0,0,3,0,-0.633585,0,0,0,0,-2,0,-1,0,-0.068928,0,1,0,0,0,0,0,-1,0,0,0,1,0,0,0,1.00605,5,0,0,0,0,0,0,0.707317,-2,0,-0.72046,0,0,-1,0,0,0,0,0,0,0,0,0,0,0,-3,0,2,0,0,0,1,1,1,0,0,0,1,0,0,-1,0,0,3,-1,0,0,0,0,0,0,0,0,-3,-0.706218,0,0,-0.517239,0,0,0,0,0,1,-1,-1,2,0,1,1
0,2,0,1,0,0,0,-0.793103,0,0,0,1,1,0,0,0,5.110446,0,0,1,0,0,0,1,1,0,0,0,1,0,1,0,1.10859,4,0,0,0,0,0,0,0.694444,0,0,-0.630257,-2,-1,0,0,2,-1,0,0,0,0,0,1,1,0,0,0,0,0,0,0,0,0,0,0,1,0,0,0,-1,0,0,0,1,0,0,0,0,1,0,0,0,0,0,-0.480654,0,0,-0.785714,0,1,-1,0,1,-2,0,0,0,-2,0,1
0,0,0,0,0,1,0,-0.806536,0,0,0,0,-3,0,0,1,-0.691522,0,0,1,0,0,0,0,1,-1,0,0,0,0,3,0,1.0022,2,-1,0,0,0,0,0,0.694444,-2,0,-0.651708,1,0,0,0,0,1,0,-1,0,0,0,0,1,-1,0,0,1,0,0,1,0,0,0,2,0,0,0,0,0,2,0,1,0,0,0,0,0,1,0,0,0,-1,0,-0.570799,0,0,-0.864557,-1,0,0,0,0,1,-1,1,0,0,0,1
0,0,0,0,-2,0,0,-0.858122,0,0,0,1,0,0,0,2,-0.284881,-1,0,0,0,0,1,0,0,0,0,0,0,0,0,0,0.46518,1,1,0,0,0,2,0,0.559889,0,0,-0.531884,0,0,0,0,0,0,0,0,0,0,0,2,-2,0,0,1,0,-1,1,0,0,0,1,0,0,0,0,0,-1,1,0,0,0,0,0,0,0,1,1,0,0,-1,0,-0.698988,0,0,-0.785714,0,0,0,0,1,0,0,0,0,0,0,1
0,-1,0,0,0,0,0,-0.769231,1,0,0,0,-1,-1,0,0,-0.335244,-1,1,2,1,0,-1,0,0,1,0,0,0,0,1,0,0.65208,-31,0,0,2,0,0,0,0.641776,-1,0,-0.735752,-1,0,0,0,0,0,0,0,0,0,1,0,1,1,1,0,0,0,0,2,0,-1,2,0,2,0,0,0,0,0,0,0,1,1,0,0,0,1,0,0,1,0,1,-0.818776,0,0,-0.733937,0,0,0,0,0,0,-1,0,0,1,1,1
0,0,0,0,0,0,-1,-0.273992,1,0,0,0,0,1,0,2,-0.66469,1,0,0,0,0,0,1,0,0,0,2,-2,0,1,0,0.88697,5,0,0,0,0,1,0,0.551724,-1,0,-0.352877,-2,0,0,0,0,0,0,0,1,0,1,0,2,1,2,0,0,0,-2,0,0,0,0,4,0,0,-2,0,0,0,0,0,0,1,0,0,3,0,0,0,0,0,0,-0.75931,0,0,-0.723988,2,-1,1,0,0,0,0,0,0,0,1,1
0,0,0,4,0,0,0,-0.892749,0,0,0,0,0,0,0,0,-0.820585,0,0,2,1,0,0,-2,0,0,0,0,1,-4,1,0,0.85978,6,0,0,0,0,-1,0,0.551724,0,0,-0.877781,0,1,-2,0,0,-1,0,0,0,0,0,0,0,1,0,-1,1,0,0,2,0,-1,0,-4,2,0,0,-2,0,0,0,0,0,-1,-2,0,0,1,0,0,0,-5,0,-0.554355,0,0,-0.609395,0,0,0,0,0,1,-1,0,0,1,1,1
-2,0,0,1,0,0,0,-0.577569,0,1,0,-1,0,0,0,-1,-0.707317,0,0,0,0,1,0,-1,0,0,-1,-1,0,0,0,0,0.41005,0,-3,0,1,0,0,0,0.954737,2,0,-0.709765,0,0,0,0,0,0,0,0,0,0,-2,0,0,0,0,0,0,0,-1,0,0,0,0,0,0,-2,0,0,2,-1,3,0,0,0,0,1,0,0,0,-1,0,0,0,-0.72234,0,0,-0.675963,0,0,0,0,0,0,0,2,0,0,0,1
0,-2,1,0,0,0,0,-0.802059,-1,0,0,0,0,0,0,1,-0.691679,0,-1,0,0,0,0,-3,2,0,0,0,0,2,-2,0,0.46996,1,-3,0,-3,0,0,0,0.321488,0,0,-0.440706,0,1,0,0,0,1,0,0,0,0,0,0,1,0,-1,0,0,0,0,1,0,0,0,-1,0,0,-1,0,0,-3,0,0,0,0,0,1,0,0,0,2,0,1,-1,-0.548237,0,0,-0.843366,0,0,0,0,0,0,0,0,0,0,0,1
0,0,0,0,0,0,0,-0.763444,0,0,1,0,0,0,0,1,-0.587178,0,0,0,0,0,0,0,0,0,-1,5,2,-1,0,0,0.49168,8,1,0,0,0,0,0,0.6,2,4,-0.360112,2,0,-1,0,0,0,0,0,0,0,0,0,1,0,-1,1,0,0,0,1,0,0,0,3,-2,1,3,0,0,0,1,0,0,0,0,1,1,0,0,0,0,-1,0,-0.752826,1,0,-0.8,0,-1,0,0,0,-1,0,0,0,0,0,1
0,0,0,0,0,-1,1,-0.569423,0,1,0,0,0,0,0,-2,-0.707317,-1,1,0,0,0,0,-2,-1,0,0,-3,0,0,1,1,2.70648,9,0,0,4,0,0,0,0.85941,0,-1,-0.156525,0,0,0,0,1,1,0,0,0,0,0,1,0,0,-1,0,0,0,2,0,1,1,0,0,0,0,1,-3,1,-1,0,0,0,0,0,0,0,0,0,-2,0,1,0,-0.34248,0,0,-0.446492,0,1,2,0,0,0,0,1,0,2,1,1
0,2,0,0,0,0,0,0.086326,0,0,0,0,1,1,0,0,-0.707317,2,0,0,0,0,-1,0,0,-1,0,0,0,0,0,0,1.551,7,0,0,0,-2,0,0,3.180559,1,-1,-0.780882,0,0,0,0,-1,0,0,0,0,0,-2,-1,-1,0,0,1,0,0,1,0,-1,1,3,0,1,0,1,1,0,0,0,1,0,3,0,0,0,1,1,0,0,0,0,-0.878451,0,0,-0.534876,0,1,0,1,0,1,0,0,0,1,1,1
0,2,0,-2,0,0,0,-0.561631,0,1,0,0,0,0,0,0,-0.265784,0,1,0,0,0,0,2,0,0,0,0,0,0,0,0,2.51501,7,-1,0,0,0,0,0,1.250155,0,0,-0.57421,0,0,1,0,1,1,0,-1,0,0,0,0,1,1,0,0,0,0,0,-1,0,0,1,0,0,0,2,0,1,0,0,0,0,0,0,0,0,0,0,0,0,-1,1,-0.518046,0,0,-0.635168,2,0,0,0,0,1,0,0,0,1,1,1
0,1,0,0,0,1,0,-0.861773,0,0,0,0,0,0,-1,1,-0.62126,0,0,-1,0,0,0,0,0,1,0,0,0,0,0,0,1.17651,6,0,0,0,1,1,0,0.635759,-2,-1,-0.753878,-1,0,-1,0,0,0,0,0,0,0,0,4,0,0,0,0,0,0,-1,1,2,1,-1,0,0,0,1,0,0,1,0,0,-2,1,0,0,2,1,0,0,0,0,0,-0.709431,0,0,-0.751965,0,0,0,0,-1,1,0,0,-1,0,1,1
0,0,0,0,0,0,0,-0.727273,0,1,0,0,-1,0,0,1,-0.771639,0,0,1,0,0,0,0,0,0,0,0,0,0,0,0,1.04582,4,0,0,0,1,1,0,1.20894,0,0,-0.732235,0,0,0,0,0,0,0,0,0,0,0,0,0,0,-2,0,0,0,-1,1,0,0,1,0,0,0,1,2,0,0,0,0,0,0,0,0,1,1,0,1,0,0,0,-0.678886,0,3,-0.672066,-2,0,0,0,0,1,0,-1,0,-2,1,1
0,0,0,0,0,-2,0,-0.685235,0,0,0,0,0,0,3,0,-0.730928,0,0,0,1,0,1,0,0,0,0,0,0,0,0,0,0.7657,0,0,0,0,0,0,0,0.629406,-1,1,-0.637678,0,0,0,0,0,0,0,0,0,0,0,2,0,0,1,0,0,1,1,0,1,1,0,1,2,0,3,0,-1,0,0,0,0,0,0,-1,0,0,0,0,0,0,1,-0.74075,-2,-1,-0.724277,0,0,0,1,0,1,0,0,3,-3,1,1
0,0,0,0,0,0,0,-0.75,0,0,0,-1,1,0,0,0,-0.545044,0,0,0,0,0,0,1,0,0,0,0,0,0,1,0,0.8226,0,0,0,0,1,-1,0,0.946563,0,0,-0.646478,0,0,0,0,0,0,0,0,0,0,0,0,2,0,-5,1,0,0,-1,0,0,1,-4,0,1,0,0,-1,0,1,2,0,0,1,0,0,0,0,0,0,0,0,0,-0.230568,0,0,-0.888984,0,0,0,0,0,0,0,1,1,0,0,1
0,0,1,1,0,0,2,-0.75,0,0,0,0,2,0,0,0,-0.664288,0,-1,-1,0,0,2,-2,0,0,1,0,-1,0,-1,0,1.03679,2,0,-1,0,0,0,0,0.757576,-1,0,-0.620573,0,0,-1,0,0,1,1,-1,0,1,3,1,2,1,0,0,0,0,0,0,0,1,2,0,2,0,0,0,0,0,0,0,-1,0,0,1,0,0,0,1,0,1,1,-0.669827,0,0,-0.615956,-3,0,0,4,0,0,1,0,0,3,0,1
0,-3,0,0,0,0,-1,-0.75,0,0,0,0,1,0,0,0,-0.503802,0,0,0,0,0,0,1,0,-1,0,0,0,0,1,0,0.94286,0,0,0,0,0,0,0,2.055025,0,1,-0.543247,0,0,0,0,0,0,2,0,0,0,0,0,0,0,0,0,0,0,0,0,-1,1,0,1,1,0,0,1,1,0,-1,0,0,-1,1,0,0,0,0,0,-1,2,0,-0.614862,0,0,-0.634085,0,0,0,0,0,0,2,1,0,0,0,1
-1,0,2,1,0,0,1,-0.356745,0,0,0,0,0,1,0,1,-0.81012,0,0,0,0,0,0,0,0,0,0,0,0,3,1,0,0.96764,1,0,0,0,1,0,0,0.483871,0,0,-0.63097,0,0,1,0,1,0,0,-1,0,0,0,0,0,0,0,-2,1,0,0,0,-1,0,0,0,0,0,0,0,0,2,1,0,0,0,-1,0,0,0,0,0,-1,-1,0,-0.588392,0,0,-0.87555,1,0,0,0,0,0,-2,2,0,1,0,1
1,2,0,0,0,0,1,-0.454545,0,0,0,0,0,1,-1,0,-0.584814,0,1,-2,0,0,0,0,0,0,0,2,0,0,1,0,0.85421,0,0,-1,0,0,1,0,0.23352,0,0,-0.642925,0,0,0,0,0,0,-1,0,0,0,1,0,0,0,0,0,0,0,1,3,0,0,0,0,2,0,-1,0,0,1,-2,1,-1,0,0,0,0,0,0,0,0,3,0,-0.432674,0,-1,-0.8283,0,0,0,0,0,0,0,0,0,2,0,1
-1,0,0,-1,0,-1,0,0.420201,0,0,-1,-1,0,-1,0,4,-0.433142,0,0,0,0,0,0,0,0,0,0,0,0,0,0,0,0.98469,8,0,0,4,0,2,1,2.391574,0,0,-0.513616,0,1,1,0,0,0,0,-1,0,0,0,0,0,0,-2,1,1,-1,2,0,0,1,0,0,-2,0,2,0,1,0,0,0,0,-1,0,0,-1,0,1,0,0,0,-1,-0.536081,0,0,-0.675676,0,0,0,0,0,0,0,0,0,1,0,1
0,0,2,0,0,0,0,-0.449706,0,0,0,0,-1,0,0,0,-0.5275,0,0,0,0,0,0,0,0,0,0,0,0,3,0,0,1.39869,8,0,0,1,-1,0,0,0.461488,0,0,-0.741083,0,0,0,0,0,0,0,0,0,0,0,0,0,1,0,0,1,1,0,2,0,1,0,0,0,0,0,-3,0,0,0,0,0,0,0,0,0,0,1,0,0,0,0,-0.54498,-1,0,-0.262285,0,-1,0,0,0,1,0,0,0,0,1,1
-1,2,0,-1,0,3,1,-0.697755,-2,0,2,0,0,1,0,0,-0.315543,0,0,0,1,0,1,-1,-1,0,0,0,0,0,0,0,1.07755,4,0,0,0,0,0,0,0.794806,0,0,-0.723175,-1,0,-1,0,0,1,0,2,0,0,0,0,0,1,0,2,1,0,0,0,0,-2,1,0,0,0,1,-2,0,0,0,0,0,0,0,0,0,0,0,0,0,0,0,-0.244358,0,0,-0.454545,0,0,0,0,0,1,-2,0,1,1,1,1
0,0,0,1,0,0,0,-0.531797,0,0,0,-1,0,0,0,0,-0.745171,0,0,0,0,1,0,3,0,1,0,0,0,0,-1,1,1.51674,4,0,0,1,0,0,0,1.683022,-1,0,-0.87807,-1,1,0,0,0,2,0,0,0,0,0,0,0,1,0,0,1,0,3,0,1,1,1,0,0,1,1,0,2,1,0,0,0,0,0,0,0,0,0,2,-1,1,0,-0.514626,0,-2,-0.526636,0,0,0,0,0,0,0,0,0,1,1,1
0,-2,0,0,0,0,0,-0.562657,0,0,0,0,1,-2,1,0,-0.619035,0,1,0,0,2,0,0,0,0,0,0,0,2,0,0,0.80957,3,0,0,1,0,0,2,1.369409,0,1,-0.789329,0,0,0,0,1,0,1,0,0,0,0,0,0,2,0,0,0,0,0,0,0,0,0,0,3,0,1,0,2,0,-1,0,0,0,0,0,0,-2,0,0,0,0,0,-0.468316,0,0,-0.398486,0,-1,2,0,0,2,0,0,0,1,1,1
0,1,3,0,0,3,0,-0.338982,0,0,0,0,0,-1,1,0,-0.609729,2,1,0,0,0,0,0,0,-1,0,0,0,4,-2,0,1.98084,1,0,-2,0,0,0,1,0.987716,0,0,-0.657143,0,-1,1,0,0,0,0,0,0,0,0,0,0,0,0,0,0,0,-1,0,0,0,-2,0,0,0,1,-1,0,0,0,0,0,0,0,0,-1,0,0,2,0,0,0,-0.403688,0,0,-0.428787,0,-1,0,0,0,0,0,0,2,1,1,1
0,0,-1,0,0,0,0,-0.445031,0,0,0,1,0,0,1,-1,-0.647876,0,1,1,0,0,0,0,1,0,0,0,0,0,0,0,1.16162,7,0,0,0,0,0,0,0.823882,0,0,-0.630755,1,0,0,0,0,0,0,-1,1,-4,-1,0,-1,0,2,-1,0,-2,2,0,0,0,0,-1,0,1,0,0,2,0,4,0,1,0,0,0,0,0,1,0,0,1,-1,-0.539842,0,0,-0.543388,0,2,0,0,0,0,0,0,3,0,1,1
0,0,-1,0,0,2,0,0.457348,0,0,0,1,-2,0,0,0,-0.75,0,0,0,0,0,0,0,0,4,0,0,0,0,0,0,1.30595,1,0,0,0,0,0,1,0.818182,0,0,-0.702983,-1,0,1,-1,0,0,0,0,0,0,0,0,-1,0,1,-1,0,0,0,1,0,0,1,0,2,0,1,-1,0,-1,0,-2,0,2,-1,1,0,0,0,0,0,0,0,-0.813241,0,1,-0.700633,0,0,0,-1,0,0,0,0,0,0,0,1
1,0,0,0,0,0,2,0.164376,0,1,-2,0,0,0,0,1,-0.864376,-1,-1,0,0,0,0,-1,0,0,0,0,0,3,1,0,1.83111,6,-1,0,0,0,0,0,1.833939,0,1,-0.820555,-1,1,0,0,0,0,0,0,0,0,0,0,0,0,0,1,0,0,0,0,0,1,0,0,3,0,0,1,2,0,0,0,-1,0,0,0,1,0,0,0,0,3,0,-0.632203,0,-1,-0.724335,0,0,0,0,2,0,0,0,0,1,0,1
0,0,0,-1,0,0,1,0.185028,0,0,0,0,0,0,0,0,-0.833833,0,0,0,1,0,-1,0,2,0,1,3,2,0,1,0,1.24821,0,-1,0,0,0,0,1,0.66385,0,0,-0.634409,0,1,1,0,0,1,-1,0,0,0,0,2,0,0,0,0,0,1,0,0,2,0,1,-2,0,1,1,0,1,0,0,0,0,0,0,1,0,0,0,0,0,1,0,-0.809483,0,0,-0.699227,-2,0,0,0,0,0,0,0,1,1,0,1
0,0,0,0,0,0,0,-0.714286,1,0,0,0,0,0,-3,0,-0.525487,0,0,0,-1,0,0,0,0,0,1,0,-1,0,0,0,1.05262,6,0,0,0,1,1,0,1.938897,0,2,-0.709646,0,0,0,0,0,0,0,0,0,0,0,0,3,-1,0,-1,0,-1,0,1,0,0,0,4,2,1,1,0,0,0,0,0,1,2,0,1,0,0,0,0,0,0,0,-0.617335,0,3,-0.575527,0,-1,0,0,0,0,2,0,0,0,1,1
0,0,-1,-2,0,0,0,-0.714286,-1,2,0,0,0,0,0,0,-0.625,2,0,2,0,0,0,0,-1,0,0,0,0,0,0,0,1.2766,2,0,0,0,0,0,0,2.068476,0,0,-0.62133,0,-2,0,0,0,0,0,0,0,0,0,0,0,0,0,0,1,0,1,1,0,0,0,0,4,-1,1,0,-1,0,0,0,0,0,0,-1,0,0,0,0,0,0,-1,-0.828003,1,0,-0.833414,0,0,0,-1,0,0,0,3,0,0,1,1
2,1,0,0,0,0,-1,-0.627988,-1,0,0,0,0,0,0,1,-0.645441,-1,0,1,0,0,0,0,0,0,0,0,1,0,0,0,1.14286,3,0,0,0,1,0,0,1.220631,0,0,-0.752399,0,1,1,0,0,0,0,0,0,0,0,0,1,0,1,0,0,0,0,1,2,0,0,1,1,0,0,0,0,-2,0,-1,0,1,0,0,0,1,0,0,0,1,1,-0.830465,-1,-1,-0.528767,0,0,1,0,0,0,2,0,-1,1,1,1
-1,2,0,0,0,0,0,-0.571151,0,0,2,-1,0,0,0,0,-0.685399,1,0,1,0,0,0,-1,0,0,0,0,0,0,0,0,1.32302,4,0,0,0,0,0,0,1.562084,0,0,-0.450962,0,1,2,0,-1,0,0,0,0,-2,1,0,4,0,0,0,-1,-1,0,0,0,0,0,-4,0,1,0,0,1,0,0,0,0,-1,0,0,0,1,0,1,0,0,0,-0.538462,0,0,-0.624562,2,1,0,3,0,0,0,0,2,0,1,1
0,0,0,0,0,0,0,-0.638325,2,0,3,0,0,0,0,1,-0.79428,0,0,1,0,0,1,0,0,0,0,0,4,0,1,0,1.33605,4,0,0,0,-1,0,0,1.002588,2,-2,-0.76844,0,1,0,0,0,0,0,0,0,0,1,0,-2,0,0,0,0,1,0,0,0,0,0,0,0,0,0,1,1,0,0,0,0,0,1,1,0,1,0,1,0,0,0,-0.566498,0,0,-0.806004,0,1,0,2,0,0,-1,1,0,1,1,1
0,-1,2,0,0,0,0,-0.50711,1,0,0,0,0,2,5,2,-0.602528,0,0,0,0,0,0,0,1,0,0,0,0,0,0,0,1.44335,6,0,0,0,1,-1,0,2.412612,0,0,-0.715176,0,1,0,1,0,0,0,0,-1,0,1,2,0,0,0,0,0,0,1,0,1,0,0,0,0,1,0,0,1,2,0,0,0,0,0,0,0,0,0,1,0,0,0,-0.447792,0,0,-0.524433,-1,1,0,0,0,0,0,0,0,0,1,1
-1,0,2,0,0,0,0,-0.654762,0,0,1,0,-2,0,0,0,-0.809524,0,0,0,0,0,0,0,0,0,0,2,0,0,0,0,0.70708,4,0,0,0,0,1,1,0.558334,0,1,-0.714286,0,0,0,0,1,0,0,0,0,2,0,-2,-1,-2,-1,1,3,-1,0,1,0,0,0,0,0,0,2,0,2,0,0,0,0,0,-2,0,0,0,0,0,0,2,0,-0.500178,0,0,-0.748111,0,0,0,0,0,0,1,-2,1,0,1,1
0,1,0,0,0,0,0,-0.173537,0,0,0,1,0,0,0,1,-0.285783,-1,0,-1,0,0,0,0,0,0,0,0,0,-1,3,0,1.13513,3,1,0,1,0,-1,0,0.571429,0,0,-0.658024,-1,0,0,1,0,0,0,0,0,0,0,1,0,0,0,0,0,0,0,-1,3,1,0,0,0,1,0,0,1,-1,3,0,0,0,0,0,1,1,0,1,0,0,-1,1.747712,0,0,-0.769231,0,0,-1,0,2,0,-1,0,0,0,1,1
0,0,0,-1,0,2,-3,-0.369354,0,0,1,0,0,0,0,0,-0.640179,0,0,0,0,-2,0,0,0,0,1,0,0,0,0,1,1.19176,6,0,0,-2,0,-1,0,1.430103,0,0,-0.727981,0,-1,0,0,0,-1,2,0,0,0,-1,0,0,0,-1,1,0,0,0,0,0,1,-1,0,0,0,0,0,1,-2,0,0,0,0,0,0,-1,0,0,1,0,0,0,-0.470116,1,0,-0.769231,0,0,0,0,0,0,0,0,0,0,1,1
0,0,0,-1,0,0,0,-0.787862,0,0,-2,0,1,0,0,0,-0.444814,0,-1,1,0,0,0,0,0,0,0,0,0,0,0,0,1.23101,12,-2,0,0,0,0,0,0.54765,0,0,-0.696326,1,1,0,0,0,0,0,-1,0,-1,0,0,0,1,0,-1,0,0,1,0,0,1,0,0,1,0,2,0,0,0,0,0,0,0,0,1,0,0,0,0,0,0,1,-0.51499,1,0,-0.467243,0,0,0,0,1,1,0,0,0,1,0,1
0,1,0,0,0,0,0,-0.739252,0,0,0,-1,0,0,-3,0,-0.461015,1,0,1,2,0,0,0,0,2,0,0,0,0,-2,0,1.31087,1,1,0,0,0,0,0,0.888889,0,0,-0.720981,0,0,0,0,0,0,0,0,-1,0,0,0,0,0,0,0,0,1,0,3,0,1,0,1,0,0,0,3,1,0,0,0,0,0,0,0,0,0,0,0,0,3,2,0.865469,0,0,-0.587714,0,0,0,0,0,1,0,0,0,3,0,1
0,0,0,0,0,2,0,-0.764706,0,0,0,0,0,0,0,0,-0.545012,0,0,3,0,1,0,-1,0,0,-1,0,1,0,0,0,1.33454,0,-1,0,0,0,0,-1,1.69431,-2,-1,-0.542892,0,-1,0,0,0,0,0,0,0,-2,-1,0,0,0,-3,0,1,0,0,0,0,0,0,-1,0,0,0,-1,0,0,0,0,0,0,0,0,0,-1,-1,0,0,-1,0,-0.574617,0,0,0.017966,0,0,0,0,0,1,0,-1,0,0,0,1
0,-2,0,0,0,0,0,-0.773393,0,0,0,0,-1,0,0,-2,-0.613624,0,2,1,0,0,0,0,0,0,0,3,0,0,0,0,1.05201,9,0,0,0,1,0,0,2.92308,0,0,-0.2427,0,0,0,0,-1,0,0,0,0,0,-1,1,0,0,2,0,0,0,0,1,2,-1,0,0,2,0,0,0,0,2,0,0,0,0,1,0,0,1,0,0,0,-2,0,-0.69093,0,0,-0.806452,0,0,2,-1,0,0,0,0,0,-1,1,1
0,0,-1,1,0,0,0,-0.76,0,0,0,3,0,0,0,1,-0.847447,0,0,0,0,0,-1,-1,0,0,0,0,0,0,1,0,1.10651,0,0,0,0,0,0,0,2.886237,2,0,-0.538462,2,-1,-2,0,0,0,-1,0,0,0,0,-1,0,0,0,-1,1,1,0,0,1,0,1,0,0,0,0,0,1,0,0,0,0,-1,0,0,0,0,0,0,0,2,0,-0.730859,1,0,-0.880424,0,0,0,0,0,0,0,0,0,0,1,1
0,0,0,1,0,2,0,-0.752362,0,0,0,0,0,0,0,0,-0.259853,0,0,0,0,0,0,-1,0,0,0,0,0,0,1,0,0.59861,-13,0,0,0,0,0,-2,3.068896,0,0,-0.292594,0,0,0,0,0,0,0,0,0,0,0,0,0,0,0,0,0,1,0,0,1,0,0,0,0,1,0,0,1,0,0,0,0,1,0,0,0,0,0,2,0,0,0,-0.71576,0,-1,-0.759379,0,0,0,0,0,0,0,0,0,0,1,1
-1,1,0,0,1,0,0,-0.674181,0,1,0,0,0,0,0,0,-0.669691,0,0,2,1,0,0,1,0,0,1,3,0,2,0,1,2.88878,2,0,1,0,0,1,0,0.763163,1,0,-0.875723,0,0,-3,0,0,0,-1,0,0,0,0,1,1,0,2,1,0,0,0,0,1,-4,1,1,0,0,3,0,-1,1,0,0,-1,2,0,0,0,0,0,0,0,-1,0,-0.702033,0,0,-0.813678,0,0,-1,0,1,0,0,0,-2,0,1,1
0,1,0,0,0,2,0,-0.675808,0,0,-1,0,2,0,0,0,-0.556344,-2,0,-1,0,0,0,0,-1,0,1,-1,-1,0,0,0,1.8,4,0,0,2,0,-2,1,0.981729,-1,1,-0.776367,0,0,0,0,1,0,0,0,0,0,0,1,1,-1,0,-1,0,0,0,-1,1,0,1,1,0,0,0,-1,-1,1,0,0,0,0,0,0,0,0,0,-1,0,0,0,-0.763309,0,0,-0.826087,0,0,0,1,0,0,0,0,0,0,1,1
0,1,0,0,0,1,0,-0.655559,0,0,0,0,0,0,1,0,-0.625,-1,0,0,0,1,2,0,0,0,1,2,0,1,0,0,1.7025,4,0,0,0,1,0,0,0.603175,1,0,-0.809524,-1,0,0,0,0,0,0,1,0,0,0,1,0,0,0,1,0,0,0,1,0,1,0,1,0,0,0,0,0,0,0,0,0,0,1,0,-1,0,0,3,0,0,0,-0.743385,1,0,-0.196997,0,2,0,0,1,0,-5,0,0,1,1,1
0,0,0,1,0,0,0,0.575679,0,0,1,0,0,0,0,1,-0.612291,0,0,1,0,0,-1,0,0,-3,0,0,3,-2,0,1,0.8169,0,0,0,0,0,1,0,1.120739,-2,0,-0.240617,1,-2,0,0,0,1,-1,0,1,0,0,0,0,1,0,0,0,0,0,0,0,1,0,-1,0,0,-1,0,0,2,0,0,-1,0,0,0,0,1,0,0,0,1,0,-0.72352,0,-2,-0.674352,0,0,0,0,1,1,0,0,1,0,0,1
0,0,-2,1,-1,0,0,-0.531376,0,0,0,0,0,0,0,0,-0.846204,0,0,0,0,0,-1,0,0,0,0,0,0,0,0,0,0.51098,11,1,0,0,0,0,0,0.642118,0,0,-0.018869,1,0,0,0,-1,0,0,0,0,-2,0,1,1,-1,0,-2,0,0,1,0,1,1,-1,0,-1,0,0,0,1,0,2,0,0,0,0,0,1,0,0,0,0,0,1,0.264797,0,0,-0.652717,-2,-2,2,1,1,1,1,0,0,-1,0,1
0,0,0,0,-1,0,0,-0.692459,0,0,0,0,0,0,-2,0,-0.47449,0,0,0,1,0,-1,0,0,0,0,0,0,0,0,0,0.51429,1,0,1,0,0,-1,0,0.579992,1,0,-0.819184,0,0,1,0,0,0,0,0,-1,0,-1,0,-8,0,0,-2,0,0,0,0,5,0,-1,0,0,0,0,0,0,0,0,0,1,-1,0,0,-1,1,0,0,-1,0,0,-0.733191,0,0,-0.785497,1,0,-1,0,1,1,0,1,0,0,0,1
-1,0,0,0,0,0,1,-0.837092,0,0,1,1,1,0,3,0,-0.804454,0,0,0,0,0,0,0,1,0,0,0,0,6,-3,0,1.22094,3,0,0,-1,-1,0,1,1.323252,0,0,-0.152935,0,2,0,-1,0,0,0,0,0,0,1,-1,0,2,0,0,0,0,0,0,0,1,1,0,0,-1,1,0,1,0,0,0,-1,0,0,0,0,-2,0,1,0,-1,0,-0.631573,1,0,-0.759493,0,0,0,0,0,1,2,1,-1,1,1,1
0,-1,0,1,0,0,0,-0.846602,0,0,0,0,0,0,0,-1,-0.703119,0,0,-1,0,0,0,0,1,0,0,-1,-1,0,0,0,0.67358,6,0,0,0,1,0,1,1.032037,0,0,-0.555542,-1,0,1,0,0,0,0,0,0,-1,0,0,1,0,0,0,0,-2,0,0,0,0,0,1,0,0,1,0,1,0,0,0,0,0,0,1,0,-3,0,1,0,0,0,-0.595679,0,1,-0.731426,0,-1,0,0,0,2,0,1,0,1,1,1
0,0,0,0,1,0,0,-0.696462,0,0,0,0,0,2,0,1,-0.697728,0,0,0,0,0,1,2,0,0,1,0,0,0,-1,0,0.88571,1,0,0,0,0,0,0,1.16129,-1,1,-0.712046,0,1,0,-2,0,0,0,0,1,-2,1,3,1,0,0,0,1,0,2,1,0,0,0,0,0,1,0,-1,1,-2,2,0,0,0,0,1,-1,0,-1,0,0,1,-1,-0.257229,0,1,-0.523865,0,0,0,0,0,0,0,0,0,0,1,1
0,0,1,0,0,-1,0,-0.657279,0,0,0,0,1,1,3,0,-0.049327,0,0,0,0,1,0,0,1,0,0,0,0,0,0,0,1.15358,1,0,1,-3,0,-2,0,1.87879,0,0,-0.50721,0,0,0,0,0,0,0,0,0,0,1,0,0,0,0,-2,0,0,0,-1,0,0,0,1,0,1,0,0,-1,3,0,0,0,-2,0,0,0,0,0,0,0,0,1,-0.673371,0,0,-0.578293,0,0,0,0,1,1,0,4,1,0,1,1
0,0,0,0,0,0,0,-0.538916,0,0,0,0,0,0,0,2,-0.669207,0,0,0,1,0,-1,0,1,0,0,0,0,0,0,0,1.11997,6,-2,0,-1,0,3,0,1.888787,0,0,-0.823094,3,0,0,0,-1,0,0,0,-1,0,1,1,0,0,0,1,0,-1,0,0,0,-2,1,0,0,0,0,0,1,0,-1,0,0,0,0,0,-1,0,0,0,0,1,0,-0.681896,0,1,0.360856,0,-1,3,2,0,0,1,0,0,-2,1,1
0,-1,0,0,0,0,3,-0.657143,0,0,-1,0,0,0,0,0,-0.675232,0,0,-1,-1,0,0,0,1,0,1,0,2,0,-1,-1,0.65761,8,1,0,0,0,1,1,1.87879,2,0,-0.510913,0,1,0,0,1,0,0,0,0,0,1,0,3,0,0,0,0,0,0,0,-1,-1,0,0,0,-1,0,-1,0,-1,2,0,0,0,0,0,0,-1,-1,0,0,0,0,-0.657143,0,-1,-0.36655,0,0,3,0,0,0,2,0,-1,0,1,1
0,0,1,0,0,-5,0,-0.704513,0,-1,1,0,0,1,1,1,-0.480018,0,1,0,0,0,0,2,0,0,0,0,1,2,0,0,0.71784,0,0,0,0,0,-1,-1,2.184219,-2,0,-0.560665,-2,-1,0,-1,0,0,1,0,0,0,1,0,0,0,0,0,0,0,2,0,0,0,0,2,0,1,0,0,0,0,0,0,0,0,0,0,-1,0,0,0,0,1,0,-0.37932,0,0,-0.2,0,0,0,0,0,2,0,2,0,1,0,1
0,0,-2,1,0,0,0,-0.759276,0,0,0,-1,-1,0,-1,1,-0.756922,0,0,-1,2,0,0,-1,0,0,0,0,-3,-1,0,0,0.83151,5,0,0,2,0,0,0,0.761905,0,0,-0.389219,2,0,-1,0,0,0,0,1,0,-1,1,0,0,0,1,1,0,0,0,-3,0,0,0,0,0,0,0,0,0,0,0,0,0,0,0,0,0,-2,0,0,0,0,-1,-0.600089,0,0,-0.451921,0,0,2,0,0,0,0,0,1,1,0,1
0,0,-1,-1,0,0,0,-0.722778,0,0,2,0,0,1,0,1,-0.46653,0,0,0,0,-1,0,0,0,0,0,0,0,0,0,0,0.75488,1,0,0,-1,-1,1,0,0.761905,0,0,-0.608776,0,-2,0,0,1,0,0,0,2,1,1,0,0,1,-3,0,-2,0,-3,0,0,0,0,3,0,1,0,-1,2,-1,0,0,1,0,0,0,0,0,0,0,0,0,0,-0.559813,0,1,-0.309779,1,0,0,0,0,0,0,0,0,1,0,1
-1,0,3,0,0,0,1,-0.737067,0,0,0,0,0,0,0,0,-0.094852,0,0,0,0,0,0,1,0,1,1,0,0,2,0,1,0.74724,6,-1,0,1,0,0,0,1.308038,0,0,-0.73481,0,1,0,0,0,0,-2,0,0,0,1,0,1,0,2,0,0,0,0,0,0,0,0,0,0,1,2,0,-2,0,0,0,-1,0,0,-1,0,1,0,0,0,1,0,-0.122788,2,0,-0.811066,3,0,0,0,0,-2,0,0,0,0,1,1
0,0,0,4,0,0,1,-0.625377,0,0,2,0,0,0,3,0,-0.359547,0,0,2,0,0,0,0,1,0,1,1,4,0,0,0,1.17459,8,0,1,0,0,0,0,1.923356,0,0,-0.690831,0,1,0,-1,-1,0,0,0,0,0,1,-1,0,0,0,3,-1,0,0,0,3,0,0,1,0,0,1,1,0,0,0,1,0,0,1,0,0,1,0,0,0,1,1,-0.54485,0,0,-0.73989,0,0,2,0,0,0,0,0,0,0,1,1
0,0,0,0,0,0,0,-0.609043,0,-2,0,-1,0,0,-1,0,-0.743927,0,0,-4,0,0,2,2,1,0,1,1,5,0,0,0,1.1834,5,1,0,0,0,0,1,1.904576,0,0,-0.736896,0,1,0,0,0,0,0,1,0,0,1,0,0,0,0,0,0,0,0,0,0,0,1,-1,0,0,1,0,0,0,0,1,0,0,0,0,0,0,0,0,0,0,1,-0.662471,0,1,-0.689574,-1,0,0,0,0,0,0,0,0,0,1,1
0,0,1,0,0,0,0,-0.710078,-1,0,0,1,0,-1,2,0,-0.538462,0,0,1,0,0,0,0,0,0,0,2,0,0,0,0,1.1847,5,0,0,1,0,-1,0,0.831626,-1,0,-0.714145,0,0,0,0,0,0,0,0,0,0,0,0,0,1,0,0,0,0,0,0,1,0,0,-2,-1,0,1,-1,0,3,6,0,0,-1,0,0,0,0,0,1,0,0,0,-0.700715,0,0,-0.819829,0,0,0,-1,1,1,0,1,0,0,0,1
0,0,0,-1,0,2,-1,0.905997,-1,0,1,-1,-1,-1,0,0,0.022827,0,0,0,0,-1,-1,2,0,0,0,0,-2,0,3,0,2.03829,10,0,1,0,0,0,0,1.326732,0,0,-0.358857,0,2,0,0,0,1,0,0,0,-1,0,0,2,0,1,0,0,0,0,0,0,0,-2,0,0,1,1,3,0,0,0,0,0,0,0,0,0,0,0,0,0,1,0,-0.521846,-1,1,-0.73066,0,0,0,0,0,1,0,0,0,0,0,1
0,0,0,2,0,0,0,-0.280622,0,0,0,0,0,0,1,1,-0.51423,0,-1,1,0,0,0,2,1,1,0,0,0,1,0,0,1.06774,9,0,0,0,1,0,0,1.086029,0,0,-0.488495,3,0,1,0,0,0,0,0,0,1,0,0,0,0,2,-1,-1,-1,0,-1,-2,0,0,0,2,1,0,0,0,0,0,-1,0,1,0,0,0,0,0,2,0,0,0,-0.75532,0,0,-0.612903,0,0,1,0,0,0,0,0,0,1,0,1
-1,0,-1,1,0,0,-2,-0.201287,0,0,0,0,1,0,0,0,-0.550135,1,0,0,0,0,0,0,0,-1,0,0,0,4,0,0,1.08571,3,0,0,0,1,2,0,1.23684,0,0,-0.654671,0,0,-1,0,-1,0,0,0,0,0,1,1,0,2,3,0,0,0,0,0,0,0,0,0,3,1,-2,0,0,-1,0,1,2,0,1,0,0,0,0,-1,0,-3,0,-0.747672,0,0,-0.384948,0,0,2,0,0,0,0,0,1,0,1,1
0,0,0,0,0,3,0,-0.641408,0,0,-1,0,1,0,0,2,-0.72093,0,0,0,5,0,0,0,0,0,0,0,0,0,0,0,0.43161,7,0,0,0,0,0,0,3.386001,0,0,-0.889285,0,0,0,0,0,0,0,0,0,0,1,0,2,-2,0,1,1,0,0,0,0,0,1,-1,-1,1,0,0,3,-1,0,0,0,0,0,0,0,0,0,2,0,0,0,-0.586304,0,-1,-0.729934,0,0,0,1,0,3,0,1,0,0,1,1
0,0,0,0,0,-3,0,-0.538462,0,0,0,-1,0,0,0,1,-0.508141,0,0,1,2,0,1,0,0,0,0,0,0,0,-1,0,1.00755,3,0,0,0,0,0,0,1.472234,0,0,-0.651138,1,1,0,0,0,3,0,0,0,0,1,0,0,0,1,1,1,0,2,-1,0,0,0,-2,0,3,-4,3,0,-3,0,0,0,0,0,0,0,1,0,0,0,2,0,-0.472907,0,0,-0.707317,0,0,2,1,0,0,0,0,0,0,1,1
0,0,1,0,0,2,0,-0.268192,0,-1,0,0,-1,1,0,0,-0.76,0,0,0,0,0,2,-1,0,0,-1,0,1,0,0,0,0.69256,15,0,0,1,1,1,0,0.98107,0,0,-0.663522,0,0,0,-1,0,0,0,0,0,0,0,0,0,0,0,0,0,0,-1,-2,0,1,0,1,0,0,1,0,0,0,0,0,0,0,0,1,0,-1,0,1,0,0,-2,-0.598937,0,-1,-0.722115,0,0,0,0,0,1,0,0,0,1,0,1
0,0,0,0,0,0,0,-0.063434,0,0,0,-1,0,0,-1,0,-0.746035,-1,0,-2,0,0,-1,0,0,0,0,0,0,0,2,0,0.91821,0,-1,0,1,1,0,0,0.676471,-1,0,-0.647059,0,0,0,0,0,0,-1,0,0,0,0,0,2,-1,-1,0,0,0,0,0,3,0,0,0,-1,2,1,1,0,1,0,0,0,0,0,0,0,-2,0,2,0,1,2,-0.659304,0,0,-0.697382,0,0,0,-1,0,1,0,0,0,1,0,1
0,0,2,0,0,1,0,-0.837223,1,0,1,0,0,1,0,0,-0.827652,0,0,0,1,-1,0,0,0,0,0,0,1,0,0,0,1.06181,9,0,0,-1,0,-1,0,0.733325,0,-1,-0.656115,0,0,0,-1,0,0,-2,0,0,0,0,0,0,0,0,1,0,0,0,0,0,0,0,0,2,0,0,0,0,0,0,0,0,-1,0,1,0,0,0,0,0,0,0,-0.912909,0,0,-0.719482,0,0,0,-1,1,0,0,0,0,0,0,1
0,-2,0,0,0,0,0,-0.873059,0,0,1,0,1,1,0,-1,-0.597194,1,0,0,0,0,-1,0,0,0,0,-1,0,5,1,0,1.70915,1,0,0,0,0,0,0,2.418808,-2,0,-0.556634,1,0,0,0,0,0,0,0,0,0,2,0,0,0,0,0,-1,0,0,1,0,0,-1,0,0,0,0,0,0,-1,0,0,0,0,0,0,0,0,0,0,0,-2,1,-0.461835,0,0,7.14286,0,0,0,1,0,0,0,0,-2,1,1,1
0,0,0,0,0,0,0,-0.806377,4,-1,4,0,0,0,0,1,-0.256422,0,0,0,0,1,2,0,0,0,1,0,0,5,-1,-1,1.05505,5,-1,1,0,0,0,0,2.14177,-1,0,-0.608106,0,0,-1,0,0,1,0,0,0,2,0,0,-1,0,0,0,0,1,0,1,0,0,1,0,0,0,0,0,-6,0,2,0,1,-2,0,0,0,0,0,0,0,-1,0,-0.478408,0,-1,7.14286,0,0,2,0,0,0,0,0,0,0,1,1
0,0,1,0,0,0,2,-0.012859,0,0,-1,0,0,0,2,1,-0.660625,0,0,0,0,0,0,-1,0,0,0,-2,0,5,-2,0,1.00604,3,0,0,0,-1,0,0,1.12425,0,0,-0.667143,0,-1,0,0,0,0,1,0,0,0,0,0,-1,0,0,0,0,0,2,0,0,1,1,0,0,0,0,-2,0,0,0,0,1,0,0,0,0,0,0,2,0,0,0,-0.704431,0,0,5.025159,2,0,3,0,0,0,0,0,1,1,1,1
0,2,0,0,0,0,3,-0.343442,0,0,0,0,-1,-1,0,0,-0.767949,0,0,0,0,0,0,2,0,0,0,0,1,-1,2,0,1.33239,2,1,0,0,0,2,0,1.907716,0,0,0.09503,4,0,0,0,0,0,1,0,0,-1,0,0,0,0,0,0,0,0,0,0,1,2,0,0,-1,0,1,2,0,0,0,2,2,3,0,0,0,2,1,0,0,0,0,-0.59469,0,0,-0.443601,0,1,0,0,-1,0,0,0,0,2,0,1
0,3,0,1,0,-1,3,-0.538462,-2,0,-1,0,0,0,0,1,-0.396569,0,0,0,0,0,0,1,-1,0,0,0,-1,-1,0,1,0.7614,1,0,0,1,1,-2,0,0.613296,2,0,-0.460633,0,-3,0,0,0,0,-1,0,0,0,0,0,1,-1,-2,2,0,-1,0,0,0,-2,0,2,2,0,1,0,0,0,-1,0,-1,1,0,-1,0,0,1,0,3,1,0,-0.597545,-1,0,-0.30218,0,1,0,0,1,0,0,0,0,0,0,1
0,3,2,0,0,0,0,-0.021039,0,0,0,0,-1,3,0,0,-0.721475,0,0,0,0,0,-1,1,0,0,0,0,2,0,-2,0,2.10731,2,0,0,0,0,0,1,1.159046,0,1,-0.481585,0,0,2,0,0,0,0,-1,1,1,2,0,-1,0,0,0,0,0,0,0,0,1,0,0,3,0,0,1,1,0,1,1,0,0,0,0,0,-2,0,1,0,-2,0,0.720059,-1,-1,-0.236424,-1,1,0,0,0,0,0,-2,0,1,0,1
0,0,2,0,0,0,0,-0.587796,0,0,0,0,0,0,0,0,-0.446983,0,0,1,0,0,0,-1,1,0,0,0,0,0,1,0,0.47851,4,-1,0,0,0,0,-2,3.942152,0,1,-0.65126,0,2,0,0,0,0,0,1,0,0,0,0,0,1,0,0,1,0,0,0,0,-2,1,0,0,0,1,0,0,0,2,1,0,1,0,0,-1,1,0,0,0,0,0,1.603952,0,1,-0.628634,4,0,0,-1,0,0,0,0,0,-1,0,1
0,0,0,0,0,0,1,-0.31496,0,0,0,-2,0,0,4,0,-0.483044,0,0,3,0,0,0,0,0,0,0,0,0,-2,1,0,0.94536,1,0,0,0,0,0,0,0.797213,0,0,-0.538462,0,0,0,0,0,0,-1,0,0,0,0,0,1,0,2,0,1,0,3,0,1,0,1,0,0,0,0,1,0,1,0,1,0,0,0,0,0,0,0,-5,0,-1,0,-0.710698,0,0,-0.85201,0,0,0,0,0,0,-2,1,0,0,0,1
0,0,-2,0,0,0,0,-0.612903,0,0,-4,0,2,2,0,0,-0.672307,0,0,0,0,0,0,0,1,0,0,0,0,-1,1,0,2.32446,3,0,0,0,-2,-1,0,3.273228,0,0,4.966705,0,0,0,0,0,0,0,2,0,0,1,0,0,0,0,0,1,0,0,0,0,0,1,0,3,-1,0,-2,0,0,0,1,0,0,0,0,0,0,0,1,0,-1,0,-0.873082,0,0,-0.549443,0,0,0,0,0,1,0,0,0,0,0,1
0,0,0,0,0,0,0,-0.4976,0,0,0,-1,0,-2,0,1,-0.49972,0,0,-2,0,0,0,0,0,-3,0,-1,0,1,1,0,0.8,10,0,0,1,0,0,0,0.528998,0,0,-0.33319,-1,-1,0,0,0,-1,0,0,0,0,0,2,-1,0,-1,0,0,0,0,-1,1,0,0,0,0,0,-1,1,2,-1,0,0,0,0,0,0,-1,-2,0,0,0,0,0,-0.745626,0,0,-0.79661,1,1,1,0,0,0,0,-1,0,0,0,1
-3,0,-4,0,0,0,0,-0.63742,0,1,-1,0,0,0,0,0,-0.458103,0,0,0,3,0,0,1,0,0,0,0,0,0,1,1,0.8,1,1,0,1,-3,0,0,1.46906,-1,0,-0.571429,2,0,0,0,0,0,0,0,1,3,0,0,0,0,0,0,0,0,0,0,1,0,0,0,-5,0,0,0,0,-2,0,0,0,0,0,0,0,0,0,0,0,2,0,-0.778165,0,0,1.437214,0,0,0,-1,-1,1,0,0,2,0,0,1
0,0,0,0,0,0,0,-0.243383,0,0,0,0,0,0,0,0,-0.573719,-2,0,1,3,0,0,-1,0,0,0,0,1,0,1,0,0.90272,6,0,1,0,-1,5,0,0.832574,0,0,5.175856,0,0,1,0,0,0,1,0,2,-1,1,0,0,2,1,1,0,0,0,0,0,0,0,0,-2,0,2,1,0,0,0,0,0,0,0,0,0,-2,0,-1,0,0,0,-0.809953,0,0,-0.79661,0,0,0,-1,0,0,0,0,0,0,0,1
0,-2,0,0,0,0,0,-0.571667,0,1,0,0,0,0,0,0,-0.505262,0,-1,0,0,0,0,0,1,0,1,0,0,0,0,0,1.20987,0,0,0,0,0,0,0,2.232595,2,-2,-0.6386,0,-1,0,0,-1,0,1,0,0,0,1,0,0,1,0,0,0,0,1,0,1,0,-1,-1,0,0,0,0,1,3,3,0,0,-1,0,-2,0,0,0,0,0,2,0,-0.677412,0,0,-0.807826,0,0,0,0,0,1,0,0,0,2,1,1
0,-4,3,0,0,0,1,-0.661626,0,0,0,1,0,0,0,0,-0.615408,0,0,0,0,0,0,0,0,0,0,0,2,0,1,0,0.89566,3,0,0,-1,0,0,0,1.513573,3,0,-0.5337,-1,0,0,0,1,0,-1,-1,0,2,-4,0,0,0,0,0,0,-1,4,0,0,1,0,0,3,0,0,0,1,2,0,0,0,2,0,0,0,3,0,0,0,0,0,-0.697139,0,-2,-0.557337,0,0,0,0,0,2,0,0,0,0,1,1
0,0,0,0,-1,1,0,-0.659123,-1,0,0,0,0,0,3,-2,-0.6,0,0,0,0,0,0,0,1,0,1,0,-1,0,0,0,0.87068,4,0,0,0,0,-1,0,1.7037,0,0,-0.664478,-1,0,1,-1,0,0,0,0,0,0,0,0,0,-1,0,0,-1,0,0,0,1,0,0,0,0,0,0,0,1,0,4,-2,-3,-1,0,0,0,0,0,1,0,0,0,-0.647755,0,2,-0.71248,-1,0,0,0,0,1,2,0,0,1,1,1
0,0,0,1,0,2,0,-0.313151,0,0,0,3,-1,0,0,0,-0.679714,0,0,0,1,1,2,-3,0,0,0,0,0,0,0,0,0.66066,1,0,0,0,0,-1,0,0.703184,0,0,-0.547499,0,-1,0,0,0,-1,0,0,1,-1,0,0,0,1,1,0,0,1,0,1,0,0,0,0,-1,-1,0,0,0,1,0,0,0,0,0,0,0,0,0,0,0,0,0,-0.586207,1,0,-0.675324,-1,0,0,0,0,0,0,-2,0,2,0,1
0,0,0,0,0,-2,0,-0.733864,0,0,-1,0,0,0,1,0,-0.456512,0,0,0,0,2,0,1,0,0,0,-1,0,4,-2,0,0.71429,1,0,0,0,-2,0,0,1.67595,0,0,-0.426137,0,0,0,0,0,-3,0,0,0,-1,0,0,0,0,1,0,0,0,-1,3,0,1,-1,0,1,-2,0,2,0,4,0,0,1,0,0,0,-1,0,0,0,0,0,0,-0.9197,0,-2,-0.601128,0,0,0,0,0,0,0,0,0,2,0,1
0,0,0,1,0,0,0,-0.701383,0,0,-1,0,0,0,-1,0,-0.36581,-1,0,0,0,0,0,0,-1,0,0,0,2,1,0,0,0.82121,4,1,0,-1,0,0,0,0.711098,0,0,-0.618206,-1,0,0,0,1,0,0,0,-1,0,-1,0,0,0,-2,0,0,0,1,1,-2,0,0,0,-1,-2,0,1,0,-1,0,0,1,-1,0,0,1,1,0,0,0,-2,0,-0.178752,0,0,-0.640922,0,0,0,0,0,-1,0,1,-1,0,0,1
-2,0,0,0,0,-2,0,-0.84075,0,0,0,0,0,0,0,0,-0.68653,0,0,0,0,1,0,0,0,0,0,0,0,0,0,0,1.2473,0,0,0,0,0,0,0,1.290966,0,0,-0.672721,0,1,-1,-2,0,-2,1,0,0,-1,0,0,0,-1,0,0,0,0,0,0,1,1,-1,0,-1,0,1,0,0,0,0,-1,1,0,3,0,0,1,0,1,0,2,0,0.14143,-2,0,-0.549306,0,0,-1,0,0,-1,0,0,0,0,1,1
0,0,0,0,0,0,0,-0.562646,2,0,3,0,0,0,0,0,0.074827,0,0,0,0,0,0,0,0,1,-1,0,-1,0,0,0,0.99217,6,0,0,-1,0,0,0,0.352135,0,0,-0.501232,0,-2,2,0,0,0,0,0,0,4,3,0,0,1,0,-1,0,-1,0,0,0,2,-1,0,0,0,0,0,0,0,0,0,0,1,0,0,0,1,0,0,0,1,0,-0.74217,0,0,-0.580194,0,0,0,0,0,0,1,1,0,0,1,1
0,0,-2,0,0,0,0,0.102544,0,0,0,0,0,1,2,-1,-0.561026,1,0,0,0,0,-1,0,0,0,0,0,0,0,-1,0,1.11469,10,-3,0,2,2,0,0,0.704417,0,0,-0.732375,0,0,0,0,0,0,0,0,0,-1,0,1,2,0,-1,3,0,0,0,0,0,1,0,1,0,2,0,0,1,2,2,0,1,0,0,0,-1,2,-2,0,0,3,0,-0.692308,0,0,-0.631016,0,0,-2,0,0,0,0,0,0,0,1,1
0,0,0,1,0,-2,-1,-0.773585,1,0,0,0,-2,2,-1,0,-0.848979,0,1,1,0,0,-1,1,0,0,-1,0,3,0,0,0,1.31351,7,0,1,-1,1,0,0,0.583607,1,-1,-0.822619,0,0,0,0,0,0,0,-1,0,2,1,0,0,0,-1,2,0,0,0,0,1,0,0,0,0,1,0,0,1,0,2,0,-1,-1,0,0,0,0,0,0,0,0,0,-0.45448,2,0,-0.740815,0,0,0,0,0,0,0,0,1,0,0,1
0,0,0,0,0,0,0,-0.809544,-1,1,0,0,1,0,0,0,-0.630343,0,0,0,0,0,0,1,0,0,1,0,0,0,0,0,0.96925,0,0,0,0,0,0,0,3.423254,0,0,-0.733333,0,0,0,-1,0,0,2,1,0,0,0,0,0,0,0,0,0,0,0,0,3,0,0,3,-2,0,-1,0,2,1,1,0,0,-6,0,0,0,0,0,0,0,0,0,-0.542115,0,0,-0.51703,0,0,0,-2,0,0,1,0,0,1,0,1
0,3,-1,0,0,0,0,2.266317,0,0,0,0,0,0,-4,-1,-0.675676,0,0,0,0,1,0,0,0,1,0,0,0,0,0,0,1.29453,4,0,0,2,1,0,0,1.334993,-5,0,-0.778291,0,1,0,0,1,0,0,0,-1,-2,1,0,0,0,0,0,0,-1,0,0,1,1,0,0,1,0,0,0,-1,0,0,0,0,-3,0,0,0,2,0,0,0,0,1,-0.571429,0,0,-0.546931,0,0,0,0,2,0,0,-2,0,2,0,1
0,0,0,0,0,0,0,-0.468698,0,0,0,0,1,0,0,2,-0.658554,0,0,0,0,0,0,2,0,1,2,0,0,1,0,0,1.03624,6,0,0,-2,0,0,1,0.583064,-1,0,-0.599577,0,1,-1,0,0,0,0,0,0,0,0,0,0,0,-2,0,1,0,-1,0,0,-1,0,4,0,0,0,0,0,-1,0,0,0,-1,0,4,1,0,0,0,0,0,0,-0.587861,0,0,-0.448411,0,0,2,0,0,0,0,0,0,0,0,1
0,3,0,0,0,0,0,-0.549006,0,0,0,0,0,0,-1,0,-0.106175,0,0,-1,0,0,0,-1,0,0,0,0,-1,1,1,0,0.98996,2,1,0,1,1,0,1,1.684071,0,0,-0.748996,0,0,0,0,1,0,0,0,0,0,0,0,-3,0,0,0,0,0,1,0,0,0,1,0,1,0,1,0,0,-2,0,1,1,0,1,-1,1,0,0,3,0,-1,0,-0.342735,0,0,-0.740328,0,0,0,-1,0,1,0,0,-1,0,0,1
0,0,2,0,0,-2,-1,-0.520318,-2,1,0,0,1,2,0,0,-0.368136,0,0,-1,2,0,0,0,0,1,0,2,-3,0,1,0,1.1778,1,0,0,0,1,0,0,0.254315,0,0,-0.80062,0,1,0,0,0,0,0,0,0,0,0,0,0,0,2,3,0,0,-1,1,0,0,0,0,0,-4,0,1,0,0,0,0,0,2,0,0,0,0,0,0,0,2,0,-0.52,0,0,-0.79583,0,0,0,0,2,1,0,4,0,0,0,1
-1,0,0,0,0,-4,0,-0.24719,0,0,1,0,0,-2,0,0,0.107956,0,0,0,0,0,0,0,0,0,0,0,0,0,-1,0,1.15344,8,0,-1,-2,0,0,0,2.20588,0,-1,-0.713446,0,0,0,0,0,0,0,0,0,0,0,0,0,1,1,0,0,0,0,0,0,0,0,1,1,0,2,0,1,0,0,1,0,0,0,0,-1,0,0,1,0,0,-1,-0.675676,0,0,-0.772886,0,0,-1,0,0,0,-1,-2,0,0,1,1
0,-1,0,0,0,0,-1,1.190947,0,0,0,0,1,0,0,0,-0.370855,0,0,2,0,0,0,0,0,0,0,0,3,0,0,0,1.1399,4,0,0,0,0,0,0,2.20588,0,0,-0.647335,0,-1,0,0,0,0,1,0,-1,0,2,0,0,0,2,3,0,3,0,0,0,0,0,-2,0,0,-1,0,1,0,0,0,0,0,0,0,0,0,0,1,0,0,-1,-0.675676,0,0,-0.618802,2,0,0,0,0,0,0,0,0,0,1,1
0,-1,0,0,0,0,-1,-0.81403,-2,0,0,0,0,0,0,-2,-0.759199,1,0,0,0,0,0,0,0,1,-1,0,0,0,0,0,2.02955,22,-1,0,0,1,1,0,1.269385,-1,2,-0.640509,0,-2,1,0,0,0,0,0,0,0,0,1,-3,1,1,0,1,0,0,0,0,0,-1,-3,0,0,0,1,0,3,0,1,0,0,0,0,0,1,0,1,0,0,0,-0.650712,0,0,-0.780163,0,0,0,0,1,1,1,0,0,0,1,1
0,2,0,0,0,0,0,-0.892056,0,0,0,0,-1,0,0,1,-0.426996,0,0,0,4,0,0,0,0,-1,-1,1,0,0,0,0,0.78933,12,0,0,0,1,1,0,0.784279,1,0,-0.875325,0,0,0,0,0,-1,0,0,0,2,0,0,0,0,1,0,0,0,-1,2,0,0,0,0,0,0,0,0,0,0,0,0,0,0,0,1,0,0,0,0,0,-1,0,-0.818182,0,0,-0.857143,1,1,0,-1,0,0,-3,0,1,2,0,1
0,0,-1,0,1,1,0,-0.742181,0,2,0,0,1,0,0,0,-0.542964,0,0,1,0,0,0,0,0,-1,0,1,0,0,0,0,0.70606,3,0,0,0,0,0,0,0.695652,4,0,-0.345852,0,6,0,0,0,0,0,-1,1,0,0,0,0,0,0,0,0,0,1,0,1,0,1,0,0,0,0,1,0,0,2,0,-1,0,0,0,0,0,2,0,0,0,-2,-0.886173,-1,0,-0.137994,0,1,0,0,0,2,0,0,0,-1,0,1
0,0,0,0,0,0,2,0.899521,0,-1,0,1,1,-1,0,0,-0.444138,-1,1,0,2,0,0,0,0,0,0,1,-1,-2,0,0,0.6649,1,-2,0,0,0,0,0,0.695652,0,0,-0.573797,1,0,0,0,0,0,0,0,0,0,1,0,-1,0,0,0,0,0,4,0,0,0,0,2,0,0,0,1,-1,0,1,0,0,0,0,0,0,0,0,1,0,-1,-1,-0.818182,0,0,-0.857143,0,0,1,-1,0,0,0,-1,0,-1,0,1
0,1,0,0,0,0,-1,-0.153812,0,0,0,0,0,0,0,2,-0.145797,0,1,1,-3,1,0,0,0,0,0,0,0,0,0,0,1.72467,9,0,0,0,0,0,0,0.721222,0,0,-0.793318,0,0,0,0,0,0,0,0,0,-2,0,-1,-1,0,2,0,0,1,1,0,0,1,-1,-1,-1,0,0,3,0,0,2,0,0,0,0,1,0,1,0,0,0,0,0,-0.829586,0,0,-0.685349,0,0,0,-2,1,0,0,0,-1,0,1,1
0,0,0,1,0,0,0,-0.367952,-1,0,0,0,-2,0,0,0,-0.75,0,1,1,0,1,-1,0,0,0,0,0,0,0,0,0,1.77698,2,0,0,0,0,0,0,1.138276,1,0,-0.80404,0,0,0,0,0,0,0,0,0,3,0,0,0,0,2,0,-1,0,0,-1,0,1,0,0,0,0,0,0,0,0,0,0,1,0,0,1,-1,1,0,0,0,0,2,-0.441781,0,0,-0.636364,0,0,0,0,1,0,0,0,0,1,1,1
0,0,0,1,-1,0,0,-0.6,0,1,0,0,0,0,0,0,-0.575408,0,1,1,0,1,1,0,-1,0,0,0,0,0,0,0,1.57932,13,0,0,0,0,0,0,0.732082,0,0,-0.802195,0,0,0,0,0,0,0,0,0,0,-1,1,4,1,0,-1,0,0,-1,0,2,1,0,0,0,0,0,3,0,-1,0,0,1,3,0,0,0,1,0,0,0,0,0,-0.754213,0,0,-0.647687,0,0,0,0,1,0,0,0,-2,-1,1,1
-1,0,0,0,0,0,0,-0.520629,0,0,0,0,0,0,0,1,-0.235258,0,0,1,0,0,0,0,0,-1,0,0,2,0,0,0,2.13099,1,0,0,1,0,0,0,0.942556,0,0,-0.567469,0,0,0,-1,0,1,0,0,0,0,0,0,1,0,0,-1,0,0,-8,0,4,0,-2,1,0,0,1,-1,0,1,0,0,0,0,1,0,0,0,0,1,0,0,0,-0.290458,0,1,-0.687927,0,0,-1,0,0,0,0,1,0,0,1,1
0,0,0,-3,0,0,0,-0.555556,0,0,-1,1,-1,0,1,0,-0.200973,0,-1,2,1,0,-1,0,0,0,1,0,1,0,0,0,0.80469,0,-1,0,-2,0,0,0,0.945102,0,-1,0.630955,0,0,0,1,0,0,0,0,0,0,0,0,0,0,0,0,0,0,0,3,0,0,0,0,0,0,1,0,0,-1,0,0,1,-1,0,0,0,0,-2,2,-1,1,0,-0.03542,0,1,-0.7,0,0,1,1,0,-1,0,1,0,0,1,1
0,0,-1,0,1,0,0,-0.878776,0,1,-1,0,1,0,0,0,-0.893439,0,0,0,1,0,1,0,0,0,1,0,1,0,0,0,0.96217,3,0,0,0,0,1,0,0.957633,0,0,-0.35783,0,0,0,0,0,0,0,0,0,0,1,0,-1,0,0,0,0,0,0,0,0,0,2,0,0,0,0,1,0,0,-1,1,0,0,0,-2,0,0,0,0,0,1,0,0.385088,0,0,-0.909403,3,0,0,1,0,0,-1,0,0,1,1,1
2,0,5,0,0,0,0,-0.837499,0,0,0,0,0,-1,1,0,-0.089751,0,2,2,0,0,0,0,1,0,-2,0,0,0,-1,0,1.77101,12,0,0,0,0,0,0,1.424125,0,0,-0.666881,2,0,0,0,0,0,1,1,0,0,0,0,0,2,0,0,0,0,0,0,0,1,0,-1,0,0,0,0,0,0,0,0,0,-1,0,0,0,1,1,0,0,-1,1,-0.676424,0,2,-0.673168,0,0,0,0,1,-1,2,0,0,0,1,1
0,0,0,0,0,0,-2,-0.675071,0,0,0,0,0,0,0,0,-0.52,1,0,0,0,0,1,-1,1,0,0,0,0,0,0,0,3.11429,4,0,0,0,0,0,0,0.486239,0,0,-0.665871,0,0,0,2,0,0,1,-2,0,2,0,0,0,0,1,0,0,0,0,-4,0,0,0,2,0,0,0,0,0,0,2,0,0,2,0,0,1,0,0,1,0,0,0,-0.57509,0,0,-0.735565,0,0,0,1,0,0,-1,0,0,0,1,1
0,-2,-2,0,1,0,0,-0.779337,0,0,0,0,0,0,0,0,-0.52,0,0,0,0,0,1,0,0,0,0,0,2,0,0,0,3.11429,12,0,-1,0,0,-1,0,0.486239,0,0,-0.889908,0,0,0,0,0,-1,0,0,0,0,0,0,0,0,0,0,0,0,0,1,0,0,0,1,0,0,1,0,1,0,2,0,0,0,0,0,0,0,0,-3,0,-2,0,-0.47111,1,0,-0.758641,2,0,0,-1,0,0,0,0,0,0,1,1
0,0,-1,0,0,-1,0,-0.435385,0,0,0,0,0,0,1,0,-0.68478,1,-1,0,1,0,-1,1,0,0,0,2,0,0,0,0,1.18349,1,1,0,0,0,0,0,0.991287,-2,0,-0.883048,0,0,0,1,0,0,0,0,-1,0,1,0,0,0,0,-1,0,-1,0,1,0,0,0,1,0,0,0,0,0,1,2,-1,0,0,0,-1,0,0,0,0,0,3,0,-0.333333,0,0,-0.638869,0,-1,-3,0,0,-2,0,0,0,0,0,1
0,0,1,0,0,0,-1,-0.71404,0,0,-1,0,0,0,0,0,-0.722656,1,0,0,1,0,0,0,1,0,0,0,0,0,0,0,1.16564,2,0,0,0,1,0,0,0.960239,0,0,-0.81917,0,1,0,0,0,-3,0,0,0,-1,1,0,0,0,2,-1,1,-1,0,0,1,0,0,0,0,1,0,0,0,0,0,0,-3,0,0,0,0,-1,0,0,0,1,-1,-0.272108,0,0,-0.882826,0,0,1,0,-1,1,1,1,0,3,0,1
0,0,-1,0,0,0,1,-0.707847,0,0,3,0,0,0,1,0,-0.67693,1,0,0,1,0,0,2,0,1,0,0,0,0,-1,0,1.31225,0,1,0,0,0,1,0,0.650765,0,1,-0.744798,0,0,0,0,0,0,0,-1,0,0,1,0,1,0,0,0,3,0,0,0,0,2,0,1,0,0,0,0,0,0,0,0,1,1,0,0,0,2,0,0,1,0,1,-0.333333,0,0,-0.647793,-1,0,1,0,0,0,0,0,0,0,0,1
0,0,0,0,-1,0,0,-0.692308,0,0,0,0,0,0,0,0,-0.73913,0,0,0,0,0,-2,0,-1,1,0,0,0,2,0,0,0.63023,2,-1,0,0,0,0,0,2.745591,0,0,0.018385,-1,0,0,0,0,0,1,0,0,-1,0,0,-1,0,0,0,0,0,0,0,0,0,0,2,-1,0,0,0,0,0,0,0,0,0,0,1,0,0,0,-1,1,1,0,-0.701278,2,0,-0.649734,0,0,0,-1,1,-1,0,0,0,0,0,1
-1,0,1,-1,1,0,3,-0.667893,0,-1,0,0,1,0,-2,0,-0.88949,0,-1,0,0,0,-1,0,0,0,0,-1,0,0,0,0,0.65162,0,0,1,2,0,0,0,0.8,2,1,-0.799426,1,2,0,0,0,0,0,0,0,0,0,-1,-2,0,0,0,0,0,0,-1,0,-1,3,0,1,0,0,0,0,0,0,0,0,0,-1,1,0,0,0,2,0,-1,0,-0.536359,0,1,-0.618709,1,0,0,0,0,0,0,0,0,0,0,1
0,0,0,0,0,0,0,-0.456098,0,0,0,0,0,0,2,0,-0.656004,0,0,0,1,0,0,-1,0,0,0,0,-2,0,2,0,0.82566,1,-1,0,0,0,0,0,0.881025,2,0,0.243597,1,0,-1,0,0,0,0,1,0,0,0,0,1,0,-1,0,1,1,1,0,0,0,0,0,0,0,-1,0,-1,-1,-1,0,-1,0,0,0,0,0,0,0,1,0,0,-0.106669,0,1,-0.578411,0,1,0,0,1,0,-1,0,0,0,0,1
0,0,0,0,0,3,1,-0.767153,1,0,0,0,0,0,0,0,-0.591395,0,0,0,0,0,1,0,0,0,0,3,0,0,0,0,1.6898,5,0,0,1,1,2,0,0.573256,0,0,-0.861218,3,0,0,1,1,0,0,0,0,-1,0,1,0,0,2,1,0,0,0,0,0,0,0,0,2,0,1,0,-2,0,0,0,0,0,0,0,1,0,0,1,0,0,0,-0.857545,0,0,-0.765704,0,0,2,0,0,0,1,0,0,1,1,1
0,1,0,0,0,0,1,-0.70063,0,0,0,0,0,0,1,0,-0.818258,0,0,0,0,0,1,1,0,0,-1,2,0,1,1,0,2.21592,1,0,-1,0,-1,0,0,0.855373,1,0,-0.778162,1,-1,0,1,0,0,0,2,1,0,0,1,0,0,0,1,0,0,0,0,2,0,0,0,0,0,1,0,0,1,-1,0,0,0,0,1,0,0,0,1,1,-1,0,-0.610287,0,0,-0.574985,1,0,2,0,0,1,1,0,1,1,1,1
0,1,0,0,0,0,1,-0.308472,0,0,0,0,0,3,0,0,-0.170594,2,0,1,0,0,0,0,0,0,0,0,0,0,1,0,1.81468,5,2,0,0,0,0,0,0.550509,0,1,-0.813165,0,0,0,0,0,-2,0,0,0,0,0,2,-1,0,0,0,0,1,0,0,0,0,0,-1,0,0,1,0,0,4,0,0,0,4,-1,0,0,0,0,1,0,-1,1,-0.383856,1,0,-0.728408,2,0,0,0,-1,0,0,1,2,1,1,1
0,0,0,0,0,0,0,-0.820391,4,0,0,0,1,0,0,0,-0.904169,0,0,0,-3,1,0,0,0,0,0,0,0,0,0,0,1.1267,1,0,0,0,-1,0,0,0.581963,0,0,-0.736885,0,0,0,0,-1,0,0,0,0,-1,0,1,0,0,0,0,0,1,0,0,-1,0,1,2,-1,1,0,0,0,0,0,0,0,0,1,1,0,0,0,1,0,2,0,-0.677344,0,-1,-0.718564,1,0,2,1,0,0,0,-1,0,0,1,1
0,0,0,2,-1,0,0,-0.719851,1,0,2,0,0,0,0,1,-0.170947,0,-1,0,0,0,1,0,0,0,0,0,0,0,0,1,1.24287,1,2,0,1,0,0,0,0.436868,0,0,-0.803047,0,0,0,1,0,0,0,0,0,0,0,1,0,0,4,0,0,0,0,0,0,0,0,4,0,1,0,0,0,-2,0,0,0,-4,0,1,0,-1,0,0,0,0,1,-0.665085,0,0,-0.76308,0,0,2,0,0,1,0,0,0,0,1,1
0,0,2,0,0,0,1,-0.674699,0,0,0,0,-2,0,1,0,-0.783735,0,0,0,0,1,-1,0,0,0,0,0,0,0,0,0,1.88187,6,0,0,1,0,0,0,0.482333,-1,0,-0.735824,0,1,0,0,0,0,-1,0,0,-1,0,0,0,0,0,0,0,0,0,0,0,0,0,2,0,1,0,0,0,0,0,0,3,1,1,1,0,-2,0,0,0,0,0,-0.707317,0,0,-0.630534,-2,0,0,2,0,1,0,0,-1,1,1,1
0,0,1,0,0,0,0,-0.242695,0,0,0,-2,1,0,0,1,-0.746224,0,0,1,1,0,0,0,0,0,1,0,0,0,3,0,1.34286,3,0,0,0,0,0,0,1.815367,-1,2,-0.753036,0,-2,0,0,0,0,0,0,0,2,0,0,1,0,0,0,0,0,2,1,1,2,0,0,0,0,4,0,1,0,0,0,0,0,0,0,-1,0,0,0,0,-1,0,-0.529461,0,0,1.296788,0,1,0,0,0,0,0,0,0,0,1,1
0,-2,1,0,0,0,0,-0.622875,0,0,0,0,0,0,0,1,-0.714286,0,0,0,1,-1,0,1,0,0,1,0,0,0,0,0,2.38649,18,0,-2,0,0,0,0,2.592803,0,2,-0.825009,0,0,0,0,0,0,0,1,0,0,0,0,1,0,0,0,0,1,0,1,1,3,0,0,2,0,0,0,1,0,2,0,0,0,-1,0,0,0,0,0,0,0,0,-0.546259,0,0,0.133497,2,1,2,0,0,0,0,0,0,0,1,1
-1,0,0,0,0,0,1,0.226133,0,0,0,0,0,0,0,-6,-0.644098,0,-1,0,1,0,0,0,0,0,0,0,0,2,1,0,1.30824,12,0,0,0,2,0,0,1.581944,2,0,-0.728856,0,0,0,0,0,0,0,0,0,0,1,0,0,0,0,0,0,0,0,1,0,0,1,-1,3,1,1,0,1,2,0,0,-1,2,0,0,0,-2,0,0,0,0,0,-0.487092,0,0,0.232124,0,1,0,0,0,0,0,0,0,0,1,1
0,0,-2,0,0,0,0,-0.63306,0,0,0,0,0,0,0,0,-0.684263,0,0,0,0,0,0,0,0,-1,0,-1,0,0,2,0,3.06885,4,0,0,0,0,1,0,0.526316,0,0,-0.900443,2,1,0,0,0,0,0,1,0,0,0,1,1,-5,0,-1,0,1,0,0,3,0,0,0,0,0,0,0,-3,0,0,0,0,-1,0,-2,0,0,0,0,0,0,0,-0.619593,1,0,-0.814025,1,0,-1,0,0,1,-1,-1,1,1,0,1
0,0,0,0,0,-1,-2,-0.793236,0,-1,0,0,0,-1,0,0,0.136815,0,0,-2,1,0,0,0,0,0,-1,1,0,-3,0,-1,1.09118,0,0,2,-1,0,1,0,0.526316,0,0,-0.687435,0,0,0,0,0,0,-2,0,0,0,0,1,-1,0,0,0,0,-1,-1,0,0,-1,0,5,0,0,0,0,1,0,2,0,-1,0,0,-1,0,-1,0,0,0,0,0,-0.660244,0,1,-0.72526,-1,0,0,3,0,0,0,0,0,0,0,1
0,0,1,-1,0,-3,0,-0.709237,0,0,0,0,-3,0,0,0,-0.837675,0,-1,2,0,0,0,0,0,0,0,1,-1,0,0,0,2.2622,7,0,-1,0,-2,0,0,0.835625,0,0,-0.266872,0,-1,0,0,0,0,0,0,0,-2,0,0,0,-1,3,0,0,0,0,1,0,0,0,0,2,0,-1,0,0,1,1,0,0,0,1,0,0,1,0,-1,0,1,0,-0.017881,-1,0,-0.489439,0,0,0,-1,0,1,0,0,2,0,0,1
0,0,0,0,0,0,0,-0.688609,0,0,1,0,0,0,0,1,-0.694727,0,0,1,2,0,2,0,0,0,0,0,0,2,3,0,1.32056,0,0,0,0,3,0,0,1.2,2,0,-0.437309,0,0,1,0,0,0,-1,0,0,3,0,0,0,-1,0,0,0,0,-5,0,1,0,2,1,0,0,0,0,3,0,0,0,0,0,0,-1,0,0,0,0,0,-1,1,-0.817497,-2,1,-0.510166,0,0,0,0,1,1,0,2,4,1,1,1
0,-4,0,0,0,0,0,-0.867764,0,1,1,-1,0,1,0,0,0.503958,0,0,-1,0,0,0,4,1,1,0,0,3,2,0,0,1.73395,15,0,0,0,-4,0,1,1.169561,0,0,-0.80308,0,0,0,0,2,0,0,1,-1,0,0,0,0,0,-1,0,0,0,1,0,0,0,0,1,0,0,3,1,1,0,0,0,0,-1,0,0,1,1,0,0,0,0,0,-0.722609,0,0,-0.69666,0,0,0,0,0,0,0,1,0,0,1,1
-1,0,0,2,0,2,2,-0.236326,0,1,1,0,0,0,3,1,-0.628123,0,0,1,2,0,0,0,0,0,0,0,-3,2,0,0,1.57143,0,0,0,0,-2,0,0,1.2,0,0,0.002565,3,0,1,0,0,0,0,0,0,0,0,0,0,0,0,-2,0,0,0,1,0,0,3,-2,2,0,0,2,0,1,0,0,0,1,0,0,0,0,0,1,0,1,0,-0.706603,0,0,0.24464,2,0,0,0,1,1,1,2,0,0,1,1
1,1,7,0,0,0,0,-0.760098,0,0,-1,0,0,0,0,2,-0.636364,0,0,1,1,0,0,0,0,0,0,-2,0,0,0,0,1.3598,5,0,0,1,5,0,1,2.976704,0,1,-0.760256,-2,0,0,0,1,0,1,0,0,0,0,0,0,0,0,1,1,1,2,0,1,0,0,0,0,1,0,0,1,0,0,0,0,0,0,-1,0,0,0,0,0,-1,0,-0.320433,0,0,-0.573517,0,-2,0,0,0,0,0,1,0,0,0,1
0,0,0,1,1,0,0,-0.680747,-1,0,1,0,0,-1,-3,0,-0.609235,0,1,3,0,2,-1,0,0,0,0,0,0,0,1,0,2.73713,9,0,0,0,0,-1,0,0.563882,0,0,-0.761001,0,0,0,0,-2,0,1,0,0,-1,0,0,0,0,0,0,0,0,0,1,0,0,1,0,0,0,1,0,0,0,0,0,0,0,1,0,0,0,0,0,0,0,2,-0.688319,0,0,-0.699706,0,0,0,0,0,0,0,0,0,0,0,1
0,0,0,0,0,0,0,-0.644592,0,0,0,0,0,0,0,0,-0.351985,-3,0,0,0,0,0,0,0,0,0,-2,0,0,0,0,3.57904,7,-1,1,0,0,0,2,1.73469,0,0,-0.755102,0,0,0,0,-1,0,0,0,0,2,1,0,0,0,0,0,0,0,0,0,0,1,0,0,2,0,0,2,5,0,0,0,0,2,-1,1,0,0,0,0,0,1,0,-0.62214,0,0,-0.719617,0,0,0,0,0,0,0,0,0,1,0,1
0,0,0,-2,1,-1,0,-0.499083,0,0,0,0,0,0,0,0,-0.685513,0,0,-2,0,0,0,0,0,0,0,2,0,0,0,-1,2.25956,3,1,1,1,0,0,0,0.544543,-2,-1,-0.74793,0,1,1,0,0,0,0,0,0,2,1,0,0,1,1,-6,-1,0,1,0,0,0,1,1,0,0,0,0,4,1,0,0,0,0,0,0,0,0,0,-1,0,0,0,-0.217738,0,0,-0.466799,0,0,0,-1,0,0,0,0,0,0,0,1
0,0,0,0,0,0,0,-0.690661,1,0,0,0,0,1,2,0,-0.905288,0,1,0,0,0,0,0,0,0,1,0,0,0,0,0,1.60565,3,0,1,0,0,0,0,0.340944,0,0,-0.719544,0,0,0,0,0,0,0,0,0,0,0,0,0,0,1,0,0,1,0,0,0,1,0,0,0,-1,-1,0,0,0,0,0,0,0,0,0,0,0,0,0,0,0,2,-0.705628,-1,-1,-0.596694,2,0,1,0,0,0,-1,0,0,1,0,1
0,-2,1,0,1,0,0,-0.561367,0,0,0,0,-3,-1,2,0,-0.787757,0,0,2,0,0,0,0,1,-1,0,0,1,2,0,0,1.54286,4,0,1,0,0,1,0,0.506997,0,0,-0.765692,-3,0,0,0,3,0,0,0,0,0,1,3,0,1,1,0,0,0,1,0,1,-1,0,0,-3,0,1,0,0,1,0,0,0,0,0,0,0,0,0,0,0,0,0,-0.590892,-1,0,-0.70966,0,0,-2,0,0,0,2,1,2,0,0,1
-2,0,0,1,0,4,0,-0.658038,0,0,4,0,0,0,-2,1,0.040068,0,0,1,1,1,1,0,0,0,0,0,0,0,0,0,1.1927,9,0,0,0,-1,0,-1,0.75,0,0,-0.73233,2,0,-1,0,2,0,0,0,0,1,0,0,1,0,-2,0,0,0,0,0,1,0,0,0,0,0,0,0,-1,0,0,1,0,0,0,0,0,2,0,0,0,0,0,-0.264842,0,0,-0.679762,0,0,-2,0,-1,1,2,0,0,0,0,1
0,0,-1,0,0,0,0,-0.805886,-1,0,-1,0,0,1,2,1,-0.823529,0,0,1,1,1,1,0,0,0,0,-1,-1,0,1,0,1.24587,32,0,0,0,0,0,0,1.501932,2,0,-0.734847,3,-1,0,1,0,0,0,0,0,0,0,0,1,-1,0,0,0,0,0,0,1,0,0,0,0,0,2,0,0,0,-1,0,0,0,-2,1,0,0,0,0,0,0,0,0.496522,0,0,-0.656016,0,0,2,0,-1,1,0,0,1,0,0,1
0,2,1,1,0,1,1,-0.833325,0,0,0,0,0,0,0,1,-0.823529,0,0,1,1,1,0,0,0,0,0,-1,6,-2,-1,2,1.21926,9,0,0,-2,0,0,0,1.425419,-1,0,-0.758629,0,0,0,0,0,0,0,0,-1,-1,0,0,1,0,0,0,0,0,2,0,0,0,1,0,0,1,3,0,0,0,2,0,1,0,0,-1,-1,0,0,0,0,1,0,-0.14614,0,0,-0.674399,0,0,3,0,0,1,2,0,0,0,0,1
1,1,0,1,0,0,0,-0.621359,0,0,0,0,0,0,0,0,-0.748897,0,0,0,2,2,0,0,0,-1,0,0,3,0,0,0,1.27548,5,0,0,1,0,0,0,1.717939,0,0,-0.764711,0,0,1,0,0,0,0,0,0,0,0,0,0,0,0,0,0,0,0,0,1,0,1,0,0,2,1,0,1,3,0,0,0,0,0,0,0,0,0,0,2,0,0,-0.588565,0,0,-0.601764,0,0,0,0,0,0,0,0,1,-1,1,1
0,0,0,0,0,-1,0,-0.700054,1,0,0,0,3,0,0,0,-0.824876,0,0,1,0,0,1,0,0,0,-1,0,0,0,1,0,1.99725,6,0,0,1,0,-1,0,1.402841,2,0,-0.793044,0,0,0,0,0,0,0,0,0,2,0,0,0,0,1,0,0,0,0,0,0,-1,0,0,0,0,1,0,4,2,0,0,0,-1,0,-1,0,0,0,0,0,-3,0,-0.277074,0,0,-0.023036,0,0,0,0,0,0,0,1,-2,0,1,1
0,0,0,0,0,0,0,-0.664528,0,0,1,0,1,0,0,2,-0.811115,0,1,0,1,0,0,0,0,0,0,0,2,0,1,0,1.1566,8,0,0,1,0,0,3,1.346848,0,0,-0.746386,0,0,0,0,1,0,0,0,0,0,0,0,0,0,0,0,-1,-1,0,2,0,0,0,-1,0,0,1,-2,-1,0,0,0,0,0,0,0,0,0,0,-1,0,0,-2,-0.340535,0,0,-0.691066,0,0,0,0,0,0,1,0,0,1,1,1
0,1,1,1,0,0,1,-0.819452,0,0,-1,0,0,-4,0,1,9.010699,0,-1,0,0,0,0,1,0,0,-1,0,0,0,0,0,1.11429,0,0,0,0,3,1,0,1.561717,0,0,-0.842119,0,0,0,0,0,0,0,0,0,0,0,2,0,0,1,0,1,0,0,1,1,-1,0,1,0,0,0,0,0,1,0,-1,-2,0,0,0,0,0,0,-1,0,1,0,-0.462466,0,0,-0.654085,0,0,0,0,0,0,0,1,0,0,0,1
0,1,0,1,0,0,1,-0.853336,-1,0,0,0,0,0,0,1,9.55422,-1,3,1,0,0,0,0,0,0,0,0,0,0,0,1,1.26198,0,0,0,0,0,1,0,2.086543,1,0,-0.692308,1,0,3,-1,0,0,0,0,1,0,0,0,-1,0,0,0,0,0,0,0,0,0,0,1,0,-1,1,2,0,-1,0,-1,0,0,0,0,0,0,3,0,0,1,0,-0.058372,0,0,-0.65454,0,0,0,0,0,1,1,1,0,0,0,1
1,1,2,1,0,0,1,-0.809524,0,-1,0,1,0,0,0,1,5.451581,0,0,0,0,0,0,-2,0,2,0,0,0,0,0,0,1.11429,0,0,0,4,0,1,0,1.089502,0,0,-0.451936,1,0,0,0,0,0,0,0,0,0,0,0,0,1,0,0,0,0,0,0,0,0,0,1,0,0,-1,0,0,0,0,-1,0,0,0,0,0,0,0,4,0,0,0,0.076504,0,-1,-0.669968,0,0,0,0,0,0,0,1,1,0,0,1
0,0,0,-1,0,0,0,0.030984,1,1,0,0,0,0,7,-1,-0.500583,0,0,0,0,0,0,0,0,-2,0,0,0,0,0,0,1.18596,10,0,0,2,-1,0,0,0.351985,0,0,-0.632555,0,0,0,0,0,0,0,0,0,0,2,2,0,0,0,0,0,1,0,0,1,0,0,0,0,0,3,0,0,0,2,0,0,0,0,0,0,-2,0,0,0,1,0,-0.616192,0,0,-0.769977,0,-1,0,0,0,-1,0,3,-4,1,0,1
0,0,0,1,0,0,0,1.79584,0,0,1,1,1,0,0,0,-0.676944,0,0,1,0,0,-1,-1,0,0,0,3,0,0,0,0,1.217,11,0,-1,0,0,0,0,0.659438,0,0,-0.696617,0,1,0,0,0,0,0,0,-1,1,0,0,-1,1,1,0,0,0,0,0,1,0,0,-1,0,0,0,1,-1,0,0,-1,0,-3,0,1,0,0,0,0,0,1,0,-0.346511,0,0,-0.924376,2,0,0,0,0,1,0,0,1,1,0,1
0,1,2,0,0,0,0,-0.568464,0,0,-1,0,-1,0,0,0,-0.666667,0,0,0,0,0,0,-1,3,0,0,0,-3,0,0,0,0.98394,0,-1,0,0,0,0,0,0.864865,0,0,-0.708422,0,0,0,0,0,0,0,0,0,0,0,0,2,0,0,0,0,0,-2,0,1,0,0,-1,0,0,2,1,0,0,0,0,0,0,0,0,0,0,0,0,-1,3,0,-0.675676,0,0,-0.833595,0,0,0,0,1,0,0,1,0,0,0,1
2,-1,0,0,0,0,0,-0.815385,0,0,1,0,0,0,2,0,-0.561902,0,0,0,1,0,0,-1,-1,0,0,0,0,0,1,-1,3.05083,11,0,0,0,0,0,1,3.137388,0,0,-0.130287,0,0,-2,0,0,0,0,0,0,0,1,1,0,0,2,0,0,0,0,0,0,0,1,-1,0,0,0,1,0,2,0,1,0,0,0,0,0,1,-4,0,0,0,0,-0.626822,0,0,-0.459566,3,0,0,0,0,1,2,0,0,0,1,1
1,0,2,1,0,2,0,-0.815385,0,0,0,0,0,0,2,0,-0.699105,0,0,0,1,0,0,0,1,0,-1,0,0,0,1,1,0.84696,3,0,-1,0,1,0,-1,1.08772,-1,0,-0.728423,0,0,0,0,-1,0,0,0,0,0,1,3,0,0,0,0,0,0,0,0,0,0,0,0,0,0,0,2,0,0,0,1,0,0,0,0,0,1,0,1,0,0,0,-0.678446,0,1,-0.320837,0,0,0,0,0,0,0,1,0,0,1,1
0,0,2,1,0,-2,0,-0.523614,0,0,0,0,0,-1,2,3,-0.645799,0,0,0,1,0,4,0,0,1,0,0,0,-2,0,0,1.91356,7,0,-1,0,1,0,0,1.08772,2,1,-0.745271,0,0,0,0,0,0,0,0,0,1,1,0,1,0,0,0,0,0,2,0,0,0,1,0,0,0,0,0,2,0,4,1,0,0,0,0,0,1,-1,1,0,0,0,1.631672,0,0,-0.171798,0,0,0,0,1,0,0,0,1,0,1,1
0,0,0,0,0,0,0,-0.5,0,0,-1,0,0,0,0,0,-0.764706,0,0,0,0,1,-1,0,0,0,0,0,2,0,0,0,0.93906,1,0,0,0,0,0,0,0.722222,0,0,-0.681134,0,0,0,0,-1,0,0,1,0,0,0,0,0,0,-1,0,0,-1,0,0,-1,1,1,1,-2,0,0,0,0,1,0,0,0,5,0,0,0,0,0,0,0,0,0,-0.658036,-1,-1,-0.804856,0,0,0,0,-2,0,1,0,0,0,1,1
0,0,0,0,0,0,2,-0.789533,0,0,-1,0,0,0,0,0,-0.764706,0,0,0,1,0,-1,0,1,0,0,2,0,0,2,0,1.37215,6,-1,0,0,-1,0,1,0.43927,0,1,-0.666667,4,0,0,0,1,0,0,0,0,0,0,1,0,0,0,0,0,0,1,0,0,0,1,0,0,0,0,0,1,2,0,1,3,0,1,0,1,1,1,0,-2,0,2,-0.7112,0,0,-0.721044,0,0,0,0,0,-5,-1,0,1,0,1,1
0,0,-2,0,0,0,0,0.280233,1,-2,0,0,3,1,0,0,-0.283232,0,0,-1,0,0,-1,3,0,0,0,0,0,-1,0,0,0.9806,2,0,1,0,2,-1,-1,0.722222,0,0,-0.499603,0,-1,0,0,0,0,0,1,0,0,0,6,0,-1,0,0,0,0,1,-1,0,1,0,0,0,0,0,0,0,0,0,0,0,0,0,0,0,1,-1,0,0,0,-1,-0.741226,0,0,-0.722157,0,1,2,0,0,0,0,2,0,1,1,1
0,-1,0,-1,0,0,0,-0.51918,0,0,0,0,0,1,0,0,-0.789387,0,0,-2,0,0,0,0,1,0,0,0,0,1,1,0,2.09131,1,0,0,1,0,2,0,0.593898,1,0,-0.640302,0,0,0,0,0,0,0,0,0,0,0,0,0,-1,2,0,0,0,0,0,1,2,1,0,0,1,0,0,0,0,0,0,1,0,0,0,0,0,0,0,0,0,0,-0.73913,0,1,-0.716957,0,0,2,-1,0,0,0,0,0,1,1,1
0,-1,1,0,0,1,1,-0.699355,0,0,0,0,-1,1,0,0,-0.822746,1,0,0,1,0,0,1,0,0,0,0,0,3,0,0,1.8071,8,0,0,0,0,0,0,2.04878,0,0,-0.707317,0,-3,1,0,-1,0,0,0,0,0,2,-1,0,0,1,0,1,0,0,0,1,0,0,0,2,0,0,2,2,-1,0,0,0,1,0,0,0,-2,0,0,0,-1,0,-0.73913,-1,0,-0.612907,0,0,0,0,0,-1,0,0,0,1,1,1
0,0,0,0,0,0,2,-0.716556,0,0,1,0,0,1,1,0,-0.691285,1,1,0,0,0,0,0,1,0,0,0,0,1,0,0,2.81331,3,0,0,1,0,0,0,2.04878,1,0,-0.777032,-1,1,0,-1,0,0,0,0,0,0,-1,0,0,0,0,0,0,0,1,0,1,1,1,0,0,0,2,0,0,2,0,0,1,0,0,0,0,0,0,2,0,0,0,-0.732367,1,1,-0.737595,-1,0,-2,0,0,0,0,0,0,1,1,1
0,0,1,-2,1,0,0,-0.697113,0,0,0,0,0,0,0,0,-0.772059,0,0,2,1,0,0,0,0,0,0,0,0,0,0,0,0.95117,3,0,0,0,0,0,0,2.489772,0,0,-0.73172,0,1,-1,0,0,0,0,1,0,1,0,0,0,3,2,0,0,0,0,0,0,1,0,0,0,0,0,1,-3,0,0,1,0,0,0,0,0,1,0,0,0,-5,1,-0.328424,-1,1,-0.795618,0,0,0,1,0,0,0,1,0,0,0,1
0,0,0,0,0,1,0,-0.380443,0,0,0,1,0,0,0,0,-0.906627,-1,0,0,1,0,1,0,-1,0,0,2,0,0,0,0,0.95732,4,0,0,0,-1,0,0,1.53846,0,2,-0.695726,0,1,1,0,0,0,0,1,-1,1,0,0,0,1,-1,0,0,0,0,-1,0,1,0,1,0,0,0,1,-1,-1,0,0,1,0,0,0,0,0,0,0,0,0,1,-0.496858,0,1,-0.515889,0,0,0,1,-1,0,0,0,1,0,0,1
0,0,0,0,0,0,0,-0.779394,0,0,0,0,1,1,0,0,-0.751366,0,0,0,0,0,0,0,0,0,0,0,-1,0,0,0,1.06941,5,0,1,0,0,0,0,1.58796,0,2,-0.776952,2,2,0,0,0,0,0,1,0,0,0,0,1,0,1,2,0,0,2,1,0,1,0,0,0,0,0,0,0,1,0,-1,0,0,0,1,0,0,0,0,0,0,0,-0.593569,0,1,-0.80634,0,0,0,1,0,0,0,0,1,0,0,1
0,0,0,1,0,-1,0,-0.185078,1,-1,1,0,3,2,2,2,-0.33624,0,-1,0,0,-1,3,-1,0,0,0,0,0,0,0,0,2.25612,2,0,0,0,1,0,0,0.585987,0,0,-0.531053,0,0,0,0,-1,0,0,0,0,2,1,0,-1,1,0,0,0,0,-1,0,0,1,0,-1,0,0,1,0,0,4,-1,-1,-1,0,-1,0,0,0,0,-1,0,0,0,-0.57217,0,0,-0.602096,0,1,0,0,0,0,0,0,0,0,0,1
0,0,0,0,1,0,0,-0.430728,0,0,2,0,0,0,-1,0,-0.490929,0,0,0,0,1,0,0,0,0,0,0,0,0,4,0,0.86144,2,0,0,0,1,0,0,2.357799,1,0,-0.632626,0,-2,1,1,0,1,1,0,0,0,0,1,2,2,3,-1,0,0,0,-1,0,0,0,0,1,0,0,0,0,0,0,0,1,0,0,0,0,0,0,0,0,3,0,-0.217457,0,0,-0.37034,2,0,2,0,1,1,0,0,1,0,0,1
-1,0,2,1,0,0,0,-0.468434,0,0,1,0,0,0,-1,0,-0.474245,0,0,0,0,0,3,0,0,1,-1,1,0,0,0,0,1.77985,7,0,0,0,0,0,0,2.252751,1,1,-0.630178,0,0,0,0,1,-1,0,0,0,3,0,1,1,1,0,0,0,0,0,0,1,-1,0,1,0,2,0,-2,-2,0,0,0,0,0,0,0,0,0,0,2,0,0,0,0.683341,0,-2,-0.675648,0,1,0,0,0,0,0,0,1,1,0,1
0,0,1,0,0,0,-2,-0.267609,0,0,1,0,1,0,0,0,8.084892,1,0,-2,1,0,0,0,0,0,1,-1,0,0,1,0,1.17122,0,1,0,0,0,-1,0,1.253361,-4,0,-0.703914,1,0,0,0,0,0,0,0,0,1,0,0,-1,1,0,0,-1,0,0,1,-1,1,1,0,0,1,0,0,0,0,0,1,0,0,0,0,0,0,0,0,0,0,0,-0.778961,0,0,-0.714286,-1,0,0,1,1,2,-1,0,1,2,1,1
0,0,0,1,0,1,0,-0.657143,0,0,0,1,2,0,0,0,7.430658,0,0,0,1,0,0,0,0,0,1,0,0,0,2,0,1.2977,2,0,0,0,0,0,0,1.068928,0,0,-0.707317,0,0,-1,0,0,0,0,0,0,0,3,2,1,2,0,0,-1,0,2,0,-1,1,1,0,1,0,0,0,0,0,0,0,0,1,0,0,-1,-1,0,-2,0,0,0,-0.727273,0,0,-0.714286,0,0,1,0,0,0,0,0,1,0,1,1
0,1,0,1,2,0,0,-0.620561,0,0,0,0,0,0,0,0,2.448781,0,1,0,0,0,0,0,2,0,0,0,-2,0,1,0,0.62793,2,0,-1,1,0,0,0,1.36585,0,0,-0.767355,1,0,0,0,0,0,0,0,-1,0,0,0,0,0,0,0,0,0,0,0,0,0,-2,0,0,-1,1,0,0,0,0,0,0,0,1,0,0,4,0,-2,0,0,0,-0.267042,0,0,-0.626841,0,0,4,0,0,0,-1,0,1,0,1,1
0,2,0,-1,0,1,0,-0.739212,0,-1,0,0,0,1,4,1,-0.795983,1,0,0,1,0,-1,0,0,0,0,0,2,0,0,0,2.46463,4,1,0,0,1,0,-1,1.09524,0,0,-0.594453,0,-1,0,0,0,0,1,0,1,3,1,-1,2,0,0,0,-1,0,0,0,0,0,0,5,0,-2,0,2,1,3,2,0,0,0,0,0,-1,0,0,1,1,0,0,-0.603349,0,0,-0.459925,0,0,2,0,0,0,0,0,1,2,0,1
0,0,2,-1,0,1,3,-0.709939,0,0,0,0,0,1,2,1,-0.761072,1,0,0,1,0,-1,-3,1,0,0,0,0,-1,0,0,1.2,2,0,3,0,1,0,-1,2.119359,3,-2,-0.322414,0,0,0,0,-1,0,1,1,0,-1,1,0,0,0,0,0,-2,0,0,-4,0,0,0,-1,0,1,0,-1,1,2,3,0,2,3,0,0,0,0,0,4,0,0,0,-0.682535,0,2,-0.438248,0,2,0,2,0,-2,-1,0,1,0,0,1
1,2,4,0,0,0,0,-0.73913,0,0,1,0,0,0,0,-1,-0.516927,0,0,0,0,0,0,0,0,0,0,0,0,1,0,0,0.85373,7,0,0,1,0,-2,2,0.326057,1,1,-0.775354,1,0,-1,0,0,0,0,0,0,0,1,0,0,-1,0,0,1,0,3,2,0,-1,-1,1,0,0,0,0,0,0,0,0,1,0,0,0,0,0,0,0,1,0,0,-0.684211,0,0,-0.556628,0,0,0,0,0,0,0,1,0,0,0,1
0,0,0,1,0,0,0,-0.657217,-1,0,0,0,0,0,2,1,-0.683399,0,0,0,0,1,0,0,0,0,0,3,0,0,0,0,1.48218,4,0,0,0,1,1,2,1.256566,-2,0,-0.692616,0,0,0,0,1,0,0,0,0,0,1,-1,0,0,0,0,0,0,0,1,0,0,1,-4,0,0,2,0,1,0,0,0,2,2,0,1,-1,0,0,0,-1,0,0,-0.586207,0,0,-0.616976,2,0,2,0,0,0,4,1,0,0,1,1
1,0,0,0,0,0,0,-0.58877,0,0,0,0,0,3,-3,0,-0.684494,-1,0,0,-3,0,0,1,0,1,1,2,0,0,0,0,1.2,17,0,0,-1,1,0,2,1.11905,-1,0,-0.631119,0,0,0,0,0,0,0,0,0,0,1,0,0,0,0,0,0,0,-1,0,0,1,0,-3,0,0,0,0,0,2,-1,0,0,0,0,1,0,0,0,0,0,0,0,-0.535058,0,0,-0.001089,4,0,0,1,0,0,0,0,0,2,1,1
0,0,-1,-2,0,0,0,-0.534918,2,0,1,0,0,0,0,0,-0.650713,0,0,0,0,0,0,0,0,0,0,0,0,0,0,0,1.84737,6,2,0,0,0,0,0,1.062885,2,0,-0.76352,0,0,0,0,1,0,0,0,0,1,1,2,0,0,0,0,0,0,0,1,-2,0,-1,3,0,0,2,0,0,0,-1,0,0,0,0,1,0,0,0,0,0,1,0,-0.856399,0,0,-0.651787,0,0,0,0,0,0,0,1,0,0,1,1
0,0,0,1,0,0,0,8.061502,0,0,0,-1,0,0,0,0,-0.663572,0,-1,0,0,0,0,0,0,0,0,1,3,-1,1,0,1.14126,4,-1,0,0,0,0,0,0.300894,1,-1,-0.591316,0,0,0,0,0,1,1,0,0,0,1,-2,0,0,1,-1,-1,0,0,1,0,0,1,0,-1,0,0,0,0,0,0,0,1,0,0,1,0,0,0,0,0,0,0,-0.46335,0,0,0.289401,0,0,0,0,0,1,1,0,1,0,0,1
0,3,0,1,-1,0,0,8.0,0,0,-1,0,0,0,0,0,-0.636364,0,0,1,0,-1,0,0,0,0,1,0,-1,0,1,0,0.85098,14,0,0,1,0,0,0,0.211657,0,0,-0.654981,0,-1,0,0,0,0,0,0,0,0,0,1,1,0,-3,0,0,0,0,0,-3,0,1,0,0,1,4,1,0,0,0,0,-2,0,0,0,0,0,0,1,0,0,-1,0.220752,0,0,-0.4,2,0,2,0,0,0,0,0,0,0,0,1
1,0,0,1,0,0,0,7.081976,0,0,0,0,0,0,2,1,-0.636364,0,0,0,0,-1,0,0,-1,0,1,0,1,0,0,0,1.19242,0,0,0,0,2,0,0,0.21875,-1,-1,-0.603726,-1,0,1,0,0,-1,0,0,0,0,1,0,0,0,0,0,0,0,0,0,0,0,0,0,0,1,0,4,4,0,-3,0,0,0,0,0,0,0,-1,0,0,0,0,-0.392501,0,0,0.035477,0,0,0,0,0,0,-1,-2,1,0,0,1
0,-1,1,-1,0,-1,0,-0.826087,-1,0,1,0,1,1,2,2,-0.554753,0,0,1,1,0,-1,-2,1,1,0,2,0,0,0,0,0.95393,1,-2,0,-1,0,-2,0,1.270355,-1,0,-0.692312,2,1,0,0,0,0,0,0,-1,0,-1,2,0,0,0,0,0,0,0,0,0,0,1,-2,0,0,0,0,0,0,0,1,0,0,-1,0,0,0,0,1,0,1,0,-0.7,1,0,-0.636364,0,0,-1,0,0,0,0,1,0,0,0,1
0,-3,0,0,0,0,0,-0.73991,0,0,2,0,3,0,0,0,-0.02838,0,0,1,1,0,0,0,0,0,0,0,0,0,0,0,0.64848,3,0,-1,-1,0,0,1,0.859844,0,-1,-0.896514,0,0,0,0,0,0,0,0,1,0,3,1,0,0,0,-1,0,0,0,0,0,0,1,0,0,-1,-3,-1,0,0,0,1,-1,0,0,1,-2,0,1,-1,0,0,0,-0.7,0,-2,-0.636364,0,0,0,0,1,0,0,0,-3,0,0,1
0,0,0,0,0,-1,0,-0.826087,0,0,0,0,0,0,0,0,-0.324928,0,1,1,1,0,2,0,0,1,0,-2,0,0,0,0,0.917,8,0,0,0,-1,0,0,0.405278,0,-1,-0.786372,0,0,1,0,0,0,0,-1,-1,0,-1,1,-1,0,0,-1,0,0,0,0,0,-1,0,0,0,2,0,0,0,1,0,0,0,0,0,1,0,-1,1,-1,0,1,0,-0.87354,0,0,-0.631181,0,0,0,0,1,0,0,2,0,0,0,1
0,0,-1,0,0,0,1,-0.6,0,0,0,0,0,1,0,-1,-0.725644,1,0,0,1,0,0,2,0,0,0,2,1,-1,0,0,0.7737,6,0,0,1,1,0,0,0.774165,-1,0,-0.597854,0,0,0,0,1,0,0,0,0,0,0,-1,0,0,0,0,1,0,-1,0,0,1,0,0,3,0,2,0,2,0,0,0,-2,0,0,0,0,0,0,0,0,-3,0,-0.564355,0,0,-0.824264,-1,0,2,0,0,0,0,0,1,0,0,1
0,0,-1,0,0,0,0,-0.55384,0,0,0,0,0,0,0,-1,-0.747721,0,0,-1,0,0,0,0,0,0,0,0,0,1,0,0,1.65477,2,0,0,1,1,0,0,0.545307,0,0,-0.614727,2,0,0,1,0,0,1,0,0,0,0,-1,1,0,0,-2,0,0,0,0,0,0,1,0,1,0,-2,-1,0,0,2,0,0,-1,0,-1,0,1,0,0,0,0,0,-0.524481,0,0,6.370887,0,0,0,0,0,0,-1,0,0,0,0,1
0,0,0,0,0,0,0,-0.735058,0,0,0,0,2,1,0,0,-0.677559,0,0,0,0,0,0,0,0,0,-2,0,0,0,2,0,1.30932,5,0,0,0,1,0,0,0.688829,0,0,-0.352728,0,0,-1,0,0,-1,0,0,2,0,0,0,0,0,0,0,-1,0,2,0,-1,1,-2,0,0,0,-1,0,0,0,0,0,-4,0,0,0,0,0,0,1,-1,0,0,-0.539057,0,-1,-0.023129,0,-1,0,0,0,0,0,0,0,0,0,1
0,1,1,0,1,2,0,-0.6,0,0,1,0,1,1,-1,0,-0.386711,0,0,1,0,1,0,2,0,0,0,0,0,0,0,0,0.47475,3,0,1,-2,3,0,0,1.897143,0,0,-0.755998,2,0,0,-1,0,0,0,0,0,0,0,2,0,0,0,-1,1,0,2,0,1,0,1,-1,0,1,1,0,1,0,3,1,-1,2,0,0,0,0,0,0,0,0,-1,-0.901668,0,0,-0.757691,3,0,0,0,0,0,-1,1,0,0,1,1
0,2,0,0,1,0,0,-0.410738,1,0,0,2,0,0,2,0,-0.79661,0,0,2,0,1,0,0,0,0,0,0,2,0,0,0,1.22842,1,0,0,-1,0,0,3,1.281939,1,0,-0.7171,1,0,0,2,1,0,1,-1,0,0,0,1,1,0,0,0,-1,0,0,1,0,0,0,-1,0,2,1,0,1,1,0,0,0,0,0,0,0,0,0,0,1,0,0,1.648009,0,0,-0.637636,0,0,4,0,0,0,0,0,0,0,1,1
0,1,0,0,1,0,0,1.185222,0,0,1,0,1,1,4,0,-0.869778,0,0,0,0,0,-1,0,0,-1,0,0,0,0,0,0,1.59194,3,-1,1,1,0,-1,0,1.025439,0,0,-0.733505,0,0,0,0,0,0,0,0,0,0,0,0,0,0,1,3,0,0,0,2,1,1,0,0,-1,1,0,0,1,4,0,1,0,0,-1,0,0,0,0,0,0,0,0,-0.644314,0,0,-0.757591,0,0,0,0,-1,2,0,1,0,0,1,1
0,2,0,1,1,0,1,1.09896,0,0,0,1,1,0,0,1,-0.759185,0,0,0,1,0,1,2,0,0,0,-2,0,0,0,0,1.23754,5,0,0,0,0,-1,0,1.42089,0,0,-0.610055,0,0,0,1,0,0,0,0,0,0,0,0,0,1,0,2,0,0,0,0,0,1,0,0,0,0,2,0,0,0,0,-1,0,0,1,0,0,0,1,0,0,0,0,-0.654346,0,0,-0.785714,0,0,0,0,-1,-1,0,0,0,0,0,1
0,0,0,1,0,0,0,-0.602727,0,0,0,0,-3,0,0,0,-0.720381,0,0,0,1,-2,1,0,0,0,0,0,0,-2,-1,0,1.28159,5,0,1,0,-1,0,0,1.038728,0,0,-0.714177,2,0,0,1,0,0,0,0,0,0,0,0,0,1,0,0,0,0,0,0,0,1,0,0,0,0,0,-1,0,0,0,0,1,-1,0,0,0,0,0,0,0,1,0,-0.724145,0,0,-0.654983,0,0,0,-1,0,0,3,0,0,0,0,1
0,-1,2,1,0,2,1,-0.566795,0,0,0,0,0,0,4,0,-0.714286,0,-1,6,0,0,0,0,0,0,0,0,0,2,0,0,1.29758,2,0,0,0,0,0,0,1.116148,1,0,-0.546818,1,0,0,1,0,0,0,0,0,-1,0,0,0,1,1,1,0,1,2,0,1,0,0,0,0,-1,0,0,0,3,2,0,0,0,0,0,0,0,0,0,0,2,0,-0.188054,0,0,-0.785714,0,0,0,0,0,0,0,0,0,0,0,1
0,1,2,0,0,0,0,-0.622708,0,0,1,0,0,0,0,0,-0.842998,0,0,3,0,0,0,0,0,0,-1,0,-3,4,0,0,1.96554,9,0,0,1,0,0,0,1.395778,-2,1,-0.702329,1,-2,0,0,-1,1,0,0,1,-2,1,0,2,0,-2,1,0,1,0,1,0,0,0,0,0,2,0,2,0,0,2,3,0,1,0,0,0,0,0,0,0,0,-2,-0.729065,-2,0,-0.61844,0,0,2,0,0,0,0,0,0,0,1,1
0,-1,0,1,0,0,0,-0.57192,0,0,1,0,0,1,0,0,-0.757841,0,0,0,1,0,0,3,0,0,0,0,4,0,0,0,1.96351,11,0,0,1,0,1,0,0.235159,0,0,-0.369841,0,0,0,0,0,1,0,0,1,0,0,0,0,0,3,-1,2,0,0,0,0,1,0,0,0,0,0,0,1,0,0,-1,0,0,1,0,0,1,1,0,0,0,0,-0.636364,0,0,-0.427225,0,0,2,0,0,1,1,1,0,0,1,1
0,0,-1,1,0,0,0,-0.367836,-1,0,1,-1,0,0,0,1,-0.58148,0,0,0,1,-2,0,0,0,1,0,0,0,0,1,0,1.4317,4,0,0,1,1,0,0,2.335841,0,0,-0.727736,1,0,0,0,0,1,1,0,0,0,0,0,0,-1,0,0,0,1,1,0,0,0,0,0,0,1,0,0,-2,0,0,0,0,1,-1,0,0,1,0,0,0,0,0,-0.496905,0,0,-0.716021,0,0,0,0,0,0,0,1,0,0,1,1
0,-1,0,0,0,3,-1,-0.357519,0,0,0,0,4,1,1,0,-0.605258,0,0,0,0,0,0,0,1,0,0,0,3,2,0,0,1.58275,3,0,0,1,0,0,0,1.316002,0,0,-0.678198,0,0,-1,0,0,0,0,-1,0,0,0,3,0,1,0,0,0,0,0,0,-2,0,0,0,0,1,0,0,0,1,0,0,1,0,0,0,0,0,0,0,0,1,0,-0.705042,0,0,-0.592113,0,0,0,0,0,0,1,0,0,0,1,1
0,1,-1,0,-1,0,-1,-0.705711,4,0,0,0,2,0,0,1,-0.681377,0,0,0,0,-1,0,0,0,0,0,3,0,0,0,0,1.75246,10,0,0,0,0,-3,0,1.126556,0,0,-0.764867,0,0,0,0,-2,0,-1,0,0,0,0,2,0,1,0,0,0,0,0,1,0,3,0,-1,0,0,0,0,0,0,0,0,1,0,0,0,0,0,0,2,0,1,0,-0.64357,0,0,-0.670304,0,0,0,0,0,2,0,0,0,1,1,1
0,0,0,0,0,0,-2,-0.494032,0,0,0,0,-1,0,0,1,-0.467091,0,1,0,0,0,0,0,1,1,-1,0,0,-3,0,0,2.14127,2,-1,0,0,3,0,0,0.893939,2,0,-0.818182,-1,0,0,0,0,0,0,1,0,-1,-1,1,0,1,0,2,0,0,0,0,0,0,0,0,0,0,0,2,0,0,2,0,0,0,0,1,2,0,-1,0,0,1,0,-0.609462,0,1,-0.324607,0,1,0,0,0,1,0,2,0,2,1,1
0,0,0,0,0,0,-2,-0.538462,1,0,0,0,0,0,0,1,-0.678263,0,0,0,0,0,1,1,0,0,1,0,0,0,0,0,1.64528,19,0,0,0,0,-1,0,0.558824,-1,1,-0.632673,0,0,0,0,2,0,0,0,0,0,0,0,0,1,-3,0,0,-1,0,1,0,0,0,1,0,0,0,0,-1,0,2,0,0,0,0,-2,0,0,0,0,0,0,0,-0.36096,0,0,0.261878,3,0,-2,0,0,0,0,0,-1,0,1,1
0,-1,0,0,0,0,0,-0.864623,0,0,0,0,0,-1,0,0,-0.638553,0,0,1,1,0,0,0,0,0,0,0,0,-3,0,0,1.10702,1,-1,2,0,4,0,0,0.878049,0,0,-0.705851,0,0,0,0,0,0,0,1,1,1,1,0,0,0,-1,-2,0,0,-1,1,1,0,0,0,0,0,0,3,0,2,0,0,3,1,0,-1,0,0,0,-1,0,0,-2,-0.644205,0,0,-0.513083,0,0,0,0,0,1,0,0,0,0,1,1
0,-1,-1,1,0,0,1,-0.538462,1,0,0,0,-1,0,0,0,-0.604589,0,0,0,2,0,0,1,0,-1,0,2,1,2,0,0,1.52201,4,0,0,0,0,0,0,0.217926,1,0,-0.71893,-2,-2,0,0,0,-1,0,-1,1,1,0,1,1,0,0,0,0,0,0,1,0,0,1,0,0,0,0,0,1,1,2,0,1,0,0,0,0,0,0,-1,0,0,0,-0.428214,0,0,-0.583674,3,0,1,2,0,1,1,0,0,-1,1,1
0,-1,0,0,0,0,0,-0.554953,1,0,0,1,0,1,0,0,-0.636724,0,0,3,0,-1,0,0,0,0,0,0,0,0,1,0,1.57521,4,0,0,0,1,0,0,1.920469,-1,0,-0.812873,0,0,0,0,1,0,0,1,1,0,0,0,0,0,2,0,-1,0,0,0,0,0,0,-1,0,0,0,0,0,0,0,0,0,0,1,0,0,0,1,-1,-1,1,0,-0.600342,0,0,-0.807545,0,0,0,0,0,0,0,1,1,0,1,1
0,1,2,-1,1,0,-2,-0.710057,0,0,0,0,-1,3,-3,0,-0.905714,0,1,0,0,0,0,0,1,0,0,2,-1,-1,0,1,1.07858,2,0,0,0,0,0,0,0.39822,0,1,-0.788097,1,1,0,0,0,0,0,0,0,0,0,0,1,0,0,0,0,0,0,-1,-1,-1,-1,0,0,0,0,-2,0,0,-1,0,0,0,0,0,0,1,0,0,0,0,0,-0.820642,0,0,-0.836631,2,0,0,0,1,0,0,0,1,2,1,1
0,2,0,0,1,0,0,-0.429786,0,0,0,0,1,0,0,0,-0.897191,0,1,1,0,0,0,1,-1,0,0,2,0,0,1,0,2.04235,11,0,0,-2,0,0,0,0.666667,0,0,-0.788964,0,0,0,0,-1,0,0,0,1,0,2,1,1,0,0,0,0,0,0,0,0,0,0,0,0,0,0,0,0,-1,0,0,2,0,0,0,0,1,1,0,0,0,0,-0.389054,0,0,-0.877316,0,0,0,0,0,0,0,0,1,0,1,1
0,0,0,0,0,0,0,-0.604195,0,0,0,0,-1,0,0,0,-0.733333,0,0,1,0,0,-1,0,-1,1,0,4,0,2,0,0,1.02969,5,0,0,0,1,0,0,1.537515,0,1,-0.749933,1,3,0,2,0,0,0,0,0,0,0,0,0,0,3,1,0,-2,0,0,-1,2,0,0,0,0,-2,0,0,1,0,0,0,0,0,0,0,1,0,0,1,0,0,-0.25,0,-1,0.484499,0,0,0,0,0,0,1,-1,0,0,1,1
0,-2,0,1,-1,-1,0,-0.7,-1,0,0,1,0,0,0,0,-0.840041,0,0,0,0,0,0,-2,0,1,0,0,0,0,0,0,1.58973,10,1,0,-1,1,0,0,1.441879,0,1,-0.821349,1,0,-1,0,0,-1,0,0,1,0,0,0,0,0,2,1,0,0,0,0,-2,0,0,0,0,0,-2,0,0,1,0,0,0,0,0,-1,0,0,1,0,0,0,0,-0.681381,0,-1,-0.888197,0,0,0,0,0,0,1,0,0,0,1,1
0,-1,0,0,0,0,0,0.363205,0,0,0,0,0,0,0,0,-0.514977,0,0,1,0,2,0,-2,0,0,1,0,0,0,0,0,3.60047,6,0,0,0,0,0,0,1.255133,0,0,-0.8,0,1,0,0,0,1,0,0,0,0,0,1,0,0,0,0,0,1,0,0,1,0,0,0,0,1,0,0,0,0,0,0,0,1,0,0,0,0,0,0,0,0,0,0.409164,0,0,-0.879374,5,0,0,0,0,1,2,0,0,0,1,1
0,0,0,-1,1,1,0,-0.744681,0,0,0,0,0,-1,0,0,-0.751153,0,0,0,0,0,0,0,1,0,0,1,0,2,1,0,1.05427,8,0,1,1,0,0,0,0.238431,0,0,-0.439425,0,-2,-2,0,0,-1,0,0,1,1,0,4,0,0,0,-2,0,-1,1,1,1,2,0,1,-1,0,2,0,1,0,0,0,0,0,0,0,3,-2,0,1,0,0,0,-0.809931,0,0,0.391308,0,0,0,0,0,-2,0,1,0,1,1,1
0,0,0,0,0,0,0,-0.810224,1,0,0,0,1,1,0,-1,-0.810438,0,0,1,-1,0,0,0,0,0,0,0,0,0,0,0,0.96054,6,1,0,0,1,0,2,2.656735,0,0,-0.730606,0,-1,0,0,0,0,-1,0,0,-2,0,1,0,0,2,0,0,0,0,-1,0,1,2,0,0,0,1,0,0,-1,0,0,0,0,0,4,0,0,0,1,0,1,1,-0.733354,0,0,-0.398009,0,0,0,-1,0,1,0,1,2,1,1,1
0,0,0,0,0,0,-1,-0.748485,0,0,0,0,1,0,0,-2,-0.382246,0,-1,0,0,0,0,2,-1,0,0,2,0,2,1,1,1.06965,3,0,0,0,0,0,0,2.86822,0,0,-0.866167,2,0,0,0,0,0,0,0,0,1,-2,1,-1,0,-1,0,1,0,0,0,1,1,-2,0,0,0,1,0,2,0,0,0,1,0,1,1,0,0,0,-1,0,4,0,-0.562125,0,0,-0.707317,0,0,0,-1,0,0,0,0,0,0,1,1
0,0,0,0,0,0,0,0.488381,0,0,0,0,0,0,0,0,-0.470471,0,0,0,0,0,0,5,0,0,0,0,0,2,0,0,1.48571,5,0,0,0,-1,0,0,0.801752,0,0,-0.717771,0,-1,1,0,0,0,1,0,0,0,0,0,0,0,0,0,0,0,1,0,-1,0,-1,2,2,0,0,0,0,0,0,0,0,0,0,1,0,0,0,1,0,0,0,-0.578344,0,0,-0.555556,0,0,-3,0,0,1,0,0,0,0,1,1
0,-1,-1,-1,0,0,0,-0.70749,0,0,0,0,0,1,3,0,-0.712216,0,1,0,0,0,0,0,0,0,1,0,0,0,0,-1,1.95803,12,0,0,1,0,1,0,1.354439,0,0,-0.810194,1,0,0,0,0,0,1,0,0,0,0,0,0,4,0,0,0,0,1,2,0,0,0,0,0,0,1,0,0,0,0,0,-2,0,0,0,0,-1,0,1,0,0,2,-0.671165,0,0,-0.660513,0,0,3,-1,0,0,0,0,1,0,1,1
0,0,0,2,0,0,-1,-0.763868,1,0,0,0,-2,0,0,0,-0.662166,0,0,0,0,0,0,1,0,1,1,0,0,2,1,0,1.92993,4,0,0,1,0,0,0,1.115583,2,0,-0.788795,0,1,0,0,0,0,0,1,0,0,0,0,0,-1,-2,0,0,0,0,0,0,0,0,0,-2,0,1,0,1,2,0,0,0,0,0,0,0,0,0,1,0,0,0,5.701879,0,0,-0.279756,0,0,0,0,0,1,0,0,0,0,1,1
0,0,-2,0,0,-1,2,-0.731814,0,0,0,0,0,0,-2,0,-0.581299,0,0,0,0,0,0,0,0,0,1,-3,0,0,0,0,0.8051,7,0,0,0,2,0,0,0.382353,1,0,-0.646687,1,0,0,0,0,1,0,0,0,0,0,0,0,-1,0,1,0,0,0,0,1,1,1,2,-2,1,0,0,0,0,0,0,0,0,0,0,0,0,0,0,0,0,-1,-0.59688,0,0,-0.631673,0,0,0,0,1,-2,0,2,1,0,0,1
0,0,-1,2,0,-2,0,-0.67616,0,0,-1,0,0,0,0,0,-0.622105,0,0,0,0,1,-1,0,0,1,0,0,-1,0,1,0,1.99306,3,0,0,0,1,0,2,0.382353,1,0,-0.085286,1,0,0,0,-1,-1,-1,0,0,0,2,0,-1,0,0,0,-2,0,0,0,1,1,1,-1,0,1,0,0,0,-2,0,0,-3,0,0,-2,0,0,0,1,0,-1,0,-0.650045,0,0,-0.635758,0,0,0,-1,1,0,0,0,1,2,0,1
0,0,0,0,0,0,0,-0.633338,0,0,-1,1,0,-1,1,0,0.406851,0,0,0,-5,-1,-1,0,-1,0,0,-1,0,0,0,0,1.53205,1,0,0,0,0,2,0,0.382353,0,0,-0.612304,0,0,0,0,0,0,0,0,0,0,1,1,3,0,0,1,0,0,-1,0,0,4,2,0,0,1,0,-2,0,0,0,0,2,0,1,0,0,0,0,0,0,0,0,-0.612903,0,0,-0.800533,-2,0,1,2,0,0,0,0,1,1,0,1
0,0,0,0,0,0,0,-0.716393,0,0,-4,0,-1,1,0,1,-0.645842,0,0,1,2,0,2,0,0,-1,-1,0,0,0,-2,0,1.6839,4,0,0,0,0,0,-1,0.226841,-1,0,-0.286884,0,0,0,0,0,0,0,0,0,0,1,1,2,0,0,-1,0,0,1,0,0,1,0,0,0,0,0,0,0,1,0,0,0,0,1,1,0,0,0,0,0,0,-1,-0.91969,0,0,-0.657143,0,0,1,0,0,1,0,0,0,0,0,1
1,0,0,0,-1,-1,0,-0.740378,2,0,0,0,-2,0,3,0,-0.644412,1,0,3,0,0,0,0,0,0,0,0,1,0,0,1,1.00507,2,0,0,0,1,2,0,0.239912,0,0,-0.733333,0,0,0,0,-1,2,0,0,1,0,3,0,0,0,0,0,0,0,0,0,1,0,-2,0,0,4,0,0,1,1,1,-1,0,0,0,0,-1,0,0,1,0,0,0,-0.74855,0,1,-0.657143,0,0,0,0,-1,0,0,2,0,0,0,1
0,2,0,0,0,0,-2,-0.752,0,0,0,0,0,0,0,1,-0.63253,0,0,0,0,0,0,0,-3,0,1,-1,0,0,0,0,1.77785,11,0,0,0,0,0,0,0.282636,1,0,-0.725656,0,0,0,0,1,0,0,0,1,0,2,3,-1,-1,0,0,0,0,0,-1,0,0,0,2,0,0,0,0,1,0,0,0,0,0,0,0,3,0,0,0,0,0,0,-0.63961,0,1,-0.061393,2,0,1,0,0,-1,0,2,-1,0,0,1
0,0,1,0,0,0,-1,-0.656226,-2,0,-2,-1,-1,0,0,1,-0.657369,0,0,0,0,1,0,0,0,0,0,0,0,1,0,-1,0.79787,25,-1,0,0,0,0,0,0.789474,1,0,-0.014433,0,1,0,0,0,0,0,1,0,0,1,0,-1,1,0,0,0,0,0,3,1,-1,1,0,0,0,0,-1,2,0,1,1,0,0,0,0,0,0,0,0,0,0,0,-0.802999,0,0,-0.612903,3,0,1,0,0,2,0,1,1,0,0,1
0,0,0,-2,-1,0,0,-0.683775,0,0,0,0,1,-2,0,0,-0.684056,1,0,0,2,1,-1,0,0,0,0,0,0,0,0,2,0.78758,5,0,0,0,-1,0,0,0.789474,0,0,-0.007122,0,0,0,1,0,0,0,0,0,2,0,0,-1,0,1,0,0,0,-1,1,1,0,0,0,0,0,0,0,1,-1,0,0,0,1,0,0,0,1,0,0,0,0,0,-0.675676,0,0,-0.566623,0,-1,-1,0,0,-2,-1,0,0,-1,0,1
0,0,0,0,1,1,0,-0.679819,0,0,-3,0,0,0,0,1,-0.189292,2,0,0,0,0,0,5,0,0,0,-4,0,0,0,0,1.29114,0,1,0,1,0,0,0,0.863341,0,-1,-0.326904,0,0,0,0,-2,0,0,0,0,0,1,0,0,1,0,2,0,1,0,0,0,0,0,0,-3,-1,0,0,-1,0,0,0,0,0,0,0,0,-2,0,0,0,0,0,-0.677065,0,0,-0.621649,-1,-1,0,0,0,0,0,0,0,0,0,1
0,0,0,0,0,0,0,-0.623464,0,1,0,0,0,-1,0,-1,-0.682236,0,-1,0,0,-1,0,0,0,0,1,2,0,0,0,0,2.18733,8,0,0,0,-2,-1,-1,1.123965,0,0,-0.111509,0,0,0,0,1,0,0,0,1,0,0,2,0,0,-2,3,0,0,1,0,1,0,0,2,0,1,0,1,0,0,2,-1,0,0,0,0,1,0,1,0,0,0,1,-0.613062,0,0,0.069683,0,0,0,-2,-1,0,0,1,0,0,0,1
0,1,0,0,0,0,1,-0.542391,0,0,0,0,1,0,0,-2,-0.791608,0,0,0,0,0,0,-2,0,0,-1,0,0,-2,1,0,1.48571,3,0,0,0,0,0,1,3.258981,0,1,-0.769231,0,-1,0,0,1,0,0,-1,0,1,0,0,0,0,0,1,0,-1,0,0,2,0,1,2,0,1,0,0,0,2,0,1,0,0,1,0,-1,-1,1,0,0,1,1,-0.620342,0,-1,-0.628293,2,0,3,0,0,0,0,-1,0,2,0,1
0,0,1,0,-1,0,0,-0.607497,0,0,0,0,0,-1,0,0,-0.570435,0,-1,0,1,-1,-2,0,0,0,0,0,-1,0,0,0,0.95922,3,0,0,1,1,0,-1,1.365171,2,0,-0.608801,0,0,0,0,1,0,0,0,0,2,1,0,0,0,2,-1,0,0,1,0,1,0,0,0,0,1,0,0,0,2,0,0,2,0,0,0,0,0,0,0,0,0,0,-0.550924,0,1,-0.726573,0,1,2,0,0,0,0,0,0,0,0,1
0,0,1,0,0,1,-1,-0.578334,-1,1,0,0,0,0,0,0,-0.7484,0,0,0,0,0,1,0,0,0,0,0,0,0,-5,0,1.12425,6,0,0,0,-1,0,0,0.737399,0,0,-0.713096,0,0,0,0,-2,0,0,0,0,1,0,0,-1,0,1,2,0,0,0,2,1,-1,0,1,0,0,0,1,4,0,0,0,1,0,0,0,1,0,0,0,0,0,1,-0.52573,0,0,-0.692015,0,0,0,0,0,0,1,0,0,0,1,1
0,2,4,2,0,0,2,0.017543,0,0,0,0,0,0,0,0,-0.518902,0,0,0,0,0,0,0,-1,0,0,2,0,0,-3,0,1.56293,2,0,0,0,0,0,0,0.768298,0,0,-0.564347,0,0,0,0,0,0,0,0,0,1,3,1,0,0,0,2,-1,0,0,-2,0,-1,0,0,-3,1,0,-1,0,0,-1,0,0,-1,0,0,0,0,0,0,0,0,0,-0.912831,0,0,-0.712203,2,0,0,0,0,0,0,-1,0,1,1,1
0,0,1,0,0,1,3,0.514579,0,0,1,0,-1,1,0,0,-0.010545,0,0,2,0,0,1,0,0,0,0,0,0,0,-1,-1,1.18632,4,0,2,0,0,1,0,1.210392,0,0,-0.700738,0,0,0,0,0,0,0,0,0,1,0,0,0,0,0,3,0,0,0,0,1,1,1,1,2,0,0,1,0,0,0,0,1,0,0,0,0,0,0,0,0,0,0,-0.4,0,1,-0.676659,0,0,2,0,0,0,-2,0,0,0,1,1
0,0,0,0,0,1,0,1.650872,1,1,0,1,0,0,1,0,-0.624954,0,0,0,0,0,0,0,1,0,1,0,0,1,0,0,1.10515,4,0,0,-1,0,0,0,3.047372,-2,1,-0.699199,3,0,0,0,0,0,0,1,0,0,1,2,0,0,0,0,0,0,0,0,0,0,0,0,0,0,0,0,1,0,0,0,-4,0,0,0,0,0,0,0,2,0,0,-0.095462,0,1,1.787586,0,0,0,0,0,1,0,0,1,1,1,1
2,0,0,0,0,0,1,-0.394583,0,1,0,0,0,-2,1,0,-0.625,1,0,0,0,0,0,1,0,0,1,0,0,0,0,0,0.88274,6,0,0,-1,0,0,0,1.685586,0,1,-0.756358,0,0,0,0,0,0,0,1,0,0,0,0,0,2,0,2,1,0,-1,1,1,2,0,0,0,0,2,0,3,0,2,0,0,0,2,0,0,0,0,1,0,0,0,-0.472198,0,0,-0.76,-1,0,0,-2,-1,0,0,-1,0,1,1,1
0,0,0,1,0,2,0,-0.269174,-1,1,0,1,1,1,0,0,-0.80016,0,0,-2,0,0,0,-1,0,0,0,0,0,0,2,0,1.10566,6,0,1,0,0,0,0,0.771932,0,1,-0.67761,0,0,0,0,1,0,0,0,0,2,0,1,0,-1,1,0,0,0,2,0,0,0,-1,3,0,0,1,2,0,0,2,0,0,3,0,0,0,0,0,0,0,0,0,-0.472748,0,1,-0.76,0,0,0,0,0,3,0,1,0,1,1,1
0,0,-1,0,-1,2,0,-0.632285,0,0,2,0,0,0,0,0,8.5,1,0,0,0,2,0,0,0,0,0,0,-3,-1,0,0,0.59698,6,0,0,2,0,0,0,0.899674,0,0,-0.429848,0,-4,0,0,0,0,0,1,0,0,0,1,2,0,0,3,0,0,0,0,0,-1,0,0,0,-1,1,0,1,0,0,0,-1,0,0,-1,0,0,0,1,0,0,0,-0.730275,0,0,-0.779433,0,0,0,0,-1,1,2,3,0,0,1,1
0,0,0,1,0,0,0,-0.62907,0,0,1,0,0,-1,0,0,9.279891,0,0,0,0,1,1,1,0,1,1,0,0,0,1,1,0.88512,6,0,0,0,-1,2,0,1.05882,0,2,-0.771358,0,-2,0,1,0,0,-2,1,0,0,0,1,1,0,2,0,1,0,1,1,0,0,0,0,1,0,0,0,0,0,0,0,0,0,1,0,1,0,0,-1,0,0,0,-0.164813,0,0,-0.769231,2,0,2,1,0,1,0,0,-1,0,1,1
0,0,0,-1,0,0,0,2.620491,0,0,0,0,0,0,0,2,8.484884,0,0,0,0,1,0,1,0,0,1,0,0,2,1,1,0.8111,6,0,0,1,0,-1,0,1.338468,1,1,-0.398104,1,0,0,1,0,0,0,0,0,0,0,2,0,1,1,1,1,0,0,0,-1,-1,0,-1,0,-2,-1,0,1,1,0,2,0,0,0,0,1,0,0,1,0,1,0,-0.387672,1,0,-0.769231,0,0,3,0,0,1,0,0,2,3,1,1
0,2,-2,0,0,0,0,0.335006,-1,0,0,-1,0,0,0,-1,-0.589311,0,1,0,0,0,0,0,0,-1,0,0,-2,3,0,1,0.82916,2,0,0,0,0,1,0,3.154771,-1,1,-0.83936,0,1,-1,0,0,0,0,0,0,0,0,0,0,0,-1,0,0,0,0,0,0,-1,-1,0,0,0,1,0,-1,0,0,-2,0,2,0,0,0,0,0,0,0,1,0,-0.612972,0,0,-0.76014,0,0,0,0,0,0,0,0,-1,0,0,1
0,0,0,0,0,0,1,-0.43055,0,0,0,0,0,-2,0,1,3.292745,0,0,0,0,0,0,0,0,0,1,0,0,-1,0,0,1.38173,26,-1,0,0,0,1,0,2.283274,0,1,-0.103019,0,0,0,0,0,0,-1,-1,0,3,0,1,1,0,10,-1,2,0,0,1,1,0,0,0,-1,-2,1,1,0,1,0,-1,0,2,0,0,0,1,0,0,0,1,0,-0.657212,0,0,-0.666667,4,0,0,0,0,0,0,0,1,3,0,1
0,1,1,0,0,2,0,0.179045,0,0,0,0,0,-2,2,-1,-0.608416,0,1,0,0,0,0,0,0,0,0,2,0,0,0,0,0.6729,1,0,-1,1,0,0,0,2.41379,0,0,-0.800643,0,1,0,1,0,0,-1,0,0,0,1,0,0,0,0,0,0,0,0,1,1,0,1,0,0,0,0,4,-1,0,0,0,1,0,0,0,0,1,0,2,0,0,0,-0.755971,0,0,-0.669833,0,0,0,0,0,0,0,0,0,1,0,1
0,0,0,1,0,0,0,-0.174033,1,0,0,0,1,-2,0,0,-0.81766,0,0,0,0,0,2,0,0,0,0,0,0,0,0,0,1.83681,4,0,1,0,0,0,0,3.377755,0,0,-0.891105,0,0,0,0,0,0,0,0,0,0,0,0,0,0,0,0,0,0,0,-2,0,0,0,0,0,0,0,0,1,0,0,1,0,0,0,0,1,0,0,0,0,0,0,-0.128157,0,0,-0.629988,-1,0,0,0,0,0,0,0,0,0,1,1
0,-1,1,1,0,0,0,-0.171077,1,0,0,0,0,0,0,0,-0.751141,-1,-1,0,-2,1,0,0,0,0,0,0,2,3,0,0,1.43693,5,-1,1,1,0,0,0,2.15909,0,0,-0.66868,0,-1,0,0,0,0,0,0,0,-2,0,0,0,0,0,2,0,0,0,-1,1,0,0,0,0,0,0,0,0,0,0,0,0,0,0,0,0,1,0,0,0,-1,0,-0.129166,0,0,-0.571429,2,0,0,0,1,0,2,-2,3,0,1,1
0,0,0,0,0,0,1,-0.433329,1,0,0,1,1,1,0,0,-0.559317,0,1,0,0,0,0,0,0,-1,0,2,0,0,0,0,1.76246,9,0,1,0,0,0,0,0.611074,0,0,-0.82449,0,2,0,0,0,-1,0,1,0,0,0,0,0,-1,0,0,0,0,0,0,1,0,1,0,2,-2,0,0,1,0,0,0,0,2,0,0,1,1,0,0,0,1,0,-0.704425,0,0,-0.300556,4,0,0,2,0,1,0,0,0,0,1,1
0,2,-1,-2,0,1,1,-0.54989,0,0,0,0,0,0,0,1,-0.52835,0,0,0,0,0,0,0,0,0,0,-1,3,0,0,0,0.78615,0,2,0,1,1,0,0,0.629795,-1,0,-0.586148,0,0,0,0,1,0,0,0,-1,0,1,1,-1,1,1,0,0,1,0,0,1,0,2,0,-1,-1,0,3,1,0,0,1,0,-1,0,1,0,0,0,1,0,1,0,-0.635653,0,-1,-0.588999,0,0,0,0,0,-1,0,1,0,0,0,1
1,0,0,0,0,2,0,-0.614305,0,0,0,0,0,-1,0,0,-0.545295,0,0,0,-2,0,0,0,0,-1,0,0,0,0,-1,0,0.75767,2,0,0,-1,1,1,0,0.241379,0,0,-0.605303,0,0,0,0,1,0,0,0,0,0,1,0,1,0,0,0,0,0,0,1,1,0,-3,0,0,0,0,0,1,0,1,0,0,2,0,0,0,0,0,1,-1,0,0,-0.571908,0,1,-0.640222,0,0,0,-1,0,0,-1,0,0,0,0,1
1,0,0,0,0,1,-2,-0.617673,-1,0,0,-1,0,1,0,0,-0.718911,0,0,0,0,1,0,0,-1,0,0,-1,0,0,0,0,1.00036,9,0,0,0,1,3,0,0.599164,0,-1,-0.605362,-2,1,0,0,0,0,0,2,2,1,1,0,0,1,-1,0,-2,0,1,0,0,1,0,0,0,0,0,1,0,-2,1,0,0,0,0,0,0,0,0,1,0,1,0,-0.7984,0,0,-0.781395,0,0,0,0,0,0,0,0,1,0,0,1
0,0,0,0,0,0,0,-0.587895,-1,-1,0,0,0,0,0,0,-0.044384,0,0,-1,0,0,0,-2,0,1,0,0,-1,0,1,0,0.80412,9,1,0,-3,0,0,0,0.756105,0,0,-0.644198,0,0,0,0,0,0,0,-1,0,0,0,0,0,0,0,1,0,0,-3,0,0,0,0,-1,-1,0,1,0,0,-1,0,0,0,0,0,0,1,0,0,0,0,2,-1,-0.251527,0,0,-0.692308,2,0,0,0,0,0,-1,0,0,1,1,1
0,0,-1,-1,0,0,0,-0.27202,0,0,0,0,0,0,0,0,-0.562835,1,3,0,0,0,0,1,0,0,0,4,1,0,0,0,0.95575,10,0,0,0,0,0,0,0.694332,0,0,-0.61784,0,0,0,0,0,-1,0,0,0,0,1,0,0,-1,-1,0,0,0,0,1,0,0,0,0,1,1,1,0,0,-1,0,0,1,0,0,0,0,0,0,1,0,0,0,-0.73972,0,0,-0.368875,0,0,2,-1,0,0,0,0,1,-5,1,1
0,0,0,3,-1,-2,0,-0.425798,0,0,0,0,-1,0,0,0,-0.318602,0,0,0,0,0,-1,0,0,0,0,0,0,0,2,0,0.89427,4,0,0,0,0,0,0,0.909455,0,0,-0.727323,0,-1,0,2,0,0,0,0,0,0,1,0,1,0,-2,-2,0,0,-1,1,0,0,0,-1,1,0,1,0,0,2,0,0,0,0,0,0,0,1,0,0,1,0,0,-0.755878,0,0,-0.650578,0,0,0,1,0,0,0,0,0,0,1,1
0,9,-1,1,0,0,0,-0.8568,0,0,0,0,0,1,0,0,-0.882941,0,0,0,0,0,0,1,0,0,0,0,2,1,0,0,0.74871,5,0,0,0,0,-3,0,0.224148,0,0,-0.423626,0,0,0,0,0,0,0,0,0,-1,-2,0,0,1,0,0,0,0,0,0,1,0,0,0,1,0,1,0,0,0,0,0,0,0,0,1,1,0,1,-1,0,0,0,-0.868132,-1,0,-0.773585,0,0,1,0,0,0,0,0,0,2,0,1
1,0,-1,1,0,-1,-1,5.293107,0,0,-2,0,0,0,3,0,-0.745387,-1,0,0,0,-1,0,-1,0,-1,0,0,0,0,0,0,0.62857,0,0,0,3,0,-1,0,0.835634,0,0,-0.284593,0,1,0,0,0,0,0,0,0,1,-1,0,2,0,-1,-1,0,0,0,0,1,0,-1,0,0,0,1,0,0,-3,0,2,0,0,0,0,0,0,0,0,0,0,0,-0.868132,1,0,-0.773585,1,0,-1,0,1,0,0,0,0,1,0,1
0,-1,1,0,0,-2,-3,-0.551914,0,2,1,0,0,0,-1,0,-0.59883,0,0,0,0,0,-2,0,0,0,0,0,0,0,0,1,0.62857,0,0,0,0,0,0,0,0.664208,0,0,-0.547369,0,0,0,1,0,0,0,0,-1,0,1,-1,0,1,0,0,0,0,0,0,1,0,2,0,-1,1,0,-1,1,0,0,0,0,0,0,0,0,0,0,0,0,-1,0,-0.733831,0,0,-0.773585,-1,0,0,0,0,0,0,1,0,1,0,1
0,3,3,1,1,5,0,-0.6,0,1,0,0,0,1,0,0,-0.69862,0,0,0,0,0,0,0,0,0,0,0,4,0,-1,0,0.65714,2,0,0,1,0,0,0,0.898858,0,0,-0.751458,0,0,0,0,-1,0,0,0,2,2,1,0,0,0,0,0,0,1,0,0,1,0,1,0,-1,-1,0,0,0,-2,0,0,0,0,1,0,0,1,0,0,0,0,0,-0.727273,0,1,-0.752468,0,0,3,0,0,0,1,0,0,-1,1,1
0,-1,-2,1,0,0,-1,-0.690007,1,0,0,-1,0,0,0,-4,-0.714286,0,0,0,1,0,0,0,0,-1,0,-3,2,0,-2,0,0.63965,2,-1,1,0,0,-1,0,1.863873,3,0,-0.478261,0,0,0,2,1,0,0,3,0,-2,0,0,0,0,0,0,0,0,0,1,1,0,0,0,0,0,0,0,0,2,0,0,0,0,0,1,0,0,0,0,0,0,0,-0.749329,0,1,-0.790268,0,0,0,0,0,0,0,2,0,0,1,1
0,0,0,1,1,0,1,-0.619922,1,0,0,0,0,0,0,0,-0.715456,0,0,0,4,0,0,0,0,0,0,0,2,0,0,0,1.15859,0,0,0,0,0,1,0,1.17391,0,0,-0.718473,0,0,2,0,0,-1,1,0,0,0,2,1,0,0,-1,0,0,0,-1,0,0,0,2,0,0,0,0,0,1,0,0,0,0,0,0,0,-1,1,0,0,0,0,0,-0.635193,0,0,0.237874,0,0,0,-1,0,-2,0,0,1,0,1,1
0,0,-1,0,0,0,0,-0.407652,0,0,0,0,0,0,-1,0,-0.372993,0,-2,0,0,0,-2,0,1,0,0,0,0,0,0,-1,1.29952,3,0,0,0,1,0,0,1.372418,0,2,-0.806294,1,1,0,0,0,-1,0,0,1,0,1,0,0,0,-1,0,0,0,0,0,0,0,1,0,0,1,0,0,0,-1,-2,0,0,-1,0,0,0,-1,0,1,0,0,1,-0.469911,0,0,-0.05199,0,0,0,0,1,1,-2,0,0,0,1,1
-1,1,0,0,0,0,0,-0.586207,0,0,0,0,0,0,0,3,-0.654731,0,0,0,0,0,0,0,0,0,-1,0,0,0,0,0,2.36637,4,0,0,-1,0,-2,1,1.418202,0,0,-0.810603,0,1,0,0,0,0,0,0,1,0,0,0,1,0,0,0,0,0,0,0,0,2,0,0,0,1,-3,0,2,-2,-1,-1,1,0,1,0,0,0,0,0,0,-2,0,-0.773585,0,0,0.0,0,0,0,0,0,1,0,0,0,0,1,1
0,-1,1,0,0,0,-1,-0.53221,0,-1,0,-1,0,0,3,0,-0.457847,0,0,0,0,0,0,-2,0,0,0,0,0,-1,1,0,1.77143,11,0,0,0,0,0,0,1.30645,0,2,-0.806452,0,0,1,0,0,0,0,0,1,0,0,2,0,-1,0,-1,0,0,0,0,2,0,0,1,0,0,0,-1,0,2,0,0,0,0,1,0,1,1,0,0,0,0,-1,-0.815922,0,0,1.836179,0,0,2,2,0,-1,0,0,0,1,1,1
0,0,0,0,1,0,0,-0.557757,0,2,0,1,-1,0,-2,0,-0.464264,0,1,-1,0,0,0,-1,0,2,0,0,1,0,1,-1,0.43033,2,-1,0,3,1,0,0,0.425,0,0,0.299689,2,0,0,0,0,0,0,-1,1,0,0,-1,0,0,0,0,1,0,-1,0,0,0,0,0,0,1,0,-1,1,0,0,0,-1,0,0,0,0,0,0,1,0,0,0,-0.716041,0,0,-0.454545,3,0,0,0,0,1,0,-1,0,0,0,1
0,0,0,3,0,0,0,-0.651018,1,1,0,0,0,0,0,2,-0.52,0,1,1,0,1,0,0,-3,0,1,1,0,0,2,0,1.14286,8,0,0,1,3,0,0,0.194043,-1,0,-0.602642,0,0,0,-1,0,0,-2,0,0,0,-2,-1,-1,0,3,0,1,-1,0,0,0,-1,0,0,0,0,0,0,0,0,0,1,1,0,0,0,0,0,0,0,0,0,0,-0.685275,0,0,-0.874351,0,0,0,0,0,0,0,0,0,0,0,1
0,0,0,0,0,-3,0,-0.647059,0,1,0,2,0,0,-1,0,0.331711,-2,1,1,0,1,2,0,0,-2,0,0,0,0,0,-1,1.50687,0,0,1,-2,-1,0,0,0.961832,-1,0,-0.7,-1,1,0,1,0,0,0,1,0,0,0,0,0,0,0,0,1,0,0,0,0,1,1,0,1,1,0,0,3,0,-2,0,0,0,0,0,0,0,0,0,0,0,-1,-0.698897,0,2,-0.369584,0,0,0,0,0,0,0,-1,0,0,0,1
0,0,1,2,0,0,0,-0.567021,0,0,0,0,0,0,0,0,0.531497,0,0,1,0,0,0,0,0,0,0,0,0,-4,-2,0,0.72245,7,0,0,0,0,0,0,0.403678,-1,1,-0.512671,0,0,0,1,0,0,0,0,1,-1,0,1,0,-2,0,1,1,0,4,0,0,0,0,-1,0,-3,0,0,0,0,2,0,0,0,0,0,0,0,0,-1,0,2,-3,0.084254,0,0,-0.174185,0,0,1,0,0,0,0,1,0,0,0,1
-1,3,1,1,0,-2,0,-0.464089,0,-1,0,0,0,0,0,0,-0.735828,0,0,-1,1,0,0,0,0,0,0,0,-2,0,0,0,0.83179,0,0,0,0,0,0,0,0.502252,0,0,-0.611484,0,0,0,0,0,0,-1,0,0,0,0,1,0,-1,0,0,0,1,0,0,0,0,0,0,0,-1,0,0,0,-1,0,0,-3,0,0,0,-1,-1,0,0,-1,0,0,-0.541532,0,0,-0.619079,1,1,0,-1,0,0,0,1,0,2,0,1
0,0,0,0,0,3,0,-0.538462,0,-2,0,0,0,1,0,4,-0.670247,0,0,1,0,0,0,0,0,1,0,0,0,-2,0,0,0.89614,1,0,-3,0,1,0,0,0.723574,-1,0,-0.549511,-1,0,-2,0,0,0,0,0,1,0,0,1,0,0,0,0,1,0,0,0,0,0,-1,0,0,0,0,0,0,-1,-2,0,0,-1,0,0,0,0,0,0,0,0,0,0.249317,0,0,-0.6,2,0,0,-1,0,0,0,1,1,1,0,1
0,0,-1,-2,1,2,0,-0.626157,0,0,-1,0,0,-1,0,0,-0.779591,0,0,0,0,-1,0,0,0,0,-1,0,0,3,0,0,1.48771,6,0,1,0,0,0,0,0.557692,1,0,-0.798916,0,0,0,0,0,0,0,0,0,0,1,0,0,0,1,0,0,0,0,1,0,1,0,0,0,0,0,1,0,0,-3,0,1,0,0,0,1,1,0,0,0,0,0,-0.652789,0,0,-0.607755,0,2,0,0,0,0,0,1,2,4,1,1
1,-1,0,0,0,0,0,-0.130917,2,0,0,0,0,0,0,0,0.898828,0,0,0,0,0,0,0,-2,0,0,0,0,3,1,0,2.1214,11,-1,0,0,0,0,0,2.296271,0,3,-0.121981,0,0,-5,0,0,0,0,0,0,0,0,0,0,0,0,-1,0,-1,0,0,1,0,0,0,2,1,0,2,0,0,0,0,-1,0,0,0,0,1,0,0,0,0,0,-0.428571,0,0,-0.414673,0,0,0,0,0,0,0,4,0,1,1,1
0,-2,0,0,0,0,0,1.355495,1,0,0,0,0,0,0,0,-0.173962,0,0,0,0,0,0,0,-1,0,0,0,-2,0,-1,0,1.48571,8,0,0,0,0,1,0,0.557692,0,0,0.060672,-1,0,0,0,0,0,0,0,0,0,0,1,2,0,0,0,0,0,0,0,1,3,0,2,0,0,0,2,0,0,0,0,0,0,0,0,0,1,0,-1,0,0,0,-0.439978,0,0,-0.586974,0,0,2,0,-1,0,0,2,1,0,1,1
0,0,0,0,0,0,0,-0.861641,0,0,0,0,0,1,0,1,-0.777778,0,0,0,0,0,0,0,0,0,0,1,0,0,0,-1,0.79991,2,0,0,0,0,0,0,0.242865,0,0,-0.482145,1,0,0,0,0,0,0,0,0,0,0,0,0,-1,0,1,0,-1,0,1,1,0,3,0,1,0,2,0,-1,0,2,0,0,0,0,0,0,0,0,0,0,0,0,-0.707782,0,0,-0.640437,0,0,0,-1,0,0,0,0,0,0,0,1
0,1,0,1,0,0,0,-0.547197,0,0,0,0,0,0,0,0,0.50799,0,0,0,1,1,0,0,0,-4,0,0,0,0,0,0,0.94554,0,0,0,0,0,0,0,0.619593,2,-1,-0.626931,0,0,0,0,0,0,0,0,0,0,0,1,-1,2,1,0,0,0,0,0,0,2,0,-1,1,0,1,0,0,0,2,0,-1,0,1,0,0,-1,0,1,1,0,0,-0.821439,0,0,-0.714286,0,0,0,0,0,0,2,0,0,0,0,1
0,1,0,0,0,-1,3,-0.773218,0,0,0,0,1,0,0,2,-0.850886,0,0,0,0,1,0,0,0,1,0,2,2,0,2,1,1.35185,2,2,-1,0,0,0,0,0.644845,0,0,-0.79652,0,1,0,0,0,0,1,0,-1,1,0,0,1,2,0,0,0,0,-1,0,1,0,0,0,1,0,1,0,0,-2,-3,1,0,0,0,0,0,0,0,1,0,0,0,-0.322066,0,0,-0.837812,0,0,0,-1,0,0,0,3,0,0,0,1
0,0,0,0,0,3,0,-0.538462,1,0,1,1,0,5,0,0,-0.789964,2,0,1,-1,1,0,0,0,0,0,0,0,2,1,0,0.8497,4,0,0,0,0,-1,0,3.30435,0,0,-0.529595,0,1,0,0,0,-1,0,0,0,1,0,0,0,1,0,1,0,0,0,0,0,1,1,0,0,0,0,0,0,0,0,0,0,1,0,0,0,0,0,4,0,4,0,-0.497719,0,0,-0.678635,0,0,0,2,0,0,1,0,0,0,1,1
0,0,0,0,0,3,0,-0.265974,1,0,1,1,0,2,0,0,-0.247801,0,0,0,1,0,0,0,0,2,0,2,-2,0,1,0,0.65714,2,0,0,1,0,0,0,1.479801,0,0,-0.444305,-1,1,0,0,0,-1,0,0,0,1,-2,2,0,0,0,2,0,0,0,0,0,1,0,-1,0,0,0,-1,0,0,0,2,0,0,0,1,0,-1,0,0,0,0,0,-0.706082,0,1,-0.826649,2,0,0,2,0,0,0,-1,0,0,1,1
0,0,0,0,-1,0,0,-0.751238,1,0,1,1,0,0,-1,0,3.463404,0,2,0,0,0,0,0,-1,0,-1,0,0,1,0,-1,0.68123,9,0,0,1,0,0,0,2.222127,0,0,-0.451614,0,1,-2,-3,0,0,0,0,-1,0,0,0,0,0,0,-1,0,0,0,2,0,1,0,0,0,0,0,-1,0,0,0,0,0,-2,0,0,0,0,0,0,1,0,2,-0.566893,0,0,-0.371554,0,0,2,0,0,1,0,1,0,0,1,1
0,-1,-1,0,0,1,0,-0.220231,0,0,0,0,0,-1,-2,0,-0.75166,0,0,0,0,0,0,5,-1,0,1,0,0,1,3,0,1.4557,12,-1,2,2,1,0,0,0.255814,0,0,-0.764897,0,0,0,0,0,1,0,0,-1,0,-1,0,3,0,-1,0,-1,0,1,1,0,1,0,0,0,2,0,0,0,-1,1,0,0,0,0,0,0,0,0,0,0,0,0,-0.75769,0,0,-0.672919,1,-1,-1,0,-1,0,0,0,0,-2,0,1
0,-1,1,-1,0,1,0,-0.772899,-1,0,0,0,0,1,0,0,-0.484472,0,0,3,1,0,0,0,0,0,0,0,0,0,1,-1,1.62093,0,0,0,0,0,2,0,0.256799,0,0,-0.90614,-2,-3,0,0,0,0,0,0,0,0,0,0,-2,0,0,-1,0,0,0,0,0,0,-1,0,-2,0,0,0,1,0,5,0,0,0,0,0,0,0,0,1,0,0,0,-0.764706,0,0,-0.688114,1,0,0,-1,0,0,0,0,0,0,0,1
0,2,0,0,-1,0,0,-0.692058,1,0,0,0,0,0,2,0,-0.6,0,1,0,0,0,0,1,0,0,2,2,0,1,1,0,0.85136,4,0,-1,0,0,2,0,0.253163,-1,0,-0.897367,1,-1,0,-1,1,0,0,0,0,0,0,0,1,0,0,0,0,0,0,0,1,0,0,-1,0,0,1,0,1,0,0,0,-1,1,0,0,0,0,0,0,0,3,0,-0.234933,0,0,-0.90041,1,0,0,0,0,0,-2,2,-1,0,0,1
0,0,0,1,0,0,0,-0.789474,0,0,0,1,0,0,0,0,-0.846009,0,0,0,0,0,1,0,0,0,0,0,-2,0,0,0,1.27773,1,0,-2,0,0,0,0,0.652505,4,-1,-0.64325,0,0,0,0,0,0,0,0,1,0,0,0,2,0,0,-1,0,0,0,0,1,0,0,0,-1,0,2,1,0,0,2,0,-1,0,0,0,0,0,1,0,0,0,0,0.819493,0,-1,-0.72695,0,0,0,0,0,0,0,0,1,-4,1,1
0,0,1,0,2,3,0,-0.790098,2,1,1,0,0,-1,0,0,-0.78365,0,0,0,0,0,0,-2,0,0,0,0,0,2,0,0,1.06502,10,0,0,1,0,0,0,0.625857,2,0,-0.725558,0,0,1,0,0,0,0,0,0,-2,0,0,-1,0,0,0,0,0,0,0,0,0,0,0,0,0,0,0,-1,0,0,0,0,-2,0,1,0,0,0,0,0,0,0,-0.408355,0,0,-0.714286,0,1,2,0,0,0,-2,0,0,0,1,1
0,1,0,1,0,0,0,-0.598994,0,1,0,-1,0,0,0,0,-0.595041,0,3,0,0,0,1,0,0,0,0,0,0,0,0,0,1.24549,0,0,0,1,0,0,0,1.239756,2,0,-0.713173,0,0,0,-1,-1,0,0,0,0,-1,0,0,0,0,0,0,0,0,0,-3,-1,0,-2,-1,0,0,-1,0,0,0,0,0,2,2,0,0,0,0,1,-1,0,3,0,-0.324288,0,0,-0.714286,0,0,0,0,0,-1,0,1,0,0,1,1
0,1,1,1,-1,0,-1,-0.712882,0,0,1,0,1,1,0,1,-0.507057,0,0,0,0,0,0,0,1,0,0,0,-2,0,0,0,2.08868,2,0,0,0,0,0,0,1.625563,0,0,-0.006046,0,0,0,0,0,0,0,0,0,-2,0,0,0,1,0,0,0,0,0,0,0,0,1,0,0,0,0,0,-1,0,0,0,2,0,0,0,0,0,0,2,0,1,1,-0.6,0,0,-0.7,-1,0,0,0,0,0,0,-1,0,0,0,1
0,0,0,1,0,0,0,-0.749652,0,0,0,0,0,0,3,0,-0.758115,0,-1,1,0,0,0,-2,-1,1,0,0,0,0,0,0,1.16473,4,0,0,0,1,-1,0,1.529736,0,-3,-0.760932,0,0,0,0,0,1,0,0,1,0,0,0,-5,0,0,0,1,0,0,0,0,-1,0,0,0,1,0,0,0,0,0,0,0,1,1,0,0,-1,0,1,0,-1,0,-0.570401,0,0,-0.7,2,1,-2,0,0,1,0,0,0,0,0,1
0,0,2,0,0,0,0,-0.171994,1,0,0,0,0,0,0,0,-0.499084,0,0,1,0,0,-2,1,0,1,0,0,2,0,0,0,1.17309,2,0,0,1,2,0,0,1.04878,0,0,-0.867997,0,0,2,0,0,0,4,0,0,0,0,0,-1,1,0,-1,0,0,3,0,0,0,0,0,0,1,0,1,1,0,0,0,0,0,0,0,0,0,0,1,0,0,0,-0.170282,0,0,-0.691588,0,1,0,0,0,0,0,0,0,1,0,1
0,0,0,0,0,0,0,-0.820419,0,0,1,0,0,0,0,-2,-0.757882,0,0,-1,0,-1,0,0,-1,0,1,0,1,0,0,0,2.45772,1,0,0,-1,0,0,0,1.612654,0,0,-0.744681,0,0,0,0,1,0,1,0,0,1,1,0,-2,0,0,0,0,0,0,0,1,0,1,0,0,0,-1,0,0,0,0,0,0,1,5,1,1,1,0,-1,0,2,0,0.241448,0,0,-0.80976,0,0,1,-4,0,1,0,0,0,0,1,1
0,0,0,0,0,1,0,-0.825814,0,0,0,0,0,0,4,1,-0.743829,0,0,0,0,0,0,0,0,1,0,0,1,0,0,0,1.30404,1,-1,2,0,-1,0,0,0.860695,0,0,-0.657468,-2,0,0,0,1,0,0,0,0,1,1,0,0,0,0,-1,0,0,0,0,0,3,0,0,0,1,2,0,0,0,0,0,1,1,0,0,0,0,0,0,0,0,-1,-0.614351,0,0,-0.734837,0,0,1,0,0,1,0,0,1,0,1,1
0,0,0,-1,1,0,0,-0.8125,0,0,0,0,0,0,0,0,-0.76,-1,1,1,0,0,0,1,0,0,1,0,0,0,0,0,1.95272,3,0,0,0,0,1,0,2.273554,-1,0,-0.57083,0,0,0,0,0,-1,0,0,0,0,0,0,-3,0,0,0,0,0,0,0,0,0,0,1,0,0,0,0,0,2,0,0,0,0,0,0,0,0,1,1,0,0,0,-0.764706,0,0,-0.26223,0,0,0,0,0,0,1,0,0,0,1,1
0,0,-1,2,0,0,1,-0.729472,0,0,0,0,0,0,0,0,-0.747778,0,0,0,0,0,0,0,0,0,0,0,1,0,0,0,1.07663,0,0,0,2,0,0,0,0.729674,0,0,-0.711808,2,0,1,0,0,0,0,0,-1,0,-3,0,0,0,0,-2,0,0,0,0,0,0,1,0,0,0,0,0,0,-1,0,0,0,0,1,0,0,0,0,0,0,0,0,-0.774181,0,1,-0.643795,2,1,-2,0,1,0,0,0,0,1,1,1
0,1,0,0,0,1,0,-0.755102,0,0,1,0,0,1,0,0,-0.718782,0,0,0,-3,0,0,0,0,0,0,0,-1,2,0,0,1.00872,1,0,0,0,0,0,0,0.662688,0,0,-0.804228,0,0,0,0,0,1,0,0,0,-5,0,0,0,0,0,0,0,0,0,1,1,1,0,0,4,1,0,0,0,0,2,0,-1,0,1,0,0,0,0,0,0,0,0,-0.777086,0,1,-0.833551,0,1,0,-2,0,0,0,1,1,0,1,1
0,0,0,-4,0,0,0,-0.585107,0,0,0,0,1,0,-1,0,-0.730022,0,0,0,0,0,0,1,0,0,0,0,-1,0,0,-1,1.45714,9,0,0,1,0,0,-1,0.724396,1,0,-0.568398,0,0,0,0,0,-2,0,0,0,0,0,0,0,1,-1,0,0,0,0,0,0,0,-3,0,0,0,0,0,1,1,0,0,-5,0,1,0,0,0,0,0,0,0,0,-0.70419,0,1,-0.779434,2,1,1,0,0,0,-1,0,-1,0,1,1
0,0,0,0,0,1,0,-0.633479,0,0,-2,0,0,0,0,0,-0.220191,0,0,-1,0,0,0,-1,0,0,0,-1,0,2,0,0,1.39214,3,0,0,1,2,0,0,0.305556,0,0,-0.656761,0,0,-1,0,3,0,-1,0,0,0,1,0,0,0,0,0,0,0,0,0,-4,0,0,0,0,1,-2,0,-1,0,0,-1,0,-1,-1,-2,-1,0,0,1,0,0,0,-0.714286,0,0,-0.690355,0,0,0,-1,0,1,0,0,0,0,0,1
1,0,-4,2,0,0,-2,-0.652151,0,0,0,-1,1,0,2,0,-0.784706,-1,0,0,0,0,-1,0,0,0,0,0,-1,0,-1,0,0.6646,4,1,0,1,0,0,0,0.424297,-1,0,-0.575927,0,1,0,0,0,0,0,-2,0,0,1,0,0,0,0,0,0,0,0,0,0,0,0,0,0,0,0,0,0,0,0,0,0,3,0,0,0,0,0,0,0,0,0,-0.691086,0,0,-0.618169,0,0,0,0,0,0,0,0,0,0,0,1
0,0,0,0,0,0,0,-0.577617,0,1,0,0,0,1,4,0,-0.583927,1,1,0,1,0,1,1,0,0,0,0,0,0,1,0,0.92906,1,0,0,0,0,0,0,0.305556,-1,0,-0.43529,-1,1,-1,-1,0,0,-1,0,0,-4,0,0,2,1,1,0,0,2,0,3,-3,0,-3,0,2,0,0,-1,0,0,-1,-1,1,0,0,0,-1,0,0,0,0,0,-1,-0.726826,-1,-1,-0.692308,0,0,0,0,0,0,0,0,0,2,0,1
0,0,0,0,0,1,0,-0.554877,0,0,0,-1,2,0,0,1,-0.671999,0,1,0,0,0,0,0,-1,0,1,0,0,2,0,0,0.93018,4,0,0,0,0,1,0,0.423327,0,-1,-0.668441,-2,1,0,0,0,-1,0,-1,0,0,0,1,0,0,-1,0,1,0,-3,0,1,1,0,0,0,-2,0,0,1,0,2,0,0,0,0,0,0,0,-1,0,0,0,1,-0.75,0,0,-0.393037,0,0,1,0,0,0,1,0,1,0,1,1
0,-1,1,-3,0,1,0,-0.553137,-1,0,0,0,0,0,0,1,-0.191893,0,0,0,0,1,0,0,0,0,0,0,1,0,1,0,1.14503,2,0,1,0,0,1,0,0.514286,0,0,2.93746,0,1,0,0,0,0,0,0,0,0,0,0,0,1,0,0,1,-1,0,0,1,1,1,0,1,1,-2,0,0,0,0,0,0,0,0,0,0,0,0,0,0,0,0,-0.705956,0,0,-0.682977,2,0,0,0,0,0,-2,1,1,0,1,1
0,0,0,-2,0,1,-1,-0.605136,0,0,3,0,0,0,0,0,-0.662552,0,0,0,0,-1,1,0,0,0,0,0,-1,-1,1,0,2.17248,4,0,-1,0,0,1,0,0.359614,0,0,-0.474257,-1,0,0,0,0,0,0,1,-1,-1,0,0,0,0,0,0,0,0,1,0,1,1,-2,0,0,1,0,0,0,0,3,0,2,2,0,0,0,0,1,1,0,0,0,-0.843494,-1,0,-0.372491,2,0,-1,-1,0,0,0,0,1,0,1,1
0,0,0,0,0,1,0,-0.689965,0,0,0,0,-1,0,0,0,-0.256688,0,1,1,4,0,0,-2,0,-1,0,0,-2,0,0,0,1.02857,1,0,-1,0,0,0,0,3.126913,1,1,-0.666667,0,0,0,0,0,0,-1,0,0,1,-1,0,-1,1,-1,0,1,0,0,0,-1,0,-1,-3,0,-2,1,0,0,0,0,1,-2,0,0,0,0,0,0,0,-1,-1,0,-0.367986,-1,0,-0.484474,0,-1,-1,0,0,0,0,0,0,1,0,1
0,0,0,1,0,0,1,-0.410596,1,0,0,0,0,0,1,0,-0.237705,0,1,-1,0,2,0,0,0,0,1,-2,0,0,0,0,1.54595,5,1,0,0,1,0,0,0.607684,0,0,-0.605807,2,0,0,0,0,0,0,0,0,1,0,0,-2,1,0,0,0,0,1,0,2,-1,0,0,4,0,0,0,0,0,0,0,-1,-1,0,0,0,-2,0,0,1,0,0,-0.738928,0,0,-0.826545,0,0,0,0,0,0,1,-1,0,1,0,1
1,0,0,-1,0,0,0,0.1352,0,0,0,-1,0,0,0,0,-0.675556,0,1,-1,2,0,0,-3,0,0,0,0,-5,-1,0,0,1.02857,0,-1,0,0,1,0,0,0.194444,-1,0,-0.666667,1,0,0,0,0,0,0,0,0,0,0,0,0,1,0,0,0,0,0,2,0,0,0,0,0,0,0,-2,0,0,0,0,0,-1,0,1,0,0,0,0,0,-1,0,-0.64785,0,0,-0.718863,-2,0,0,0,0,0,0,1,0,0,0,1
0,0,-2,0,0,0,0,8.062804,0,0,0,0,-1,0,0,0,-0.785714,0,0,0,1,0,0,0,0,1,0,0,0,-3,-1,0,1.88762,7,0,0,-1,0,0,0,0.242424,-1,0,-0.636364,-1,0,0,0,2,0,0,0,0,-1,0,1,0,1,0,-1,1,0,0,0,1,-1,0,0,0,2,1,0,0,0,1,0,0,0,0,0,0,1,0,1,0,1,0,-0.183595,0,0,-0.7,0,0,-1,0,0,0,0,0,0,1,0,1
0,0,1,0,0,0,0,7.576282,0,-1,-1,1,0,1,4,0,-0.809627,0,0,0,0,0,0,0,0,1,0,0,0,-1,0,0,0.89423,5,0,0,-2,0,0,-1,0.240063,0,-1,-0.630873,-1,0,0,0,0,3,0,0,0,0,0,1,0,1,0,0,0,0,0,1,1,1,0,0,2,0,1,2,0,-1,0,0,-1,0,0,0,-1,0,0,1,0,1,0,-0.618091,0,0,-0.691561,1,0,0,0,0,0,0,0,0,0,0,1
0,2,-2,1,0,2,-1,8.44262,1,0,2,0,1,0,0,0,-0.785714,0,0,0,1,0,0,0,0,0,-1,-1,0,0,0,0,0.52568,1,0,0,0,1,0,1,3.176114,4,-1,-0.636364,-1,0,0,0,2,0,0,-1,1,0,0,1,2,1,0,0,0,0,0,1,0,0,1,0,2,-1,0,0,0,-2,1,0,0,0,0,0,0,1,0,1,0,0,0,-0.707722,0,0,-0.586266,-1,0,0,0,0,-1,0,0,0,0,0,1
0,0,-2,1,0,0,0,-0.474931,1,0,0,0,0,0,0,0,-0.730327,0,0,0,1,0,0,0,0,0,0,2,0,0,-1,0,1.68571,14,0,0,0,4,0,0,1.023695,0,0,-0.411794,0,1,0,0,0,0,0,0,0,0,0,0,0,0,0,0,0,0,0,2,0,0,0,0,0,0,0,0,1,0,0,0,0,2,0,-1,0,0,0,3,0,-1,0,0.030997,0,0,-0.648137,0,0,2,0,0,2,-1,-1,0,0,0,1
0,0,0,1,0,0,0,-0.781731,0,0,0,0,0,0,0,0,-0.271408,0,0,0,1,0,-1,0,1,0,0,0,2,0,0,0,1.85139,0,0,1,-1,-1,1,1,0.720713,2,1,-0.909118,-1,0,0,0,-1,1,3,0,0,-1,0,4,0,0,0,1,1,0,2,0,0,0,-1,-1,0,0,0,0,1,4,0,0,0,-2,0,0,0,1,0,0,0,0,0,-0.245658,-1,0,-0.727273,2,0,3,0,-2,0,0,1,0,0,0,1
1,0,1,0,1,0,0,-0.721138,0,-1,0,0,-1,0,-1,0,3.503993,0,0,1,1,0,0,1,0,0,0,0,0,0,0,0,1.87996,5,0,0,0,0,1,0,0.979436,0,1,-0.809109,0,0,3,0,0,0,-1,0,0,0,0,0,0,0,0,1,0,0,0,0,0,0,-1,0,0,0,0,0,1,2,0,0,0,0,0,0,0,-2,0,0,-1,-3,0,-0.606012,0,0,-0.824322,0,0,0,0,1,0,0,0,0,4,0,1
0,0,0,0,1,1,1,-0.727765,0,0,0,0,0,0,-1,0,-0.714911,0,0,0,0,0,0,0,0,-1,0,0,0,1,0,1,1.07622,4,1,0,-1,1,0,0,0.333333,1,0,-0.650708,-2,-1,1,2,0,0,1,0,0,0,0,0,2,0,-1,0,0,0,0,-1,1,0,0,0,0,0,0,0,0,0,-1,0,-1,0,0,0,0,1,0,0,0,0,-1,-0.803903,0,0,-0.119378,2,0,0,0,0,1,0,-3,0,2,0,1
0,0,0,1,-1,0,-1,0.097577,-1,0,0,0,1,-1,0,0,-0.755102,-1,0,0,0,-1,0,0,0,0,0,1,0,1,0,0,2.65083,2,0,0,2,1,0,0,0.333333,0,0,6.884908,0,-1,0,0,2,0,0,0,0,-1,0,0,0,0,0,0,0,0,2,0,0,0,0,0,0,0,0,2,0,-1,-2,0,0,0,0,0,0,1,0,0,0,0,0,-0.669328,0,0,0.478955,0,1,0,0,0,0,0,0,2,3,0,1
0,0,-2,1,1,1,-2,-0.565212,0,0,-1,0,0,0,0,0,-0.839644,0,0,0,0,0,0,1,0,1,0,0,0,1,0,0,1.142,6,-1,0,0,1,-3,0,1.177659,-1,0,-0.54515,0,0,0,1,0,0,0,0,0,0,-1,-3,0,0,0,0,0,0,0,-3,0,0,0,0,0,0,-1,0,0,0,0,0,0,2,0,0,0,0,0,2,0,0,1,-0.6751,0,0,-0.841161,0,0,0,0,-1,0,-1,0,0,0,0,1
0,1,0,0,0,2,0,-0.707818,1,0,0,0,0,0,0,0,-0.598939,0,0,1,-2,1,-1,2,0,0,0,0,2,0,0,1,0.77143,1,0,0,-1,0,0,0,0.567452,0,0,-0.756739,-2,0,0,0,0,0,0,0,1,-1,0,0,4,1,0,1,0,0,3,0,0,0,0,-1,0,0,0,-1,1,0,0,1,-1,0,0,-1,0,0,0,0,0,0,0,-0.636657,0,0,-0.625,0,0,2,0,4,1,0,0,0,2,1,1
0,0,0,0,0,0,2,-0.728653,0,0,1,0,0,0,0,0,-0.6,-1,1,1,0,0,1,0,-1,0,1,0,0,2,1,0,0.99583,0,0,0,1,-1,0,0,0.553405,0,0,-0.004062,0,0,0,0,3,0,0,0,-1,0,0,0,0,0,0,0,0,0,0,0,0,0,0,0,0,0,-1,0,1,-1,0,0,1,0,0,-1,0,0,0,0,0,-1,0,-0.528053,0,0,-0.617129,0,0,0,0,0,0,0,0,0,3,1,1
-1,0,-1,0,0,0,0,-0.709356,0,0,-3,0,0,0,3,2,-0.561247,0,1,0,-1,0,0,0,-1,0,0,0,0,2,1,1,0.65602,5,0,0,0,0,0,0,1.660325,1,0,-0.463947,0,-2,0,0,0,0,-1,0,0,0,1,0,0,0,0,0,0,0,0,0,-3,1,1,0,-3,0,0,0,0,0,-1,0,0,0,0,0,0,1,0,-1,0,0,0,-0.547212,0,0,-0.587843,0,1,0,0,0,0,0,0,0,0,1,1
0,2,-1,1,0,-1,-4,-0.564344,0,0,0,0,2,0,-2,0,-0.772113,-1,0,0,1,0,-2,0,0,0,0,-1,0,0,0,0,0.99061,5,-1,0,-1,0,1,0,0.722222,1,0,-0.653955,0,0,1,-1,0,0,0,0,0,0,0,0,0,0,0,0,1,1,0,1,1,0,0,0,-6,0,1,0,0,0,0,0,0,1,0,-1,0,0,0,0,0,0,0,-0.772155,1,0,-0.701365,0,-1,0,0,0,0,0,1,0,0,0,1
0,0,0,3,-1,-1,-1,-0.777778,0,0,0,0,0,2,1,0,-0.810668,0,-1,1,2,0,1,1,2,0,0,0,5,0,0,0,1.09178,1,0,0,0,-1,0,1,1.059565,-2,0,-0.574263,2,0,1,0,1,1,2,0,0,0,1,0,3,0,1,0,1,0,1,1,1,0,0,0,-1,0,0,0,1,0,-1,0,0,-1,0,0,1,0,0,-1,0,-1,0,-0.75,0,0,-0.635341,1,0,0,0,-3,-1,-3,0,0,0,0,1
0,0,-1,-1,0,0,0,-0.777778,-1,0,0,0,0,0,1,0,-0.793103,0,0,0,2,1,0,-2,0,1,0,0,1,0,0,0,0.63037,4,0,0,1,-3,1,0,0.722222,0,-1,-0.208014,0,0,0,0,0,0,0,0,1,0,3,0,0,0,0,0,0,0,0,0,0,0,0,0,0,0,0,0,1,0,0,0,2,0,0,1,0,-1,0,1,0,2,0,1.245711,0,0,-0.666667,3,0,0,0,0,1,1,0,0,-1,0,1
0,2,0,0,0,0,-1,-0.738071,0,0,0,0,0,0,1,-3,-0.681449,0,0,0,0,0,0,0,0,0,0,-1,0,0,-2,0,0.82791,9,0,0,0,0,0,0,2.946366,1,1,-0.511432,0,0,0,0,0,0,0,0,0,0,0,1,0,0,1,0,0,0,0,1,0,0,1,1,0,1,0,-2,1,0,2,0,0,0,0,-1,0,0,0,2,0,0,0,-0.789474,-1,0,-0.578098,1,0,0,0,1,0,0,0,-2,0,0,1
-1,0,0,0,0,1,0,-0.75759,0,1,1,-1,0,0,0,1,-0.331417,0,0,-1,0,0,1,2,0,0,0,0,1,-2,0,-1,0.55111,10,0,0,1,0,-1,0,0.786523,0,0,-0.436897,0,0,0,0,0,1,-2,-1,0,-1,0,1,0,0,0,1,0,0,2,1,2,0,1,0,4,1,0,0,0,0,0,0,0,-3,0,1,2,0,0,0,0,0,1,-0.73624,0,0,-0.438488,0,0,0,0,1,0,0,0,0,0,0,1
0,1,0,0,0,0,0,-0.675676,0,1,-3,0,2,0,-1,0,-0.608163,1,-1,0,1,0,-1,0,0,0,0,2,0,0,0,0,1.30286,5,0,0,0,1,-2,0,1.200581,0,0,3.760896,0,0,0,0,-1,0,-1,0,0,0,1,1,-2,0,0,0,-1,0,3,0,1,0,0,0,0,-3,0,0,0,2,0,0,1,0,0,-1,0,0,0,0,0,0,0,-0.789474,0,1,-0.454545,0,-2,-1,0,1,0,0,0,2,0,0,1
0,0,0,1,0,0,0,-0.528795,-1,0,0,0,0,0,-2,0,-0.79661,0,1,1,1,2,-1,0,1,1,0,1,0,0,-1,0,1.21229,2,0,-1,0,0,-1,0,1.15625,0,0,-0.893198,0,-1,0,0,0,0,0,0,3,2,0,-1,1,2,0,-1,0,0,0,1,0,0,1,0,0,0,2,0,0,0,0,0,0,0,-1,0,0,0,0,0,0,0,-1,-0.74448,0,0,-0.587785,0,0,0,0,0,0,0,2,0,0,0,1
0,0,0,0,0,0,0,-0.52,1,0,-1,0,0,1,0,0,-0.79661,0,0,1,0,0,0,-1,0,0,0,0,1,1,2,0,0.71185,4,0,0,1,0,0,0,0.939984,0,0,-0.635246,0,2,1,0,1,0,0,0,0,0,0,0,0,0,1,2,1,1,0,0,0,0,1,-2,0,-1,1,0,0,-1,0,0,0,0,0,1,3,0,-1,0,0,0,-1,-0.793103,0,0,-0.611091,0,0,1,0,0,0,-2,0,-1,0,0,1
0,0,1,0,0,-1,0,-0.563056,0,0,1,0,1,0,0,1,-0.844805,0,1,1,0,0,1,-3,0,0,0,0,0,0,0,0,0.78471,8,0,0,0,3,0,0,0.52223,-3,0,-0.547456,0,0,0,-1,0,0,0,-1,0,0,0,-1,1,0,0,0,0,0,0,1,1,0,1,0,0,0,1,0,0,0,0,0,-2,0,0,0,-1,0,0,0,0,0,0,-0.806154,0,0,-0.623401,0,0,0,1,0,0,0,0,2,0,0,1
0,0,1,0,0,0,1,-0.751309,0,0,1,1,1,0,0,0,-0.09793,0,1,0,0,0,0,0,0,0,0,0,0,0,1,0,0.67418,3,0,0,0,0,0,0,2.537016,0,3,-0.305774,1,0,0,0,0,0,0,0,0,0,0,1,0,0,1,0,0,0,0,0,-3,0,0,-4,0,0,-1,2,0,0,0,0,0,0,0,1,0,0,0,0,0,0,0,-0.599365,2,0,-0.701442,0,0,0,1,0,0,0,0,0,1,0,1
0,0,-1,0,-1,-1,1,-0.844156,0,0,0,0,1,1,0,0,-0.455364,0,0,1,0,0,0,0,0,0,0,0,0,2,0,0,0.53158,3,1,0,1,0,0,0,1.85185,0,-1,-0.224326,1,1,0,0,1,0,0,0,0,1,0,0,1,0,1,1,0,0,0,0,0,0,-2,-2,-1,0,1,-1,0,0,3,0,2,0,0,0,0,0,0,0,0,0,0,-0.666667,1,0,-0.724622,0,0,1,1,0,0,0,0,2,1,0,1
0,-1,3,0,0,0,1,-0.483697,0,0,0,0,1,0,0,0,-0.766279,0,-1,0,0,0,-1,3,0,0,0,0,0,0,1,0,1.49927,7,0,0,-1,0,0,1,1.272519,2,0,-0.339565,0,0,0,0,0,0,0,0,0,0,0,1,2,1,0,0,0,0,1,0,0,0,0,1,0,0,0,1,0,0,0,0,0,0,0,0,0,-1,0,-1,0,-1,0,0.519294,0,1,-0.735138,0,0,0,1,1,0,0,-1,0,0,0,1
0,0,0,0,0,0,0,4.317507,1,-1,2,0,0,0,0,1,-0.614871,0,0,0,0,0,0,0,0,0,0,0,4,0,1,0,2.91799,5,0,0,1,0,0,-1,1.11246,0,0,-0.593187,2,1,0,0,0,0,0,1,1,0,0,0,0,0,2,0,0,0,0,-2,0,0,-3,0,0,0,0,0,-2,0,0,0,0,0,0,0,0,-1,0,3,1,1,0,-0.463013,1,0,-0.52,0,0,-1,1,0,1,0,0,0,1,1,1
0,3,0,0,1,0,0,0.104733,-1,0,0,0,2,0,0,1,-0.752234,0,0,0,0,0,0,0,3,0,0,0,3,0,1,0,1.86144,5,0,0,1,0,0,0,0.814189,0,0,-0.912202,-2,1,1,1,0,0,0,0,0,4,0,0,2,0,0,0,0,1,0,0,0,0,0,0,0,0,0,0,0,0,-1,0,0,1,0,0,0,0,0,0,0,0,0,-0.685034,1,0,-0.05835,0,-1,0,1,0,1,0,0,0,1,1,1
0,0,1,0,0,0,1,-0.068963,0,0,0,0,0,0,0,0,-0.65867,0,0,0,0,-1,0,0,0,2,0,0,0,0,1,0,2.39797,7,0,0,0,-2,1,0,1.231905,0,2,-0.849848,2,1,0,1,0,0,0,0,0,0,0,2,0,0,0,2,0,-2,0,-1,0,0,0,0,0,0,0,0,0,2,0,0,2,0,0,0,0,0,0,0,0,1,0,-0.545334,1,0,-0.374917,0,0,0,1,0,1,0,0,0,1,1,1
0,2,0,0,0,1,0,-0.448914,2,1,0,0,0,0,1,0,-0.646895,-1,0,1,2,0,0,-1,0,1,0,0,-1,-3,0,0,1.20676,4,0,0,1,-1,2,1,0.259484,0,0,-0.548304,0,1,-2,0,1,0,1,0,0,-1,0,0,1,1,1,0,0,0,0,0,0,0,0,0,0,0,1,-1,0,0,0,0,0,0,0,0,0,1,-1,0,0,0,0,-0.680496,0,0,-0.558549,0,0,1,0,0,0,0,0,0,-2,0,1
0,-3,0,0,0,1,0,-0.691507,0,0,0,0,0,0,-2,-1,-0.761875,0,0,1,0,0,0,-1,0,0,0,0,3,0,-1,0,1.22954,0,0,0,1,0,0,0,0.261905,-1,0,-0.652055,-3,-1,0,0,1,0,0,2,0,-2,0,2,0,0,0,0,0,0,1,1,0,3,4,0,-1,0,1,0,0,0,0,0,0,0,0,0,1,0,0,1,1,-2,0,-0.870328,0,0,-0.71367,0,-1,-1,0,0,0,0,0,3,1,0,1
0,0,-2,0,1,0,-1,-0.572192,0,0,0,0,0,-1,0,0,-0.655,0,-2,1,0,0,0,0,0,1,0,0,0,1,0,0,0.56055,7,0,0,1,0,0,0,0.265173,0,0,-0.487112,0,0,0,0,0,1,0,0,0,0,-1,2,1,1,0,0,0,0,0,0,0,1,0,0,0,1,1,0,-1,0,0,0,-2,0,0,0,0,0,0,0,0,0,0,-0.664212,0,0,-0.051313,1,0,0,0,0,0,-1,0,0,0,0,1
0,-1,0,1,0,0,1,-0.587962,0,0,3,0,0,2,2,0,-0.57743,1,0,1,0,0,0,0,-1,2,1,2,2,0,1,0,1.50395,5,0,3,0,0,0,0,0.759259,-2,0,5.105161,0,1,1,0,0,-2,1,0,0,0,0,0,-1,0,0,-3,0,0,0,0,0,0,0,0,0,1,0,1,1,0,0,0,0,0,-1,1,2,0,0,0,1,1,-1,-0.764706,1,0,-0.555256,0,0,0,0,0,0,0,-1,0,0,0,1
0,0,3,1,0,-1,0,-0.721363,0,0,1,0,-2,1,1,0,-0.437661,0,0,0,0,0,0,-1,0,0,1,0,0,0,0,0,1.44887,5,0,0,-2,0,0,0,0.325774,-1,0,7.295712,0,0,0,-1,-1,0,0,0,0,0,0,0,0,0,0,-2,0,0,-1,0,0,0,0,0,0,1,-1,0,0,0,0,1,0,0,1,1,0,0,0,0,0,0,0,-0.41028,0,0,-0.5257,0,0,1,0,0,-1,0,1,2,2,0,1
0,0,0,0,0,0,2,0.22334,0,0,0,0,1,1,1,0,-0.584115,0,0,1,0,0,-1,0,0,0,1,0,0,1,0,0,1.43418,3,1,0,0,0,1,0,0.759259,3,0,5.745097,0,1,0,0,0,0,0,0,1,0,1,-1,0,0,0,0,0,0,1,0,0,0,0,-2,2,1,0,0,2,0,2,1,-3,0,0,1,0,2,0,0,0,0,0,0.27784,0,1,-0.772108,0,0,0,1,0,0,-1,0,1,0,0,1
0,2,0,-1,1,0,2,-0.652147,0,0,0,1,0,0,0,2,-0.290084,0,0,2,0,0,-1,0,0,0,0,0,0,0,1,0,0.54286,4,0,1,0,0,0,0,1.369202,1,0,-0.368421,0,0,0,0,-1,0,0,0,0,0,0,1,-3,0,0,0,0,1,0,1,0,0,1,0,0,0,-1,0,1,1,0,0,0,0,0,0,0,1,0,1,0,0,0,-0.478261,1,0,-0.51639,0,0,3,1,0,0,0,1,0,-1,1,1
0,0,0,0,-1,0,-1,-0.657927,0,0,1,0,0,0,0,0,-0.536138,0,0,-2,0,0,0,-1,0,0,0,0,0,0,1,0,3.26363,5,0,0,0,0,0,0,1.365132,2,0,-0.230317,0,-1,-1,0,0,0,0,0,-1,0,0,1,0,0,0,1,0,1,0,1,0,0,0,0,0,0,0,0,1,0,0,0,0,0,1,0,0,0,0,1,0,0,0,-0.478261,0,0,-0.7706,-4,0,2,0,0,0,0,0,0,0,1,1
-1,-1,0,-2,-1,0,1,-0.583179,0,-1,-1,0,0,2,-2,0,-0.906717,0,-1,-2,0,0,0,0,0,1,0,0,2,0,1,0,0.54286,27,0,0,1,4,0,0,1.397421,4,0,-0.368421,0,-1,0,0,0,0,1,0,0,0,0,0,0,0,0,0,0,1,0,1,1,0,1,0,5,0,-2,0,1,0,0,0,0,0,0,-3,0,0,0,1,0,0,0,-0.201471,0,0,-0.366512,0,0,0,1,0,0,0,1,0,1,1,1
1,1,0,0,0,0,0,-0.666667,0,0,0,0,0,1,0,1,-0.760309,0,0,1,0,1,0,0,0,1,0,0,0,0,0,0,1.24287,6,0,0,0,0,0,0,2.137863,0,1,-0.68234,0,0,0,0,1,0,0,1,0,0,0,1,0,0,0,0,0,0,-1,0,1,0,1,0,0,0,0,-3,0,-1,0,0,0,0,0,0,2,1,0,0,0,-1,0,-0.204442,0,1,-0.761326,0,1,0,1,0,0,0,1,3,1,1,1
0,4,1,0,0,0,0,-0.614002,0,0,0,1,0,0,0,1,-0.147848,0,0,3,3,1,0,0,0,1,0,0,0,0,-1,1,1.09312,10,0,0,0,0,0,2,1.158184,1,0,-0.692646,1,0,0,0,0,0,1,0,0,2,0,0,0,1,0,0,0,0,2,0,0,0,0,0,-3,0,-1,0,1,3,2,0,0,1,0,0,1,1,0,3,0,0,0,-0.607524,0,0,-0.588944,0,0,0,0,0,1,0,1,0,1,1,1
1,0,0,0,0,0,1,-0.666667,0,0,-1,1,-1,-2,2,0,-0.666667,0,0,0,0,0,2,0,0,0,0,0,0,0,0,0,1.28215,6,0,0,0,1,0,0,1.794732,0,0,-0.677573,0,0,0,0,0,0,-1,1,0,0,0,-1,0,0,1,0,0,1,2,0,0,1,0,1,0,0,-5,0,0,0,0,0,-1,0,0,0,0,1,0,0,0,0,0,-0.56754,0,0,-0.789267,0,0,0,0,0,0,0,0,0,1,1,1
0,-3,0,1,1,-1,1,-0.657143,0,1,0,0,2,0,1,0,-0.831409,0,-1,0,1,0,0,-1,0,0,0,3,0,0,0,-1,1.75828,1,0,0,0,0,0,0,3.124322,0,0,-0.354951,0,0,0,0,4,0,0,0,0,0,1,1,0,0,0,0,0,0,-1,1,0,0,1,2,0,0,1,0,0,0,0,0,1,0,0,0,0,1,0,0,0,0,-1,-0.678855,0,0,0.118834,0,0,0,-1,0,-1,0,0,0,0,1,1
-1,1,-2,0,1,0,0,-0.816894,0,0,0,0,0,-1,0,0,-0.703628,0,0,1,0,-1,0,0,0,-1,0,0,2,0,0,0,1.58663,10,0,0,0,0,0,0,0.888021,2,0,-0.711725,2,0,0,0,0,0,0,0,0,0,0,0,2,0,0,-3,-1,-2,1,0,-1,0,0,0,0,2,0,0,1,2,5,0,0,-1,0,0,1,0,0,0,0,0,0,-0.717191,0,0,-0.516873,0,0,0,0,1,0,-2,0,0,-1,1,1
0,0,0,1,1,0,1,-0.622151,0,0,0,0,0,0,1,0,-0.539837,0,0,0,1,0,0,1,0,0,0,4,0,1,0,0,1.57792,0,0,0,0,0,0,-1,1.31915,0,2,-0.812537,0,-1,0,-1,0,0,-1,0,0,0,1,0,0,0,0,0,0,0,0,0,0,0,0,1,0,-1,1,0,0,0,2,0,1,0,0,1,0,0,0,0,0,0,2,-0.63443,0,0,0.073499,0,0,2,0,0,0,0,0,0,0,1,1
0,0,0,0,0,0,0,-0.744681,0,0,0,0,0,0,0,1,-0.579079,0,0,0,0,0,0,0,0,0,-2,0,0,0,2,0,1.24627,5,0,0,0,0,1,0,2.311703,0,0,-0.761458,0,-2,1,0,0,0,1,0,0,1,0,0,0,0,0,-1,0,0,0,1,0,-3,0,2,0,1,0,0,0,0,0,0,0,0,0,-1,0,0,0,0,0,0,-2,-0.496127,0,0,-0.5,0,0,0,0,0,1,0,-1,3,0,1,1
0,-1,-1,1,0,0,0,-0.744681,0,0,0,0,0,0,0,0,-0.794376,0,0,-1,0,0,1,0,1,0,0,3,0,0,0,0,1.8148,4,1,0,0,0,0,0,1.870813,3,0,-0.13547,0,0,0,0,0,0,1,0,2,0,-1,-2,0,0,-1,1,0,0,0,0,0,2,0,0,0,1,0,0,0,0,0,0,0,-4,0,0,1,1,0,0,0,1,0,-0.571429,0,0,-0.714477,0,0,0,0,0,1,1,0,0,0,1,1
0,-1,0,1,0,0,0,-0.648205,0,0,0,0,1,0,0,1,-0.785714,0,0,0,0,1,0,0,0,0,0,0,0,0,0,0,1.37801,7,0,0,0,0,0,0,2.08696,0,0,-0.893073,0,-1,0,0,0,0,0,0,0,0,0,0,1,0,1,0,0,0,0,0,0,1,0,0,2,0,1,0,0,0,2,0,3,0,0,-2,0,1,0,2,0,0,0,-0.504373,0,0,-0.600758,0,0,0,0,0,0,0,0,0,-1,1,1
0,0,1,0,0,0,3,-0.281535,0,-2,1,0,1,-1,-1,2,-0.771156,0,0,0,2,0,0,0,-1,1,0,0,0,0,1,0,0.81509,9,0,0,0,0,0,0,0.797611,3,0,-0.391997,0,-3,0,0,0,0,0,0,0,0,0,2,-2,0,1,0,0,0,0,0,0,0,0,0,0,0,1,0,1,0,0,0,-1,0,-1,-1,0,0,0,-1,0,0,1,-0.505332,0,0,-0.571643,0,0,3,0,0,1,2,2,3,0,0,1
0,0,1,0,0,0,3,0.302353,0,0,1,0,0,0,0,0,-0.871843,0,0,0,0,0,0,0,1,1,0,-1,1,1,1,0,1.06388,2,1,0,0,1,0,0,0.994746,0,0,-0.76,0,0,1,0,-2,0,0,0,0,0,0,0,-2,0,1,0,0,0,2,1,0,0,2,2,0,0,0,0,0,0,-4,0,0,-1,0,1,0,0,0,0,0,0,2,-0.666667,0,0,-0.688815,1,0,0,0,0,0,0,1,1,0,0,1
0,0,0,0,1,0,0,0.178072,0,-1,0,0,0,0,-1,0,-0.786336,0,0,0,1,0,2,0,-1,1,0,-4,0,0,0,0,1.4205,12,2,0,0,0,0,0,1.036827,0,0,-0.720114,0,1,0,0,-1,0,0,-1,0,-1,0,8,-1,0,2,0,0,0,1,0,0,0,0,0,0,0,0,0,1,0,0,0,0,-1,0,0,0,0,0,0,0,0,0,-0.578979,0,1,-0.773585,0,0,1,0,0,0,0,1,0,1,0,1
1,0,0,1,-1,0,0,-0.293325,0,0,0,0,0,0,0,0,-0.610117,0,-1,0,0,0,0,0,0,0,1,3,0,0,0,1,1.37143,3,0,0,1,2,0,0,0.486737,0,0,-0.728907,0,-1,-1,-1,0,-2,0,0,0,0,0,0,1,0,-3,0,0,0,0,0,1,0,0,0,2,0,0,0,0,3,0,0,-1,0,0,0,0,0,0,0,0,0,0,-0.646953,0,0,-0.64387,0,1,0,0,0,0,0,0,0,0,1,1
0,0,0,1,0,0,0,-0.453336,0,-2,0,0,0,0,2,0,-0.799916,0,-1,0,-1,0,0,0,0,0,1,0,0,3,0,0,1.32835,13,1,1,1,2,-1,0,3.398138,3,2,-0.721634,0,0,0,0,0,0,0,0,0,2,0,0,1,0,1,2,0,0,0,1,0,3,0,0,2,0,0,0,0,0,0,0,-1,0,0,0,0,0,0,0,0,0,0,-0.614259,0,-1,-0.626069,0,0,2,1,-1,0,0,0,0,0,1,1
0,2,0,0,0,5,0,-0.703396,0,0,0,1,1,0,0,0,-0.601424,0,0,0,0,2,-1,0,0,0,1,0,0,0,0,0,1.37754,1,-1,0,2,1,-1,0,1.756623,2,0,-0.805122,0,0,0,-1,0,0,1,0,0,0,1,1,0,0,0,2,0,-1,3,0,0,1,1,0,0,-2,-3,0,0,0,0,0,0,1,0,0,-1,0,0,0,0,-1,0,-0.647684,0,0,-0.611857,3,0,0,0,0,0,1,3,0,0,1,1
0,0,0,1,0,-1,2,0.128445,0,0,0,0,2,0,3,0,-0.515572,-1,0,-1,1,0,0,0,0,0,0,0,0,0,0,0,1.83423,3,-1,-1,0,0,0,0,0.859359,1,0,-0.529482,1,3,0,0,0,1,0,0,-1,0,1,0,0,0,2,0,-2,0,0,-1,0,1,1,0,0,-1,1,0,0,-1,0,0,0,0,0,1,0,0,-1,1,-1,0,-1,-0.483306,0,0,-0.473021,4,0,-1,0,2,0,0,0,0,0,0,1
0,0,0,0,0,0,0,2.47368,-1,1,0,0,0,0,0,0,-0.754949,0,0,1,0,0,-1,2,0,0,0,0,-4,0,0,0,1.45116,2,0,0,0,0,0,0,0.776253,-1,0,-0.703218,0,1,0,0,1,-1,0,0,0,-1,0,0,0,0,0,0,0,0,0,2,0,1,1,0,0,0,0,0,0,3,0,0,0,0,0,1,1,1,0,1,0,0,0,-0.260192,-1,0,-0.690692,0,0,0,0,0,0,0,0,0,0,0,1
0,1,0,0,0,0,0,4.986396,0,1,1,0,1,-1,0,1,-0.600581,0,-1,1,4,0,0,0,0,1,0,0,1,0,0,-1,2.14851,6,0,0,0,4,0,2,0.714286,0,0,-0.570618,0,1,0,1,0,1,0,0,1,0,0,0,0,0,-2,-1,0,0,-3,0,0,1,1,0,0,0,0,0,2,0,-1,0,0,0,0,0,0,1,-1,1,0,2,0,0.825211,0,0,-0.690165,0,0,0,-1,0,0,-1,1,1,1,0,1
0,0,0,0,0,0,0,-0.503442,0,0,1,0,0,0,0,0,-0.397194,0,0,0,0,0,0,1,0,0,3,0,0,0,0,0,1.10674,0,0,0,0,0,0,0,0.251501,2,0,-0.647998,0,0,0,0,0,0,0,0,2,0,0,0,-1,0,0,0,0,0,-1,0,0,0,0,0,0,0,-2,0,0,-3,0,0,0,-1,0,0,0,0,0,1,0,0,0,-0.738086,0,1,-0.715622,0,0,0,0,0,3,0,1,1,0,0,1
1,0,0,-1,0,0,0,-0.717099,0,0,-1,0,0,0,0,1,-0.694567,0,0,0,0,1,0,0,1,0,0,-1,0,0,0,0,0.95091,0,0,1,2,0,1,-1,0.450553,2,0,-0.474997,0,0,0,0,0,0,0,0,0,0,-1,0,0,0,-2,0,0,0,0,0,0,0,0,-1,0,0,1,0,0,0,0,0,1,0,1,0,0,1,0,0,0,0,0,-0.692308,0,0,0.080615,1,0,-1,0,0,-1,0,0,0,0,0,1
0,0,0,0,0,2,0,-0.743807,2,0,1,0,0,1,0,1,-0.320724,-1,0,1,0,0,0,1,0,0,-1,2,0,1,0,2,1.11357,3,-1,0,-3,0,0,1,1.25,0,0,-0.621789,0,1,0,0,0,0,0,0,-1,0,0,1,0,0,-1,3,0,0,0,-1,0,0,1,0,0,-1,0,-1,0,0,-1,0,-3,0,0,0,0,0,1,2,0,1,0,-0.544504,0,0,-0.539146,0,0,0,-1,1,0,0,0,0,0,0,1
1,2,1,-1,0,1,1,-0.450249,0,1,0,0,0,-1,0,0,-0.568969,0,-1,1,0,0,0,0,1,0,0,0,0,0,0,0,0.71429,3,0,0,0,0,0,0,2.177029,0,0,-0.746381,1,0,-1,-1,0,-1,0,1,2,0,0,0,0,0,0,0,0,1,0,0,1,0,0,1,-1,0,2,0,0,-1,0,0,-1,0,0,0,1,0,0,0,0,0,0,-0.636364,0,0,-0.159571,0,0,0,0,0,0,0,0,0,-1,1,1
0,0,1,-1,0,0,0,-0.185583,1,0,-1,0,0,0,0,0,-0.595906,0,1,0,0,0,0,0,1,0,0,2,0,0,0,0,0.5787,6,0,0,2,2,0,0,1.861624,3,0,-0.52,0,1,0,0,-1,0,0,0,0,0,0,0,0,-2,0,-1,0,1,0,0,1,0,0,0,0,0,0,0,0,0,0,0,3,1,0,1,0,1,0,0,0,0,0,-0.642606,0,0,-0.500751,-5,0,0,0,0,0,0,1,0,0,1,1
0,0,0,0,0,0,2,-0.490991,1,0,0,3,-3,0,0,0,-0.701761,0,0,2,4,0,0,1,0,0,0,0,0,0,0,0,1.03845,2,0,0,1,0,0,0,1.928831,0,0,-0.53142,0,0,0,0,0,1,0,0,0,0,0,0,0,0,0,0,0,1,0,0,1,-1,-3,0,0,0,1,0,0,0,0,0,0,1,0,0,1,0,0,0,1,0,0,-0.625908,0,0,2.530771,0,0,0,0,0,0,0,0,0,0,1,1
0,-1,0,0,0,0,1,-0.684211,0,0,1,1,0,0,0,3,-0.723174,0,0,1,-2,1,0,0,0,0,0,0,0,0,-1,0,1.25714,5,0,0,0,0,-1,0,2.080654,0,0,-0.382748,0,-3,0,1,0,0,0,0,0,3,2,0,0,0,0,0,0,0,0,0,0,1,1,-1,0,0,1,1,0,0,-1,0,0,-1,1,0,0,1,0,0,0,0,0,-0.472174,0,1,-0.2947,0,0,0,1,0,0,0,0,0,0,1,1
1,0,0,0,0,-1,0,-0.684211,0,0,0,1,0,-1,0,1,-0.723716,-1,0,0,0,1,0,0,0,1,-1,0,2,0,0,0,1.21156,7,0,-1,-1,0,0,0,2.119552,0,1,-0.847063,0,0,0,0,1,0,0,0,0,0,0,0,1,0,-1,0,0,1,-2,0,-2,0,0,0,0,0,0,0,0,0,0,0,0,0,0,0,-1,0,0,0,0,5,0,-0.667787,0,0,-0.040238,0,0,2,0,1,0,0,0,0,0,1,1
0,1,0,0,0,2,0,-0.684211,0,0,0,-2,0,0,0,1,-0.721212,0,1,0,3,1,0,0,0,0,0,0,0,2,0,0,0.8176,6,0,0,0,0,0,0,0.545455,0,0,-0.670716,-1,0,0,0,1,1,0,0,0,0,1,0,0,0,2,0,0,0,0,0,0,0,3,0,0,-1,1,0,1,0,2,0,0,2,0,0,0,0,-1,-2,0,0,0,-0.245207,0,0,-0.730875,0,0,0,0,0,2,1,0,0,0,1,1
0,0,0,0,1,1,0,0.8622,0,0,0,0,0,-2,-1,-1,-0.683474,0,0,0,0,0,0,0,0,0,0,0,3,2,0,0,2.51946,7,0,2,0,0,0,0,1.487802,0,0,-0.845263,0,1,1,0,1,0,0,1,0,-2,0,0,6,0,0,0,0,0,0,0,0,-2,-1,2,0,0,-1,2,1,0,0,0,0,1,0,1,0,-3,1,0,0,2,0,1.817262,0,0,0.102504,0,0,0,0,0,0,-1,0,0,0,0,1
3,0,0,0,0,0,-2,-0.742163,0,0,1,1,1,0,1,1,-0.853242,0,0,0,1,0,2,1,0,0,0,0,0,0,0,0,0.88598,8,0,0,2,-2,0,0,1.946184,0,0,-0.329577,4,1,0,-1,0,0,-1,0,0,0,0,1,0,0,0,0,0,0,0,0,0,0,-1,1,0,2,-1,2,0,0,2,0,0,2,0,0,0,0,0,0,-1,-1,2,-0.744752,0,0,-0.566179,0,0,0,0,0,0,0,-3,0,0,0,1
0,0,0,0,1,0,0,-0.704612,0,0,1,0,1,0,1,0,-0.297851,0,0,1,0,0,0,0,0,0,0,0,0,0,0,0,2.33974,8,0,0,0,0,0,0,3.095594,-1,0,-0.833333,0,0,0,0,1,-1,0,0,0,0,0,1,0,1,4,5,0,0,0,0,-1,-2,0,0,0,0,1,-1,1,0,-1,0,0,0,0,0,0,-1,0,1,0,1,0,-0.630852,3,0,-0.524092,0,0,3,0,0,1,0,0,1,-1,0,1
0,0,0,0,0,0,2,-0.516115,0,0,0,0,0,2,2,0,-0.656854,1,-1,0,0,0,0,0,0,0,0,0,0,0,0,0,1.60525,10,1,0,1,0,0,0,0.591624,0,0,-0.775228,2,0,0,0,0,0,0,0,0,-1,0,0,-1,1,-1,0,0,-1,0,2,1,0,0,1,-3,0,0,0,0,0,0,0,0,0,0,0,0,0,0,0,0,0,0,-0.631796,0,1,-0.413801,0,2,2,0,0,0,0,0,-1,0,1,1
0,0,0,0,0,1,0,-0.655697,0,0,1,0,0,0,0,0,-0.611541,1,0,0,1,0,2,0,0,0,1,0,2,0,0,0,1.7612,4,0,0,1,0,0,0,3.11879,0,0,-0.793189,0,0,0,0,0,0,1,0,0,0,0,-1,-3,0,0,0,1,0,0,1,1,0,1,0,-2,0,0,0,0,0,0,0,0,1,0,1,0,0,0,0,0,0,0,-0.140859,0,0,-0.212457,0,0,0,2,0,1,3,0,0,0,1,1
-1,0,-1,0,0,0,0,-0.681898,0,0,0,1,0,0,0,0,-0.602587,1,0,0,0,0,0,0,0,0,0,0,0,0,0,0,1.65216,0,0,0,0,0,0,0,1.025822,2,0,-0.788918,0,-1,0,0,0,0,1,0,0,0,0,0,0,1,0,0,1,0,0,0,0,1,0,-1,0,0,0,1,-1,0,2,0,1,1,-1,0,0,0,0,0,0,0,0,-0.639392,0,1,-0.418305,0,1,2,3,1,0,0,0,-1,1,1,1
0,0,0,0,0,1,0,-0.708522,0,0,0,0,0,0,0,0,-0.893929,0,0,0,0,0,-1,0,0,0,0,2,-1,2,0,0,1.58203,6,0,0,0,0,0,0,0.451613,0,0,-0.702521,0,1,0,0,2,-1,0,0,0,0,2,0,0,0,0,0,0,1,1,0,0,0,-2,-3,-3,0,2,0,0,0,-1,0,0,0,-1,0,-1,0,0,1,0,0,0,-0.137725,0,0,0.100639,0,0,0,0,0,0,0,0,0,2,0,1
0,0,-1,-3,0,0,0,-0.712031,2,0,0,0,0,0,0,0,5.903777,0,1,0,0,1,0,0,0,1,0,0,0,0,0,0,0.88571,0,0,1,0,0,0,0,0.451613,0,0,-0.598499,0,-2,0,0,2,0,0,0,0,0,0,-1,1,0,0,0,0,0,0,0,0,0,0,0,0,0,0,-2,2,1,0,0,0,2,0,0,0,0,0,1,0,0,0,-0.501271,0,0,0.151524,0,0,0,0,0,0,0,0,0,0,0,1
0,0,0,0,0,0,0,-0.760951,1,0,0,0,0,-1,0,0,-0.73645,0,0,0,0,0,0,-3,0,0,0,2,0,0,-2,0,0.88571,3,-1,0,1,1,0,0,0.35796,4,0,-0.630517,0,1,0,0,0,0,0,0,0,-2,1,0,0,0,0,0,0,0,0,0,-1,0,0,0,0,1,1,0,0,0,0,0,0,2,0,0,0,0,0,0,0,-1,0,-0.137095,0,0,-0.476074,2,0,-1,0,0,1,0,0,0,1,0,1
0,0,0,1,0,0,-1,-0.494109,0,0,0,0,0,0,0,0,2.404801,0,0,1,1,0,2,-1,-1,1,0,0,0,0,0,0,0.89675,0,0,0,0,1,1,0,0.529412,0,0,-0.749027,-4,-1,0,0,0,0,0,0,0,0,1,0,2,0,-1,0,0,0,0,2,1,0,0,0,0,-1,1,0,0,0,0,0,0,-2,0,0,0,0,0,0,0,0,0,-0.692308,0,0,-0.910782,5,0,-1,0,0,1,-1,0,0,1,0,1
0,1,1,1,1,0,3,-0.672908,0,1,0,-1,0,0,0,-1,-0.6,0,1,2,1,0,0,0,0,0,1,0,0,2,2,0,2.39398,4,0,0,0,1,0,0,2.362087,0,0,-0.157004,-1,2,0,0,1,0,0,0,0,0,0,0,1,0,0,1,0,0,0,0,0,1,0,0,0,0,1,0,-1,0,0,0,1,0,0,0,0,0,1,0,-1,-1,2,-0.924201,0,0,-0.828571,0,0,-1,0,0,0,0,0,-1,-2,0,1
0,0,0,0,0,0,0,-0.733333,0,0,1,0,0,0,0,0,-0.806137,0,-1,0,1,0,0,0,0,0,0,-1,0,0,-1,0,0.84352,4,-1,0,0,1,0,0,0.529412,2,-1,-0.475642,0,0,0,0,-1,0,1,0,0,0,0,0,0,0,0,0,0,0,0,0,0,0,0,0,0,0,1,0,0,0,0,-1,0,0,0,0,0,0,0,0,0,0,0,-0.433502,1,0,-0.828571,0,0,0,0,1,1,-1,0,-1,0,0,1
0,-1,0,1,0,4,0,-0.697348,0,1,0,0,0,0,1,0,-0.822584,0,0,0,1,1,0,0,0,0,0,3,-1,0,0,4,1.34988,7,1,0,0,1,-1,0,1.430644,0,0,-0.731863,0,0,0,0,0,1,0,0,0,0,0,2,2,0,0,1,1,0,0,0,0,1,0,1,-2,0,1,0,-1,0,0,0,1,0,0,0,0,0,0,1,0,0,0,-0.419254,1,1,-0.058248,0,1,0,0,0,-1,0,0,0,0,0,1
0,0,0,1,0,2,-3,-0.33984,0,1,0,0,-1,-1,0,2,-0.828266,0,-3,0,0,1,1,0,0,-1,0,0,1,0,0,0,1.16314,6,0,0,0,1,-1,0,0.646432,0,0,-0.702142,0,0,0,0,0,0,0,0,0,0,0,0,-1,-1,-1,0,0,0,-4,0,0,1,0,-2,2,0,1,0,2,2,0,0,0,-1,0,0,0,0,0,1,0,0,0,-0.503049,0,1,-0.621898,2,1,0,0,2,-1,-2,2,0,0,0,1
0,0,0,1,0,0,0,-0.376625,0,0,0,0,0,-1,-1,1,-0.79661,0,0,1,1,1,0,0,0,0,0,0,0,-1,0,0,2.58,1,0,-1,1,0,0,0,0.778039,-2,0,-0.836168,1,0,0,0,0,0,0,0,0,0,1,-1,2,0,0,0,0,0,-1,0,0,0,0,0,0,0,0,1,0,0,-2,0,0,-3,0,0,-1,0,0,1,0,0,-1,-0.681574,0,0,-0.842219,0,0,0,0,1,0,0,0,2,1,0,1
